01-30-21_Ganesh_4K+Depth.alligator_above_blue_wagon.0000000008 [ 57.093547 267.89626 132.292798 1227.611555 266.788173 2383.779228 338.526936 2733.897066 335.557984 2700.098084 288.766442 2633.107561 -51.153578 209.628219 -87.104158 1042.5696 -132.243853 1456.009501 -157.822058 1643.632784 -149.408343 1494.445728 -128.562983 1486.297693 932.783978 177.00723 0.0 0.0 0.0 0.0 0.0 0.0 0.0 0.0 0.0 0.0 0.0 0.0 0.0 0.0 0.0 0.0 0.0 0.0 0.0 0.0 0.0 0.0 0.0 0.0 0.0 0.0
55.300232 270.841886 126.62342 1185.94561 252.054225 2367.598782 318.55525 2688.367801 318.979647 2647.629604 273.623749 2582.048338 -51.205728 220.538862 -93.492268 1086.96701 -129.773801 1465.578687 -149.310148 1664.659393 -137.812463 1478.938118 -119.138184 1466.172938 876.121914 168.952105 -0.014308 0.008053 -0.062077 -0.359673 -0.209248 -0.027551 -0.303585 -0.191152 -0.209984 -0.2574 -0.2039 -0.249955 -1.3e-05 0.13839 -0.113016 0.462858 0.011643 0.015671 0.117973 0.06682 0.234174 -0.04044 0.179367 -0.068588 -0.887657 -0.093788
53.520706 254.021519 123.179042 1149.075342 239.22182 2272.276681 301.127376 2626.060814 298.148695 2590.144444 254.995327 2518.328521 -51.858279 225.260715 -92.395528 1083.035622 -125.22891 1425.258695 -143.951164 1621.460778 -129.73157 1433.647711 -111.134567 1420.028567 821.22133 169.778843 -0.014551 -0.269592 -0.023747 -0.291111 -0.167623 -0.979257 -0.245118 -0.36526 -0.351671 -0.315463 -0.328333 -0.398046 -0.002066 0.025007 0.003235 -0.003561 0.040505 -0.281195 0.048968 -0.283952 0.122065 -0.352152 0.139133 -0.3689 -0.888112 0.001009
52.900871 253.708026 128.569741 1140.623517 255.077759 2272.348282 318.076281 2623.748496 313.699637 2587.591485 268.724387 2517.255415 -53.23534 230.686014 -92.359723 1083.00463 -126.478588 1422.004472 -146.446043 1613.281423 -134.012881 1431.394913 -114.057222 1418.968157 857.784667 169.900642 -0.001805 -9.7e-05 0.057722 -0.015599 0.254376 1e-06 0.232007 -0.000509 0.197656 -0.000629 0.179981 -0.000114 -0.009022 0.032279 3e-06 -0.0 -0.003102 -0.00186 -0.010717 -0.010341 -0.034751 -0.000886 -0.018967 -0.000198 0.398163 2.2e-05
52.108606 249.853517 127.119697 1125.148019 258.919163 2261.327477 324.484292 2609.29462 323.260802 2583.657153 278.040166 2517.528455 -51.607484 230.259274 -89.39164 1077.966425 -122.786407 1423.696339 -143.280792 1617.519536 -129.203724 1433.572559 -110.315952 1420.364378 861.201602 168.146706 -0.002989 -0.014752 -0.004112 -0.05285 0.014355 -0.013395 0.031953 -0.019961 0.071764 -0.001497 0.079367 7e-06 0.012638 -0.000198 0.024237 -0.005873 0.027346 0.000503 0.017291 0.00278 0.043937 0.000828 0.031194 0.000343 0.003396 -0.00455
51.791813 250.54167 124.723893 1124.588675 249.289767 2213.851905 314.564844 2583.334805 313.352832 2537.013088 269.008991 2461.544001 -54.033245 231.087416 -90.75852 1087.485273 -127.031139 1445.648204 -148.82446 1652.681859 -135.492938 1457.98797 -115.183843 1438.799964 860.948165 148.47818 -0.000483 0.000473 -0.011396 -7e-05 -0.091236 -0.251833 -0.07699 -0.064892 -0.077106 -0.212444 -0.074552 -0.314753 -0.027854 0.000743 -0.005186 0.020921 -0.036064 0.083972 -0.05261 0.189044 -0.074727 0.10308 -0.052548 0.059436 -1.9e-05 -0.611488
57.620434 259.447991 120.027042 1170.59038 209.806119 2291.505629 269.92657 2749.690069 294.71844 2658.465519 247.96478 2539.772871 -52.571129 230.547615 -86.645492 1073.62439 -125.725524 1444.094415 -148.946936 1653.561568 -136.550969 1452.460456 -113.801658 1432.332047 832.487996 180.879644 0.155362 0.077775 -0.045071 0.461047 -1.701008 0.669264 -1.707031 2.595226 -0.285593 1.419764 -0.428496 0.611852 0.010027 -0.000316 0.047686 -0.044451 0.003372 -0.000418 -2.5e-05 0.000117 -0.002057 -0.005249 0.004172 -0.007285 -0.23917 1.597666
57.205745 261.155405 123.81957 1189.714781 212.017267 2391.157173 273.776791 2900.114067 292.481976 2829.367473 246.327777 2686.048595 -53.130757 230.386006 -88.125531 1076.046912 -126.120818 1445.81614 -148.984983 1654.384053 -136.364647 1453.538531 -113.766053 1434.052165 828.26721 226.999378 -0.000749 0.0028 0.029494 0.077479 0.005795 1.06046 0.013633 2.002847 -0.004259 2.661758 -0.002711 2.0476 -0.001481 -2.8e-05 -0.006267 0.001365 -0.00031 0.000513 -2e-06 0.000102 6.4e-05 0.0002 3e-06 0.000516 -0.005364 2.615815
51.17562 250.862263 114.168903 1127.419606 254.367145 2055.665748 323.182361 2273.759208 333.954227 2249.64954 285.322482 2231.673724 -52.55164 233.208965 -94.847997 1053.611429 -132.051863 1412.72312 -155.136119 1603.387382 -141.38897 1423.044205 -121.011375 1409.724039 909.934702 94.229974 -0.167882 -0.103472 -0.195753 -0.837541 1.926763 -12.673668 2.047966 -38.053549 1.374311 -33.192904 1.431992 -21.036064 0.001587 0.008595 -0.123534 -0.11818 -0.068136 -0.191564 -0.062213 -0.399172 -0.045447 -0.161638 -0.111823 -0.104064 1.919588 -28.721947
50.188293 238.682817 109.5129 1078.565339 263.77828 1803.908413 332.493849 1935.359854 352.698885 1874.961735 303.67531 1886.4189 -51.012271 234.383002 -92.923553 1068.888088 -127.417445 1378.090844 -146.926537 1559.159254 -134.625477 1376.528249 -116.159009 1361.800386 923.132833 38.430511 -0.004809 -0.15153 -0.048463 -0.541035 0.085475 -8.219731 0.066121 -13.625151 0.255899 -17.053945 0.286001 -14.49835 0.011441 0.001474 0.009862 0.054977 0.041391 -0.214891 0.111582 -0.30928 0.082879 -0.386467 0.049643 -0.414366 0.047514 -12.305908
48.680578 236.239447 101.916131 1063.432067 250.697364 1583.586708 314.801689 1695.885158 340.546499 1580.755421 290.862821 1582.209867 -52.476311 230.409891 -95.147592 1075.916503 -124.87258 1363.141131 -144.424757 1525.745032 -131.894648 1311.003782 -114.105479 1295.682763 896.31028 12.609096 -0.011497 -0.006285 -0.136522 -0.053459 -0.166323 -7.172423 -0.24183 -7.905088 -0.106522 -12.546567 -0.138073 -13.365769 -0.010356 -0.016982 -0.013151 0.011516 0.012835 -0.040766 0.010741 -0.180969 0.013991 -0.798892 0.009157 -0.822624 -0.197722 -7.013524
50.079156 233.797802 94.703046 1070.770001 222.960371 1428.090891 277.192041 1457.94359 304.800418 1307.701086 258.595857 1325.292568 -54.405644 229.212561 -99.164356 1084.039781 -147.146545 1400.139428 -169.681543 1574.087914 -168.518368 1368.380396 -147.389944 1348.408865 926.5934 -0.688031 0.009903 -0.006342 -0.132353 0.012615 -0.812825 -4.016878 -1.195888 -8.988596 -0.990757 -12.935281 -0.948257 -11.37331 -0.017415 -0.00156 -0.041521 0.015275 -0.913472 0.247701 -1.017076 0.376984 -2.240778 0.614405 -2.126958 0.525761 0.251558 -19.187948
54.769088 223.011282 99.360205 1145.448619 219.933296 1203.122259 266.986427 1194.228461 295.677804 1000.925481 249.690833 1026.7988 -56.976914 216.212114 -106.083094 1115.876103 -129.428892 1253.946959 -144.284466 1360.858475 -139.303942 1116.793382 -120.280086 1106.603091 840.883625 -3.172147 0.104944 -0.127367 0.05589 1.258558 -0.010345 -9.635046 -0.095707 -13.143647 -0.0693 -20.473304 -0.078013 -19.017157 -0.029683 -0.18976 -0.116646 0.230373 0.568087 -4.029348 1.028885 -7.75601 1.38946 -12.767525 1.376394 -11.937321 -2.079373 -0.905497
54.768559 215.835411 107.33311 1081.822541 207.598317 963.039897 238.203477 991.579063 251.353318 784.444172 214.794706 797.185627 -57.14053 218.545488 -105.673828 1158.520611 -113.18591 1159.400045 -108.515368 1234.673114 -105.927586 970.392393 -93.775862 963.52643 683.625816 -9.879652 -0.0 -0.058673 0.153829 -0.908983 -0.177979 -13.345641 -0.820614 -9.414234 -1.798705 -13.173095 -1.312703 -14.510199 -0.000117 0.006262 0.000395 0.399823 0.544342 -1.852728 2.54331 -3.069153 2.281901 -5.140816 1.647203 -4.950279 -8.132503 -1.855423
54.905211 218.792545 112.84374 1207.334647 170.022019 844.850685 170.309705 806.760828 171.203699 563.318616 148.936824 591.456187 -60.06816 230.049488 -102.246447 1272.264093 -83.760052 1097.642255 -72.120676 1127.216678 -68.92766 839.190113 -60.428054 842.8948 457.393141 -27.399405 8.5e-05 0.01006 0.068971 3.443439 -1.874225 -3.867393 -5.681386 -9.522241 -7.670923 -18.263626 -6.011856 -15.324121 -0.036569 0.147531 0.028251 2.662652 2.210678 -0.845075 3.7044 -2.445683 3.959481 -4.762624 3.649038 -4.032351 -22.652721 -4.373338
56.015712 233.100842 125.523702 1426.892605 110.913685 752.879488 86.734508 646.233429 93.110957 425.035345 83.868588 475.191252 -58.45722 246.206459 -101.970775 1363.498099 -67.179485 1087.029698 -53.082369 1097.793921 -48.905032 807.775243 -42.854481 815.175788 276.976641 -60.918052 0.005559 0.226579 0.337494 9.165821 -6.288522 -2.649296 -13.966213 -8.894792 -11.799783 -9.721605 -9.278043 -6.355392 0.010948 0.274141 0.000186 1.579456 0.913444 -0.025777 1.455943 -0.194547 1.713625 -0.299637 1.506056 -0.231714 -22.50683 -6.607766
59.009852 234.620135 127.925251 1506.491608 66.637475 728.747577 39.610611 615.503481 47.496318 391.790134 44.012367 444.448795 -58.321767 247.366791 -101.26376 1393.842322 -54.17218 1058.926046 -38.495608 1061.42068 -35.950167 770.803538 -31.360795 779.943925 166.090312 -63.515474 0.038976 0.002468 0.011378 1.08018 -5.609217 -0.196537 -9.117019 -0.374274 -7.604604 -0.676829 -6.369555 -0.513985 7.9e-05 0.001364 0.00123 0.166972 0.69912 -0.184032 1.169171 -0.306386 0.994742 -0.433014 0.895413 -0.389136 -14.100116 -0.027112
58.797774 230.335979 134.426444 1446.000404 48.324333 658.623392 23.190714 555.960454 26.422976 356.641932 24.656802 408.20349 -59.152014 246.993543 -96.11897 1397.465 -36.746628 1010.270082 -22.403115 1005.8913 -21.13928 728.2947 -18.628955 739.34779 94.830119 -65.641917 -0.000191 -0.019738 0.080564 -0.619743 -1.467993 -1.773335 -2.18455 -1.514201 -3.067503 -0.825778 -2.784293 -0.770722 -0.002934 -0.000141 0.067061 0.002351 1.68552 -0.572138 2.164694 -0.745913 1.954679 -0.602817 1.648511 -0.54247 -9.919522 -0.017506
58.175469 221.167508 125.488445 1388.122527 26.40625 614.073768 9.002951 529.303102 10.491081 351.326617 9.847267 398.463869 -56.532056 247.269211 -82.171131 1341.080933 -15.059882 1008.102212 -5.032187 1038.452601 -3.541751 774.505844 -3.587959 779.089883 26.224108 -82.559691 -0.001655 -0.0931 -0.153726 -0.591047 -3.286495 -0.779949 -3.294886 -0.327442 -3.615073 -0.019954 -3.339852 -0.0588 0.029672 7.7e-05 0.546415 -0.580509 4.757604 -0.001164 6.199798 0.259327 7.375533 0.710665 5.865776 0.520174 -21.317869 -0.96878
52.594815 220.042654 113.900427 1254.875825 6.968294 674.970398 0.001197 635.266698 -0.001887 451.838559 0.047134 490.169406 -59.012782 240.072745 -75.814579 1301.10862 -1.595851 956.093143 0.563322 984.580067 1.660164 747.615147 0.956738 762.197454 -1.773993 -37.040095 -0.140667 -0.001434 -0.280633 -3.360952 -6.244744 1.439233 -8.796547 4.830806 -10.774371 6.314092 -8.531841 4.744599 -0.026633 -0.053137 0.12793 -0.302377 6.850975 -0.688683 8.962846 -0.717429 10.051612 -0.237552 8.250228 -0.092573 -41.639421 9.001074
50.794028 214.33101 107.274207 1236.84804 1.980011 667.29794 -1.560032 682.253834 -1.638051 507.678585 -0.668499 539.229975 -60.581517 216.39787 -41.019163 1194.589776 0.357734 423.223155 6.672182 314.790691 3.306039 224.263015 2.933334 269.747785 -9.598319 57.097825 -0.015684 -0.037553 -0.09928 -0.065217 -1.519362 -0.021928 -1.647647 0.838125 -1.528744 1.62621 -1.070649 1.169764 -0.010289 -0.614363 5.301674 -2.2742 3.46473 -107.088714 3.358089 -185.93169 0.280665 -152.946109 0.53959 -125.080144 -3.119469 186.114197
49.576959 211.670165 96.575199 1222.584539 2.052695 720.773353 -1.152077 745.654061 -1.157009 551.724226 -0.449656 573.820438 -59.603455 206.277957 -18.285233 1139.244804 0.744745 321.334373 5.359817 211.417717 1.19624 148.952828 1.256499 184.433733 -4.706169 127.332886 -0.007379 -0.00831 -0.280962 -0.041361 0.000655 1.030452 0.030858 1.408204 0.041706 0.916015 0.021625 0.537617 0.00398 -0.121165 4.530498 -0.656323 0.07016 -7.004419 -0.071786 -10.253645 -0.524935 -7.67728 -0.350181 -8.084708 0.862567 13.897068
47.327391 202.14236 96.330042 1146.366467 2.566423 744.96249 -0.776326 790.754634 -1.233959 585.659106 -0.458537 598.131666 -58.010513 204.47945 -16.052465 1157.41905 0.46907 346.211559 4.290741 237.203371 0.635547 164.402364 0.766328 198.189334 -3.640651 129.469038 -0.026115 -0.109701 -0.000156 -1.226429 0.028657 0.199611 0.036962 0.662096 -0.001239 0.506352 -4.3e-05 0.252186 0.010788 -0.003937 0.072668 0.07191 -0.031719 0.463705 -0.059398 0.741661 -0.087921 0.381091 -0.060288 0.247342 0.068289 0.008885
47.325751 200.11244 92.030872 1159.156716 2.96679 763.944887 -0.357093 794.244101 -0.49923 587.013489 -0.119118 599.938871 -56.329851 201.23298 -14.709683 1137.964843 0.389065 296.402148 3.811159 187.514134 0.421974 130.578785 0.538749 163.451871 -1.839164 163.872099 -0.0 -0.005122 -0.049069 0.035478 0.014504 0.119406 0.080384 0.003841 0.163438 0.000782 0.110236 0.001363 0.012352 -0.012989 0.02932 -0.082442 -0.003738 -1.933288 -0.014207 -2.916677 -0.021791 -1.945582 -0.019996 -1.67222 0.304584 2.024381
44.988816 192.928076 90.203175 1148.951894 3.020084 776.457315 -0.39228 811.96258 -0.506263 597.05139 -0.10922 610.56125 -56.851143 196.812233 -13.031799 1123.875604 1.263163 320.594676 6.734311 220.220849 1.450338 154.311005 1.542564 186.253109 -3.670372 144.298642 -0.029584 -0.065667 -0.009166 -0.022559 0.000237 0.050819 -0.000827 0.097732 -2.5e-05 0.042549 0.000215 0.046608 -0.0012 -0.024549 0.050788 -0.043882 0.250155 0.474479 0.413238 1.313912 0.307697 0.990205 0.258068 0.744127 -0.313224 -0.622232
43.267318 192.641481 88.192185 1150.142806 2.681291 787.783853 -0.526253 835.363515 -0.687304 626.198627 -0.205761 636.476328 -58.778991 197.510738 -15.739943 1115.784117 1.001656 274.852739 6.064965 169.691093 1.28461 120.66313 1.368964 153.7066 -3.851187 197.101495 -0.016791 -0.000107 -0.011335 0.000308 -0.010075 0.041008 -0.009823 0.166218 -0.01381 0.347305 -0.01516 0.269304 -0.016072 0.000619 -0.127736 -0.014617 -0.015148 -1.759535 -0.017514 -3.288008 -0.005026 -2.066467 -0.00518 -1.561529 -0.002174 4.108109
42.609597 192.305667 86.861674 1147.158909 2.241314 783.496738 -0.835208 819.711562 -1.022414 610.757148 -0.369516 625.715311 -60.035689 198.89574 -16.841522 1112.001054 0.834712 287.134388 5.781988 183.908923 1.209575 128.705826 1.279858 162.254021 -4.456119 178.720598 -0.002519 -0.000146 -0.005056 -0.001938 -0.019702 -0.005849 -0.035519 -0.074011 -0.033163 -0.096385 -0.023799 -0.045873 -0.006646 0.00242 -0.018628 -0.003212 -0.007604 0.134217 -0.00338 0.285957 -0.001129 0.129731 -0.001499 0.115634 -0.022055 -0.44976
41.912139 192.180298 87.167364 1135.973726 2.178264 780.104734 -0.865486 818.250241 -1.123979 609.489372 -0.436347 624.649872 -61.059792 198.879685 -16.697561 1114.649937 0.798242 289.22444 5.591219 183.891707 1.012038 129.597862 1.065887 162.998394 -4.2691 176.989308 -0.002878 -2e-05 0.000268 -0.027399 -0.00045 -0.003679 -0.00027 -0.000652 -0.002404 -0.000659 -0.002776 -0.000454 -0.00433 -0.0 0.000309 0.001576 -0.000407 0.00379 -0.0016 -0.0 -0.0088 0.00154 -0.009779 0.000852 0.002005 -0.004213
44.915524 193.061142 88.287144 1143.825076 2.929333 767.783633 -0.524676 809.376232 -0.572115 604.698612 -0.130288 615.443002 -57.405089 199.530568 -16.321454 1114.728941 0.830155 293.986858 5.930903 191.127393 1.371992 134.951409 1.410603 168.693824 -3.716041 168.318489 0.051959 0.001007 0.003573 0.01352 0.055524 -0.049038 0.042424 -0.024191 0.092292 -0.009451 0.089767 -0.034178 0.056388 0.000532 0.002142 1e-06 0.000313 0.019445 0.005008 0.06981 0.027331 0.054174 0.024109 0.048901 0.019176 -0.108881
43.965245 199.518023 88.151104 1083.582966 2.955159 644.192682 -0.516582 617.490751 -0.505013 437.978748 -0.111887 471.187826 -58.370711 205.469 -23.068741 1060.86382 0.98013 383.481701 7.678485 300.307615 3.899518 207.140142 3.40971 243.183699 -7.21117 42.713777 -0.00508 0.053103 -5.2e-05 -0.814798 5.7e-05 -5.419387 3.1e-05 -12.961276 0.002092 -13.415215 0.0007 -9.617829 -0.004027 0.043539 -0.582186 -0.666921 0.006223 5.937233 0.11267 12.28154 0.64545 7.703429 0.434086 6.791912 -0.574046 -41.45021
44.613081 192.558844 85.90661 1094.52359 3.854054 620.42644 -0.005958 584.975005 0.027538 391.802286 0.016396 424.882983 -58.561901 204.181586 -33.489749 1099.905686 -0.172455 623.261798 1.622139 558.929817 0.622058 378.820886 0.692081 408.328019 -0.387832 0.109346 0.002369 -0.061766 -0.014472 0.027478 0.059593 -0.223342 0.411585 -0.439708 0.768406 -1.285833 0.213947 -1.197211 -0.000156 -0.002023 -0.968335 0.352743 -1.974848 28.971553 -2.242135 39.845266 -1.406627 25.71461 -1.029466 21.277736 4.254322 -38.500823
47.693286 193.64786 86.382928 1110.823107 7.374966 616.396824 0.63124 576.82589 1.328759 383.521971 1.008612 416.290221 -54.955748 208.232681 -35.09132 1132.057489 -1.237769 639.38079 0.180847 561.827686 0.00043 384.771277 0.037789 417.657537 1.281369 -0.001016 0.051407 0.001535 0.000658 0.060235 0.566278 -0.006564 0.759851 -0.02858 0.973721 -0.044217 0.76781 -0.04389 0.057293 0.019897 -0.018703 0.231588 -0.48619 0.102892 -0.719733 0.003746 -0.589769 0.023185 -0.406431 0.05269 3.079102 -0.131439
46.792892 172.274215 84.187782 1122.569959 9.22525 603.09062 0.719672 555.982098 1.532365 365.2674 1.308622 397.977032 -58.283401 206.210419 -32.64737 1154.339654 -1.110252 656.651897 0.168836 569.192022 -0.049987 387.472833 -4.4e-05 419.217942 2.135878 -0.327595 -0.00429 -0.624755 -0.014126 0.030892 0.10344 -0.072596 0.002898 -0.19178 0.007254 -0.222545 0.019503 -0.205961 -0.048904 -0.004934 0.044102 0.108578 0.003465 0.115084 -0.000206 0.023976 -0.059692 0.004725 -0.040401 0.001455 0.108563 -0.292128
47.137729 161.845126 88.679841 1085.85661 10.559148 580.230943 1.095891 540.033606 1.903617 347.906592 1.710054 377.651824 -60.560735 201.204487 -32.062363 1188.578141 -0.709931 646.003288 0.427849 559.00831 -0.021318 378.559792 0.005107 406.303585 2.327834 -0.646993 0.000633 -0.162805 0.058374 -0.305186 0.045018 -0.220825 0.039408 -0.116042 0.020116 -0.211339 0.026811 -0.266355 -0.021822 -0.030755 0.002644 0.250187 0.044568 -0.043524 0.059149 -0.045963 0.006017 -0.051855 0.006094 -0.101021 0.004129 -0.053824
47.873668 163.017724 91.008028 1071.18431 7.574325 557.172997 0.354831 513.191965 0.592932 342.841524 0.646945 376.809969 -55.87853 199.284458 -25.896282 1185.65128 0.135849 588.333147 4.117283 506.855395 1.975618 347.494918 2.175872 379.049345 -0.403919 -0.015684 0.00285 0.002116 0.015084 -0.049901 -0.247342 -0.233744 -0.203556 -0.342088 -0.371729 -0.018571 -0.253373 -0.00047 0.094177 -0.004603 0.328931 -0.001804 1.466888 -1.347956 1.890646 -1.276691 2.407383 -0.664873 1.97016 -0.473047 -4.67109 0.461209
49.051573 172.952614 93.933619 1060.400852 5.465483 581.585507 0.039035 541.835914 0.0991 367.311402 0.276531 401.6889 -55.657931 202.413801 -21.957683 1144.963513 1.538391 466.14446 9.213884 380.921026 5.763944 262.055739 5.644649 294.275026 -4.351477 8.863923 0.007158 0.146923 0.023141 -0.027276 -0.171654 0.261706 -0.158488 0.388913 -0.207224 0.421707 -0.077544 0.397637 0.000218 0.012189 0.162358 -0.35519 0.759934 -7.103295 1.012698 -8.97752 0.990532 -6.017601 0.811374 -5.358037 -2.103872 9.625317
48.500756 173.382755 92.830381 1067.437574 4.637938 543.527133 -0.001441 483.54875 0.026865 334.467238 0.15619 374.404324 -56.329806 198.739418 -19.012193 1038.297217 2.763486 310.560302 11.647007 222.708303 7.253198 158.318226 6.804251 192.343195 -6.397204 32.558304 -0.001555 0.000267 -0.003259 0.011635 -0.033948 -0.643871 -0.055476 -1.657984 -0.022769 -0.768996 -0.01707 -0.479761 -0.002015 -0.016828 0.106019 -2.607223 0.17813 -15.742308 0.14238 -21.102848 0.085471 -13.000919 0.054125 -10.79557 -0.196471 7.4461
43.57973 161.080395 86.527356 1061.197957 3.677718 511.037987 -0.069197 445.975217 -0.001416 306.32953 0.021851 347.293948 -61.312399 184.297363 -21.892347 963.157727 1.169454 229.614034 7.468692 144.979928 3.496857 101.403501 3.360405 130.961712 -3.639002 55.239701 -0.13159 -0.226332 -0.110785 -0.009145 -0.055625 -0.500583 -0.050666 -0.759716 -0.040616 -0.618069 -0.061201 -0.509376 -0.105563 -0.272359 -0.101524 -1.410957 -0.337515 -6.099421 -0.462237 -8.309691 -0.677638 -6.312789 -0.601176 -5.880307 0.386452 2.980295
43.56415 161.002638 87.792863 1058.238568 3.64064 460.870614 -0.093817 388.224799 -0.009418 260.468208 0.0124 301.965862 -60.046681 183.843536 -18.823409 993.982401 1.631383 253.803545 8.169498 161.297504 3.53192 109.620524 3.461946 140.746519 -3.906112 32.138076 -1e-06 -9e-06 0.004594 -0.002066 -9.4e-05 -1.295618 -0.00187 -2.001388 -0.003531 -1.858436 -0.00133 -1.584223 0.006601 -0.00028 0.115825 0.242757 0.038354 0.605583 0.015711 0.434986 8.7e-05 0.160041 0.000756 0.176243 -0.00473 -3.109213
43.926285 171.543044 88.199014 1086.373822 4.605724 456.478074 -0.000844 374.158015 0.047341 246.858857 0.122224 288.924167 -59.119333 194.826711 -19.536297 1086.839085 0.810977 314.517063 6.163032 209.495254 2.180552 138.334318 2.388149 171.89304 -1.585304 15.603935 0.000749 0.167087 0.000469 0.184562 0.056667 -0.010516 0.076862 -0.129785 0.098991 -0.182572 0.056764 -0.143941 0.003608 0.159315 -0.006625 2.072898 -0.141913 3.252309 -0.141142 3.145854 -0.162144 1.668176 -0.099393 1.555345 0.51452 -2.954493
44.543915 167.769279 92.138402 1077.807525 8.652534 465.908732 0.724677 395.620218 1.141061 258.22055 1.075199 297.915731 -58.550909 199.155993 -21.206887 1158.709497 0.543142 345.626228 4.12038 256.793678 0.730208 140.041406 1.014078 175.970314 0.04566 17.938047 0.002156 -0.020986 0.043032 -0.016954 0.632699 0.048212 0.774993 0.299252 0.723561 0.127806 0.472399 0.068888 0.001373 0.023787 -0.034264 1.150427 -0.026752 0.733415 -0.204913 2.405081 -0.387067 0.005234 -0.28982 0.023895 2.169055 0.081311
46.911044 165.807289 95.407133 1056.576358 14.654778 461.18775 3.387514 396.399981 3.952854 253.047962 3.526165 291.483546 -57.36224 198.356437 -25.655041 1144.87921 0.001605 484.548537 2.394066 401.042401 0.637668 251.768997 0.841697 285.93092 1.415237 0.00162 0.030639 -0.00577 0.028488 -0.105598 0.786125 -0.01202 0.978597 0.000384 0.846352 -0.026167 0.707097 -0.035099 0.006095 -0.000804 -0.211588 -0.041518 -0.485691 11.706236 -0.232898 16.01008 -0.003134 16.267679 -0.008023 13.27955 0.952487 -17.598715
48.316792 159.509315 97.235175 1077.618505 14.602436 478.004782 3.350797 406.009643 3.915448 257.958371 3.609114 297.063988 -58.923346 202.350036 -27.297602 1235.789462 -0.221756 567.83195 0.884599 465.819964 0.008838 313.620148 0.071732 345.731507 3.552247 -2.716699 0.010376 -0.060969 0.008674 0.103735 -4.7e-05 0.150574 -0.0001 0.057545 -8.9e-05 0.023593 0.000482 0.026457 -0.010479 0.019901 -0.025482 1.736422 -0.261096 3.300622 -0.36814 2.423688 -0.496367 3.393308 -0.421997 2.837084 0.483169 -2.851006
47.733469 155.644037 101.842973 1035.368039 14.814845 477.172949 3.436021 412.756639 4.016962 263.795802 3.662873 301.980156 -58.804219 198.248916 -26.556023 1205.398563 -0.044917 554.742073 1.531406 462.45636 0.256146 319.437137 0.431044 350.642769 2.244384 -2.660202 -0.001771 -0.023704 0.053332 -0.422454 0.000767 -0.000362 0.000535 0.0278 0.00065 0.032656 0.000199 0.020173 6e-05 -0.020993 0.005106 -0.189179 0.067067 -0.07632 0.08819 -0.006094 0.169827 0.026726 0.151097 0.017319 -0.14947 0.000297
48.279925 152.660601 103.559164 1050.191478 16.299284 477.304072 4.259241 413.489712 4.916704 264.155569 4.378376 302.581106 -58.095393 198.45601 -28.986762 1262.538531 -0.56635 556.180703 0.378263 450.6585 -0.006104 309.810038 0.022395 344.275322 5.269293 -1.818609 0.001555 -0.014436 0.00717 0.052681 0.035431 9e-06 0.04416 0.000325 0.045424 0.000123 0.031896 0.000299 0.002149 5.4e-05 -0.053214 0.661567 -0.292277 0.000932 -0.387468 -0.07622 -0.341335 -0.073649 -0.256937 -0.029173 0.635794 0.079781
48.350357 149.458399 106.082603 1032.612692 16.473246 463.988849 4.12326 402.984898 4.616834 255.241712 4.222883 294.676283 -59.206717 198.023812 -33.19912 1248.437641 -0.589728 542.04072 0.463121 436.283301 0.001276 300.642785 0.043785 336.483311 4.464603 -1.857136 2.6e-05 -0.016971 0.015188 -0.074183 0.000462 -0.094181 -0.001103 -0.067581 -0.004717 -0.076495 -0.001406 -0.052313 -0.005264 -0.000236 -0.142833 -0.039594 -0.000236 -0.091032 0.00429 -0.116501 0.012962 -0.068837 0.003552 -0.044595 -0.033318 -0.000202
49.186838 150.945978 118.691325 1019.83207 18.949324 437.815104 4.922019 373.446412 5.033056 236.86998 4.836309 279.320064 -58.670738 199.504131 -46.983903 1237.716869 -0.771528 532.909158 0.598618 432.111786 0.023626 292.347945 0.062482 330.33669 4.367008 -2.915913 0.003587 0.003683 0.353923 -0.039793 0.086646 -0.37991 0.035337 -0.562083 0.00898 -0.34305 0.020792 -0.205451 0.001219 0.002756 -1.193803 -0.023115 -0.012195 -0.038786 0.008681 -0.010019 0.013921 -0.058018 0.001658 -0.02833 -0.000539 -0.118912
48.678 154.129285 129.927845 1022.818311 22.565232 436.444168 7.103947 370.292091 5.574094 237.100107 5.777775 281.24667 -60.956811 202.931841 -61.609544 1245.102663 -0.984537 597.459839 0.736732 532.038392 0.276662 375.382056 0.300166 406.205432 3.367096 -15.81433 -0.001323 0.016609 0.254051 0.002183 0.157772 -0.001075 0.199595 -0.006689 0.013807 5.6e-05 0.041836 0.003311 -0.021845 0.014598 -0.989417 0.010986 -0.012967 1.844616 0.007162 5.192286 0.138591 5.182878 0.08875 3.917913 -0.06491 -5.148901
49.084975 158.64208 160.148318 1025.065295 33.24062 437.928354 12.154243 372.160449 9.742244 237.78252 10.113595 281.972743 -60.919913 220.417877 -83.146396 1296.41942 -6.47828 691.316081 -0.189054 639.335425 -0.058 436.503816 -0.175956 466.117822 11.303645 -29.947986 0.000847 0.032558 1.578497 0.001233 1.030591 0.00126 0.673993 0.002351 0.578064 0.00049 0.602933 0.000468 6e-06 0.361276 -1.611097 0.51813 -2.411834 3.422125 -1.672197 4.924519 -0.588012 2.304005 -0.935756 2.059866 2.33211 -2.237273
51.771654 167.072163 173.034303 1031.276208 43.676265 432.421969 18.731382 366.867164 15.397918 233.747952 15.665801 280.984337 -60.931218 229.270228 -101.550727 1306.690168 -12.036872 768.585189 -1.467993 750.635008 -0.828722 508.004583 -1.393882 533.482676 23.371035 -52.564517 0.035791 0.109111 0.249279 0.00938 0.711213 -0.017419 0.708431 -0.018957 0.644426 -0.017261 0.604999 -0.000868 -1e-06 0.08714 -0.919247 0.020262 -0.854096 2.046269 -0.603424 4.463231 -0.448243 2.710249 -0.57936 2.272502 2.16758 -3.160089
55.303069 184.145189 204.144624 1021.093504 56.367703 431.557751 26.824695 360.807607 21.061851 236.344905 22.006756 280.207753 -60.583883 246.515377 -120.827067 1315.612458 -17.949384 827.155832 -2.939472 824.874371 -1.744781 572.697879 -1.727315 601.257624 34.930709 -73.232412 0.05825 0.415214 1.285204 -0.025261 0.808274 -0.000432 0.724677 -0.02523 0.442626 0.007173 0.537481 -0.000537 0.000496 0.312633 -0.837039 0.015179 -0.588675 1.075261 -0.25289 1.750083 -0.168559 1.938081 -0.017861 2.025815 1.157477 -1.709438
58.52268 193.823576 238.036447 910.470939 40.239864 400.714335 13.460072 347.606037 10.190853 233.896333 11.677336 278.324986 -61.241152 268.133769 -154.23253 1326.547056 -20.768898 842.726779 -3.77764 824.222786 -2.063332 580.843598 -3.161 622.441115 21.42525 -77.563731 0.045543 0.123934 1.300765 -3.170332 -1.355718 -0.571714 -2.281487 -0.123019 -1.951631 -0.006375 -1.622883 -0.003173 -0.001773 0.454252 -2.03605 0.022627 -0.102797 0.072598 -0.052499 -0.000129 -0.013347 0.028761 -0.214968 0.183368 -1.642188 -0.062217
60.671088 194.911414 274.108265 744.711813 36.061398 404.938685 13.335105 366.691713 5.559974 275.757655 10.558877 327.081451 -61.694488 271.41024 -177.452067 1319.758217 -22.036461 898.474006 -4.016472 894.972071 -2.108214 648.311702 -3.852907 694.65443 14.515558 -78.428974 0.019364 0.001522 1.2719 -8.320932 -0.114498 0.011075 -0.000291 0.255025 -0.696143 1.722086 -0.028147 1.966497 -0.000836 0.009949 -0.813739 -0.008708 -0.018772 0.892645 -0.00366 1.456374 -0.000241 1.853053 -0.034211 1.981135 -0.670454 -0.0024
63.380163 195.824595 317.501867 646.648211 34.466377 373.232199 8.361799 351.644536 3.161159 276.936765 7.26505 328.650702 -61.201744 272.259906 -198.661784 1267.807385 -12.985664 918.817086 -0.556929 920.58203 -0.032794 706.573711 -0.624025 759.873721 3.837899 -98.804338 0.029584 0.001067 1.59357 -3.460083 -0.018038 -0.646207 -0.577674 -0.157616 -0.336394 0.001258 -0.30699 0.001878 0.000988 0.000664 -0.598503 -0.521564 1.18971 0.113866 1.582153 0.180634 1.615132 1.253254 1.375765 1.462913 -3.425732 -1.175107
63.464276 196.552849 316.10572 650.733552 22.754936 368.454407 1.987365 338.101999 0.370545 275.4975 2.504675 331.337789 -60.89805 265.849902 -207.535543 1133.355796 -10.469721 916.589107 -0.00959 920.30445 1.187416 733.597401 -0.01412 791.955515 -0.231324 -109.974776 2.8e-05 0.000676 -0.001538 0.006432 -1.211307 -0.015389 -2.196141 -0.13296 -1.367123 -0.001875 -1.238233 0.00547 0.000378 -0.03818 -0.096939 -3.76722 0.135327 -0.001352 0.420353 -2.1e-05 1.614874 0.253562 0.450408 0.331657 -5.953685 -0.299044
71.557837 190.226723 326.9423 614.879902 28.437397 419.538113 4.410437 367.42576 1.656802 349.054207 5.097769 403.612245 -57.526227 250.064887 -221.017108 1057.872328 -7.41531 909.047076 0.654349 919.662471 5.464368 747.290211 0.649844 807.000403 -1.103404 -74.885086 0.242792 -0.051738 0.091315 -0.507952 0.31636 1.657562 0.476604 0.609653 0.460286 4.346704 0.455905 3.562342 0.048012 -0.241537 -0.212106 -1.300514 0.262746 -0.015579 0.822375 -0.000112 1.557286 0.063306 0.855545 0.070782 -0.324295 3.360875
66.259466 191.975101 321.804133 591.345154 42.694613 546.460363 14.404045 660.473453 6.022558 592.213108 11.333524 642.995235 -56.533087 243.451747 -218.595276 944.56078 -6.324551 879.48941 3.145304 934.338532 10.606111 754.656985 2.884963 810.995441 -0.644187 -9.831936 -0.101885 0.003999 -0.020348 -0.229616 1.443455 8.374438 2.873574 42.658206 1.361707 31.95004 1.229229 27.743897 0.004324 -0.04431 0.006671 -3.208547 0.043364 -0.244254 0.930418 0.058088 0.844751 0.018066 0.796358 0.004932 0.061414 30.448602
64.995541 196.982268 316.431354 566.123015 46.48402 638.990645 17.265148 758.685932 7.886564 673.251994 13.275098 719.657952 -56.419312 246.044126 -218.916434 930.494391 -2.040254 868.683422 6.733909 932.525679 14.702277 762.341611 5.913496 818.742035 -1.052783 -2.767014 -0.006086 0.032231 -0.022615 -0.274838 0.080547 3.616739 0.129506 3.402461 0.125467 2.597483 0.076713 2.158227 5.7e-05 0.006865 -0.000118 -0.052763 1.180463 -0.033398 0.674825 -0.00088 0.333682 0.019464 0.537656 0.018411 -0.049925 2.167247
64.599611 197.447583 315.686841 539.409646 46.11584 626.887314 17.57142 723.111086 7.630959 637.719019 13.125458 690.001843 -56.631007 246.017855 -216.014347 908.334484 -0.709063 871.397264 8.451458 940.940629 17.777298 772.041843 8.026445 829.281321 -2.113809 -6.413768 -0.000605 0.000274 -0.000438 -0.322789 -0.000732 -0.057863 0.001346 -0.4271 -0.002105 -0.481637 -0.000424 -0.311984 -0.000198 -1e-06 0.009682 -0.13353 0.343766 0.002116 0.097445 0.018899 0.145892 0.030662 0.161066 0.0337 -0.183049 -0.755347
62.864934 192.582086 309.171345 417.896079 36.81408 502.569722 14.134627 710.625848 5.103988 522.085631 11.368426 581.523986 -56.667076 247.036916 -219.166789 925.789267 -0.948269 843.032206 7.071956 898.444884 15.046169 751.461876 6.427633 818.336345 -2.623552 -20.826552 -0.011804 -0.030349 -0.03397 -7.74335 -0.523313 -6.862571 -0.186817 -0.054363 -0.253229 -5.778764 -0.0631 -4.635744 -6e-06 0.001053 -0.011418 0.083058 -0.017353 -0.234665 -0.061417 -0.49096 -0.113821 -0.139007 -0.088697 -0.036354 -0.027504 -4.125245
61.317206 192.644376 300.799586 343.207257 27.32626 199.583698 6.798469 196.669354 0.899902 182.733333 4.937185 244.553562 -56.673403 247.792016 -219.858079 926.094517 -1.30218 839.990963 5.063027 899.017936 12.275566 748.155015 4.98253 815.443502 -6.52812 -191.394306 -0.009645 5e-06 -0.057453 -3.673558 -0.705614 -68.735 -1.327605 -159.609903 -1.717591 -87.073231 -1.321883 -71.852748 -0.0 0.000576 -0.000544 2.5e-05 -0.028003 -0.002748 -0.167443 9.1e-05 -0.140842 -0.003646 -0.091881 -0.002561 -0.874749 -85.949983
61.281366 188.419984 303.808692 297.511657 18.369567 155.722052 1.099201 140.865129 -0.009228 135.216944 1.236562 190.61264 -54.869266 248.037056 -219.842878 898.546365 -1.747979 786.981208 4.399879 823.933789 10.989711 692.208563 4.315445 769.995699 -11.635863 -215.548636 -5e-06 -0.023416 0.007488 -1.631566 -0.886383 -2.717701 -2.430355 -4.644988 -1.091391 -3.570616 -1.232033 -3.356058 0.014591 6.1e-05 0.0 -0.207971 -0.032754 -0.863807 -0.023265 -1.636816 -0.035561 -1.086943 -0.023961 -0.651532 -0.73294 -0.717479
60.577249 183.121014 315.980684 282.268882 28.535443 180.952119 5.445046 169.185695 1.18093 157.658264 4.656313 213.947841 -53.96518 247.797082 -228.161299 911.348464 -1.595045 801.976969 5.1104 839.228273 11.901433 693.632113 4.657573 771.728862 -5.584428 -189.907478 -0.002034 -0.037789 0.119534 -0.200405 1.114892 0.946691 1.651313 1.296133 1.398947 0.861039 1.093783 0.673552 0.003755 -5.8e-05 -0.077234 0.045278 0.0035 0.070763 0.026579 0.070326 0.018164 0.000731 0.006525 0.000974 1.098301 0.811589
61.649598 185.942418 340.760581 280.248063 47.275821 173.639573 16.144586 161.702752 7.253006 146.750448 13.459241 203.903685 -49.398377 249.041662 -222.240225 899.011502 -0.802839 810.379904 7.657062 857.760402 15.320365 701.991854 6.307848 779.429979 -1.4908 -206.815144 0.004704 0.010785 0.467659 -0.00363 2.3528 -0.075409 2.837777 -0.084623 2.580632 -0.195492 2.282621 -0.120736 0.100934 0.001559 0.038922 -0.042037 0.134644 0.021896 0.256563 0.101194 0.215554 0.025038 0.124893 0.019117 1.304521 -0.360452
61.22147 181.348903 365.019902 283.506877 49.555641 197.107855 16.056238 194.577285 7.649873 176.292267 14.413095 234.550662 -48.627528 250.450729 -223.878557 912.554086 -0.880943 813.13815 7.615094 860.343147 15.312807 699.253298 6.267584 775.077569 -1.316338 -173.340612 -0.000746 -0.028725 0.417048 0.009419 0.026842 0.743516 -0.000121 1.519935 0.005285 1.353616 0.016326 1.072389 0.003031 0.001987 -0.003008 0.05062 -0.001812 0.002343 -5.8e-05 0.001941 -1e-06 -0.002676 -6.4e-05 -0.006093 0.005427 1.476664
65.060333 168.149875 367.226988 286.022443 38.88508 250.660182 9.110325 260.869308 3.414532 234.044943 9.333245 294.310814 -48.560632 250.020118 -224.400943 925.957756 -1.027955 811.1107 6.873927 846.02936 14.560557 690.369203 6.112765 768.672605 -3.872963 -120.480266 0.058363 -0.249323 0.003326 0.005556 -0.646073 3.21392 -0.977512 4.850358 -0.842715 4.084512 -0.549707 3.387228 2.3e-05 -0.000185 -0.000304 0.04886 -0.005669 -0.001265 -0.018969 -0.060036 -0.009473 -0.028399 -0.000968 -0.013287 -0.673494 4.794076
63.225373 162.688596 350.036418 301.916044 26.47521 333.49527 3.79693 375.825525 0.54682 339.602198 4.666608 399.789218 -50.3485 252.76928 -226.295596 948.490009 -0.402315 819.704907 9.227169 833.992094 17.749966 682.398942 8.139168 765.94768 -12.065881 -59.204836 -0.013124 -0.045079 -0.206032 0.214863 -1.188936 5.902964 -1.144387 10.463743 -1.228489 9.795469 -0.800672 8.061286 -0.01616 0.007516 -0.003982 0.135432 0.144095 0.022645 0.172896 -0.043124 0.157801 -0.023138 0.144797 -0.002419 -2.266871 10.770752
62.127506 161.844216 347.410923 302.582454 25.477679 316.471752 3.065937 339.376512 0.381945 308.033065 3.704354 370.808064 -51.963579 252.312535 -227.097633 952.066705 -0.162466 829.57795 11.372124 842.048289 20.14105 689.317494 9.587224 772.374103 -14.975827 -75.759369 -0.004808 -0.001098 -0.004942 0.000367 -0.009578 -0.222973 -0.039042 -0.929384 -0.014752 -0.76988 -0.05549 -0.545164 -0.012748 -0.000207 -0.000709 0.003366 0.053459 0.029552 0.111979 0.019362 0.075519 0.017448 0.059244 0.013423 -0.157025 -1.019126
60.715759 162.410765 346.303727 308.126595 13.812096 281.923202 0.017266 288.391903 -0.565131 260.247485 0.440123 324.558165 -52.609556 250.384044 -217.122811 945.939399 -0.027915 843.09399 12.56773 868.20811 22.004966 710.122728 10.9118 789.615461 -29.622949 -110.584998 -0.008112 0.000495 -0.000884 0.025166 -1.771771 -0.998169 -2.62305 -2.073799 -1.876265 -2.012661 -1.590757 -1.539781 -0.001995 -0.003699 0.112005 -0.00989 0.055693 0.054609 0.029874 0.20008 0.041236 0.154662 0.04284 0.095159 -2.473811 -3.283179
56.407717 172.384385 338.473201 307.921769 10.128841 265.613018 -0.074487 266.21233 -1.293475 243.647832 0.05526 307.569079 -52.453645 257.310771 -211.67294 924.632203 0.00018 823.827374 13.941632 851.564887 23.192666 697.657727 11.593367 777.378382 -35.440432 -116.726169 -0.079256 0.148591 -0.044773 -3.4e-05 -0.285027 -0.24298 -0.163476 -0.443677 -0.148655 -0.273493 -0.183478 -0.228341 0.000116 0.047255 0.034635 -0.121356 0.032576 -0.111347 0.035627 -0.080535 0.015608 -0.055186 0.010323 -0.047782 -0.2606 -0.082972
54.79794 173.238217 327.632204 315.65793 13.400002 326.210921 -0.093777 350.904438 -1.705723 323.3728 0.06071 385.066902 -55.463777 256.843253 -222.748688 923.27337 -0.123167 818.419556 11.493853 850.792091 20.653261 694.573214 9.855573 773.502764 -34.229744 -70.093525 -0.011652 0.001055 -0.088226 0.047989 0.228501 3.110538 -0.001109 5.839129 -0.028467 5.632774 0.000128 4.349202 -0.041989 -0.000213 -0.141213 -0.0005 -0.132761 -0.008904 -0.118055 -0.000175 -0.073599 -0.003417 -0.070514 -0.004843 0.01052 5.913656
54.079171 172.503279 323.037721 301.980052 13.580042 255.234475 -0.001449 242.53915 -0.490238 228.03212 0.318146 286.61195 -56.364839 253.206234 -226.844314 914.261642 -0.599407 806.771325 8.232381 836.978322 16.29375 690.715199 7.060104 766.801258 -22.436531 -125.008694 -0.002373 -0.000781 -0.016221 -0.15147 0.000601 -4.34827 0.071914 -9.977859 0.36707 -8.304984 0.100902 -7.254964 -0.00363 -0.012967 -0.018655 -0.022098 -0.17915 -0.041744 -0.271489 -0.056531 -0.258099 -0.005372 -0.232587 -0.014578 1.240768 -7.887903
54.271854 174.612817 314.646884 298.111336 8.601799 173.151382 -0.68312 153.636849 -1.747364 146.725899 -0.03856 201.656476 -56.115907 252.269269 -227.518917 915.183546 -0.371141 805.399229 8.667619 837.964968 17.562077 702.335695 7.936256 779.003206 -30.388673 -207.030952 0.000171 0.00641 -0.055207 -0.012471 -0.565848 -7.937515 -0.621649 -10.103722 -0.386522 -8.926266 -0.578227 -7.447645 0.000275 -0.000868 -0.000501 0.000232 0.027225 -0.000584 0.005605 0.000291 0.023766 0.048469 0.025616 0.048159 -0.601975 -10.290247
55.164771 175.203639 295.883439 267.731608 6.008846 134.795522 -1.468484 116.540651 -3.198583 114.874884 -0.387156 165.687579 -55.355518 256.856818 -228.851202 917.866628 -1.069163 800.570844 5.422232 831.540676 13.588873 701.245707 5.634034 778.472108 -29.973075 -248.474507 0.003643 0.000499 -0.288397 -0.816122 -0.231927 -2.398015 -0.148456 -2.558828 -0.217696 -1.946238 -0.181349 -1.765208 0.002593 0.020669 -0.001945 0.001964 -0.180447 -0.007258 -0.378857 -0.01236 -0.254424 -0.000423 -0.196714 -9.1e-05 0.001431 -1.889261
56.469601 174.877953 297.536845 268.928149 9.062425 156.193828 -0.254773 144.116407 -1.464276 135.701646 -0.015859 188.553533 -55.369666 257.186396 -228.429946 937.120322 -1.045006 805.529653 5.781243 833.918079 13.601048 700.601555 5.730107 778.408582 -23.990723 -219.625702 0.007626 -0.000151 0.002303 0.001334 0.312583 0.787844 0.499934 1.462769 0.33453 0.867012 0.2463 0.738759 -1e-06 0.000106 0.000194 0.099924 0.000138 0.007655 0.005754 0.001697 3e-06 -0.000148 0.000406 -1e-06 0.332623 0.889815
57.700997 176.737949 313.997835 258.78625 18.519831 180.095458 1.350157 178.721156 0.009875 167.590292 1.078403 221.7019 -55.194037 260.291814 -228.166701 948.707366 -1.350012 824.555821 5.668948 887.992622 13.499856 737.68766 5.44385 805.541833 -12.779497 -202.058811 0.006641 0.00492 0.221585 -0.097465 1.672059 0.850475 2.777931 1.859988 1.714648 1.681073 1.355815 1.341376 0.000139 0.009318 7.6e-05 0.035597 -0.019501 0.111039 -0.000551 0.849283 -0.000189 0.47821 -0.003667 0.232415 1.750833 0.366067
60.960766 178.696853 334.364561 277.2762 21.67766 240.305254 2.530778 255.1782 0.609216 235.424613 3.586571 292.247161 -50.647026 262.308794 -225.384811 950.561416 -1.437375 848.180161 5.985258 925.95957 13.790794 763.7365 5.319901 829.249739 -8.602917 -151.098922 0.044783 0.005398 0.319964 0.318974 0.124228 4.333964 0.183937 6.789333 0.463965 5.749857 0.731645 4.864585 0.097717 0.003892 0.008532 0.000905 -0.001369 0.166834 0.004293 0.397377 0.001551 0.225983 -0.000714 0.171916 0.411868 3.696041
60.911167 173.741614 345.417602 279.042103 30.222084 293.469757 6.677325 339.073848 1.047128 305.455625 4.978327 361.694993 -49.005998 258.20513 -217.277064 945.82721 -1.059675 850.92614 6.639551 935.415057 15.134247 766.302386 6.244148 830.798669 -8.219594 -104.139544 -1e-05 -0.034837 0.089865 0.002803 0.70818 2.654217 0.986466 5.95194 0.058937 4.552829 0.113833 3.698093 0.013513 -0.016177 0.074257 -0.005909 0.02873 0.002219 0.016966 0.024016 0.031216 0.002152 0.036994 0.000723 0.004368 4.357037
64.928332 166.985501 347.980306 266.61335 31.65391 352.651537 6.830069 405.892913 1.25513 386.19689 6.044183 451.10388 -46.41959 257.063006 -211.616404 901.839754 -0.616219 781.733571 7.317922 812.525198 17.54527 683.810503 8.024031 770.609108 -9.414965 -42.222416 0.064136 -0.066988 0.004736 -0.141567 0.016569 2.7161 0.000864 3.002687 0.009415 4.728902 0.051654 4.932511 0.035057 -0.001266 0.037357 -0.523679 0.059736 -1.466859 0.016495 -4.32527 0.089061 -2.34824 0.111451 -1.131524 -0.040561 13.741854
64.651696 166.491996 340.895379 292.069381 21.792843 448.87956 1.808687 526.31912 0.143871 488.27585 2.463332 545.260235 -46.62685 256.604307 -208.945375 901.591682 -0.361785 827.903756 8.511814 861.155074 18.68593 731.314815 8.785466 814.584354 -15.550557 -24.461613 -0.000295 -0.000365 -0.036434 0.580245 -0.917573 5.797305 -1.609259 7.811252 -0.549115 5.978377 -0.790306 4.458862 -0.000231 -0.000205 0.008482 -1.7e-05 0.033676 0.6623 0.045086 0.706636 0.01796 0.79756 0.017255 0.610082 -0.765691 2.408734
63.231819 165.87522 337.30963 297.027109 17.543448 381.95743 0.80191 429.838952 -0.052383 399.053752 1.300983 460.615628 -47.391996 255.967469 -209.040591 903.526511 -0.446767 846.869024 8.058697 880.758861 17.594764 740.904649 8.120439 821.961098 -19.567213 -52.464438 -0.007883 -0.000572 -0.009479 0.020862 -0.230199 -2.699603 -0.201943 -4.880071 -0.369878 -4.497092 -0.18395 -3.567756 -0.003114 -0.000396 -1.1e-05 0.001037 -0.004478 0.107386 -0.006196 0.110316 -0.016412 0.031234 -0.013085 0.016625 -0.230462 -5.277889
62.05527 165.231316 334.618776 303.287796 20.225561 363.94205 2.196936 400.685461 0.077308 376.674378 2.948359 439.690606 -49.159837 255.161729 -212.028463 910.917385 -11.068077 687.558406 -0.171309 643.995123 0.525013 525.193372 -0.019521 614.242457 -0.199393 -12.31306 -0.005525 -0.000626 -0.005388 0.032647 0.095354 -0.21759 0.344231 -0.511838 0.256964 -0.322884 0.33232 -0.243204 -0.016186 -0.000635 -0.010601 0.015053 -7.067439 -8.292552 -10.579921 -18.494496 -12.041132 -18.511213 -8.93626 -15.100597 15.816132 13.944526
58.677632 165.633494 321.464845 315.884911 18.562897 324.884577 1.884013 354.733171 0.078576 330.681168 3.070364 389.489498 -54.146475 252.122457 -224.864676 898.814747 -9.024246 708.235591 -0.045365 702.487347 0.711394 574.931235 0.015056 653.498288 -0.317112 -33.559807 -0.047256 0.000244 -0.131876 0.128158 -0.035651 -1.108199 -0.012015 -1.39894 5e-06 -1.496854 0.001237 -1.52106 -0.120424 -0.009105 -0.188609 -0.040469 0.104222 0.153164 0.040362 1.271073 0.014129 1.124927 0.068865 0.607928 -0.013594 -5.217048
55.85229 169.398113 316.781767 306.029261 17.912761 266.909979 1.403886 253.203484 0.037005 238.424679 2.553434 304.499756 -56.142924 252.106274 -225.095962 896.491056 -3.705134 721.916683 1.669609 740.807145 5.03327 605.021992 1.534062 676.871639 -4.207122 -83.835785 -0.034855 0.021151 -0.017181 -0.078098 -0.005794 -2.84656 -0.035245 -8.53804 -0.007735 -7.527531 -0.023808 -5.223816 -0.018071 -0.0 -5.9e-05 -0.001504 1.164599 0.065439 2.2654 0.508789 1.96015 0.383744 1.245167 0.20534 -2.214144 -11.31048
55.117589 169.683251 315.454956 293.278335 23.329445 268.550494 3.469358 268.64818 1.076176 250.284928 4.983861 313.370242 -55.301606 254.19397 -226.730855 885.884317 -3.55063 810.321705 2.040263 867.935031 5.534761 728.34907 1.622503 793.781216 -1.729799 -124.714108 -0.002432 0.00012 -0.001392 -0.13566 0.357257 0.002513 0.459365 0.2286 0.714061 0.143936 0.402602 0.063678 0.003176 0.004304 -0.002958 -0.03156 0.001645 2.552463 0.018563 5.03089 0.011905 5.715677 0.001239 4.654229 0.541562 -4.045564
55.393175 169.601659 314.434617 268.001438 19.102822 177.060365 1.660502 160.215759 0.051672 150.743491 2.373875 206.968607 -54.986727 254.30108 -228.450126 885.679957 -2.837747 816.613412 2.849658 869.943647 7.515843 731.089492 2.479289 799.001674 -6.321149 -217.884243 0.000344 -1e-05 -0.000826 -0.569454 -0.211029 -9.493221 -0.329495 -13.9342 -0.656221 -12.550241 -0.478474 -10.994948 0.000449 1.1e-05 -0.003247 -1.2e-05 0.0399 0.012166 0.067452 0.001161 0.15124 0.002573 0.090481 0.008555 -1.437532 -12.912203
56.889979 171.298704 319.810315 244.1586 19.544623 157.3568 1.471895 150.316416 0.067464 140.29432 2.323616 191.67989 -53.244169 260.036274 -228.302403 917.461451 -2.404397 839.492481 3.405529 887.819277 9.141223 744.758334 3.162028 815.86635 -7.638073 -238.568737 0.009977 0.004224 0.022782 -0.555285 0.002525 -0.580963 -0.005683 -0.157829 0.001051 -0.18764 -0.000269 -0.29328 0.014029 0.031977 2.4e-05 0.280106 0.017942 0.158044 0.024748 0.090896 0.079491 0.0633 0.041467 0.088064 -0.062259 -0.468907
57.5856 170.961004 322.511504 250.281062 16.724924 158.73143 0.370669 151.715949 -0.061662 143.416669 1.011403 197.319208 -53.004447 260.950277 -226.674406 922.974742 -2.040322 862.922421 3.535842 914.570394 10.608401 769.80104 3.965686 843.4322 -12.28764 -248.680876 0.002114 -0.000167 0.00568 0.037908 -0.109772 0.002989 -0.365289 0.003243 -0.258123 0.017182 -0.269004 0.040879 0.00027 0.000802 0.002913 0.008258 0.014936 0.161238 0.001223 0.198531 0.054573 0.20705 0.045452 0.228991 -0.550069 -0.104942
60.891538 168.699398 336.025459 246.626661 23.041009 180.495146 2.136174 180.317497 0.261886 168.039908 2.932701 223.869371 -51.663978 260.070877 -227.269407 941.711074 -1.918061 887.445824 3.917571 947.753494 11.336895 794.47593 4.299709 869.120031 -8.152641 -231.752779 0.046133 -0.007529 0.138676 -0.013438 0.504801 0.698866 0.727165 1.23417 0.577701 0.974862 0.499605 0.837645 0.008584 -0.000742 -0.00039 0.094134 0.001889 0.1718 0.009782 0.295654 0.012095 0.194623 0.006752 0.192666 0.422617 0.298324
67.92996 166.994051 350.768345 258.712423 28.302153 197.313431 4.059387 178.845722 1.144158 173.727866 5.159023 235.66273 -48.550332 257.142045 -222.173143 947.631106 -2.221787 921.786865 3.622193 1006.497267 11.107395 832.625583 4.205582 898.448993 -5.121725 -245.695141 0.192423 -0.004332 0.158255 0.144543 0.270267 0.374522 0.30606 -0.003016 0.311258 0.047335 0.312297 0.151356 0.048382 -0.008293 0.028894 0.009275 -0.011157 0.325943 -0.005788 0.883103 -0.001173 0.447297 -0.000521 0.243342 0.350654 -0.203615
71.579974 168.283151 360.283369 265.143741 35.04614 218.237369 7.413947 182.471646 2.661758 189.310303 8.032475 255.425913 -46.513731 259.376278 -216.833251 978.580973 -1.730528 928.536696 4.651414 1014.432829 12.793415 833.449451 5.138425 897.40503 -3.784188 -228.32771 0.047756 0.002478 0.063666 0.03948 0.360001 0.527119 0.501355 0.018194 0.31566 0.334571 0.316759 0.397832 0.021818 0.004832 0.032477 0.248663 0.03065 0.012311 0.064266 0.01558 0.059542 0.000204 0.046681 -0.000303 0.101012 0.318264
68.762132 168.715733 353.377115 287.17176 34.698418 262.467329 7.426823 278.096323 2.248959 251.201861 7.243378 310.735743 -49.579015 260.349515 -221.678116 994.390978 -2.254799 945.417557 3.724365 1038.574957 11.288781 853.85124 4.297757 913.42703 -3.460438 -178.793914 -0.028292 0.000278 -0.033417 0.439447 -0.000867 2.039139 6e-06 10.036311 -0.017381 4.369525 -0.020395 2.708159 -0.048903 0.000911 -0.026765 0.063346 -0.034635 0.076034 -0.051462 0.141953 -0.04705 0.123347 -0.037522 0.070882 0.007238 3.024582
68.620847 167.218885 355.404026 294.943701 33.921055 275.511944 7.052473 307.44867 2.050509 274.174386 6.854813 330.8699 -50.205059 259.013067 -221.663829 1033.120323 -2.402263 973.524099 3.579598 1070.295126 10.9939 878.191376 4.162033 936.047921 -3.548496 -170.983917 -7.3e-05 -0.003335 0.002898 0.051885 -0.004403 0.158172 -0.00484 0.736154 -0.004582 0.502487 -0.005356 0.315992 -0.001964 -0.00172 0.0 0.369936 -0.002335 0.205848 -0.001435 0.23857 -0.001951 0.171033 -0.001089 0.138343 -0.000553 0.087203
68.164395 167.630496 357.622468 305.872354 34.371961 264.154891 7.556946 277.715263 2.690258 247.772969 7.500751 307.148689 -51.899837 258.829687 -231.554194 1028.723789 -2.31065 970.325551 4.012304 1058.737137 11.491549 874.940259 4.308935 936.471226 -3.061514 -191.506386 -0.000762 0.000253 0.003451 0.099403 0.001489 -0.119515 0.008713 -0.755897 0.043364 -0.668153 0.01454 -0.441124 -0.014066 -3.2e-05 -0.107929 -0.004687 0.00089 -0.002632 0.012341 -0.031373 0.005508 -0.003015 0.001274 4.8e-05 0.017963 -0.581408
67.84873 167.30792 359.435007 304.984529 35.197644 275.897827 8.060389 294.417782 3.039589 260.321529 8.200056 320.067681 -52.248881 258.270837 -236.465693 1022.817168 -2.603769 963.476661 3.806436 1045.121979 11.074443 865.935752 3.994368 930.662944 -2.510282 -176.685337 -0.000366 -0.000155 0.002291 -0.000645 0.0049 0.127685 0.008117 0.243854 0.010659 0.154981 0.015581 0.133063 -0.000585 -0.000302 -0.025772 -0.008503 -0.008749 -0.012128 -0.002711 -0.044056 -0.003855 -0.023288 -0.005961 -0.009034 0.027334 0.298421
67.972903 167.573779 361.986835 303.369286 35.799368 271.425559 8.283904 286.520332 3.164424 252.1217 8.351633 314.479327 -52.163867 257.890501 -235.799269 1021.198452 -2.377935 956.16834 4.142697 1030.259873 11.58164 855.470561 4.304605 923.381859 -2.638344 -178.759246 5.7e-05 0.000106 0.004513 -0.002144 0.00255 -0.018272 0.001528 -0.053683 0.001256 -0.065609 0.000694 -0.024608 3.5e-05 -0.00014 0.00047 -0.000641 0.005121 -0.013912 0.007115 -0.053216 0.005678 -0.031812 0.005801 -0.014297 -0.001593 -0.00605
66.809147 168.0046 362.989789 304.87545 42.257358 245.109788 12.122885 248.839375 5.387257 220.059277 11.224907 282.98023 -52.599051 256.020588 -236.175964 1017.407168 -2.572433 952.016497 3.889402 1025.93091 11.062228 850.578608 3.979324 918.996865 -1.009917 -205.357091 -0.005024 0.000277 0.000694 0.001865 0.267608 -0.670786 0.364353 -1.327722 0.293942 -1.089822 0.212005 -0.830921 -0.000904 -0.003402 -0.00015 -0.003525 -0.003822 -0.004517 -0.003995 -0.004557 -0.005958 -0.007014 -0.006389 -0.005218 0.383597 -0.92198
66.383342 170.691302 368.570544 312.66665 46.129846 222.422597 13.899868 217.294724 6.689591 189.404462 12.888312 250.539406 -52.433832 255.136784 -230.990294 1015.353011 -2.583103 949.587511 3.869093 1022.737488 10.945415 846.532727 3.911415 915.875008 -0.521228 -235.094943 -0.000681 0.010656 0.021287 0.049151 0.084873 -0.550777 0.060742 -1.068584 0.070425 -1.14911 0.057442 -0.9872 0.00013 -0.000764 0.028782 -0.001038 -1.1e-05 -0.001551 -2.7e-05 -0.002489 -0.00031 -0.004823 -0.000292 -0.002656 0.08008 -1.005047
66.147921 174.886308 376.82501 327.498328 55.534513 213.410432 20.43093 207.969312 10.16636 179.721383 17.03421 238.10248 -51.508662 255.599793 -218.313894 1014.378725 -2.567025 960.539612 3.875919 1052.0791 11.126871 863.602612 3.973976 927.594111 -0.021675 -255.39543 -0.000209 0.025463 0.045706 0.171837 0.435933 -0.093187 0.626957 -0.102259 0.362463 -0.127027 0.288608 -0.158298 0.004117 0.00021 0.178858 -0.000234 2.5e-05 0.031398 3e-06 0.207482 0.000746 0.085194 0.000248 0.03725 0.330324 -0.42028
65.188762 185.302748 367.307404 370.457044 58.471257 195.654477 23.809622 175.118837 12.858927 150.407557 18.74227 207.665996 -52.177601 261.778021 -203.053025 1044.439961 -2.193475 1004.358007 4.118783 1111.06111 11.230259 907.412267 4.074893 964.42934 0.05512 -318.951331 -0.003502 0.15065 -0.060869 1.323295 0.037831 -0.385541 0.129206 -1.411092 0.157976 -1.304037 0.040797 -1.040295 -0.002158 0.03689 0.276446 0.219477 0.014679 0.488649 0.00369 0.804276 0.000239 0.541943 0.000633 0.358601 0.145924 -3.527307
64.931166 196.015565 354.556156 484.28472 79.064797 174.398256 41.679546 127.367123 27.18281 102.798181 31.371277 155.339825 -53.295329 263.229292 -199.023869 1052.88429 -3.235519 1063.492518 3.431935 1202.197046 10.312343 983.72105 3.256395 1024.472268 4.009726 -450.516921 -0.000255 0.150513 -0.11263 7.613236 1.550495 -0.610994 2.485224 -3.792924 2.649664 -4.516186 1.617405 -3.791125 -0.005923 0.002006 0.020188 0.017 -0.100944 0.84571 -0.031304 1.795948 -0.019565 1.540188 -0.045834 0.906524 3.124598 -11.331136
65.472813 205.012073 334.353662 590.26451 93.387579 164.19318 56.737856 100.483906 39.033374 75.236289 41.234826 122.644182 -52.491597 267.932261 -185.138644 1123.952936 -8.726786 1098.877014 -0.034357 1227.422564 0.938369 992.749851 0.000733 1025.234381 27.867575 -521.393733 0.001125 0.100925 -0.296286 5.239017 0.595808 -0.153824 1.158817 -1.591479 1.069065 -2.146396 0.673102 -1.929478 0.003053 0.020821 0.251017 1.160422 -1.334853 0.289531 -4.153051 0.130955 -5.029205 0.020623 -3.159442 0.000142 10.735746 -2.587799
61.770214 209.293341 303.658899 823.917022 115.314187 167.950756 82.78715 85.788205 62.672265 52.288267 60.552479 96.720051 -54.321704 259.818328 -174.822703 1190.226549 -29.279846 1215.971472 -12.405994 1380.188379 -5.708312 1096.161698 -7.951795 1104.643974 106.209289 -669.633108 -0.053882 0.022121 -0.73879 19.43571 1.155022 0.021256 2.453267 -0.580604 2.785268 -2.081738 1.849906 -1.537223 -0.015679 -0.062378 0.14785 0.949169 -6.036711 2.963454 -11.134626 4.478707 -11.275507 2.561279 -8.105177 1.480854 25.268862 -9.261203
59.984344 213.27662 292.23147 938.770524 117.288707 161.006722 85.263 61.356045 69.4019 27.376291 66.157617 64.686687 -58.363471 256.028504 -181.651154 1232.995664 -59.16453 1287.463753 -36.841462 1470.887846 -24.457162 1170.131377 -27.112716 1166.699155 176.257447 -839.547573 -0.013098 0.018774 -0.109582 3.745802 0.008381 -0.0733 0.018239 -2.042562 0.171561 -3.995309 0.124035 -3.210661 -0.072508 -0.013922 -0.065407 0.37746 -5.201879 1.021035 -6.489769 1.443047 -6.534213 1.207472 -5.69822 0.847861 8.823332 -9.595604
57.192041 233.033323 265.505396 1070.247157 125.44398 145.600456 99.9743 36.596581 88.042123 9.893895 80.675409 37.173746 -63.109074 258.855387 -174.400381 1316.364489 -88.48557 1384.264488 -68.136692 1579.412028 -53.135449 1272.724206 -52.471605 1254.884904 277.971692 -1058.188155 -0.033275 0.437497 -0.640709 4.306745 0.137038 -0.387308 0.5851 -3.180869 1.107327 -4.354649 0.71947 -3.786043 -0.092734 0.00776 0.073836 1.363523 -2.940637 1.754194 -4.773257 1.931159 -5.494282 2.155251 -4.148315 1.606243 11.534749 -12.637007
55.326209 235.373493 242.653711 1061.276985 131.010624 122.764348 111.321455 20.37867 99.042359 2.94971 89.220518 22.797064 -65.94186 259.78451 -160.62924 1360.160224 -127.776778 1426.011722 -117.947088 1609.351813 -101.803097 1325.871556 -92.301133 1307.036866 401.671937 -1203.746296 -0.015471 0.005846 -0.514075 -0.018875 0.060422 -0.973368 0.304906 -2.356952 0.323677 -2.039139 0.215029 -1.748743 -0.031095 0.000832 0.283146 0.358337 -3.599224 0.310099 -6.790452 0.140558 -7.841934 0.543551 -5.586696 0.530873 11.351992 -4.688277
49.864268 240.502102 234.08379 1074.122077 148.011397 113.762112 133.803545 16.858894 115.551003 2.369083 104.314492 22.242539 -69.610012 255.471068 -146.613073 1327.778029 -148.612066 1466.31878 -154.491868 1664.434451 -132.530452 1436.417968 -116.943416 1413.305214 495.581165 -1322.116682 -0.141899 0.027637 -0.077033 0.038634 0.518409 -0.171375 1.03317 -0.166722 0.635946 -0.031787 0.589494 -0.003414 -0.049641 -0.018055 0.31987 -0.195065 -0.786442 0.28087 -2.462172 0.463425 -2.023321 2.212912 -1.456101 2.076444 4.927945 -2.775141
51.488644 230.958589 233.582674 1032.941201 170.594987 100.537866 164.273537 12.457566 140.876307 1.347734 125.416076 18.988784 -64.973486 240.189956 -120.838598 1279.19905 -163.237277 1423.718604 -195.734356 1650.017745 -172.080564 1482.732328 -146.523522 1456.802684 624.354202 -1394.674706 0.013018 -0.096602 -0.000268 -0.402462 0.801398 -0.408417 1.561439 -0.332272 1.253655 -0.143083 0.971181 -0.128585 0.07989 -0.235613 1.244848 -0.452655 -0.343138 -0.313988 -2.436826 -0.031354 -2.578469 0.367428 -1.665783 0.329628 7.42796 -0.969085
51.259057 227.743378 232.896132 995.49873 180.808947 82.015435 176.753876 5.737558 153.038781 0.073521 136.342235 12.03317 -64.739286 236.208025 -125.412739 1237.753566 -167.517073 1401.908401 -193.231206 1605.209913 -174.076858 1424.601479 -150.848085 1401.720943 653.554057 -1404.206676 -0.000257 -0.011268 -0.000505 -0.3456 0.148472 -0.942103 0.228444 -1.286427 0.251755 -0.791695 0.228136 -0.789834 0.000211 -0.016642 -0.042486 -0.341255 -0.02769 -0.084175 0.008054 -0.308402 -0.005756 -0.581208 -0.031447 -0.530742 0.333648 -0.016231
50.131726 230.756271 226.51434 1014.326141 192.192444 84.835728 194.104488 6.985628 170.89235 0.146033 150.491853 12.337208 -65.225438 233.351074 -120.540137 1222.057318 -168.843425 1468.243029 -196.155368 1669.859166 -183.431357 1489.803151 -158.904121 1469.931324 708.425477 -1460.449278 -0.006267 0.009899 -0.044328 0.088187 0.173745 0.023837 0.406097 0.061362 0.492377 0.01232 0.349215 0.001897 -0.000909 -0.008691 0.048271 -0.05008 -0.002615 0.766662 -0.01098 0.638144 -0.122405 0.729444 -0.104778 0.810215 1.105779 -0.552167
50.440277 227.680867 226.715508 1014.770585 203.866748 89.509629 207.270385 9.191011 182.338015 0.528132 161.045674 14.575481 -65.360535 228.787727 -126.177119 1212.601508 -175.427221 1467.279606 -203.244852 1666.914999 -189.28242 1477.59931 -165.158231 1459.184211 743.17598 -1422.257345 0.000473 -0.010316 4.5e-05 4.9e-05 0.172094 0.062661 0.215992 0.151037 0.185485 0.118738 0.178815 0.093238 -7e-05 -0.022531 -0.064405 -0.018362 -0.06296 -0.000158 -0.062925 -0.001299 -0.045929 -0.025095 -0.060355 -0.019716 0.416013 0.253007
49.825301 228.291505 233.106848 990.156687 214.183825 87.025795 217.893657 8.512092 188.426857 0.449041 167.764338 14.024836 -65.310574 230.330461 -126.475973 1201.293468 -178.424856 1465.778355 -207.508753 1660.037406 -192.798283 1465.934904 -168.145238 1449.952782 762.425216 -1415.070598 -0.001886 0.000409 0.044421 -0.151094 0.127327 -0.017475 0.132739 -0.013023 0.05 -0.003206 0.068649 -0.005301 1e-05 0.002592 -0.000177 -0.026487 -0.012697 -0.000384 -0.022132 -0.007109 -0.016177 -0.023111 -0.013385 -0.014647 0.123057 0.009102
50.780521 225.961273 241.513763 956.43192 224.01039 76.87795 228.118266 5.434508 198.762526 0.011207 177.894283 9.917101 -65.6736 228.990985 -129.099408 1198.949634 -176.832415 1460.59848 -202.828265 1655.5659 -185.892599 1458.468456 -163.001134 1441.411351 769.094886 -1450.393807 0.004535 -0.005977 0.074461 -0.292164 0.110195 -0.314446 0.117213 -0.343801 0.137975 -0.318368 0.148467 -0.355016 -0.000503 -0.001953 -0.013465 -0.001144 0.003569 -0.004584 0.026695 -0.003015 0.06297 -0.009532 0.039957 -0.012616 0.014523 -0.217727
51.141684 220.716107 249.44187 878.906183 253.173039 75.190231 266.503968 5.858834 227.752373 0.027932 203.777568 9.943491 -65.788709 228.259266 -128.754314 1193.610397 -176.608177 1463.095048 -202.636549 1656.345704 -185.841242 1458.656256 -162.694526 1441.466341 825.058238 -1445.918129 0.00064 -0.030797 0.064017 -1.638097 0.891959 -0.009366 1.491732 0.007974 0.986348 0.003753 0.878656 1.8e-05 -5e-05 -0.000585 0.000231 -0.005958 7.1e-05 0.001066 4.5e-05 9.2e-05 4e-06 6e-06 0.000144 1e-06 0.98261 0.003458
51.810002 206.09112 256.970125 823.525104 273.31267 79.054515 293.779841 8.694295 246.996915 0.426166 221.152174 11.039343 -63.495144 228.300962 -123.827397 1174.076312 -173.28231 1478.609891 -202.566132 1674.638216 -185.576201 1467.677816 -162.345902 1450.84239 860.76349 -1418.08501 0.002169 -0.250644 0.05596 -0.901028 0.385341 0.048413 0.664319 0.278896 0.390211 0.23589 0.355357 0.028636 0.020346 2e-06 0.048057 -0.080582 0.015807 0.040914 6e-06 0.050228 9.5e-05 0.013906 0.000187 0.015197 0.378156 0.135248
53.648895 196.137504 266.357254 784.446843 296.322214 87.084634 333.123436 9.608311 275.376815 0.73776 245.693552 14.383829 -63.400853 228.379951 -121.624885 1171.102914 -170.594364 1482.97287 -200.153758 1686.31085 -182.567471 1500.864042 -160.03919 1477.497125 906.385359 -1435.05023 0.016034 -0.123176 0.084197 -0.474926 0.464908 0.194176 1.235793 0.022837 0.771492 0.042484 0.645498 0.220948 3.5e-05 7e-06 0.009882 -0.001885 0.010505 0.003214 0.007225 0.02027 0.012295 0.185505 0.008253 0.121313 0.589 -0.050439
57.658989 196.939439 272.735534 728.167792 355.633742 80.92385 415.071949 11.885666 347.614038 1.190458 309.667478 14.136241 -59.543096 228.851382 -117.37264 1159.430082 -167.326578 1461.327973 -197.407718 1650.239046 -179.798181 1477.308345 -157.519764 1456.504675 1027.413706 -1394.625735 0.072259 0.000818 0.037734 -1.047335 2.703531 -0.112994 4.501378 0.120987 4.202209 0.053894 3.696992 -0.001075 0.06054 0.000243 0.037831 -0.029233 0.015801 -0.079562 0.009484 -0.194994 0.010582 -0.093158 0.009994 -0.0751 3.791044 0.288765
59.169482 193.974881 281.93381 680.382201 386.591851 61.551217 454.943175 7.017045 379.225987 0.020831 338.198453 6.852691 -58.731247 224.621807 -120.110773 1141.933573 -164.236411 1437.134393 -191.36726 1628.952031 -172.29706 1453.823055 -150.943342 1430.972795 1062.754981 -1442.837585 0.009765 -0.011241 0.076274 -0.810805 0.64591 -1.323213 0.914093 -0.637744 0.687764 -0.896338 0.628534 -1.304289 0.002786 -0.019725 -0.015786 -0.066511 0.0144 -0.100974 0.046929 -0.069094 0.079912 -0.094088 0.070113 -0.112882 0.298802 -0.409618
56.231029 205.195602 279.181913 690.586439 388.212703 72.426077 469.056199 11.123352 392.233863 0.535634 347.313609 10.137493 -61.936909 243.432031 -116.173528 1207.422048 -162.798243 1494.209327 -190.123895 1681.168596 -174.851863 1500.877666 -153.69958 1478.062851 1090.85217 -1444.70627 -0.037417 0.157739 -0.006748 0.037976 0.001695 0.442082 0.107786 0.470868 0.109673 0.345204 0.060604 0.320558 -0.042588 0.378127 0.032806 0.912926 0.003162 0.555693 0.002026 0.411879 -0.009401 0.374704 -0.012469 0.38116 0.183294 -0.000605
56.978219 205.729755 275.057624 672.326692 393.607707 68.926176 468.546174 10.370594 395.169008 0.504636 350.468564 9.813684 -60.705402 248.615272 -116.065815 1203.403242 -165.680444 1493.640749 -194.555419 1683.263193 -179.825835 1510.420815 -158.271581 1487.692851 1108.142467 -1455.709071 0.002466 0.000347 -0.015345 -0.122324 0.018615 -0.043336 -0.000139 -0.013186 0.005471 -0.000462 0.007132 -0.002628 0.006183 0.027301 2.5e-05 -0.00335 -0.012645 -5.4e-05 -0.025527 0.000652 -0.034879 0.015122 -0.033504 0.015635 0.067976 -0.02087
58.129834 194.805413 282.250156 622.175554 391.459389 61.493292 461.760484 8.943976 392.633906 0.049382 349.534554 6.564813 -58.588679 252.714225 -116.72662 1239.857535 -162.682362 1496.750586 -188.715296 1658.997926 -173.232334 1482.0278 -152.459763 1464.375949 1087.46719 -1464.967447 0.005761 -0.149005 0.046415 -0.971833 -0.002939 -0.21198 -0.024748 -0.052759 -0.004079 -0.238296 -0.000623 -0.32546 0.018781 0.016757 -0.000938 0.27197 0.013687 0.001617 0.044497 -0.088086 0.061574 -0.134703 0.054356 -0.092086 -0.097348 -0.014674
54.987125 203.516607 273.885879 659.951818 382.54523 58.653436 440.394797 6.738333 375.170637 -0.000147 335.573052 6.181453 -60.528362 257.646572 -117.789517 1241.633524 -164.34826 1511.969549 -187.597477 1693.471686 -171.869206 1517.083866 -152.054589 1495.90787 1054.899192 -1518.029131 -0.043665 0.095267 -0.062903 0.556636 -0.051334 -0.033567 -0.253037 -0.155881 -0.198622 -0.054922 -0.142272 -0.005766 -0.015794 0.023835 -0.002409 0.000636 -0.004243 0.038491 0.00166 0.177253 0.002692 0.204889 0.00027 0.167938 -0.247562 -0.471969
55.425564 197.022174 279.312592 629.469668 373.853816 51.884122 421.042582 4.615464 355.991277 -0.071931 321.598444 5.182389 -58.762815 253.315034 -115.535818 1207.463264 -164.158812 1504.663598 -191.623944 1688.941138 -173.592529 1516.703846 -152.540657 1495.68311 1026.765567 -1537.665815 0.000871 -0.052655 0.026618 -0.360352 -0.049936 -0.207471 -0.217401 -0.200227 -0.251593 -0.065571 -0.1486 -0.044002 0.013066 -0.01836 0.010885 -0.238387 5.5e-05 -0.008847 -0.021377 -0.003034 -0.004298 -2.4e-05 -0.000388 -8e-06 -0.190121 -0.063096
55.355563 198.342754 275.740333 646.080856 365.674764 53.903721 412.681927 5.120915 352.356435 -0.024698 315.780678 5.689203 -59.351274 255.382762 -115.063355 1217.189547 -164.684798 1517.451395 -191.804023 1711.896485 -173.712154 1537.527685 -152.410237 1513.733579 1020.876005 -1549.877018 -2.2e-05 0.002205 -0.011495 0.108166 -0.045231 0.01928 -0.041922 0.013129 -0.009326 0.012331 -0.026552 0.01182 -0.001466 0.004202 0.000484 0.019508 -0.000421 0.027055 -4.2e-05 0.077474 -2.1e-05 0.07099 2.8e-05 0.054134 -0.00847 -0.024148
51.97574 197.713508 265.868562 645.508601 351.531655 53.82686 395.209295 5.135304 337.272192 -0.0116 301.567537 5.857666 -64.692344 253.346625 -121.489576 1217.977805 -170.438698 1516.288363 -197.776873 1720.206608 -179.902976 1542.308117 -157.627281 1516.422982 1009.826245 -1550.779161 -0.053228 -0.0005 -0.089973 -0.000127 -0.139463 -2.7e-05 -0.188966 1e-05 -0.164989 0.002446 -0.163635 0.001229 -0.115041 -0.004075 -0.087304 0.000128 -0.049399 -0.000223 -0.045789 0.010061 -0.054196 0.00371 -0.043897 0.001193 -0.030063 -0.000131
49.301611 194.073432 259.176265 639.457055 348.468035 52.266978 391.737281 4.70264 334.001501 -0.050095 298.762821 5.328979 -65.23444 248.370885 -120.173557 1207.626271 -165.653823 1496.996644 -192.901915 1707.067481 -173.179148 1540.863007 -150.857163 1514.10163 988.188323 -1558.484561 -0.03531 -0.01691 -0.042652 -0.01425 -0.006704 -0.011468 -0.007659 -0.009519 -0.007968 -0.013483 -0.006552 -0.0125 -0.001131 -0.024674 0.003583 -0.022088 0.034062 -0.061756 0.030416 -0.025186 0.064028 -0.000339 0.074299 -0.000889 -0.11717 -0.009548
49.80006 193.800093 260.980126 666.310118 348.280467 52.854191 392.597058 4.927892 334.002591 -0.049144 298.002156 5.675038 -63.604573 247.813127 -119.576953 1194.271305 -164.041837 1503.807793 -190.610912 1723.281326 -170.595999 1557.17701 -148.512318 1529.849386 982.006195 -1574.721981 0.001254 -9.6e-05 0.003128 0.276145 -2.5e-05 0.00164 0.000471 0.002635 0.0 5e-06 -0.000485 0.005443 0.01031 -0.000313 0.000742 -0.037128 0.003941 0.00773 0.006843 0.038318 0.009705 0.042954 0.009183 0.040735 -0.009699 -0.042074
49.581911 194.490659 260.712122 669.870197 345.750459 51.861842 390.38979 4.494514 333.563304 -0.090026 296.700942 5.323146 -63.019802 245.369091 -118.742046 1163.110972 -165.008435 1500.920385 -194.952191 1718.090625 -175.664612 1553.834641 -152.220448 1525.052935 993.357107 -1577.579348 -0.000239 0.000614 -6.9e-05 0.004743 -0.004611 -0.004702 -0.003111 -0.009972 -0.000145 -0.00614 -0.001424 -0.005631 0.00135 -0.006056 0.001462 -0.205951 -0.00142 -0.001387 -0.024441 -0.003915 -0.0371 -0.001795 -0.022862 -0.003765 0.032613 -0.001295
49.630524 196.018736 260.866131 730.703074 345.632988 59.85059 390.005959 5.61495 333.443569 -0.03651 296.50385 6.411323 -62.594054 242.287006 -118.879716 1169.10379 -164.028249 1490.313932 -190.768121 1703.144741 -172.111294 1536.44366 -149.340594 1511.250693 984.676576 -1551.459462 1.2e-05 0.00299 2.3e-05 1.321739 -1e-05 0.286011 -9.4e-05 0.062281 -1.1e-05 0.011874 -3.3e-05 0.050564 0.000722 -0.00974 -4e-05 0.0077 0.00146 -0.018804 0.022694 -0.032646 0.018153 -0.048936 0.013751 -0.031371 -0.019047 0.109021
50.246329 191.496323 262.629099 727.194709 347.097701 58.269341 392.80447 4.861772 335.288787 -0.126707 297.490787 5.708526 -62.825337 240.873744 -119.017336 1194.418381 -164.096425 1473.994284 -190.488236 1683.462013 -173.097817 1518.851805 -150.363335 1491.831836 990.207141 -1546.723695 0.001898 -0.02639 0.002969 -0.004221 0.001549 -0.010584 0.005002 -0.027108 0.002546 -0.027187 0.00082 -0.020394 -0.000213 -0.002067 -4e-05 0.13557 -7e-06 -0.044923 0.000103 -0.057198 -0.00141 -0.050646 -0.001745 -0.062785 0.007744 0.003619
50.094764 190.929677 261.058705 734.113129 344.517124 58.653527 390.632667 4.511514 334.000412 -0.189181 296.061659 5.471351 -62.92856 237.208328 -120.1567 1182.874595 -164.043364 1461.687318 -189.355739 1672.482448 -169.714465 1507.3211 -147.550561 1478.352974 979.88586 -1541.283482 -0.000114 -0.00042 -0.002355 0.016377 -0.004814 0.000631 -0.00301 -0.006546 -0.00124 -0.00624 -0.00172 -0.002516 -4.2e-05 -0.014051 -0.002714 -0.028028 4e-06 -0.025797 0.001688 -0.017961 0.016696 -0.021968 0.013279 -0.030584 -0.027037 0.004792
50.0773 191.957511 258.083124 751.402239 343.715279 62.622351 390.57306 5.112448 334.199569 -0.083784 296.222082 6.327999 -62.872495 236.437555 -120.619791 1172.82469 -163.541194 1462.276449 -188.989041 1671.954751 -169.322638 1503.988088 -147.176263 1476.696724 979.284974 -1526.522751 -2e-06 0.00138 -0.008528 0.100613 -0.000467 0.064958 -2e-06 0.01878 3e-05 0.021169 2.2e-05 0.031138 1.2e-05 -0.000627 -0.000445 -0.021438 0.000385 5.9e-05 0.000178 -4.2e-05 0.000226 -0.001845 0.000238 -0.000464 -9.2e-05 0.035511
50.303637 192.763773 257.810487 788.442632 342.999804 70.751475 389.327535 7.185279 333.421148 0.001424 295.245652 8.162226 -62.607683 235.790391 -120.093789 1166.424933 -162.056224 1463.361353 -187.97933 1672.882237 -168.198572 1504.359114 -145.954743 1477.717308 975.248101 -1501.433761 0.000255 0.000845 -7.2e-05 0.445561 -0.000373 0.247965 -0.000995 0.175951 -0.000454 0.10705 -0.000806 0.11656 0.000279 -0.000443 0.000575 -0.008754 0.003386 0.000201 0.001352 0.000129 0.001872 2.3e-05 0.002545 0.000176 -0.004169 0.103943
51.613008 190.609513 258.296892 814.113537 341.163404 77.704583 387.268827 9.252915 333.872757 0.138916 294.790891 10.170275 -62.211959 233.277238 -119.629428 1146.592909 -161.079412 1451.958021 -188.334495 1659.299708 -166.95762 1489.966499 -144.338096 1465.295069 973.027796 -1461.331846 0.008411 -0.006053 0.000229 0.205621 -0.002465 0.162918 -0.002729 0.130555 0.000153 0.112214 -0.000175 0.110308 0.000627 -0.006732 0.00045 -0.085022 0.001476 -0.022302 -0.000168 -0.027682 0.002297 -0.03459 0.004502 -0.026217 -0.001265 0.271408
52.555313 190.315601 251.444989 836.420745 336.751565 87.025628 384.474479 13.388877 333.891489 1.180871 294.029579 15.074481 -62.023721 226.973066 -119.391723 1115.238452 -160.646842 1449.669999 -188.219831 1657.138066 -166.632923 1489.551014 -143.925134 1464.33649 972.27568 -1406.851773 0.004262 -0.000113 -0.046053 0.150749 -0.014356 0.263921 -0.005059 0.380962 0.0 0.509746 -0.000492 0.480942 0.000143 -0.043177 0.000118 -0.217335 0.000291 -0.000902 1.7e-05 -0.000704 0.000158 -2.9e-05 0.000296 -0.000157 -0.000145 0.517461
52.618765 192.731417 244.819472 861.886714 332.573846 101.203728 380.712472 20.198844 332.787582 2.889328 292.793373 19.939967 -62.298399 225.599801 -120.504998 1125.140021 -163.95917 1451.465665 -194.005266 1660.823849 -169.576122 1496.385572 -146.21856 1470.501314 977.475596 -1367.76751 1.9e-05 0.007618 -0.04423 0.190941 -0.013038 0.534732 -0.009248 0.697611 -0.000914 0.37592 -0.001302 0.339693 -0.000303 -0.002083 -0.002583 0.021881 -0.0169 0.000556 -0.043787 0.002047 -0.012883 0.007822 -0.009064 0.006475 0.006934 0.275291
52.223722 197.079655 238.551705 918.677611 327.256861 136.308274 374.119393 42.324184 328.943058 11.51587 288.801286 36.649028 -64.690042 225.390091 -121.974052 1141.221064 -166.370348 1460.670464 -196.928732 1670.096166 -173.814767 1504.088411 -149.770439 1478.30691 980.984385 -1252.386607 -0.000744 0.024252 -0.040638 0.9059 -0.021423 2.608571 -0.028794 4.045696 -0.011168 2.868626 -0.013701 2.523094 -0.022524 -4.9e-05 -0.00445 0.057053 -0.0088 0.014547 -0.010931 0.012906 -0.026161 0.009887 -0.021312 0.010331 0.003143 2.541685
51.809058 198.608692 225.802982 955.742633 324.647512 168.245111 373.031402 65.338081 328.702247 24.043448 288.367712 55.527673 -65.877501 225.215898 -122.518929 1144.966135 -166.69225 1460.784367 -197.021839 1668.731394 -174.133012 1504.143428 -150.122385 1478.783168 981.324182 -1147.846007 -0.000826 0.002954 -0.175039 0.3665 -0.005222 1.679149 -0.000792 2.488486 -4.4e-05 2.279822 -0.000163 1.953971 -0.0054 -3.4e-05 -0.000607 0.003067 -0.000156 2e-06 -1.1e-05 -0.000279 -0.000146 1e-06 -0.000207 3.8e-05 2.9e-05 2.27768
51.721403 202.227282 210.986945 984.381641 324.905957 198.688668 375.620797 85.268724 335.166996 37.607317 291.715508 73.892754 -65.832227 225.173769 -120.849999 1137.491174 -164.873937 1453.939191 -196.564882 1658.256818 -173.781842 1501.697065 -149.484269 1476.907227 991.632744 -1064.015848 -3.7e-05 0.016334 -0.251354 0.211388 5.1e-05 1.265093 0.004478 1.324592 0.031478 1.51061 0.009661 1.309652 8e-06 -2e-06 0.005723 -0.01224 0.004986 -0.008038 0.000265 -0.016489 0.000177 -0.000996 0.00068 -0.000595 0.026931 1.589164
50.252667 204.918889 198.814294 1009.991796 335.601004 290.658025 382.430757 161.04991 352.95684 91.807661 302.667582 137.446264 -65.582049 227.906667 -118.207263 1132.946685 -161.182689 1450.064223 -191.966595 1639.951413 -169.45405 1490.183007 -145.522718 1468.509117 1011.532414 -842.233367 -0.010578 0.008897 -0.180827 0.164439 0.086594 8.720202 0.030589 11.946961 0.229996 11.896642 0.10091 9.782247 0.000238 0.008242 0.014608 -0.004548 0.020895 -0.002585 0.027211 -0.050799 0.027285 -0.022156 0.0266 -0.011973 0.098845 12.945594
50.04196 213.809329 180.611678 1070.277966 343.739812 404.289934 424.037259 255.469449 404.307552 164.868962 345.874822 218.039471 -65.715631 228.549236 -114.278472 1133.876371 -159.123518 1449.760777 -189.758999 1627.655398 -167.619383 1480.114487 -143.668181 1460.720809 1092.579534 -657.005839 -0.000221 0.094392 -0.436878 0.873729 0.048755 9.352995 1.073976 10.842977 1.743073 10.617819 1.440879 9.25627 -6.8e-05 0.000452 0.033199 0.000191 0.006619 -1.6e-05 0.006384 -0.023135 0.004993 -0.017065 0.005946 -0.010354 1.561484 11.486216
49.257677 221.96734 153.745694 1081.821953 350.785313 457.197615 459.192432 302.004394 459.172251 204.692331 393.422072 259.196992 -62.838093 229.866907 -109.256812 1130.172739 -157.699654 1445.501354 -189.385185 1608.515261 -168.253306 1478.153597 -143.66318 1458.053062 1183.329325 -582.724653 -0.003097 0.076368 -1.081104 0.030962 0.035737 1.62618 0.699918 1.94564 1.744789 2.151918 1.530565 1.778053 0.032209 0.001894 0.056412 -0.003029 0.0032 -0.003133 0.000184 -0.056602 -0.000598 -0.00065 0.0 -0.001219 1.810002 2.227361
47.055755 225.668384 150.717879 1061.033891 369.388486 518.681907 522.541837 379.919953 530.969992 282.145322 456.081728 337.817323 -59.189611 237.48831 -103.281001 1132.536244 -150.630155 1460.351104 -186.028095 1628.050996 -165.589695 1503.89609 -141.272194 1479.497012 1289.59648 -483.248648 -0.025174 0.0153 -0.015056 -0.100836 0.240314 1.938803 2.046039 4.465876 2.60655 6.200644 2.314049 5.199364 0.054555 0.062147 0.084026 0.001234 0.081057 0.037944 0.015011 0.058959 0.010626 0.111113 0.010032 0.078271 2.284324 4.651671
42.971736 228.480668 140.675178 1063.947605 370.331204 635.385235 538.902824 503.752438 549.761855 398.544422 473.350998 456.954987 -59.533898 243.948438 -103.98328 1134.813064 -150.121362 1456.843406 -184.860894 1621.310294 -164.530859 1488.693079 -140.648598 1463.465783 1315.800122 -346.704706 -0.092682 0.008708 -0.173109 0.001998 0.000601 5.915888 0.126101 8.719586 0.16339 10.02606 0.160449 8.980199 -0.000499 0.043344 -0.00119 0.001143 0.00043 -0.002109 0.001837 -0.006992 0.001698 -0.038618 0.00069 -0.043664 0.131774 11.309157
41.585706 232.509794 138.037165 1050.806199 379.794026 701.573104 545.249797 586.208955 556.468625 478.113341 480.170076 535.623252 -59.610864 240.832766 -102.762529 1090.774804 -150.75015 1448.587461 -186.945918 1621.477579 -167.442944 1488.059563 -144.11698 1459.125469 1334.408891 -279.209799 -0.01136 0.017608 -0.012485 -0.040832 0.059689 1.639364 0.018579 3.123429 0.020331 3.618462 0.024384 3.122396 -2.5e-05 -0.010012 0.003604 -0.435741 -0.000657 -0.01173 -0.005846 4e-06 -0.012773 -6.7e-05 -0.021123 -0.003223 0.065333 3.649766
41.962086 233.377935 132.745657 1078.500546 377.31182 838.405179 509.128711 754.20955 498.138336 614.341731 431.070647 667.114111 -60.298018 238.23034 -103.553766 1080.136027 -151.932092 1439.806464 -187.872127 1613.714298 -169.783037 1475.489432 -145.856682 1445.453085 1249.558508 -185.672838 0.000848 0.000809 -0.051707 0.180108 -0.004069 6.091033 -0.618903 10.569804 -1.614359 8.527072 -1.323748 7.209313 -0.001969 -0.007069 -0.001517 -0.026068 -0.002308 -0.013348 -0.001144 -0.009315 -0.008119 -0.026659 -0.005219 -0.032179 -1.393502 9.507294
42.055808 239.524112 124.94166 1136.83994 353.749208 885.847417 472.355583 810.132363 473.726366 649.497986 412.757487 701.637045 -60.999399 237.576775 -104.952053 1082.009773 -152.309295 1438.270511 -186.162908 1609.179417 -168.642037 1470.386576 -144.622311 1436.448239 1207.665419 -165.389108 5.2e-05 0.039942 -0.118198 0.768296 -0.379818 0.652802 -0.689129 0.999897 -0.306647 0.489066 -0.198744 0.435442 -0.002028 -0.000449 -0.004689 0.000812 -0.000234 -0.00041 0.003905 -0.00319 0.001923 -0.00442 0.002623 -0.014068 -0.357143 0.586469
45.028244 233.501333 123.396383 1188.695686 313.111892 999.223008 386.015236 957.215135 404.117253 770.012734 349.392822 814.110986 -61.270682 226.431637 -104.730939 1060.234907 -150.308523 1397.045465 -180.527339 1569.449232 -164.283621 1424.022687 -139.822408 1394.648885 1083.725416 -99.742602 0.050744 -0.038344 -0.004808 0.578222 -1.239334 3.412517 -4.353368 6.130919 -2.764199 5.12503 -2.638615 4.178745 -0.000301 -0.133868 0.000117 -0.110668 0.006614 -0.299719 0.043308 -0.248307 0.02853 -0.371362 0.040501 -0.308587 -3.354377 8.255553
45.647022 227.614408 112.406772 1186.700485 290.818705 1036.359834 350.994548 988.066911 375.073434 808.392672 322.070215 856.705815 -61.340639 215.734632 -105.461504 1046.586951 -143.263027 1365.62371 -167.531808 1541.70261 -152.470435 1381.879787 -129.72193 1353.447408 1005.82249 -76.412016 0.002111 -0.03758 -0.256225 -0.000838 -0.4116 0.338787 -0.832514 0.244667 -0.541483 0.466685 -0.556124 0.543032 -2e-05 -0.129411 -0.00127 -0.044206 0.084555 -0.178696 0.242693 -0.123731 0.22036 -0.316498 0.189311 -0.308879 -1.452701 1.551831
44.2237 231.771471 113.782901 1175.347604 295.32882 1025.953438 372.557487 973.738353 390.571882 807.454762 333.921768 857.043952 -62.752366 217.190532 -105.805482 1045.184798 -146.963314 1377.497467 -174.938099 1564.68418 -159.219924 1398.715289 -136.145693 1368.054756 1048.537532 -80.706035 -0.011272 0.018809 0.004186 -0.027283 0.017352 -0.026255 0.321375 -0.052327 0.156878 -0.000272 0.107067 3.3e-05 -0.00803 0.002448 -0.00028 -0.00047 -0.02359 0.025698 -0.080094 0.085012 -0.073087 0.050967 -0.077615 0.039202 0.444122 -0.058689
43.178443 232.632052 115.404837 1131.101688 321.981438 1016.827576 423.016441 943.180236 423.064498 811.406778 363.445082 874.157984 -62.118345 217.795215 -106.002503 1062.832901 -146.891716 1402.238046 -177.245846 1589.245713 -160.781873 1420.540274 -137.871736 1393.684776 1105.463481 -84.729311 -0.00625 0.000797 0.005739 -0.424436 0.575637 -0.020384 1.601782 -0.243583 0.649056 0.004824 0.625221 0.084594 0.00161 0.00042 -9.2e-05 0.073875 9e-06 0.110102 -0.007561 0.095639 -0.003812 0.084479 -0.005436 0.118931 0.752351 -0.048929
41.903495 233.069993 120.19218 1091.849309 342.670261 1030.201523 429.830054 942.967357 472.742996 837.645797 403.101808 910.166477 -61.92856 218.610786 -104.139727 1062.05752 -145.829329 1404.684696 -176.800554 1591.115112 -160.568207 1427.868581 -137.396584 1401.174707 1184.337503 -78.234683 -0.009553 0.000206 0.048645 -0.346582 0.322072 0.043689 0.027218 -1.2e-05 1.378563 0.208765 1.026493 0.363371 0.000145 0.000762 0.008256 -0.000141 0.001928 0.001066 0.00028 0.000549 7.1e-05 0.009427 0.00041 0.010036 1.358842 0.129467
41.972589 232.560966 139.565062 1018.826908 371.619751 1024.204814 502.390016 934.071274 572.562521 837.770525 489.834541 912.590818 -60.450899 218.288619 -100.786103 1049.629848 -143.930712 1396.451139 -176.439419 1580.765611 -157.911627 1432.480258 -135.830894 1407.599922 1331.853493 -79.278635 2.8e-05 -0.000278 0.723429 -1.263545 0.586889 -0.008752 2.828166 -0.021081 4.776956 5e-06 4.222246 0.001612 0.008921 -0.000119 0.027443 -0.03657 0.00622 -0.012101 0.000185 -0.016885 0.01108 0.003718 0.004486 0.007349 4.32791 -0.00346
41.873328 234.79683 140.36401 1019.416015 416.123507 1033.085264 575.200381 938.025198 630.939042 845.464963 544.294047 923.030153 -63.010055 225.192105 -105.577837 1097.646402 -139.809581 1409.113821 -166.419786 1581.775786 -148.140501 1416.01 -127.74033 1397.095815 1390.529054 -73.15429 -5.9e-05 0.005348 0.00114 8.5e-05 1.25813 0.019167 2.46263 0.004175 1.416627 0.017587 1.434975 0.029685 -0.026527 0.053735 -0.055639 0.536931 0.02993 0.028576 0.146437 0.000161 0.156018 -0.047617 0.124203 -0.01967 0.632391 0.12308
40.985652 240.461062 133.650527 1049.872598 418.897406 1063.673102 569.140119 972.379205 613.416073 874.542732 531.315061 950.849035 -63.311802 226.044786 -108.583057 1095.912667 -143.767862 1414.076593 -171.143497 1593.174742 -150.078351 1429.29058 -129.858487 1407.203911 1370.323799 -67.787079 -0.004755 0.033755 -0.082254 0.224148 0.004607 0.223122 -0.016047 0.308912 -0.123385 0.245806 -0.078309 0.206506 -0.00036 0.000806 -0.021086 -0.000685 -0.027627 0.004362 -0.033052 0.020463 -0.006296 0.030994 -0.008709 0.018217 -0.073937 0.102232
40.314233 235.435954 117.076944 1051.459755 398.046595 1061.956708 559.577793 974.725307 579.954449 873.924674 504.065396 948.785209 -61.098642 221.302088 -106.622789 1082.645699 -141.294581 1405.562098 -167.931136 1582.041301 -148.05208 1418.10566 -127.849353 1395.05448 1314.055888 -65.537552 -0.002773 -0.026531 -0.548373 0.000599 -0.26613 -0.000693 -0.040506 0.001413 -0.469217 -0.000109 -0.358647 -0.001121 0.019687 -0.025141 0.008928 -0.040397 0.01073 -0.012856 0.015217 -0.019519 0.006886 -0.021968 0.007832 -0.026338 -0.589787 0.018979
40.322029 234.029715 115.121225 1062.35435 391.098372 1084.355957 544.716866 1000.372847 564.074165 895.859401 487.9968 966.568474 -59.700636 219.713514 -108.212391 1078.220454 -142.399521 1402.162382 -166.931204 1579.702456 -147.639411 1414.024594 -127.886355 1390.895593 1288.8776 -58.868912 0.0 -0.002106 -0.008236 0.028076 -0.030589 0.116884 -0.099999 0.166529 -0.110223 0.135935 -0.130141 0.082557 0.00809 -0.002861 -0.005881 -0.004531 -0.002152 -0.002058 0.001493 -0.000865 0.000288 -0.00294 -3e-06 -0.003104 -0.121778 0.17886
42.921504 232.435818 100.67304 1113.190563 369.476013 1144.853597 449.7143 1082.33389 484.181103 953.618096 423.105692 1013.205114 -57.457893 218.471654 -108.188707 1084.877131 -142.315248 1398.485916 -164.43347 1577.433044 -148.494087 1397.82532 -128.228934 1372.419171 1168.951352 -42.338377 0.040597 -0.002723 -0.484222 0.594029 -0.307413 0.821062 -4.548417 1.613337 -3.04897 0.902114 -2.313795 0.549375 0.021468 -0.00176 1e-06 0.010243 1.2e-05 -0.002413 0.009414 -0.000816 -0.001233 -0.046663 -0.000229 -0.06177 -2.927558 1.35912
46.397014 235.209744 90.252206 1170.224965 323.20122 1202.042259 352.168717 1169.149034 385.383586 1009.476055 334.19107 1054.700964 -58.936158 218.781965 -106.858151 1090.304961 -140.231634 1390.845355 -160.633773 1570.470194 -145.918092 1377.407653 -125.096877 1349.427032 1005.577705 -28.528312 0.067644 0.008227 -0.2846 0.712404 -1.547439 0.696884 -5.955111 1.674379 -5.63078 0.794853 -5.237871 0.416382 -0.009388 0.00011 0.004116 0.006772 0.007683 -0.010465 0.022208 -0.007701 0.01127 -0.075108 0.019363 -0.097112 -6.145864 1.358634
48.41885 246.788812 83.148516 1270.365409 243.317286 1210.87296 259.825534 1216.205102 279.999163 1002.538623 238.942753 1028.627248 -62.403355 222.375664 -110.281585 1119.937009 -134.994066 1377.555427 -148.887001 1554.265341 -135.994052 1336.694761 -115.648476 1308.18675 806.266045 -23.989876 0.021559 0.139102 -0.145569 2.055309 -5.660436 0.016159 -7.006896 0.464185 -8.398483 -0.01196 -7.970009 -0.163168 -0.049547 0.014637 -0.026989 0.198643 0.04984 -0.0319 0.222984 -0.042019 0.17473 -0.305374 0.18548 -0.319998 -10.995995 0.196465
44.854986 235.307932 76.209887 1232.394848 223.67045 1173.917219 233.561176 1176.738785 251.937087 972.246501 213.55587 997.057243 -64.284818 220.5324 -109.582959 1092.928482 -139.05354 1360.33499 -156.576207 1536.867503 -141.079703 1336.784109 -120.494725 1305.144055 770.074925 -28.957214 -0.06811 -0.136725 -0.151129 -0.288051 -0.413468 -0.286358 -0.699559 -0.325477 -0.740717 -0.232346 -0.712711 -0.246022 -0.013972 -0.003836 0.00111 -0.164829 -0.030068 -0.054156 -0.096793 -0.048961 -0.046677 1e-06 -0.049734 -0.001771 -0.41551 -0.233525
45.024564 231.482456 85.367273 1186.249831 230.233498 1153.419429 272.359641 1118.744697 295.906611 946.311577 249.492707 989.309301 -62.505948 217.08127 -106.017047 1077.552958 -139.458754 1368.394948 -160.038964 1544.614674 -146.304918 1355.91215 -125.383971 1328.489861 858.348969 -36.730081 0.00016 -0.015676 0.259706 -0.440238 0.04745 -0.090268 1.489898 -0.732711 1.767331 -0.175301 1.396621 -0.015111 0.012479 -0.013608 0.029491 -0.05446 -0.000295 0.011904 -0.018936 0.009739 -0.047506 0.067941 -0.048616 0.103476 2.394352 -0.461508
43.680204 232.59569 88.495831 1167.06463 239.880874 1148.927649 303.830094 1093.002574 331.451069 941.498544 279.172551 993.729479 -60.960022 216.522045 -103.85884 1063.071731 -138.999706 1376.668014 -161.930443 1558.633984 -147.031895 1385.287006 -126.244416 1356.073473 919.997986 -42.714011 -0.010188 0.001335 0.028151 -0.078204 0.098999 -0.004382 0.860072 -0.149809 1.007738 -0.006136 0.833787 0.004926 0.009679 -0.000361 0.011097 -0.048983 0.000378 0.012467 -0.005556 0.031667 -0.000901 0.157396 -0.001471 0.141713 1.068898 -0.225683
41.547662 237.177117 93.419607 1165.109241 264.689812 1131.906082 335.69994 1073.928497 369.726965 927.249954 314.354296 983.027603 -64.663199 218.558265 -109.885784 1075.723543 -144.600378 1393.776009 -167.579181 1577.218573 -152.639539 1399.1324 -131.557116 1371.015163 997.487346 -48.360885 -0.026684 0.022341 0.066646 -0.00082 0.610277 -0.063516 0.794582 -0.08395 1.045481 -0.054321 1.04363 -0.028969 -0.054594 0.004765 -0.084988 0.037421 -0.055308 0.052823 -0.048421 0.055071 -0.052472 0.034423 -0.054747 0.040933 1.566389 -0.175229
39.698216 242.653433 93.898037 1149.710466 264.712892 1165.560746 346.095673 1110.664585 381.110786 970.725708 323.056362 1026.344854 -63.989245 220.788548 -110.793883 1058.475524 -141.474103 1391.841391 -163.115682 1583.268886 -147.403838 1409.60185 -126.952216 1381.59929 1002.549192 -40.809015 -0.021053 0.031252 0.000611 -0.051219 1e-06 0.24651 0.079259 0.308899 0.086303 0.498001 0.059404 0.466962 0.001765 0.005661 -0.001868 -0.069698 0.017083 -0.000672 0.030124 0.005791 0.045684 0.019512 0.041017 0.020349 0.006405 0.320362
40.290243 248.144833 89.282234 1178.211193 268.933329 1216.719625 357.433803 1169.23443 391.660367 1022.737297 331.663792 1069.451143 -60.956066 223.461282 -108.628899 1100.254615 -137.041195 1393.677211 -155.13894 1569.752439 -142.352439 1387.258801 -123.534472 1363.37463 1006.257694 -27.727166 0.002191 0.030722 -0.058164 0.174474 0.016689 0.549375 0.091369 0.752444 0.072013 0.678635 0.056582 0.443352 0.036822 0.00804 0.010681 0.404325 0.03528 0.000605 0.09998 -0.028971 0.044035 -0.089246 0.023318 -0.0605 0.003423 1.260083
41.147529 249.726625 89.318733 1181.323475 270.192214 1258.801962 361.82582 1225.957068 393.517367 1048.531742 333.216348 1077.864861 -58.689869 225.996576 -107.830228 1110.189682 -138.996473 1420.994104 -158.071581 1600.831998 -144.472754 1418.535753 -125.491717 1392.94167 1014.865524 -27.903897 0.004512 0.002513 4e-06 0.002053 0.00147 0.357713 0.01341 0.671744 0.002196 0.160621 0.001813 0.016484 0.021464 0.007151 0.001473 0.022327 -0.006925 0.132561 -0.01373 0.152332 -0.007837 0.174332 -0.007692 0.158588 0.01833 -0.000281
40.646513 236.839984 90.808894 1105.178918 268.709145 1279.062404 365.264552 1256.536606 402.67972 1148.305062 343.104682 1191.852024 -58.690189 223.139833 -108.494631 1079.601109 -141.99538 1428.354666 -163.017648 1612.418001 -147.03905 1428.522721 -128.311359 1402.951702 1036.379407 -15.281475 -0.001534 -0.17068 0.006164 -1.268226 -0.002041 0.080874 0.008132 0.188348 0.05272 2.266863 0.072291 2.864074 -0.0 -0.009085 -0.00102 -0.213652 -0.016003 0.009507 -0.038097 0.020888 -0.011296 0.017516 -0.015663 0.017919 0.112824 1.885846
37.16448 232.294714 89.554354 1021.592199 272.332099 1393.412652 365.103948 1437.336181 401.878268 1380.980793 342.390285 1415.486776 -58.292366 222.863282 -106.866777 1048.413819 -143.312329 1438.942404 -166.393567 1626.14175 -150.986916 1444.199968 -132.338186 1417.805576 1045.524744 -0.707417 -0.077949 -0.022019 -0.004363 -1.643204 0.01213 2.447538 -1.8e-05 6.07404 -0.000399 10.724968 -0.000372 9.608422 0.000676 -8.6e-05 0.006152 -0.228546 -0.003039 0.019548 -0.017299 0.029078 -0.026149 0.042778 -0.031107 0.03911 0.020087 9.413063
37.84532 228.122047 93.359472 958.528216 278.080321 1552.573195 368.316782 1653.068853 404.99626 1623.920395 347.258737 1653.762019 -56.478649 222.140716 -104.082376 1045.816364 -136.446861 1430.185549 -156.676538 1622.490594 -140.803519 1444.33973 -123.907731 1417.450319 1023.397511 5.259802 0.00309 -0.018908 0.039583 -1.004503 0.030017 4.302565 0.007037 7.539048 0.006024 9.836665 0.017184 9.262999 0.014332 -0.000587 0.018377 -0.001611 0.084254 -0.013363 0.146163 -0.002052 0.177753 3e-06 0.138718 -2.2e-05 -0.118329 9.825134
37.879649 228.750674 94.635193 961.681953 279.838609 1766.100613 369.441184 1942.776414 404.812755 1937.957461 347.667605 1947.796009 -55.478427 225.81364 -101.225256 1045.359967 -136.17407 1439.231601 -156.756155 1636.372783 -140.701619 1465.423526 -123.574622 1439.974286 1022.831083 32.963532 8e-06 0.000432 0.004329 0.00259 0.002771 6.876428 0.000857 11.689479 -2.1e-05 13.870728 0.00012 12.022648 0.004468 0.015058 0.019881 -5e-05 0.000136 0.014259 -1e-05 0.029568 1.8e-05 0.076386 0.000224 0.088775 -7.8e-05 11.888441
38.609485 231.643996 104.080612 1004.463414 283.433017 1970.75168 370.474367 2181.800661 405.434441 2175.187831 348.797237 2173.22789 -54.377247 228.34077 -99.119844 1041.841472 -136.377176 1448.465641 -160.173437 1655.713115 -143.168229 1499.544657 -125.126278 1475.04415 1030.454643 62.646504 0.003482 0.009092 0.224608 0.465497 0.011469 5.60813 0.000721 6.931697 0.000239 6.846966 0.000916 6.170506 0.005519 0.007031 0.011063 -0.002966 -7.6e-05 0.014764 -0.018424 0.056811 -0.010717 0.196341 -0.00484 0.210966 0.014153 4.724393
40.019205 231.867759 108.242527 1033.067255 281.674259 2086.816364 371.177049 2292.704438 404.442274 2284.965791 343.996018 2286.709252 -54.194951 228.060564 -99.277222 1039.191457 -136.486062 1449.106557 -159.668569 1664.292199 -143.069612 1510.750932 -124.8877 1486.640791 1028.608131 79.797349 0.012638 5.4e-05 0.040794 0.200787 -0.002737 1.660326 0.000333 1.374625 -0.000608 1.35119 -0.016637 1.443978 0.000153 -8.6e-05 -6.2e-05 -0.001687 -2.2e-05 7.1e-05 0.000398 0.011084 1.7e-05 0.020859 0.000114 0.022704 -0.000828 1.036287
40.19715 224.315503 90.309746 1019.572644 259.297569 1881.806404 336.746752 2054.179133 349.576009 2000.945552 310.653374 2004.279195 -53.884249 219.829887 -98.54826 1030.756784 -130.949161 1426.815154 -151.327676 1639.275869 -134.731587 1473.068322 -116.855514 1449.967762 918.353355 40.339745 0.000197 -0.062519 -0.811482 -0.044359 -0.462991 -5.29871 -0.837765 -6.549199 -1.998826 -9.42113 -0.849656 -9.304769 0.000447 -0.075632 0.001343 -0.017185 0.057323 -0.086392 0.111871 -0.09472 0.125158 -0.237956 0.133476 -0.228999 -3.124324 -6.664548
40.474249 238.79499 83.75127 1056.258252 206.075718 1879.888867 280.194283 2113.598381 328.173378 2029.925542 271.542624 1998.888818 -55.828951 222.819149 -103.416914 1057.548018 -133.838573 1431.114171 -151.936573 1635.006679 -135.785397 1446.948882 -116.835541 1422.640406 886.149027 49.223045 0.000476 0.226411 -0.123603 0.324193 -3.053343 -0.000489 -2.597435 0.423586 -0.338021 0.104177 -1.315176 -0.003629 -0.017237 0.010094 -0.058691 0.171862 -0.015765 0.003233 -0.000611 -0.002783 -0.002053 -0.116821 1e-06 -0.129987 -0.287393 0.441635
40.735864 234.635108 88.558081 1064.445378 204.726187 2055.48631 276.232662 2296.267329 320.08069 2256.760158 270.847477 2230.299282 -54.410216 221.293487 -99.883972 1040.769754 -133.103275 1436.441462 -153.152872 1646.066109 -136.46378 1466.488597 -118.675546 1442.625224 874.536916 84.835344 0.000421 -0.018276 0.067059 0.015804 -0.002217 3.919553 -0.014103 3.784953 -0.050516 6.005807 -0.000445 6.335843 0.00913 -0.002621 0.0307 -0.067081 0.001013 0.004948 -0.002425 0.018639 -0.000845 0.065525 -0.007188 0.069696 -0.038293 4.816693
41.357089 241.425587 86.231315 1102.063803 190.704818 2094.005125 271.94115 2367.496405 293.680343 2304.704335 264.941806 2259.687221 -55.709525 226.263498 -100.925335 1072.979991 -135.728866 1459.471792 -155.144137 1667.055417 -139.934776 1475.170517 -121.840654 1448.457021 839.058546 92.148243 0.002351 0.048432 -0.015487 0.32662 -0.248666 0.178785 -0.016799 0.543968 -0.568056 0.25197 -0.032548 0.096176 -0.007666 0.027596 -0.0027 0.245431 -0.012822 0.091578 -0.006431 0.066486 -0.021795 0.012812 -0.020827 0.005882 -0.367312 0.151148
40.414282 243.414827 88.821681 1115.308718 190.127922 2175.609006 260.637059 2472.417562 289.821193 2423.32504 254.887784 2372.874938 -55.116438 225.69256 -102.647759 1083.163912 -133.192205 1456.809964 -150.053233 1671.625257 -133.149559 1474.279888 -116.57791 1447.385368 815.855284 117.308977 -0.005435 0.004081 0.019167 0.039558 -0.000437 0.779907 -0.119979 1.13739 -0.012762 1.488261 -0.097236 1.382968 0.001587 -0.000361 -0.007287 0.024051 0.011964 -0.001215 0.042463 0.003128 0.084308 -0.000134 0.058091 -0.000198 -0.162672 1.516689
40.949333 251.998491 84.777819 1121.591423 184.889746 2168.777951 252.70058 2448.366855 283.062656 2411.203902 252.425499 2367.521636 -53.664831 232.749706 -98.869521 1106.076526 -132.385434 1476.465853 -150.9399 1678.789312 -136.025541 1484.634242 -118.867304 1459.903786 811.53565 111.789583 0.001759 0.074367 -0.047106 0.008823 -0.036585 -0.005371 -0.061355 -0.058775 -0.039868 -0.015195 -0.005975 -0.003023 0.009686 0.054321 0.035422 0.119905 0.001225 0.065858 -0.001306 0.007659 -0.015365 0.018117 -0.011131 0.026951 -0.005733 -0.066496
41.560726 254.022849 83.673394 1126.637614 172.513456 2153.524937 223.162449 2457.956424 248.498748 2398.541263 215.613485 2345.12128 -53.508933 231.99348 -101.383335 1086.911791 -128.293941 1458.87025 -144.496325 1670.457423 -126.101942 1474.631209 -109.937588 1447.698544 728.641223 111.808995 0.002265 0.004049 -0.003621 0.005663 -0.21435 -0.026913 -0.917641 0.009372 -1.124921 -0.016669 -1.449908 -0.053238 0.000113 -0.000615 -0.015779 -0.083743 0.032111 -0.052738 0.070277 -0.010364 0.187911 -0.016906 0.174319 -0.025617 -2.232364 1e-06
41.567335 253.910193 83.771563 1124.113402 172.585488 2164.3359 222.46829 2450.976202 247.604493 2408.640976 215.783661 2363.698115 -52.951692 231.987397 -98.754873 1083.727967 -128.694804 1460.710785 -145.824219 1672.519987 -127.784459 1487.004154 -111.881864 1460.54586 731.14171 110.590765 0.0 -1.2e-05 2.9e-05 -0.001415 8e-06 0.013534 -0.000541 -0.004963 -0.000806 0.01061 3.4e-05 0.036644 0.001458 -0.0 0.017261 -0.002335 -0.000313 0.00058 -0.003037 0.000636 -0.005575 0.025846 -0.008521 0.028377 0.002142 -0.003337
41.443764 253.044359 84.067836 1124.123994 174.108552 2163.012018 223.974886 2434.705361 248.28682 2397.681072 216.411549 2359.018375 -52.368982 231.516464 -95.755372 1076.258868 -129.296627 1467.426645 -147.428299 1677.737384 -130.613387 1509.89942 -112.549004 1484.857023 739.064517 102.185763 -9.2e-05 -0.000739 0.000261 0.0 0.003346 -0.000203 0.002542 -0.027094 0.000469 -0.012496 0.000456 -0.002319 0.001612 -0.000239 0.023129 -0.012914 -0.000702 0.007702 -0.004387 0.004063 -0.015486 0.087457 -0.000992 0.100333 0.021348 -0.16607
41.137971 252.379761 85.236363 1127.596132 187.046009 2163.287851 234.389754 2421.792763 253.799746 2392.84242 222.274525 2358.22377 -50.271049 232.575964 -92.505679 1064.920315 -128.42103 1476.694205 -149.494908 1685.219131 -133.641432 1516.620513 -115.505132 1491.51254 755.778857 99.458262 -0.000566 -0.000437 0.004033 0.002677 0.2318 9e-06 0.118338 -0.017166 0.030267 -0.002444 0.039181 -6.7e-05 0.021443 0.001209 0.02805 -0.030022 0.001487 0.014586 -0.007192 0.008323 -0.017349 0.007463 -0.01916 0.007441 0.093447 -0.018447
41.034663 252.205466 87.70364 1123.275824 192.425868 2147.110897 237.715429 2406.803086 255.843515 2380.91826 223.78207 2344.923275 -50.024843 232.757344 -92.10505 1051.880171 -128.610566 1479.782002 -151.962877 1690.864832 -135.179173 1523.789967 -116.760173 1497.758698 762.962008 95.23616 -6.5e-05 -3e-05 0.017601 -0.004146 0.038138 -0.030356 0.011714 -0.023267 0.004098 -0.014892 0.002548 -0.018807 0.000302 3.5e-05 0.000435 -0.040166 -7e-05 0.001612 -0.010103 0.004721 -0.004398 0.008453 -0.003391 0.006526 0.016987 -0.045785
41.294556 256.149928 90.458779 1130.767944 197.605072 2161.380942 239.443864 2428.519842 257.161257 2393.550978 226.977466 2354.038454 -50.90526 236.251357 -90.916049 1079.397831 -131.398009 1487.619285 -155.507614 1687.09835 -142.523167 1512.601876 -122.780199 1491.757937 782.575722 100.635964 0.00041 0.015303 0.021304 0.012451 0.034389 0.023632 0.003131 0.048768 0.001692 0.016712 0.011326 0.008841 -0.00384 0.013015 0.003862 0.177652 -0.014942 0.01035 -0.020434 -0.0021 -0.097125 -0.020612 -0.075658 -0.006023 0.124459 0.074445
43.051559 245.783345 94.875514 1114.117282 214.90339 2174.693038 263.698519 2433.728734 277.993257 2421.957614 244.539021 2390.963353 -49.002118 234.679391 -87.868833 1072.657864 -129.37092 1485.76003 -154.275096 1692.251373 -138.59137 1523.91282 -120.241194 1501.022222 809.152921 103.55225 0.018302 -0.107064 0.052635 -0.061751 0.362857 0.020435 0.584954 0.00279 0.405618 0.083786 0.327152 0.143674 0.018128 -0.002624 0.02597 -0.010554 0.007879 -0.000581 0.002452 0.003929 0.027497 0.021067 0.013264 0.014339 0.221896 0.020827
45.107392 252.574956 98.750727 1131.89024 220.405753 2211.341474 269.435787 2477.40836 287.276412 2464.825836 250.16839 2432.083528 -48.414495 239.993144 -86.406973 1094.541732 -135.645688 1511.481951 -165.137703 1720.478305 -149.550082 1555.276887 -129.086676 1532.213571 851.373046 104.244373 0.023974 0.04628 0.038783 0.070321 0.034777 0.153115 0.030871 0.194247 0.076232 0.18803 0.03203 0.175294 0.001772 0.029744 0.006131 0.110492 -0.074294 0.110373 -0.184761 0.116735 -0.208468 0.159738 -0.156956 0.160378 0.536826 0.001153
]