01-30-21_Raj_4K+Depth.alligator_above_black_wall.0000000006 [ 36.499974 146.211497 65.907499 940.306845 163.824032 2089.944173 211.282626 2351.641659 230.343306 2377.523637 194.56947 2323.346523 -45.691653 140.681329 -123.489163 933.648512 -27.67001 1294.366187 -10.313893 1527.576481 -6.336999 1261.303895 -9.069407 1216.266631 313.091958 175.430458 0.0 0.0 0.0 0.0 0.0 0.0 0.0 0.0 0.0 0.0 0.0 0.0 0.0 0.0 0.0 0.0 0.0 0.0 0.0 0.0 0.0 0.0 0.0 0.0 0.0 0.0
32.850151 141.740653 66.656841 900.708851 159.35804 1996.859775 208.594687 2301.473734 218.962383 2308.362159 182.270574 2239.27485 -46.736765 140.39021 -119.622843 946.551973 -26.638682 1277.567667 -10.230679 1521.31907 -6.117305 1250.668917 -8.469523 1203.571558 298.276946 160.798122 -0.09611 -0.03471 0.002118 -0.425901 -0.030859 -1.060221 -0.008604 -0.270453 -0.144163 -0.510423 -0.200752 -0.774626 -0.005909 -0.000151 0.030746 0.044278 0.009793 -0.05486 0.000169 -0.006421 0.001938 -0.022513 0.010262 -0.033301 -0.179529 -0.318543
32.041779 136.025054 67.195559 887.35154 164.09131 2042.108136 216.413303 2317.392582 229.783865 2351.772021 192.041258 2306.91019 -45.937349 138.83946 -117.72115 920.913371 -24.305738 1269.770848 -8.991813 1519.896378 -4.414106 1276.7086 -6.595362 1236.622496 297.893818 162.920023 -0.005035 -0.058811 0.001084 -0.049892 0.034635 0.253466 0.071923 0.027432 0.130499 0.202189 0.127544 0.503146 0.003448 -0.004306 0.007619 -0.176006 0.053445 -0.011932 0.039963 -0.000333 0.138638 0.134148 0.117033 0.223838 -0.000123 0.006954
32.076135 134.558402 71.435166 897.126504 178.507747 2075.727118 234.221331 2339.700793 251.478638 2380.92873 211.362688 2346.047342 -47.573987 132.723408 -123.092661 913.581239 -26.789853 1274.828521 -10.680256 1525.104377 -5.118124 1278.66466 -7.395214 1241.378984 328.34908 169.946173 9e-06 -0.003975 0.064843 0.026773 0.303453 0.137239 0.352003 0.05343 0.489237 0.089814 0.462975 0.164599 -0.014323 -0.068881 -0.059915 -0.014653 -0.060421 0.005026 -0.072593 0.004454 -0.026034 0.000749 -0.022883 0.004565 0.740984 0.074162
34.733818 139.340315 75.23024 919.477928 184.22948 2102.71388 242.288213 2380.089442 257.833647 2413.700839 215.832696 2365.424391 -46.336418 139.797177 -125.59864 929.611147 -25.156868 1285.851045 -9.058263 1537.201666 -4.348109 1284.211366 -6.560186 1244.460426 329.147081 176.71806 0.052882 0.041746 0.049108 0.137511 0.045129 0.087149 0.068287 0.172812 0.039649 0.112003 0.023387 0.039847 0.008155 0.091822 -0.012626 0.069706 0.025673 0.023724 0.066756 0.023895 0.03137 0.006002 0.025005 0.00191 0.000484 0.066149
34.005325 136.172539 72.622518 915.920826 177.94771 2107.668793 234.989856 2383.247867 249.454673 2421.03839 209.033094 2373.813142 -46.057289 136.179217 -122.476313 915.012975 -23.237927 1261.820459 -7.672029 1504.352641 -3.491442 1253.381997 -5.550857 1217.406864 311.970059 190.465202 -0.00386 -0.018212 -0.022998 -0.003447 -0.054481 0.002916 -0.055805 0.001047 -0.069203 0.005568 -0.054414 0.007424 0.000422 -0.023716 0.01965 -0.057765 0.03806 -0.113335 0.057529 -0.177391 0.046947 -0.187281 0.042132 -0.148651 -0.230148 0.257433
33.911127 134.774762 74.355478 915.51139 191.332713 2110.529312 251.024762 2358.802704 272.564678 2407.65526 230.124801 2380.963631 -46.597509 132.252901 -122.835948 920.938514 -24.522231 1271.900993 -8.902633 1515.775702 -4.127243 1267.366198 -6.246353 1229.470086 343.772191 181.381011 -6.5e-05 -0.003605 0.010217 -4.6e-05 0.242657 0.00097 0.264589 -0.063008 0.511795 -0.018546 0.506785 0.005377 -0.001575 -0.028716 -0.000264 0.009562 -0.017271 0.020053 -0.045747 0.021603 -0.026576 0.03879 -0.020519 0.029736 0.771623 -0.11098
35.193825 135.517292 67.81368 886.58095 170.161166 1955.745567 223.48632 2194.409163 244.498943 2211.472091 205.613929 2184.80743 -46.440994 135.312955 -118.356554 920.065422 -24.490334 1264.099683 -9.102105 1512.370069 -4.361194 1266.645268 -6.419973 1227.015185 314.168856 130.789673 0.011905 0.00102 -0.150587 -0.232237 -0.620508 -2.947008 -0.799776 -2.968679 -0.762253 -4.168018 -0.68993 -4.215611 0.000132 0.017499 0.041599 -0.000207 1e-05 -0.011999 -0.001105 -0.001915 -0.003225 -0.000103 -0.00119 -0.001227 -0.666322 -4.126771
34.936452 134.174115 65.080238 841.245421 162.57055 1730.893091 213.624862 1944.737581 232.755344 1937.778775 195.869805 1909.383232 -45.636311 134.498602 -116.178988 900.313202 -24.033512 1257.342574 -8.733373 1502.775003 -4.53508 1259.12702 -6.58947 1216.112811 302.269312 72.863789 -0.000472 -0.003345 -0.028115 -0.59487 -0.086594 -6.863399 -0.111254 -7.536904 -0.144507 -9.036534 -0.118264 -9.274667 0.003516 -0.001229 0.010109 -0.107165 0.00215 -0.009054 0.003812 -0.015267 -0.0017 -0.011189 -0.001104 -0.024326 -0.114863 -8.411754
34.886442 133.893881 63.515189 817.479935 154.992795 1518.274609 201.859498 1697.319431 220.513016 1646.280857 185.435594 1616.932274 -45.81571 133.933542 -107.40043 897.720388 -17.893846 1226.317933 -4.370223 1458.243339 -2.112067 1208.762033 -3.808751 1159.376706 265.787027 33.722777 -1.8e-05 -0.000146 -0.009524 -0.170259 -0.090424 -6.964109 -0.166615 -8.413725 -0.165357 -11.873689 -0.14279 -12.147968 -0.000176 -0.000595 0.172406 -0.001869 0.451969 -0.19378 0.747741 -0.334882 0.457351 -0.513981 0.37871 -0.677638 -1.172711 -7.446881
36.934608 137.373669 62.376095 795.591534 143.739776 1230.977412 178.832331 1404.011917 185.325548 1299.936064 154.802146 1265.769736 -47.579414 136.124342 -104.132914 887.290641 -12.822084 1137.793941 -1.632883 1324.071423 -0.497442 1064.954549 -1.560642 1024.738422 205.025984 11.703137 0.02921 0.02232 -0.005153 -0.148513 -0.212021 -15.052505 -0.697068 -13.90089 -1.528309 -20.428236 -1.381854 -21.468753 -0.016655 0.008886 0.025238 -0.030471 0.421614 -1.657969 0.660424 -3.236978 0.559503 -4.552308 0.493289 -4.153792 -3.937238 -5.693696
41.353793 155.41925 79.651951 917.366308 127.741947 1033.068213 120.605128 1098.24819 115.434934 899.366288 99.593243 893.736248 -51.07815 142.340207 -102.529431 923.644685 -10.646817 1008.745948 -0.783474 1102.933027 -0.183738 855.460624 -0.851162 841.458076 124.82949 0.549345 0.124826 0.556627 1.054606 4.333988 -0.471769 -8.666601 -5.715848 -18.751664 -8.23327 -36.786528 -6.062969 -32.287805 -0.062058 0.069384 0.006221 0.364936 0.101027 -3.882634 0.154215 -10.095596 0.076535 -11.460817 0.106715 -9.021847 -9.89742 -7.181365
41.148829 155.040439 75.46648 976.995799 90.358013 867.94785 86.01006 857.472041 88.960711 654.985512 75.798336 664.430385 -52.439746 142.523949 -100.44573 947.339021 -8.831354 848.303414 -0.215029 889.835467 -0.06236 663.69496 -0.610044 663.994733 93.733731 -0.028762 -0.000255 -0.000231 -0.056477 0.938722 -3.227826 -7.184672 -2.91684 -14.878025 -1.721781 -19.331424 -1.621592 -16.965129 -0.008955 5.9e-05 0.010696 0.15004 0.08479 -6.943817 0.177602 -11.4266 0.032015 -12.152061 0.020031 -10.496314 -2.22336 -0.829504
41.418979 154.654084 76.476011 973.778901 33.014884 593.72666 21.905206 505.960068 23.967752 370.989778 21.033357 407.391022 -52.647002 143.589247 -95.911633 952.761473 -3.716949 691.964575 0.424106 668.645716 0.404503 509.659148 0.000391 530.154609 18.144888 -10.986154 0.000442 -0.000241 0.003354 -0.002652 -14.136286 -25.953398 -21.10356 -46.091436 -20.577215 -40.08903 -16.974484 -31.277369 -0.000204 0.001983 0.052356 0.007737 1.089561 -7.954821 1.243106 -15.776191 0.784509 -10.154713 0.641319 -7.524097 -29.397396 -9.890671
40.976113 157.725403 75.49579 1049.440225 30.710308 541.57913 21.73042 423.54988 25.031612 295.375736 21.243657 339.734569 -52.655825 144.006735 -78.636242 970.431014 -2.196132 574.627002 0.704393 514.513647 0.516754 386.302201 0.065736 418.252069 18.355264 -6.091386 -0.00119 0.015099 -0.003161 1.41523 -0.041685 -1.198268 -0.00035 -3.660444 0.01155 -4.30395 0.000523 -3.069643 -0.0 0.000303 0.856996 0.081172 0.198919 -5.446813 0.035362 -10.082476 0.006864 -8.53259 0.055988 -6.62483 0.000606 0.7165
40.91608 154.780566 75.61091 1030.652302 20.479184 479.487357 12.393086 352.804676 15.561277 247.296299 12.840381 292.113795 -50.279924 145.63534 -70.499466 974.412516 -2.160461 534.427512 0.427061 452.322804 0.252473 343.926485 0.013616 379.847113 11.849507 -7.950131 -2.2e-05 -0.013875 4.4e-05 -0.08485 -1.032855 -1.889671 -1.302357 -3.230043 -1.120172 -2.134057 -1.052135 -1.797083 0.027423 0.004579 0.222135 0.004075 0.000146 -0.728787 -0.034515 -2.002257 -0.046824 -1.230584 -0.019516 -0.924569 -0.708952 -0.123569
40.762042 148.439108 70.30457 975.968034 12.992646 428.472304 7.310716 304.675974 10.266265 217.961762 8.083589 259.459224 -47.663036 140.355041 -49.711432 942.009791 0.063076 432.019113 5.77703 334.892939 3.276087 258.275818 2.059618 294.829576 1.943529 -1.709383 -0.000145 -0.066319 -0.096517 -0.745264 -0.847987 -1.434311 -0.66675 -1.763918 -0.548603 -0.925693 -0.54787 -0.967467 0.034966 -0.04875 1.811077 -0.273951 2.961843 -5.441111 3.062661 -8.807847 1.709633 -6.122126 1.738307 -5.378061 -4.195149 2.28664
38.618522 124.0714 55.211973 943.518549 9.7565 398.640693 4.726025 280.218828 7.438002 200.450949 5.609443 240.341199 -45.280896 124.976508 -38.092755 908.911579 0.348216 389.480205 6.560477 291.958664 3.759993 221.973556 2.622896 256.170248 0.621259 -0.548647 -0.028946 -1.091659 -0.9107 -0.274304 -0.231353 -0.538146 -0.280785 -0.511557 -0.227368 -0.366579 -0.225377 -0.365779 0.030532 -0.446042 0.772115 -0.295955 0.114886 -1.102115 0.0249 -1.472054 0.01666 -1.374018 0.034003 -1.357884 -0.367121 0.321179
38.143575 123.583898 52.617036 923.511184 8.958296 322.940455 5.593502 199.730412 9.120619 147.862633 6.941195 184.429686 -44.113338 120.907471 -28.133394 893.023806 0.960205 316.940917 8.2683 213.710594 4.122655 161.941897 3.078349 194.221263 0.979316 -0.320086 -0.001469 -0.00048 -0.031228 -0.107204 -0.01703 -3.981798 0.036525 -6.797163 0.085712 -3.992772 0.070856 -3.695823 0.007625 -0.033671 0.753147 -0.070043 0.151946 -3.734241 0.098673 -6.090798 0.008347 -4.722527 0.018221 -4.280722 0.040564 0.030606
40.561816 122.104427 46.68002 933.087648 6.614448 355.869268 3.364515 234.801579 7.079566 170.507727 5.460078 206.350386 -42.772035 121.074328 -26.07281 893.001898 0.833025 305.043032 7.584893 199.515244 3.380935 153.118796 2.593056 185.051632 0.675706 0.467504 0.037159 -0.004455 -0.177647 0.024698 -0.177396 0.799153 -0.281746 1.417613 -0.12909 0.806373 -0.088765 0.615302 0.010354 5.8e-05 0.039179 -0.0 -0.004516 -0.113807 -0.014737 -0.243895 -0.036749 -0.123567 -0.020801 -0.110863 -0.028087 1.56126
39.580981 120.215052 41.867543 927.513875 6.827531 341.297951 3.67036 214.080555 7.09734 158.249086 5.328566 195.898335 -43.487036 123.534075 -25.29068 904.6201 1.098176 302.526779 8.421645 195.906177 3.674404 150.900432 2.85004 183.697852 0.558322 0.087353 -0.006002 -0.007366 -0.130874 -0.008349 0.001689 -0.152292 0.006652 -0.478511 1.1e-05 -0.228629 -0.000802 -0.135816 -0.002963 0.012368 0.005955 0.037545 0.018289 -0.005211 0.021886 -0.016471 0.006106 -0.008094 0.00607 -0.002485 -0.005596 -0.150689
37.856688 126.256873 42.418309 945.971847 4.95447 354.081007 1.892581 233.019584 4.903893 166.469616 3.8859 204.247769 -46.880921 125.653555 -29.23674 930.331307 1.578078 288.882832 10.784195 173.882196 4.5738 138.987408 3.344515 172.90535 0.00575 1.23881 -0.0192 0.074063 0.0018 0.090928 -0.149839 0.117504 -0.291716 0.401306 -0.202149 0.104072 -0.113636 0.087119 -0.063753 0.009014 -0.142972 0.180141 0.043379 -0.157405 0.145865 -0.656438 0.049182 -0.244888 0.019767 -0.163354 -0.450752 0.668245
35.808783 131.213052 44.277544 940.410115 4.099089 380.086107 1.070433 256.103854 2.961761 186.590274 2.193369 225.924092 -46.218951 130.863439 -29.75965 923.712617 0.902279 314.598462 7.95699 204.298456 3.199233 160.919984 2.352214 195.696499 -0.004578 0.949418 -0.028471 0.047707 0.019938 -0.008199 -0.040499 0.460711 -0.116345 0.545037 -0.243539 0.573798 -0.240361 0.546481 0.002353 0.052912 -0.002317 -0.011814 -0.093839 0.548148 -0.214477 1.225142 -0.122503 0.803053 -0.087089 0.705278 -0.02059 -0.01922
35.463146 131.88705 44.598591 931.258911 3.567069 389.274848 0.765441 265.737374 2.300432 194.404552 1.661255 234.188127 -46.221991 131.990363 -30.410626 922.171637 0.645833 329.561052 7.202593 220.083416 2.796002 173.480875 1.974278 208.500519 -0.024151 0.595505 -0.000838 0.000863 0.00058 -0.022372 -0.018483 0.054874 -0.025511 0.088928 -0.041722 0.080145 -0.036905 0.074221 -0.0 0.002416 -0.003522 -0.000643 -0.021388 0.1738 -0.018782 0.293664 -0.013576 0.235992 -0.016539 0.202852 -0.007699 -0.041084
35.862448 133.093098 45.68843 930.201323 4.407659 404.768624 1.235608 284.125634 3.014493 206.188165 2.307109 244.375561 -44.930146 132.450113 -35.10322 921.389146 0.051396 384.023482 4.478972 285.437673 1.856689 224.25275 1.188182 256.03766 0.139596 -0.379231 0.001118 0.002745 0.006578 -0.0003 0.044426 0.151176 0.056019 0.307552 0.048186 0.173348 0.052909 0.108445 0.009155 0.0004 -0.168276 -0.000166 -0.33285 2.081385 -0.32195 4.242332 -0.095803 3.2539 -0.099258 2.438688 0.279876 -1.925175
37.050761 121.400835 55.435859 881.955058 7.721323 407.64262 2.332638 278.494555 4.147405 206.209734 3.451551 246.148383 -45.311905 128.649436 -43.878301 919.638612 -0.572954 433.119696 1.234283 364.998949 0.440329 265.757778 0.19943 290.563223 1.884979 -3.771653 0.009684 -0.268732 0.470877 -0.64236 0.461427 0.005084 0.172822 -0.028181 0.090173 1e-06 0.114865 0.003204 -0.000807 -0.027664 -0.488982 -0.000832 -0.967555 1.476251 -1.01078 4.884298 -0.488645 1.76095 -0.414043 1.091478 0.99864 -1.758958
36.74446 121.483532 57.168063 871.299966 9.133008 423.154368 3.025763 336.536887 4.857279 234.892739 4.176881 268.486519 -44.988696 128.852063 -42.600104 919.385031 -1.345279 473.19371 0.336214 404.122405 0.025551 296.9095 0.000168 321.646439 4.178246 -3.628458 -0.000636 1.4e-05 0.013324 -0.032377 0.059224 0.144822 0.045018 2.744939 0.028025 0.933554 0.034561 0.485031 0.000578 8e-05 0.009447 -1.7e-05 -0.162348 0.8864 -0.282113 0.995705 -0.253739 0.86301 -0.188019 0.78959 0.450416 0.001386
37.361831 120.32938 58.121564 869.517554 8.711052 423.070506 2.571295 337.57427 4.156125 237.331173 3.657673 269.253936 -44.755402 129.435062 -42.317359 926.437916 -1.120607 489.067737 0.500398 415.83673 0.067093 312.111464 0.007571 337.503091 3.167096 -5.112664 0.002572 -0.002754 0.003943 -0.000913 -0.00499 -4e-06 -0.018481 0.000798 -0.027313 0.006296 -0.017223 0.000548 0.000303 0.000658 0.000471 0.013475 0.010256 0.130943 0.016268 0.083682 0.009836 0.18976 0.005483 0.190753 -0.06993 -0.126928
37.248101 117.214807 57.633827 859.268279 8.152199 419.873428 2.171197 335.844766 3.72876 235.493575 3.250977 267.02071 -45.201916 128.57062 -42.502707 916.993189 -0.840773 486.808539 0.793244 411.446824 0.187559 307.517442 0.058833 333.8904 2.243759 -4.797744 -8.7e-05 -0.020419 -0.001028 -0.030382 -0.009263 -0.006063 -0.016907 -0.002221 -0.01159 -0.003571 -0.011981 -0.00465 -0.001108 -0.001448 -0.000203 -0.024195 0.020065 -0.002615 0.033582 -0.011647 0.030296 -0.017031 0.024194 -0.00972 -0.079364 0.005005
37.22766 117.737577 59.705287 854.235326 7.744196 421.330781 1.797027 337.427648 3.11548 236.087394 2.807055 268.342482 -43.752679 130.403798 -43.74369 908.859468 -1.039615 497.613265 0.679848 429.655585 0.177939 323.694755 0.045658 349.665615 1.804305 -6.897889 -3e-06 0.000582 0.018286 -0.007391 -0.005237 0.001262 -0.01768 0.001861 -0.027532 0.000374 -0.016287 0.001632 0.011806 0.006488 -0.008929 -0.018117 -0.010543 0.059297 -0.004371 0.197121 -0.000127 0.207338 -0.000834 0.182056 -0.023924 -0.190103
37.385224 122.446895 61.767309 863.30574 5.962356 426.804488 0.84347 339.412419 1.857404 240.472893 1.715217 274.988529 -43.468958 136.890032 -45.178196 931.310024 -0.752677 501.761633 0.97684 430.506643 0.326661 326.193158 0.130723 352.414058 0.626192 -6.521026 0.000166 0.046172 0.017503 0.023951 -0.116312 0.017663 -0.17819 0.00291 -0.16177 0.020179 -0.133783 0.040649 0.000461 0.07871 -0.011572 0.136956 0.023118 0.00861 0.026838 0.000421 0.022415 0.004802 0.021868 0.00538 -0.304617 0.005293
37.509822 123.375594 60.941036 872.689036 5.916251 426.593208 0.867839 338.497655 1.938845 239.18006 1.760634 273.69563 -43.097407 138.882796 -44.474763 947.986182 -0.850382 526.96365 0.707307 452.71409 0.186405 345.928365 0.074582 371.538979 0.922902 -9.82009 0.000104 0.001754 -0.002782 0.025359 -8.9e-05 -2.6e-05 0.000174 -0.000617 0.000874 -0.001742 0.000297 -0.001523 0.000797 0.0072 0.00276 0.07399 -0.00298 0.30875 -0.021708 0.279233 -0.019543 0.289801 -0.007825 0.252659 0.028681 -0.336484
37.639966 122.949466 62.089833 871.829625 6.494325 428.220771 1.122672 341.058493 2.278211 241.532382 2.061089 275.711928 -43.077023 138.43683 -45.543586 945.498931 -1.002366 538.616026 0.690663 472.717466 0.18105 358.064571 0.062792 381.472404 1.174784 -11.433069 0.000113 -0.000369 0.005364 -0.000212 0.01347 0.001549 0.01638 0.004825 0.013677 0.005755 0.011829 0.0037 2e-06 -0.000359 -0.006345 -0.001634 -0.006244 0.063713 -9.9e-05 0.216214 -3.9e-05 0.104616 -0.000507 0.065522 0.015177 -0.061296
42.156291 119.954308 64.707734 860.259231 7.545154 438.789186 1.525731 354.421489 2.828547 249.909013 2.598684 282.784142 -41.69571 139.617949 -45.975129 937.139663 -0.894341 530.15008 0.887584 461.770474 0.281588 346.657651 0.102423 370.445457 1.325216 -7.897414 0.12791 -0.018467 0.027028 -0.038646 0.039381 0.064414 0.03085 0.128391 0.02974 0.071395 0.031115 0.044779 0.011255 0.002509 -0.001017 -0.018558 0.003079 -0.033531 0.012333 -0.064121 0.011056 -0.092325 0.004823 -0.08086 0.00453 0.326096
39.84775 120.206229 64.238423 842.775055 7.337493 439.578003 1.385668 355.74222 2.411806 250.559313 2.24242 283.501759 -44.435062 139.392386 -55.435282 927.278087 -1.103843 531.30613 0.858889 464.394909 0.310534 350.893719 0.086187 375.162902 0.991505 -8.427943 -0.032501 0.000132 -0.000854 -0.089753 -0.001449 0.000354 -0.003371 0.001228 -0.016597 0.000422 -0.013127 0.000455 -0.043573 -9.1e-05 -0.442213 -0.026081 -0.011013 0.00063 -0.000236 0.003718 0.000708 0.012862 -0.0007 0.014924 -0.024161 -0.008623
40.134141 117.562631 66.894043 822.229923 8.354975 438.555362 1.895107 355.469764 3.093594 251.491209 2.894933 284.784193 -44.308089 138.944758 -56.156814 928.915971 -1.800072 535.51028 0.484744 479.011869 0.131331 357.584032 0.004269 378.949205 1.950115 -9.311152 0.000513 -0.014697 0.026893 -0.126762 0.033021 -0.000595 0.039794 -5.2e-05 0.042379 0.000865 0.041607 0.001447 9.1e-05 -0.00036 -0.002333 0.000723 -0.084698 0.008284 -0.053143 0.113243 -0.03797 0.03159 -0.052093 0.009505 0.160578 -0.022001
38.929323 120.008301 71.846231 828.166176 8.293754 444.995702 1.835504 361.126274 3.563872 257.002899 3.315605 291.678148 -45.742029 141.997582 -64.8242 942.462621 -2.467328 541.151291 0.361896 480.17099 0.090076 359.740293 -0.005521 382.972379 2.520775 -8.617224 -0.00918 0.012589 0.08841 0.010676 -0.000113 0.023473 -0.000476 0.022325 0.016631 0.029872 0.014263 0.041224 -0.011418 0.016587 -0.310876 0.049032 -0.052489 0.014778 -0.00896 0.0007 -0.003877 0.003241 -0.0195 0.010622 0.036569 0.013434
37.541734 119.256751 79.181651 782.531703 11.196288 417.088625 3.162261 347.701502 4.606594 251.037888 4.434253 286.516296 -46.382886 143.640463 -78.066385 911.67832 -4.639492 568.849363 0.001383 506.272236 -0.006596 383.826458 -0.260122 407.992772 4.961823 -14.042364 -0.01259 -0.00118 0.178246 -0.64659 0.21734 -0.451817 0.179324 -0.12714 0.06681 -0.035019 0.08116 -0.023042 -0.002229 0.004725 -0.614924 -0.255573 -0.340093 0.345632 -0.31853 0.345379 -0.145424 0.390211 -0.189851 0.395831 0.40937 -0.659025
37.448373 117.481603 80.390312 784.362206 13.820692 396.199689 4.967746 324.375322 5.186189 231.637373 4.866268 269.996788 -47.444492 143.197685 -85.133215 910.492701 -6.770275 572.561522 -0.166512 515.337213 -0.178437 380.413524 -0.769577 405.285514 7.288589 -18.357409 -5.8e-05 -0.006655 0.004578 0.001069 0.138037 -0.268306 0.203013 -0.40492 0.017167 -0.390047 0.010039 -0.245236 -0.006006 -0.000342 -0.153075 -0.000386 -0.200728 0.006036 -0.19825 0.040219 -0.116418 -0.007621 -0.13486 -0.004506 0.222995 -0.288627
38.561056 115.940631 90.770729 784.454188 19.504959 387.950152 8.02344 315.433572 8.895539 222.866574 8.278689 263.028958 -47.660937 140.96178 -100.450987 906.995223 -8.386655 582.736739 -0.356267 546.108042 -0.284871 397.526856 -1.050913 422.110489 12.364167 -25.093679 0.008145 -0.005087 0.315061 3e-06 0.488353 -0.043395 0.364482 -0.062486 0.497333 -0.084635 0.450656 -0.045544 -0.000246 -0.008797 -0.63323 -0.003365 -0.086434 0.04481 -0.035654 0.44611 -0.012391 0.188255 -0.02187 0.171084 0.666726 -0.525341
38.761631 115.761831 103.56244 787.500146 21.693981 373.930113 9.097916 293.315186 9.63982 207.803277 9.141872 251.599451 -49.519185 140.905385 -113.636715 907.168276 -11.807688 587.838806 -1.265938 553.176604 -0.995004 405.21988 -2.202621 432.633819 16.828903 -32.65769 0.00026 -6.9e-05 0.421455 0.002951 0.058196 -0.129009 0.033748 -0.401959 0.014949 -0.263511 0.021398 -0.126936 -0.017768 -6e-06 -0.406442 8e-06 -0.29188 0.011119 -0.279057 0.022726 -0.215079 0.036863 -0.210665 0.064782 0.343435 -0.497493
38.8188 121.065671 120.350892 792.778314 22.464038 326.368222 9.288395 227.910627 9.448024 164.636536 9.147496 212.807349 -49.622882 144.801495 -116.102549 918.787998 -12.679377 598.823124 -1.873947 562.629313 -1.264537 422.275948 -2.504949 456.618931 17.625555 -59.5718 2.1e-05 0.059398 0.630265 0.008815 0.006715 -1.616988 0.000987 -4.119836 -0.000964 -2.510027 1e-06 -1.622997 -5.4e-05 0.026566 -0.013234 0.036972 -0.01552 0.050839 -0.05943 0.040041 -0.016133 0.175796 -0.009718 0.323525 0.009211 -4.014358
42.881292 124.33937 125.790962 794.730645 23.686871 304.306641 9.961279 210.293074 9.692783 148.730238 9.482976 194.841687 -49.82509 144.360798 -124.04126 888.345583 -14.38358 607.885159 -2.699563 585.652759 -1.451983 452.68061 -2.819662 484.365655 18.647765 -82.460774 0.101065 0.021837 0.060124 0.0012 0.016203 -0.385985 0.011764 -0.354291 0.001565 -0.403957 0.003021 -0.396078 -0.000206 -0.000336 -0.131255 -0.25643 -0.053712 0.034027 -0.075138 0.230837 -0.006475 0.528439 -0.009309 0.409171 0.014406 -1.856446
44.833671 132.387697 146.359788 775.825146 20.019522 297.232801 6.568265 209.421929 6.228727 152.622455 6.756324 198.963246 -50.357594 150.0068 -135.002307 869.87948 -13.918385 609.323103 -2.192804 591.418353 -0.725672 475.984814 -1.994261 513.905965 11.206462 -89.548939 0.021731 0.126187 0.778397 -0.113791 -0.154133 -0.041594 -0.351989 -0.000904 -0.381407 0.025137 -0.230545 0.021569 -0.001415 0.05415 -0.232004 -0.096975 0.003823 0.000849 0.026316 0.014121 0.124693 0.292447 0.07129 0.437166 -0.942259 -0.146106
48.974375 130.171119 152.615386 738.378115 17.297211 288.016393 4.849557 206.232331 4.799076 154.353063 5.049008 200.90471 -49.617928 150.155104 -146.591928 860.233358 -12.182333 611.090837 -1.159844 597.014252 -0.160655 480.767151 -1.107691 519.91169 6.715855 -90.297738 0.09143 -0.009357 0.065452 -0.463113 -0.099431 -0.072574 -0.130098 -0.012238 -0.093063 0.004878 -0.124111 0.004713 0.002736 3.7e-05 -0.238599 -0.026891 0.0578 0.00128 0.163096 0.013175 0.203443 0.011952 0.129394 0.017445 -0.5717 -0.001559
46.349768 132.101868 153.379337 573.562606 8.455825 258.978535 0.15332 194.685635 0.020418 156.642818 0.388411 203.0464 -53.031963 153.370405 -160.13625 776.3952 -12.060561 599.010419 -1.096678 593.940466 -0.13744 487.721516 -1.060301 527.306046 0.263805 -91.560309 -0.036139 0.007107 0.000954 -10.393832 -1.565255 -0.771298 -3.27831 -0.166311 -4.19344 0.008429 -2.636641 0.005678 -0.056789 0.017031 -0.299187 -2.148763 0.000306 -0.060301 0.000884 -0.003967 0.000905 0.024969 0.000518 0.026106 -4.317575 -0.004383
45.080495 133.528727 148.569998 520.456415 2.636776 252.303067 -1.523067 193.439974 -1.89072 160.10231 -0.504911 205.731465 -54.420241 154.898049 -169.981685 757.102619 -8.798103 610.180148 -0.090381 618.173596 0.320956 523.437255 -0.105308 564.743812 -3.769673 -104.562834 -0.008811 0.003832 -0.038303 -1.289708 -1.648848 -0.04358 -2.642858 -0.001999 -2.304095 0.018893 -1.779014 0.008819 -0.008969 0.003785 -0.146848 -0.121363 0.256717 0.05159 0.557396 0.242264 0.878455 0.630965 0.497303 0.641911 -6.027928 -0.431494
43.221851 131.511657 143.148974 442.897894 0.204854 227.324672 -6.315066 183.802322 -7.640709 157.370184 -3.933809 201.789809 -56.223968 155.398667 -175.954105 769.522409 -6.439969 611.02144 0.087614 616.554879 1.26983 517.241139 0.023963 560.308256 -15.140276 -104.00346 -0.019563 -0.007675 -0.050374 -3.127148 -1.371727 -0.650863 -1.635466 -0.12313 -1.929734 -0.011756 -1.620052 -0.019063 -0.014703 0.000404 -0.051559 0.050521 0.183569 0.00029 0.355968 -0.001061 0.313978 -0.018446 0.229739 -0.008744 -3.800496 0.00075
40.224893 129.819977 140.754226 378.633669 0.017283 196.451582 -7.871155 168.201046 -10.273562 150.462679 -5.753731 191.365281 -56.388872 155.15067 -172.952222 759.077872 -6.014209 607.029288 0.071394 614.581825 1.434132 515.897002 0.059876 558.30489 -19.384581 -109.140711 -0.053835 -0.005475 -0.0101 -2.517388 -0.103133 -1.126085 -0.085602 -0.345905 -0.194531 -0.077509 -0.172483 -0.138228 -0.000121 -9.9e-05 0.012914 -0.035683 0.00728 -0.006542 -0.000829 -0.001581 0.004996 -0.000874 0.008081 -0.001794 -0.26188 -0.061919
38.112954 125.160684 138.099078 371.582868 0.248714 171.931099 -5.153677 135.861392 -6.91791 124.085011 -3.7254 161.988093 -55.267304 155.440503 -178.373984 739.417482 -7.197251 583.250954 0.002105 580.803233 1.161655 493.801538 0.003253 537.728583 -13.749212 -122.817385 -0.028473 -0.042573 -0.012641 -0.033134 0.134871 -0.816979 0.286639 -1.724691 0.33068 -1.270079 0.219552 -1.223302 0.005633 0.000135 -0.041838 -0.128979 -0.053075 -0.237535 -0.048982 -0.477345 -0.01434 -0.241789 -0.035216 -0.193161 0.482746 -0.403552
38.643491 124.626193 160.427529 395.036432 1.968353 189.307678 -3.148391 144.208727 -4.135409 128.210644 -2.018856 165.472442 -53.885518 153.737195 -177.392046 731.117212 -9.572151 553.65461 -0.193371 535.819015 0.119435 470.01389 -0.272048 521.862845 -5.660422 -107.263096 0.001834 -0.000572 0.836205 0.358847 0.817701 0.418173 0.245818 0.124422 0.355957 0.033734 0.259351 0.018538 0.008746 -0.004692 0.001355 -0.023425 -0.16902 -0.385297 -0.235824 -0.906484 -0.536128 -0.293593 -0.334799 -0.118789 1.765786 0.526366
39.134133 124.056197 195.620629 377.26169 22.554587 250.430449 5.874282 244.874592 2.632829 221.254918 5.073064 257.078392 -52.154095 153.356159 -178.79495 721.311127 -10.583508 551.136365 -0.476941 534.737865 0.009063 468.189502 -0.51033 520.020014 2.332947 -45.738804 0.001548 -0.000653 1.743576 -0.204573 11.196967 4.268694 17.623728 13.247966 13.367577 12.614049 13.492477 10.04925 0.014136 -0.000236 -0.002763 -0.033103 -0.02539 -0.00287 -0.062936 -0.000546 -0.062697 -0.001774 -0.037168 -0.00163 15.261234 12.914988
39.964323 124.999497 213.353663 348.087944 39.901949 307.412823 18.646659 324.436944 11.045384 293.949966 14.978641 326.335704 -51.033814 153.127794 -179.821359 723.493727 -11.207839 545.484341 -0.541141 532.812707 -0.001274 454.191493 -0.701504 499.99439 11.283935 -17.36222 0.004357 0.001786 0.384631 -0.586925 2.45747 2.917939 3.589077 5.586907 2.892926 5.154394 2.617531 4.125366 0.006081 -8.5e-05 -0.001469 0.001649 -0.008945 -0.014565 -0.002026 -0.001736 -0.017134 -0.106223 -0.015175 -0.196597 3.355337 6.7405
39.207847 117.790617 207.202255 351.310306 29.017353 358.053743 9.875044 383.754529 5.388004 350.001292 8.900055 382.08523 -52.779251 146.952187 -186.979251 665.980442 -13.30428 544.306145 -0.882818 538.777332 -0.047443 459.055903 -1.211746 501.398806 6.446627 -7.383548 -0.003614 -0.107046 -0.04499 0.007423 -0.864943 1.929643 -1.382316 2.488571 -1.004509 2.444071 -0.786643 2.197025 -0.014674 -0.063553 -0.069848 -1.190809 -0.089815 -0.000637 -0.0416 0.0166 -0.033166 0.012955 -0.069293 0.000985 -0.672623 2.101141
37.714821 118.381845 198.967787 349.788674 19.775237 355.002313 4.090911 373.274576 1.625025 339.453599 4.066331 373.61414 -54.669927 147.253139 -190.287234 663.544484 -14.972529 547.012128 -1.391913 548.845165 -0.194867 464.540708 -1.668246 503.660001 2.945351 -9.790265 -0.014491 0.00074 -0.083479 -0.001651 -0.883299 -0.006529 -1.254082 -0.072543 -1.095043 -0.080687 -0.934666 -0.04748 -0.016635 0.000154 -0.014503 -0.002232 -0.049254 0.003355 -0.057701 0.046599 -0.050008 0.016286 -0.036409 0.002544 -0.67703 -0.169473
37.47515 117.97376 197.484939 349.155106 14.613234 344.342125 1.438118 355.338631 0.354313 322.913035 1.995322 358.495887 -55.893948 147.058421 -193.829965 663.751162 -15.199684 558.836112 -1.493545 572.590761 -0.186585 484.86886 -1.676486 519.800523 1.055133 -16.40215 -0.000382 -0.000352 -0.002773 -0.000287 -0.389638 -0.081252 -0.677962 -0.220794 -0.461751 -0.206557 -0.364763 -0.156114 -0.006776 -6.4e-05 -0.016338 1.6e-05 -0.000855 0.063214 -0.00179 0.251426 9e-05 0.217652 -1e-05 0.12728 -0.474729 -0.848272
36.688262 119.728541 176.336192 328.821452 1.156508 308.050431 -4.243277 307.302057 -6.484122 278.310468 -2.209048 314.983084 -56.187013 146.99735 -195.330041 662.879065 -13.141378 617.777681 -0.550724 677.162275 0.185824 572.48679 -0.439072 596.627356 -8.865307 -52.476354 -0.004175 0.006477 -0.598719 -0.304989 -7.547741 -1.01021 -10.621976 -1.743443 -9.869875 -1.656733 -8.403303 -1.407129 -0.000383 -6e-06 -0.002891 -0.000287 0.074842 1.477244 0.230399 4.38263 0.744817 3.63649 0.399635 2.646551 -16.037328 -10.202273
35.826049 118.47246 172.758739 315.994458 0.87572 232.638598 -4.362675 219.257245 -7.015655 202.05432 -3.0132 241.514319 -58.038663 145.621889 -197.603563 680.621962 -9.806534 634.050714 -0.094487 670.749195 0.553612 566.912657 -0.092881 599.362481 -11.510813 -92.070674 -0.005126 -0.003312 -0.018331 -0.127593 -0.019491 -5.284806 -0.000828 -7.413071 -0.010468 -6.091313 -0.062285 -4.87099 -0.015009 -0.003233 -0.006577 0.117166 0.243607 0.105774 0.188982 -0.015256 0.097955 -0.013635 0.128064 0.003128 -0.172468 -5.528565
32.713576 118.794727 145.31176 309.575393 -0.007181 168.089826 -9.783254 146.423972 -13.515892 134.669258 -7.718888 172.919223 -57.682752 145.777509 -197.270901 680.62725 -8.291282 616.899919 -0.029936 639.11631 0.78007 539.920308 -0.017512 576.982081 -20.790064 -135.291254 -0.070707 0.000219 -1.186442 -0.032934 -1.041499 -5.232879 -1.079765 -7.326551 -1.056143 -6.811436 -1.086664 -5.71619 0.000547 4.2e-05 0.00014 0.0 0.063544 -0.117576 0.018054 -0.382018 0.019367 -0.32918 0.029732 -0.212917 -1.361547 -4.145827
35.144197 124.261287 160.801297 295.694203 0.520179 109.65666 -3.458542 71.844715 -6.290779 72.030047 -3.024924 107.195572 -55.712728 154.381945 -180.010999 703.377208 -6.451273 562.468857 0.007091 559.885209 1.11852 481.191469 0.010508 525.661729 -12.714527 -180.876278 0.043546 0.061482 0.392142 -0.159196 0.649594 -6.216238 1.608087 -13.136646 1.364817 -9.719783 1.079641 -7.819551 0.017114 0.123354 0.39501 0.186992 0.115276 -1.25674 0.066167 -2.620695 0.03041 -1.690282 0.055151 -1.194949 0.987775 -3.303482
36.964028 121.570134 192.188643 317.095436 6.437277 125.827398 -0.046695 84.279412 -0.419098 81.036864 -2e-05 117.4796 -54.279627 148.517185 -179.515764 692.566941 -6.970308 534.799478 0.017538 522.637762 0.715421 447.818022 -0.012124 493.625526 -2.229657 -147.857415 0.022968 -0.014731 1.398228 0.373825 3.297656 0.55588 2.701503 0.495976 3.462445 0.265221 3.009476 0.235488 0.009336 -0.056782 0.000341 -0.041858 -0.01004 -0.348919 0.002325 -0.640995 -0.044849 -0.599642 -0.045205 -0.503573 4.295422 1.662454
37.244754 120.654685 205.975107 318.512805 24.692865 183.349267 7.424646 159.483796 4.017464 144.606542 6.378945 181.181424 -52.344485 147.278599 -179.231094 680.233421 -8.223063 524.180178 -0.001544 512.021276 0.403965 434.207148 -0.101817 479.150159 1.873556 -77.658248 0.000531 -0.00173 0.23875 0.00158 5.914685 5.398054 8.648958 11.890825 7.03172 9.139728 6.401426 6.872599 0.017562 -0.002593 0.000113 -0.055405 -0.051735 -0.053246 -0.029488 -0.054469 -0.044202 -0.105024 -0.043673 -0.107706 8.190944 11.204228
38.871626 120.089543 218.884951 322.046041 41.721501 203.130577 19.53556 203.229642 12.371021 183.421347 16.181153 216.28653 -50.122738 147.557439 -175.895207 683.60057 -8.310155 509.38347 -0.000364 499.297449 0.371184 412.085681 -0.105838 453.774048 8.456449 -45.651372 0.017388 -0.000663 0.196185 0.009744 2.22018 0.506568 2.873312 2.647695 2.288821 2.30453 2.240778 1.553309 0.024089 0.000132 0.015668 0.004157 -0.000229 -0.105922 0.000408 -0.080045 -0.000693 -0.289169 -3.9e-05 -0.345187 2.369193 4.226362
39.778248 118.082548 219.573148 331.158794 34.50579 296.057966 13.361934 310.192773 7.908373 276.815666 11.728639 307.636611 -50.476858 146.23903 -176.836141 682.929372 -10.859646 516.763676 -0.263817 504.075031 0.006875 418.647846 -0.610836 458.278883 7.448898 -14.616151 0.005226 -0.008456 0.00054 0.063568 -0.34229 8.7258 -0.584471 11.265602 -0.497114 9.575711 -0.357449 8.025263 -0.000623 -0.002958 -0.001255 -0.000165 -0.170291 0.02654 -0.24457 0.011374 -0.277026 0.025918 -0.208147 0.011125 -0.031945 8.60526
40.288578 118.383466 215.59423 362.721268 26.554887 349.632513 7.653335 365.579597 3.875004 320.622958 7.1083 355.289083 -49.818359 146.682077 -174.463909 686.558974 -10.434996 532.448173 -0.288973 528.998031 0.033155 439.594749 -0.421076 478.029282 3.191285 -9.367073 0.001626 0.000191 -0.018191 0.718212 -0.519869 2.226445 -0.7902 2.273598 -0.711796 1.608253 -0.575429 1.714897 0.002162 0.000335 0.00801 0.00481 0.004235 0.117239 -0.000573 0.300679 0.009835 0.255661 0.017598 0.20833 -0.888966 0.581467
44.153173 116.868401 208.971741 359.587803 15.75288 285.872667 1.747813 284.152561 0.574579 245.715415 2.224427 281.423226 -49.769275 147.133675 -171.735845 720.713346 -9.734599 669.200841 -0.017933 710.938104 0.159781 583.165308 -0.219742 605.652435 0.128367 -71.800263 0.088481 -0.004879 -0.051653 -0.006797 -1.40222 -3.206583 -2.086341 -5.122575 -1.465293 -4.975734 -1.379893 -4.299153 1.2e-05 0.000347 0.010749 0.414523 0.012164 7.806872 0.162932 13.420979 0.047367 10.127039 0.032449 7.541208 -2.039565 -29.299878
43.198812 115.03107 202.819946 358.45447 11.866296 243.079235 0.435249 223.889348 0.008616 193.289789 0.71849 232.760527 -52.685327 145.415603 -170.040828 731.449897 -7.78359 743.896959 0.004268 813.418788 0.586295 665.98198 -0.022495 680.068025 -0.452763 -141.699427 -0.005214 -0.007279 -0.045954 -0.000894 -0.274828 -1.733886 -0.438661 -3.58683 -0.442475 -3.141552 -0.414496 -2.307915 -0.041507 -0.005045 0.004203 0.039691 0.108981 1.975593 0.039697 3.448728 0.133936 2.748337 0.101623 2.155338 -1.063292 -11.766637
45.132055 118.88953 199.030344 425.207276 12.892506 212.891613 0.837154 165.572208 0.191014 128.229609 1.070039 170.073007 -50.640706 145.657783 -158.38333 753.93981 -8.063723 782.329797 -0.003174 874.011721 0.517354 729.728782 -0.027714 743.990439 -0.079649 -246.164842 0.021158 0.031824 -0.017869 2.848199 0.021276 -1.000386 0.065141 -4.390894 0.118493 -6.651336 0.03489 -4.907497 0.020232 0.000101 0.206958 0.170267 -0.002476 0.483977 -0.014802 1.088249 -0.002155 1.456525 -0.000272 1.435382 0.152611 -14.332921
42.53275 123.706579 183.325782 450.577902 14.734108 131.90163 2.016341 74.48063 0.83517 53.617815 1.841306 87.427104 -50.533069 142.871626 -146.553177 782.673769 -9.189006 861.755829 -0.134434 972.979642 0.19281 819.092555 -0.159086 827.481228 0.225411 -453.578155 -0.038544 0.047829 -0.322654 0.367558 0.061449 -9.647002 0.255043 -17.95446 0.227362 -16.011463 0.10402 -13.623171 5.7e-05 -0.013452 0.229565 0.268679 -0.036736 1.919663 -0.096295 2.653421 -0.078496 2.580201 -0.054001 2.21946 0.573044 -31.446671
42.35397 124.615747 174.358586 465.327645 14.974074 92.887244 2.155172 41.15575 1.165435 25.354027 2.043397 50.950561 -47.617452 137.26827 -126.555084 790.308853 -9.163439 936.319657 -0.575737 1099.492183 0.112566 926.550037 -0.162346 917.494851 0.553603 -645.363533 -0.000188 0.001664 -0.112422 0.118773 0.000969 -3.411559 0.002311 -4.905965 0.027449 -5.231012 0.00526 -4.894183 0.043315 -0.056045 0.733155 0.01853 1.8e-05 1.546697 -0.153759 3.865037 -0.010731 3.310549 -1.7e-05 2.323198 0.072506 -16.864425
45.748802 117.456408 174.320023 448.561635 20.088013 58.26743 4.886933 16.293293 3.815582 6.936327 4.682252 23.891651 -43.68501 132.271203 -111.963335 814.705822 -7.266062 985.220741 -0.369186 1171.360549 0.353001 977.381677 -0.008012 961.312494 1.847458 -819.643303 0.06543 -0.105893 -2e-06 -0.153806 0.374949 -4.017989 0.551441 -5.658593 0.763523 -5.767622 0.539309 -5.062759 0.084725 -0.046325 0.446755 0.185433 0.109928 0.62234 0.022851 1.137537 0.06689 0.678679 0.098228 0.511028 0.378431 -10.40325
47.412392 116.204688 170.441499 456.771402 22.720943 40.001032 6.790234 5.248353 6.137873 0.730116 6.664578 10.494846 -41.904962 127.464815 -115.635401 793.217237 -8.43426 1056.039946 -1.201787 1295.179262 0.142066 1085.635069 -0.060288 1053.674696 4.41234 -1030.05747 0.014855 -0.003353 -0.021817 0.037225 0.081045 -1.712627 0.156157 -3.047003 0.274703 -3.165633 0.174501 -2.717004 0.018512 -0.044475 -0.029624 -0.143595 -0.043521 1.228866 -0.238783 3.10977 -0.047186 2.842167 -0.024344 2.117945 0.549592 -12.006884
43.361544 119.667569 158.786855 426.091075 22.55153 27.040265 7.500458 0.850904 7.04108 -0.060565 7.636064 4.644115 -42.982091 131.28441 -118.019989 822.097983 -11.578455 1182.629841 -2.182207 1453.203365 -0.012473 1240.831768 -0.597807 1189.43869 7.646246 -1258.230199 -0.090431 0.025421 -0.206351 -0.533247 -0.000317 -1.264751 0.017659 -1.872748 0.030987 -1.211248 0.033036 -1.176258 -0.006834 0.028194 -0.012168 0.258205 -0.248535 3.582 -0.145137 4.546727 -0.238727 5.182294 -0.278408 4.112314 0.44173 -11.404347
40.185662 118.939383 158.269481 417.941407 20.624558 14.690829 6.900613 -0.190558 6.731063 -1.991762 7.200386 0.86047 -43.109303 134.348226 -113.616892 865.487495 -12.981755 1303.373762 -2.995843 1605.185077 -0.031813 1381.367559 -0.870807 1316.571671 7.688365 -1488.266044 -0.060384 -0.001111 -0.000422 -0.039346 -0.043022 -1.869136 -0.012498 -1.84681 -0.00349 -1.357689 -0.006398 -1.506525 -9.4e-05 0.01767 0.041852 0.557886 -0.040123 2.933967 -0.064323 3.778578 -0.004446 3.76869 -0.025597 3.226884 5.8e-05 -9.650408
39.27767 118.391313 155.105311 388.315939 22.613504 9.624207 7.602599 -1.292939 7.228466 -4.463671 7.949459 0.063126 -42.325153 139.169044 -115.935368 874.273065 -19.401722 1350.052878 -9.239576 1660.068977 -2.321835 1455.990396 -3.756515 1383.084515 17.743789 -1621.687598 -0.005188 -0.000633 -0.015975 -0.544469 0.04577 -0.533734 0.016999 -0.490764 0.008865 -0.492021 0.01853 -0.457472 0.003599 0.042487 -0.011709 0.022183 -0.642752 0.410622 -1.713001 0.46129 -1.810091 0.981464 -1.010031 0.81948 2.072297 -2.863308
39.850158 120.163168 150.792087 379.614117 23.256377 6.887718 8.015776 -2.581494 7.698946 -6.521574 8.31495 -0.041369 -41.151238 147.748067 -114.855975 903.501966 -23.278516 1359.178008 -14.565106 1665.009846 -5.60806 1459.413044 -6.42097 1384.78923 26.448719 -1661.051705 0.002071 0.00658 -0.03041 -0.049304 0.004505 -0.228335 0.005466 -0.22055 0.007416 -0.194478 0.004107 -0.206701 0.008255 0.128288 0.002524 0.240297 -0.176436 0.015368 -0.603354 0.003671 -0.712973 0.002009 -0.354966 0.000525 0.865819 -0.236021
40.266033 120.595636 147.453413 371.417895 23.497474 7.57129 9.278298 -2.733791 9.301224 -7.144547 9.540698 -0.07951 -41.331794 150.172853 -114.470088 908.352268 -24.594806 1362.727 -13.511554 1673.952638 -5.269129 1464.879388 -6.820882 1391.259734 28.571689 -1676.629896 0.001079 0.000388 -0.018688 -0.044725 0.000622 0.016168 0.046146 -0.002182 0.075676 -0.014207 0.042122 -0.006175 -0.000198 0.009868 0.000325 0.006492 -0.018099 0.002314 0.019774 0.011976 0.005282 0.005109 -0.00604 0.007541 0.040973 -0.036355
36.881522 121.192279 136.871552 352.462174 23.752767 6.195183 10.168413 -3.658334 9.736552 -7.82727 9.706186 -0.181035 -42.3205 151.819044 -115.262603 902.746421 -28.588195 1340.141853 -17.326028 1640.149589 -8.296071 1428.986386 -9.736441 1357.297645 36.007621 -1648.33256 -0.074276 0.000736 -0.196983 -0.248232 0.00069 -0.068951 0.020382 -0.067215 0.004978 -0.015574 0.000711 -0.020594 -0.005843 0.004487 -0.001367 -0.008676 -0.150139 -0.094362 -0.236826 -0.172396 -0.342028 -0.222601 -0.25872 -0.209831 0.429531 0.120415
37.222641 126.712909 139.834178 357.006956 23.801828 7.095228 10.191728 -3.204961 9.647705 -6.624263 9.674087 -0.0297 -42.477219 161.255191 -115.574262 918.91664 -30.284439 1356.767161 -17.805733 1658.810752 -8.236435 1450.281898 -10.129809 1380.575477 35.71251 -1652.937265 0.000785 0.061477 0.015861 0.014557 2.5e-05 0.030511 1.3e-05 0.014991 -0.000204 0.050159 -2.7e-05 0.064082 -0.000145 0.142236 -0.00021 0.07177 -0.024441 0.051244 -0.003275 0.052781 0.000108 0.078754 -0.003895 0.098958 -0.000607 -0.003211
37.634188 126.617183 139.877177 356.269446 25.204634 6.035057 10.99896 -4.084838 10.513875 -8.075356 10.415192 -0.19235 -42.387181 161.006268 -116.125478 920.130148 -31.499571 1369.507097 -18.68423 1673.894111 -8.750926 1469.248579 -10.75032 1395.99746 38.448767 -1695.174384 0.001131 -1.8e-05 3e-06 -0.000381 0.020082 -0.04287 0.015381 -0.053295 0.018615 -0.071799 0.013675 -0.070883 4.8e-05 -9.6e-05 -0.000656 0.0004 -0.01195 0.029767 -0.010576 0.034133 -0.007793 0.061609 -0.009222 0.04283 0.050496 -0.266426
35.911151 127.230337 137.874466 353.974576 24.500541 3.599518 10.510667 -8.042005 10.111018 -12.630947 9.989819 -1.090289 -43.982952 161.979673 -119.515042 928.569207 -32.362021 1369.047672 -19.38634 1672.835673 -9.36804 1468.027208 -11.350647 1395.527377 38.94394 -1753.0004 -0.020187 0.000741 -0.00722 -0.003707 -0.004987 -0.312923 -0.005543 -0.663809 -0.003935 -0.507353 -0.004434 -0.366742 -0.014743 0.001467 -0.02438 0.019262 -0.005824 -3.9e-05 -0.006475 -0.000167 -0.010512 -0.000254 -0.008155 -4e-05 0.001584 -0.484906
34.316631 128.133649 140.990655 325.455199 28.511059 0.577674 13.504587 -18.07151 12.88031 -23.370171 12.583837 -5.133211 -45.252183 164.22587 -121.979714 938.311096 -34.018743 1396.157586 -20.130726 1701.2716 -10.263573 1490.482141 -12.439565 1418.68931 46.13936 -1887.12338 -0.018104 0.001598 0.017412 -0.598821 0.151923 -1.293204 0.187353 -2.002839 0.167389 -1.639081 0.149539 -1.492038 -0.009027 0.007734 -0.012577 0.025418 -0.020677 0.132895 -0.007012 0.119827 -0.020436 0.085217 -0.024934 0.095317 0.304801 -2.471768
31.884611 129.413228 140.445937 294.707287 29.505046 -0.04856 14.491451 -27.865278 13.615384 -31.476794 13.140794 -9.437676 -48.192454 165.011038 -126.42624 953.140143 -34.321275 1414.21108 -19.471384 1721.851705 -10.174534 1500.697095 -12.759326 1425.859795 47.329687 -1966.855993 -0.044687 0.003179 -0.000527 -0.762716 0.008516 -0.96121 0.017399 -1.056162 0.010199 -0.602405 0.00603 -0.650315 -0.04627 0.000936 -0.0398 0.058131 -0.00067 0.057987 0.005489 0.061865 0.000194 0.017442 -0.002029 0.009038 0.00758 -0.824858
32.3842 118.130029 145.551697 278.278152 39.737358 -0.110312 22.555153 -28.200932 21.184632 -33.342211 20.460199 -10.364164 -46.983045 152.474189 -120.259495 952.859538 -29.3574 1412.322805 -14.522394 1714.061459 -7.139498 1484.298035 -9.484188 1413.469915 52.920685 -1962.566211 0.001942 -0.257282 0.045579 -0.235584 0.760214 -0.012492 0.888236 -0.001005 0.833156 -0.026848 0.806892 -0.021686 0.007684 -0.247624 0.077091 -2.1e-05 0.193767 -0.000631 0.362179 -0.008831 0.268086 -0.045047 0.242437 -0.027033 0.156027 0.002342
36.434393 110.700986 161.818587 306.26235 52.536129 0.298366 39.204115 -19.279753 34.710076 -26.248441 31.184335 -6.580568 -45.523355 142.674488 -116.302116 935.732648 -24.604591 1375.584352 -10.699003 1665.865339 -4.2626 1434.190307 -6.263734 1371.089319 63.300041 -1848.486472 0.119287 -0.120624 0.430746 0.67024 0.891936 0.771518 2.286423 0.845634 1.661132 0.423734 1.125718 0.427821 0.011517 -0.162733 0.033103 -0.07766 0.209714 -0.242076 0.291484 -0.343644 0.368907 -0.430183 0.332808 -0.322532 0.464404 1.707809
34.968942 105.915563 163.007678 328.906628 62.980487 1.282489 49.641443 -13.848981 43.783318 -21.152464 38.958857 -4.196236 -50.146625 137.666261 -121.174038 938.00749 -27.178832 1364.230229 -12.207623 1647.637872 -5.184669 1414.844596 -7.395943 1354.874426 79.101159 -1781.988099 -0.01504 -0.052865 0.002176 0.403772 0.473129 0.343679 0.615204 0.448163 0.526163 0.274725 0.432187 0.267072 -0.111775 -0.044739 -0.04998 0.001381 -0.064025 -0.023527 -0.049732 -0.050135 -0.045105 -0.065682 -0.047004 -0.048226 0.879377 0.609067
36.636941 101.829259 166.438318 374.577112 79.099144 5.660663 63.925036 -7.158813 56.962833 -15.724387 51.52954 -1.893286 -48.851609 131.12738 -119.210671 938.885399 -26.705296 1357.321361 -11.904414 1634.14445 -5.002561 1395.38777 -7.14254 1338.157837 95.726911 -1707.366215 0.01943 -0.040192 0.017863 1.48404 0.917276 1.554372 0.901826 1.093752 0.865786 0.40168 0.877416 0.452262 0.008471 -0.079547 0.008018 0.000205 0.002081 -0.008769 0.001906 -0.02774 0.001628 -0.067356 0.002209 -0.051883 0.792331 0.798008
36.235276 102.420039 166.768059 432.892349 75.955861 10.06613 59.554503 -4.367133 53.880705 -11.967469 48.902823 -0.663013 -50.965453 130.653717 -127.115531 950.890573 -29.25276 1327.640768 -12.541627 1575.173308 -5.46979 1327.686376 -8.052928 1280.148096 93.685091 -1591.757355 -0.001107 0.000854 0.000163 2.108509 -0.031864 0.629645 -0.077371 0.343194 -0.042859 0.256032 -0.034356 0.315519 -0.022385 -0.000429 -0.12687 0.038133 -0.058016 -0.164055 -0.008306 -0.541842 -0.010428 -0.84173 -0.027296 -0.642695 -0.011006 2.026222
36.223365 105.163191 165.541224 470.713886 73.137569 12.981562 56.210203 -3.016843 49.98674 -10.037935 45.520741 -0.185246 -51.833773 132.312611 -128.356127 953.521281 -29.487112 1283.921529 -12.799044 1516.582213 -5.690696 1268.867484 -8.226909 1232.163644 89.40928 -1504.620362 -1e-06 0.018126 -0.002265 0.79188 -0.026639 0.185138 -0.048316 0.124512 -0.073018 0.084758 -0.060589 0.147344 -0.003667 0.005233 -0.003012 0.001817 -0.000467 -0.36597 -0.001307 -0.555223 -0.002186 -0.666288 -0.00093 -0.458287 -0.049933 1.22633
37.553641 107.186192 169.442722 472.727963 73.828057 18.194661 57.20827 -0.985223 51.51602 -5.830231 46.877411 0.063225 -51.140192 132.290055 -127.276933 950.548185 -26.125367 1218.020657 -9.82633 1419.132964 -4.296311 1184.021017 -6.641901 1154.693466 85.566582 -1356.021234 0.011994 0.009637 0.022721 0.00215 0.001622 0.438941 0.004392 0.554015 0.011521 0.568038 0.00996 0.464916 0.002336 -1e-06 0.002278 -0.002321 0.101701 -0.868061 0.19614 -1.61783 0.097821 -1.467877 0.084722 -1.257555 -0.0422 3.862179
39.411741 109.965713 165.137014 515.231678 72.237298 25.870324 56.386768 -0.063102 50.66565 -3.138225 45.691895 0.735678 -48.672012 130.53833 -116.772861 944.005804 -17.837941 1082.965203 -4.359202 1210.644405 -1.828066 984.948733 -3.63149 977.662702 71.741587 -1099.280322 0.022432 0.01779 -0.027706 0.914715 -0.008663 0.67366 -0.002971 0.549649 -0.003539 0.413556 -0.007592 0.367565 0.030522 -0.005838 0.226156 -0.011296 0.788188 -3.966933 1.095848 -8.277506 0.519401 -9.154943 0.450968 -7.36136 -0.608681 13.460072
40.49837 114.245468 149.168668 581.225342 64.80942 39.530786 50.339577 0.942792 46.781232 -0.743516 41.440694 2.69418 -47.532474 136.867717 -103.32989 974.708 -17.263514 896.255141 -4.240871 945.867722 -2.9597 738.570055 -4.786262 746.858974 73.274601 -786.180977 0.007388 0.04085 -0.405899 1.987819 -0.201442 1.442553 -0.171457 1.493713 -0.077451 0.826699 -0.10377 0.614153 0.006749 0.074917 0.410904 0.245656 0.004701 -8.826342 0.000814 -16.316374 -0.135658 -17.700931 -0.079584 -15.514757 0.008103 26.178343
39.934184 115.093343 132.507466 610.695282 55.395038 51.780618 44.251451 3.471801 42.491478 0.008169 36.43979 6.169973 -47.314065 139.299651 -95.975737 1018.49114 -12.192133 728.309499 -1.681266 706.434135 -1.644542 536.956779 -2.957731 560.926396 60.854753 -532.776111 -0.001979 0.001567 -0.493189 0.364374 -0.369233 0.825415 -0.196127 0.796204 -0.103126 0.907557 -0.160726 0.709886 0.000251 0.010708 0.135726 0.480934 0.439854 -8.704333 0.581713 -17.440094 0.191827 -16.034559 0.218975 -13.284829 -0.576252 24.571607
38.981108 115.456452 120.462864 731.785398 47.092315 88.143101 36.940839 15.261187 36.759419 3.418487 30.042589 18.150449 -47.966877 144.050728 -85.719928 1084.144579 -12.988736 642.966669 -2.888092 572.337768 -3.092294 428.11828 -4.142648 463.454512 61.175028 -355.024886 -0.005755 0.000286 -0.286901 5.472243 -0.336864 4.80741 -0.329796 4.174993 -0.207566 3.09243 -0.308498 3.155566 -0.002236 0.039835 0.289675 1.025243 -0.012604 -2.658277 -0.16225 -7.050336 -0.226667 -6.156892 -0.099568 -4.647866 0.00042 17.976237
38.79615 117.03967 96.544039 750.776272 40.661867 110.097824 33.267499 27.504743 35.017176 10.409596 27.91769 29.674195 -48.427103 143.908545 -81.684606 1074.428598 -17.932948 545.802483 -6.46239 447.265475 -3.564829 331.620157 -5.799243 369.304406 60.927496 -224.521766 -0.00022 0.005391 -1.322212 0.121637 -0.235922 1.219468 -0.096161 1.790082 -0.021148 1.897438 -0.038964 1.409131 -0.001099 -3.5e-05 0.048643 -0.021866 -0.397836 -3.977517 -0.710117 -7.700237 -0.016792 -6.153269 -0.138989 -5.339331 -0.000251 14.884578
35.667252 115.506221 81.559782 772.850258 30.633856 131.279698 24.684335 39.574944 28.847496 20.293195 21.71453 43.714168 -50.868141 138.844938 -81.154683 1053.830259 -20.110807 483.270006 -8.875657 365.269336 -6.683472 270.553667 -9.454603 310.130419 63.301559 -142.652419 -0.065766 -0.005056 -0.631448 0.15991 -0.708762 0.931195 -0.639145 1.094881 -0.298711 1.634323 -0.389169 1.355516 -0.030009 -0.045344 0.000862 -0.099683 -0.062388 -1.901677 -0.19104 -4.147866 -0.48604 -3.10438 -0.444452 -2.581724 0.022687 9.243616
31.792056 110.562497 74.525904 771.470079 23.599055 150.464288 18.128084 54.114155 19.146404 31.903731 14.931941 58.804813 -56.13752 128.73646 -91.24114 1006.013802 -22.902084 379.110504 -10.973751 257.041887 -11.753331 188.366071 -13.102772 226.533986 60.902003 -65.226834 -0.111397 -0.054062 -0.158569 -0.000617 -0.458194 0.65392 -0.504987 1.135014 -0.990674 1.307688 -0.633136 1.116743 -0.129821 -0.191003 -0.29532 -0.555072 -0.090664 -6.313374 -0.111196 -9.483288 -0.71077 -7.419434 -0.296961 -6.550908 -0.023181 14.956826
31.362797 115.171497 66.475547 791.652778 12.673477 180.194738 7.166422 74.344839 8.477782 48.46274 6.366697 80.881335 -53.703044 125.169353 -88.840332 947.503038 -21.38656 314.760869 -10.572807 193.527278 -12.458702 140.208202 -12.291025 180.411954 41.491013 -23.808895 -0.001459 0.047058 -0.230002 0.130303 -1.684552 1.339285 -2.498585 1.603042 -2.143288 1.724441 -1.798162 1.75556 0.026982 -0.025058 0.016004 -0.876439 0.025938 -2.990336 0.003731 -4.49914 -0.010277 -3.548316 0.012978 -2.622114 -1.856738 10.220024
30.562112 119.462071 58.743307 820.989729 8.514614 206.583257 4.070154 89.543411 5.321441 64.106591 4.005836 100.066041 -53.122459 124.706653 -84.802407 908.543956 -17.227425 268.098634 -7.365128 145.597435 -9.797484 113.394253 -9.696123 150.495655 29.560079 -6.980241 -0.005177 0.039233 -0.23896 0.266869 -0.412166 0.901248 -0.435013 0.70626 -0.365829 1.092319 -0.272247 1.019891 0.001578 -0.000428 0.046956 -0.408927 0.224645 -1.870832 0.28913 -3.404143 0.159677 -1.421533 0.153661 -1.355093 -1.008887 5.006054
29.344161 121.572303 51.365285 821.374552 5.515371 214.437831 1.912246 98.247608 3.199105 74.600225 2.233646 111.886908 -55.629831 127.913521 -83.075267 886.572077 -14.902359 254.795012 -5.495875 134.158443 -7.612446 105.67775 -7.654341 142.491005 20.681307 -2.698878 -0.012382 0.009238 -0.247467 4.5e-05 -0.324329 0.073274 -0.402746 0.20183 -0.268553 0.397509 -0.256968 0.329889 -0.028909 0.020355 0.008885 -0.134471 0.084237 -0.169265 0.136566 -0.233963 0.137661 -0.135944 0.120556 -0.109367 -0.790761 0.998378
30.347976 124.062902 49.65211 826.689108 4.292618 224.818111 1.083795 107.692742 2.244813 82.234629 1.501737 120.475098 -54.891344 129.93661 -80.928461 874.009254 -12.119814 248.779955 -4.357224 129.601051 -6.495966 102.474094 -6.397882 139.107244 16.378116 -1.112219 0.008441 0.012627 -0.014528 0.008569 -0.076518 0.122668 -0.116817 0.216707 -0.084294 0.185924 -0.072407 0.158766 0.002467 0.007937 0.014051 -0.044822 0.143645 -0.035925 0.066014 -0.039376 0.044246 -0.024655 0.056285 -0.020331 -0.250682 0.345989
32.604438 132.813996 49.4892 843.965962 3.999373 228.330863 0.90229 109.284227 2.166492 82.909164 1.387858 122.051018 -52.950695 135.490926 -78.600939 884.66702 -11.117151 263.889521 -3.923047 144.04014 -5.73623 111.151722 -5.489965 150.495143 14.953254 -2.066132 0.040453 0.149106 -0.000134 0.089336 -0.005187 0.013615 -0.008311 0.005837 -0.000695 0.001378 -0.002245 0.00512 0.017463 0.058121 0.01698 0.032294 0.021642 0.222705 0.011391 0.381216 0.023616 0.176318 0.034721 0.223987 -0.032416 -0.146526
31.144007 136.022691 50.582952 847.638821 4.976811 237.10589 1.57486 114.670227 2.75232 85.804547 1.873915 126.48395 -53.349822 131.964137 -77.820691 877.214507 -11.509721 255.649538 -4.157826 134.947601 -6.104751 105.917587 -5.985943 144.53079 17.055176 -1.057921 -0.016731 0.019149 0.005977 0.003987 0.053377 0.082727 0.093052 0.064775 0.03501 0.024846 0.036418 0.039537 -0.000749 -0.023254 0.001946 -0.015762 -0.003406 -0.065348 -0.003411 -0.148208 -0.005736 -0.063114 -0.010723 -0.060295 0.069089 0.16716
28.151417 134.820712 55.093784 833.273942 6.15463 233.639249 2.250568 113.055001 3.29216 84.093578 2.270481 124.409499 -55.380045 130.236684 -83.043217 883.327968 -12.879176 250.389891 -4.738979 132.155446 -6.930316 101.775254 -6.943315 140.101509 19.775634 -0.842939 -0.075565 -0.002667 0.096317 -0.061381 0.062488 -0.012765 0.06015 -0.005728 0.024155 -0.008615 0.019017 -0.008576 -0.018956 -0.005691 -0.084798 0.010614 -0.038478 -0.027334 -0.019001 -0.014594 -0.02617 -0.041313 -0.035494 -0.034465 0.100609 0.012196
30.36433 134.890206 59.747113 842.809317 8.590859 210.811661 3.927109 96.169408 5.181874 68.202981 3.772787 107.147627 -54.404017 129.772239 -88.992421 890.584346 -18.513085 244.799607 -9.279387 125.453126 -11.264882 93.711458 -10.653197 133.424744 31.727226 -2.021965 0.041858 9e-06 0.094315 0.027124 0.202648 -0.586615 0.231846 -0.682495 0.21339 -0.83128 0.189708 -0.644306 0.004339 -0.000415 -0.102896 0.014842 -0.509691 -0.031556 -0.755663 -0.087203 -0.523843 -0.166386 -0.395523 -0.081502 1.405913 -0.253856
35.394815 121.081936 68.132215 848.097882 14.297559 232.483346 7.475372 132.274837 8.456691 76.613943 6.538419 113.042516 -49.672188 112.011967 -99.304364 890.281804 -33.046605 245.894464 -20.299989 136.059954 -21.772646 97.667002 -19.534295 136.978892 57.367838 -1.276273 0.192695 -0.372711 0.275203 0.00827 0.722831 0.530057 0.566135 2.871261 0.399002 0.24446 0.377815 0.078923 0.107622 -0.653173 -0.282575 -2.6e-05 -2.090726 0.001221 -2.12968 0.215192 -1.715569 0.040882 -1.335962 0.023359 3.76928 0.085402
38.065647 123.251556 76.522722 901.1223 44.961475 254.761047 41.086072 144.021184 42.805682 85.406323 35.173673 122.00315 -49.900135 112.301515 -102.834807 908.07151 -59.67098 240.403483 -50.338816 130.700391 -54.017341 82.664575 -47.680197 119.227201 192.994728 0.022365 0.048568 0.009633 0.243545 0.803854 8.55048 0.509555 13.510984 0.249803 13.210071 0.238745 11.381894 0.170865 -0.000261 0.000187 -0.030833 0.087992 -3.904899 -0.031001 -6.70517 -0.053846 -7.201345 -0.625136 -6.17683 -0.615718 39.918366 1.636533
37.349882 127.000508 84.577622 906.033677 90.217781 263.606188 99.90649 142.338856 96.810814 88.496728 80.68601 126.630463 -49.75149 113.977602 -118.291847 904.905524 -112.008119 241.728156 -114.812669 131.839275 -110.876212 84.240456 -96.198461 120.759855 414.897223 0.052446 -0.003397 0.028083 0.201496 0.006674 7.800694 0.07547 12.855679 -0.004942 10.867858 0.027462 9.31348 0.043063 0.000111 0.006208 -0.540895 -0.002764 -8.172105 0.00182 -13.104995 0.00247 -10.113216 0.00744 -8.427389 0.004894 41.948573 0.006314
40.241301 127.734604 113.492782 899.614948 173.85068 263.152708 209.82943 139.879644 199.692507 87.755058 168.763428 126.26491 -49.02052 117.830016 -116.357339 916.623213 -163.822507 334.096061 -186.368637 215.559925 -188.488553 147.629345 -162.965826 188.440439 776.200398 -7.742388 0.053893 0.001058 2.121945 -0.011409 13.593532 -0.000195 20.161599 -0.010715 18.421361 -0.00156 16.06694 -0.000264 0.002705 0.032014 0.007974 0.03769 -4.910336 7.456643 -8.623752 10.238916 -10.23575 8.832913 -8.74814 7.498189 56.120283 -9.069281
43.587836 122.397499 120.241063 806.871045 262.098871 263.6509 336.185437 134.017159 318.553548 92.234031 269.910902 133.954098 -51.739408 134.910144 -128.498855 926.445717 -233.279969 311.249744 -287.390481 184.096015 -281.89568 130.886418 -243.188997 174.196177 1199.778418 -3.373486 0.066825 -0.056946 0.097437 -2.522081 9.025356 0.000236 14.821499 -0.062747 13.814666 0.055738 11.820308 0.113628 -0.03669 0.577796 -0.301212 0.026174 -6.12161 -0.404526 -10.895975 -1.240462 -9.367492 -0.503705 -8.001607 -0.279863 45.933754 0.894556
48.552575 137.509931 158.157922 756.241345 337.206298 257.66542 435.348693 134.228802 398.673301 92.781803 339.537285 135.016435 -50.516588 156.597166 -142.642808 910.324546 -290.538737 312.677716 -369.908185 184.385492 -357.932058 124.958917 -305.954817 170.719103 1512.113016 -2.390646 0.133853 0.439731 2.594151 -0.820171 4.725015 -0.034362 6.399134 8.3e-05 4.489044 0.000811 3.990295 0.002098 0.007312 0.807835 -0.369157 -0.070748 -3.138891 0.001634 -5.200234 0.000114 -4.534102 -0.068674 -3.598783 -0.017527 18.046181 0.08441
49.714205 140.818938 170.216997 720.514301 357.120148 256.135714 467.820332 132.043712 435.311136 96.554289 372.809253 137.594447 -53.390448 160.868724 -159.441195 903.343057 -328.123602 292.007756 -413.477107 156.405085 -399.318723 109.044153 -344.817005 152.892524 1668.483291 -0.379723 0.006866 0.019671 0.2215 -0.432234 0.285632 -0.002277 0.583915 -0.008966 0.805158 0.037587 0.77745 0.01219 -0.03975 0.028739 -0.467427 -0.013437 -1.14273 -0.353384 -1.212508 -1.1506 -1.131816 -0.541816 -1.161404 -0.491374 3.846206 0.864816
49.925401 129.685817 180.402668 689.941722 366.894222 246.444539 478.915209 131.561765 438.763965 92.52735 374.003191 132.593794 -55.430001 154.416458 -162.76425 913.761586 -331.712859 294.715575 -420.123719 160.118148 -407.503516 104.715141 -350.357434 150.006435 1691.957397 -0.376907 0.000224 -0.229199 0.147981 -0.331379 0.065977 -0.093445 0.065013 -0.000441 0.00682 -0.042886 0.000954 -0.04628 -0.019115 -0.066029 -0.017137 0.029868 -0.009762 0.006249 -0.026498 0.021779 -0.041516 -0.04384 -0.022079 -0.01375 0.081989 5e-06
50.311416 129.141536 178.374143 679.306439 368.375581 238.336885 482.102175 126.133068 442.193835 87.106884 375.079206 125.751389 -55.583161 150.049436 -164.787158 884.711873 -336.245657 283.856439 -425.109078 153.459883 -413.177552 98.203008 -355.366721 142.87761 1710.250481 -0.332509 0.000743 -0.000572 -0.005735 -0.041304 0.001492 -0.067802 0.005284 -0.057188 0.006677 -0.0818 0.000773 -0.090628 -0.000106 -0.03132 -0.006247 -0.234627 -0.01538 -0.101916 -0.014702 -0.070696 -0.019615 -0.104522 -0.017778 -0.086771 0.04918 0.001391
47.942978 129.711611 175.7565 671.155864 358.063105 243.041414 462.991917 132.674589 423.543011 91.607995 360.101808 131.315896 -56.988748 148.701527 -171.207287 848.369732 -342.864922 264.221835 -430.159814 141.52891 -415.721269 86.225891 -357.584708 129.410312 1678.492111 0.081463 -0.02855 0.000628 -0.009675 -0.024596 -0.073201 0.022989 -0.193229 0.082684 -0.200923 0.056691 -0.152579 0.060232 -0.008776 -0.003041 -0.061343 -0.381083 -0.03226 -0.351812 -0.014914 -0.241376 -0.003903 -0.389318 -0.00345 -0.333249 -0.148819 0.743135
48.356823 133.097224 182.462467 675.095216 354.60801 236.977322 455.573974 126.186225 415.422482 88.838534 354.93134 127.766807 -55.710682 148.803738 -169.132825 837.116107 -333.978626 251.837002 -420.290133 130.255935 -402.750412 84.492021 -347.326939 126.841228 1636.247648 0.054506 0.000889 0.021808 0.062774 0.005764 -0.008375 -0.038305 -0.029953 -0.081328 -0.039301 -0.021254 -0.018694 -0.02431 0.007247 1.8e-05 0.006322 -0.037569 0.058337 -0.148632 0.057272 -0.233888 0.102785 -0.008805 0.074639 -0.012879 -0.269202 -0.002699
49.03471 130.761318 183.239601 673.389955 348.521222 236.894749 445.465448 125.371891 409.588231 87.978489 350.939163 127.055661 -55.176901 148.669475 -162.97237 849.25259 -325.846507 255.633623 -410.68742 131.560671 -397.002706 88.03709 -342.520772 130.66312 1613.08368 -1e-05 0.002359 -0.01034 0.000826 -0.001078 -0.026346 -7e-06 -0.056704 -0.001318 -0.020629 -0.002092 -0.011289 -0.000992 0.001285 -3e-05 0.057142 0.043673 0.050115 0.014202 0.055486 0.003251 0.020654 0.036425 0.016742 0.028364 -0.082567 -0.055974
48.635342 130.259608 180.832832 705.717773 345.153116 240.368921 431.450651 124.479116 399.283111 87.11929 343.283343 126.588277 -54.501705 148.430685 -159.262119 890.810796 -314.688225 272.088018 -394.713201 140.399391 -384.641976 95.841072 -331.211728 140.678925 1567.713438 -0.208003 -0.000817 -0.000482 -0.007955 0.378952 -0.008177 0.012645 -0.111999 -0.001595 -0.065647 -0.002108 -0.042215 -0.000431 0.002078 -9.6e-05 0.021361 0.496341 0.097197 0.256587 0.158431 0.143667 0.097741 0.165679 0.094922 0.184915 -0.323592 -0.205164
49.076707 132.391743 173.116639 773.527133 336.445154 287.262673 414.799494 156.247914 391.518592 112.536863 338.828368 156.629017 -55.082946 155.962987 -145.88123 981.411381 -293.421973 322.376432 -367.859132 178.554576 -364.408749 129.330518 -312.978486 179.185773 1511.368405 -0.583724 0.000997 0.008654 -0.084118 1.555026 -0.055628 2.087994 -0.163833 1.803369 -0.038119 1.624523 -0.014548 1.597711 -0.001541 0.093209 0.293525 2.193457 0.371965 2.13088 0.472981 2.2904 0.273318 2.504345 0.25809 2.326279 -0.51558 -0.09483
49.955307 143.915624 162.648989 881.308197 333.879509 355.347956 404.903423 214.66081 390.940199 160.853378 333.622527 208.504392 -52.721632 165.216759 -132.02522 1053.257404 -255.968518 391.618729 -320.397162 241.084059 -322.253799 181.448849 -276.359479 231.935381 1423.07276 -0.620151 0.003897 0.240416 -0.163207 3.513674 -0.00491 3.617034 -0.059739 4.628483 -0.000214 4.303381 -0.020151 3.703814 0.025864 0.133337 0.345635 1.26887 1.278139 3.365444 1.638433 4.684845 1.29519 4.401342 1.138777 3.398108 -1.328683 -0.000551
47.55294 149.555549 151.631311 934.925104 325.889115 505.408244 398.256632 370.345198 383.918365 289.264178 327.323932 338.416839 -52.122075 165.992002 -121.792894 1076.963323 -241.619836 528.52312 -303.027619 384.873119 -307.580892 300.749967 -264.078075 353.846298 1378.771992 -0.111807 -0.029599 0.054199 -0.193182 0.791583 -0.048387 13.181338 -0.027504 21.096085 -0.031817 18.705362 -0.030012 15.653324 0.001714 0.000907 0.206335 0.131908 0.206926 10.241739 0.242018 16.738748 0.170936 14.991216 0.139565 12.826267 -0.350248 0.205318
47.168589 165.285259 138.581827 1011.145539 314.773136 778.283698 399.535409 668.913307 361.455848 556.894599 307.521205 601.670141 -47.675423 163.731353 -99.515752 1070.475313 -205.531973 681.264489 -249.361859 560.81121 -269.746708 441.253415 -232.955716 494.335196 1255.70724 6.721479 -0.00078 0.39318 -0.293535 1.49321 -0.096443 29.33793 0.001025 43.811206 -0.338541 43.439253 -0.308928 37.611923 0.099113 -0.00775 1.124074 -0.009801 1.458634 9.680892 2.613049 16.510159 1.241033 13.424079 0.975339 11.715884 -2.875939 8.567081
41.779733 168.890053 127.946825 941.46855 259.081852 977.461433 353.490291 962.209374 299.722549 838.776453 252.848034 858.708041 -50.0111 158.374179 -103.265131 1010.740356 -191.183596 783.203796 -220.167339 713.861057 -237.617292 562.563997 -206.372905 605.626765 1071.078579 27.491209 -0.16339 0.019443 -0.212263 -1.243571 -2.708747 11.334286 -1.409074 26.585795 -2.888284 28.762019 -2.673508 22.798288 -0.027927 -0.044553 -0.034666 -0.857432 0.25956 3.552225 0.908512 9.221702 1.018338 7.357107 0.804971 5.644593 -7.336638 7.02581
41.478843 159.084423 116.894756 853.355975 236.064865 1155.674582 314.437576 1211.884501 296.624972 1143.905712 248.479956 1143.332051 -47.092806 155.138495 -89.549785 981.935966 -167.320487 860.358008 -191.751278 819.098013 -209.139104 664.890925 -180.772803 698.190904 1003.90414 64.58045 -0.000544 -0.146615 -0.249571 -2.164142 -0.535264 7.457457 -1.142653 14.384055 -0.008045 23.619965 -0.01903 20.335345 0.043862 -0.016698 0.48842 -0.208196 0.795082 1.811935 0.981305 3.616501 0.908585 4.272685 0.847334 3.289932 -1.087621 7.800794
37.895572 147.145388 103.679662 779.24112 217.404039 1407.856431 287.404527 1548.806709 297.125528 1554.96568 250.453182 1539.321524 -45.768196 148.933406 -92.404122 906.79616 -150.953814 971.974804 -172.027634 996.354971 -174.599585 852.182123 -152.369915 866.733292 927.259936 104.875921 -0.080923 -0.232823 -0.396228 -1.68316 -0.384121 12.434078 -0.607431 20.636579 0.000211 31.487563 0.003902 29.387184 0.009448 -0.063319 -0.02239 -1.495243 0.421092 3.402735 0.535089 8.674218 1.557576 11.605466 1.212987 9.102483 -1.52153 4.860695
38.197414 155.923835 97.489248 822.697097 218.648507 1727.851476 288.211858 1961.402435 296.981295 2004.439572 248.691967 1953.986997 -49.262822 158.330076 -98.34074 963.82137 -127.600044 1056.292928 -135.771367 1077.500131 -133.857053 918.933805 -117.618799 936.226825 829.601641 209.006208 0.000599 0.127161 -0.095269 0.589526 0.001776 16.370277 0.000566 24.332927 -1.8e-05 28.493335 -0.003107 24.698285 -0.064277 0.143717 -0.092406 0.8694 0.980709 1.753373 2.142808 1.588119 2.702581 1.258351 2.245804 1.339782 -2.716355 17.775941
40.486612 170.330163 86.557853 878.5627 204.316348 1826.595706 270.106786 2041.186788 282.876163 2087.308954 238.45855 2054.016509 -47.056409 164.63776 -93.029476 906.680932 -106.987642 1040.798214 -113.55559 1102.368547 -103.194094 962.078846 -90.460253 970.87948 727.778609 215.199529 0.033308 0.318224 -0.324919 0.917499 -0.242892 1.371846 -0.293631 0.795257 -0.17158 0.839255 -0.107497 1.248435 0.025275 0.061602 0.073718 -0.872972 0.907325 -0.057243 0.991718 0.141857 1.991518 0.494877 1.779984 0.31485 -3.332209 0.045213
40.017546 178.38099 81.31214 902.840802 197.128274 1879.431212 260.713084 2140.198197 273.847212 2174.639392 230.349819 2127.054939 -47.487281 165.051544 -92.385101 902.217656 -93.554406 1053.146952 -98.529208 1147.854489 -83.697931 995.746422 -73.221446 997.141374 660.335136 227.333389 -0.001367 0.092949 -0.081981 0.165446 -0.064358 0.376648 -0.083125 1.172415 -0.073221 0.894826 -0.070131 0.637997 -0.000982 0.00026 0.00112 -0.005506 0.450416 0.036413 0.532985 0.459773 1.01968 0.289502 0.910319 0.175231 -1.639386 0.166381
38.673658 191.433147 76.181895 959.345888 182.540573 1987.424818 243.071522 2284.072375 251.445178 2308.685485 209.704773 2246.57671 -47.548173 174.100687 -88.273759 909.659632 -82.620414 1115.506988 -84.891515 1236.659806 -70.228676 1086.644755 -60.958951 1083.353026 587.44565 227.541754 -0.011476 0.230402 -0.083579 0.857476 -0.280349 1.508318 -0.308981 2.339963 -0.477905 2.004358 -0.484545 1.633439 -2e-05 0.120745 0.046788 0.015283 0.339627 0.896772 0.507697 1.654241 0.590442 1.984845 0.561498 1.786989 -2.13075 4.8e-05
39.267361 206.1838 77.161101 1031.937066 181.461776 2175.562577 242.317903 2493.772515 250.043209 2538.979918 208.665627 2471.38599 -46.764641 179.349293 -90.079299 910.015074 -78.253348 1141.29013 -77.703638 1266.112023 -61.521293 1110.048085 -54.189861 1107.112925 559.620798 291.415878 0.002261 0.273701 0.003127 1.323577 -0.001599 4.253425 -0.000585 4.6041 -0.00196 5.473303 -0.001291 5.359086 0.003255 0.038972 -0.009139 3.5e-05 0.059285 0.147287 0.158956 0.1733 0.288051 0.124672 0.199135 0.128865 -0.337529 3.945865
40.875218 200.058986 80.407307 1027.298314 184.013211 2173.475197 246.419276 2516.291669 252.341981 2555.151136 210.368366 2477.141361 -45.071371 174.699781 -89.736129 907.447818 -72.971386 1161.056129 -69.98154 1305.191428 -54.591993 1134.232855 -48.197667 1125.881893 541.675122 284.601256 0.01613 -0.046174 0.033443 -0.005225 0.008906 -0.000501 0.017209 0.05061 0.005259 0.025668 0.00346 0.003347 0.015612 -0.030531 0.000327 -0.001813 0.092272 0.084849 0.202023 0.296987 0.206945 0.130313 0.175496 0.078881 -0.146223 -0.040312
39.670505 198.187908 79.136256 1042.617715 183.143115 2240.13238 245.590792 2599.177232 250.131436 2645.739771 209.342236 2558.582201 -45.00237 174.818447 -94.693824 910.929438 -70.212992 1168.486354 -62.752224 1311.194138 -49.064975 1132.10522 -44.376 1123.692576 520.760781 316.483522 -0.00901 -0.004395 -0.005063 0.05669 -0.001031 0.503379 -0.000698 0.671538 -0.004862 0.788992 -0.001254 0.658599 2.6e-05 2e-05 -0.066646 0.003333 0.026572 0.01185 0.197018 0.006886 0.147456 -0.000999 0.078918 -0.001065 -0.205872 0.846133
40.772621 199.566773 76.098679 1039.208943 173.135304 2182.160941 232.376482 2534.885566 238.877525 2557.766421 199.496133 2474.454372 -44.237376 178.280619 -95.672975 929.480305 -68.194515 1187.729818 -60.529012 1343.644946 -46.556709 1154.249741 -41.973902 1142.26614 496.34987 275.563788 0.00755 0.00239 -0.029722 -0.002791 -0.140587 -0.379987 -0.182702 -0.402564 -0.129514 -0.743716 -0.11858 -0.703153 0.003279 0.016974 -0.002518 0.093496 0.014719 0.078583 0.020048 0.198335 0.032903 0.107243 0.033417 0.076123 -0.292976 -1.41579
39.737358 207.174372 74.683648 1063.306506 170.178583 2231.424255 227.975149 2583.315416 233.66485 2609.994335 194.468715 2526.846393 -44.916124 185.983791 -95.673558 960.085784 -62.813101 1203.390836 -53.976827 1354.520343 -40.817544 1162.562795 -37.329558 1151.814924 469.803928 288.718839 -0.006656 0.071152 -0.00664 0.138099 -0.012732 0.274941 -0.021041 0.229134 -0.028752 0.263927 -0.032079 0.274429 -0.002584 0.081459 -0.0 0.247876 0.110573 0.051288 0.187616 0.021918 0.188692 0.014914 0.136113 0.019873 -0.364756 0.153362
38.987211 212.6347 76.995321 1102.658686 175.732637 2338.767337 235.588712 2713.507002 238.865365 2745.383542 197.862718 2651.820428 -45.810505 190.637246 -96.369944 1022.955185 -61.771666 1248.31044 -51.417115 1385.254616 -40.460258 1179.123243 -37.195554 1171.700842 475.942552 326.092943 -0.003574 0.035512 0.017617 0.357513 0.044592 1.260793 0.062527 1.600243 0.028618 1.71166 0.014681 1.508186 -0.004409 0.02875 -0.001263 0.996842 0.004353 0.411539 0.031089 0.172391 0.000785 0.058559 0.00012 0.085099 0.019922 1.137028
41.920088 212.889265 80.828704 1098.641307 180.522774 2293.067767 239.088349 2652.256299 243.926654 2671.069002 203.061433 2583.720777 -45.176032 190.632309 -94.907507 1026.444916 -59.440943 1261.50458 -48.401722 1405.622657 -38.582046 1188.850022 -35.668818 1178.011314 476.531269 295.932244 0.053176 7.6e-05 0.046561 -0.003666 0.032205 -0.225451 0.012901 -0.349603 0.02653 -0.509827 0.033707 -0.442911 0.002212 -0.0 0.005591 0.002971 0.02241 0.034681 0.045556 0.074325 0.022318 0.019977 0.015997 0.008474 0.000182 -0.731645
42.102206 212.021086 78.004464 1093.763935 173.903654 2278.927244 231.604626 2627.706196 236.108642 2644.756638 196.210135 2560.4123 -43.478232 187.725835 -96.006279 992.702525 -58.393756 1266.24543 -46.595638 1428.734718 -36.07765 1215.693597 -34.013042 1199.902502 456.774969 274.246833 0.000197 -0.000887 -0.025111 -0.005425 -0.061813 -0.021867 -0.059497 -0.057075 -0.063668 -0.065121 -0.058787 -0.052807 0.016259 -0.011164 -0.003162 -0.281958 0.004653 0.004446 0.01717 0.094232 0.042016 0.149841 0.019675 0.100768 -0.209125 -0.412526
40.125607 212.605845 75.141139 1084.401886 168.531367 2268.850564 224.406301 2618.926509 228.509499 2639.977238 189.580458 2556.577654 -44.297417 188.469814 -99.804164 984.211844 -59.285995 1276.978878 -47.273198 1450.602426 -35.579345 1241.852803 -33.740778 1224.654514 444.424292 260.524678 -0.02376 0.000403 -0.02677 -0.02012 -0.042144 -0.011164 -0.056818 -0.007346 -0.062149 -0.002161 -0.056969 -0.001437 -0.003823 0.000736 -0.036835 -0.018233 -0.003382 0.02265 -0.002445 0.083041 0.001733 0.139229 0.000547 0.126348 -0.084635 -0.176083
40.030744 214.132187 75.437797 1096.739391 168.580739 2317.682967 224.56169 2677.727357 227.606494 2708.351307 188.923331 2622.251469 -45.248734 190.114936 -101.730882 1014.130813 -58.345667 1307.929572 -45.64819 1473.753099 -34.31073 1262.545309 -32.68365 1248.864147 438.658222 272.56389 -5.6e-05 0.00273 0.000292 0.034893 4e-06 0.259964 2.7e-05 0.326399 -0.000894 0.437072 -0.00057 0.416428 -0.005053 0.003574 -0.00921 0.223984 0.003758 0.185302 0.01421 0.091638 0.011515 0.085487 0.008412 0.118479 -0.018825 0.135963
39.979924 215.987191 75.662126 1106.284679 169.484622 2338.214212 225.39027 2698.618132 228.615471 2726.21804 189.789791 2639.545746 -45.364039 191.048542 -104.240418 1027.784955 -57.33782 1319.430404 -43.429197 1486.465215 -32.633272 1267.020559 -31.547661 1253.13997 433.996776 276.156784 -1.6e-05 0.004 0.000167 0.020679 0.001208 0.045269 0.000763 0.040588 0.001116 0.029369 0.000991 0.028421 -7.3e-05 0.001143 -0.015289 0.045653 0.00439 0.025172 0.027643 0.027295 0.02102 0.003959 0.010046 0.003654 -0.01245 0.011763
40.542154 216.868097 75.941317 1106.786309 169.688919 2339.109505 225.811401 2699.377412 229.117909 2726.401037 189.95849 2640.847374 -45.269345 191.843235 -104.694892 1025.909336 -56.233443 1326.989958 -42.576337 1503.472658 -30.947863 1285.154577 -30.171119 1269.959461 428.478473 267.842606 0.001963 0.000896 0.000257 5.7e-05 6.2e-05 8.6e-05 0.000197 5.3e-05 0.000276 3e-06 3.7e-05 0.00016 4.9e-05 0.000825 -0.000494 -0.000856 0.00537 0.010797 0.004229 0.048371 0.022342 0.064425 0.015353 0.056062 -0.017654 -0.063538
40.709239 216.503715 76.033074 1101.766225 167.53852 2324.693585 222.564849 2685.268027 225.465443 2707.184795 186.971509 2620.725881 -45.239232 196.690921 -105.297095 1026.92467 -56.277657 1329.394861 -42.037952 1508.632094 -30.903015 1289.934481 -30.083702 1273.934847 423.312305 259.691811 0.000172 -0.000153 2.8e-05 -0.005705 -0.006856 -0.02228 -0.011754 -0.018485 -0.014674 -0.03398 -0.011835 -0.038475 5e-06 0.030243 -0.000863 0.000251 -9e-06 0.001089 0.001713 0.004419 1.6e-05 0.004436 6.3e-05 0.003106 -0.015667 -0.062972
40.813812 215.222001 75.895303 1104.991871 169.073452 2334.778467 223.846273 2706.563337 227.325301 2723.489679 188.719062 2634.52202 -45.275401 195.576198 -105.747 1046.306985 -56.532011 1339.138319 -42.206422 1516.317375 -31.527242 1286.928067 -30.487622 1270.171243 428.168106 266.123256 6.7e-05 -0.001903 -6.2e-05 0.002357 0.0035 0.010914 0.001839 0.042054 0.00382 0.024477 0.004064 0.018109 -7e-06 -0.001584 -0.00048 0.090603 -0.000287 0.017788 -0.000168 0.009763 -0.003121 -0.001754 -0.001347 -0.002784 0.013846 0.039334
40.669621 214.598724 76.374506 1095.593626 170.148882 2321.339585 224.968458 2688.100791 228.466252 2717.894425 190.194499 2631.508492 -45.134898 194.119436 -105.884342 1026.154101 -56.730853 1331.295166 -43.074519 1506.634121 -31.711079 1286.752523 -30.625015 1270.205019 430.411421 264.455772 -0.000128 -0.000452 0.000754 -0.020069 0.001705 -0.019394 0.001403 -0.031593 0.001428 -0.002877 0.002873 -0.000862 0.000109 -0.002723 -4.5e-05 -0.097987 -0.000175 -0.011518 -0.004418 -0.015509 -0.000267 -6e-06 -0.000154 0.0 0.002931 -0.00262
39.380465 214.491688 73.572412 1091.347335 164.299665 2308.463822 218.17107 2665.759304 221.768467 2694.665535 184.33839 2610.944793 -45.052605 193.900757 -107.080695 1001.8531 -56.839234 1327.831242 -43.227846 1506.613299 -31.661724 1287.748214 -30.620233 1270.656687 421.019833 256.799314 -0.010381 -1.3e-05 -0.026184 -0.004122 -0.051153 -0.017904 -0.052136 -0.046615 -0.049822 -0.049846 -0.045785 -0.040331 3.8e-05 -6.2e-05 -0.00336 -0.145601 -5.2e-05 -0.002256 -0.000136 -0.0 1.9e-05 0.000193 0.0 4e-05 -0.051798 -0.056234
]