11-08-20_Colby_4KDepth.snake_below_bed.0000000002 [ 36.4693 319.058428 61.172604 1458.940143 163.872251 2714.50842 226.047923 3108.369602 239.156739 3089.470572 196.311339 2981.266136 -96.980611 313.622893 -200.51644 1603.252536 -338.878401 4059.735533 -417.290111 4759.445486 -391.730557 4879.884046 -339.984333 4628.443379 1243.047414 -203.723116 0.0 0.0 0.0 0.0 0.0 0.0 0.0 0.0 0.0 0.0 0.0 0.0 0.0 0.0 0.0 0.0 0.0 0.0 0.0 0.0 0.0 0.0 0.0 0.0 0.0 0.0
34.641142 298.448162 59.979912 1413.012584 171.093128 2619.610429 240.101006 3014.590478 247.569229 2999.418814 200.476435 2907.407945 -96.480623 291.404075 -194.248261 1599.744473 -338.546567 4119.743615 -432.032245 4906.670729 -395.508547 4980.692909 -340.312583 4687.911302 1268.907612 -249.863598 -0.023504 -0.344046 -0.005871 -0.367255 0.07784 -0.84422 0.211879 -0.718202 0.072705 -0.665948 0.021861 -0.463198 0.000646 -0.408116 0.049767 -0.001921 8.1e-05 0.220125 -0.127953 1.121264 -0.009065 0.515319 -7.9e-05 0.189799 0.133117 -2.352891
35.415385 284.209834 68.220014 1379.567984 181.924071 2552.144518 255.168013 2980.10603 252.014671 2935.069304 199.621087 2830.566992 -91.475633 280.373104 -179.696293 1550.489526 -327.674389 3990.849645 -425.279303 4821.826442 -375.326165 4924.196991 -306.088698 4636.335866 1242.443104 -255.882986 0.004278 -0.173996 0.265092 -0.200277 0.166192 -0.440068 0.229236 -0.099187 0.019779 -0.348891 -0.000914 -0.514537 0.066649 -0.106417 0.283251 -0.385082 0.088718 -1.02426 0.026596 -0.36998 0.264258 -0.161123 0.906632 -0.142641 -0.139445 -0.035823
33.411288 271.173345 65.696788 1352.410847 176.943795 2514.421518 246.448469 2952.177052 244.003554 2891.362545 193.102305 2783.924119 -93.075359 266.362118 -183.173203 1514.148944 -331.162482 3919.064688 -427.21008 4750.277979 -378.656517 4839.667541 -309.837526 4551.500268 1230.586171 -249.523965 -0.029184 -0.153024 -0.023773 -0.134981 -0.034559 -0.140435 -0.075791 -0.065745 -0.064697 -0.163935 -0.054106 -0.193748 -0.006934 -0.179557 -0.016658 -0.215471 -0.009234 -0.325742 -0.002186 -0.267405 -0.007355 -0.365908 -0.011409 -0.391672 -0.028424 0.040006
33.611622 269.228606 68.039555 1338.750532 178.491502 2503.872522 248.120985 2944.321663 247.329387 2895.633214 197.398338 2785.046338 -90.382094 269.780189 -181.216406 1517.759523 -324.913156 3907.806209 -417.704558 4734.892526 -366.352915 4809.208551 -300.078455 4519.48756 1215.711678 -241.409843 0.000299 -0.003499 0.020522 -0.03467 0.00337 -0.011088 0.002828 -0.005233 0.011256 0.001576 0.023632 0.000113 0.01977 0.010896 0.005254 0.00215 0.029764 -0.008097 0.053472 -0.012478 0.101602 -0.048076 0.078081 -0.056489 -0.045222 0.067059
32.689171 260.432039 67.241299 1308.691694 179.951266 2481.325999 248.232537 2913.222876 251.086149 2879.417601 203.202452 2764.331304 -89.197605 256.678023 -179.481186 1470.88716 -315.911713 3794.494237 -401.407381 4556.815454 -356.836243 4637.632247 -296.976981 4363.925656 1206.576342 -208.512397 -0.006417 -0.073051 -0.002355 -0.170648 0.002972 -0.050986 1.3e-05 -0.082555 0.014158 -0.022766 0.042049 -0.038663 0.003906 -0.163065 0.004174 -0.367583 0.063223 -0.833537 0.162142 -1.706595 0.062619 -1.558238 0.008056 -1.362166 -0.017226 1.204311
35.914152 251.93756 71.516498 1300.366764 184.542542 2458.98785 256.057308 2885.162227 255.56425 2844.155785 204.220426 2741.612795 -83.547005 246.397849 -162.236483 1441.602123 -286.12124 3700.281654 -372.703841 4460.251188 -322.264927 4549.269571 -258.412817 4282.006169 1151.795706 -199.307935 0.075844 -0.070419 0.065876 -0.013282 0.028918 -0.050502 0.06071 -0.067899 0.019791 -0.108622 0.001272 -0.046871 0.092442 -0.105047 0.435402 -0.147234 0.737515 -0.59217 0.532337 -0.517071 0.88054 -0.424961 1.340492 -0.388099 -0.636312 0.103885
33.207569 248.163519 72.346663 1277.221918 191.60571 2441.927473 266.335075 2846.534943 267.980362 2827.334927 215.368842 2726.305803 -86.313971 232.38684 -162.808282 1412.801308 -274.416537 3624.21006 -352.690602 4363.547272 -305.798658 4439.189134 -248.476292 4171.925221 1146.310365 -181.024929 -0.053011 -0.014241 0.002395 -0.103914 0.066321 -0.029694 0.101114 -0.130161 0.147248 -0.024944 0.148132 -0.021425 -0.022538 -0.205051 -0.000503 -0.145303 0.122217 -0.395047 0.27613 -0.529926 0.215889 -0.674095 0.097402 -0.716727 -0.006546 0.439696
37.01884 242.101857 75.734106 1270.154461 190.706135 2405.384203 265.009918 2796.585125 264.911149 2780.199586 213.879321 2686.671401 -81.075287 230.191445 -154.137129 1415.016114 -267.50851 3561.446635 -348.132761 4282.731275 -304.699591 4372.993267 -245.092525 4118.261275 1137.83013 -179.587166 0.103497 -0.037475 0.03875 -0.009804 -0.001058 -0.13775 -0.001652 -0.221069 -0.008839 -0.198107 -0.002584 -0.145106 0.081996 -0.00521 0.118637 0.000867 0.044031 -0.27411 0.014821 -0.377698 0.000989 -0.24863 0.011599 -0.17369 -0.015742 0.002866
38.275845 236.318332 73.191918 1276.647477 181.274102 2391.894924 255.870973 2772.716255 253.270923 2747.588247 201.191889 2663.640287 -80.051527 222.791035 -144.183748 1402.794981 -252.226007 3492.133577 -333.777358 4215.940622 -289.147001 4299.905607 -226.933916 4046.073166 1083.648107 -173.086211 0.010493 -0.034959 -0.021699 0.008277 -0.1196 -0.018965 -0.080178 -0.051149 -0.130757 -0.096197 -0.193953 -0.04957 0.003252 -0.060455 0.166092 -0.026502 0.224735 -0.340566 0.15112 -0.262456 0.203693 -0.307965 0.349405 -0.319146 -0.66085 0.059922
37.502083 235.32311 73.369277 1252.409599 202.670235 2114.781516 281.865158 2375.656116 293.51775 2330.590709 241.131168 2271.182361 -80.832026 221.779829 -146.823962 1387.05279 -254.454325 3451.672176 -328.45191 4128.390872 -294.760702 4225.369307 -237.805406 3972.520744 1176.555591 -279.78078 -0.003951 -0.00105 0.000107 -0.116148 0.596637 -8.527855 0.628647 -15.334156 1.483212 -17.149954 1.806836 -15.630505 -0.001893 -0.00115 -0.011977 -0.044414 -0.0049 -0.117885 0.021413 -0.459304 -0.026986 -0.325841 -0.127174 -0.337345 1.910326 -12.747938
39.211728 231.368025 72.036219 1221.761665 206.318108 1615.992638 286.573908 1738.746304 298.020677 1643.618527 244.368666 1629.446191 -79.515509 220.180075 -142.213372 1356.625116 -246.324596 3429.215875 -322.540406 4076.947013 -286.874169 4205.425421 -229.789196 3946.870569 1169.683472 -590.863603 0.019053 -0.016759 -0.006111 -0.189828 0.016268 -33.493337 0.019503 -49.595762 0.017139 -59.824448 0.010795 -53.151744 0.005405 -0.002895 0.036775 -0.168728 0.065994 -0.036644 0.026841 -0.161267 0.05347 -0.02359 0.068718 -0.041539 -0.010064 -57.472126
48.029603 242.807771 83.607871 1305.944352 219.428853 1284.333548 288.698989 1264.89493 304.26162 1093.966786 253.124484 1103.893291 -75.311118 224.498188 -132.15298 1349.86016 -225.353761 3383.020794 -294.259791 4041.537676 -265.707739 4188.18719 -214.513862 3922.705136 1138.633293 -1001.155176 0.446775 0.138015 0.430754 1.402198 0.201919 -19.025398 0.003925 -37.612654 0.032336 -55.74708 0.077057 -51.00116 0.057097 0.020966 0.184508 -0.008455 0.466413 -0.156631 0.648682 -0.077221 0.405535 -0.017701 0.262664 -0.037103 -0.208844 -53.778025
50.427663 243.35922 88.449298 1378.3015 213.860318 979.387006 290.284495 839.865379 304.560709 654.57874 244.094434 704.341662 -74.725326 221.070101 -134.574927 1339.533579 -219.543296 3365.540799 -285.607985 3956.582189 -254.659166 4156.230532 -207.985042 3892.723652 1116.208837 -1511.973026 0.029208 0.000313 0.068129 0.975415 -0.035784 -20.633763 0.002171 -43.361309 7.3e-05 -56.106575 -0.082005 -44.695291 0.001144 -0.013188 -0.010996 -0.019826 0.037945 -0.022638 0.064547 -0.451208 0.117306 -0.061193 0.050447 -0.057508 -0.111509 -52.461934
51.76119 242.465173 118.228131 1283.505947 230.242904 563.376477 280.601302 392.926865 286.446181 282.986547 241.911494 331.398767 -71.853405 219.264129 -125.345864 1293.427319 -211.098819 3254.972006 -275.65621 3900.646939 -251.3502 4072.829401 -207.556409 3822.292454 1074.446377 -2208.672795 0.008701 -0.000823 2.156572 -1.688523 0.302273 -57.147649 -0.082128 -83.869844 -0.277673 -76.781975 -0.004902 -69.473472 0.028138 -0.003703 0.163901 -0.403719 0.082802 -0.923366 0.088234 -0.199103 0.010819 -0.422644 0.000221 -0.321494 -0.398114 -65.811385
49.151897 229.356697 146.149881 1248.703856 227.487991 288.696862 270.383299 134.582741 268.888172 76.631735 225.808893 115.997758 -72.030603 207.550999 -124.263214 1281.72927 -204.082715 3219.905247 -261.955593 3867.425492 -239.826687 4012.502204 -201.766864 3780.024274 1016.598939 -2980.107332 -0.03374 -0.182129 1.478584 -0.239167 -0.00829 -45.487892 -0.094755 -67.591463 -0.277635 -65.096636 -0.277271 -55.266373 -0.000109 -0.160753 0.002348 -0.02657 0.059286 -0.094958 0.174603 -0.071039 0.135195 -0.225063 0.040946 -0.117504 -0.800309 -57.666411
44.481163 206.21992 170.102236 1143.137369 229.485438 127.919116 263.835399 29.313431 255.515275 8.867064 216.316685 27.04572 -71.539334 191.412695 -110.813835 1211.03433 -179.209071 3064.98812 -229.35769 3694.203049 -209.753716 3829.600796 -176.131491 3601.596556 928.282073 -3469.917639 -0.116569 -0.614919 0.908358 -2.330781 0.004365 -32.273176 -0.04013 -38.276398 -0.17054 -33.364414 -0.101908 -31.021286 0.000841 -0.326535 0.385053 -1.002658 0.807937 -1.909576 1.082604 -1.984358 1.006936 -2.133195 0.870512 -2.156783 -2.006265 -18.624813
44.383504 196.275848 189.48166 848.341607 225.80119 76.436662 256.921971 7.492853 254.377602 0.712118 210.832864 10.308898 -68.397951 197.285301 -100.400455 1183.893039 -160.183093 2967.542888 -204.608257 3604.987345 -182.750496 3698.569412 -150.521175 3468.266227 868.347915 -3596.640084 -5.4e-05 -0.122858 0.522597 -21.939951 -0.014907 -6.591168 -0.045892 -7.165688 -0.001269 -4.553491 -0.035203 -3.959315 0.035264 0.044365 0.256859 -0.153799 0.533708 -0.787082 0.706315 -0.545248 0.929976 -1.140418 1.005501 -1.257348 -0.999956 -1.136329
42.224275 194.931136 196.625807 638.215682 210.071943 29.318368 228.190111 -1.141443 211.253863 -6.210102 180.370646 0.00656 -66.719437 201.677975 -99.491137 1183.631159 -156.583815 2968.641441 -199.572415 3624.170948 -176.898843 3706.809424 -144.735444 3469.828107 774.782057 -4016.46418 -0.02692 -0.002311 0.0661 -14.925654 -0.283901 -11.076665 -0.851602 -14.483284 -2.00122 -11.128084 -1.187819 -9.795357 0.010426 0.024183 0.002068 -1.4e-05 0.020449 0.000102 0.031373 0.025453 0.047608 0.004584 0.056693 0.000176 -2.666155 -11.584399
42.624071 193.755454 199.287571 543.005184 192.597058 9.547843 186.050045 -12.358592 163.644799 -21.779099 138.434375 -3.715559 -63.201631 198.858251 -92.40905 1181.779545 -143.345582 2942.060391 -185.67162 3606.13908 -160.369177 3682.031535 -127.291592 3449.024602 648.011394 -4270.172109 0.000942 -0.001778 0.008948 -3.843401 -0.379363 -5.404162 -2.148999 -5.988276 -3.035268 -4.729758 -2.770228 -4.034362 0.047634 -0.009925 0.130727 -0.000725 0.292296 -0.059769 0.250873 -0.022485 0.405307 -0.041545 0.559873 -0.031276 -5.658876 -3.884737
45.016886 193.224744 200.664171 484.563625 137.442281 3.113503 126.0913 -22.635618 119.829392 -31.199681 103.680269 -8.486305 -59.511273 200.40555 -90.528862 1192.037434 -141.747608 2952.456546 -179.967338 3622.7139 -158.538344 3676.556298 -128.870264 3434.37875 554.030962 -4385.125553 0.032671 -0.000364 0.002369 -1.663238 -4.641251 -1.756808 -5.812815 -1.543089 -3.406651 -0.844302 -2.507355 -0.971305 0.055503 0.002998 0.009662 0.022164 0.004478 0.009168 0.044499 0.019002 0.005255 -0.002037 -0.004865 -0.015581 -3.679513 -0.763398
43.439371 193.820671 209.665243 469.761424 100.155796 3.978908 78.557032 -17.394149 72.737766 -24.417207 62.441452 -5.055318 -60.790464 219.294138 -91.004105 1233.12564 -146.267142 3003.129584 -189.078777 3705.914581 -166.618612 3758.558983 -132.348403 3512.641507 459.533266 -4388.85906 -0.014068 0.000459 0.098737 -0.114803 -2.94394 0.052996 -5.596999 0.344641 -5.846808 0.41511 -5.200044 0.441857 -0.006801 0.425256 -0.000622 0.348092 -0.035463 0.215579 -0.112494 0.472297 -0.100414 0.452222 -0.023157 0.440855 -4.414769 -0.000794
45.791304 188.888596 214.575673 506.190966 69.313641 4.547909 44.792972 -16.637553 43.872971 -23.955644 38.029984 -4.673422 -59.098254 221.678382 -87.838609 1240.221279 -142.552272 2999.513481 -184.470809 3703.393924 -162.676508 3751.673996 -128.884136 3511.841767 375.512216 -4375.208712 0.031001 -0.031782 0.028419 0.680143 -2.830151 0.019006 -4.711006 0.008411 -3.628935 0.002202 -3.010728 0.007498 0.011943 0.006446 0.028017 0.010178 0.023892 -0.001089 0.028422 -0.000429 0.023597 -0.003156 0.022971 -4.6e-05 -4.237791 0.01063
45.80397 187.599029 207.007883 536.856234 51.224155 15.152014 27.514278 -3.543064 27.991622 -8.280696 25.597138 -0.117278 -59.151235 219.924634 -87.684774 1252.787838 -142.291357 2997.172698 -184.329326 3686.009275 -161.456664 3741.463715 -129.774005 3503.776696 323.901757 -4101.778068 1e-06 -0.002209 -0.06793 0.450872 -1.365103 3.097516 -2.094821 4.825108 -1.776773 4.067605 -1.226521 3.310039 -1.2e-05 -0.003482 6.7e-05 0.031672 0.000119 -0.000457 2.7e-05 -0.02045 0.002295 -0.006956 -0.001531 -0.004636 -1.906793 4.410988
46.78221 192.061578 206.726693 541.441537 44.231549 25.058041 21.56032 0.022218 22.4367 -0.513545 20.986748 2.684854 -57.867191 225.288716 -85.572482 1271.043408 -140.446432 3010.00893 -182.127123 3689.712545 -161.40017 3744.376236 -130.35187 3508.841788 304.191133 -3832.591696 0.005168 0.026227 -9.6e-05 0.009749 -0.256466 1.239308 -0.36252 4.12642 -0.306884 4.669917 -0.228706 3.924405 0.007045 0.032315 0.012877 0.066025 0.006019 0.013714 0.006617 0.00093 5e-06 0.000567 -0.000642 0.001829 -0.309353 4.567607
44.694733 194.516429 200.558643 607.324059 49.571671 40.408977 26.695071 1.572325 27.25315 0.026867 24.832863 6.764274 -60.011906 230.649442 -88.033007 1283.182668 -141.417888 3019.579016 -182.797717 3693.106519 -160.475472 3753.888556 -130.160647 3517.160828 319.992934 -3733.829885 -0.023821 0.007794 -0.046708 1.890761 0.152127 1.825214 0.273967 1.220732 0.233981 0.775339 0.161707 0.925962 -0.019512 0.031516 -0.017437 0.028847 -0.001674 0.007595 -0.000616 0.00078 0.001328 0.006034 7e-05 0.004925 0.200051 0.644579
44.848599 190.789773 200.236321 748.042038 72.550307 65.224138 51.316597 6.119413 52.593345 0.671499 45.842059 10.942477 -61.023096 229.2048 -89.09563 1268.87449 -146.379258 3014.174871 -190.013946 3692.680195 -165.697093 3754.184732 -134.237503 3513.514119 404.994101 -3654.438455 0.000132 -0.018022 -0.00013 7.324663 2.181327 2.956132 3.987342 1.487963 4.127691 0.42973 3.194864 0.500018 -0.004224 -0.002269 -0.003187 -0.04011 -0.042768 -0.00242 -0.069846 -1.2e-05 -0.041799 6e-06 -0.031433 -0.000946 5.000228 0.426567
46.955227 185.175628 196.971477 761.259773 76.807674 70.862067 63.177324 6.977076 69.707417 0.704403 60.228057 11.144752 -60.864053 216.736452 -89.308199 1250.139256 -142.343123 2998.806124 -185.500451 3672.87228 -161.272752 3742.749723 -129.675567 3499.896442 443.035887 -3640.762292 0.024174 -0.041919 -0.013418 0.057878 0.060689 0.116837 0.615999 0.028114 1.203343 0.000393 0.980095 0.000926 0.000104 -0.174339 -0.000127 -0.069673 0.028213 -0.019641 0.027126 -0.026634 0.029935 -0.008721 0.039431 -0.01322 0.853688 0.012819
48.00094 192.529152 187.734001 878.743444 111.9979 100.920066 103.778734 16.582726 106.791248 5.077683 92.633163 21.435653 -59.594068 212.620099 -88.971674 1222.210888 -140.218083 2992.374212 -180.571228 3657.298888 -154.708422 3727.212854 -126.194193 3485.913513 518.571686 -3457.149807 0.005758 0.07159 -0.11092 4.213457 3.308424 2.650179 5.012084 2.047113 3.939782 1.999635 3.474267 1.667945 0.006695 -0.019733 0.000318 -0.157748 0.007991 -0.003453 0.033188 -0.016543 0.068192 -0.016158 0.023685 -0.013994 2.971319 2.375289
51.705029 188.131363 162.914545 965.976503 119.13851 132.796206 112.024899 32.677142 117.911812 11.141429 100.99936 30.962454 -57.20606 199.959517 -90.86502 1179.060818 -137.906102 2953.153557 -176.188608 3651.644694 -150.610843 3696.333906 -122.876644 3434.683351 535.04693 -3301.606177 0.068827 -0.025405 -0.879483 2.063691 0.110326 2.183969 0.157606 2.703404 0.275347 1.176154 0.180822 0.873339 0.024414 -0.1943 -0.009967 -0.387728 0.00961 -0.129364 0.02692 -0.002187 0.027497 -0.064222 0.022095 -0.18962 0.128818 1.79005
52.641077 192.389986 146.681572 1035.962676 106.972415 171.926332 96.507381 59.551605 104.507926 27.37442 90.315071 52.416483 -56.007281 204.02967 -88.870728 1174.768563 -138.157501 2925.448498 -177.734208 3621.809537 -152.235744 3679.390664 -124.151017 3416.25879 509.012114 -3072.033058 0.004199 0.023831 -0.425863 1.223704 -0.327541 2.522838 -0.578154 4.002305 -0.404253 3.587914 -0.298574 2.807405 0.006347 0.020504 0.011064 -0.003914 -0.000114 -0.065285 -0.003375 -0.061191 -0.004359 -0.019461 -0.003287 -0.024775 -0.324655 4.135857
50.447897 193.682366 140.547673 1078.250007 99.892431 258.894803 73.475408 133.757217 77.357357 76.219201 69.295579 112.133056 -59.134504 200.18361 -97.517793 1184.840317 -148.091174 2935.736163 -191.547053 3628.825343 -160.333325 3703.974673 -129.874381 3445.387157 460.427856 -2717.529318 -0.023332 0.002163 -0.065503 0.422946 -0.121192 8.869319 -1.567597 14.810005 -2.038067 12.23813 -1.390106 11.218258 -0.042475 -0.018298 -0.200688 0.021495 -0.172416 0.009029 -0.258423 0.003394 -0.104908 0.040928 -0.064484 0.061827 -1.218185 10.863595
49.86309 199.974773 147.554326 1163.92016 65.42951 356.217808 44.837343 225.04374 50.231373 140.558344 45.354886 178.167705 -56.631097 202.39116 -92.225788 1196.400883 -146.397215 2982.991907 -189.597857 3676.204293 -162.796037 3731.84081 -132.717434 3468.219892 393.886124 -2423.894596 -0.001705 0.050294 0.085214 1.637265 -3.631956 7.748011 -3.51829 11.806868 -2.916901 9.767935 -2.527442 7.610194 0.027071 0.006053 0.073812 0.028063 0.004872 0.18865 0.004984 0.153647 -0.009385 0.052215 -0.015391 0.037704 -2.59538 8.391817
43.610191 212.08818 143.999439 1224.996203 52.63338 490.569733 35.257644 355.644533 37.282012 242.407633 34.129106 287.635467 -62.681183 203.561762 -94.917901 1236.876758 -154.33033 3095.13874 -200.776061 3748.135707 -172.957318 3827.121748 -142.075509 3574.68876 370.840661 -2143.161271 -0.209378 0.178087 -0.021673 0.780876 -0.695497 10.72612 -0.57495 14.877083 -0.963361 13.79168 -0.79672 13.045616 -0.153493 0.001688 -0.019364 0.336667 -0.104655 1.034692 -0.160075 0.348465 -0.153796 0.600533 -0.159391 0.8048 -0.347323 8.636394
44.187082 228.470217 143.981558 1311.144065 54.87686 549.71979 36.965405 415.281206 39.087911 285.536067 35.780398 334.106302 -63.591739 203.834835 -96.638587 1240.847305 -157.454688 3100.334505 -205.841851 3749.15388 -174.494772 3838.860985 -142.242018 3584.874601 378.756967 -2030.469386 0.001895 0.304686 -1e-06 1.463562 0.023411 1.682975 0.020193 2.310125 0.021355 1.764559 0.019505 1.739117 -0.003283 9.2e-05 -0.007728 0.003181 -0.015655 0.002179 -0.031557 6.9e-05 -0.003402 0.008988 -4.9e-05 0.007246 0.041802 1.52167
46.055631 240.731675 136.929297 1327.612318 59.83791 589.956391 44.108588 462.331138 46.506861 323.885345 42.41761 373.143538 -66.276497 208.001977 -98.518618 1247.532425 -159.34096 3105.595414 -207.54413 3764.174275 -175.299115 3848.470681 -142.956634 3593.928181 402.389604 -1939.453652 0.019347 0.160239 -0.088537 0.051389 0.107325 0.710504 0.315295 1.262111 0.322126 1.207806 0.282182 1.078168 -0.027754 0.021083 -0.009056 0.00898 -0.005616 0.00223 -0.003505 0.015014 -0.000925 0.006006 -0.000895 0.005709 0.35757 1.043465
45.936784 242.343975 135.198785 1312.807322 61.168408 598.534943 45.015526 474.634269 48.26717 332.259129 43.815191 377.465707 -65.948684 206.323587 -101.587791 1230.325448 -159.92618 3067.789674 -206.795772 3722.577952 -173.686309 3806.661424 -141.682187 3550.533003 405.074712 -1889.655775 -7.7e-05 0.002691 -0.005502 -0.041507 0.007315 0.03096 0.004615 0.080779 0.016349 0.053436 0.011326 0.012444 0.000406 -0.0034 -0.023538 -0.059746 -0.000536 -0.115762 0.000676 -0.115555 0.003727 -0.114174 0.002853 -0.131792 0.004464 0.323826
45.443963 240.549247 127.892489 1284.62984 64.519345 576.946002 49.322288 452.109228 52.583231 312.343275 46.293136 356.72726 -65.262654 212.56135 -106.140318 1195.326171 -156.190773 2929.301313 -201.193919 3586.479651 -166.15131 3657.743712 -135.10129 3400.859242 405.67595 -1832.357677 -0.001329 -0.003335 -0.101471 -0.152842 0.044677 -0.198269 0.098359 -0.273783 0.092399 -0.307737 0.034078 -0.292954 0.001793 0.046447 -0.049892 -0.252512 0.022071 -1.599241 0.03846 -1.267219 0.083545 -1.48563 0.078246 -1.611536 0.000223 0.441061
47.606965 240.474372 129.98832 1278.850309 69.29032 542.533604 52.985008 409.022432 56.098897 281.233275 48.789431 329.539195 -64.732812 218.294255 -107.066818 1196.092065 -124.028249 2871.019305 -147.626955 3518.241882 -110.872384 3550.774872 -91.372649 3295.903511 324.702931 -1833.412594 0.025143 -6e-06 0.008517 -0.006515 0.085081 -0.529037 0.065586 -1.078601 0.056878 -0.815815 0.032774 -0.538771 0.00108 0.038142 -0.002013 0.000123 1.851868 -0.292818 4.137566 -0.327705 5.571364 -0.793711 4.261763 -0.822515 -4.50239 -0.000152
46.184514 233.320573 130.489234 1250.179088 73.198241 506.483889 57.211335 374.483908 58.801156 257.029273 50.792499 308.522003 -64.555832 217.648868 -117.659592 1182.040401 -88.100801 2593.060749 -87.952494 3178.461184 -59.574468 3073.358292 -52.815025 2845.276088 236.748722 -1552.81276 -0.010787 -0.05401 0.000482 -0.162526 0.0536 -0.619611 0.081075 -0.761634 0.031781 -0.544465 0.020148 -0.346238 0.000121 -0.000478 -0.249791 -0.041514 3.064581 -7.074476 7.683342 -8.625537 7.902541 -17.226658 5.251016 -16.555383 -6.932027 11.64599
47.490485 229.39768 127.160828 1144.871546 61.856815 387.639456 46.950816 245.568468 48.612316 164.545998 41.421665 208.640401 -65.152048 225.704022 -149.098427 1165.545687 -66.477151 2040.722018 -48.187033 2416.982869 -34.787866 2139.77881 -37.072133 2003.016149 165.646612 -1117.577928 0.009104 -0.016629 -0.0215 -2.316244 -0.477048 -7.933435 -0.506589 -13.549484 -0.48433 -10.269359 -0.477369 -9.736924 -0.00137 0.073182 -1.859094 -0.057949 1.51992 -33.036669 5.937073 -52.056557 3.313586 -84.27487 1.389347 -73.720444 -6.331583 35.707203
48.196716 226.27085 129.171002 1053.26901 60.860844 311.843739 45.973553 178.227221 46.035489 115.413738 39.029129 159.83152 -63.151223 226.662112 -145.574781 1170.893849 -36.892093 1818.067227 -19.027556 2142.022636 -10.697229 1861.150379 -14.00569 1759.706679 101.115243 -1049.628689 0.002606 -0.010728 0.007882 -1.909494 -0.004042 -4.118723 -0.005139 -5.384477 -0.035084 -4.345014 -0.035584 -3.246991 0.015602 0.001015 0.021068 0.006121 4.324179 -6.429023 6.654488 -8.299179 6.903557 -9.713763 5.504989 -7.874817 -7.922929 1.065481
52.106627 222.237381 154.243782 982.920337 49.524428 249.332776 33.493819 117.078363 33.781229 75.438832 30.125039 119.06546 -60.947969 231.321426 -143.923418 1189.698334 -14.004463 1440.297744 -1.707093 1585.768919 -0.549557 1346.273954 -2.408882 1315.354119 42.94814 -784.339003 0.076235 -0.018137 1.111232 -1.215607 -0.58366 -3.4925 -0.98604 -6.4004 -0.946308 -4.233411 -0.575628 -2.995451 0.01956 0.023701 0.00471 0.074899 5.43651 -21.973075 9.336086 -41.735169 6.397566 -41.595355 4.797679 -32.274293 -12.264876 19.288966
50.035214 208.529869 153.532474 894.356816 50.166423 218.123708 33.559393 102.593778 32.371041 65.560185 29.043494 103.35134 -61.783894 225.139246 -148.546314 1187.160057 -23.957978 1129.767609 -6.538252 1168.902443 -5.025637 929.364372 -8.039876 937.310277 62.906292 -501.247333 -0.021006 -0.21815 -0.000822 -2.090226 0.002067 -1.042978 3.2e-05 -0.478057 -0.015032 -0.346484 -0.009886 -0.555809 -0.002847 -0.041867 -0.036538 -0.001355 -1.328106 -18.828995 -1.563607 -31.725043 -2.251418 -38.516025 -1.647142 -31.948355 1.898514 31.556299
54.701354 179.009806 149.843685 845.78562 51.098898 183.923231 38.566164 78.037159 36.89021 50.676893 32.677312 85.600108 -57.830606 204.326231 -131.21039 1195.51824 -18.405529 952.627356 -4.291457 943.13008 -2.792714 743.7739 -4.785414 765.810439 59.983051 -406.161466 0.103993 -1.125952 -0.022427 -0.677996 0.004293 -1.457288 0.173988 -1.67701 0.147591 -0.956785 0.107064 -0.835677 0.065346 -0.504623 0.537652 0.01466 0.365447 -7.547954 0.23563 -12.101996 0.325644 -10.325037 0.419785 -8.656795 -0.034773 4.995697
52.79064 173.839835 150.928989 780.773453 40.579508 216.785156 25.441228 113.569691 22.791344 82.843995 21.301993 123.360698 -56.712941 206.130055 -128.411439 1192.4367 -11.142603 864.29779 -0.928775 816.071345 -0.593547 659.782017 -1.883334 692.024 30.740903 -275.040819 -0.016983 -0.037877 0.001958 -1.29976 -0.605509 1.34977 -1.360107 3.323489 -1.689228 3.932674 -1.212199 3.440111 0.005453 0.003964 0.015088 -0.001988 0.906519 -2.148335 1.22734 -4.594423 0.811299 -2.515384 0.664572 -1.868501 -4.841869 12.738427
47.174812 174.174387 149.031694 817.418585 35.450794 246.062451 20.807407 135.14404 18.60478 85.536205 17.773881 136.158768 -61.062959 204.930664 -129.670748 1197.975483 -7.68017 731.014392 -0.107743 633.150364 -0.083741 504.828061 -0.820938 554.138013 21.184907 -174.763128 -0.157867 0.000161 -0.006 0.420175 -0.173179 0.926892 -0.232725 0.937486 -0.212246 0.021524 -0.1596 0.315757 -0.080361 -0.00175 -0.003072 0.006417 0.321196 -5.577458 0.403844 -11.590506 0.231399 -10.354515 0.217426 -7.651933 -0.886877 11.320224
44.616187 180.08266 148.89071 864.595184 27.181753 286.194442 14.321595 178.209476 11.945642 137.698363 11.880673 193.363217 -62.387582 206.701412 -130.029505 1211.432201 -8.246257 670.376445 -0.328934 546.616429 -0.259324 430.844085 -1.040539 490.106726 15.725072 -81.401708 -0.035667 0.049272 -3.3e-05 0.661727 -0.548258 1.515126 -0.603924 2.973436 -0.734584 6.179778 -0.591473 5.00328 -0.007107 0.003809 -0.000248 0.037579 -0.010064 -1.312512 -0.060165 -3.17784 -0.048337 -2.929558 -0.012999 -1.964993 -0.406051 17.619099
44.025417 184.195341 150.116834 902.490704 25.242592 366.450807 10.892906 249.783991 9.868639 190.821883 10.345483 245.582853 -61.854424 207.687384 -124.218436 1216.475759 -7.771938 668.481427 -0.167482 557.305679 -0.230671 429.965132 -1.012602 483.183922 13.116865 -47.910916 -0.001969 0.023217 0.002514 0.406385 -0.035877 4.953396 -0.234206 6.02724 -0.099104 4.323633 -0.053082 3.117248 0.001144 0.001173 0.066417 0.005239 0.007024 -0.001341 0.026989 0.051753 0.000838 -0.000449 0.00019 -0.024621 -0.118174 4.412177
44.24479 186.864186 146.716802 969.68083 23.462064 435.641871 9.262509 311.429167 8.984719 235.460374 9.459277 291.375688 -63.102019 210.010006 -124.633247 1226.18769 -7.06625 719.8548 -0.040831 620.791124 -0.110302 482.755321 -0.797922 530.404416 11.08603 -43.916805 0.000273 0.009598 -0.019473 1.206077 -0.032557 2.989893 -0.066051 3.395911 -0.020732 2.34362 -0.019838 1.956213 -0.006228 0.006458 -0.000346 0.019307 0.01679 0.950824 0.042923 1.7118 0.021953 1.527926 0.012773 1.100539 -0.085353 0.086904
45.378412 192.487058 145.46628 997.372329 26.231892 468.280302 11.369712 349.792687 11.103899 262.610843 11.310339 314.725339 -62.603156 214.827903 -125.013625 1227.612391 -8.51611 770.220984 -0.231714 693.929308 -0.285288 537.221446 -1.189807 578.79163 14.948852 -48.619465 0.00717 0.041674 -0.002676 0.194925 0.077252 0.589439 0.107888 1.113847 0.112091 0.740553 0.082651 0.449932 0.00099 0.02732 -0.00029 0.000414 -0.067598 0.851459 -0.078009 2.035923 -0.040806 1.455267 -0.039013 1.055917 0.28816 -0.119571
46.387027 201.834771 143.634033 1045.649829 25.585258 500.90737 10.884999 380.158854 10.829026 280.79843 10.971737 332.205786 -63.247129 216.453552 -128.245674 1240.750934 -9.434087 798.768006 -0.402284 711.811196 -0.539949 550.79457 -1.411906 589.035121 16.205138 -45.050565 0.005543 0.110813 -0.005806 0.570489 -0.004035 0.54934 -0.005279 0.631894 -0.001722 0.304449 -0.002573 0.236209 -0.001648 0.003064 -0.020624 0.034967 -0.023488 0.259721 -0.023376 0.113739 -0.040276 0.084666 -0.009497 0.044926 0.02534 0.068014
47.150415 198.277367 138.321349 1052.156628 28.944386 531.725525 14.058405 416.337408 13.940787 310.870141 13.646501 361.177021 -64.714446 214.306752 -127.263552 1262.230398 -12.984418 795.882749 -1.57039 711.803403 -1.75417 550.236146 -3.122607 591.084863 25.585258 -33.93765 0.003115 -0.015815 -0.050056 0.010091 0.103563 0.459975 0.202691 0.822078 0.196238 0.764695 0.145738 0.605509 -0.008413 -0.00535 0.001888 0.092165 -0.282911 -0.00261 -0.383028 -0.0 -0.347674 -0.000142 -0.335071 0.00178 1.066318 0.78565
46.420078 193.451663 133.779415 1074.823683 28.569841 524.602348 15.2337 401.576735 15.788718 298.356319 14.408027 351.119181 -66.216874 212.150596 -128.781843 1269.918679 -16.038449 824.180349 -2.981623 744.05222 -2.988935 570.142478 -4.572169 607.892654 32.516858 -43.621567 -0.00285 -0.029725 -0.03791 0.120784 -0.00122 -0.024017 0.023588 -0.133202 0.057488 -0.128534 0.010338 -0.071013 -0.00862 -0.005451 -0.004502 0.011672 -0.161133 0.247156 -0.224283 0.357217 -0.163541 0.176857 -0.137769 0.117815 0.414953 -0.606934
46.107098 193.632847 130.392296 1076.684408 30.720483 516.68726 18.109157 393.675587 18.118594 288.896712 16.213297 340.571248 -67.006653 212.800915 -127.91042 1279.509887 -16.382603 845.16516 -3.348168 767.982001 -3.431018 585.911419 -5.018197 620.263881 37.318597 -51.964568 -0.000529 4.2e-05 -0.021715 0.000805 0.039018 -0.030083 0.12422 -0.039251 0.080141 -0.076194 0.053261 -0.08043 -0.002341 0.000498 0.001479 0.018042 -0.001827 0.131902 -0.010622 0.189371 -0.015239 0.107552 -0.010378 0.062309 0.165274 -0.364795
45.957793 192.066121 126.207384 1114.237253 32.659461 541.48592 20.034459 418.628577 20.009922 299.861253 18.005058 349.630172 -67.771327 212.005724 -126.721162 1315.588029 -15.071982 867.326334 -2.510933 791.959373 -2.73807 601.150206 -4.326237 631.925769 37.551851 -51.866821 -0.000121 -0.003182 -0.034128 0.321855 0.029666 0.290623 0.048621 0.383353 0.046938 0.102106 0.046943 0.059452 -0.002169 -0.000744 0.002777 0.250799 0.027317 0.143399 0.060127 0.184285 0.039042 0.097817 0.025655 0.054306 0.000363 4.6e-05
42.979238 192.279796 112.155148 1157.823226 28.971521 606.35527 17.627732 484.231992 18.002327 349.938291 15.957273 396.849756 -70.283482 214.896225 -128.212534 1333.27496 -14.679386 874.914871 -2.391853 796.69564 -2.808034 605.787688 -4.410012 633.680354 35.030228 -34.882218 -0.049891 5.9e-05 -0.414573 0.418103 -0.11044 1.834486 -0.076977 2.386583 -0.053052 1.932476 -0.061793 1.494966 -0.022858 0.009786 -0.004362 0.05905 0.00259 0.016526 0.001446 0.00706 -0.000441 0.008909 -0.000402 0.001216 -0.043816 1.678956
41.759008 191.43224 99.212914 1204.709757 23.995657 616.864093 12.980531 534.345253 14.107078 377.599007 12.992775 400.047876 -72.108275 217.187282 -114.478315 1367.073219 -12.392834 933.291397 -1.459051 864.160765 -1.896666 664.695287 -3.347001 693.498372 26.349066 -40.319683 -0.008786 -0.000936 -0.396604 0.465298 -0.23424 0.045142 -0.354845 1.233515 -0.237146 0.526016 -0.152183 0.006417 -0.011693 0.006074 0.388931 0.211522 0.096735 0.942566 0.114684 1.370806 0.089117 1.366399 0.073182 1.348731 -0.61701 -0.196835
45.739208 187.098755 110.601045 1230.125168 24.760264 780.452212 12.704519 681.173014 13.684928 514.343714 13.078166 554.080207 -71.687427 218.661551 -110.327283 1361.675014 -2.161372 989.017422 1.867751 944.538431 1.301704 742.732124 0.142012 762.734824 6.545371 -20.921156 0.090574 -0.024806 0.309286 0.13265 0.005996 9.608921 -0.001483 8.90057 -0.003206 10.544569 0.00014 12.515403 0.000616 0.002493 0.038328 -0.00534 4.203259 0.807894 6.628405 1.786854 6.340915 2.165098 4.867872 1.646851 -6.629296 3.153512
48.883151 182.020074 117.323955 1195.820388 0.247508 970.510114 -5.134737 948.253955 -4.282436 768.650462 -1.924761 787.199432 -71.481168 215.016472 -108.193915 1351.830695 -0.276017 1198.083382 5.93979 1227.217926 4.859906 1007.886858 1.619437 994.096095 -18.266428 -16.182016 0.052245 -0.03494 0.099172 -0.24256 -20.056662 10.345464 -33.992813 22.037776 -33.278123 25.456052 -25.037338 20.413826 0.000149 -0.015319 0.010414 -0.017857 0.892623 10.015286 1.145995 18.47561 1.131239 20.19713 0.802326 15.300891 -46.680549 0.303907
52.665644 172.506567 127.463873 855.407627 19.699609 1238.201105 4.749482 1473.334161 7.078868 1337.902744 7.364837 1262.800104 -69.302575 218.085944 -113.435894 1295.189773 -0.59671 1481.984433 4.206339 1671.836548 5.443377 1388.716634 2.171689 1329.350962 0.107263 -0.473531 0.07047 -0.127668 0.210105 -28.443913 15.530866 16.281794 19.760926 57.612697 22.373079 78.372186 16.819686 55.932812 0.016858 0.010877 -0.062 -0.60607 -0.061057 15.079319 -0.149175 34.297744 0.016534 30.451134 0.040439 24.314525 21.173194 11.119237
49.98733 169.138561 104.495131 985.73867 42.234811 1485.485722 34.125346 1782.266142 26.083615 1588.617756 23.435626 1499.164301 -66.900868 205.461738 -110.855251 1268.156952 -0.204493 1789.146357 5.558681 2164.538885 8.9548 1863.455587 4.627547 1756.933888 4.472188 -10.958039 -0.034946 -0.016602 -1.139992 4.618729 4.245279 11.248763 13.412879 14.690807 5.985841 10.759155 4.525032 10.132408 0.021177 -0.18818 0.014847 -0.142547 0.102568 14.453312 0.094095 31.770214 0.434746 34.83682 0.459017 29.762804 3.194246 -6.875709
52.821566 175.108031 105.834852 1086.200553 85.978443 1680.059732 63.768059 1995.64114 52.965919 1827.602077 58.541742 1750.253596 -73.82862 228.855349 -90.543777 1375.527096 -0.463543 2435.880455 1.919704 3048.724321 9.455391 2763.992861 6.119575 2561.872566 17.663586 -96.495787 0.039075 0.051761 0.004267 2.436975 7.692994 5.98552 4.59588 6.030489 4.711317 8.369419 7.897347 9.715621 -0.170621 0.630482 1.026843 2.181256 -0.052272 49.7919 -0.945079 75.527385 0.006807 88.471498 0.104073 75.675191 4.359961 -42.418309
50.897818 162.722429 123.213973 1013.997758 229.661183 2103.708333 297.979725 2423.94331 273.339474 2465.269734 231.623857 2421.764603 -73.095063 228.102061 -88.245761 1348.963763 -2.943091 2800.369188 -0.454144 3483.008353 8.137875 3323.402561 5.19863 3101.382679 187.150204 -63.959639 -0.017842 -0.227118 0.660274 -1.241498 34.599337 23.791651 86.055283 20.80235 85.658959 47.624074 57.273658 54.396456 0.001831 -0.000621 0.014769 -0.129497 -1.070612 12.701205 -4.241276 14.453402 -0.049402 25.758365 -0.03753 25.756792 89.822594 3.333363
55.613517 164.40267 127.613309 1001.3153 270.508178 2064.463482 368.84477 2292.736117 372.620075 2350.537059 316.106356 2341.505964 -67.552266 259.38271 -68.18349 1495.89035 -9.092056 3450.406381 -7.768748 4255.917573 -0.013744 4212.701932 0.034699 3912.056531 377.159933 -269.714697 0.104443 0.004315 0.038584 -0.039906 1.670702 -0.184756 3.776192 -1.825295 7.67505 -1.3669 6.554554 -0.676206 0.109261 1.004635 1.291841 3.796651 -1.689375 33.891554 -4.466228 38.693084 -8.820499 52.654917 -4.38389 47.009891 32.951282 -70.989318
53.375075 155.354683 139.419058 984.121529 343.83375 2087.80814 452.856268 2332.541477 468.604235 2412.153458 401.539708 2389.741452 -67.052671 259.294882 -63.69911 1564.776369 -10.772493 3954.355844 -11.084482 4874.121449 -0.42371 4889.565402 -0.031911 4514.120109 497.209676 -433.128876 -0.022989 -0.128038 0.261099 -0.07445 4.391631 0.065624 4.30599 0.171287 5.493863 0.398592 5.103423 0.245889 0.000927 -7e-06 0.076263 0.775302 -0.071206 17.168669 -0.293861 20.953639 -0.284829 25.201373 -0.13316 21.536718 8.280542 -19.261175
55.357425 155.808716 149.655646 959.481031 375.458856 2022.392016 488.344736 2301.81202 501.714771 2351.173141 431.162228 2308.971887 -62.642682 261.89781 -59.615834 1574.615781 -23.595696 4182.11054 -29.514792 5200.62969 -8.902455 5213.254042 -4.936351 4786.338337 644.280883 -562.352382 0.018072 0.000331 0.181304 -0.156199 0.695566 -0.5206 0.669293 -0.101882 0.565086 -0.390352 0.527062 -0.694254 0.074997 0.0065 0.067622 0.015419 -2.481861 3.188262 -4.424355 5.292222 -5.441806 5.186732 -4.174482 3.984677 9.514077 -8.422891
54.051122 150.320362 152.925249 945.185185 381.563563 2029.086689 489.134569 2320.516322 502.182693 2377.543981 432.822036 2331.784155 -63.142129 263.32765 -58.364609 1586.293281 -30.184118 4207.411269 -38.97921 5215.440083 -15.899491 5254.463625 -10.153346 4833.522633 696.793677 -562.999651 -0.007799 -0.049202 0.017666 -0.053651 0.024615 0.005531 0.000319 0.037844 0.000109 0.073532 0.001594 0.056069 -0.000992 0.001946 0.006635 0.02157 -0.405091 0.03815 -0.657042 0.010529 -1.007451 0.081118 -0.930533 0.115717 1.028523 -0.000186
56.781954 146.649955 168.443322 949.046668 402.512047 2073.817679 510.306459 2349.486744 530.189881 2412.581464 462.659032 2376.463823 -61.474457 273.788922 -52.195728 1644.955587 -22.25356 4218.491047 -27.925028 5199.323914 -9.482242 5218.277583 -5.650443 4803.773308 681.480287 -534.516392 0.033648 -0.022683 0.374883 0.003936 0.279895 0.243842 0.224275 0.08986 0.379973 0.128143 0.497215 0.212002 0.011159 0.101885 0.172235 0.532542 0.603169 0.007285 0.919527 -0.012469 0.82463 -0.062516 0.655073 -0.045917 -0.085073 0.369668
56.677531 132.567234 164.362167 922.679602 390.895652 2059.494998 496.15017 2335.921706 512.069427 2403.472165 444.654144 2366.810562 -60.165904 273.225174 -52.043571 1665.511634 -26.291333 4455.047937 -36.788625 5479.764034 -14.283905 5559.09383 -8.526114 5135.117171 697.401289 -651.990838 -4.8e-05 -0.355367 -0.025024 -0.185726 -0.085043 -0.024815 -0.099562 -0.019637 -0.157531 -0.008615 -0.178664 -0.009823 0.007039 -0.00029 0.000111 0.063821 -0.168214 3.226455 -0.609881 3.682909 -0.490113 5.390218 -0.294724 5.524725 0.091918 -5.829814
55.839195 133.053975 160.686582 926.06876 386.787825 2044.092122 494.900038 2325.320413 507.372697 2390.482191 439.8576 2353.050966 -59.863087 281.83684 -53.737601 1695.293409 -30.271583 4475.682969 -42.082367 5489.686398 -18.202899 5560.835158 -11.501291 5138.925271 717.780217 -659.382788 -0.003123 0.000446 -0.020782 0.003107 -0.010849 -0.028908 -0.000788 -0.012056 -0.010819 -0.017599 -0.013005 -0.020056 0.000382 0.066808 -0.013565 0.131958 -0.140216 0.023839 -0.177856 0.004488 -0.237247 0.000136 -0.222222 0.000706 0.146738 -0.020834
57.002517 126.728207 157.151625 897.294686 375.719688 2018.907017 483.889983 2314.268653 496.67128 2383.881666 429.483375 2341.640947 -58.775335 286.639902 -49.689959 1712.157166 -25.087469 4521.382292 -33.702323 5533.690767 -11.667338 5629.552182 -6.98963 5215.283399 660.586199 -686.719377 0.005997 -0.077029 -0.019658 -0.227053 -0.080334 -0.078058 -0.061926 -0.013163 -0.057031 -0.004563 -0.061902 -0.013866 0.004987 0.020291 0.079233 0.04173 0.243268 0.116062 0.464745 0.087831 0.723754 0.210988 0.558853 0.281559 -1.187117 -0.277604
58.706857 127.976424 154.296197 911.231689 358.618007 2039.740414 461.429835 2324.129197 475.263106 2399.446279 410.300496 2358.298448 -58.395987 290.624796 -49.913062 1719.870168 -23.039779 4520.309844 -31.924675 5532.238311 -9.386255 5619.401388 -5.747499 5209.27954 618.229912 -674.883683 0.012553 0.003059 -0.01309 0.053702 -0.199164 0.05347 -0.266856 0.010481 -0.235801 0.025323 -0.219122 0.029519 0.000614 0.013754 -0.00025 0.008667 0.043582 -6.4e-05 0.02408 -9.5e-05 0.123938 -0.00458 0.060711 -0.001729 -0.701644 0.051442
57.911815 131.424247 152.726447 927.714836 354.767187 2056.273302 457.717877 2346.970699 470.380305 2419.347053 404.559754 2374.532819 -59.185851 304.033971 -42.294447 1767.569031 -7.838997 4527.172338 -10.236284 5544.710097 -0.214052 5615.328985 0.003713 5198.899723 490.662809 -662.992477 -0.00271 0.022914 -0.004013 0.073874 -0.010393 0.033366 -0.007495 0.055847 -0.012606 0.041094 -0.020222 0.027843 -0.002653 0.151203 0.315282 0.326212 4.000624 0.002603 6.006289 0.007021 6.765422 -0.000738 6.043377 -0.005176 -7.362104 0.052846
58.068046 131.791304 152.07539 947.634776 347.895697 2096.904671 449.51284 2372.445824 458.706948 2450.148553 396.358329 2414.08066 -58.532484 302.571256 -42.708908 1716.893579 -4.475958 4089.226954 -4.931796 5006.729572 0.314579 5009.987714 0.923773 4652.043845 434.996562 -452.935928 0.000105 0.000256 -0.000695 0.105798 -0.0336 0.198757 -0.037104 0.068757 -0.073337 0.097417 -0.041993 0.16331 0.001813 -0.001764 -0.00101 -0.368513 0.468095 -11.136914 0.957765 -13.723785 1.047616 -17.257645 0.810355 -15.19053 -1.675313 19.948272
61.543502 132.991554 153.049547 958.744136 346.199914 2123.133423 443.220456 2384.659043 458.378671 2461.279336 396.795375 2437.174121 -55.666958 304.881279 -41.432253 1703.232066 -1.640478 4010.303964 -1.314916 4958.322887 2.585288 4900.702478 3.849959 4517.700192 392.115117 -415.904434 0.050502 0.00272 0.001555 0.03237 -0.002072 0.08151 -0.022176 0.015678 -5.9e-05 0.012613 0.00012 0.054966 0.035957 0.004392 0.009686 -0.027285 0.696949 -0.384528 1.153619 -0.117572 1.096228 -0.602563 1.002002 -0.984171 -1.112338 0.789532
58.411657 134.661718 152.259793 967.340255 353.452862 2137.911506 455.632752 2391.939816 469.930804 2478.207069 407.633233 2459.210123 -55.859685 309.210543 -39.60491 1735.838844 -0.154414 4066.68425 -0.018378 4969.054331 6.999325 4928.002231 8.371247 4577.58617 362.227064 -416.900331 -0.040891 0.005211 -0.001021 0.019182 0.037595 0.025627 0.085705 0.005549 0.071882 0.029006 0.073011 0.049586 -0.000167 0.015261 0.020605 0.15458 0.788288 0.19678 1.02239 0.0058 1.076906 0.037913 0.867095 0.197155 -0.592335 -0.000595
61.320007 131.120281 157.403683 976.39878 361.207493 2167.347264 461.632923 2392.805099 478.474163 2478.352465 416.109403 2476.630543 -54.352196 309.724855 -38.58038 1746.488758 -0.030473 4010.527045 0.035364 4914.958587 8.912221 4851.00174 10.125124 4498.483027 356.783664 -394.661098 0.035328 -0.023595 0.042726 0.021108 0.042073 0.10063 0.019625 7.8e-05 0.038481 2e-06 0.04361 0.030742 0.01031 0.000214 0.006713 0.016285 0.047695 -0.19522 0.104728 -0.148036 0.115403 -0.303158 0.083341 -0.344721 -0.020605 0.304768
64.593096 125.706343 162.908764 976.184047 369.84892 2173.296523 472.0266 2396.281512 491.275354 2488.189018 428.565831 2480.699265 -51.813391 309.104273 -35.759472 1760.553649 0.438187 4054.619267 1.284718 4977.212605 15.840059 4919.9421 16.633396 4572.145629 330.686046 -410.489829 0.042549 -0.05707 0.04731 -1.2e-05 0.051075 0.004077 0.057854 0.001262 0.084495 0.009741 0.091852 0.00167 0.03036 -0.000311 0.053541 0.028204 0.699768 0.120527 0.893783 0.195892 0.989274 0.243213 0.803544 0.299112 -0.495535 -0.155606
65.148728 121.993472 163.088507 978.467424 370.370434 2181.371093 473.311836 2378.716829 490.186826 2472.773225 426.276756 2481.307887 -51.304429 304.01173 -34.441152 1744.184155 0.323752 3953.876844 1.03437 4810.007588 13.737369 4767.832823 15.064347 4444.909638 339.803786 -373.359338 0.00119 -0.027828 5e-05 0.001334 0.000184 0.007486 0.000874 -0.032306 -0.000604 -0.023952 -0.003065 3.7e-05 0.001256 -0.02115 0.01238 -0.038229 -0.008643 -0.633667 -0.013552 -1.428371 -0.074836 -1.194219 -0.038858 -0.897732 0.061997 0.879919
70.601047 119.468717 159.075702 969.869602 355.532136 2138.646036 454.466296 2330.837028 474.86479 2423.354968 412.106735 2434.397737 -47.696497 300.786974 -28.55557 1725.212837 0.909995 3969.673632 1.919506 4867.388308 17.419241 4831.366789 19.038217 4473.316253 310.385331 -411.296676 0.109539 -0.0132 -0.024992 -0.018971 -0.151672 -0.211281 -0.19142 -0.243392 -0.121641 -0.249404 -0.119757 -0.223835 0.065765 -0.008597 0.275538 -0.05187 0.148182 0.015747 0.135735 0.170117 0.218314 0.210258 0.232323 0.045241 -0.665875 -0.917653
73.557177 116.053358 166.79654 957.354554 371.501411 2122.797273 474.493127 2312.564302 493.614137 2410.49215 429.985031 2427.237872 -44.89799 301.018989 -24.202879 1722.381281 1.34295 3959.984582 2.320473 4868.894603 18.785336 4836.877724 20.838795 4476.44144 319.809675 -418.239392 0.030313 -0.024765 0.091477 -0.040636 0.175404 -0.029472 0.215898 -0.035954 0.181507 -0.017114 0.189807 -0.005272 0.0423 4.5e-05 0.17986 -0.001163 0.041993 -0.005919 0.019002 0.000117 0.025782 0.001571 0.040672 0.000546 0.070473 -0.029054
77.109904 123.666076 160.513605 981.580003 367.031467 2151.922604 470.923404 2332.148552 496.823787 2429.102054 432.367806 2445.2808 -41.902145 303.296308 -25.169366 1709.505898 0.960871 3887.593352 2.167703 4753.417898 16.18969 4700.817044 17.789514 4357.051156 333.643212 -371.58666 0.041892 0.120908 -0.060308 0.151345 -0.013527 0.099222 -0.006739 0.041288 0.005201 0.035781 0.003292 0.033407 0.051715 0.004291 -0.009461 -0.024152 -0.031904 -0.333899 -0.002601 -0.692939 -0.09645 -0.970541 -0.120542 -0.806855 0.146444 1.379025
]