11-08-20_Ishan_4KDepth.alligator_in_orange_flowers.0000000002 [ 82.679858 375.928026 161.563395 1605.480492 366.130483 2877.678895 480.728859 3282.249926 486.706887 3203.808131 415.087128 3137.629782 -62.675238 358.277658 -97.484305 1678.952942 -54.494093 2827.291825 -48.183475 3384.792229 -30.157763 3062.422362 -24.654168 2912.047138 759.170166 1.595256 0.0 0.0 0.0 0.0 0.0 0.0 0.0 0.0 0.0 0.0 0.0 0.0 0.0 0.0 0.0 0.0 0.0 0.0 0.0 0.0 0.0 0.0 0.0 0.0 0.0 0.0
75.885957 380.678629 161.86105 1629.593684 378.382842 2885.838441 499.013803 3266.374958 502.858521 3192.779055 426.186433 3132.628693 -62.773851 349.576789 -89.711908 1646.828434 -56.286511 2790.262838 -53.264134 3327.997588 -34.030947 3050.133069 -27.477023 2912.500356 798.520898 1.629891 -0.145612 0.014914 0.000137 0.089867 0.100825 0.005776 0.170641 -0.019242 0.131822 -0.009508 0.073222 -0.001994 -3.9e-05 -0.053477 0.161425 -0.155153 -0.014502 -0.122042 -0.127304 -0.240264 -0.116962 -0.012354 -0.076484 1.8e-05 0.497123 0.000186
75.563598 389.919094 161.013831 1635.650729 373.959274 2891.75293 496.912406 3296.187877 494.686444 3224.750405 419.957827 3155.570632 -59.218871 358.985621 -85.238014 1647.775297 -53.144704 2821.32557 -51.815966 3364.112162 -31.951084 3118.513057 -25.230705 2970.28689 778.079515 0.889697 -0.000343 0.055405 -0.001112 0.005618 -0.013005 0.003027 -0.002217 0.067719 -0.033474 0.079639 -0.022925 0.041851 0.051809 0.062472 0.057214 0.000136 0.04511 0.085974 0.009979 0.097448 0.032788 0.379011 0.047889 0.283825 -0.132522 -0.111178
72.255334 387.284662 160.443534 1610.271818 374.502478 2890.829894 495.063412 3311.736793 494.448775 3266.304102 418.659798 3191.619915 -62.433634 354.722394 -89.932162 1635.931335 -56.416178 2799.236949 -56.524662 3342.291703 -34.775036 3074.080006 -27.507088 2930.021719 791.479212 2.914539 -0.037025 -0.004465 -0.000506 -0.099217 0.000197 -7.4e-05 -0.001723 0.018294 -2.9e-05 0.133008 -0.001005 0.102373 -0.042484 -0.012733 -0.062907 -0.02136 -0.048854 -0.043404 -0.102373 -0.035498 -0.059784 -0.15941 -0.049152 -0.137391 0.057199 0.583642
71.896661 385.746991 157.227849 1597.911468 367.373663 2871.586539 486.716487 3275.757498 487.041077 3221.966363 412.624293 3155.86629 -62.942037 355.064307 -92.631499 1623.571652 -57.051985 2789.821122 -56.316029 3328.357611 -34.220189 3069.237491 -27.189305 2926.562448 779.459932 1.85414 -0.000446 -0.001529 -0.016276 -0.023811 -0.034252 -0.032131 -0.035483 -0.098256 -0.027955 -0.151493 -0.021911 -0.100696 -0.001031 8.2e-05 -0.019957 -0.023433 -0.001781 -0.007931 0.000193 -0.014553 0.002231 -0.001909 0.000923 -0.001022 -0.045981 -0.119394
72.264758 383.647464 159.173447 1588.850107 369.612365 2866.30187 486.967943 3273.658784 487.661888 3217.436701 413.409479 3152.015783 -62.080769 355.820132 -89.592037 1611.667033 -56.652719 2788.607606 -56.191883 3325.47213 -34.020829 3067.227148 -27.15839 2924.576831 779.292201 1.795333 0.00047 -0.002865 0.005982 -0.012883 0.0034 -0.002434 3.2e-05 -0.000336 0.000198 -0.001593 0.000373 -0.001175 0.002967 0.000402 0.025351 -0.021903 0.000701 -0.000132 6.8e-05 -0.000626 0.000291 -0.000329 9e-06 -0.000337 -9e-06 -0.000474
72.504723 385.634849 159.44699 1589.994767 373.35404 2893.137439 492.526988 3297.041049 497.901834 3261.061219 422.879886 3195.935259 -61.856065 356.202734 -90.741769 1616.077939 -56.70172 2789.020267 -55.918682 3325.142509 -33.978879 3077.510955 -27.131434 2931.427621 792.020263 2.658151 0.000199 0.002567 0.000117 0.000206 0.009422 0.062519 0.015775 0.041604 0.053198 0.14688 0.053625 0.151934 0.000204 0.000103 -0.003665 0.003014 -1.1e-05 1.5e-05 0.000333 -8e-06 1.3e-05 0.008605 7e-06 0.004007 0.051551 0.084381
71.377445 391.503614 164.905777 1611.947728 396.709419 2967.600685 528.00966 3388.730642 532.135323 3363.501315 452.81086 3292.875825 -60.674709 353.53523 -91.635381 1621.515502 -56.318533 2784.742171 -55.388872 3314.185315 -33.228799 3067.020836 -26.627209 2919.060684 831.313124 6.838281 -0.004416 0.02216 0.045938 0.075257 0.354256 0.473063 0.617029 0.628751 0.569036 0.792098 0.511668 0.724169 0.005695 -0.005013 -0.002189 0.004566 0.00065 -0.001642 0.001261 -0.009042 0.004186 -0.008955 0.002365 -0.013071 0.475612 0.96949
71.153934 390.693928 165.936869 1618.11098 401.97267 2982.342162 533.84302 3396.29962 543.947013 3375.452437 463.400877 3309.173282 -59.954664 351.523609 -90.560736 1623.647546 -56.046944 2783.518754 -55.193417 3312.292837 -33.157063 3067.771517 -26.539992 2919.114142 845.698083 7.35048 -0.000175 -0.000419 0.001607 0.00588 0.017342 0.018262 0.016023 0.004222 0.064828 0.010597 0.061204 0.020116 0.002149 -0.00287 0.003169 0.0007 0.000328 -0.000134 0.000173 -0.00027 3.9e-05 4.6e-05 7.2e-05 0.0 0.061696 0.009248
71.461969 390.765798 164.128114 1614.356296 401.859389 2958.987771 533.421139 3342.634234 546.604584 3317.211451 466.448344 3263.83758 -58.399267 351.854363 -87.708776 1622.734773 -54.342002 2781.147852 -53.404517 3307.161922 -32.120981 3059.665791 -25.699258 2914.47833 843.734812 5.202926 0.000333 3e-06 -0.004956 -0.002181 -8e-06 -0.045901 -8.3e-05 -0.213685 0.003238 -0.253418 0.004994 -0.156348 0.010221 7.8e-05 0.022814 -0.000128 0.013167 -0.000505 0.014735 -0.001989 0.008223 -0.005361 0.006766 -0.001842 -0.001141 -0.185059
70.892326 384.574879 159.933115 1586.556564 392.803053 2793.561859 518.247064 3125.015419 530.930163 3067.611734 453.581329 3031.603515 -59.486078 357.060002 -87.823918 1619.805117 -56.649309 2797.435615 -55.911551 3325.112951 -34.953435 3070.411184 -28.154516 2928.091694 838.337871 -0.000638 -0.00114 -0.024717 -0.027153 -0.120722 -0.051607 -2.379066 -0.109476 -3.662177 -0.11401 -4.880624 -0.08998 -4.284928 -0.00501 0.019113 -3.8e-05 -0.001323 -0.023985 0.023778 -0.028752 0.024293 -0.059832 0.009418 -0.055998 0.01586 -0.008658 -5.318829
62.364233 373.814172 137.493716 1540.443526 344.18265 2674.159956 457.210233 3017.491035 467.87448 2957.739946 397.323903 2909.849418 -63.961546 345.339287 -94.062603 1584.64073 -62.169702 2732.564289 -61.359827 3251.708942 -39.847185 3010.570763 -32.496876 2864.96272 780.803932 -0.233831 -0.273169 -0.076345 -0.847679 -0.340027 -1.605541 -1.303881 -1.911487 -0.941178 -1.992376 -1.001835 -1.861761 -1.247642 -0.081153 -0.097797 -0.107025 -0.192946 -0.128309 -0.380509 -0.126628 -0.409644 -0.160256 -0.29444 -0.155646 -0.34398 -1.022517 -0.210034
61.687044 373.453208 132.289781 1533.106359 326.429495 2640.811537 433.043783 2985.143146 442.874437 2961.570493 375.548254 2905.18242 -65.243395 352.252501 -99.938486 1582.143009 -62.800914 2669.66509 -58.7943 3176.687822 -38.182864 2923.783288 -32.218276 2782.874446 741.135861 0.121309 -0.001848 -8.7e-05 -0.050195 -0.008758 -0.235031 -0.104622 -0.328066 -0.087161 -0.34319 0.001239 -0.306825 -0.001873 -0.006359 0.034256 -0.089004 -0.000985 -0.001594 -0.366186 0.027393 -0.437773 0.017751 -0.634649 0.0006 -0.596586 -0.517045 0.691982
62.818534 372.833306 126.222651 1532.976601 302.684174 2561.471336 397.106748 2864.258651 410.770046 2769.151351 348.932836 2726.126855 -65.399284 350.175158 -104.075504 1548.454869 -62.617965 2579.845398 -58.40487 3082.053566 -37.243663 2801.920634 -31.553118 2669.291844 695.388575 -0.096376 0.005142 -0.000257 -0.071206 -3e-06 -0.448282 -0.605045 -0.778218 -1.249241 -0.603915 -3.231318 -0.489053 -2.847384 -9.3e-05 -0.003072 -0.04195 -0.181263 0.000133 -0.768469 0.000647 -0.715492 0.005848 -1.296975 0.003469 -1.183237 -0.728614 -0.433937
64.583132 371.727192 120.885844 1531.185765 268.605196 2478.224873 350.529492 2775.49836 363.276018 2645.110692 309.143677 2597.224884 -64.414489 344.512256 -101.366231 1550.752402 -61.235042 2468.250218 -53.809501 2940.622205 -35.973293 2638.576011 -30.909477 2519.466777 627.88207 0.004041 0.012221 -0.000822 -0.057636 -0.000523 -1.017358 -0.687586 -1.452277 -0.698512 -1.458447 -1.421071 -1.203984 -1.560873 0.003735 -0.023082 0.017865 0.000852 0.007721 -1.233634 0.094134 -1.660855 0.011022 -2.45267 0.003316 -2.163546 -1.72304 0.139886
65.357306 335.788404 97.271619 1479.493574 215.504971 2311.336814 285.730185 2600.324191 294.636585 2477.392933 246.110979 2439.229335 -63.377553 328.621312 -95.898557 1506.986499 -57.370727 2355.838153 -47.057145 2781.979015 -35.577248 2470.340116 -30.970647 2348.358675 534.980615 0.005027 0.002306 -0.913358 -1.281814 -0.4438 -2.920994 -2.908417 -3.308315 -2.854832 -3.590342 -2.74639 -3.589348 -2.478801 0.004207 -0.187598 0.07579 -0.31323 0.062969 -1.309904 0.226267 -2.199393 0.001096 -2.770744 -3e-05 -3.008225 -3.716903 5.4e-05
69.045535 339.75819 95.870309 1470.150485 154.290273 2109.933781 199.995003 2409.896958 207.919288 2219.578172 166.114741 2174.583246 -70.33586 372.582797 -90.901103 1681.018299 -55.051188 2336.542266 -41.492894 2717.663239 -36.503107 2356.731894 -31.701749 2234.05452 418.660164 -2.055736 0.050615 0.011664 -0.005084 -0.014797 -5.101834 -4.589659 -7.626415 -3.620163 -7.538181 -7.081009 -7.836494 -7.59624 -0.181174 1.379424 0.06686 4.753704 0.023931 -0.039674 0.174994 -0.376085 -0.005946 -1.337106 -0.004264 -1.425829 -7.120685 -2.264072
71.312096 341.135441 100.128239 1622.521326 96.381178 2052.839156 89.230089 2317.950413 83.831802 1969.256158 72.510915 1895.996398 -70.33516 378.985755 -92.030986 1770.776316 -52.355827 2256.818205 -35.789026 2582.536594 -33.776726 2185.872104 -29.695434 2078.259098 224.033407 -5.650174 0.018302 0.001393 0.046256 3.755811 -6.78067 -0.39156 -22.050453 -0.894167 -27.703757 -7.48623 -19.125024 -9.544307 0.0 0.027275 -0.003489 1.167199 0.033825 -0.691912 0.210777 -1.722782 0.052902 -3.21439 0.03279 -2.81521 -30.177896 -0.889675
67.187741 329.036142 107.042951 1825.189289 8.630562 2000.74719 0.030959 2253.200051 -0.006449 1847.768745 0.085764 1757.165245 -75.333931 374.145448 -68.427088 1905.64238 -31.960451 2090.484279 -20.192576 2334.485861 -24.838833 1893.688521 -21.908665 1819.611752 24.044822 -0.281803 -0.061423 -0.109229 0.115428 5.961905 -47.329031 -0.334726 -85.936887 -0.458618 -85.308797 -1.933827 -67.609155 -2.638954 -0.085794 -0.015554 1.7456 2.474552 2.503911 -3.183251 2.21646 -6.260736 0.685447 -10.476742 0.590873 -8.590876 -101.287993 3.408301
63.695447 309.858195 100.45953 1751.723645 7.096355 1934.366703 0.045444 2185.874612 0.011522 1578.943988 0.133395 1511.80639 -73.618892 346.467574 -64.335629 1773.67422 -15.960417 1933.679408 -6.538175 2246.744809 -7.264713 1770.832751 -6.635789 1703.128014 7.854876 -5.500599 -0.0466 -0.287901 -0.104462 -0.754529 -0.075012 -0.559918 0.001386 -0.510577 0.035212 -10.560891 0.005239 -9.220942 0.009874 -0.531733 0.06306 -2.367451 2.749987 -3.056176 3.750533 -0.840298 5.237434 -2.059994 4.429622 -1.926366 -4.413768 -3.292354
64.247213 319.591412 94.207641 1797.755156 19.418239 1620.568536 7.660889 1628.460352 8.924112 1182.532479 8.245589 1169.331854 -72.716569 345.964396 -61.7319 1742.852637 -10.020229 1825.254224 -2.148955 2180.394073 -2.5978 1692.513988 -2.606232 1629.108403 21.151669 -45.592271 0.00119 0.075257 -0.100418 0.298493 3.037054 -13.876744 6.526263 -40.949142 8.294303 -28.600657 6.281439 -21.962906 0.002782 -0.000183 0.026891 -0.135075 0.688194 -1.564069 1.190399 -0.497236 1.174067 -0.885648 0.924712 -0.822207 3.227194 -19.420498
60.299222 318.382508 88.837298 1783.067177 17.240885 1433.326354 6.063967 1443.833266 6.801888 1101.580456 6.241884 1098.346364 -71.54609 344.859508 -55.031996 1736.386959 -4.659426 1607.666499 -0.11221 1709.610144 -0.29752 1371.666304 -0.447102 1335.349011 9.944543 -14.791316 -0.062589 -0.001145 -0.078797 -0.030124 -0.064719 -5.745556 -0.09322 -5.552528 -0.143855 -1.434975 -0.139231 -1.111307 0.004748 -0.000884 0.192378 -0.006008 1.013856 -6.902586 1.279056 -28.593167 1.137028 -16.84414 0.894398 -14.590777 -2.089752 8.446329
57.912632 300.324658 92.040821 1708.464344 9.395589 1440.541606 0.858436 1491.884326 1.252654 1159.115522 1.511145 1145.432884 -68.682975 322.151623 -46.215183 1647.640049 -1.834058 1466.710697 0.212934 1537.259856 0.005963 1248.672895 -0.00312 1217.308913 1.085769 -1.666114 -0.024094 -0.263578 0.028371 -0.797103 -1.181552 0.009057 -2.359277 0.39327 -2.216593 0.732257 -1.61059 0.494118 0.029232 -0.386648 0.384624 -1.163905 0.646892 -3.233011 0.634293 -4.577574 0.38772 -2.888122 0.375525 -2.730668 -4.458409 6.528882
59.797435 277.709005 98.500693 1611.532557 7.702486 1388.054796 0.178231 1450.854423 0.76115 1131.645204 1.574411 1113.996721 -62.004524 299.026521 -43.902033 1573.312591 -0.179461 1398.749619 2.55332 1375.584131 1.15656 1099.275975 0.685304 1091.681512 -0.041207 0.234841 0.015091 -0.44259 0.109535 -1.415329 -0.084035 -0.487009 -0.254364 -0.286049 -0.060901 -0.164715 0.000649 -0.218701 0.170754 -0.430598 0.029692 -0.857713 0.866102 -0.806041 1.29155 -4.49032 0.996437 -4.757786 0.780902 -3.420097 -1.55002 3.151988
54.643708 273.170792 92.226761 1599.971199 4.335651 1259.018099 -0.002933 1256.273993 0.32283 978.721753 0.577447 988.257839 -63.289134 288.457397 -29.728411 1542.50241 0.827507 1209.08471 7.556717 1184.503044 3.631865 967.019383 2.735851 975.865995 -1.789077 0.035191 -0.116105 -0.018693 -0.103218 -0.02081 -0.480405 -3.146943 -0.226891 -7.00199 -0.092573 -5.547936 -0.244882 -3.763681 -0.006586 -0.09508 1.377065 -0.152334 1.777695 -6.906204 1.324887 -7.140963 0.689416 -4.236993 0.682623 -3.246303 -1.287246 -0.088215
52.835776 275.072353 82.309075 1628.305935 3.901496 1142.970714 -0.021578 1087.901427 0.198941 820.291368 0.334227 847.075795 -64.357097 292.192242 -34.888378 1579.19908 -0.00623 1208.037462 2.922197 1172.652415 1.133548 945.001763 0.839795 957.49177 -0.382733 -4.410637 -0.015207 0.003298 -0.282005 0.12435 -0.011449 -2.804939 -0.0086 -6.054577 -0.014922 -6.989677 -0.033043 -5.438233 -0.004468 0.012012 -0.206354 0.215698 -0.977335 -0.000227 -1.080571 -0.02979 -0.707387 -0.126775 -0.544109 -0.087314 0.516831 -5.233779
51.665777 285.90008 69.955764 1702.623542 3.364537 1065.975785 -0.02584 932.549341 0.470517 709.800011 0.5581 748.215991 -73.422742 301.274578 -38.438862 1645.533408 0.143932 1079.218658 6.238043 993.736807 1.989449 797.978809 1.197792 810.410785 -0.524953 -2.58067 -0.00655 0.104507 -0.501942 0.829167 -0.019868 -1.342274 -0.000192 -5.98135 0.057559 -3.99463 0.02854 -3.066104 -0.298574 0.069501 -0.086007 0.682337 0.21005 -3.630434 0.621203 -7.400693 0.119575 -6.21187 0.031696 -6.128839 -0.011211 0.243745
50.352518 281.412327 72.880274 1711.389729 2.57512 1023.1485 -0.103751 859.427806 0.285829 649.412922 0.327138 695.079439 -77.713305 297.383262 -45.618998 1668.903056 0.366818 1027.542862 8.338788 923.965344 3.161223 732.743637 1.966297 752.656754 -1.545926 -2.514306 -0.008453 -0.017751 0.029942 0.011255 -0.052693 -0.439028 -0.026036 -1.492482 -0.022895 -1.342101 -0.03066 -0.978473 -0.060914 -0.012647 -0.307221 0.082389 0.051199 -0.633861 0.152169 -1.269663 0.135059 -1.390703 0.094747 -1.067346 -0.269171 0.000432
51.107164 278.85047 71.787536 1700.901619 3.164678 945.343517 -0.010392 800.744392 0.458258 600.395918 0.455454 645.667771 -75.780849 295.06092 -39.512088 1646.043861 0.560721 989.599348 8.143556 905.976086 3.497013 718.061936 2.393992 738.428811 -1.423445 -5.26106 0.002807 -0.005857 -0.004127 -0.016118 0.030358 -1.538229 0.048471 -1.037489 0.020254 -0.961584 0.010591 -0.910814 0.012165 -0.004552 0.219323 -0.078817 0.020494 -0.3569 -0.001156 -0.088424 0.008473 -0.074289 0.021027 -0.067883 0.002527 -0.501326
51.665777 276.410511 72.29121 1684.85359 3.994225 928.229409 0.079659 792.255459 1.023283 584.068005 0.814255 628.992865 -73.6571 294.719054 -32.51747 1652.675558 1.374018 957.742436 11.19932 853.972814 4.736112 670.518124 3.448673 695.100811 -1.356495 -2.982065 0.001518 -0.005361 0.00088 -0.038033 0.048225 -0.078166 0.147596 -0.022618 0.111975 -0.112546 0.05175 -0.109074 0.015092 -9.9e-05 0.34042 0.006666 0.179244 -0.260594 0.242898 -0.768469 0.093777 -0.814169 0.09598 -0.654937 0.000806 0.321301
50.717848 273.188525 75.667725 1665.985033 5.964307 912.53356 0.559624 771.583157 1.918317 571.708809 1.582903 618.878763 -68.12636 292.161168 -32.562521 1614.276548 0.873122 975.468316 9.257068 891.643201 4.453754 700.971093 3.238844 722.970686 -0.526145 -6.581409 -0.004388 -0.009444 0.038532 -0.053125 0.196814 -0.066919 0.217007 -0.136639 0.139472 -0.066083 0.126575 -0.040988 0.107914 -0.005574 -1.6e-05 -0.225674 -0.056537 0.081267 -0.092413 0.406511 -0.004339 0.338135 -0.003293 0.273895 0.193009 -0.703183
51.054255 274.415451 75.715018 1671.493663 7.7196 905.635784 0.746711 762.331408 2.248923 560.912421 2.19706 611.531476 -64.649156 295.590795 -32.966885 1612.097059 0.339686 1008.116594 6.660794 929.257349 3.291359 724.249851 2.486972 750.277906 -0.098954 -10.421926 0.000556 0.001374 7e-06 0.004546 0.113046 -0.013084 0.013466 -0.027901 0.013135 -0.051458 0.050227 -0.021937 0.045539 0.010006 -0.001248 -0.000736 -0.123611 0.268701 -0.213159 0.388537 -0.087723 0.190124 -0.04958 0.253097 0.168748 -0.439403
49.682103 280.949769 61.517226 1696.07073 6.462193 885.042548 1.132723 720.411109 3.332688 543.464741 2.712064 593.295098 -71.177315 294.570803 -40.755344 1644.627556 0.517843 933.757426 8.305671 809.841606 3.62115 638.503019 2.551206 674.784741 -0.005986 -3.827059 -0.009346 0.038442 -0.736414 0.089685 -0.055853 -0.118418 0.040068 -0.592707 0.106227 -0.137834 0.027089 -0.138022 -0.156971 -0.000881 -0.412564 0.162473 0.018711 -1.424221 0.090664 -4.104703 0.007872 -2.700347 0.000409 -2.001043 0.056265 1.618019
52.556264 287.580882 63.151744 1690.34331 6.161789 924.23677 1.079307 778.728403 3.230675 586.527209 2.663946 629.787189 -68.347433 298.134286 -38.492095 1632.176488 0.900049 936.284639 9.874369 823.531775 4.395479 651.292297 3.073707 681.730046 -0.08948 -1.695478 0.040408 0.038673 0.010715 -0.004843 -0.003575 0.42458 -0.000645 1.134716 -0.000793 0.820824 -0.000215 0.544513 0.028701 0.010712 0.032325 -0.023656 0.052485 0.001708 0.067805 0.057373 0.037484 0.063409 0.02432 0.01778 -0.04918 0.427954
55.1437 300.507103 75.294463 1666.389154 10.099687 974.259209 2.434947 849.400763 4.864191 634.264005 4.446939 676.311635 -67.259873 320.242587 -37.881446 1681.20721 -0.658352 1033.39507 0.926651 917.748351 0.024127 739.382149 0.004109 767.366501 4.203162 -4.027984 0.031085 0.142077 0.53353 -0.085471 0.484006 0.659121 0.271998 1.534564 0.166532 0.933687 0.227163 0.828885 0.004361 0.395336 0.002441 0.362793 -3.097946 2.395357 -4.751197 2.550787 -3.768296 2.792753 -2.85306 2.532618 5.519179 -0.496854
55.214985 319.558806 72.205893 1640.744673 13.63677 1059.832034 4.418703 962.723254 6.561118 718.556357 6.203316 758.422616 -63.628961 344.35772 -37.204206 1671.764167 -1.520508 1106.592384 0.205021 1018.035992 -0.044783 810.209556 -0.045485 838.308188 7.690018 -2.749888 2.3e-05 0.292754 -0.03234 -0.099429 0.265018 1.800792 0.293373 3.546823 0.126719 2.628623 0.145824 2.351565 0.050371 0.437655 0.003054 -0.013297 -0.177831 1.252207 -0.259931 2.599558 -0.134652 1.619505 -0.076934 1.567933 0.522623 0.121595
58.556701 321.026409 78.746168 1684.640744 17.409938 1150.698966 6.58462 1094.65808 9.493331 812.642774 9.161382 832.131871 -64.891403 344.326419 -36.747928 1714.205329 -1.168707 1121.354091 0.436028 1043.155905 -0.012804 820.080894 -0.025645 833.723762 10.203415 -0.016943 0.049087 0.001681 0.141751 0.289733 0.230133 1.868395 0.215278 4.234687 0.270044 2.893362 0.287437 1.70883 -0.006201 -1e-06 0.001408 0.265998 0.023111 0.048904 0.043069 0.153075 0.009696 0.029886 0.002823 -0.006285 0.177401 2.335133
61.850908 317.455243 82.05533 1724.145224 12.998834 1033.703965 3.701853 936.82457 6.411413 693.669318 6.088886 727.101326 -67.804649 336.092003 -39.569357 1698.830958 -0.689307 1114.317435 1.01379 1047.797869 0.036669 827.4826 0.007089 834.219151 5.478338 -5.8971 0.045071 -0.009987 0.034054 0.228917 -0.321639 -3.135333 -0.412204 -6.14062 -0.301454 -4.705807 -0.312717 -3.541471 -0.031983 -0.049828 -0.052172 -0.034628 0.062912 -0.011074 0.120095 0.005153 0.092809 0.016626 0.059701 7.4e-05 -0.728793 -5.281861
56.385068 308.154531 73.980651 1667.087297 11.653599 1020.227648 3.249236 923.150762 5.378766 683.18298 4.935967 713.787324 -65.924968 330.343407 -40.756828 1671.159829 -0.31241 1112.785705 1.852842 1058.532731 0.474433 834.836786 0.29079 849.275519 2.658287 -7.594285 -0.126406 -0.069139 -0.209068 -0.480037 -0.036731 -0.044211 -0.014752 -0.050263 -0.045309 -0.039933 -0.060449 -0.061513 0.013211 -0.024794 -0.008778 -0.113606 0.073608 -0.000527 0.125543 0.027355 0.247307 0.016268 0.207072 0.06733 -0.504327 -0.107177
55.536467 287.983822 82.772507 1674.340408 9.553406 990.11505 1.881298 877.875229 3.733711 651.10369 3.47809 691.249477 -62.570808 318.131774 -35.921403 1648.038068 1.11697 1053.554162 10.65559 982.975838 5.781014 772.579359 4.348444 797.934864 -0.222871 -5.191919 -0.003217 -0.341342 0.24675 0.007872 -0.10425 -0.225539 -0.185726 -0.569175 -0.149719 -0.385685 -0.127263 -0.180774 0.043785 -0.114991 0.152616 -0.080535 2.610824 -0.809899 3.621785 -1.398672 2.943224 -1.20611 2.390249 -0.800293 -4.420582 0.227715
53.494284 277.404646 83.276399 1681.813362 8.299419 975.548553 1.331399 858.092636 2.992677 633.90919 2.675692 676.770536 -67.173378 312.401426 -33.959391 1641.141858 0.396363 1081.598864 7.21181 1024.146253 3.2192 810.44014 2.349345 824.692579 -0.004132 -10.828556 -0.019127 -0.098984 0.000765 0.00832 -0.044095 -0.053973 -0.047411 -0.112722 -0.040944 -0.115043 -0.052537 -0.076624 -0.081662 -0.02604 0.027549 -0.007229 -0.18258 0.184188 -0.33502 0.422292 -0.372296 0.452819 -0.305295 0.220637 0.166313 -1.024344
52.374676 266.153885 83.460783 1650.285536 7.5231 989.431914 0.852681 882.779065 2.35547 648.711513 2.281883 688.891904 -67.536885 299.270332 -32.281472 1606.417307 1.550302 1027.815147 11.542807 961.571422 6.051145 759.344751 4.498571 774.413949 -0.855909 -4.353044 -0.00592 -0.116449 0.000102 -0.149159 -0.019056 0.049046 -0.05311 0.175042 -0.038096 0.085417 -0.015666 0.053795 -0.00049 -0.140962 0.021255 -0.185652 0.378886 -0.685773 0.506929 -0.986188 0.443149 -0.83178 0.34601 -0.790618 -0.741107 1.450295
56.891687 289.586536 91.015648 1671.226349 11.026811 993.713696 2.027987 900.924598 3.738504 656.321108 3.760386 698.834893 -66.562565 324.631833 -37.608304 1658.106335 0.078449 1102.150869 5.084616 980.809281 3.226327 790.381242 2.347646 804.257497 0.018858 -6.224801 0.093405 0.494236 0.16364 0.066012 0.333896 0.004622 0.250668 0.092299 0.159015 0.022186 0.183682 0.035621 0.00354 0.515683 -0.203295 0.409236 -0.931269 1.297552 -1.305447 0.095271 -0.44051 0.310816 -0.346663 0.28211 1.128857 -0.166921
57.7365 300.114078 84.853571 1686.91327 13.89258 1106.267035 3.346434 1056.760423 6.023787 785.883022 5.91025 811.684061 -66.238071 331.541468 -37.394701 1676.948167 -0.019822 1093.242207 3.46574 998.026377 1.52292 790.892416 1.052013 807.205805 1.489069 -0.007957 0.003113 0.093978 -0.107986 0.036639 0.165332 3.018448 0.164229 6.212286 0.271253 5.831454 0.241994 4.221316 0.000396 0.036381 0.000304 0.053225 -0.17714 -0.018075 -0.154653 0.074901 -0.315992 8.3e-05 -0.256569 0.002697 1.172783 5.787637
65.434428 309.50293 96.507147 1729.766705 17.092267 1169.476572 5.050347 1114.818694 8.251512 823.749877 8.458563 844.407399 -66.428222 335.961545 -34.826197 1693.153077 -0.154693 1142.292127 2.56669 1086.415275 0.384616 860.867717 0.157872 860.460987 5.073171 -0.408966 0.240788 0.072304 0.374795 0.268753 0.165653 0.878002 0.1747 0.776247 0.174895 0.445473 0.227777 0.323328 -0.000136 0.014635 0.045688 0.03896 -0.063765 0.538168 -0.067372 1.87487 -0.376863 1.482885 -0.394819 0.850541 1.065222 -0.30283
59.739189 304.806557 90.13288 1684.52821 14.134359 1132.809662 3.408191 1080.111148 5.531536 794.430906 5.556742 822.107212 -68.633043 338.383616 -36.517621 1723.963072 -0.299885 1140.258985 1.865895 1074.356897 0.218994 852.083642 0.130947 863.030456 3.549282 -1.009665 -0.12963 -0.017952 -0.108881 -0.299712 -0.140408 -0.292003 -0.160937 -0.274425 -0.271048 -0.265629 -0.303697 -0.14921 -0.017998 0.00435 -0.020053 0.1389 -0.023811 -0.000905 -0.055749 -0.033647 -0.023167 -0.022523 -0.001258 0.001915 -0.135731 -0.133456
60.353387 308.359539 90.3264 1713.893906 15.373417 1158.56139 4.312152 1112.758067 6.480722 823.138067 6.354882 848.686251 -63.873436 338.429449 -38.509293 1713.450263 -0.421386 1157.458795 1.477077 1094.474292 0.315382 866.668015 0.234292 881.115335 3.936801 -0.560766 0.001571 0.010294 0.000104 0.126877 0.026026 0.144711 0.053104 0.243033 0.03756 0.254755 0.02677 0.211423 0.08551 2e-06 -0.02644 -0.016076 -0.010307 0.064376 -0.022688 0.093303 0.008765 0.061879 0.014926 0.093763 0.010037 0.065525
59.286638 306.909311 89.527845 1705.828 14.951156 1145.680821 4.071934 1098.6176 6.056043 810.690952 5.95037 838.404316 -65.293089 337.565181 -37.160519 1745.888991 -0.375763 1173.721992 1.446321 1113.088546 0.22955 879.687751 0.180579 893.911596 3.927487 -1.408721 -0.004756 -0.001709 -0.001773 -0.009512 -0.00294 -0.036001 -0.003442 -0.045211 -0.007195 -0.047414 -0.006651 -0.031332 -0.007802 -0.000552 0.012022 0.152095 0.001307 0.05673 -0.000162 0.078479 -0.006802 0.048534 -0.003492 0.046125 -6e-06 -0.19189
59.837265 313.03174 81.491325 1753.377502 16.027495 1149.497054 5.441041 1083.189218 7.786517 798.609832 7.246715 829.009973 -63.814523 342.967351 -43.559665 1830.269919 -2.745018 1267.535109 0.006651 1213.645125 -0.19309 947.258485 -0.228381 954.439748 10.431954 -6.339715 0.001273 0.030233 -0.18893 0.326818 0.018704 0.003173 0.099036 -0.054551 0.10859 -0.045347 0.063824 -0.026464 0.008467 0.021442 -0.254048 0.99564 -1.089549 1.803201 -1.25682 2.173938 -0.843705 1.25 -0.815116 0.991327 1.557665 -1.771517
63.574011 323.699045 78.022469 1783.140168 29.960513 1222.236727 17.340372 1162.541863 20.659275 865.142962 18.362262 891.25809 -63.385193 357.827193 -50.18576 1852.823982 -7.473254 1293.496773 -0.985857 1274.863636 -2.150799 967.884059 -1.949608 958.80984 36.141834 -2.881582 0.056585 0.089362 -0.037722 0.125241 2.161442 1.115704 3.354661 1.402396 3.079374 1.330855 2.538123 1.126597 0.000725 0.157564 -0.234465 0.069058 -1.159748 0.131593 -1.154452 0.753116 -1.055017 0.111069 -0.843443 0.004991 7.73927 0.672985
67.390552 325.363913 74.166355 1784.962142 32.232488 1230.626526 17.426207 1243.778414 22.095202 964.224256 20.748721 957.724359 -62.618248 362.019496 -58.509366 1833.240326 -12.383603 1489.433234 -2.83319 1536.492256 -4.518834 1202.318362 -4.564308 1173.895571 46.598486 -13.122521 0.055622 0.002135 -0.04886 0.000465 0.041513 0.014348 0.000106 1.37165 0.02412 2.685167 0.072876 1.195034 0.002334 0.012208 -0.319169 -0.052023 -0.61671 6.906173 -0.476521 12.200231 -0.434538 12.699442 -0.547808 10.873538 0.663411 -3.705547
59.5419 298.281064 82.70582 1404.132746 56.893216 1238.368271 58.254782 1260.871036 48.879567 995.306728 21.804559 996.228355 -66.504563 355.616545 -57.84561 1684.524051 -18.1664 1526.27847 -7.309105 1528.67928 -10.149472 1209.232696 -9.148055 1199.946274 103.575724 -10.404115 -0.242886 -0.588337 0.232599 -22.820235 3.479691 0.012137 11.957841 0.058324 5.247943 0.246534 0.013101 0.379411 -0.058498 -0.028565 0.001893 -3.144955 -0.552304 0.225091 -1.041068 -0.009957 -1.123745 0.009912 -0.788812 0.142945 11.228582 0.157578
64.051673 317.334082 95.322384 1575.597964 116.238873 1248.142604 125.743636 1225.069011 127.655867 946.298009 103.861695 962.911532 -65.035671 355.021966 -77.025502 1694.834512 -29.9443 1607.372556 -14.691698 1708.567327 -15.434567 1354.621034 -14.587179 1321.844702 231.866851 -36.520503 0.082305 0.294912 0.44762 4.937476 10.488881 0.019211 12.824026 -0.25782 18.551086 -0.618622 30.489399 -0.283311 0.008202 -0.000249 -1.370743 0.015729 -1.463937 1.049471 -1.275634 5.001894 -0.551843 4.125584 -0.631614 2.947888 25.502084 -7.939312
69.84882 329.804559 98.200291 1784.78713 131.875618 1168.535865 137.959024 1064.691002 152.18596 774.562575 130.556922 810.464405 -67.483944 336.491948 -93.433262 1708.611182 -34.246589 1633.380971 -17.526376 1782.168761 -16.714249 1413.231941 -16.625059 1366.703002 269.769909 -95.296897 0.125551 0.120165 0.0214 6.517495 0.493222 -1.311501 0.283076 -5.623456 1.07719 -8.590719 1.524966 -6.56466 -0.022618 -0.248313 -0.791514 0.027883 -0.144339 0.104366 -0.124946 0.776022 -0.025479 0.62063 -0.066599 0.374255 1.434004 -13.829424
64.031162 347.977748 93.370645 1822.867162 129.661653 1061.393687 134.100595 909.605522 147.947735 630.05796 126.955238 687.141952 -69.402645 344.695377 -92.432372 1651.187617 -48.328269 1639.953585 -33.630042 1768.590594 -31.037555 1415.79581 -28.239086 1383.874656 314.51294 -156.903352 -0.126461 0.24368 -0.060889 0.20098 -0.009371 -2.575435 -0.027362 -6.100584 -0.029926 -7.452949 -0.025189 -5.086215 -0.013448 0.049398 0.002695 -0.49076 -1.209549 0.006599 -2.600769 -0.025962 -2.198783 0.001162 -1.529334 0.053601 1.715678 -7.640215
64.277793 342.780937 96.215649 1669.130004 120.546746 883.265966 121.41594 734.130248 131.360843 501.719977 113.653363 556.880814 -65.488295 341.708363 -86.114955 1557.2718 -47.444122 1628.165716 -34.544665 1750.409202 -31.346176 1429.435253 -28.258728 1397.901312 291.045014 -237.430078 0.000237 -0.019549 0.021348 -3.385824 -0.16608 -8.175292 -0.315048 -9.393177 -0.492946 -7.299987 -0.367974 -6.838593 0.056806 -0.006499 0.111797 -1.374814 0.004081 -0.021259 -0.006136 -0.046969 -0.000763 0.032693 -3e-06 0.035364 -0.454911 -8.309725
56.154179 342.052105 89.605239 1732.549741 111.990204 821.033792 99.678084 645.186384 108.882322 434.071282 96.666363 494.248 -69.310614 331.211186 -105.241016 1598.135919 -45.680251 1661.92562 -29.103915 1809.404802 -24.700181 1473.249739 -23.985322 1436.843825 237.301606 -307.951892 -0.274297 -0.000388 -0.117617 0.591239 -0.157479 -1.136577 -1.071223 -2.870716 -1.053921 -2.448378 -0.687121 -1.867686 -0.054203 -0.08188 -0.958226 0.264617 0.016706 0.173211 0.232967 0.488891 0.395437 0.330697 0.175069 0.2675 -2.740497 -4.578709
58.482197 334.545837 102.022183 1721.851458 92.97711 751.397991 81.509943 563.774092 87.855425 367.271764 76.021329 434.486772 -66.857095 333.576912 -108.437148 1623.333894 -31.090775 1669.086415 -15.395416 1806.865214 -12.678528 1464.440728 -12.763266 1433.436929 167.283558 -364.95044 0.023641 -0.041639 0.402716 -0.016566 -0.883748 -1.542682 -0.913182 -2.744297 -1.126882 -2.789039 -1.238511 -1.92472 0.022106 0.004209 -0.023905 0.098549 1.399031 0.007697 2.164151 -0.000892 1.985945 -0.013207 1.755386 -0.002022 -6.104766 -2.418392
58.280443 326.256891 103.871171 1691.739934 76.72088 786.885232 63.856431 615.259364 70.167899 414.642546 60.790278 477.140009 -63.485075 329.150866 -103.412065 1578.60295 -27.919233 1632.087874 -12.643343 1782.56761 -10.226771 1446.690876 -10.662926 1418.413408 133.970449 -312.321365 -0.000174 -0.051989 0.008302 -0.13281 -0.780428 0.409389 -1.075916 1.124649 -0.993001 1.436253 -0.850469 0.998378 0.043625 -0.01478 0.059606 -0.31246 0.08529 -0.207341 0.135388 -0.082239 0.131595 -0.054113 0.094346 -0.039572 -1.847572 2.047932
59.145826 327.962101 108.571816 1663.827306 50.487869 886.206338 32.097136 761.608786 34.466027 527.020982 31.069342 579.788384 -63.289134 334.379165 -99.760223 1623.820476 -19.92166 1595.225944 -5.539025 1727.050805 -4.461506 1383.132618 -5.644678 1363.226297 63.72837 -202.594043 0.003189 0.002222 0.052011 -0.116095 -2.734274 2.950642 -5.408362 7.799945 -6.279288 6.729687 -4.940947 4.99639 0.000151 0.020599 0.032822 0.319247 0.673215 -0.210523 1.445368 -0.439123 1.178754 -0.713854 0.791318 -0.547504 -12.89927 11.827153
56.758152 307.149211 109.677383 1628.419462 40.054204 988.598144 22.604038 931.156326 24.479245 659.495135 24.716447 692.013024 -73.049003 355.099799 -94.78044 1819.063366 -15.429861 1553.032612 -2.923379 1640.469449 -3.208419 1276.426638 -4.376767 1248.761358 45.412186 -100.931683 -0.024596 -0.341116 0.0028 -0.19041 -0.603174 2.798135 -0.830036 8.512353 -0.852163 7.418541 -0.362915 4.961066 -0.349782 0.311425 0.063746 5.540484 0.286527 -0.282753 0.414381 -1.113218 0.103055 -2.141474 0.080531 -2.5093 -1.547906 17.531616
66.939778 307.486713 129.720029 1635.54153 39.537719 1176.315375 21.959303 1172.642209 23.649522 863.199089 25.037398 879.610498 -67.723837 381.382536 -85.328782 1873.314689 -10.771417 1554.266516 -0.703813 1626.206407 -1.413302 1258.027237 -2.57511 1227.369941 36.625506 -37.068976 0.419739 9.3e-05 0.840473 0.00777 -0.001676 8.15373 -0.004664 13.905513 -0.007153 13.687134 0.001035 11.236492 0.100756 0.469124 0.24817 0.398573 0.417448 0.000245 0.758386 -0.031138 0.362865 -0.066788 0.237517 -0.092402 -0.471908 15.666132
64.16688 299.992246 118.203634 1657.930861 32.738058 1240.798384 14.536185 1237.117629 16.040574 932.717898 16.411904 948.097949 -65.629265 362.034693 -89.57105 1836.963875 -6.661932 1525.630253 0.006847 1609.386246 -0.045887 1229.663833 -0.48067 1206.232056 17.802338 -20.485874 -0.029327 -0.046231 -0.267621 0.076103 -0.320565 0.860282 -0.762898 0.862705 -0.736179 1.346019 -0.907404 1.283623 0.016451 -0.251812 -0.051457 -0.178075 0.491277 -0.13313 0.849502 -0.04372 0.949866 -0.161698 0.830671 -0.091802 -3.358494 2.440773
69.158703 297.755673 129.502748 1661.68264 36.505736 1215.009958 15.907882 1209.794876 17.261334 902.059755 17.972447 923.857183 -64.888667 354.030313 -90.507766 1833.709679 -7.069848 1568.787189 -0.01261 1657.267395 -0.049653 1271.814052 -0.371395 1248.223046 19.162552 -31.67655 0.093482 -0.004184 0.257838 0.00212 0.102579 -0.135406 0.030917 -0.152551 0.022382 -0.256158 0.035431 -0.156959 0.002101 -0.044739 -0.002436 -0.001442 -0.00606 0.300963 -0.038042 0.350929 -7.4e-05 0.355143 0.007036 0.359219 0.025035 -1.214536
70.563991 308.095312 133.625033 1680.141821 41.507255 1275.773178 19.894746 1296.523079 19.495852 975.159873 20.463974 989.762858 -63.006885 366.01895 -79.97214 1884.311167 -5.977604 1581.311426 0.009775 1661.325735 -0.009164 1278.550847 -0.193077 1257.997006 20.350373 -20.514373 0.007067 0.088236 0.032293 0.050982 0.160492 0.741277 0.222675 1.501014 0.067983 1.423822 0.080838 1.135243 0.013844 0.099811 0.325861 0.344354 0.045798 0.024897 0.044589 0.002481 0.016155 0.008898 0.028906 0.019059 0.017858 1.20761
67.577498 317.271864 131.161714 1661.935339 36.878192 1282.546905 17.247172 1299.132668 16.336074 981.98733 16.094427 1003.74853 -69.521472 381.535271 -87.895431 1903.456579 -7.226415 1605.115586 -0.025456 1677.553307 -0.095284 1298.539359 -0.416067 1285.16056 18.926602 -22.076603 -0.032286 0.067331 -0.011458 -0.049592 -0.136804 0.008967 -0.094483 0.001312 -0.139592 0.011909 -0.262069 0.04906 -0.160213 0.161047 -0.187093 0.048386 -0.059188 0.088916 -0.066779 0.039435 -0.045349 0.077519 -0.042282 0.145072 -0.025814 -0.028661
69.660945 304.832261 135.500154 1698.062584 36.935477 1282.133893 17.373249 1306.201982 17.517843 990.330372 17.233709 1008.109971 -66.927587 364.076012 -91.123551 1859.749226 -5.743998 1587.800149 0.040185 1657.43604 0.001246 1284.462143 -0.134028 1270.997296 17.223615 -19.09584 0.015816 -0.124384 0.035294 0.194229 2.2e-05 -3.3e-05 0.00023 0.009591 0.020633 0.017646 0.019478 0.004728 0.024657 -0.204441 -0.029108 -0.253826 0.084993 -0.046952 0.129609 -0.060676 0.118321 -0.03836 0.077805 -0.039238 -0.040135 0.108041
68.180438 307.856193 132.601619 1606.716419 33.018583 1383.372921 14.647021 1412.192888 12.54872 1040.841865 12.649469 1078.950806 -69.76879 370.859026 -88.062314 1876.845513 -10.754503 1585.989668 -0.840205 1638.204793 -1.373361 1268.092639 -1.97561 1257.729167 22.224833 -11.210493 -0.007951 0.007462 -0.015669 -1.262674 -0.109744 1.923282 -0.116268 2.067092 -0.413468 0.628161 -0.353717 1.202617 -0.02953 0.031302 0.026151 0.039111 -0.779233 -0.000516 -1.247889 -0.056111 -1.457338 -0.052489 -1.08049 -0.034809 0.318308 1.043812
71.696359 305.482086 138.795357 1599.723017 38.13614 1377.910295 18.252598 1441.430586 16.827656 1086.676782 16.763998 1099.382298 -65.698044 368.47031 -84.67961 1868.959688 -8.028235 1599.732553 -0.17271 1684.843315 -0.280554 1304.957584 -0.682312 1287.418199 21.453815 -9.981908 0.044195 -0.004595 0.070685 -0.007626 0.18427 -0.005403 0.19817 0.149786 0.313304 0.493787 0.289204 0.09582 0.061176 -0.003859 0.033124 -0.008301 0.198909 0.029643 0.251044 0.327299 0.412461 0.264102 0.335869 0.173167 -0.006806 0.035642
69.44163 305.265331 148.475421 1611.884791 37.307565 1460.269334 16.449014 1602.186616 15.070686 1218.97254 15.834745 1198.506977 -69.237737 373.037043 -92.602187 1898.620963 -6.088783 1634.890513 0.058475 1762.883552 0.026149 1360.820436 -0.110722 1318.383364 13.841308 -3.90265 -0.018011 -3.8e-05 0.163139 0.023027 -0.00455 1.19521 -0.046901 4.248325 -0.048424 3.798626 -0.013247 2.13898 -0.046435 0.014063 -0.177115 0.11676 0.13386 0.191076 0.432175 0.883344 0.478008 0.585383 0.243318 0.183989 -0.830715 1.401627
67.439296 311.301168 147.676712 1599.253646 39.610912 1487.9469 18.641357 1642.406651 16.536205 1273.849965 16.958672 1248.557476 -69.705775 377.391828 -96.560614 1914.511051 -6.768119 1645.783426 0.023027 1785.410163 0.004958 1379.02896 -0.195307 1333.762519 15.968514 -2.085842 -0.014646 0.029544 -0.001077 -0.024843 0.034495 0.12992 0.068552 0.249294 0.033994 0.604114 0.019266 0.511902 -0.000788 0.012636 -0.041422 0.033109 -0.01796 0.018084 -0.008112 0.071507 -0.008335 0.060506 -0.011922 0.04459 0.075995 0.282246
68.083123 308.053465 146.472156 1588.919008 44.918321 1510.096525 22.00821 1675.143893 20.062535 1283.547161 20.39366 1252.859147 -68.072205 372.073639 -88.693425 1870.812348 -8.950145 1705.849171 -0.213253 1864.519417 -0.254063 1445.521749 -0.788145 1391.864518 24.831972 -4.810965 0.001529 -0.008515 -0.002466 -0.01675 0.166785 0.081822 0.139672 0.161528 0.170279 0.018385 0.158279 0.003699 0.009685 -0.018869 0.167123 -0.252243 -0.152192 0.538273 -0.376432 0.857415 -0.330002 0.782762 -0.198773 0.619348 0.974379 -0.561221
66.431623 307.675294 147.912068 1576.944232 46.608781 1523.769492 23.526896 1705.374572 20.223684 1325.499366 20.636091 1290.753658 -66.909351 373.138242 -85.198453 1858.703204 -8.854219 1734.0245 -0.253034 1888.335102 -0.286939 1473.256832 -0.771832 1423.992322 25.328492 -3.903074 -0.010139 -0.000116 0.003522 -0.022647 0.015612 0.030811 0.025333 0.135173 0.000322 0.337307 0.000716 0.28229 0.005009 0.00076 0.035125 -0.019658 0.000258 0.115391 -0.0017 0.075568 -0.001 0.131776 8.5e-05 0.183289 0.002458 0.047424
65.827971 307.195594 134.663309 1623.208778 44.75604 1551.164599 23.4709 1708.370972 21.784691 1312.282583 21.489029 1278.325795 -68.32462 367.448725 -87.424317 1856.993708 -7.39831 1715.679915 -0.024549 1874.395005 -0.046982 1463.847056 -0.425279 1407.295585 23.855015 -4.140465 -0.001378 -0.000187 -0.31076 0.33444 -0.018787 0.122036 -3.3e-05 0.001315 0.029013 -0.033112 0.008636 -0.03006 -0.007406 -0.021855 -0.014351 -0.000393 0.065342 -0.048776 0.119953 -0.025823 0.101707 -0.015073 0.051259 -0.049233 -0.022077 -0.003504
66.845789 309.629929 136.966544 1630.393581 45.515192 1538.099178 24.182416 1676.206721 21.990709 1293.357651 21.571447 1268.010498 -68.05229 371.50233 -85.935284 1873.096186 -7.906814 1719.042187 -0.133413 1871.559033 -0.166342 1462.531054 -0.568042 1408.01254 25.982222 -5.197353 0.003904 0.004804 0.009765 0.007933 0.003192 -0.027629 0.005312 -0.152835 0.000485 -0.068727 7.9e-05 -0.020894 0.000272 0.011118 0.006395 0.034757 -0.00845 0.001646 -0.043503 -0.001074 -0.036519 -0.000296 -0.010313 9.1e-05 0.045419 -0.060004
65.913596 320.434078 128.841441 1701.550403 46.665279 1439.856222 26.201922 1500.831252 24.358425 1146.141864 23.200302 1147.251977 -68.959236 377.474855 -86.634174 1906.1537 -9.641856 1748.353224 -0.53079 1880.86871 -0.592119 1469.979086 -1.154817 1428.607202 32.546095 -20.120511 -0.003273 0.09264 -0.124211 0.759897 0.007175 -1.620962 0.040489 -4.844138 0.060516 -4.446046 0.02964 -3.020737 -0.003002 0.023814 -0.001415 0.144582 -0.085983 0.12389 -0.131984 0.011549 -0.130785 0.009458 -0.103001 0.074763 0.369229 -4.865637
62.443336 317.252117 121.68905 1708.063775 42.459546 1372.124623 23.771304 1398.647746 22.662226 1061.124368 21.050582 1071.481632 -71.706504 364.529937 -88.674957 1852.897873 -9.107213 1726.106192 -0.386897 1855.094763 -0.364619 1461.46332 -0.90548 1421.392725 28.775958 -31.969819 -0.04692 -0.007939 -0.102118 0.006221 -0.099288 -0.815837 -0.059146 -1.801136 -0.030604 -1.637921 -0.052248 -1.294166 -0.02683 -0.112926 -0.011879 -0.377266 0.007624 -0.071225 0.011351 -0.088907 0.027442 -0.012369 0.015143 -0.009131 -0.116006 -1.365618
69.735885 325.012437 126.936166 1766.979937 42.327518 1221.496254 22.407009 1179.53815 23.034715 865.843671 21.483448 905.02566 -67.669892 364.586271 -83.124006 1830.93272 -10.303023 1864.770879 -1.205672 2051.390278 -0.744205 1629.410101 -1.148018 1575.957134 32.05963 -119.699585 0.201324 0.046885 0.055375 0.499471 -0.000103 -4.377677 -0.020158 -9.327492 0.001518 -9.920498 0.002203 -7.021703 0.058466 2e-06 0.089701 -0.065485 -0.03687 2.678325 -0.226596 4.934907 -0.066996 4.56618 -0.014373 3.987866 0.088685 -27.947553
69.07585 317.747358 136.960545 1691.403593 47.048069 1021.817395 25.662679 958.622148 26.521541 678.817638 24.839695 726.826838 -65.708528 360.287668 -89.910797 1778.336807 -15.943252 1954.260758 -4.214595 2195.851825 -2.189442 1750.799742 -2.730284 1696.213598 43.951374 -249.274521 -0.001569 -0.04106 0.190462 -0.825887 0.12475 -8.904447 0.110377 -11.443208 0.12282 -11.364266 0.121745 -9.758865 0.014422 -0.012746 -0.133147 -0.383246 -0.613195 1.048635 -0.911867 2.457498 -0.380693 2.180367 -0.337446 2.210536 0.935981 -23.50019
60.95453 333.579851 126.421348 1771.088601 54.027111 931.530861 32.721826 808.182882 35.794518 542.953517 33.017555 608.486069 -70.440424 355.187526 -105.475522 1731.476884 -20.916604 2010.335276 -7.57293 2428.188524 -3.270846 2105.759211 -3.956374 1990.232617 60.705913 -510.18111 -0.253865 0.192457 -0.210947 0.917048 0.241232 -2.087702 0.428324 -6.416425 0.693798 -7.577721 0.580868 -5.254253 -0.082254 -0.018178 -0.62094 -0.31283 -0.337058 0.396574 -0.488528 5.840612 -0.108157 16.37006 -0.113371 11.743708 1.349818 -46.223125
58.488122 334.191941 129.497457 1600.864432 54.168012 633.640443 33.276644 490.053418 35.645683 323.603395 32.962847 395.073513 -68.578489 347.376817 -97.987769 1567.68913 -32.890886 2232.03669 -22.414006 2774.319986 -11.019053 2487.442804 -9.997469 2331.120197 86.302177 -1016.671728 -0.025468 0.000281 0.018488 -4.2994 9.2e-05 -28.609392 0.002332 -39.581806 -0.000155 -28.221415 -2.3e-05 -22.9542 0.012469 -0.043419 0.137827 -4.068146 -1.349292 5.796889 -3.930098 11.527118 -2.282964 15.885947 -1.375492 13.466348 2.245492 -86.454683
57.288545 328.643571 130.283691 1489.973171 50.094089 463.544595 29.989817 316.125538 31.386769 190.987746 28.942269 253.982381 -65.963836 331.808505 -97.223479 1491.8567 -43.457444 2386.097131 -36.035846 3011.635054 -20.570077 2743.716389 -17.562002 2551.554065 102.775278 -1486.924859 -0.006215 -0.023222 0.00119 -1.989886 -0.079622 -13.26511 -0.085436 -18.985459 -0.135432 -17.381797 -0.130701 -15.520697 0.025409 -0.178452 0.001496 -0.939917 -0.734738 2.570435 -1.609455 4.868872 -1.478483 6.28117 -1.058485 4.978407 0.718965 -44.560625
54.191353 304.346153 137.446054 1295.467364 33.08129 296.072017 13.632325 170.538783 13.828671 98.691564 13.036899 154.503204 -72.453167 318.336033 -109.835992 1463.702477 -62.027899 2502.979033 -60.157998 3188.522049 -34.049169 2979.990195 -28.008591 2778.173785 91.276215 -1994.062209 -0.043032 -0.466502 0.095822 -6.799417 -1.758499 -18.69129 -3.183006 -22.28661 -3.548316 -15.096868 -3.129847 -12.298298 -0.152202 -0.139605 -0.384487 -0.1341 -1.647509 1.397333 -3.073613 2.523757 -1.689329 4.878754 -1.213545 4.820108 -0.341004 -37.139993
59.653992 291.097587 135.756852 1210.000129 24.96182 183.477536 8.781633 74.164969 10.394121 37.323113 9.54567 76.656103 -71.621331 318.424625 -116.434055 1508.611952 -68.744933 2597.581818 -67.557165 3309.861817 -39.552075 3124.382369 -31.922251 2912.523838 90.497843 -2478.736449 0.131132 -0.147408 -0.005222 -1.458166 -0.570709 -13.405523 -0.531172 -19.777066 -0.244729 -14.631377 -0.271501 -13.502572 0.002401 6e-06 -0.096221 0.339294 -0.172621 0.877399 -0.214515 1.132945 -0.206005 1.707957 -0.127923 1.586137 -0.001667 -26.337288
64.586198 286.330888 153.787971 1066.664019 23.532505 145.157322 6.326965 51.145222 8.679907 23.142517 8.601204 55.384968 -69.605934 317.56485 -121.952066 1506.0308 -70.510727 2614.892828 -66.48551 3310.625874 -39.583044 3113.770027 -32.828872 2897.967702 85.334619 -2600.030893 0.09794 -0.019675 0.56198 -4.516617 -0.021068 -2.241796 -0.200736 -2.132534 -0.077186 -1.686355 -0.024594 -1.724598 0.014381 -0.000581 -0.063872 -0.001105 -0.011196 0.028746 0.004284 4.4e-05 -6e-06 -0.009027 -0.006347 -0.018233 -0.075824 -1.448623
60.276082 287.898863 155.894363 961.306026 20.917721 133.202867 5.126501 44.05548 6.500311 23.515564 6.422103 57.966441 -73.222415 331.384987 -126.183346 1533.609337 -71.892972 2645.145946 -69.990416 3358.816892 -41.067162 3163.945154 -33.960259 2945.946448 80.244642 -2641.926285 -0.074413 0.002141 0.007164 -2.738652 -0.076974 -0.256816 -0.063085 -0.264359 -0.157289 0.001491 -0.158877 0.029399 -0.045793 0.147175 -0.036079 0.125112 -0.006709 0.087001 -0.045013 0.174108 -0.013656 0.200518 -0.009583 0.196957 -0.078253 -0.167423
56.027133 279.683284 137.745299 920.380396 15.121079 131.207181 2.660814 44.936619 4.503326 25.341993 4.520013 57.697873 -72.862059 329.58594 -131.248695 1526.315495 -73.859967 2662.814078 -68.985174 3359.81218 -41.645536 3150.339473 -35.795374 2938.34523 73.538162 -2610.576588 -0.07764 -0.059462 -0.561409 -0.445107 -0.469234 -0.007532 -0.40066 0.004362 -0.182728 0.03415 -0.16659 -0.000312 0.000444 -0.002448 -0.049839 -0.008693 -0.013273 0.029405 0.003636 7.4e-05 -0.002022 -0.014658 -0.024143 -0.00491 -0.146305 0.093557
45.506104 267.20122 111.743583 934.480466 12.677849 141.098465 2.241706 51.700486 4.282917 30.726462 3.994892 63.069637 -85.200818 308.15474 -150.12684 1509.349632 -83.710964 2667.792653 -77.389916 3363.851154 -47.707323 3138.274857 -41.893734 2927.256396 80.578805 -2547.943884 -0.546574 -0.142464 -1.358648 0.053593 -0.107575 0.179706 -0.017947 0.237 -0.002765 0.259145 -0.016208 0.119528 -0.482332 -0.360198 -0.634004 -0.04741 -0.308233 0.002325 -0.241496 0.001213 -0.205856 -0.011573 -0.239721 -0.010482 0.160906 0.380245
49.60886 246.838161 116.249027 926.441363 12.622348 149.940667 2.112475 59.068016 4.202502 34.203211 4.115397 68.217356 -80.338321 286.454655 -138.598317 1447.876124 -78.184238 2614.851986 -74.004134 3306.672801 -44.384259 3080.572954 -38.013555 2875.086362 75.901586 -2465.57516 0.088527 -0.403488 0.044521 -0.017364 -6.1e-05 0.134351 -0.001918 0.245289 -0.000381 0.09315 0.000895 0.100959 0.07143 -0.396101 0.230253 -0.639011 0.094362 -0.265282 0.037865 -0.245065 0.059975 -0.267701 0.094263 -0.23454 -0.069917 0.676677
48.450791 225.344008 103.132949 919.694104 8.525888 145.722892 0.629139 56.592125 2.132447 32.110476 2.005877 63.051319 -87.747576 255.531472 -146.640644 1412.002728 -79.396072 2579.864168 -72.467374 3264.125668 -44.308049 3062.860085 -38.200545 2835.640567 65.881129 -2467.754826 -0.006839 -0.48947 -0.392433 -0.01233 -0.40054 -0.030086 -0.435933 -0.026503 -0.347758 -0.03303 -0.374978 -0.101693 -0.16338 -0.882885 -0.113399 -0.225001 -0.00466 -0.117828 0.008062 -0.137752 3.3e-05 -0.025535 -0.000229 -0.136234 -0.35454 -0.000482
49.227478 228.343562 91.643483 936.850841 8.592816 148.333611 0.842168 57.142152 2.723561 32.670566 2.552672 64.608809 -84.235915 259.211866 -135.585508 1409.670329 -75.541216 2579.055294 -70.511128 3266.005699 -42.891519 3075.731277 -36.532462 2845.44269 67.231524 -2474.411676 0.003088 0.009916 -0.339165 0.079276 0.000131 0.01159 0.015504 0.00133 0.036112 0.002421 0.032913 0.009501 0.035855 0.013158 0.216605 -0.000964 0.047962 -6.3e-05 0.013383 0.000271 0.011506 0.013494 0.018619 0.008456 0.00685 -0.004483
49.764482 226.988961 107.266553 922.143582 9.053133 146.785397 0.754436 57.432369 2.366112 33.432583 2.364865 65.893418 -82.191448 260.778436 -132.968597 1402.760155 -73.740148 2569.907393 -69.191273 3255.757248 -41.62646 3069.945181 -35.253786 2838.464217 63.841285 -2462.640069 0.001457 -0.002015 0.614494 -0.058178 0.006005 -0.004061 -0.002412 0.000368 -0.012567 0.004392 -0.003588 0.006323 0.012558 0.00236 0.01275 -0.008489 0.010865 -0.008126 0.006235 -0.008052 0.009468 -0.002724 0.011389 -0.004284 -0.043852 0.014034
58.835898 232.930153 113.111856 976.095218 13.463527 177.171975 2.526665 79.656526 4.824598 47.670608 4.741665 84.611282 -72.50919 267.34534 -120.926151 1402.213271 -65.523415 2576.523539 -61.981669 3266.029544 -35.997821 3081.362018 -29.740794 2845.139376 67.179582 -2362.506959 0.379532 0.038375 0.077534 0.76686 0.436162 1.42825 0.519792 1.813428 0.433332 1.259555 0.409248 1.168481 0.303289 0.040829 0.285753 -5.3e-05 0.24261 0.004253 0.198279 0.00809 0.204339 0.010595 0.234235 0.00392 0.042535 1.03911
62.483755 231.424874 101.069457 958.326344 9.351391 131.022768 0.820268 43.093651 3.538308 22.696828 3.479958 50.927844 -72.774575 264.838491 -125.178223 1378.966542 -64.768016 2571.17028 -60.957927 3255.158361 -34.280397 3083.649054 -28.553786 2851.403185 59.845472 -2577.237001 0.054855 -0.00244 -0.338811 -0.081611 -0.373643 -3.474789 -0.467667 -5.571843 -0.099513 -4.580763 -0.097389 -4.25211 -0.000242 -0.005904 -0.036735 -0.097157 0.00219 -0.002784 0.004263 -0.009061 0.020988 0.000424 0.012086 0.003444 -0.211903 -4.669351
61.965058 233.837176 103.331587 976.208071 9.081994 161.589004 0.756778 68.580563 3.050552 39.818332 3.059449 71.766024 -73.595778 269.373859 -128.087976 1390.063449 -66.693587 2577.966299 -62.129573 3259.67093 -35.785995 3083.080111 -30.163622 2852.567254 59.733154 -2422.147112 -0.001081 0.006254 0.012518 0.082646 -0.001969 1.600854 -0.001279 2.947274 -0.018078 2.390296 -0.013534 1.782514 -0.002304 0.019253 -0.016715 0.022236 -0.014103 0.004485 -0.005576 0.001563 -0.016178 -2.6e-05 -0.022072 0.000119 -5.3e-05 2.406163
61.579793 237.368363 95.436944 985.935361 9.483747 166.624075 1.042254 71.786223 3.778045 41.744373 3.737927 74.737744 -70.125566 273.756179 -125.887981 1398.530497 -65.642255 2586.466132 -60.554983 3272.487439 -34.942476 3080.299039 -29.457892 2847.545027 61.700012 -2404.867977 -0.000601 0.013231 -0.156841 0.024112 0.004347 0.038623 0.022795 0.03661 0.038863 0.022744 0.033946 0.030143 0.041901 0.01768 0.009529 0.012854 0.004176 0.006995 0.010105 0.012573 0.00503 -0.000627 0.004177 -0.002212 0.01593 0.030927
61.310299 237.302433 98.537255 946.782313 10.173089 135.344227 1.348897 46.952204 4.193709 28.155876 4.119775 57.697511 -73.331859 278.32956 -131.006735 1419.862585 -66.811388 2605.723824 -61.201884 3291.521856 -35.456899 3106.630855 -30.199216 2874.92241 64.038794 -2543.28047 -0.000295 -5e-06 0.024778 -0.396622 0.012091 -1.624455 0.019744 -2.626044 0.010844 -1.333511 0.009283 -1.100845 -0.035835 0.018943 -0.051002 0.080731 -0.00516 0.035713 -0.001719 0.027598 -0.00188 0.056035 -0.004606 0.06549 0.021753 -1.936256
58.438173 228.624483 106.537749 916.359403 11.43323 130.770315 1.829855 45.099546 4.726207 26.759782 4.469844 55.496675 -75.72145 269.530111 -129.761036 1405.87094 -68.174779 2569.969941 -62.070249 3254.66052 -36.925263 3065.209544 -31.140381 2833.831363 68.072402 -2519.171493 -0.034448 -0.080821 0.156119 -0.248402 0.036779 -0.039311 0.036596 -0.018645 0.015909 -0.017749 0.007136 -0.021397 -0.019156 -0.070671 0.002975 -0.03464 -0.006885 -0.123496 -0.003059 -0.103783 -0.014895 -0.138998 -0.007221 -0.147887 0.061591 0.057408
58.26006 232.185895 122.583198 998.555948 22.28208 212.112919 8.599876 105.561791 11.69755 61.993823 10.81534 99.977638 -74.301058 279.074264 -129.172086 1469.847686 -68.384002 2623.590653 -60.550113 3306.37633 -37.170221 3082.766371 -31.520851 2849.635413 90.571514 -2270.431943 -0.000136 0.013763 0.562526 1.764931 1.793146 9.788213 2.495872 12.664397 1.552975 7.293401 1.379375 6.498792 0.006724 0.083027 0.00067 0.71174 -0.00016 0.27681 0.009423 0.203822 -0.000405 0.025069 -0.001155 0.021973 1.603533 6.463284
58.986869 230.625997 125.698458 946.648067 19.403638 177.646412 5.974297 74.050442 10.664386 43.096664 9.920686 78.282508 -72.151861 277.932242 -125.947441 1461.351442 -67.005336 2598.028096 -60.705077 3278.666384 -36.745291 3057.281875 -30.900265 2827.041137 87.000886 -2374.407056 0.002253 -0.002629 0.019545 -0.692706 -0.099498 -1.526932 -0.238454 -2.785795 -0.02388 -1.712985 -0.019309 -1.325127 0.015771 -0.001171 0.02038 -0.012313 0.00702 -0.062571 -9.9e-05 -0.058302 0.001221 -0.052887 0.003085 -0.044965 -0.035903 -1.163892
55.791725 228.97493 131.761471 1020.889908 24.190213 209.516563 9.361127 98.145131 12.52829 53.614629 11.576123 92.680554 -74.040185 278.067996 -130.137255 1477.808731 -68.380699 2611.562486 -60.098838 3303.667579 -36.681655 3061.131476 -31.522591 2827.964393 92.084572 -2304.508043 -0.044481 -0.002966 0.0714 1.401196 0.263578 1.31396 0.378666 1.694073 0.075019 0.573649 0.063836 0.607361 -0.012196 1.7e-05 -0.034277 0.046075 -0.006986 0.017581 0.001521 0.04748 2.8e-05 0.001211 -0.003102 7.5e-05 0.07217 0.522145
56.947809 235.427997 106.293277 1009.197501 18.027626 147.769296 6.349023 42.402782 11.362277 20.143163 10.218843 50.44396 -74.371 282.844786 -127.223479 1473.663403 -66.126447 2616.490805 -59.414109 3292.493443 -35.639562 3077.130709 -30.355791 2848.810429 87.248408 -2599.345583 0.005928 0.044836 -1.366273 -0.033672 -0.452202 -5.376126 -0.291459 -11.526572 -0.028471 -8.032053 -0.042303 -6.374024 -0.000369 0.02034 0.016495 -0.002911 0.018891 0.002323 0.001962 -0.009465 0.007508 0.020851 0.011002 0.038275 -0.065222 -8.871378
56.303639 249.578201 94.73646 1024.292562 17.446965 119.12732 6.89742 30.660386 12.11583 13.970178 10.633926 38.636933 -79.271949 278.255085 -128.886301 1450.096908 -67.118041 2565.167763 -60.326348 3244.484899 -36.305957 3044.260283 -30.654478 2815.955794 90.368268 -2645.779934 -0.001832 0.206462 -0.332465 0.056028 -0.004753 -1.541305 0.011357 -0.949767 0.012096 -0.563165 0.004132 -0.785935 -0.078186 -0.018772 -0.005398 -0.094978 -0.00369 -0.254177 -0.003475 -0.176293 -0.003086 -0.088254 -0.000731 -0.095276 0.027402 -0.205542
54.507029 272.370855 84.012647 1065.997581 18.613574 114.218075 9.160552 27.652675 15.28073 12.401291 12.690671 35.395134 -78.222136 299.634947 -127.606037 1470.268871 -67.354104 2582.061664 -63.324134 3267.363269 -37.237698 3090.829716 -31.015643 2868.17312 100.226674 -2711.6686 -0.014565 0.497896 -0.32197 0.416086 0.018876 -0.051647 0.160277 -0.077619 0.183421 -0.046709 0.090858 -0.071012 0.003499 0.395625 0.003195 0.069668 -0.000207 0.027724 -0.036345 0.04019 -0.005902 0.176749 -0.001058 0.239853 0.255131 -0.405182
54.757884 298.51417 67.08235 1132.947889 21.679325 107.659034 14.55851 20.546997 25.293168 7.766372 20.886438 27.422248 -76.868229 305.527821 -126.28286 1477.778485 -66.642632 2582.958252 -62.569582 3255.429741 -36.710613 3093.680847 -30.741101 2878.658032 122.947285 -2791.436405 0.000288 0.598922 -0.951522 1.019439 0.116801 -0.096969 0.622397 -0.526643 1.25479 -0.539822 1.015603 -0.50802 0.00591 0.028692 0.003448 0.009565 0.001889 7.8e-05 0.002261 -0.010916 0.001878 0.000657 0.00061 0.009565 1.159568 -0.57815
54.46488 307.327657 60.237494 1174.436404 27.054059 111.580643 20.623097 20.960215 32.294038 9.100919 26.74147 29.985117 -75.337242 317.774452 -124.920941 1504.561175 -65.137567 2614.718794 -60.860612 3272.150226 -35.325594 3122.049635 -29.744012 2915.510052 135.171272 -2794.02435 -0.000393 0.064111 -0.184127 0.373028 0.297293 0.035076 0.526647 0.002057 0.427132 0.052878 0.361258 0.057236 0.0077 0.120322 0.003692 0.120262 0.008595 0.097038 0.011831 0.021415 0.013316 0.064738 0.008219 0.117194 0.289614 -0.0006
52.553498 317.017959 69.075057 1195.013783 32.197574 108.710171 25.55102 17.446492 36.914253 6.996045 30.839595 27.750019 -73.996801 332.116926 -125.885974 1536.692959 -65.864681 2660.353127 -61.628447 3315.960261 -35.549593 3160.833274 -29.910845 2958.068005 144.914841 -2870.418277 -0.01707 0.075205 0.302345 0.089353 0.223671 -0.018702 0.263719 -0.161068 0.154391 -0.138212 0.14602 -0.04328 0.006016 0.158282 -0.001857 0.169746 -0.002018 0.197394 -0.002407 0.145667 -0.000354 0.119705 -0.000233 0.154182 0.16953 -0.51517
52.664346 312.595933 72.046944 1202.899811 35.390985 117.118611 27.831213 21.696563 39.266987 9.385105 32.949092 32.064962 -69.465026 333.394157 -123.264989 1559.863284 -64.541849 2668.755732 -59.314499 3303.882731 -34.987484 3120.398295 -30.066083 2927.570506 148.38552 -2787.524637 5.8e-05 -0.015529 0.031296 0.012967 0.075483 0.156593 0.048721 0.231416 0.036339 0.175149 0.03489 0.155839 0.071594 0.001226 0.013786 0.086688 0.00671 0.006624 0.022138 -0.011017 0.00224 -0.13015 -0.000201 -0.079015 0.020535 0.607263
49.410066 310.033962 71.386308 1157.659357 35.602565 117.082942 27.485834 23.804242 38.53234 10.670732 32.382368 33.69741 -68.495343 336.691846 -121.916986 1577.085069 -61.889494 2688.325771 -55.560545 3326.835813 -32.304776 3121.449188 -28.136777 2923.222845 141.399956 -2767.109514 -0.051889 -0.005271 -0.001521 -0.43356 0.000315 -3e-06 -0.001078 0.048842 -0.003469 0.041248 -0.002458 0.020265 0.003408 0.008114 0.003706 0.047274 0.027824 0.035746 0.061353 0.039728 0.053496 8.8e-05 0.031985 -0.001615 -0.084209 0.037516
51.152085 312.710179 69.021071 1155.103244 33.26578 114.204953 25.917367 22.665347 36.240371 10.522864 31.029752 33.400471 -69.402247 333.992569 -122.523086 1542.36734 -62.825951 2632.001097 -56.800999 3260.191615 -33.113454 3070.825696 -28.68749 2879.795025 138.637124 -2721.827322 0.015089 0.00575 -0.019923 -0.001413 -0.039656 -0.017907 -0.023038 -0.013958 -0.035136 -0.000516 -0.014428 -0.000657 -0.002982 -0.005432 -0.000751 -0.1932 -0.003516 -0.298154 -0.006847 -0.337145 -0.004998 -0.206934 -0.002669 -0.162502 -0.013629 0.186786
48.996235 312.319785 69.558303 1083.508409 28.563661 103.359884 19.970268 20.327014 28.409369 9.443756 24.22605 31.236215 -71.822487 333.842698 -127.795644 1504.488811 -69.686517 2612.654288 -66.036906 3251.789836 -38.789654 3080.027782 -33.356668 2885.607585 133.59148 -2748.373133 -0.023207 -0.000122 0.001041 -1.145159 -0.179057 -0.270468 -0.387008 -0.063637 -0.476036 -0.029182 -0.420473 -0.036243 -0.02074 -1.7e-05 -0.055535 -0.235462 -0.177715 -0.035684 -0.347706 -0.00542 -0.224396 0.006883 -0.175941 0.00293 -0.046763 -0.064411
47.500015 313.289846 76.06135 1037.625686 27.894893 100.437726 18.32397 19.681544 25.561808 9.353469 22.014809 31.237081 -72.909281 334.810046 -128.931439 1499.777556 -70.560186 2615.47258 -67.110863 3254.430655 -39.440746 3082.451654 -33.910537 2888.513019 128.506152 -2752.207624 -0.0116 0.000752 0.145278 -0.496308 -0.003961 -0.020951 -0.035404 -0.005207 -0.075172 -0.000217 -0.052901 0.0 -0.00408 0.0007 -0.002512 -0.003694 -0.002721 0.00076 -0.004331 0.000536 -0.002709 0.000477 -0.00228 0.000731 -0.049338 -0.001337
42.959234 322.222663 58.431976 1093.763738 22.760907 106.225322 14.624766 21.341818 22.731968 10.433378 18.711885 33.280873 -76.072475 339.22895 -131.684033 1502.192323 -73.518842 2671.365972 -70.789132 3332.389339 -41.964132 3165.171355 -35.903401 2961.695701 126.467527 -2812.157734 -0.114039 0.062783 -1.160435 0.73943 -0.260837 0.081057 -0.208316 0.033611 -0.08298 0.029491 -0.134154 0.03238 -0.033584 0.014485 -0.014537 0.000971 -0.030381 0.295466 -0.049065 0.461358 -0.039119 0.547636 -0.028449 0.457754 -0.00815 -0.322959
40.841691 321.179571 55.479714 1094.583735 20.312344 111.687703 12.365739 22.668242 19.901606 10.683918 16.345808 34.461478 -74.909536 335.386039 -126.59827 1457.521216 -71.795112 2613.909654 -69.791992 3254.178357 -41.452782 3098.120912 -35.301083 2898.348265 118.79921 -2744.936337 -0.026758 -0.000846 -0.038263 0.000154 -0.069652 0.068473 -0.094703 0.019993 -0.094055 0.001486 -0.079936 0.010288 0.004479 -0.010946 0.050076 -0.337131 0.010224 -0.312314 0.003536 -0.464367 0.001567 -0.358908 0.002548 -0.342405 -0.119905 0.406587
42.633801 314.175723 59.406942 1040.947246 19.151725 115.393184 11.188791 24.484081 17.533613 11.00849 14.748571 36.292203 -73.224812 342.158933 -123.104433 1478.000751 -71.035628 2618.50589 -69.176896 3245.292983 -40.795346 3081.884477 -34.773665 2881.380792 111.818764 -2724.507871 0.019239 -0.038605 0.067143 -0.673679 -0.01707 0.030235 -0.029423 0.034977 -0.07497 0.002428 -0.04105 0.023689 0.00958 0.033853 0.024444 0.071438 0.002019 0.002019 0.001361 -0.006074 0.002628 -0.021329 0.001985 -0.024906 -0.105668 0.03815
41.946257 308.452804 54.514687 1045.51954 16.286869 116.39161 8.670567 26.913614 15.165149 11.783266 12.684047 35.878512 -75.171988 338.005888 -127.41435 1457.51985 -74.046031 2580.872714 -71.710189 3205.297479 -42.641818 3028.682076 -36.686132 2825.749846 108.666363 -2662.641224 -0.002795 -0.026302 -0.105095 0.00501 -0.115987 0.00215 -0.160306 0.057453 -0.08589 0.013173 -0.077796 -0.001186 -0.012775 -0.012679 -0.037077 -0.071448 -0.031236 -0.136197 -0.022777 -0.123993 -0.020434 -0.231611 -0.025596 -0.271141 -0.022537 0.355254
42.365685 299.007659 43.799726 1046.399917 15.261164 114.902164 8.673867 25.900255 16.290863 11.272865 13.34046 35.320634 -77.839306 328.84642 -135.422665 1444.717824 -74.687666 2576.203451 -71.143577 3196.86163 -42.155749 3013.470041 -36.610537 2812.19282 110.858577 -2656.121466 0.001043 -0.073434 -0.585638 0.000185 -0.016679 -0.004796 0.0 -0.009723 0.020149 -0.00565 0.00828 -0.002186 -0.02325 -0.062907 -0.12203 -0.028236 -0.001384 -0.002114 0.001124 -0.005558 0.001393 -0.019149 3.9e-05 -0.0163 0.010946 0.003996
44.017983 289.153488 32.306775 1023.611846 8.571303 113.303 4.091418 28.186089 10.696137 15.64757 8.226533 37.961536 -78.919327 319.878644 -136.89324 1417.644437 -74.312054 2555.914065 -70.993888 3184.417896 -41.821545 3011.70211 -36.174844 2804.161176 94.817988 -2593.180033 0.015804 -0.082555 -0.872788 -0.125437 -0.958197 -0.005603 -0.850854 0.048324 -0.586295 0.357834 -0.615073 0.047601 -0.003721 -0.061987 -0.003971 -0.128038 0.000473 -0.040106 7.9e-05 -0.012133 0.000665 -0.000259 0.001304 -0.005743 -0.626452 0.377361
53.66994 289.839965 31.070937 1028.112886 7.677263 97.635255 3.288657 19.719587 10.539053 11.201395 8.240318 30.388081 -71.434763 321.420283 -132.977119 1439.959811 -67.784773 2587.339835 -65.436791 3229.949124 -36.184453 3067.636163 -30.575129 2863.328213 85.779869 -2708.098815 0.477995 0.000407 -0.01205 0.004937 -0.024615 -0.582677 -0.04379 -0.754089 -0.000581 -0.370701 6e-06 -0.420883 0.186405 0.001853 0.028415 0.087133 0.149996 0.096008 0.113223 0.1616 0.203948 0.257321 0.235297 0.308852 -0.226301 -1.245726
62.537761 292.040554 30.1685 1086.461837 1.968119 119.974742 0.000333 32.928567 2.637609 19.673744 2.161372 41.475465 -69.29677 322.128302 -129.794647 1448.018786 -65.149017 2574.428504 -62.711436 3212.582178 -34.533596 3054.545078 -29.034019 2849.031537 56.259013 -2583.935892 0.338846 0.004161 -0.00665 0.805185 -1.871125 1.149705 -3.222838 1.683941 -2.63192 1.185183 -1.961218 0.860453 0.016241 0.000389 0.019272 0.011244 0.026133 -0.016148 0.028984 -0.023408 0.019272 -0.013996 0.019925 -0.017891 -3.101619 1.45677
67.288326 297.028855 31.141944 1112.471374 1.385345 129.604308 -0.324729 37.090281 1.744017 21.899153 1.949499 45.257876 -65.873099 321.138874 -132.914167 1457.548295 -63.867338 2621.106092 -59.845195 3249.747064 -32.152236 3111.740495 -27.315169 2911.565652 48.872775 -2611.549693 0.086945 0.021121 0.007728 0.153829 -0.051026 0.185839 -0.345849 0.123789 -0.092087 0.059606 -0.005464 0.082514 0.043365 -0.000761 -0.018522 0.015627 0.006366 0.209684 0.033521 0.106869 0.042533 0.265264 0.026222 0.339429 -0.259788 -0.073384
70.006224 284.67014 31.743947 1074.118756 0.02542 117.134092 -3.100328 25.145599 -0.000589 15.833251 8.5e-05 37.148312 -66.677768 304.103192 -133.753357 1399.614015 -64.762884 2561.325031 -62.749344 3212.011596 -33.367203 3083.449802 -27.876732 2867.63878 33.087392 -2657.373404 0.026905 -0.131301 0.002882 -0.336377 -1.03545 -0.315325 -1.418302 -1.157002 -1.808711 -0.490772 -1.923902 -0.400001 -0.002442 -0.232125 -0.00132 -0.587423 -0.003118 -0.344809 -0.034403 -0.110185 -0.011266 -0.064596 -0.002857 -0.166943 -1.534483 -0.199268
60.902608 288.021046 29.110282 1053.397459 -0.76244 115.913934 -10.044583 27.516779 -3.074365 16.147723 -2.704933 38.58038 -73.820682 303.420054 -140.735417 1388.786824 -71.32317 2560.646047 -68.876749 3217.17908 -38.433246 3086.585949 -32.761287 2870.635751 19.767524 -2656.230211 -0.316924 0.009803 -0.057017 -0.100912 -1.066293 -0.003194 -1.983997 0.05341 -2.989842 0.001546 -2.735269 0.013542 -0.18169 -0.000384 -0.088814 -0.021021 -0.158218 -4.5e-05 -0.142698 0.002077 -0.178946 0.000797 -0.197052 0.000783 -1.705886 0.000123
62.129667 288.127574 28.516597 1023.051077 -0.43938 111.816747 -6.7891 21.92337 -1.171447 11.529405 -1.193497 32.69827 -74.916036 298.261917 -140.718518 1362.89929 -71.26952 2520.391631 -69.361635 3154.772792 -38.293806 3024.956858 -32.683241 2817.012321 26.069857 -2662.984169 0.006119 1e-05 -0.003058 -0.221761 0.044235 -0.03686 0.31779 -0.317424 0.450312 -0.388036 0.30492 -0.243119 -0.004033 -0.02211 1e-06 -0.121776 1e-05 -0.15946 -0.00085 -0.305608 0.000127 -0.310743 4.7e-05 -0.252788 0.435332 -0.004288
61.131027 287.054604 30.062063 1025.121782 -0.292586 109.275566 -6.247217 21.527674 -1.117159 11.957862 -1.104187 33.682257 -76.51047 292.130604 -143.374058 1357.055006 -73.699258 2532.164131 -73.424989 3160.358783 -40.710532 3027.409473 -34.849873 2820.638913 28.3399 -2658.83432 -0.004045 -0.001001 0.02039 0.001047 0.014871 -0.014604 0.011267 -0.001802 0.000644 0.003908 0.001736 0.007293 -0.008394 -0.031838 -0.012412 -0.006279 -0.020363 0.013715 -0.057828 0.002471 -0.036972 0.000497 -0.034764 0.001166 0.047375 0.001618
71.829762 280.670699 32.496162 1060.512265 0.335738 102.762952 -1.181403 18.792467 0.177758 9.623098 0.121192 29.427361 -64.951388 278.212631 -128.335802 1347.253248 -62.207117 2509.772474 -61.052061 3146.430486 -31.699768 3017.247113 -26.302978 2807.5742 36.625109 -2686.075471 0.431138 -0.035894 0.047373 0.300287 1.255164 -0.100039 1.995212 -0.092881 2.186171 -0.126666 1.957005 -0.143597 0.473047 -0.169844 0.416478 -0.017763 0.486755 -0.049722 0.570412 -0.01538 0.562839 -0.008543 0.600215 -0.015164 0.530486 -0.06942
71.789758 267.251692 32.76753 1163.541148 0.832568 104.583619 -0.291513 17.223615 1.108908 8.321396 0.742863 27.135595 -66.38951 263.009239 -128.829398 1322.373083 -63.15397 2465.185391 -62.034377 3098.842873 -32.670464 2969.25364 -26.889346 2760.222817 45.817404 -2663.197329 -6e-06 -0.164345 0.000564 2.387679 0.110904 0.007994 0.299213 -0.034186 0.398709 -0.047275 0.263958 -0.046447 -0.007874 -0.21358 -0.000474 -0.115941 -0.003576 -0.199806 -0.00392 -0.181306 -0.007319 -0.192384 -0.003232 -0.201354 0.514071 0.048924
71.640955 273.007185 42.250849 1276.629375 3.17852 157.885263 0.055895 48.3182 2.772153 27.060415 2.252858 55.366073 -66.710917 261.938518 -128.747619 1353.9007 -63.357957 2466.483558 -61.934799 3095.304876 -33.020364 2963.155254 -27.324172 2753.573644 54.927561 -2423.879337 -7.7e-05 0.030658 0.601823 2.621911 0.757577 5.469176 0.602706 7.845574 0.37446 5.369785 0.408394 4.980282 -0.000388 -0.001092 1.3e-05 0.185711 -0.000164 0.000171 4e-05 -0.00101 -0.000932 -0.003135 -0.001744 -0.004009 0.412752 5.632393
54.815679 282.744051 69.913794 1281.449101 11.354161 162.468425 2.675321 53.586919 8.168306 26.735799 7.091402 55.763191 -75.770264 276.440142 -137.849271 1447.867959 -71.522245 2544.413828 -66.038989 3216.707478 -38.26305 3037.804093 -32.640252 2824.193717 81.789201 -2494.564034 -1.124314 0.085302 3.464741 0.00454 2.517785 0.032786 1.957814 0.136293 1.42336 -0.000979 1.350282 0.00071 -0.288301 0.195341 -0.155411 1.576206 -0.247319 0.606029 -0.065829 1.167611 -0.193054 0.464314 -0.23611 0.447078 2.664812 -0.507944
47.120788 270.247474 93.893417 1351.740845 17.237866 279.585605 4.983914 146.192254 9.521892 79.065168 8.60561 121.983334 -78.539018 267.838802 -140.258528 1453.399461 -72.895388 2574.521955 -65.778992 3252.952371 -39.445126 3032.378077 -34.316666 2810.924517 87.727421 -2132.146595 -0.290848 -0.141218 1.764686 0.938369 0.611927 15.796676 0.356203 22.759485 0.051862 13.847273 0.073205 12.795866 -0.024842 -0.067969 -0.010436 0.005273 -0.006528 0.088544 0.000256 0.101528 -0.008991 -0.002425 -0.02099 -0.015623 0.104041 14.216201
44.196037 276.609334 96.627455 1459.332893 34.570944 485.697256 19.915754 339.312498 25.28963 207.367364 22.322614 264.263595 -78.04174 289.721962 -140.162259 1518.584911 -75.110193 2664.861073 -66.394318 3327.959076 -42.476676 3072.039996 -37.728073 2843.263261 133.31688 -1683.110601 -0.04685 0.037007 0.019618 2.059763 2.985484 28.278218 4.973966 40.061787 3.775728 30.342427 3.208216 27.160564 0.00079 0.429601 1.7e-05 0.714952 -0.016572 0.778886 -0.001432 0.427463 -0.056111 0.128848 -0.080813 0.09248 4.752405 26.516752
47.451882 295.94178 96.622885 1579.549184 48.741398 632.8212 35.023878 483.339455 38.432433 308.24023 33.088146 371.623772 -76.045704 305.951689 -133.904985 1538.787681 -74.121498 2663.324984 -66.976894 3324.628347 -41.658115 3063.2312 -36.33394 2844.693974 160.116111 -1428.060933 0.057851 0.326477 -0.0 2.378772 1.213958 9.718167 2.118161 12.705985 1.370094 9.963593 1.055856 9.128613 0.012929 0.221139 0.07144 0.06675 0.003275 -0.000221 -0.001272 -0.000834 0.003982 -0.006324 0.013123 0.00018 1.226349 10.471939
50.509725 302.61501 95.623251 1614.068926 82.645554 1013.820492 77.57612 924.166464 77.36585 645.549944 66.883903 694.551536 -77.482439 333.770933 -133.484512 1605.352723 -73.840707 2668.272631 -66.121698 3331.277369 -41.283717 3004.316052 -36.047619 2790.226316 231.679649 -864.593256 0.047736 0.037201 -0.002599 0.186567 4.449805 44.684014 8.34998 70.814309 6.741273 61.636682 5.885613 50.081096 -0.006723 0.605166 0.000331 0.704708 0.000266 0.002296 0.002747 0.003321 0.000845 -0.286036 0.000566 -0.263251 6.591168 70.320414
66.18603 337.914064 136.766415 1632.91584 142.625012 1468.489702 140.654112 1557.734734 131.483702 1201.313714 114.350612 1208.510056 -74.839909 359.057788 -113.847953 1653.273152 -64.652031 2703.171384 -56.200059 3330.831532 -36.44821 3007.72649 -30.157108 2790.670268 306.385449 -407.344225 1.057731 0.973391 3.671068 0.054698 8.131687 41.99468 9.314936 82.229386 7.133431 85.605016 6.326365 70.716083 0.022923 0.461613 0.780739 0.352371 0.30516 0.113371 0.403041 -1.5e-05 0.150548 0.000967 0.262572 1.8e-05 5.211372 85.030459
69.553034 324.345586 144.286829 1503.431982 201.000695 1765.645254 231.957439 2020.013521 208.732791 1769.250156 178.967063 1732.658409 -70.938705 355.130463 -107.87653 1599.416214 -59.99547 2691.692937 -53.821831 3319.502649 -33.182294 3038.840329 -26.805836 2828.373298 408.363069 -170.647773 0.041766 -0.139011 0.100634 -2.674005 4.994778 13.680409 11.359464 29.99109 8.886084 54.796749 7.205857 47.081313 0.05221 -0.010798 0.080425 -0.445903 0.08701 -0.012211 0.025707 -0.009649 0.076634 0.080052 0.098667 0.126493 7.312295 50.687968
67.36105 334.341455 125.492384 1488.510024 279.404345 2237.862542 370.545845 2520.417066 375.280438 2357.205018 316.341131 2324.069429 -65.385354 358.478846 -97.101802 1603.362561 -54.32166 2704.895924 -50.972644 3256.655173 -30.503915 2976.241724 -24.602729 2809.974347 619.770545 -36.046653 -0.017548 0.07585 -0.655463 -0.037211 6.441043 27.946766 16.155724 27.659132 24.251375 42.101935 19.431558 43.341019 0.113159 0.007856 0.283384 0.002431 0.140889 0.016151 0.038739 -0.300319 0.056346 -0.325739 0.047229 -0.03002 21.969806 49.834221
64.647095 343.547885 128.840155 1501.91835 300.02074 2400.159318 393.483197 2735.067136 397.441652 2582.940379 335.888351 2526.625878 -70.291327 358.355396 -103.266282 1646.673633 -56.940792 2805.905632 -50.749179 3392.661277 -31.17039 3081.636642 -25.879238 2902.36366 651.218524 -21.994734 -0.027901 0.062519 0.022034 0.03006 0.36689 2.840469 0.344385 4.385313 0.317851 5.160079 0.292979 4.231045 -0.088727 -1.1e-05 -0.09485 0.288602 -0.030832 0.925802 0.000245 1.39109 -0.003601 0.916899 -0.016142 0.747185 0.389117 1.72668
66.972846 337.437612 135.525965 1484.493692 335.189694 2577.617373 444.028944 2908.58146 457.042015 2837.172859 386.909982 2794.069089 -70.520938 363.156288 -100.725376 1677.947841 -57.657223 2832.505848 -52.693764 3395.257612 -33.025433 3096.765473 -27.377664 2917.063771 735.782815 -5.680932 0.02055 -0.027413 0.084555 -0.050834 0.974326 3.164201 1.526666 2.667985 2.081101 5.965719 1.803033 6.725729 -0.000187 0.015973 0.015825 0.147099 -0.002239 0.062746 -0.018279 0.000497 -0.026808 0.018523 -0.021084 0.018567 2.580307 5.319406
70.250655 337.149385 143.535256 1493.753166 369.849264 2686.441856 481.590729 3009.327148 504.206587 2947.397585 429.379991 2905.543536 -68.266594 367.010113 -99.401205 1682.36486 -55.471235 2836.667129 -50.253723 3403.373171 -32.043702 3103.881352 -26.372416 2920.781565 790.467879 -2.023644 0.039154 -6.2e-05 0.11496 0.014394 0.852444 1.124991 0.762445 0.857603 1.157784 1.050259 1.105565 1.090227 0.01831 0.01017 0.004381 0.002903 0.021122 0.001527 0.028921 0.004844 0.007406 0.004083 0.009401 0.001184 0.979989 0.923372
68.702291 360.756887 164.293018 1613.285014 403.643978 2873.925376 507.694567 3249.319628 498.247561 3219.254541 450.152131 3173.179516 -68.107667 367.857417 -98.901587 1759.242146 -56.690949 2950.697218 -52.805236 3507.60862 -33.312034 3210.481851 -27.165006 3051.459827 789.223249 0.005985 -0.008627 0.39939 0.700676 2.300125 0.738616 3.161668 0.344455 4.603038 -0.017712 5.995323 0.245325 5.89464 9.3e-05 0.000488 0.000629 0.858735 -0.006632 1.123493 -0.03159 0.786115 -0.012308 0.899891 -0.005867 1.429853 -0.00049 2.249727
68.942061 359.824294 161.130554 1594.038947 401.1299 2823.039253 512.781296 3198.154529 525.140374 3125.430934 454.780459 3072.255397 -69.985579 355.715577 -100.983187 1704.383246 -55.940034 2848.970453 -51.859138 3382.043219 -31.340203 3076.092262 -25.656943 2932.112786 813.058098 0.19627 0.000209 -0.000603 -0.015367 -0.057745 -0.003927 -0.227266 0.012678 -0.203018 0.353409 -0.693758 0.011836 -0.815503 -0.012769 -0.10188 -0.010839 -0.434471 0.002503 -0.892218 0.004276 -1.144323 0.030076 -1.436603 0.021532 -1.190353 0.177288 0.133709
69.328032 364.750745 157.129509 1603.289529 388.680253 2856.856973 510.817167 3235.83689 521.270841 3160.32226 445.019969 3107.023551 -69.115932 361.449275 -101.620595 1724.333821 -55.161672 2876.180454 -50.972219 3413.06 -30.843832 3110.360804 -25.389153 2961.006764 805.712705 0.199036 0.000539 0.016748 -0.025151 0.013382 -0.098127 0.100675 -0.001884 0.110349 -0.007155 0.096839 -0.052939 0.097814 0.002718 0.022921 -0.001003 0.058043 0.002727 0.064661 0.003825 0.07079 0.001981 0.094912 0.000702 0.070834 -0.016665 1e-05
65.572879 367.134703 147.8751 1612.489804 371.101721 2938.092574 493.18014 3347.743266 502.022688 3283.867719 425.023916 3221.894975 -69.746288 363.090979 -105.186848 1717.050905 -57.905102 2874.842513 -53.139099 3428.913961 -32.739115 3120.435919 -27.3252 2960.723947 791.166003 2.085652 -0.052275 0.003883 -0.14043 0.013161 -0.203378 0.569422 -0.154925 0.95115 -0.181045 1.184391 -0.229813 1.042558 -0.001431 0.00186 -0.030751 -0.007706 -0.033288 -0.000156 -0.022552 0.018368 -0.028254 0.008146 -0.035565 -7e-06 -0.066258 0.996092
68.913855 371.644915 156.80989 1624.761184 381.466467 2981.867593 504.618227 3421.426199 512.850944 3364.792905 434.833725 3290.420487 -66.558723 372.306955 -105.42319 1709.257246 -55.769111 2883.48772 -51.527058 3447.152096 -30.252893 3144.504644 -25.131942 2986.534197 792.224086 3.728576 0.041505 0.013767 0.131033 0.023259 0.071378 0.161849 0.065561 0.401034 0.057768 0.492515 0.05596 0.360538 0.037277 0.057749 -0.000133 -0.008864 0.02007 0.00649 0.012415 0.024188 0.049083 0.046234 0.045871 0.056007 0.000354 0.236948
69.467162 372.158264 156.712874 1623.187406 378.303309 2965.619694 503.022402 3404.914807 507.240058 3337.591431 429.057321 3261.759709 -66.085303 374.357962 -104.675865 1711.85604 -55.181373 2902.196363 -50.807071 3491.557706 -29.865192 3183.091122 -24.762162 3025.237481 783.26635 1.830613 0.001106 0.000177 -1.5e-05 -0.000381 -0.006585 -0.022194 -0.001264 -0.019969 -0.015431 -0.055199 -0.019312 -0.062685 0.000845 0.002817 0.001329 0.000987 0.001557 0.030248 0.002533 0.142093 0.00125 0.117654 0.00137 0.124586 -0.025466 -0.334027
71.138248 381.67185 152.190225 1621.537823 353.792931 2974.79098 467.539845 3420.779493 471.566735 3358.403412 398.845886 3272.637809 -66.1327 375.531275 -97.1149 1706.438574 -53.037389 2935.795264 -49.260312 3517.005648 -29.809485 3238.431879 -24.135922 3064.551235 738.502023 1.091005 0.009931 0.060035 -0.03311 -0.000419 -0.410415 0.00708 -0.648816 0.018437 -0.650286 0.032343 -0.551414 0.009055 -8e-06 0.000918 0.141702 -0.004293 0.02124 0.096685 0.011955 0.046201 2.6e-05 0.238468 0.00401 0.1269 -0.658536 -0.095166
69.322673 378.523378 145.356167 1595.216184 344.593465 2946.575716 457.24337 3397.880652 458.310783 3357.396245 386.188808 3261.166397 -67.747384 375.63362 -101.48947 1692.531889 -56.907559 2934.918181 -52.836773 3515.080852 -34.076894 3238.464441 -28.355323 3047.569918 742.330137 1.072333 -0.011734 -0.00652 -0.078493 -0.107692 -0.060592 -0.067223 -0.057322 -0.03845 -0.094491 -7.6e-05 -0.102041 -0.01007 -0.009737 7e-06 -0.048184 -0.028449 -0.068138 -6.6e-05 -0.062661 -0.000263 -0.142684 0.0 -0.169859 -0.02359 0.004948 -8.1e-05
67.524199 378.994574 142.219556 1609.667699 346.189267 3030.989515 459.557799 3445.073336 467.009778 3439.077454 394.003954 3357.171069 -74.156551 371.798905 -107.671527 1698.25024 -59.36551 2943.727886 -55.298503 3524.90898 -35.21936 3273.300026 -29.648031 3078.382302 758.726977 2.047438 -0.011818 0.000147 -0.017106 0.032583 0.001843 0.596066 0.002921 0.162735 0.040891 0.490847 0.039143 0.696352 -0.144811 -0.009837 -0.09138 0.004822 -0.025983 0.006601 -0.028025 0.00686 -0.009418 0.09318 -0.014407 0.077491 0.089558 0.156303
68.395487 384.513749 149.714861 1622.725889 352.554275 3039.293779 466.734169 3493.72971 468.580752 3464.747056 395.437546 3370.730627 -71.38792 366.849469 -101.747536 1691.673987 -56.440983 2928.684537 -53.054623 3494.746551 -33.31513 3236.000657 -27.452814 3057.557072 751.782487 3.905547 0.002793 0.019949 0.096235 0.026376 0.028991 0.00568 0.0278 0.170597 0.001319 0.047722 0.001302 0.013664 0.026336 -0.016582 0.083805 -0.006379 0.036933 -0.019268 0.023237 -0.064802 0.02646 -0.106867 0.042213 -0.03534 -0.015964 0.297416
69.63657 386.793451 152.078771 1627.482745 353.889354 3018.418028 468.260826 3467.527362 470.321617 3427.712717 397.141907 3339.480443 -69.569886 366.775039 -96.530218 1687.106674 -55.178894 2915.342055 -52.466639 3479.739077 -32.424067 3224.337478 -26.249937 3052.348225 749.725359 3.109655 0.00558 0.003369 0.009258 0.003481 0.001262 -0.035971 0.001246 -0.049313 0.001614 -0.099497 0.001833 -0.072768 0.011725 -4e-06 0.068654 -0.003087 0.007135 -0.015231 0.001638 -0.016146 0.006039 -0.010528 0.013473 -0.00222 -0.001409 -0.045294
66.258301 377.958029 144.418024 1618.193699 346.966456 3042.722363 458.681672 3483.840687 464.289203 3458.355847 389.995601 3368.570566 -73.468204 364.778749 -112.673862 1688.366766 -59.748081 2924.948821 -53.454359 3502.033296 -33.619915 3212.506503 -28.686692 3027.683322 747.783998 4.531831 -0.041997 -0.051041 -0.098984 -0.013293 -0.034192 0.048729 -0.049497 0.019142 -0.019468 0.068182 -0.032441 0.063076 -0.053132 -0.002724 -0.623808 0.000235 -0.090865 0.007901 -0.004605 0.035595 -0.010827 -0.010873 -0.054069 -0.050029 -0.001258 0.133509
69.156125 388.578731 142.972598 1652.50231 346.327686 3032.590114 458.832572 3455.413142 465.040837 3413.703887 392.558558 3330.238161 -72.436324 371.433287 -107.627496 1719.141781 -59.551697 2927.849155 -54.137703 3497.886088 -34.387653 3218.184943 -29.015202 3036.285213 752.344784 2.882736 0.03101 0.073581 -0.003635 0.179948 -0.000294 -0.008449 1.2e-05 -0.058229 0.000304 -0.145067 0.004197 -0.109675 0.003649 0.030075 0.057805 0.138976 0.000162 0.000719 -0.00217 -0.001229 -0.004334 0.002507 -0.000935 0.006101 0.006933 -0.185716
69.415109 394.049269 146.579371 1667.983247 352.995139 3024.211106 466.624206 3430.65373 470.450373 3370.820947 398.693771 3303.174606 -70.426768 371.219883 -103.852098 1722.178197 -58.908294 2931.839743 -54.733496 3513.708439 -33.252546 3254.394952 -27.361729 3080.669225 753.852253 1.023065 0.000242 0.01912 0.022465 0.036088 0.031785 -0.005796 0.0328 -0.044512 0.015641 -0.135526 0.023786 -0.055208 0.014134 -3.1e-05 0.033702 0.00134 0.001747 0.001359 -0.00163 0.017852 0.009525 0.101287 0.024252 0.161025 0.000754 -0.471138
67.410713 406.39514 144.81168 1665.885044 342.937327 2988.70496 455.721308 3418.205128 455.716218 3351.715974 385.132053 3274.57077 -68.903563 382.060297 -100.313336 1724.568962 -59.865209 2922.824219 -56.070418 3499.799472 -34.133354 3216.818698 -28.008938 3056.669564 739.289932 1.385331 -0.014682 0.095216 -0.005362 -0.00066 -0.072683 -0.104832 -0.064443 -0.011313 -0.117208 -0.027148 -0.117331 -0.062193 0.008326 0.078006 0.030671 0.000829 -0.003855 -0.006941 -0.008066 -0.013792 -0.005757 -0.109098 -0.003783 -0.046925 -0.071013 0.027402
67.257136 407.190016 145.404175 1653.215957 341.282095 2950.961424 454.312305 3394.327235 450.437348 3326.430495 380.126082 3242.846289 -66.804957 381.486956 -99.926152 1727.924567 -57.479402 2941.838935 -53.526767 3520.584498 -32.083258 3241.288517 -26.374069 3074.134204 722.949371 0.551901 -8.8e-05 0.000388 0.000605 -0.024179 -0.002002 -0.119922 -0.001091 -0.041846 -0.015376 -0.047869 -0.016374 -0.077212 0.016227 -0.000215 0.000374 0.001631 0.024256 0.030825 0.029522 0.030769 0.031744 0.046358 0.024579 0.024876 -0.091306 -0.188443
]