01-30-21_Raj_4K+Depth.monkey_in_orange_flowers.0000000007 [ 49.832033 195.535439 94.772084 1135.31871 219.921628 2539.859984 282.709173 2887.137944 302.675878 2937.274587 255.669075 2886.040809 -43.770264 161.879933 -126.424163 977.14988 -34.143698 1598.190486 -19.427486 1955.196802 -8.912115 1685.387968 -10.518282 1620.552939 415.462574 172.742444 0.0 0.0 0.0 0.0 0.0 0.0 0.0 0.0 0.0 0.0 0.0 0.0 0.0 0.0 0.0 0.0 0.0 0.0 0.0 0.0 0.0 0.0 0.0 0.0 0.0 0.0
45.103309 188.515395 89.139351 1105.293056 215.255843 2478.9424 283.47677 2805.642319 301.662357 2849.90842 252.77108 2807.258385 -47.079595 161.695172 -132.527982 977.490131 -35.521701 1603.163517 -20.535435 1969.50189 -9.148776 1727.598026 -10.859705 1659.714916 415.879516 139.715932 -0.117842 -0.064165 -0.086278 -0.201191 -0.025013 -0.369719 0.00052 -0.58336 -0.00085 -0.659499 -0.008259 -0.545112 -0.060293 -5.3e-05 -0.071947 3e-05 -0.01363 0.003863 -0.015362 0.02607 -0.001551 0.261026 -0.002727 0.233779 0.000105 -1.750336
44.943731 193.690744 90.88468 1117.03302 219.453752 2485.901084 291.526389 2821.499068 309.296913 2860.029678 257.930896 2810.232808 -46.906717 165.357069 -128.394959 1001.287763 -37.762752 1613.496656 -23.73476 1981.826575 -11.528049 1736.537724 -12.823172 1668.886011 440.250087 139.416102 -0.000141 0.035041 0.008461 0.03101 0.02027 0.004877 0.056347 0.022341 0.047703 0.00897 0.026066 0.000787 0.000159 0.020501 0.032736 0.143105 -0.034274 0.016597 -0.115756 0.019221 -0.137347 0.011535 -0.081533 0.012634 0.346936 -0.000161
43.084339 193.849882 87.141767 1112.471374 214.537957 2456.152983 283.612466 2769.2053 305.693498 2799.701171 255.807287 2759.392093 -47.44753 165.178224 -128.397796 1003.065614 -38.587118 1617.05547 -24.8331 1984.234527 -12.139597 1733.919759 -13.49609 1665.837362 439.668984 127.054385 -0.01964 3.3e-05 -0.039351 -0.004667 -0.027841 -0.089533 -0.05445 -0.244575 -0.010557 -0.321538 -0.004389 -0.232047 -0.00155 -4.8e-05 -0.0 0.000788 -0.004451 0.00196 -0.012421 0.000731 -0.007902 -0.000987 -0.008604 -0.001394 -0.000192 -0.286888
45.146592 192.833045 91.331802 1105.669396 219.825203 2433.161552 286.280057 2741.273561 309.511948 2755.24598 260.433963 2719.273661 -46.469107 165.423528 -124.6055 1003.055231 -37.027109 1616.798298 -23.312203 1976.672396 -11.13948 1722.236326 -12.503007 1654.748698 438.087403 120.793327 0.024104 -0.001337 0.049192 -0.010429 0.03218 -0.054058 0.006243 -0.070791 0.01185 -0.177886 0.020733 -0.146889 0.005097 9.1e-05 0.028423 -0.0 0.016094 -1e-05 0.024028 -0.007219 0.021493 -0.019748 0.018973 -0.018515 -0.001425 -0.079095
44.136817 191.890213 90.23403 1100.747163 212.154503 2427.24169 277.145302 2751.910259 295.490581 2769.258622 248.339512 2722.85951 -46.829799 166.140477 -125.373293 1012.13894 -37.292531 1618.732268 -23.521837 1980.744111 -11.281092 1724.752136 -12.68029 1656.802272 422.243858 123.068194 -0.00571 -0.001155 -0.003319 -0.00549 -0.06811 -0.003605 -0.074055 0.010298 -0.162499 0.017771 -0.143774 0.001181 -0.000697 0.000775 -0.001179 0.020473 -0.000474 0.000578 -0.000469 0.002095 -0.000447 0.000918 -0.000624 0.000637 -0.145897 0.010611
43.191643 192.113043 89.360479 1100.288423 211.64866 2434.325686 276.427754 2748.579997 296.053146 2771.430216 249.196701 2731.876059 -46.431977 166.09761 -126.548915 1013.151043 -36.981642 1620.148897 -22.66146 1984.274885 -10.718976 1726.428381 -12.335345 1658.59276 419.437764 123.078245 -0.005115 6.5e-05 -0.002124 -4.8e-05 -0.000302 0.005161 -0.000465 -0.001008 0.000268 0.000426 0.000738 0.007452 0.000848 -3e-06 -0.002743 0.000253 0.000651 0.00031 0.008015 0.001572 0.007182 0.000407 0.002378 0.000483 -0.004678 0.0
42.991236 190.384349 89.499141 1093.269996 211.396225 2435.433621 276.641454 2753.958994 294.811871 2785.950756 247.948542 2744.380192 -46.445097 166.007054 -126.272009 1014.486175 -40.135311 1610.89447 -26.299982 1960.855516 -13.463089 1706.524014 -14.712175 1642.427908 434.276207 131.607027 -0.000233 -0.003906 5.4e-05 -0.011228 -7.5e-05 0.000126 4.1e-05 0.002629 -0.001304 0.01897 -0.001567 0.014276 -1e-06 -1.2e-05 0.000152 0.00044 -0.064511 -0.013253 -0.135384 -0.069512 -0.156202 -0.057704 -0.104636 -0.039579 0.128964 0.142844
43.327404 184.818674 91.717219 1086.082298 215.760197 2427.496589 281.409827 2748.741868 298.340567 2781.133393 251.149622 2737.268943 -47.687482 166.155996 -126.610275 1016.755542 -43.451747 1587.447232 -28.916398 1918.049405 -15.892695 1660.889435 -17.081598 1603.651841 451.949427 143.578891 0.000655 -0.041282 0.013575 -0.011853 0.022292 -0.006477 0.020372 -0.002473 0.010496 -0.002084 0.010266 -0.004613 -0.008199 3.3e-05 -0.000226 0.001268 -0.065818 -0.085948 -0.062024 -0.236203 -0.100715 -0.30923 -0.088413 -0.231608 0.176238 0.260539
44.598153 182.518186 93.080879 1091.590135 219.672698 2442.07504 286.173569 2762.183796 305.003266 2794.044199 256.90124 2751.104235 -47.913887 165.855108 -125.470685 1021.351027 -46.153491 1539.418808 -30.936059 1845.54035 -18.275702 1581.379689 -19.365219 1531.403148 472.599414 171.404503 0.009183 -0.007204 0.005031 0.006965 0.017578 0.021822 0.019991 0.016393 0.036789 0.014949 0.032558 0.017438 -0.000268 -0.000136 0.002576 0.005181 -0.04074 -0.368878 -0.034085 -0.698542 -0.0832 -0.97505 -0.071612 -0.832612 0.23064 1.231464
44.214703 182.313548 93.030971 1089.312461 218.440291 2444.222195 284.712379 2777.938166 300.021153 2812.448854 251.947399 2761.646892 -47.989625 167.493004 -125.677074 1036.808888 -50.355564 1516.036547 -34.477295 1789.291579 -22.25117 1530.017013 -22.800593 1489.262095 485.683726 193.685518 -0.000828 -5.7e-05 -7e-06 -0.001189 -0.001733 0.000472 -0.00187 0.0224 -0.020513 0.030209 -0.024114 0.010081 -3e-05 0.004024 -8.5e-05 0.058049 -0.091524 -0.089469 -0.095925 -0.435249 -0.195457 -0.423974 -0.140178 -0.293967 0.08933 0.680526
44.443525 179.135032 93.856283 1071.592846 220.213331 2416.66611 286.173166 2759.121265 302.10985 2791.162435 253.862517 2735.68344 -47.75608 166.021262 -122.056418 1036.346978 -53.9809 1460.569322 -39.253206 1698.249012 -27.170257 1445.106843 -26.844487 1411.81034 510.480572 219.540293 0.000295 -0.013976 0.001822 -0.072652 0.003583 -0.078108 0.001869 -0.031973 0.003623 -0.04043 0.003626 -0.061312 0.000285 -0.003247 0.02646 -5.1e-05 -0.063003 -0.516844 -0.154843 -1.18854 -0.245416 -1.211917 -0.164974 -1.034073 0.308673 0.809636
45.128291 181.986784 94.459816 1074.462594 221.05734 2420.135468 287.599582 2766.198441 306.161803 2797.143067 257.773355 2742.016969 -48.416071 168.577798 -121.74922 1039.40667 -59.290998 1423.124926 -43.935609 1634.23818 -31.698829 1380.400302 -30.929562 1358.104328 534.888251 247.567728 0.002618 0.01126 0.000967 0.001919 0.000807 0.001244 0.001773 0.004532 0.013496 0.0032 0.014947 0.003662 -0.002265 0.009767 0.000194 0.002255 -0.124535 -0.243116 -0.131882 -0.614821 -0.174441 -0.741015 -0.144604 -0.520703 0.284979 0.84161
45.727599 187.237136 96.183612 1077.436153 222.891312 2363.219994 289.620719 2727.361875 307.31679 2741.796933 258.917821 2673.525966 -48.350813 173.616953 -111.449784 1048.942306 -64.964646 1406.6347 -54.475878 1608.213113 -42.174598 1359.950301 -38.384817 1333.71746 577.183829 239.774907 0.001977 0.037332 0.007793 0.002054 0.003788 -0.338621 0.003539 -0.137279 0.001087 -0.276521 0.001267 -0.433124 2.2e-05 0.037105 0.227553 0.021771 -0.1296 -0.048048 -0.566081 -0.104445 -0.746541 -0.076306 -0.402099 -0.11047 0.804608 -0.062309
45.202918 184.510398 100.695229 1025.155943 228.044722 2198.429467 295.496524 2555.176444 307.502705 2562.123577 258.647906 2495.097242 -49.549473 171.576927 -113.686471 1014.698625 -75.598057 1385.622899 -67.844803 1586.783778 -53.669678 1354.001368 -48.671471 1327.011888 618.104835 191.010811 -0.001514 -0.01 0.0517 -0.650065 0.029448 -2.977518 0.029503 -2.806956 2.8e-05 -3.044143 -7e-05 -3.080733 -0.007338 -0.006028 -0.011111 -0.284136 -0.40278 -0.079058 -0.732767 -0.071866 -0.691828 -0.00652 -0.609877 -0.00845 0.700676 -2.768898
45.746948 190.694859 105.711147 991.512246 232.580963 2071.677154 303.002614 2411.126634 307.592286 2408.651799 257.595963 2340.064943 -50.934693 177.913602 -117.157704 1017.388727 -95.017402 1387.474152 -90.456455 1576.893817 -75.220728 1351.051072 -67.4648 1328.832269 687.032117 151.816179 0.001627 0.050972 0.060955 -0.280655 0.022337 -1.88165 0.047071 -2.089554 7e-06 -2.369771 -0.001072 -2.486079 -0.009548 0.05745 -0.0261 0.001781 -1.108751 0.000618 -1.62324 -0.015459 -1.814488 -0.001609 -1.530668 0.000624 1.821375 -2.247886
45.807601 187.825562 109.210464 924.181684 240.377977 1904.269312 316.408028 2200.548365 315.131518 2201.327415 263.667159 2158.034799 -51.328596 182.940545 -120.215771 931.562151 -118.938473 1381.35604 -121.310813 1602.399437 -98.282705 1396.884842 -87.730604 1370.763798 765.39137 91.076161 2e-05 -0.010875 0.02849 -1.183593 0.064274 -3.52593 0.145078 -4.81022 0.04564 -4.664355 0.035357 -3.684728 -0.000759 0.035016 -0.019699 -1.890703 -1.341438 -0.006759 -2.259787 0.10231 -1.539523 0.382265 -1.328869 0.325671 2.115308 -7.717216
48.337178 175.324685 121.284489 854.888906 247.701482 1773.079842 322.936813 2108.063402 304.744852 2114.668861 255.976052 2052.828083 -52.851244 175.832209 -145.759231 804.80628 -166.998056 1359.68171 -184.785696 1612.959917 -150.083754 1456.545848 -132.870398 1420.471756 882.553992 61.165052 0.03399 -0.215225 0.316454 -1.34995 0.054947 -2.340838 0.033336 -0.992716 -0.087026 -0.870073 -0.05692 -1.314479 -0.011128 -0.070425 -1.229401 -4.632805 -4.067809 -0.085695 -6.653673 0.017342 -5.462055 0.62378 -4.667677 0.442649 4.170184 -2.967262
49.405415 173.447982 127.03255 812.752542 244.219701 1626.133097 315.86955 1936.131898 290.570233 1921.719318 245.709529 1862.562863 -53.766267 168.252147 -153.899309 715.825355 -217.982178 1342.081919 -259.005585 1620.462721 -219.771741 1510.422669 -189.875938 1463.106903 1015.749239 24.73334 0.005838 -0.005049 0.066537 -0.532416 -0.012322 -3.177713 -0.039095 -3.656328 -0.168775 -4.614375 -0.105058 -4.625624 -0.003927 -0.083503 -0.110581 -2.605626 -3.390926 -0.057325 -6.250301 0.008705 -6.624616 0.489212 -5.074232 0.315208 4.678616 -8.10852
53.213381 170.188536 141.813541 738.227334 256.844208 1464.483382 327.147534 1773.172707 291.489753 1749.297174 247.266587 1705.440047 -53.756871 157.80274 -160.028408 650.225809 -246.676743 1312.593095 -309.802065 1593.103846 -254.981526 1535.378 -219.046269 1495.531665 1091.721688 6.973298 0.070677 -0.015459 0.406632 -1.791518 0.159065 -4.230309 0.098911 -3.581335 0.000726 -4.051441 0.002459 -3.461258 0.0 -0.167484 -0.059838 -1.575997 -0.886849 -0.16379 -2.27269 -0.116463 -1.307456 0.102236 -1.041755 0.177683 1.369815 -5.440846
51.590615 168.184117 144.609122 696.577669 261.986657 1405.454837 333.295235 1710.727731 295.458615 1696.185367 252.935522 1642.364137 -53.919126 151.549265 -162.312032 576.366315 -271.467491 1310.066232 -345.983354 1626.534759 -289.92379 1620.181286 -247.613215 1562.839332 1170.738642 0.87104 -0.012564 -0.005937 0.013643 -0.604633 0.025486 -0.60711 0.028613 -0.559673 0.013419 -0.409381 0.032125 -0.594259 -0.000122 -0.063213 -0.008089 -2.225752 -0.5934 -0.001217 -0.998866 0.173569 -1.121497 1.139718 -0.875195 0.740733 1.380264 -2.915231
51.791126 166.060739 144.534803 668.559562 256.843635 1329.673267 323.775188 1626.612165 283.648603 1606.389117 244.295435 1564.990464 -56.713749 150.836372 -177.120251 558.300806 -278.345968 1290.506764 -353.942056 1605.919963 -287.069651 1604.964191 -246.515845 1549.208559 1141.426255 0.000316 0.000194 -0.006745 -1e-05 -0.287552 -0.025491 -1.050033 -0.06897 -1.060209 -0.120436 -1.220996 -0.075072 -0.93341 -0.035302 -0.00084 -0.323169 -0.143823 -0.043028 -0.073557 -0.04525 -0.065736 0.007059 -0.035899 0.001219 -0.029852 -0.185811 -0.838168
52.799605 173.021994 149.223199 685.887418 257.842166 1368.440369 322.927281 1661.585939 279.11748 1628.303049 240.486758 1592.616418 -54.25315 152.702655 -171.644234 566.001908 -247.080293 1313.508217 -312.692261 1615.061659 -248.321759 1598.795545 -212.686331 1548.655882 1053.978673 0.134906 0.004862 0.071464 0.037416 0.110845 0.000969 0.278522 -0.000556 0.185998 -0.018242 0.074231 -0.014962 0.120852 0.027284 0.005737 0.042993 0.026375 0.931062 0.101589 1.277445 0.012973 1.403992 -0.005939 1.247809 -4.9e-05 -1.742302 0.122161
52.083697 179.855331 142.060163 704.388961 221.982881 1400.525298 271.96248 1692.811692 229.809436 1666.368959 198.270317 1627.208876 -55.159414 153.268777 -176.143436 559.059044 -229.593803 1316.583566 -282.234235 1630.121392 -220.27357 1611.486377 -188.987157 1555.356575 900.064982 0.459494 -0.002443 0.066169 -0.088087 0.123113 -1.341832 0.185896 -2.187123 0.145342 -2.394269 0.21991 -2.035719 0.185829 -0.003753 0.000524 -0.029103 -0.021423 0.320848 0.001798 0.78018 0.034944 0.840178 0.025085 0.699748 0.007232 -6.071073 0.09645
55.961435 186.039395 134.367088 707.879525 212.175513 1421.392275 233.02104 1700.850242 188.168644 1690.0593 163.681782 1647.302315 -55.783266 153.542149 -172.031543 581.898765 -199.193174 1343.845304 -236.662796 1671.973761 -178.725857 1628.332873 -153.422745 1560.428317 733.667468 0.574146 0.069608 0.052263 -0.107071 0.004314 -0.110785 0.077153 -1.503709 0.00952 -2.079391 0.083607 -1.656449 0.06165 -0.001754 0.000122 0.024281 0.228626 1.079047 0.139681 2.004999 0.265239 2.169072 0.0438 1.851957 0.004128 -8.495979 0.006378
54.60406 189.145908 114.365654 795.385094 155.019213 1507.472446 189.666968 1817.64181 160.858443 1754.229188 131.828804 1686.176966 -49.863468 148.073549 -161.048322 592.702029 -172.902058 1344.55531 -199.893696 1670.894003 -149.09537 1605.876252 -127.96658 1532.722237 619.684335 3.276583 -0.008332 0.012861 -0.805495 2.549026 -4.475655 1.265234 -2.229239 1.938903 -1.070106 0.59782 -1.721726 0.226684 0.165985 -0.04958 0.181134 0.049682 0.929987 9.4e-05 1.5512 -0.000174 1.341838 -0.077964 1.153824 -0.124087 -4.808534 1.107566
54.461053 192.804077 104.719655 825.619893 124.687617 1505.801117 155.253885 1820.609077 134.510146 1731.274008 105.803152 1659.564852 -53.629295 150.577342 -164.722893 607.034869 -164.674396 1340.512383 -186.560965 1659.057891 -137.138689 1583.600465 -119.078013 1509.855646 543.284952 3.29097 -9.4e-05 0.017519 -0.212452 0.281993 -1.649453 -0.000464 -1.721007 0.00121 -1.177545 -0.075591 -1.429475 -0.105838 -0.068537 0.010496 -0.020725 0.085618 0.10028 -0.003044 0.230059 -0.021035 0.249839 -0.07779 0.159955 -0.085929 -2.51218 1.6e-05
54.563327 195.58595 104.865239 853.811704 118.75049 1514.516582 140.670725 1825.059168 116.669121 1719.93419 94.512829 1655.154121 -54.729086 149.90819 -159.381818 631.957235 -174.303891 1325.500451 -201.334457 1621.570706 -152.755618 1542.161586 -131.144376 1478.676817 536.421844 4.847589 4.8e-05 0.009963 5.1e-05 0.236638 -0.07241 0.012575 -0.359547 0.002716 -0.634417 -0.01863 -0.318429 -0.002935 -0.005581 -0.000745 0.044012 0.250682 -0.136802 -0.042265 -0.281436 -0.214187 -0.420956 -0.274694 -0.291105 -0.162646 -0.021813 0.15025
54.81943 197.678309 116.638992 818.993788 129.093042 1514.621894 147.162235 1844.198583 117.888577 1750.197989 97.494368 1676.641367 -56.187638 158.491217 -167.211177 654.073006 -187.698968 1336.402547 -215.205737 1644.102339 -168.971319 1555.27007 -146.175967 1489.081994 569.134857 5.752587 0.0003 0.005566 0.31313 -0.362391 0.215892 2e-06 0.073211 0.049917 0.00317 0.131971 0.02315 0.069288 -0.00959 0.11946 -0.093859 0.190176 -0.247912 0.022325 -0.231029 0.07773 -0.408912 0.027738 -0.407678 0.018241 0.484089 0.038703
53.253781 199.657217 112.626732 826.444743 126.683054 1514.628853 151.775275 1832.788385 122.321149 1748.316339 100.748947 1686.508625 -58.178652 149.485216 -159.921507 587.087286 -205.772333 1267.61681 -249.560404 1563.949363 -196.121894 1514.36581 -167.001445 1456.125724 628.216221 8.398517 -0.011341 0.004928 -0.035111 0.01687 -0.011354 0.0 0.035595 -0.017704 0.0409 -0.000506 0.026717 0.014475 -0.017332 -0.131707 0.08123 -1.808936 -0.415302 -0.908654 -1.271456 -1.001465 -1.010941 -0.272546 -0.693187 -0.184393 1.458526 0.249565
53.021329 200.51433 120.467901 825.644385 148.499316 1514.970334 176.18845 1837.074237 140.515241 1753.424674 117.780655 1694.943464 -58.167559 150.300997 -159.495163 580.267124 -212.379245 1241.932832 -264.774378 1524.880692 -207.841772 1488.318012 -175.694001 1443.164761 690.146051 10.858271 -0.000254 0.000918 0.131924 -0.000194 0.866152 1.9e-05 0.909904 0.002503 0.630473 0.003726 0.664718 0.01052 1e-06 0.00111 0.000285 -0.019923 -0.052199 -0.131435 -0.225063 -0.247087 -0.170046 -0.112982 -0.110262 -0.02897 1.455375 0.157744
53.389708 203.655232 120.578684 840.584118 149.801223 1539.343038 175.522679 1864.146244 139.482688 1773.026634 117.677372 1713.507997 -58.557841 152.567822 -157.363155 607.668858 -213.691599 1278.29255 -265.108122 1556.570472 -212.038184 1512.73865 -179.371325 1465.860508 695.472354 10.325822 0.000638 0.012205 2.5e-05 0.066978 0.002841 0.097246 -0.00063 0.099008 -0.001904 0.05448 -2.3e-05 0.050557 -0.000652 0.008483 0.007173 0.316075 -0.002021 0.262298 -0.000105 0.162954 -0.020971 0.099361 -0.019043 0.088536 0.010237 -0.006692
53.534791 204.726272 119.490933 854.166341 141.090818 1548.490286 163.724336 1879.278758 129.634031 1777.05739 109.284663 1707.028817 -59.045434 156.749588 -159.746833 626.255904 -197.557902 1303.763063 -231.993298 1605.678724 -183.416423 1538.398173 -157.177031 1477.418313 621.44637 8.60096 9.8e-05 0.001404 -0.002464 0.054427 -0.13044 0.013549 -0.205224 0.030586 -0.180272 0.002288 -0.155228 -0.006136 -0.001011 0.028269 -0.008959 0.14 0.316592 0.125629 1.104212 0.381337 1.037137 0.107898 0.732619 0.022693 -2.082202 -0.07876
53.610658 204.59436 118.277132 855.475442 135.725324 1542.156905 152.893998 1867.06648 120.750881 1751.831167 103.114064 1677.698322 -58.759708 156.644981 -159.282505 631.796318 -193.958611 1306.346101 -226.942985 1607.021293 -177.197681 1538.498234 -152.149932 1477.444889 590.501301 6.923147 2.7e-05 -2.1e-05 -0.003098 0.000501 -0.052004 -0.006489 -0.185287 -0.019905 -0.157628 -0.090166 -0.089653 -0.127085 0.000347 -1.7e-05 0.000338 0.0122 0.016545 0.001278 0.027789 0.000281 0.053625 2e-06 0.040852 0.0 -0.39513 -0.090933
53.770288 204.084589 116.063824 854.227487 127.468786 1530.848525 135.972991 1854.896836 104.500675 1736.609756 89.698415 1668.075752 -57.579178 158.166018 -154.164214 645.914061 -186.664536 1319.513761 -220.619861 1620.873522 -171.541795 1549.069443 -145.813134 1488.921224 543.82024 5.356588 0.000119 -0.000318 -0.010452 -0.000455 -0.129538 -0.020807 -0.496018 -0.019896 -0.58693 -0.033209 -0.467288 -0.013837 0.00599 0.003675 0.041791 0.077998 0.069896 0.033016 0.044668 0.029723 0.045867 0.018097 0.06739 0.0222 -0.960947 -0.100335
53.12259 197.401521 109.886534 827.71803 117.923786 1463.338323 129.582731 1771.553943 100.125197 1663.287121 84.85143 1601.266062 -58.446466 157.216713 -156.589931 681.588588 -185.342426 1332.215696 -214.883469 1609.950611 -171.58692 1517.64133 -146.616104 1461.52211 533.858444 3.336106 -0.001962 -0.055626 -0.084457 -0.208923 -0.185706 -0.761176 -0.076898 -0.957817 -0.046785 -0.790735 -0.06731 -0.682706 -0.003242 -0.001429 -0.009468 0.479435 0.002349 0.030422 0.037781 -0.018464 -3e-06 -0.161044 -0.001102 -0.127223 -0.046043 -0.238075
54.094338 194.450845 115.377049 813.597973 120.376657 1439.024254 131.847282 1747.352722 102.093477 1636.265007 87.010504 1576.288183 -55.970888 151.997045 -156.350674 647.118316 -185.925269 1288.928101 -215.493071 1578.278051 -170.842642 1495.109412 -146.315805 1434.805479 537.071838 3.183113 0.004404 -0.01111 0.066922 -0.060738 0.012624 -0.101845 0.009808 -0.083223 0.009579 -0.110652 0.013563 -0.098174 0.026784 -0.044058 9.1e-05 -0.447202 -0.000457 -0.357467 -0.000432 -0.157325 0.000809 -0.084258 0.000154 -0.123224 0.004821 -0.001795
51.384382 197.766898 117.219195 815.887632 118.385347 1411.066223 128.504936 1713.069831 98.769741 1624.637935 84.327572 1562.925811 -55.846232 148.190781 -148.025682 612.903186 -194.788942 1230.754077 -235.401476 1500.170224 -191.101602 1434.901209 -162.298288 1383.538974 564.644381 5.88891 -0.034818 0.014018 0.007295 0.001609 -0.008304 -0.137131 -0.021455 -0.169827 -0.027501 -0.020729 -0.021007 -0.028439 6.9e-05 -0.024132 0.11387 -0.464631 -0.103195 -0.671646 -0.439724 -0.991054 -0.567418 -0.618668 -0.414128 -0.466315 0.345082 0.412909
49.817349 194.322867 118.366411 743.603552 123.189296 1291.859938 135.107664 1568.819296 104.028263 1456.302683 89.448737 1409.457066 -55.963307 146.054853 -148.265163 575.910499 -197.245619 1156.393413 -241.048059 1401.719381 -196.299063 1346.18079 -166.632153 1307.408395 586.129008 2.164422 -0.012133 -0.015126 0.002793 -1.676123 0.04777 -2.629938 0.082703 -3.171691 0.068188 -4.602156 0.075476 -3.964559 -6.1e-05 -0.007752 -9.7e-05 -0.575696 -0.007697 -1.158464 -0.033461 -1.670525 -0.034867 -1.415513 -0.028552 -1.077135 0.200574 -0.913
47.521625 192.0159 122.281929 719.996656 127.221328 1252.043439 138.862216 1515.947198 107.21384 1397.636352 93.13431 1348.485033 -54.752106 142.846121 -146.351207 559.470922 -196.081412 1124.355823 -242.047605 1359.845015 -201.568542 1309.800025 -171.479738 1268.798269 602.795561 1.425195 -0.027076 -0.006888 0.031856 -0.190394 0.032463 -0.311618 0.025728 -0.45314 0.024021 -0.603044 0.037202 -0.674061 0.006625 -0.01782 0.006217 -0.119023 0.001723 -0.225026 -0.001034 -0.317495 -0.034897 -0.249178 -0.034752 -0.289345 0.116823 -0.076941
46.876065 193.248275 122.719378 733.780001 118.660483 1229.623703 120.634389 1498.806839 91.681432 1342.886253 82.357805 1302.269445 -54.942493 144.190619 -147.676712 565.036067 -194.102661 1062.212729 -237.074135 1287.419268 -194.648462 1216.431479 -165.927118 1186.834569 553.505115 3.125947 -0.002207 0.001971 0.000391 0.065342 -0.149076 -0.101274 -0.64098 -0.048726 -0.607417 -0.546953 -0.331191 -0.402912 -0.000165 0.003149 -0.002988 0.013771 0.005017 -0.883243 0.025814 -0.990923 0.060436 -1.726022 0.045692 -1.368266 -1.051047 0.329728
46.828575 193.892042 130.924608 740.424817 98.097366 1212.022075 86.050362 1464.393284 63.227411 1274.535915 60.079155 1238.825152 -55.738535 146.591206 -148.316334 605.726074 -191.558272 1063.009348 -230.379583 1265.44467 -187.486956 1144.072839 -160.843324 1120.615109 468.469411 3.521242 -1.2e-05 0.000535 0.132752 0.014975 -0.977583 -0.063445 -2.91397 -0.19984 -2.635673 -0.892589 -1.753097 -0.79214 -0.002863 0.009909 -0.000691 0.707307 0.008393 0.000149 0.04794 -0.094578 0.067112 -1.109298 0.039548 -0.950383 -3.543939 0.011764
46.318121 192.883538 130.081981 736.706941 92.073419 1145.388908 80.484932 1384.997513 58.659827 1184.929772 54.825918 1145.595079 -55.782198 158.069258 -139.334265 714.443881 -186.864349 997.956143 -215.777095 1137.525148 -186.543217 966.972675 -160.554084 961.739994 454.416742 11.066431 -0.001399 -0.001315 -0.00136 -0.004679 -0.095433 -0.941895 -0.093021 -1.106362 -0.085613 -1.63286 -0.120147 -1.82333 -9e-06 0.216294 0.14027 4.484146 0.029113 -1.02694 0.23903 -3.407245 0.001191 -7.441774 0.00013 -6.069604 -0.106995 2.102869
46.184919 192.414045 127.959905 695.191016 84.531144 1045.408724 73.856739 1280.534126 51.781604 1094.467194 48.439092 1049.450845 -56.130107 167.068311 -139.486066 777.152384 -178.625548 953.894763 -192.219053 1067.215194 -176.193593 867.876382 -155.291244 865.830868 419.010135 13.126063 -9.6e-05 -0.000286 -0.008726 -0.601975 -0.161128 -2.282558 -0.142389 -2.04777 -0.214394 -1.795805 -0.197698 -2.106596 -0.000541 0.12456 -4.1e-05 1.318753 0.092871 -0.497388 0.680698 -1.12139 0.147678 -2.677944 0.04385 -2.518344 -0.717944 0.087833
43.748342 185.138157 124.29285 651.758609 86.693047 824.359346 79.484207 991.636122 56.417521 839.077711 49.599246 821.883518 -56.065642 174.40471 -126.386568 785.111073 -157.487748 927.737892 -170.216764 1014.79337 -159.017145 822.895767 -139.831993 826.3553 404.869121 0.07878 -0.033013 -0.070114 -0.026656 -0.700421 0.013649 -13.112526 0.103296 -18.440988 0.099361 -16.940587 0.006865 -13.888426 1.9e-05 0.078819 0.322901 0.020272 0.665325 -0.181814 0.66846 -0.660056 0.440356 -0.598429 0.405174 -0.460509 -0.121367 -11.171053
40.467841 177.080352 141.016064 575.934959 84.143762 706.927864 76.094675 868.386732 51.310065 729.175163 48.179627 720.056633 -57.792719 167.870585 -137.079016 744.651469 -165.579878 871.619854 -177.764962 977.447643 -155.639427 798.488559 -139.371205 797.133626 385.676871 -1.573259 -0.063917 -0.089637 0.527582 -2.343711 -0.019022 -4.509438 -0.036928 -4.087886 -0.121143 -3.855704 -0.010306 -3.365904 -0.013099 -0.062375 -0.21706 -0.535137 -0.101361 -0.875312 -0.081875 -0.350065 0.01813 -0.183715 0.00038 -0.263006 -0.233001 -2.356147
40.222851 175.719126 151.498346 474.90038 84.23318 652.319316 73.290878 819.203952 45.908509 704.152957 45.921191 692.384369 -57.313586 170.557387 -141.742286 731.765727 -157.329211 829.40079 -157.666197 934.121917 -132.245567 750.698861 -120.821629 752.764192 333.989846 -0.744775 -0.000372 -0.002626 0.187877 -4.868359 2.4e-05 -1.097408 -0.026314 -0.716838 -0.150174 -0.218428 -0.027105 -0.271101 0.000997 0.010666 -0.038999 -0.056233 0.105424 -0.524016 0.602692 -0.491052 0.95208 -0.737289 0.662057 -0.635219 -1.858501 0.15311
45.281979 177.946358 215.311726 463.947251 88.399022 502.541661 63.650691 584.725344 38.640194 493.235339 42.516619 519.545482 -55.65046 175.753576 -180.20466 743.571208 -143.318609 800.269836 -129.788128 896.926564 -102.990992 715.39931 -98.896133 733.107031 267.799199 -20.593873 0.1498 0.007013 5.593404 -0.063895 0.050271 -9.753764 -0.339738 -19.719323 -0.312993 -18.722741 -0.065557 -12.387987 0.012243 0.038985 -2.305769 0.047234 0.326634 -0.260384 1.355038 -0.377826 1.826172 -0.425019 1.096703 -0.130032 -3.651224 -13.505945
48.244107 170.410997 254.4838 484.461683 87.170313 321.527366 57.642741 296.592841 38.326935 233.8431 41.973786 281.430925 -53.597522 170.243982 -212.811262 738.265878 -120.156242 786.858815 -92.190646 871.046632 -71.423328 693.968876 -73.539797 717.983036 214.391312 -122.132553 0.04692 -0.081509 1.635954 0.221893 -0.0043 -20.1265 -0.148885 -48.430795 -0.000637 -47.844515 -0.001744 -36.211958 0.019291 -0.04387 -1.35494 -0.009497 1.020089 -0.056662 3.207191 -0.189428 2.88054 -0.162942 1.874486 -0.078817 -2.966882 -42.423239
50.27219 161.475448 242.015336 469.63793 72.010421 169.006651 41.421895 115.101848 28.49833 89.289386 31.26527 133.013551 -52.033165 165.837223 -219.773243 718.812819 -93.88689 724.375455 -65.517674 795.328613 -45.708496 647.464371 -50.456449 682.259283 146.390364 -255.872498 0.020878 -0.12031 -0.156583 -0.115165 -0.723536 -24.314054 -1.337024 -42.16318 -0.726743 -34.136245 -0.787093 -27.486459 0.011584 -0.028892 -0.056026 -0.129862 1.618125 -1.292268 2.271945 -1.721155 2.857542 -0.806346 2.167563 -0.455776 -6.466437 -24.449616
51.969423 141.721707 238.879644 403.456709 56.073408 115.289738 28.832291 64.944999 20.278591 53.065781 22.71171 88.816064 -50.346766 153.546211 -232.952714 662.017816 -74.686172 671.933882 -44.627733 733.305226 -29.713301 615.893194 -36.096699 651.577389 99.085429 -307.390982 0.014088 -0.644177 -0.010223 -2.511906 -0.99536 -5.120942 -1.137238 -7.127335 -0.697571 -4.685838 -0.682037 -4.447555 0.01389 -0.236589 -0.191877 -1.168513 1.097065 -0.985129 1.999112 -1.258799 1.715615 -0.394542 1.199501 -0.35293 -4.60112 -2.360998
51.513411 130.993091 243.746555 358.007841 48.919789 74.909794 23.272793 30.111693 16.164781 26.92815 18.420312 56.467272 -50.780775 146.267286 -225.82 660.445421 -52.219889 600.788708 -24.676725 618.542806 -15.911662 516.691866 -21.468919 562.465182 64.151888 -307.708542 -0.001005 -0.211114 0.02454 -1.357544 -0.243986 -4.335813 -0.297442 -6.612272 -0.232932 -4.390669 -0.224478 -3.647171 -0.000931 -0.088373 0.055451 -0.000935 2.004442 -1.990063 2.933793 -4.880071 2.137585 -4.352808 1.889515 -3.274889 -3.781776 -8.2e-05
48.220719 121.665183 247.57373 303.577058 37.820316 64.636504 14.237717 26.645697 8.692169 26.796178 10.951963 55.564321 -51.742495 137.612626 -223.477855 668.917469 -38.894001 545.859577 -14.232072 532.585581 -9.36275 442.450316 -14.040287 493.531507 36.097379 -251.47618 -0.054368 -0.172248 0.014906 -2.242902 -0.713089 -0.37867 -1.104388 -0.105928 -1.14982 -0.000162 -0.965334 -0.003639 -0.004511 -0.131958 0.006105 0.026997 0.979759 -1.31642 1.428086 -3.213791 0.863192 -2.877617 0.785739 -2.252339 -4.005514 2.834585
43.331837 121.339503 234.504474 286.138683 33.049175 55.778325 10.919421 21.636025 7.221882 20.318765 9.404489 44.987657 -56.869391 136.708496 -224.074626 700.278328 -25.18794 533.783115 -5.02549 508.13974 -3.409798 413.523285 -7.001596 467.215765 20.556428 -250.514122 -0.130626 -0.000218 -0.177188 -0.25789 -0.160786 -0.326263 -0.219806 -0.260603 -0.068065 -0.447385 -0.058904 -0.557806 -0.121072 -0.00149 -0.000398 0.359201 1.482907 -0.067543 2.343292 -0.287147 1.47209 -0.488924 1.212166 -0.360474 -2.173235 0.000922
43.976272 118.027694 241.477361 259.554282 31.217995 64.458508 10.52441 28.23348 5.826576 30.831685 8.067177 59.503686 -55.69013 135.002238 -211.651695 718.797478 -20.080186 474.139389 -3.173305 415.608012 -2.095348 345.131744 -4.803621 401.658558 14.910115 -169.65305 0.002378 -0.022912 0.051077 -0.647938 -0.026093 0.313731 -0.003638 0.438329 -0.074816 1.092014 -0.051255 1.013202 0.006178 -0.005357 0.17713 0.120844 0.289085 -1.766254 0.211953 -4.646132 0.159227 -3.088983 0.206422 -2.4767 -0.452334 7.854258
41.865846 111.389574 229.233587 205.203031 20.090845 62.433823 3.57475 29.472775 1.4598 49.507274 3.610111 79.993249 -54.621239 132.833643 -191.711002 709.967395 -14.041939 408.116667 -1.359767 320.720195 -0.693942 275.654627 -2.310505 337.552477 4.166716 -91.521929 -0.025946 -0.096056 -0.159265 -3.189007 -1.221081 -0.016154 -1.831783 0.013309 -1.453491 2.200808 -0.884067 1.512977 0.005179 -0.008779 0.493197 -0.027286 0.538513 -2.473839 0.378578 -6.139512 0.37761 -3.900118 0.451156 -2.784959 -3.312794 11.960418
38.911437 120.152714 223.466449 196.370637 18.160862 92.536753 3.427486 69.047814 1.330952 80.953772 2.900646 114.561044 -54.451025 153.229227 -184.792421 755.572897 -17.198961 401.375736 -3.111873 309.408143 -1.82938 265.691417 -3.729128 326.304479 6.281111 -53.328143 -0.054046 0.165888 -0.036736 -0.097144 -0.048719 2.95185 -0.001549 8.29796 -0.002976 3.846662 -0.03877 3.095576 0.000133 0.728004 0.063573 0.709761 -0.159924 -0.028068 -0.357556 -0.101545 -0.269895 -0.091692 -0.168971 -0.095297 0.216189 5.126137
39.71662 123.607754 230.9989 205.111596 19.571458 103.803206 3.72517 80.758734 1.25112 84.626086 3.207874 119.170521 -52.143076 159.67821 -173.106052 790.005425 -19.500879 404.744401 -4.421472 328.21873 -2.692135 273.791979 -4.771161 331.049685 7.613779 -53.984535 0.004123 0.024487 0.062427 0.095164 0.026376 0.323514 0.006197 0.458444 -0.001234 0.040728 0.007731 0.045457 0.024988 0.066463 0.190847 0.383593 -0.072263 0.007039 -0.114704 0.277525 -0.083075 0.06082 -0.064112 0.017127 0.064056 -0.002007
40.545115 123.837611 232.626052 203.511505 19.69035 117.811512 3.318123 100.177212 1.044799 103.576695 3.377669 138.55299 -50.873923 166.918883 -175.90912 773.231088 -21.123307 404.998899 -5.122386 345.632988 -2.861825 285.246372 -5.248312 338.249973 7.364966 -45.050605 0.004276 0.000107 0.002855 -0.003133 0.00018 0.443177 -0.011772 1.045037 -0.009289 0.956523 0.002189 0.729877 0.007818 0.080273 -0.011256 -0.090001 -0.032411 4e-05 -0.025773 0.225055 -0.002593 0.117359 -0.011368 0.038731 -0.002067 0.403787
41.4115 126.838475 238.774819 207.486773 20.570104 130.134264 3.732133 117.35979 1.241093 115.71252 3.661767 149.987674 -48.852443 170.171819 -173.491787 793.476955 -21.586149 417.606621 -5.084186 362.883845 -2.972203 295.319294 -5.515791 348.233415 8.054535 -41.317656 0.00458 0.017962 0.040103 0.019225 0.009613 0.306406 0.012166 0.679661 0.008444 0.336066 0.005735 0.226664 0.02049 0.015696 0.008362 0.13082 -0.002508 0.096622 7.1e-05 0.210042 -0.001044 0.08739 -0.003324 0.072598 0.015427 0.080709
41.809481 126.269531 242.362998 210.110475 23.804736 144.250746 5.83298 129.728787 2.449889 125.240183 4.929692 163.059202 -48.537956 169.124066 -167.797536 800.206438 -23.133859 420.395716 -6.810689 364.891573 -4.057405 298.951902 -6.488645 351.359687 12.812908 -37.199626 0.000952 -0.000639 0.01338 0.008242 0.118049 0.363371 0.233563 0.309784 0.203553 0.188443 0.094075 0.273025 0.000508 -0.001618 0.047506 0.014208 -0.02679 0.004641 -0.125965 0.002769 -0.08427 0.011103 -0.039486 0.006985 0.549764 0.108064
42.161864 127.065067 247.120395 252.114034 24.069291 168.023374 5.578401 157.176807 2.395523 143.992001 4.907484 181.963386 -48.201805 168.162783 -167.884563 797.481846 -23.585564 448.850136 -6.537322 407.075041 -4.052808 322.109367 -6.57589 370.348639 12.680056 -35.375598 0.000739 0.001249 0.02312 1.912443 0.000731 0.906189 -0.00284 1.315983 -0.000305 0.653819 -2.5e-05 0.51828 0.000584 -0.00137 -1.1e-05 -0.002323 -0.002184 0.465847 0.0028 1.153402 1e-06 0.431885 -0.000291 0.249854 -0.000346 0.022925
43.952006 127.559448 239.019508 285.76414 24.828081 177.957411 5.686431 164.78295 2.361063 149.355016 4.978154 188.384477 -48.405703 169.626266 -164.876156 810.453715 -22.101423 462.315374 -5.989341 420.533581 -3.577287 329.843636 -5.921152 382.439966 11.750818 -35.289645 0.018609 0.00048 -0.0675 1.053621 0.005888 0.142646 0.000518 0.089858 -0.000125 0.049028 0.000253 0.055669 -0.000215 0.00317 0.013599 0.052326 0.024113 0.0995 0.011991 0.109438 0.014832 0.045878 0.017163 0.097112 -0.017678 5.2e-05
45.823497 131.244598 235.450038 329.801311 25.857562 206.680932 6.226377 191.857765 2.586208 170.021475 5.311271 210.453875 -47.99553 173.15899 -162.806989 812.766306 -22.443731 485.348821 -6.916013 462.435211 -3.678232 366.210208 -5.878848 412.886827 12.432965 -37.17818 0.019509 0.026238 -0.013427 1.577217 0.010456 1.073988 0.012243 1.029194 0.005126 0.669352 0.005394 0.611064 0.000873 0.018205 0.006533 0.001647 -0.001315 0.279961 -0.033313 0.994789 -0.000702 0.950667 7.6e-05 0.583 0.009623 -0.024612
46.159201 133.875466 228.934165 423.094045 26.379395 233.183479 6.655088 206.011635 2.822786 176.331285 5.399646 220.641021 -47.635798 175.647233 -158.96912 820.991608 -22.777289 531.631518 -7.302837 518.4912 -3.822839 411.127823 -5.917889 456.593967 13.215574 -48.962321 0.000613 0.013054 -0.045715 5.802401 0.002607 0.799137 0.007136 0.251836 0.005176 0.05748 0.000365 0.120382 0.000677 0.008875 0.022888 0.020706 -0.00123 1.053707 -0.005263 1.602997 -0.001394 1.298842 -6.5e-05 1.099232 0.011943 -0.80985
46.066148 136.749477 218.496763 478.202491 24.726642 254.291765 5.882953 218.166492 2.480566 183.747215 4.643177 230.756633 -48.56786 178.364352 -158.569792 827.158746 -23.62321 550.700011 -8.091166 532.560271 -4.307091 424.304872 -6.320444 471.805443 13.324942 -49.608398 -4.7e-05 0.015261 -0.121755 1.68634 -0.026732 0.457222 -0.023798 0.174185 -0.011053 0.076375 -0.028531 0.113357 -0.004515 0.010427 0.000251 0.011538 -0.007712 0.167987 -0.020198 0.094166 -0.014435 0.103925 -0.006622 0.124626 0.000225 -0.002117
44.498259 148.527064 209.129795 525.35935 22.359746 283.236069 4.829076 241.395859 2.117849 198.811604 4.05761 246.131551 -50.360893 175.635621 -156.86468 875.955905 -27.871225 597.737268 -10.402789 577.907493 -6.620275 450.97299 -8.953676 494.340762 16.22698 -50.923463 -0.013573 0.243221 -0.102602 1.108551 -0.059526 0.779849 -0.051968 0.58746 -0.014328 0.296718 -0.019727 0.247909 -0.01625 -0.010517 0.004609 0.699205 -0.175518 0.963671 -0.145038 0.926289 -0.247642 0.406359 -0.228694 0.262853 0.142837 -0.008602
49.268428 152.486333 208.673635 600.178616 24.691295 288.400001 5.9421 240.715583 3.182251 188.751898 4.974697 234.281449 -49.485091 177.958444 -147.644264 931.734985 -27.517905 629.255092 -10.109805 615.030519 -6.640411 462.337418 -8.739786 503.226288 19.016455 -60.269326 0.121414 0.02604 -0.000249 2.48953 0.057804 0.023325 0.057661 -0.00048 0.10798 -0.130578 0.046678 -0.146172 0.003841 0.00763 0.139627 0.86078 0.001127 0.404867 0.002092 0.577755 -1.5e-05 0.070707 0.001293 0.039573 0.110565 -0.393461
52.981927 161.974059 200.294438 701.550843 21.189214 319.304947 4.766319 245.94849 2.968176 195.36628 4.264028 245.707287 -52.103788 188.51695 -135.467338 1027.800815 -10.330975 598.394962 -0.703413 529.270877 -0.541803 410.171924 -1.374933 462.62634 6.046249 -39.380053 0.067455 0.143162 -0.085848 3.953186 -0.133853 0.786347 -0.064746 0.028135 -0.003727 0.056953 -0.027374 0.136012 -0.033757 0.152132 0.261992 2.35622 4.127267 -0.387936 5.479789 -3.218153 3.388644 -1.560829 3.18172 -0.853694 -3.617125 2.214082
54.800235 166.619227 201.89168 751.995122 20.389515 318.822541 4.012949 253.077924 2.319257 189.793732 3.622942 236.989985 -51.582994 197.98825 -131.029045 1082.328007 -17.485726 802.977564 -3.714582 802.046177 -1.49289 612.118848 -3.725227 642.008206 7.533648 -120.219627 0.015339 0.032835 0.003172 0.87558 -0.007691 -0.000182 -0.032384 0.050931 -0.039972 -0.040314 -0.026098 -0.078722 0.001308 0.116064 0.036961 0.704628 -0.935883 15.013656 -1.185111 28.24425 -0.235969 20.145143 -0.573821 14.662241 0.081703 -21.98783
53.299506 171.895541 172.169008 824.058005 17.580316 320.752325 2.618534 246.293913 1.961435 173.133422 2.903743 217.332419 -51.973075 193.148277 -129.812982 1067.987975 -27.901378 989.279492 -11.119516 1073.470107 -6.919776 849.228099 -9.335449 848.524077 16.249438 -255.472307 -0.010418 0.041123 -1.182744 1.648351 -0.104062 0.002911 -0.14826 -0.046083 -0.014981 -0.382601 -0.039747 -0.42547 -0.000735 -0.029946 0.002835 -0.047816 -1.21128 9.709176 -1.980405 19.744105 -1.984458 19.364249 -1.266327 14.375895 1.654593 -25.190662
49.201344 177.855172 156.925826 887.564084 15.086726 293.219135 2.25899 219.217706 2.158507 172.603577 2.682648 221.423049 -51.19643 189.402575 -121.972209 1070.623139 -34.374862 1162.653844 -16.68334 1334.439374 -11.036095 1088.38963 -13.404105 1056.9883 22.956056 -394.136948 -0.081959 0.050779 -0.35321 1.178534 -0.095311 -0.617666 -0.01327 -0.788103 0.004716 -0.000406 -0.004377 0.019069 0.002923 -0.018338 0.122113 0.001624 -0.337366 6.995478 -0.562396 14.183701 -0.478193 14.816589 -0.366951 11.437382 0.577887 -14.972114
43.400135 185.414166 143.525402 972.456154 14.578963 282.985545 2.72009 216.039403 2.932813 130.83678 3.058292 177.547757 -54.090919 189.654737 -122.789049 1138.547212 -34.848501 1323.708377 -17.695666 1539.136317 -11.512209 1260.799711 -13.646809 1214.987312 26.066236 -579.333656 -0.181893 0.078653 -0.298985 1.938264 -0.004346 -0.090883 0.021397 -0.011604 0.059224 -2.888224 0.012303 -2.419847 -0.039794 8.4e-05 -0.001363 1.044458 -0.00162 5.22165 -0.014908 7.299987 -0.005027 6.335243 -0.001089 5.500487 0.098761 -17.778605
38.881363 187.149144 105.529214 1001.704441 11.640458 284.444012 1.738417 166.255431 2.337447 91.777908 2.270463 133.308071 -55.169596 188.754928 -129.588159 1117.707052 -41.951971 1446.907844 -21.800857 1726.836795 -15.522247 1450.143665 -18.235363 1381.59774 29.906672 -812.288371 -0.124176 0.00404 -2.915445 0.216677 -0.165185 0.001874 -0.109415 -3.255395 -0.033736 -3.453323 -0.05856 -3.164106 -0.005325 -0.00107 -0.091602 -0.096248 -0.329215 2.740477 -0.213922 5.398178 -0.29906 6.620382 -0.331925 5.35081 0.131906 -19.636617
38.508886 183.670709 81.401493 984.440924 11.112083 223.791789 1.509679 111.533741 2.287361 59.575664 2.061004 96.042726 -54.701486 179.212502 -121.487342 1112.881544 -55.966652 1465.829244 -44.947527 1786.840477 -29.049534 1559.557737 -28.014994 1474.448333 47.639871 -1009.50503 -0.000896 -0.016315 -1.56366 -0.075028 -0.006136 -3.632058 -0.008064 -5.443141 -0.000271 -3.465374 -0.005067 -3.047721 0.000997 -0.123752 0.130718 -0.00522 -1.008121 0.061458 -4.141847 0.512384 -2.102308 1.989466 -1.045774 1.509694 2.054822 -10.706218
42.42254 190.541136 75.833991 997.407154 9.393269 221.134269 1.841444 90.101929 4.446046 49.463332 3.903745 81.258402 -47.408616 170.244682 -112.908459 1040.001696 -40.310751 1606.530545 -28.630023 2014.437217 -15.038887 1775.693789 -15.316072 1658.737682 35.838965 -1232.428746 0.094683 0.063075 -0.0986 0.042416 -0.072165 -0.007937 0.016463 -1.142227 0.35541 -0.469924 0.291784 -0.617474 0.260767 -0.115086 0.157046 -1.233925 1.28145 3.223458 1.832202 6.819652 2.285423 7.010557 1.90259 5.424509 -0.838321 -11.110593
41.029203 191.480899 55.304709 961.685465 8.151501 173.921497 1.626659 71.76769 4.295101 44.45652 3.587824 72.865875 -48.213683 170.627608 -111.927199 1033.387789 -37.542757 1622.240672 -29.554084 2009.701948 -13.12047 1798.49647 -13.550778 1685.08211 32.429396 -1277.427061 -0.011633 0.001156 -1.616859 -0.325698 -0.044 -2.831325 -0.006657 -1.04167 -0.001303 -0.13355 -0.006664 -0.228669 -0.003389 0.000215 0.002141 -0.010549 0.049222 0.03822 -0.007338 -0.002786 0.065424 0.072739 0.054027 0.103779 -0.085196 -0.403412
39.790091 187.990281 52.453256 946.508696 7.44423 167.079251 1.373494 68.819429 3.869808 41.236969 3.174898 70.004478 -49.765659 166.884616 -108.84022 993.653196 -34.257089 1614.117777 -26.481713 1998.803543 -11.221872 1790.758255 -11.562337 1678.41983 28.271435 -1288.504863 -0.0095 -0.016055 -0.037734 -0.060355 -0.016046 -0.068652 -0.010701 -0.030917 -0.011084 -0.060501 -0.012618 -0.028657 -0.012292 -0.020755 0.021584 -0.389481 0.075218 -0.010194 0.084291 -0.014815 0.074154 -0.008342 0.078846 -0.006598 -0.142576 -0.023913
39.469986 188.052396 41.745759 947.70652 5.24423 161.363294 0.77535 66.079731 3.327945 41.231075 2.56106 68.906928 -50.240625 165.692183 -108.968916 971.424092 -33.849094 1631.899094 -23.528226 2027.213588 -10.909142 1830.38671 -10.851595 1714.920575 26.287818 -1322.186036 -0.000646 5e-06 -0.610533 0.000379 -0.19218 -0.049742 -0.084927 -0.027823 -0.020425 -0.0 -0.03294 -0.004336 -0.001128 -0.002138 -3.8e-05 -0.125733 0.001222 0.048702 0.08729 0.100241 0.00221 0.216846 0.011272 0.196317 -0.036071 -0.217274
39.475304 187.635441 34.15878 943.395885 4.523206 167.578718 0.742719 72.02165 3.237085 43.754137 2.548655 71.420456 -50.62637 163.816403 -108.556662 978.182555 -31.182871 1662.642027 -21.498756 2060.648012 -9.813666 1866.269709 -9.976316 1747.699813 24.323313 -1338.509993 0.0 -0.000231 -0.380127 -0.004913 -0.026649 0.058726 -0.000351 0.127887 -0.000629 0.037461 -1.5e-05 0.022513 -0.000738 -0.005339 0.000391 0.011714 0.054679 0.143442 0.04576 0.136732 0.028976 0.17416 0.0184 0.155157 -0.038141 -0.050076
38.221288 185.627359 37.952466 941.528538 4.113317 176.340466 0.475584 78.67055 2.555587 44.478619 1.932476 74.856616 -50.795218 164.320294 -109.842239 982.443689 -33.29456 1654.251443 -23.519726 2033.044569 -11.541714 1831.501769 -11.710417 1720.022439 24.959319 -1305.147069 -0.010121 -0.005402 0.09986 -0.000925 -0.009732 0.111626 -0.029648 0.146754 -0.040228 0.002974 -0.042566 0.040365 -0.000141 0.000387 -0.003784 0.00463 -0.034589 -0.010613 -0.045386 -0.093065 -0.07003 -0.163455 -0.069442 -0.110454 0.004104 0.210528
35.684518 184.358622 37.956395 955.156013 3.374439 197.680823 0.217463 92.772445 1.60108 53.959619 1.132222 87.2341 -55.003966 170.48539 -116.634229 993.128496 -35.306218 1647.845706 -24.325753 2015.833915 -12.360625 1812.968804 -13.150001 1703.014126 22.858976 -1241.381924 -0.043549 -0.002175 0.0 0.048957 -0.036545 0.6093 -0.049861 0.580954 -0.111077 0.457641 -0.106326 0.473272 -0.083746 0.056767 -0.101868 0.028894 -0.029501 -0.006213 -0.00679 -0.036579 -0.014032 -0.047122 -0.041716 -0.042256 -0.046149 0.798466
38.002605 188.057137 38.359489 984.079271 3.51211 209.185998 0.271837 105.086861 1.878642 65.835225 1.334736 97.164482 -53.653392 173.323662 -118.099778 1016.319023 -35.276298 1634.888344 -23.426537 2011.342125 -11.812256 1802.441675 -12.815063 1691.974069 23.112362 -1179.323626 0.036471 0.018366 0.001065 0.215704 0.001376 0.162701 0.003031 0.383586 0.011088 0.590085 0.008326 0.267584 0.008394 0.011716 -0.004575 0.133822 6e-06 -0.025572 0.008467 -0.002505 0.006221 -0.015326 0.00216 -0.01795 0.000698 0.795608
37.980635 185.880572 37.074456 984.254105 3.497336 211.61623 0.276995 106.440812 1.916344 68.067829 1.354365 98.907455 -53.724537 170.845836 -117.981529 1005.903398 -35.465098 1621.801854 -24.014551 1992.731344 -11.782734 1784.400622 -12.846192 1674.401382 23.202714 -1155.445422 -3e-06 -0.006335 -0.010946 8e-06 -1.6e-05 0.007018 2.4e-05 0.004333 0.000187 0.018614 7.2e-05 0.007747 -2.4e-05 -0.00892 3e-05 -0.026823 -0.000252 -0.026293 -0.003644 -0.043251 1.8e-05 -0.045372 -1.9e-05 -0.045866 8.8e-05 0.122107
37.801441 184.698443 34.422615 986.423525 3.293274 216.830442 0.255116 110.947961 1.925316 72.613071 1.348987 103.824097 -53.998287 171.343407 -118.649575 1005.74253 -35.540105 1623.99966 -23.894128 1991.781835 -12.142671 1782.736473 -13.12196 1674.096279 23.738245 -1135.766415 -0.000212 -0.001885 -0.049196 0.001194 -0.003067 0.03173 -0.00045 0.046729 1e-05 0.073445 -5e-06 0.059628 -0.000348 0.000362 -0.000943 -6e-06 -4e-05 0.000744 0.000151 -0.000113 -0.002708 -0.000388 -0.001464 -1.4e-05 0.003055 0.084512
39.214789 181.335659 36.686673 1003.384669 4.016293 228.913422 0.44986 124.534118 2.526608 79.289038 1.843264 110.105704 -51.921953 169.539798 -115.29953 1021.841783 -33.893184 1614.883687 -22.245744 1992.938888 -11.396015 1776.83553 -12.14801 1664.98066 24.654494 -1105.43534 0.012969 -0.015447 0.036052 0.07229 0.035846 0.163799 0.027432 0.392254 0.040793 0.146772 0.038498 0.092243 0.020353 -0.004771 0.023987 0.063916 0.019535 -0.012829 0.029454 0.000168 0.011845 -0.004891 0.018776 -0.012443 0.008675 0.205251
39.700845 181.495902 43.011365 997.42579 4.235828 223.568839 0.376655 116.283797 2.219043 74.269772 1.665698 106.531904 -52.046925 173.375692 -117.711838 1022.747781 -35.261112 1626.51 -23.333274 1993.616941 -12.230958 1776.37276 -13.081615 1668.813937 24.86941 -1124.196938 0.001497 3.5e-05 0.251354 -0.008873 0.002921 -0.031565 -0.003248 -0.141368 -0.009977 -0.082052 -0.004496 -0.02948 -7.5e-05 0.021455 -0.012487 0.000201 -0.013531 0.020851 -0.012976 5.8e-05 -0.014757 -3e-05 -0.01728 0.002204 0.000466 -0.078938
41.127917 177.933796 42.092344 995.896896 4.694087 223.47331 0.545164 115.901228 2.78484 73.335483 2.113592 105.275078 -51.538183 173.696285 -117.345326 1024.339109 -34.509221 1625.279698 -22.440201 1987.164951 -11.694493 1766.878215 -12.636498 1660.209106 25.892885 -1120.283515 0.012599 -0.017651 -0.004962 -0.000586 0.011766 -1e-05 0.015533 -0.000315 0.032091 -0.002957 0.026634 -0.003729 0.001249 0.000148 0.000286 0.000619 0.004052 -0.000233 0.008713 -0.005229 0.006015 -0.012721 0.003852 -0.011121 0.010319 0.003412
43.066852 169.3985 48.335728 969.451248 5.862514 215.635716 0.795762 110.781022 3.173156 67.888652 2.533804 99.487569 -48.429136 171.585437 -111.671703 1010.017558 -31.678932 1614.603694 -20.378939 1977.414999 -9.992343 1752.58017 -10.758315 1644.992333 24.42734 -1130.598385 0.022329 -0.104888 0.215787 -0.177934 0.064861 -0.069952 0.023624 -0.057834 0.012668 -0.105078 0.019037 -0.081807 0.048358 -0.006452 0.070289 -0.050411 0.060541 -0.01759 0.049642 -0.011989 0.066902 -0.029044 0.075514 -0.035028 -0.021346 -0.023635
40.986873 173.790171 42.563309 983.752457 4.736449 220.535056 0.443121 114.303896 2.642548 70.751324 2.031401 102.757876 -50.679948 172.112545 -113.652537 1010.518847 -33.300958 1628.078894 -21.949808 1995.16428 -11.013375 1771.439546 -11.720781 1662.651749 24.445431 -1134.146539 -0.025739 0.028101 -0.18347 0.052357 -0.059988 0.027517 -0.051249 0.02757 -0.024256 0.029558 -0.027729 0.026442 -0.025562 0.000404 -0.008707 6.2e-05 -0.020248 0.027999 -0.029158 0.039652 -0.02483 0.050465 -0.020614 0.047142 3e-06 -0.002779
40.322711 175.231648 41.780503 984.924228 4.549663 213.540801 0.416232 108.735777 2.551739 67.340946 1.941917 99.206561 -51.274634 172.899707 -114.396572 1013.152371 -33.770352 1630.749074 -22.45949 1997.251596 -11.323714 1774.592839 -11.997757 1665.662453 24.626297 -1150.55036 -0.002713 0.002977 -0.003633 0.000349 -0.001879 -0.056353 -0.000421 -0.069514 -0.000794 -0.042118 -0.001008 -0.031225 -0.001734 0.000898 -0.001214 0.001714 -0.001643 0.001094 -0.002925 0.000546 -0.002156 0.001402 -0.001617 0.001362 0.000333 -0.058889
38.04535 175.834738 38.579713 987.922276 4.127836 218.175208 0.293086 114.39179 2.334368 71.033418 1.741578 102.892659 -51.780961 173.221508 -114.547903 1008.710359 -34.577638 1637.159148 -23.451989 2015.247082 -11.917518 1794.313954 -12.464426 1682.914492 24.800794 -1151.327055 -0.033097 0.000518 -0.06377 0.002278 -0.010259 0.024876 -0.010772 0.071698 -0.004838 0.049275 -0.005452 0.033618 -0.001244 0.00015 -5e-05 -0.00488 -0.004768 0.006287 -0.010729 0.040354 -0.007587 0.054488 -0.004452 0.044442 0.000308 -0.000131
37.082876 179.251922 38.912255 979.729325 4.204591 215.476622 0.383663 111.776476 2.236917 69.3947 1.604627 100.945096 -53.152787 174.466035 -119.197265 1014.978318 -37.8363 1625.421956 -26.111629 2003.888286 -13.960444 1779.127405 -14.608085 1671.048233 27.373828 -1145.778873 -0.006165 0.016443 0.000714 -0.017057 0.000354 -0.008397 0.006089 -0.015122 -0.001039 -0.009562 -0.002804 -0.009304 -0.008967 0.002227 -0.046244 0.009707 -0.073358 -0.021112 -0.071411 -0.016051 -0.080765 -0.03227 -0.085003 -0.020991 0.063484 0.0067
36.611006 179.241149 37.011624 982.010304 4.352883 205.372039 0.450576 100.468492 2.449077 64.343422 1.771335 96.097233 -54.112445 173.973696 -120.019075 1006.455477 -39.256866 1617.426046 -27.443071 1984.729464 -14.788084 1765.486218 -15.546303 1660.831136 29.273299 -1155.7453 -0.001511 -0.0 -0.023793 0.001326 0.001285 -0.121323 0.002688 -0.301447 0.004805 -0.095427 0.004119 -0.059645 -0.004293 -0.000348 -0.001412 -0.017967 -0.013089 -0.009858 -0.016553 -0.046014 -0.011916 -0.026249 -0.014599 -0.015665 0.031855 -0.021579
35.632019 178.811608 37.396086 980.726775 4.758761 205.597605 0.66262 101.000378 2.558027 64.194671 1.859436 95.940997 -55.370775 173.489511 -119.832394 1004.350073 -40.11715 1613.840006 -28.18052 1977.524996 -15.390809 1761.402823 -16.180266 1658.477215 30.497957 -1153.071883 -0.006634 -0.000258 0.000993 -0.00042 0.009044 6.2e-05 0.020382 0.000702 0.001185 -8.6e-05 0.001069 -6.4e-05 -0.007231 -0.000337 7.3e-05 -0.001102 -0.004662 -0.00199 -0.004889 -0.00655 -0.006019 -0.002364 -0.006335 -0.000835 0.012547 0.001548
35.828189 179.146121 37.629435 984.500956 4.80302 208.576351 0.727114 101.583706 2.398587 64.53548 1.720139 96.921042 -55.870644 173.374515 -119.473147 1004.106412 -42.40317 1596.88591 -30.947365 1940.023306 -17.746426 1726.720136 -18.471178 1627.364442 33.193591 -1123.61885 0.000269 0.000156 0.000363 0.003624 0.000102 0.010712 0.001497 0.00084 -0.002565 0.000451 -0.002711 0.00249 -0.001123 -1.9e-05 0.00027 -1.5e-05 -0.03167 -0.044763 -0.064772 -0.179501 -0.083833 -0.172431 -0.075812 -0.147303 0.05707 0.190522
35.048328 179.689182 38.481778 993.751839 5.150998 208.167489 0.887758 100.446567 2.863066 63.342301 2.089571 95.538115 -56.721111 171.364708 -121.094201 1006.895546 -44.10364 1591.582812 -32.179449 1935.909238 -18.913406 1721.767367 -19.633817 1622.16361 36.493852 -1124.622855 -0.004291 0.000411 0.004773 0.02163 0.006084 -0.000201 0.00801 -0.0032 0.020541 -0.005567 0.017954 -0.004969 -0.003212 -0.005859 -0.005462 0.001934 -0.016715 -0.00441 -0.012025 -0.002183 -0.018579 -0.003557 -0.017741 -0.004162 0.078191 -0.000224
36.377678 178.612484 40.360607 990.972538 6.190155 209.127036 1.36049 102.734978 3.75208 63.878628 2.881006 95.855894 -54.832361 168.94947 -119.238071 1002.274236 -47.250702 1571.931954 -35.74992 1920.080587 -21.918375 1703.30488 -21.962208 1602.376771 43.807656 -1107.472119 0.012372 -0.001618 0.02239 -0.001946 0.047708 0.001103 0.050262 0.012887 0.06001 0.001131 0.063412 0.000264 0.015991 -0.008571 0.007168 -0.005315 -0.054223 -0.061033 -0.0939 -0.032488 -0.110724 -0.04976 -0.065218 -0.06071 0.333762 0.065891
35.337817 182.457395 44.764095 991.582254 7.075507 201.462438 1.691832 97.217191 4.343474 57.468466 3.404517 89.044665 -53.711082 169.430464 -118.948289 996.22478 -48.636797 1553.261172 -37.062626 1920.03697 -22.441161 1692.01011 -22.398602 1588.132677 46.530277 -1125.820895 -0.007539 0.020472 0.113972 9.4e-05 0.029577 -0.071545 0.018038 -0.076148 0.02163 -0.169427 0.021839 -0.125496 0.005792 0.000342 0.000176 -0.009156 -0.010019 -0.055773 -0.011834 -0.0 -0.003081 -0.018787 -0.002147 -0.031797 0.041037 -0.075378
33.909461 180.895918 48.993314 986.264596 8.336998 197.898856 2.05984 94.944848 4.759567 52.70298 3.648833 84.35527 -55.939454 167.460144 -122.321611 1007.692909 -51.953225 1533.851869 -40.125041 1888.047609 -25.374019 1646.572048 -24.898489 1551.501252 52.112608 -1110.108655 -0.014733 -0.003355 0.095435 -0.007149 0.051712 -0.0159 0.018093 -0.013436 0.009515 -0.103114 0.004233 -0.063421 -0.022645 -0.005762 -0.023583 0.032815 -0.054686 -0.061016 -0.060774 -0.134364 -0.090032 -0.30922 -0.066112 -0.213704 0.158082 0.055207
33.341523 182.301879 53.197729 983.07993 11.963407 197.612026 4.226436 95.130499 7.241517 53.471704 5.856613 85.13272 -56.471124 167.118469 -123.185062 1001.353211 -52.745481 1527.630295 -41.158274 1879.896878 -25.826505 1643.779467 -25.615869 1547.294784 60.419297 -1104.307027 -0.002398 0.002721 0.086527 -0.002575 0.326532 -0.000104 0.385164 9.1e-05 0.259451 0.002783 0.259949 0.001783 -0.001257 -0.000174 -0.001518 -0.010003 -0.002998 -0.006322 -0.006567 -0.008816 -0.001999 -0.001185 -0.005094 -0.002855 0.307003 0.0076
30.146111 181.98992 50.295013 965.669379 13.023 191.209969 5.639638 90.581214 8.817703 51.270024 6.896355 81.997623 -58.975883 164.395792 -130.475821 991.892157 -54.401731 1510.441895 -41.163895 1867.000548 -25.910964 1621.216935 -26.116015 1526.054466 64.959458 -1095.876756 -0.080466 -0.000134 -0.040715 -0.077776 0.022477 -0.052709 0.101737 -0.055729 0.077537 -0.023142 0.042455 -0.029407 -0.027175 -0.011181 -0.104798 -0.022454 -0.012802 -0.048624 -0.0 -0.022194 -6.9e-05 -0.077959 -0.002418 -0.073398 0.08223 0.016151
30.107179 183.677818 50.464494 971.135607 14.56183 188.194482 6.878241 85.349431 10.288737 46.82678 8.140086 77.93536 -59.393436 165.769453 -130.440829 984.835189 -54.512134 1511.868269 -41.816457 1859.229776 -26.307931 1619.38102 -26.479627 1527.352614 69.501097 -1115.4614 -1.3e-05 0.003896 0.000143 0.007714 0.042956 -0.011984 0.061429 -0.077808 0.056713 -0.100679 0.051526 -0.051599 -0.000736 0.002858 2e-06 -0.012597 -5.6e-05 0.000337 -0.002566 -0.008103 -0.001509 -0.00052 -0.001257 0.000276 0.076723 -0.086727
30.878964 187.173443 47.870905 983.238041 14.264246 188.939962 7.187772 84.501883 11.266462 46.510519 8.850707 77.723026 -58.014917 165.277979 -128.616176 990.68698 -50.5479 1542.716381 -37.487046 1918.393213 -22.982223 1679.287554 -23.480459 1578.56577 66.431186 -1166.854297 0.004884 0.016475 -0.034209 0.037472 -0.001536 0.000737 0.003406 -0.002115 0.022186 -0.000536 0.014867 -0.000145 0.008093 -0.000365 0.006426 0.008667 0.074818 0.155771 0.118266 0.463324 0.112324 0.544021 0.090103 0.422253 -0.03467 -0.578703
30.055299 187.323518 47.246441 982.016095 13.363524 177.506857 6.388659 74.459387 10.280536 40.961005 8.039301 70.98741 -58.649191 165.287941 -129.310183 991.605716 -51.113556 1544.490989 -38.131428 1919.611536 -23.454299 1680.179202 -23.885679 1579.697954 64.791092 -1196.461909 -0.005567 3e-05 -0.00205 -0.00038 -0.014687 -0.178399 -0.023538 -0.317538 -0.022568 -0.176218 -0.019501 -0.152618 -0.001724 0.0 -0.000934 0.000213 -0.001574 0.00051 -0.002746 0.000193 -0.0024 0.000118 -0.001733 0.000203 -0.01025 -0.185469
29.597391 191.647213 43.093338 984.977915 10.123492 174.621638 4.518188 68.04462 8.711721 40.416517 6.53071 70.430719 -60.842757 163.92063 -131.872538 990.31124 -48.15216 1569.182178 -35.328145 1941.925035 -20.681713 1719.992775 -21.361538 1619.52038 56.239164 -1233.091105 -0.001758 0.024665 -0.095514 0.00223 -0.224555 -0.01182 -0.161585 -0.144452 -0.064905 -0.001822 -0.078311 -0.001096 -0.020136 -0.002839 -0.012569 -0.000423 0.044184 0.097901 0.053507 0.064469 0.087172 0.233102 0.07046 0.247855 -0.302515 -0.276136
29.070869 194.295366 35.999288 979.426178 9.277608 161.264728 4.359289 59.002801 8.574724 37.365365 6.229531 65.824247 -62.85019 163.558116 -134.62195 1000.146257 -47.614861 1582.919793 -34.178988 1949.796027 -19.934644 1731.927815 -20.996251 1633.149 54.65772 -1260.513798 -0.002363 0.009085 -0.318786 -0.007845 -0.018449 -0.265682 -0.001422 -0.322156 -0.000543 -0.059867 -0.003555 -0.077889 -0.016291 -0.000201 -0.014183 0.024298 0.001507 0.029936 0.0095 0.00796 0.006871 0.020633 0.001575 0.028552 -0.011277 -0.150791
29.17161 193.040521 27.439918 973.751373 7.801793 153.090254 3.736867 53.506491 8.322858 34.250461 5.840151 61.091514 -62.998416 161.730646 -134.300837 994.62669 -47.131427 1580.684802 -33.606577 1942.433055 -19.612166 1726.052455 -20.567942 1627.454852 53.487265 -1274.018669 8.7e-05 -0.002033 -0.580077 -0.008244 -0.063881 -0.106302 -0.023961 -0.134333 -0.001877 -0.067773 -0.006283 -0.088273 -8.7e-05 -0.005133 0.000192 -0.007636 0.001233 -0.000789 0.002417 -0.006964 0.001315 -0.004991 0.002207 -0.004972 -0.006334 -0.03598
29.433408 192.291533 27.502649 972.010111 7.42653 155.620911 3.420019 56.941107 7.852988 34.550025 5.460217 60.893305 -62.762471 161.0487 -134.029027 990.423786 -44.957078 1575.577381 -31.899119 1937.923612 -17.773981 1720.707249 -18.790969 1621.952121 49.255669 -1267.607897 0.000585 -0.000728 3.6e-05 -0.000779 -0.004624 0.010373 -0.007017 0.053416 -0.006826 0.000652 -0.006389 -0.000161 0.000221 -0.00072 0.000138 -0.004449 0.025673 -0.004132 0.022257 -0.00262 0.045217 -0.004145 0.040134 -0.004659 -0.087179 0.008085
30.046575 189.320964 27.43461 947.381217 6.945153 156.978545 3.080273 59.428352 7.005571 36.194313 4.954364 62.63787 -60.278118 156.313336 -130.403458 939.294365 -43.886 1560.851217 -31.122456 1927.714091 -17.360606 1720.129478 -18.232436 1618.845701 46.422555 -1257.289103 0.003161 -0.011562 -4.2e-05 -0.158021 -0.008064 0.002948 -0.008885 0.026584 -0.024185 0.019111 -0.012292 0.012319 0.025084 -0.03533 0.024856 -0.677476 0.006457 -0.034571 0.004786 -0.013482 0.002432 -4.9e-05 0.004213 -0.001489 -0.041955 0.021086
31.128774 180.720956 25.047957 949.723251 6.208542 164.525966 2.507865 64.344569 6.097154 37.075581 4.273991 65.689493 -59.988498 152.754881 -129.191122 926.06477 -43.247561 1554.878481 -30.589171 1913.831986 -16.753944 1706.934253 -17.773805 1605.202988 43.065092 -1240.877329 0.009573 -0.099948 -0.054295 0.001446 -0.020641 0.088601 -0.029394 0.097674 -0.031528 0.0053 -0.025115 0.036289 0.000349 -0.020486 0.002831 -0.046914 0.002339 -0.005725 0.002304 -0.025083 0.005395 -0.025403 0.002921 -0.028865 -0.063006 0.053909
30.897449 181.238071 23.927004 965.014542 6.193714 165.583483 2.470709 66.100664 6.368066 38.443925 4.518834 65.356825 -59.790337 150.408946 -129.779437 907.077439 -45.764365 1546.837154 -33.809677 1910.83813 -18.658088 1708.614632 -19.499826 1603.947592 46.826699 -1234.473527 -0.000431 0.000369 -0.01283 0.06106 -9e-06 0.001694 -0.000139 0.011821 0.002944 0.012398 0.00341 -0.000422 0.000164 -0.009077 -0.000668 -0.098336 -0.035588 -0.010424 -0.080577 -0.001172 -0.051231 0.000413 -0.039985 -0.000246 0.078738 0.008283
29.746515 180.712943 24.212997 971.969229 5.698547 169.026566 2.065156 67.174502 5.535476 38.176198 3.840597 67.8314 -61.874583 153.681698 -132.266062 931.678585 -45.618233 1548.854563 -32.49443 1901.314656 -18.411283 1688.583277 -19.575044 1586.975628 44.137372 -1218.965464 -0.010923 -0.000381 0.00085 0.012485 -0.010313 0.017715 -0.018167 0.004326 -0.029153 -0.000468 -0.02756 0.02299 -0.017854 0.017612 -0.011798 0.16458 0.000117 0.000657 0.013046 -0.011896 0.000822 -0.059057 -7.2e-05 -0.045136 -0.039763 0.049013
29.687899 181.052838 22.396204 971.959381 5.037911 169.330239 1.867108 67.132251 5.326874 41.634844 3.693864 70.218336 -61.594527 153.53661 -132.328038 933.630481 -46.326924 1548.812574 -34.249275 1899.702316 -19.267166 1690.665575 -20.241835 1590.224366 44.855705 -1201.675892 -2.9e-05 0.00016 -0.035422 -0.0 -0.020344 0.000136 -0.00499 -7e-06 -0.002003 0.074976 -0.001429 0.020637 0.000318 -3.4e-05 -7e-06 0.001021 -0.002731 -0.0 -0.023073 -0.000342 -0.009722 0.000642 -0.005584 0.001661 0.002899 0.061747
34.261799 178.048226 20.607589 987.818115 5.508919 174.276113 2.021194 69.578785 6.554203 44.024191 4.648252 73.608051 -58.80655 150.781621 -126.03843 928.224688 -44.871874 1552.211769 -34.308251 1912.770601 -18.906278 1710.414405 -18.947093 1605.239048 47.723957 -1205.623104 0.16378 -0.01257 -0.037212 0.064166 0.010523 0.035597 0.003054 0.021893 0.063562 0.03333 0.054774 0.03995 0.032283 -0.012471 0.076568 -0.007848 0.011608 0.001863 -2.5e-05 0.022398 0.001706 0.057338 0.021394 0.035275 0.044442 -0.003236
37.058308 173.180482 19.838689 1007.885155 2.916982 180.20522 0.277246 71.707261 3.348593 46.830003 2.224996 76.832332 -57.740032 154.416755 -129.018761 952.772144 -43.226945 1578.756413 -31.694097 1950.614644 -17.052198 1738.319586 -17.300582 1630.004678 35.513815 -1214.516569 0.054848 -0.033733 -0.007309 0.100891 -0.408565 0.049589 -0.801286 0.016034 -0.533194 0.043336 -0.441346 0.034556 0.00488 0.021649 -0.017413 0.160182 0.015358 0.112526 0.05179 0.185356 0.047832 0.112898 0.037415 0.094791 -0.900422 -0.016341
36.615947 171.935945 21.219378 1015.521104 1.809914 199.484263 -0.003431 95.489008 1.205423 58.586124 0.743778 88.081613 -59.052579 157.815244 -134.113502 962.153353 -44.524107 1585.51306 -32.144395 1951.944012 -17.794543 1734.998835 -18.331752 1627.719123 28.262784 -1155.942876 -0.001328 -0.002244 0.023221 0.014408 -0.131469 0.48977 -0.342363 1.699982 -0.535822 0.657579 -0.395913 0.384121 -0.007376 0.018496 -0.049327 0.022979 -0.009588 0.007214 -0.001588 0.000226 -0.007908 -0.001587 -0.014924 -0.000802 -0.413541 0.723784
37.084401 171.893196 22.828664 1020.405283 1.764773 217.56103 -0.008792 112.272904 0.980113 68.166708 0.622129 98.447223 -58.292502 159.14382 -133.835608 964.465991 -46.161307 1588.533658 -33.564607 1951.900035 -19.214379 1733.838849 -19.758807 1626.855212 28.873721 -1114.429856 0.001489 -3e-06 0.029407 0.005859 -0.000285 0.391952 -0.001238 0.679047 -0.011645 0.362592 -0.005428 0.288237 0.002462 0.002784 0.000144 0.001388 -0.01478 0.001437 -0.01535 -0.0 -0.027246 -0.000194 -0.026742 -0.000115 0.003266 0.379558
33.504514 174.268795 20.651311 1045.000779 0.545587 212.84587 -0.679175 106.050682 0.130275 65.88558 0.031823 96.198577 -62.854348 159.021805 -138.898953 970.489318 -49.439734 1579.218029 -36.067232 1940.317092 -21.323181 1721.167904 -22.017634 1615.294977 24.786845 -1113.55472 -0.090835 0.008152 -0.054552 0.146451 -0.347874 -0.025828 -0.533416 -0.088685 -0.39573 -0.01941 -0.37254 -0.012989 -0.08592 -2.3e-05 -0.047005 0.009375 -0.05623 -0.013698 -0.044988 -0.017235 -0.054888 -0.023235 -0.061111 -0.02061 -0.155858 0.000172
34.48132 178.626106 21.190202 1075.636941 0.409725 215.892421 -0.738288 106.190309 0.123571 66.016516 0.021208 96.911654 -61.467728 155.647829 -135.427381 975.734357 -48.15096 1587.688997 -35.120491 1952.863434 -20.493698 1736.436882 -21.105477 1627.350015 23.799996 -1125.301973 0.007018 0.026902 0.00347 0.221307 -0.00971 0.010824 -0.001233 4.6e-05 -8.9e-05 6.5e-05 -0.001073 0.001317 0.007733 -0.018089 0.021967 0.007068 0.00851 0.011329 0.006296 0.020216 0.008228 0.033715 0.009648 0.022408 -0.010023 -0.030819
31.887304 177.338067 19.147082 1070.83222 0.04937 214.660548 -1.926374 104.793228 -0.035297 64.487223 -0.135283 95.01409 -64.000212 154.03214 -139.092481 975.694886 -50.386783 1595.914734 -37.622159 1963.842062 -22.189245 1749.00252 -22.624078 1637.381998 20.454565 -1141.810308 -0.050713 -0.00233 -0.051776 -0.005378 -0.174643 -0.001762 -0.279526 -0.004626 -0.290954 -0.008961 -0.263618 -0.009381 -0.025561 -0.004215 -0.024467 -0.0 -0.025369 0.010627 -0.04303 0.015387 -0.03369 0.022651 -0.026376 0.015413 -0.12663 -0.060105
31.40604 172.714478 20.173189 1058.786787 0.076444 208.320335 -1.671496 100.292682 -0.029723 61.349369 -0.134296 90.833433 -65.645732 149.300972 -137.523071 974.823564 -49.571587 1578.651972 -37.178289 1928.719144 -22.1845 1717.029912 -22.435034 1611.566774 20.590168 -1129.260798 -0.00183 -0.030536 0.013391 -0.034066 0.002948 -0.047521 0.009039 -0.049387 0.000239 -0.039129 2e-06 -0.047028 -0.010443 -0.036899 0.004452 -0.000195 0.003324 -0.046936 0.001317 -0.158462 0.0 -0.14747 0.000397 -0.102562 0.000224 0.034673
31.893834 165.426288 21.680269 1039.176662 0.107959 201.400346 -1.604438 92.196312 -0.018852 55.608983 -0.105728 85.365951 -65.035287 145.022059 -135.274477 973.618576 -48.333656 1570.534443 -36.597807 1918.520354 -21.504643 1712.282952 -21.496905 1608.503787 20.250069 -1150.742639 0.00188 -0.078553 0.027143 -0.091652 0.002713 -0.058442 0.000686 -0.170348 0.001232 -0.140956 0.001706 -0.084849 0.001426 -0.031105 0.009267 -0.000373 0.007827 -0.010462 0.002284 -0.013518 0.00529 -0.003285 0.010018 -0.001457 -0.001416 -0.101202
30.56343 157.874628 20.834822 1036.00258 0.048676 193.989077 -2.01037 87.430281 -0.053923 51.299434 -0.174982 80.179408 -67.120092 139.854055 -139.040397 974.779832 -51.1575 1562.218499 -38.968791 1912.824302 -23.32055 1699.373445 -23.406174 1595.032881 21.13169 -1160.158201 -0.014171 -0.088208 -0.008407 -0.002427 -0.011652 -0.069465 -0.022865 -0.06324 -0.009008 -0.086896 -0.008677 -0.081267 -0.016445 -0.046881 -0.025851 0.000346 -0.040082 -0.011037 -0.037205 -0.004234 -0.036797 -0.024424 -0.040609 -0.028323 0.009392 -0.019182
30.700201 160.470942 22.691234 1040.272359 0.117539 197.23457 -1.71606 89.755158 -0.027917 53.12146 -0.121346 82.707338 -67.034467 143.083729 -138.405273 979.791639 -50.445187 1572.130467 -38.330072 1927.550794 -22.681951 1710.547768 -22.792852 1606.395328 21.118376 -1160.786836 0.000153 0.010587 0.039607 0.00439 0.014936 0.013462 0.01164 0.015253 0.004242 0.015897 0.004895 0.019617 2.7e-05 0.018434 0.000727 0.006426 0.002497 0.015673 0.002639 0.028236 0.004433 0.018309 0.004071 0.020164 -2e-06 -8.5e-05
30.432817 161.088868 25.749895 1041.980766 0.4792 199.932716 -0.945235 92.860993 0.014484 55.021119 -0.003539 85.101815 -67.47562 143.57882 -140.857489 980.653979 -51.710601 1569.529281 -38.923484 1928.996889 -23.298996 1704.086495 -23.549423 1602.391802 24.475293 -1146.700083 -0.000585 0.000594 0.096661 0.000701 0.122082 0.009165 0.114077 0.026413 0.082617 0.016686 0.083441 0.017084 -0.000723 0.000428 -0.010767 0.00019 -0.007838 -0.001077 -0.002279 0.000271 -0.00414 -0.006113 -0.006176 -0.002498 0.123748 0.042999
30.660617 161.445001 32.05531 1038.981646 1.129142 203.234316 -0.357866 95.251168 0.173305 56.313747 0.057609 87.295181 -66.953872 143.464355 -139.987592 973.753791 -51.488045 1565.836142 -39.017921 1926.142126 -23.183137 1704.358393 -23.322882 1600.863478 27.365315 -1141.063206 0.000425 0.000197 0.344928 -0.002161 0.137173 0.013519 0.139886 0.015186 0.087588 0.007504 0.089703 0.013953 0.001013 -2.3e-05 0.001347 -0.012181 0.00024 -0.002175 -5.7e-05 -0.001057 0.000144 1.1e-05 0.000547 -0.000365 0.080619 0.006944
35.152749 171.283414 45.424598 1085.265689 3.799718 234.36393 0.063073 118.769522 1.348717 68.746119 0.942311 104.125372 -62.367104 151.50018 -137.496861 986.507581 -49.117887 1569.178401 -36.76484 1926.21825 -21.002616 1706.008699 -21.387497 1605.214689 32.995879 -1089.827151 0.153486 0.145487 1.162163 0.504288 0.786194 1.108645 0.721418 1.29612 0.555089 0.619494 0.533935 0.741312 0.081368 0.109482 0.011179 0.04149 0.027923 0.001782 0.0335 1e-06 0.053836 0.000399 0.041908 0.002953 0.263187 0.588438
34.426706 174.794411 54.15494 1093.583573 9.066194 268.92248 1.826326 151.183924 4.323274 86.654481 3.341181 126.875667 -60.98427 152.437906 -131.575507 987.367064 -45.124888 1567.506236 -33.199876 1927.159591 -18.531144 1699.313983 -18.83272 1601.264393 40.755839 -1018.496847 -0.003788 0.01781 0.383442 0.015877 1.127261 1.187897 1.210598 1.95313 0.842551 1.035328 0.734728 1.123019 0.007751 0.001447 0.065162 0.000187 0.084628 -0.000446 0.090883 0.000115 0.077328 -0.006581 0.081221 -0.002433 0.409377 1.206994
33.45392 194.255654 59.089136 1197.767539 28.279295 499.982395 18.190288 377.962896 21.511443 243.783035 17.613996 291.188713 -61.980683 170.633681 -123.169317 1033.964607 -44.685329 1567.455264 -32.049607 1922.723331 -19.152794 1687.296172 -19.251001 1593.078153 81.260014 -648.37241 -0.006971 0.513485 0.107546 2.369762 5.3214 35.538649 8.489014 51.059323 6.54743 39.74942 5.612225 33.643974 -0.004037 0.512811 0.138733 0.537175 0.001076 -0.0 0.01014 -0.002556 -0.005128 -0.021323 -0.002297 -0.01049 6.919023 41.61204
32.741468 190.130223 60.345978 1201.014797 51.23337 608.486216 44.399548 501.652825 48.281333 338.348421 40.28714 381.62341 -62.222444 169.644588 -120.218385 1023.512875 -44.85323 1559.548793 -31.898311 1913.189019 -20.572781 1679.104857 -20.172868 1582.447677 131.886844 -509.975282 -0.003834 -0.022139 0.006613 0.002198 3.385309 5.323298 5.751801 8.739945 5.338105 7.732274 4.623842 6.105502 -0.000235 -0.001438 0.01789 -0.026547 -0.000157 -0.009996 0.000179 -0.011849 -0.025387 -0.009966 -0.01078 -0.017793 6.099745 8.297428
36.709421 189.630851 73.013958 1100.749932 102.51549 960.631056 106.865914 1000.63491 104.483676 780.525481 87.888502 794.241749 -59.501755 171.264615 -111.500444 1012.030097 -42.037913 1576.600571 -29.375876 1924.365542 -17.419341 1660.538201 -17.012421 1562.725052 207.226794 -164.142623 0.113444 -0.000328 0.603035 -2.184806 8.804539 40.025049 13.50047 85.289034 10.714157 91.080997 9.166795 74.77253 0.030409 0.003849 0.164055 -0.032388 0.045621 0.046357 0.051942 0.016275 0.131098 -0.051611 0.13455 -0.061839 8.474936 95.468856
42.909633 190.033501 77.618754 1118.438297 147.575034 1232.550532 174.816477 1275.132868 180.685221 1062.748374 152.128464 1071.328479 -56.517806 172.869534 -107.466164 1018.521576 -42.528008 1564.181082 -28.439241 1900.794891 -17.583815 1635.852261 -17.307203 1543.032682 311.001205 -61.557343 0.241783 0.000214 0.0704 0.070495 4.092744 16.922119 8.318731 16.615315 10.369653 21.733643 8.756569 20.692124 0.038379 0.003742 0.037167 0.010376 -0.00142 -0.024555 0.007587 -0.072622 -0.000386 -0.092435 -0.001266 -0.062431 10.496642 24.660828
46.289203 193.840504 80.591646 1095.978178 190.360993 1556.118996 237.504753 1646.566727 262.474668 1492.588199 222.049845 1506.687102 -48.460541 178.578391 -91.581869 1017.727356 -38.631636 1591.266328 -28.279612 1914.079972 -17.092834 1649.220551 -15.905648 1567.333028 413.529225 -3.906819 0.064046 0.018878 0.027934 -0.113906 2.7195 18.835384 4.793345 23.706253 7.612907 36.411658 6.59103 37.026166 0.309661 0.04637 0.634806 -0.000155 0.093584 0.116247 0.000225 0.023132 0.003476 0.027201 0.029585 0.094927 7.291035 34.448463
41.010268 170.009507 82.864341 952.75669 214.36609 1750.713949 274.592912 1905.332239 308.929817 1863.61666 263.876741 1875.095429 -46.881533 171.359636 -93.733096 1020.533235 -37.458842 1607.324046 -27.141463 1934.721146 -15.569131 1684.926989 -15.260791 1607.845507 463.203943 4.501884 -0.159753 -0.781265 0.015801 -5.012244 0.71252 5.730564 1.344802 9.438426 1.891531 20.571645 1.803505 20.126928 0.013076 -0.074465 -0.012487 0.001931 0.009039 0.040307 0.011688 0.05535 0.03556 0.191201 0.006672 0.258462 1.408388 16.796325
40.293875 175.542185 94.69191 967.335435 251.393009 1902.092878 334.736977 2062.649374 371.101721 2075.622841 318.392931 2094.49229 -47.395238 178.143361 -99.552026 1037.790236 -36.16409 1665.748812 -26.53422 1998.689491 -13.626801 1779.06581 -13.672297 1706.778869 526.952704 11.424605 -0.003156 0.044295 0.394373 0.055347 1.474116 3.138056 2.975533 3.119774 2.847998 5.709124 2.557713 6.067607 -0.0014 0.065841 -0.08761 0.072343 0.011386 0.521486 0.003435 0.520187 0.064681 1.279413 0.043639 1.476787 2.054283 1.583233
42.913967 179.737205 103.284877 1032.126441 257.39788 2125.563062 354.233334 2309.861565 394.505167 2343.329431 338.150772 2362.130348 -48.250607 180.211941 -104.066201 1066.878554 -36.116827 1689.77752 -25.842774 2021.126491 -12.953702 1791.898773 -13.17316 1726.398415 550.431625 36.93142 0.041262 0.024768 0.186572 1.050027 0.035437 6.204281 0.275907 6.994011 0.357788 8.116482 0.297361 8.043628 -0.003825 0.00597 -0.050045 0.201022 1.5e-05 0.086035 0.004564 0.062618 0.008524 0.023059 0.004641 0.05606 0.255863 7.274307
42.755976 177.040141 105.040246 1050.232622 262.517545 2246.813746 361.997609 2449.739944 399.628225 2507.133499 342.577916 2515.827056 -47.91269 171.626273 -114.709101 1056.447715 -38.884597 1662.873653 -27.145314 1985.614343 -13.769243 1764.438512 -14.596924 1704.097814 561.7562 65.06139 -0.000146 -0.010194 0.007396 0.078718 0.025208 1.681529 0.042085 2.055864 0.016525 2.766687 0.014396 2.421971 0.000594 -0.104771 -0.259029 -0.025621 -0.051087 -0.107949 -0.016012 -0.157377 -0.012447 -0.106019 -0.036522 -0.072485 0.057656 3.955888
44.601935 178.232314 95.701836 1073.975376 247.923296 2293.769675 334.41775 2534.102677 379.102032 2566.293908 319.795605 2554.781463 -48.410431 174.608485 -111.237515 1068.11167 -36.675482 1647.49779 -24.71298 1975.434505 -12.238631 1737.012914 -12.953487 1674.861163 527.571198 80.66042 0.019506 0.002 -0.217326 0.132693 -0.208678 0.242801 -0.546331 0.714066 -0.270567 0.344942 -0.391914 0.149634 -0.001286 0.012844 0.026671 0.032018 0.0323 -0.035709 0.057074 -0.013081 0.045079 -0.107409 0.049061 -0.126488 -0.536525 0.837317
43.386746 184.164925 94.569799 1087.125207 246.902687 2330.130622 329.674028 2593.86028 366.649255 2633.336956 311.301063 2614.668809 -48.987891 176.320917 -114.713442 1050.825328 -37.049019 1647.778685 -25.136543 1972.394682 -12.327872 1739.075637 -12.939397 1675.564006 513.439094 92.42561 -0.008392 0.048563 -0.003368 0.040007 -0.001053 0.142968 -0.016943 0.348198 -0.103977 0.432238 -0.057171 0.346905 -0.001712 0.004178 -0.026738 -0.070512 -0.000946 1.2e-05 -0.0018 -0.00117 -0.000162 0.000612 4e-06 7.4e-05 -0.095929 0.400321
41.443725 184.348587 92.591461 1097.080908 242.322635 2418.382305 324.486761 2715.353791 352.253172 2767.409893 297.185019 2733.455471 -50.124679 176.862457 -116.663777 1057.248566 -37.480076 1645.259716 -25.366363 1970.339184 -12.441373 1736.293572 -13.05858 1674.983132 497.095648 119.624995 -0.022255 4.6e-05 -0.010456 0.022689 -0.021439 0.820155 -0.020567 1.390282 -0.144156 1.664429 -0.163758 1.319342 -0.00652 0.000415 -0.00822 0.009786 -0.001247 -0.000963 -0.000523 -0.000536 -0.00026 -0.001114 -0.000273 -5e-05 -0.13217 1.751645
40.384239 181.966361 90.596304 1094.407643 235.683959 2455.621886 314.752093 2764.612729 334.76544 2829.403934 281.861656 2795.912201 -51.217628 177.237355 -119.898042 1061.333102 -37.66725 1642.53492 -24.417178 1968.535453 -11.420456 1734.103429 -12.452623 1675.414204 469.849534 133.392663 -0.006859 -0.007746 -0.010865 -0.00163 -0.046102 0.142266 -0.074127 0.221397 -0.222607 0.343354 -0.202787 0.35275 -0.005894 0.000198 -0.02211 0.003937 -0.000233 -0.001129 0.00905 -0.000413 0.02185 -0.000691 0.007198 2.8e-05 -0.38394 0.374854
37.663227 180.34375 86.203532 1095.148388 228.167962 2457.152712 303.040381 2746.738497 325.703208 2800.492834 274.423548 2779.059806 -51.056001 177.839671 -123.947013 1046.605077 -39.895962 1633.728598 -26.044056 1978.88869 -12.636286 1750.152855 -13.835166 1686.59944 466.64661 122.874002 -0.047447 -0.003633 -0.05458 0.000125 -0.060897 0.000239 -0.111022 -0.028985 -0.062174 -0.074234 -0.04973 -0.025471 0.000128 0.000511 -0.033618 -0.051453 -0.032027 -0.011835 -0.026232 0.013577 -0.030744 0.036964 -0.036381 0.018606 -0.005477 -0.215964
36.81625 181.484098 84.663486 1110.685244 226.774386 2496.424702 301.012164 2815.436777 322.20073 2856.688763 270.88809 2824.059097 -51.498567 175.871176 -126.626036 1042.387544 -37.991215 1634.275529 -23.55246 1995.823273 -10.489769 1764.426494 -11.846368 1697.833677 448.962784 130.940499 -0.004816 0.001797 -0.00694 0.054718 -0.002134 0.155677 -0.003405 0.424262 -0.009467 0.27912 -0.011461 0.1807 -0.000955 -0.005478 -0.014322 -0.004257 0.023294 4.6e-05 0.062625 0.036076 0.099833 0.028985 0.077123 0.018645 -0.170786 0.128213
38.849407 190.396275 85.325974 1139.292484 226.337113 2489.001358 299.793548 2811.987685 321.017652 2834.704634 270.300977 2793.56942 -52.1318 175.448379 -127.551976 1051.133918 -38.538519 1630.8131 -23.840345 1980.290253 -11.267743 1744.781139 -12.521582 1680.004762 452.570793 131.592258 0.027321 0.106806 0.001291 0.18187 -0.000211 -0.005527 -0.001236 -0.001057 -0.001088 -0.042459 -0.000318 -0.082742 -0.001935 -0.000254 -0.001687 0.018271 -0.001957 -0.001836 -0.000874 -0.030341 -0.013913 -0.05499 -0.009357 -0.047053 0.00722 0.000809
38.599967 191.192414 85.658021 1136.000847 225.429018 2481.100354 298.732017 2814.446951 318.68005 2844.986772 267.950603 2796.768893 -51.41297 173.742086 -121.158226 1049.852898 -37.55744 1630.718505 -23.81605 1977.922073 -11.680758 1744.306382 -12.592381 1679.962497 452.384161 133.946441 -0.000402 0.000831 0.000322 -0.002381 -0.000913 -0.00628 -0.000941 0.000537 -0.004271 0.009307 -0.005132 0.000916 0.002495 -0.004169 0.082198 -0.000391 0.006325 -1e-06 6e-06 -0.000708 -0.003717 -3.2e-05 -0.0001 -0.0 -1.9e-05 0.010436
38.325127 195.060313 86.260653 1146.921107 222.334245 2521.490247 295.015054 2874.028267 312.712287 2918.460765 262.503735 2860.475324 -51.509603 173.152794 -119.780918 1040.081084 -39.84632 1623.751543 -26.557559 1965.910291 -13.522445 1737.178612 -14.29481 1672.322546 456.290638 152.357187 -0.000491 0.019367 0.001056 0.026118 -0.010695 0.163053 -0.011635 0.312037 -0.028204 0.468352 -0.027966 0.358712 -4.5e-05 -0.000501 0.003937 -0.022845 -0.033849 -0.007457 -0.074657 -0.018292 -0.067379 -0.007296 -0.053951 -0.008706 0.008397 0.592564
37.99713 197.943886 88.267543 1150.744661 224.554366 2518.171488 297.8466 2884.384934 311.995537 2929.282279 261.41265 2864.128502 -51.939736 172.633257 -116.311372 1026.384573 -40.796222 1620.558698 -26.991594 1959.371671 -14.231892 1732.719692 -14.555849 1669.078866 459.498385 156.172375 -0.000705 0.010579 0.011539 0.003181 0.005515 -0.001093 0.006762 0.009313 -0.000411 0.010013 -0.001136 0.001166 -0.000894 -0.00039 0.025495 -0.045391 -0.005595 -0.001571 -0.001759 -0.005446 -0.009069 -0.002865 -0.001181 -0.001574 0.005618 0.02359
36.758444 197.743764 82.897876 1147.905176 218.458967 2509.91521 291.253608 2851.873304 308.37482 2890.01595 258.094327 2841.002065 -51.514523 173.21029 -120.919596 1020.936186 -39.017214 1646.351476 -25.845289 2012.322488 -12.211371 1792.529355 -13.016978 1724.314515 443.316456 130.430005 -0.010263 -5.1e-05 -0.084247 -0.001754 -0.041935 -0.006779 -0.036894 -0.092135 -0.010566 -0.132478 -0.010598 -0.046873 0.000874 0.000481 -0.044762 -0.00725 0.019829 0.101821 0.012436 0.352987 0.077307 0.507404 0.042977 0.449576 -0.145033 -1.158419
38.719746 197.369113 82.737859 1144.412573 216.934022 2509.74978 288.987796 2848.712762 307.021051 2880.803314 257.40094 2834.745572 -50.069202 173.683716 -123.247718 1021.062268 -38.76575 1632.482805 -25.215318 1992.334912 -11.925483 1770.028701 -12.849396 1703.736628 439.965114 134.592629 0.025487 -0.000178 -7.7e-05 -0.002661 -0.002671 -3e-06 -0.004424 -0.000876 -0.001489 -0.007354 -0.000466 -0.003448 0.010282 0.000323 -0.0111 4e-06 0.000406 -0.029331 0.003886 -0.04988 0.001693 -0.071056 0.000543 -0.061763 -0.006358 0.032693
38.71333 196.019237 82.906179 1137.040315 216.943064 2508.681191 288.38006 2850.644456 304.72758 2884.524186 255.449157 2837.341764 -49.776928 171.650949 -115.386845 1024.53141 -39.236739 1634.300829 -26.770482 1991.309958 -14.069202 1771.646768 -14.284738 1703.729986 449.751336 134.950786 -0.0 -0.002316 8.6e-05 -0.011911 0.0 -0.000114 -0.00032 0.000327 -0.004299 0.001201 -0.003714 0.000594 0.000428 -0.005983 0.129508 0.002942 -0.001422 0.000506 -0.023267 -0.000132 -0.088544 0.00037 -0.03799 -0.0 0.053822 0.000238
38.82426 195.982103 83.389084 1137.124731 217.943899 2508.177281 289.463007 2850.270221 306.034058 2884.175262 256.560483 2836.444596 -49.814152 171.002857 -115.561639 1024.57987 -41.351263 1628.699928 -28.934766 1978.91494 -15.801509 1751.522331 -15.878916 1685.771431 460.915401 140.501322 7.9e-05 -2e-06 0.000701 2e-06 0.001152 -2.5e-05 0.001015 -1.2e-05 0.001397 -1.1e-05 0.001206 -7.1e-05 -7e-06 -0.000613 -6.6e-05 1e-06 -0.027746 -0.004807 -0.04206 -0.019349 -0.050274 -0.057476 -0.042156 -0.047575 0.068434 0.055929
39.082097 196.478651 84.674784 1137.467453 222.056862 2506.624969 294.840834 2851.290197 312.254163 2885.513131 261.302799 2835.208286 -50.35273 171.424637 -116.726942 1048.757378 -41.518622 1645.458213 -28.079169 1988.172892 -15.488051 1751.799983 -15.853465 1687.150742 466.827919 140.718023 0.000427 0.000314 0.004918 2.6e-05 0.019224 -0.00024 0.024749 9.1e-05 0.031289 0.000155 0.021714 -0.000135 -0.001448 0.00026 -0.002923 0.140974 -0.000169 0.042888 0.00642 0.010803 0.00157 1.1e-05 1e-05 0.000282 0.01884 8.3e-05
39.453811 196.630237 85.242637 1137.972885 222.160616 2509.156191 294.697361 2854.63305 312.327264 2890.762596 261.387787 2835.26097 -50.37608 171.217816 -118.11513 1053.385852 -41.528339 1642.846073 -28.213088 1985.773175 -15.593953 1743.173399 -15.916989 1683.568886 467.497959 144.347836 0.00088 2.9e-05 0.000949 5.6e-05 1.2e-05 0.000639 -1.7e-05 0.000979 4e-06 0.002385 7e-06 0.0 -3e-06 -6.2e-05 -0.004103 0.005095 -1e-06 -0.001038 -0.000159 -0.000725 -0.00018 -0.010646 -6.4e-05 -0.001903 0.00024 0.023111
]