01-30-21_Ganesh_4K+Depth.snake_below_chair.0000000006 [ 59.487273 230.658223 132.342849 1095.902999 262.445023 2218.425308 332.57602 2486.242557 338.688824 2517.846372 292.212925 2486.475569 -46.325586 223.085524 -85.38721 1028.188188 -134.618423 1590.383147 -168.302095 1826.520048 -148.461476 1705.98088 -127.440321 1672.315477 935.624347 78.758968 0.0 0.0 0.0 0.0 0.0 0.0 0.0 0.0 0.0 0.0 0.0 0.0 0.0 0.0 0.0 0.0 0.0 0.0 0.0 0.0 0.0 0.0 0.0 0.0 0.0 0.0
53.133842 239.534813 118.676261 1116.301438 246.202438 2259.746439 315.151199 2541.248274 320.724678 2574.453 275.782697 2539.114171 -50.370411 225.022728 -89.498915 987.638469 -136.033605 1581.542057 -169.95068 1833.654548 -151.60511 1723.68813 -129.969768 1681.418129 913.344526 85.040572 -0.179355 0.083796 -0.372311 0.094048 -0.259403 0.190644 -0.234419 0.300917 -0.244741 0.314633 -0.237686 0.275679 -0.084635 0.004187 -0.048341 -0.407884 -0.0037 -0.012321 -0.004017 0.006953 -0.016468 0.045711 -0.012428 0.012353 -0.134239 0.120492
50.915169 240.828326 113.337136 1118.129347 240.653258 2270.402122 307.956599 2559.698456 312.946958 2604.137048 269.626017 2551.651918 -50.059544 227.505432 -89.107333 985.441518 -140.091279 1585.161583 -177.085429 1843.310229 -156.036241 1731.445137 -133.506412 1688.841442 910.938253 88.73845 -0.023657 0.001742 -0.06144 0.000748 -0.031626 0.012532 -0.041537 0.033367 -0.047734 0.085076 -0.03475 0.015439 0.000481 0.00681 0.000429 -0.001223 -0.029816 0.002069 -0.07335 0.012678 -0.031914 0.008708 -0.023737 0.008175 -0.001587 0.039348
51.20722 238.464256 110.68186 1105.012279 239.871919 2226.445954 306.650194 2470.596972 320.08101 2522.488516 277.188568 2495.81274 -52.459516 230.326842 -91.453002 990.080728 -145.426528 1588.215102 -183.475436 1838.526116 -161.746867 1745.07444 -138.422804 1703.798873 936.897546 71.407461 0.000418 -0.00583 -0.015737 -0.038697 -0.000635 -0.214838 -0.001388 -0.789188 0.040201 -0.650224 0.052298 -0.308879 -0.028096 0.008694 -0.015237 0.005447 -0.049852 0.001469 -0.056628 -0.003108 -0.051315 0.026716 -0.044447 0.032972 0.182353 -0.940542
50.037997 245.685985 109.678132 1119.655974 237.563453 2214.233613 302.300194 2493.035286 313.491278 2515.70777 271.384317 2475.397617 -52.562184 237.618854 -93.902196 1023.136108 -149.221888 1602.81009 -185.241576 1859.343889 -163.544472 1741.293292 -140.621526 1697.757788 929.892307 71.03161 -0.006752 0.053864 -0.002286 0.048196 -0.005581 -0.016793 -0.015537 0.050717 -0.034271 -0.004563 -0.030707 -0.041919 -5e-05 0.056819 -0.016182 0.271389 -0.024445 0.033377 -0.00423 0.058599 -0.004967 -0.00205 -0.008663 -0.005364 -0.013144 -0.000496
48.205075 247.996223 101.107212 1116.581255 230.519198 2195.892046 296.438167 2453.857685 313.899405 2478.487776 271.306359 2442.954058 -52.185953 242.736074 -90.919175 1027.527577 -144.116121 1591.526456 -177.968543 1833.743626 -158.607397 1709.994874 -136.220327 1668.777413 918.765775 71.104167 -0.0171 0.005406 -0.174327 -0.002114 -0.053008 -0.038141 -0.028697 -0.155139 0.000133 -0.138696 -6e-06 -0.107007 0.000676 0.027258 0.024075 0.004702 0.044438 -0.019929 0.072826 -0.088731 0.037833 -0.14192 0.034987 -0.124739 -0.033484 1.9e-05
48.727084 243.216512 100.583472 1096.748274 227.505432 2174.500695 290.693287 2418.896754 308.508707 2449.611321 268.116787 2420.40319 -51.469956 244.646129 -89.726925 1017.231125 -143.679255 1611.818744 -177.615192 1862.475403 -157.738953 1746.964559 -135.935392 1703.786326 907.445304 59.241394 0.001406 -0.023255 -0.00068 -0.08886 -0.009915 -0.052351 -0.028107 -0.12542 -0.023345 -0.084602 -0.00943 -0.052283 0.002473 0.003743 0.003934 -0.025924 0.000332 0.064274 0.000176 0.111672 0.001192 0.197688 0.000149 0.18171 -0.035087 -0.540939
47.57518 235.645162 100.345397 1098.408391 226.932838 2206.895225 290.658228 2461.534242 307.616643 2497.591956 267.549163 2464.178703 -52.395513 237.711753 -92.62909 1002.81739 -146.10384 1609.845862 -180.443019 1862.872848 -159.43269 1758.014602 -137.098487 1710.966381 909.967606 64.757895 -0.006889 -0.05986 -0.000141 0.000628 -0.000361 0.119759 -1e-06 0.186253 -0.000646 0.232676 -0.000301 0.196162 -0.004124 -0.049847 -0.023095 -0.051424 -0.010143 -0.000604 -0.011167 2.1e-05 -0.004522 0.017419 -0.002477 0.007549 0.00175 0.12277
45.909398 242.567463 93.828625 1111.185088 209.089457 2186.644371 270.10561 2474.744354 282.896413 2493.526066 243.340902 2439.291743 -54.677023 236.139325 -91.229355 1022.099401 -142.94573 1595.013361 -174.9638 1831.073252 -157.566747 1699.104647 -135.519582 1659.049637 862.719327 75.951602 -0.014842 0.050104 -0.109387 0.03694 -0.365256 -0.046671 -0.376765 0.017676 -0.51765 -0.001656 -0.57387 -0.063156 -0.02431 -0.002609 0.005328 0.091807 0.017253 -0.034324 0.042238 -0.136877 0.005492 -0.501955 0.004572 -0.399925 -0.629777 0.445947
42.738322 228.272503 88.345063 1080.762192 202.99366 2166.0846 263.029732 2448.750278 278.059647 2472.745364 238.666242 2423.592644 -56.959459 225.580464 -93.070989 1007.46341 -145.746997 1588.302518 -178.705379 1825.801251 -161.559304 1702.192672 -139.175584 1662.559394 863.520464 71.72513 -0.056735 -0.217051 -0.082548 -0.211136 -0.045089 -0.048556 -0.046958 -0.06862 -0.020853 -0.043477 -0.022669 -0.025341 -0.023335 -0.120749 -0.009202 -0.052774 -0.013591 -0.007074 -0.019792 -0.0038 -0.024976 0.001402 -0.024331 0.001854 0.000186 -0.060493
42.658323 229.614034 90.335238 1068.321479 225.711633 2152.720654 292.457308 2398.218418 315.334282 2433.229469 272.108862 2406.068009 -52.951519 227.731325 -90.344302 991.43586 -142.963831 1586.235358 -175.999095 1828.217247 -157.989758 1710.800951 -136.564691 1674.777495 919.730076 63.456299 -3.7e-05 0.001965 0.011084 -0.036009 0.602359 -0.020676 0.780028 -0.263416 1.171879 -0.159146 1.095991 -0.031795 0.0731 0.005103 0.020269 -0.064257 0.013415 -0.000673 0.010324 0.000799 0.019938 0.010856 0.012361 0.022366 0.886108 -0.253133
42.622515 228.607089 89.795933 1051.165031 224.054462 2073.19424 290.70975 2315.565469 312.702169 2341.196786 269.324459 2311.076054 -54.541359 226.423386 -95.767096 988.743766 -143.463427 1586.605709 -173.724409 1831.91707 -154.484163 1709.033747 -134.067604 1670.914469 906.765827 49.638419 -8e-06 -0.001106 -0.000807 -0.069439 -0.003053 -0.74836 -0.002618 -0.724687 -0.005516 -0.887102 -0.00716 -0.956552 -0.011758 -0.001883 -0.07902 -0.00183 -0.000436 2.2e-05 0.007398 0.00187 0.019665 -0.000457 0.01152 -0.00223 -0.04601 -0.847306
43.177347 222.537729 87.103046 997.727002 208.120279 1888.571846 268.059598 2100.436108 289.575683 2101.619105 250.174236 2083.553227 -52.989867 215.638517 -93.908549 920.873035 -143.211095 1519.79762 -176.520026 1778.299104 -154.406978 1674.133104 -133.462063 1632.940408 866.889299 24.277771 0.001794 -0.040828 -0.020498 -0.696989 -0.293845 -4.304135 -0.45926 -5.24322 -0.444173 -6.464285 -0.353086 -5.893714 0.011193 -0.131577 0.009106 -1.206496 0.000111 -0.71849 -0.011157 -0.398182 1e-05 -0.180022 0.000685 -0.218242 -0.448322 -4.486797
42.136982 211.080633 88.535926 944.52341 214.354396 1757.351141 277.497673 1967.549688 296.355561 1951.389198 254.904628 1940.074763 -52.962666 210.727377 -96.370353 906.456601 -143.096563 1497.693187 -176.619821 1768.117872 -151.523291 1667.390301 -130.531111 1621.431737 871.693764 11.161214 -0.006344 -0.151387 0.005845 -0.728833 0.045998 -2.362153 0.081645 -2.171039 0.039227 -2.785188 0.022152 -2.558961 3e-06 -0.028286 -0.015926 -0.056869 2.3e-05 -0.080963 -1.4e-05 -0.014614 0.013591 -0.006803 0.016271 -0.02035 0.006638 -2.516689
42.333723 216.47223 87.896325 944.97776 211.772939 1656.199674 274.934268 1853.842428 291.848885 1803.71602 250.249662 1793.532862 -56.226292 207.091762 -99.438052 900.353264 -146.003353 1479.730184 -180.549203 1748.033979 -154.78153 1652.815617 -132.909357 1605.697593 871.70837 3.29547 0.000229 0.033996 -0.001159 5.5e-05 -0.007819 -1.499006 -0.005947 -1.69208 -0.017265 -2.904819 -0.021448 -2.87695 -0.048785 -0.015818 -0.024032 -0.010308 -0.014614 -0.054187 -0.021615 -0.057359 -0.01733 -0.031989 -0.010735 -0.038357 0.0 -2.327142
42.768487 214.338427 87.248742 920.495768 207.024691 1458.903944 268.637043 1617.557412 279.982806 1545.841246 238.639539 1547.04322 -56.901579 209.874934 -100.343785 908.268198 -146.856681 1468.089098 -180.806463 1728.013764 -155.855369 1627.50102 -133.763697 1579.625227 853.626751 -1.050852 0.001111 -0.005284 -0.001197 -0.160655 -0.026918 -6.254161 -0.036478 -8.050848 -0.12313 -9.941348 -0.137878 -9.106224 -0.002015 0.009289 -0.002053 0.017319 -0.001243 -0.022986 -9.2e-05 -0.057653 -0.001856 -0.097679 -0.001369 -0.106705 -0.094751 -8.068175
43.065327 213.202985 89.296652 919.046194 203.815688 1305.70764 263.011559 1408.077177 279.294463 1301.716709 237.896136 1321.282627 -57.445876 211.630884 -98.474429 926.214962 -142.07352 1474.700562 -173.547062 1730.956327 -150.717879 1622.663462 -128.617123 1577.313261 840.352049 -17.665089 0.000513 -0.001508 0.011878 -0.000571 -0.012533 -4.247821 -0.029763 -7.260408 -0.000424 -10.483843 -0.00058 -8.898401 -0.001295 0.003658 0.008788 0.087789 0.039595 0.007427 0.074367 0.001252 0.04305 -0.0036 0.05048 -0.000847 -0.052014 -10.098891
44.616903 213.651956 93.510654 932.948005 193.312413 1113.764968 236.5569 1204.691965 236.056806 1045.718831 201.690503 1061.233102 -56.998377 212.692851 -97.241875 928.389403 -140.627463 1471.454363 -170.812649 1723.758905 -149.515388 1600.487174 -127.279421 1552.585878 761.306807 -58.806093 0.013729 0.000236 0.048576 0.052177 -0.13892 -7.625658 -0.700945 -7.928063 -1.81701 -14.000582 -1.493538 -14.234613 0.000875 0.001329 0.003881 0.001275 0.003698 -0.001788 0.010857 -0.007497 0.002408 -0.076291 0.003496 -0.097679 -1.951714 -12.009879
45.00209 214.912216 97.597683 1018.324513 190.145017 1045.969225 222.698963 1101.209164 215.15144 907.215492 184.542866 928.974468 -57.764538 211.948535 -99.086082 938.360211 -140.26947 1476.617246 -168.565184 1732.847719 -145.831201 1602.331199 -123.33455 1553.245198 715.246909 -98.190486 0.000828 0.001853 0.043707 1.868688 -0.013082 -1.064343 -0.209128 -2.323189 -0.484554 -4.917564 -0.38084 -4.399466 -0.002557 -0.000652 -0.008662 0.026629 0.000228 0.004521 0.007442 0.011949 0.022979 0.000531 0.03105 7e-05 -0.718575 -5.02028
45.358579 209.259799 98.624486 1022.056717 165.329324 904.111218 183.50531 948.254139 174.813324 747.059997 151.270416 769.650722 -60.731551 208.672343 -104.287038 933.450005 -142.012995 1476.610375 -169.67013 1750.823685 -146.261375 1612.483103 -124.028315 1554.237613 640.877372 -164.43798 0.000703 -0.037663 0.002687 0.003413 -0.867251 -5.166553 -1.895271 -5.71562 -2.091907 -7.770824 -1.652386 -7.488448 -0.037151 -0.012759 -0.066514 -0.00644 -0.005385 -0.0 -0.001805 0.046379 -0.000317 0.016029 -0.000973 0.000158 -2.040739 -8.492714
45.37528 199.532925 114.599581 1021.374076 156.465992 745.713795 162.031413 758.22959 149.226767 560.95703 131.544264 593.053393 -61.448242 209.335251 -105.835649 958.760377 -142.363035 1479.539656 -168.580971 1753.052308 -146.494952 1601.85906 -124.412358 1543.532134 591.430819 -266.95312 2e-06 -0.115738 0.599282 -0.000114 -0.122086 -7.621362 -0.667909 -10.613042 -1.011751 -13.306933 -0.688782 -11.491368 -0.002102 0.000526 -0.005707 0.169284 -0.000215 0.001451 0.001754 0.000709 -9.3e-05 -0.017557 -0.000297 -0.018498 -0.992425 -12.357775
44.719841 199.477949 139.109142 1068.95376 132.052959 573.034417 117.682028 511.81211 107.022849 347.543808 96.890003 400.608389 -63.498374 213.855698 -108.171969 1049.968585 -146.770594 1497.185064 -170.825736 1760.167523 -150.117857 1596.526507 -128.020054 1540.32609 510.644478 -454.287913 -0.002384 -4e-06 1.18665 0.54157 -1.03471 -11.354362 -3.538241 -24.134663 -3.499354 -25.42181 -2.643885 -18.813764 -0.01682 0.024144 -0.012753 2.071765 -0.033596 0.0523 -0.007423 0.007205 -0.022126 -0.004445 -0.025781 -0.001667 -2.964963 -24.753917
42.477414 204.020476 145.4174 1070.854456 101.571631 433.441656 80.380265 344.455504 71.62693 224.289883 66.085594 282.699452 -69.27995 216.252958 -121.894873 1056.038977 -154.274208 1509.094225 -176.350281 1777.211921 -155.800235 1608.421076 -134.113157 1558.677753 438.704163 -631.457322 -0.028839 0.02557 0.069939 0.000844 -1.997006 -9.727385 -3.544298 -16.514083 -3.541605 -13.441141 -2.937684 -10.249829 -0.125934 0.006681 -0.409633 0.008749 -0.093529 0.023589 -0.043958 0.041063 -0.052779 0.022072 -0.070825 0.054338 -2.729693 -14.552575
43.803198 202.299844 156.941283 1070.858747 91.935862 348.375357 72.050283 252.872772 61.838909 158.027745 56.637152 214.709018 -70.008069 214.583182 -128.894286 1055.868532 -157.712603 1505.649392 -180.632666 1778.157847 -155.343168 1608.569766 -133.596234 1559.285878 413.205055 -758.23517 0.010187 -0.003643 0.219686 0.0 -0.240057 -4.641636 -0.227777 -7.062512 -0.359397 -5.785959 -0.364259 -4.668694 -0.001903 -0.003236 -0.097694 -7e-06 -0.018948 -0.001968 -0.025687 0.000126 0.000336 3e-06 0.000499 5.9e-05 -0.381702 -5.79488
44.760028 193.691408 162.610983 1060.732975 82.446702 280.322106 60.708421 181.552999 52.563523 101.194315 48.562127 151.328922 -69.322623 209.722036 -126.652128 1046.053081 -156.706084 1505.194032 -179.949747 1791.826108 -154.480978 1626.710728 -132.73879 1574.447384 387.267302 -916.452328 0.005169 -0.09358 0.050302 -0.024051 -0.258371 -3.694059 -0.485367 -5.894278 -0.376629 -6.30698 -0.310375 -5.528943 0.001686 -0.027847 0.009837 -0.022918 0.001611 -3.4e-05 0.000647 0.026166 0.0012 0.050861 0.00138 0.036677 -0.420342 -7.490585
45.150556 183.309238 171.599022 990.75846 80.560561 207.497849 55.548639 121.358282 47.432012 64.078866 44.042346 107.750213 -66.148164 206.078114 -122.215499 1020.6989 -155.636006 1527.721851 -180.583883 1844.320682 -155.867052 1676.55375 -133.583213 1616.358539 375.265197 -1085.09722 0.000848 -0.142984 0.120881 -1.193731 -0.010913 -5.466417 -0.114559 -6.041208 -0.131755 -4.221426 -0.110365 -3.691402 0.037198 -0.015967 0.03955 -0.155524 0.001833 0.083667 -0.000558 0.378948 -0.003095 0.376063 -0.001339 0.275263 -0.094461 -7.117425
45.331126 184.305212 174.366299 963.861711 79.116109 145.067499 56.09104 66.670711 47.504205 30.904904 43.613419 66.374844 -63.935474 208.615606 -120.972955 1005.627983 -154.323296 1533.729784 -179.973255 1868.111246 -153.254905 1717.428073 -131.048217 1653.933636 371.407901 -1287.564273 0.00018 0.001349 0.011068 -0.185066 -0.006533 -5.571435 0.001318 -8.128543 2.7e-05 -5.981496 -0.001049 -4.987201 0.01882 0.007763 0.003174 -0.056046 0.00278 0.005895 0.000517 0.07623 0.011037 0.246137 0.012142 0.215873 -0.009963 -8.654375
45.348303 183.685088 175.335261 890.089919 74.953392 109.116801 53.334498 36.880835 44.912728 14.24469 40.947502 42.424559 -63.554147 208.026735 -121.646907 1000.765765 -154.411348 1533.665124 -180.385136 1867.766307 -153.14852 1725.239327 -131.032183 1662.861987 363.932498 -1425.952526 2e-06 -0.000523 0.001342 -1.468332 -0.056245 -2.555197 -0.034726 -4.377527 -0.036341 -3.18624 -0.042034 -2.668851 0.00057 -0.000416 -0.000936 -0.005891 -1.3e-05 -1e-06 -0.000235 -1.6e-05 1.8e-05 0.008862 0.0 0.012017 -0.037998 -3.53117
44.747427 182.054655 176.419785 863.5329 77.57276 87.128414 56.776295 21.901607 47.770127 7.403272 42.994792 30.930092 -62.936599 206.66585 -118.220937 1003.195684 -155.743771 1527.125736 -184.009977 1852.612578 -157.637459 1714.341308 -134.85871 1655.937467 378.962896 -1496.429381 -0.002004 -0.003634 0.001672 -0.201102 0.022493 -1.23574 0.053804 -1.940572 0.044057 -1.10948 0.02497 -0.906172 0.001507 -0.002233 0.024467 0.001473 -0.002862 -0.006986 -0.01803 -0.030862 -0.03242 -0.017265 -0.027536 -0.007224 0.152064 -0.849942
44.178921 183.069799 185.731157 797.295019 80.155126 56.582126 59.568671 6.647463 49.738668 0.93785 44.534687 15.713209 -63.460382 207.069633 -120.953485 1003.650336 -161.060803 1535.861262 -191.519996 1862.927902 -163.961155 1729.618961 -140.517784 1674.599678 394.312218 -1650.005639 -0.001817 0.001411 0.119724 -1.32139 0.021141 -3.283892 0.033515 -4.416924 0.019873 -3.071147 0.013547 -2.551987 -0.001085 0.000197 -0.01561 5.2e-05 -0.044622 0.012457 -0.075102 0.014319 -0.062178 0.033887 -0.058154 0.052286 0.152355 -3.750233
43.829159 181.677344 184.810652 705.763851 79.610464 42.744986 59.78112 2.912088 49.558746 0.057854 44.415119 10.387242 -63.646126 206.383523 -124.038073 962.838105 -161.27752 1529.755434 -191.841501 1863.712381 -161.672663 1734.648539 -138.318545 1678.084816 390.25425 -1714.670789 -0.000695 -0.002658 -0.001143 -2.789557 -0.000928 -0.96854 0.000189 -0.760006 -0.000163 -0.529835 -8e-05 -0.549177 -0.000136 -0.000569 -0.019419 -0.423551 -7.3e-05 -0.006081 -0.000135 8.3e-05 0.008042 0.003651 0.008673 0.001811 -0.010494 -0.621452
44.261046 184.065123 181.014183 667.869604 77.976671 29.19824 59.457671 0.172532 49.091239 -0.686178 43.705735 5.119904 -62.999079 209.679915 -125.813625 937.860543 -163.566806 1518.02588 -197.50856 1866.955736 -162.063812 1756.549409 -138.297446 1697.969497 389.546905 -1826.670601 0.001059 0.007794 -0.0197 -0.522791 -0.008469 -1.286921 -0.000439 -1.666976 -0.001108 -1.14252 -0.002855 -0.921992 0.001653 0.013059 -0.006309 -0.164125 -0.008067 -0.022571 -0.041245 0.00141 -0.000236 0.068695 1e-06 0.05856 -0.000321 -1.771517
42.327596 185.265102 180.234746 703.121617 77.819061 31.714301 59.408504 0.152069 49.259936 -0.957094 43.777087 4.480776 -64.579636 213.411477 -127.192354 972.620472 -164.36316 1535.481233 -197.020584 1872.600927 -164.812639 1759.517158 -141.291181 1702.308991 394.279789 -1842.547966 -0.021589 0.001949 -0.000841 0.453289 -8e-05 0.051987 -1e-05 -0.000646 0.000145 -0.022486 2.9e-05 -0.021297 -0.009791 0.016456 -0.003757 0.316243 -0.000967 0.049892 0.000302 0.004261 -0.011558 0.001252 -0.016028 0.002769 0.014289 -0.034352
43.119557 190.830199 172.958729 680.91278 71.787637 20.731294 54.793352 -0.947857 46.153572 -4.124144 40.642941 1.250114 -62.651363 215.480909 -122.851406 971.899546 -163.361583 1540.882427 -197.220925 1881.305599 -166.399026 1777.01166 -142.874119 1719.504596 387.822783 -1952.350891 0.00367 0.041176 -0.074953 -0.178198 -0.121628 -1.162908 -0.093292 -1.859241 -0.05058 -1.107729 -0.058199 -0.997401 0.014613 0.004993 0.037684 -0.000134 0.00153 0.004741 -5.1e-05 0.010092 -0.003799 0.043271 -0.004409 0.043207 -0.026655 -1.588871
40.140711 194.558079 162.552767 621.950035 58.830503 23.598012 41.782969 -0.010324 33.945151 -0.940016 30.257679 4.021539 -62.727391 221.310068 -118.80889 976.553373 -162.106003 1551.432697 -196.056708 1898.025739 -165.582792 1794.819962 -142.433024 1734.050313 349.471038 -1877.910057 -0.053305 0.01803 -0.16141 -1.334902 -0.644253 0.092791 -0.880366 0.760334 -0.935854 1.126262 -0.764722 0.787288 -2.3e-05 0.038898 0.033814 0.005558 0.002422 0.017998 0.001723 0.036986 0.001003 0.044394 0.000341 0.030632 -0.998145 0.723444
41.901103 200.960727 128.148763 706.151855 45.778963 37.676689 32.619892 1.318055 28.363259 6.8e-05 23.790837 8.914802 -61.168035 221.690896 -118.209531 950.337416 -157.386858 1517.73398 -190.180443 1877.26773 -158.207024 1778.757097 -135.341107 1713.05799 320.544411 -1778.063092 0.018889 0.051826 -2.043005 2.67189 -0.817377 1.63931 -0.566395 1.561685 -0.25053 0.956039 -0.38827 0.961163 0.009813 0.000164 0.000758 -0.178346 0.034855 -0.185008 0.044704 -0.057068 0.084019 -0.036101 0.090547 -0.06392 -0.624717 1.363697
42.382912 203.627333 120.125667 751.933339 30.483936 51.343031 17.296913 5.52565 14.736625 1.339582 12.914859 15.354866 -61.444692 224.513907 -118.007362 940.562563 -157.935896 1504.849493 -191.226454 1870.463036 -155.99857 1778.590433 -132.979388 1709.486922 266.628727 -1682.306919 0.001377 0.008788 -0.129669 0.718909 -1.549501 1.055286 -2.410029 1.446257 -2.210829 1.320602 -1.648297 0.870045 -0.000312 0.00893 8.7e-05 -0.025265 -0.000478 -0.027462 -0.001434 -0.006178 0.007761 -4e-06 0.010394 -0.001863 -2.480575 1.325147
46.686047 185.468549 118.793168 821.150446 24.442985 94.546383 11.009202 28.698665 9.1958 13.003132 8.374662 36.73839 -58.076313 206.559698 -114.645016 913.421626 -153.81473 1476.835301 -187.616663 1834.61512 -151.179893 1751.32502 -128.324188 1678.707011 234.947005 -1462.515554 0.104008 -0.423959 -0.003716 1.523545 -0.333207 6.543831 -0.707187 9.038702 -0.650238 5.995557 -0.489754 4.591127 0.047474 -0.374059 0.024298 -0.198672 0.027241 -0.131606 0.017198 -0.173425 0.037797 -0.105302 0.04147 -0.139812 -1.001578 7.690002
44.019802 184.500601 108.026336 823.908468 13.939362 136.130879 3.717972 64.566272 2.426936 39.90658 2.214801 74.360669 -60.522612 204.819925 -118.088572 892.327673 -154.816459 1464.633931 -187.828176 1819.121073 -150.243859 1735.107828 -127.67203 1665.366903 190.861489 -1248.736082 -0.039195 -0.001266 -0.255688 0.002312 -1.465163 3.779204 -1.931565 7.172758 -2.174431 7.350496 -1.975937 6.564065 -0.025232 -0.003679 -0.025477 -0.123209 -0.001626 -0.025306 -6e-05 -0.032852 0.001453 -0.037717 0.000831 -0.026608 -2.288316 8.441289
44.368099 185.23103 105.762753 828.745189 9.766184 151.126398 1.137956 77.887904 0.587044 49.699539 0.534035 87.758576 -62.641833 205.953294 -119.974024 901.988507 -157.743594 1485.050419 -191.0871 1840.964068 -154.402534 1748.378147 -131.656265 1677.469327 174.030698 -1208.523317 0.000686 0.000722 -0.011984 0.007078 -0.370219 0.391668 -0.742103 0.624255 -0.626749 0.536739 -0.573721 0.554565 -0.018233 0.001564 -0.007466 0.026008 -0.013707 0.070658 -0.014015 0.065179 -0.028386 0.025277 -0.030608 0.021908 -0.38837 0.329061
44.845885 186.251563 96.64433 876.529329 6.305813 172.019895 0.131755 94.509526 0.060381 59.154352 0.050251 100.118338 -62.55855 208.429951 -120.855635 915.993344 -157.48139 1480.585073 -190.387557 1826.885614 -153.036127 1729.761995 -130.772973 1662.303002 159.176154 -1149.157172 0.001279 0.001402 -0.205496 0.66962 -0.376937 0.676157 -0.495292 0.803154 -0.27088 0.41139 -0.256653 0.406994 2.8e-05 0.007401 -0.001614 0.053944 0.000109 -0.003362 0.000641 -0.027019 0.003037 -0.04982 0.001487 -0.034436 -0.331277 0.747535
45.916829 188.557707 100.039629 978.089161 9.019412 219.906248 0.708942 131.369861 0.629044 80.825328 0.557548 127.194437 -63.606141 209.547106 -123.869916 940.32037 -158.733983 1482.823447 -191.238735 1830.527987 -153.952923 1724.77887 -131.764003 1658.599557 174.26376 -1058.862428 0.006318 0.007095 0.029308 2.782821 0.242158 2.936428 0.229447 3.027837 0.299644 1.687671 0.273031 1.61833 -0.004349 0.001493 -0.018564 0.15941 -0.002481 0.000845 -0.000949 0.001814 -0.001369 -0.003594 -0.00187 -0.002065 0.34152 1.847029
45.785254 190.989228 102.33645 1009.494804 13.004207 241.938843 3.074188 157.591214 2.462743 93.555732 2.156643 141.457655 -66.884488 215.295109 -129.635321 1011.820582 -159.23632 1496.695704 -188.675258 1829.050464 -154.07823 1711.264716 -132.104335 1647.957492 195.500184 -1004.573928 -9.4e-05 0.007789 0.013034 0.248134 0.36349 0.525838 0.830557 1.192169 0.60247 0.465302 0.521082 0.378897 -0.041188 0.038886 -0.065569 1.309843 -0.000397 0.032294 0.008649 -0.000298 -2.5e-05 -0.026576 -0.000219 -0.017126 0.610333 0.714282
45.99449 193.614435 113.177159 1057.361171 27.143854 307.883698 11.482459 222.845664 9.874032 136.297975 9.10662 187.682799 -66.538787 221.328689 -127.253331 1035.503064 -159.360373 1521.079623 -188.124168 1840.772522 -161.16309 1709.479282 -137.594237 1646.599137 250.820066 -880.37876 0.000239 0.00896 0.272826 0.554344 2.572308 3.968987 2.674015 5.638166 2.47428 4.00901 2.399917 3.262142 0.000448 0.04169 0.011044 0.136979 -2.4e-05 0.098514 0.000403 0.018721 -0.079624 -0.000466 -0.055881 -0.00028 3.441625 4.095916
44.605597 189.825348 117.638839 1125.595314 45.208328 374.104636 28.421125 277.86855 26.467482 175.220681 23.524178 230.538022 -65.805727 207.023748 -123.859037 982.43304 -158.774463 1496.291732 -188.030083 1817.673574 -162.974044 1680.455783 -138.301932 1616.857736 320.796201 -770.410401 -0.010646 -0.018722 0.043126 1.066681 2.291401 3.222634 3.773574 3.032382 4.009439 2.441164 3.357893 2.201489 0.00203 -0.238925 0.022941 -0.697969 0.00054 -0.101819 1.2e-05 -0.072923 -0.005059 -0.124247 -0.000908 -0.135526 4.299339 3.666878
43.142966 192.627169 120.269562 1203.210541 61.328595 444.62863 43.970462 342.440249 42.281695 216.5759 37.671567 274.457417 -69.021368 209.03206 -127.047263 982.341312 -164.660322 1502.367901 -193.083753 1815.209197 -167.19661 1671.225374 -142.549639 1610.929159 377.63723 -684.560418 -0.012191 0.010263 0.014545 1.293753 1.226653 3.043051 1.689678 3.369984 1.843572 2.188693 1.657769 1.913457 -0.038352 0.004847 -0.020257 -2e-06 -0.05356 0.006156 -0.033508 -0.000836 -0.027002 -0.01271 -0.032124 -0.005445 2.316806 2.534981
43.655075 203.65906 114.91539 1287.995699 73.129006 511.458202 58.28645 401.448581 59.57548 254.751343 52.29137 313.391345 -68.576466 204.663679 -125.318372 969.139305 -163.697339 1485.995763 -191.565697 1797.697283 -165.987395 1657.839365 -141.726816 1597.765416 424.447552 -612.841802 0.001511 0.153584 -0.060954 1.443198 0.518821 2.338522 1.00708 2.344086 1.478845 1.548566 1.195874 1.290737 0.000719 -0.023064 0.005922 -0.044657 0.001412 -0.044849 0.002996 -0.042441 0.002194 -0.026912 0.001191 -0.027002 1.367109 1.98377
43.209155 202.754334 105.65024 1252.060311 71.55693 694.766287 59.091564 642.548991 59.077544 451.321271 51.431691 499.450359 -69.273055 201.113947 -123.809025 961.184428 -163.484183 1482.107195 -191.83564 1789.364949 -167.47048 1644.250735 -142.33139 1583.575085 425.482634 -372.68451 -0.001145 -0.001007 -0.194683 -0.25421 -0.008541 14.009884 0.002761 28.221257 -0.001045 27.914225 -0.003563 21.580888 -0.00176 -0.015527 0.004572 -0.016391 6.9e-05 -0.002547 -9.5e-05 -0.009678 -0.003298 -0.02796 -0.000643 -0.031648 0.00063 29.709077
43.450843 200.344886 95.339028 1168.35983 50.316236 876.182959 35.303385 927.324734 32.930619 701.479328 29.639755 721.051018 -68.664156 203.887003 -124.819568 976.605714 -150.729953 1498.376741 -168.714882 1796.12546 -144.035133 1636.624033 -123.410553 1579.001542 314.707046 -195.15406 0.000337 -0.007201 -0.264669 -1.447655 -1.865243 10.510358 -3.046556 26.045273 -3.793423 27.469462 -2.983733 20.28608 0.001344 0.009494 -0.002054 0.061364 0.258959 0.044406 0.742088 0.006374 0.882801 -0.008865 0.674438 -0.003307 -8.33619 28.465248
43.573041 200.099877 93.570607 1164.385875 40.415115 965.379712 25.738464 1062.336282 24.086489 811.229872 22.201853 817.436819 -68.611614 203.286152 -120.233024 981.68925 -147.998634 1494.609562 -168.966515 1781.642903 -146.497982 1602.865929 -124.676503 1537.978326 289.388881 -133.488231 8.6e-05 -7.5e-05 -0.008277 -0.003385 -0.541851 2.161407 -0.754043 4.585995 -0.690099 3.986581 -0.536346 3.022239 1e-05 -0.000443 0.042926 0.006598 0.012487 -0.002371 -9.4e-05 -0.029312 -0.010439 -0.175898 -0.00323 -0.269969 -0.530786 5.837271
44.598034 199.833615 96.746314 1172.334229 24.227928 1015.343514 8.113986 1134.072671 7.233884 863.454257 7.736501 865.112282 -67.674452 203.870662 -119.431454 1002.607698 -138.782788 1496.515616 -153.228711 1786.823092 -135.204191 1586.994624 -115.027298 1517.661532 204.985703 -109.254943 0.005958 -8.9e-05 0.026497 0.013518 -2.059515 0.630269 -4.949748 1.171795 -4.920459 0.814497 -3.726551 0.675584 0.003222 0.00042 0.00134 0.110264 0.148116 0.000607 0.38459 0.00376 0.226482 -0.039484 0.194292 -0.067543 -7.25824 1.212645
45.759607 201.378945 92.346663 1184.856525 14.650489 1078.966273 2.307363 1217.097842 1.711051 938.214514 2.261741 935.414146 -67.307005 205.197652 -118.537151 1002.250271 -137.972116 1498.144412 -152.662663 1788.628545 -133.372011 1575.354992 -113.100382 1505.831185 165.296064 -82.091833 0.007466 0.002976 -0.051191 0.033262 -1.198131 0.966617 -1.767585 1.466361 -1.908588 1.551757 -1.632129 1.372998 0.0005 0.002152 0.00168 -3.2e-05 0.001187 0.000443 0.000524 0.000456 0.006249 -0.021421 0.008138 -0.023145 -2.133265 1.937816
45.907782 197.163172 92.157284 1174.067734 10.602695 1121.191825 0.61835 1297.642564 0.181639 1012.345834 0.546556 999.336436 -65.784696 198.489682 -116.681675 978.927254 -140.453425 1468.401309 -158.277355 1759.166396 -135.458458 1561.281711 -114.070781 1489.957986 145.560685 -59.223412 0.00012 -0.022298 -9.7e-05 -0.024672 -0.326518 0.405235 -0.536774 1.290216 -0.777713 1.409195 -0.584635 1.056254 0.008706 -0.055736 0.007318 -0.137288 -0.011057 -0.149109 -0.050697 -0.122334 -0.008097 -0.031572 -0.002073 -0.042052 -0.627103 1.862623
47.326653 194.833866 91.375954 1166.489262 11.467598 1094.324434 1.048616 1265.433856 0.425077 980.236291 0.816117 970.638428 -65.015148 198.735973 -116.343387 977.04219 -140.548521 1458.370349 -158.775589 1748.471111 -133.689187 1546.197008 -112.097902 1475.013018 149.191164 -64.207948 0.010797 -0.006921 -0.001663 -0.012269 0.016954 -0.162915 0.056486 -0.202382 0.05098 -0.258732 0.026928 -0.209043 0.002264 7.6e-05 0.000246 -0.000908 -1.6e-05 -0.01719 -0.000391 -0.016306 0.005815 -0.036613 0.008605 -0.037665 0.022359 -0.100686
47.246728 194.408707 91.399543 1165.56156 13.247792 1091.915093 1.776312 1261.933524 0.939871 977.531875 1.447942 966.41875 -65.37586 199.079203 -116.893725 977.492367 -143.963035 1444.998311 -163.994433 1737.786323 -137.273228 1527.76798 -114.818928 1457.234737 160.930419 -61.170646 -3.4e-05 -0.000232 2e-06 -0.000185 0.064195 -0.001328 0.095335 -0.002424 0.1008 -0.001868 0.089948 -0.004596 -0.000499 0.000148 -0.000649 5.2e-05 -0.02049 -0.030794 -0.042194 -0.016374 -0.023704 -0.055243 -0.016315 -0.053896 0.222267 0.036795
47.718316 189.892611 91.741652 1147.112275 15.209515 1102.497383 3.191029 1280.778358 2.051687 994.226147 2.483327 979.75731 -64.236225 193.732306 -117.554941 968.65488 -144.798698 1431.734546 -165.808747 1721.227747 -139.305842 1517.261473 -116.670279 1445.713247 175.169479 -55.066623 0.001171 -0.026536 0.00032 -0.07359 0.067697 0.025516 0.205718 0.069833 0.214278 0.070674 0.138796 0.04571 0.00501 -0.036392 -0.000932 -0.020066 -0.001209 -0.030578 -0.00499 -0.039634 -0.007469 -0.018126 -0.007403 -0.022864 0.301758 0.160382
47.986818 190.193513 95.183119 1144.923781 17.235441 1087.663952 4.027888 1258.123642 2.520926 975.654113 3.048907 965.961312 -64.448554 193.81312 -118.506653 960.639 -145.867768 1429.484154 -169.473138 1721.175322 -139.787593 1510.984932 -117.4723 1439.015436 179.852853 -58.307384 0.000377 0.000119 0.031683 -0.001045 0.063313 -0.050232 0.048671 -0.101076 0.02414 -0.087551 0.028987 -0.04891 -0.000175 8e-06 -0.001918 -0.016652 -0.001966 -0.000885 -0.020025 -0.0 -0.000416 -0.006505 -0.001374 -0.007776 0.030892 -0.046328
47.007602 189.159024 94.997125 1126.717442 19.013258 1094.627514 5.062142 1279.809247 2.969542 1005.450694 3.64428 994.803211 -66.31804 198.819252 -124.870249 965.762363 -153.951148 1430.264895 -175.542422 1715.293559 -147.747777 1502.568211 -125.203699 1437.015542 192.609714 -49.760781 -0.005047 -0.001411 -9.1e-05 -0.07296 0.043623 0.01111 0.05903 0.092649 0.018358 0.224089 0.026532 0.212137 -0.013364 0.031916 -0.083209 0.006813 -0.108987 0.000107 -0.053388 -0.005034 -0.110207 -0.011754 -0.123188 -0.000695 0.218526 0.338485
47.454674 196.020655 102.326803 1093.885762 20.150841 1092.098469 5.375339 1283.484593 3.178053 1001.699159 3.866748 986.575165 -71.134427 207.038242 -143.052859 989.830553 -143.1079 1394.296764 -171.513224 1632.372268 -144.802499 1345.557154 -114.658546 1296.717318 190.884629 -25.323093 0.001058 0.061122 0.136179 -0.242722 0.016525 -0.001462 0.0047 0.002635 0.003537 -0.003506 0.003295 -0.017084 -0.08441 0.08323 -0.617694 0.148114 0.197966 -0.229019 0.02339 -1.027133 0.014826 -4.331135 0.231912 -3.602504 -0.00388 4.088187
48.414039 202.829793 107.535998 1122.124863 19.708551 1105.912 4.178343 1288.23893 2.664335 991.579063 3.340636 976.105088 -70.805883 218.132423 -144.249028 1196.850368 -110.935719 1393.469833 -92.692891 1590.389327 -83.479298 1217.197449 -74.558068 1175.132848 115.970926 -11.553259 0.0048 0.058127 0.064661 0.179936 -0.002454 0.043406 -0.075283 0.004395 -0.022629 -0.025691 -0.019228 -0.027927 0.00038 0.144768 -0.00249 9.821659 2.045383 -0.000123 12.031123 -0.273468 8.390815 -3.21657 4.298041 -2.992037 -9.284944 2.667333
48.368512 206.471301 111.90721 1117.362539 19.274152 1099.63607 4.055233 1278.740964 2.348961 978.533986 3.113187 960.223565 -71.237018 221.637917 -165.060963 1179.242774 -96.416877 1218.346648 -68.653142 1338.485351 -60.458453 988.390319 -57.774187 971.935781 86.641387 -0.024695 -1.1e-05 0.016199 0.043541 -0.005064 -0.00242 -0.008929 -0.00092 -0.017572 -0.00993 -0.043189 -0.004009 -0.06513 -0.000654 0.013972 -0.70096 -0.06524 0.50893 -5.877648 1.800952 -10.852871 1.852858 -11.900302 1.068676 -9.636841 -2.134066 10.509662
48.476932 208.274656 121.846642 1115.004978 17.55833 1079.965215 2.399972 1241.848392 1.025804 959.63354 2.019084 947.830014 -70.393908 222.366686 -196.486922 1194.222281 -65.303011 988.18214 -30.779349 1009.314902 -28.690555 732.517609 -31.897671 755.76837 40.566409 15.310708 6.1e-05 0.003921 0.211413 -0.001245 -0.039987 -0.088766 -0.215831 -0.270003 -0.270205 -0.092158 -0.117977 -0.040251 0.002509 0.000598 -1.368371 0.04727 3.021276 -12.03714 7.495578 -23.189997 5.852272 -19.128491 3.814721 -13.576593 -8.63748 16.565206
47.995984 209.294893 143.791804 1118.478563 15.552155 1059.587748 1.039372 1215.93406 0.105517 945.169059 0.832971 942.910984 -71.322214 220.189096 -211.127311 1174.786132 -47.580606 705.18632 -18.092902 660.996519 -15.224443 448.857334 -17.959537 498.786012 17.864862 91.34291 -0.001199 0.001246 0.908029 0.002701 -0.060833 -0.097041 -0.28057 -0.136621 -0.473326 -0.05492 -0.258341 -0.006399 -0.00304 -0.005357 -0.263006 -0.079732 1.399863 -23.814595 1.675313 -36.721954 2.115586 -34.560396 1.987911 -26.602117 -4.590272 31.859912
47.030327 189.754812 147.612833 1032.163782 7.341433 959.856786 -0.066271 1081.614938 -0.934056 863.490688 -0.057231 881.035011 -69.396041 200.64129 -227.206781 1064.862741 -39.193703 554.119492 -12.554211 498.979584 -9.874238 350.160769 -12.878171 408.646294 4.734387 113.905007 -0.004907 -0.478692 0.025053 -1.732795 -1.523038 -2.464127 -1.630546 -3.929637 -1.667453 -1.845223 -1.326877 -1.04985 0.013183 -0.454248 -0.295022 -2.699181 0.406256 -9.093853 0.504644 -11.370395 0.576872 -6.119044 0.421529 -4.48811 -4.205863 1.24385
46.745608 188.994368 170.773467 965.273598 4.5968 878.865188 -0.882706 972.753945 -3.188634 802.083483 -0.847295 837.884911 -70.326462 196.895611 -243.285118 939.846675 -20.698252 384.400268 -2.217631 301.332827 -1.16662 217.97241 -2.879114 286.117712 -0.497833 183.797393 -0.000432 -0.000763 0.843514 -1.120323 -0.319782 -1.784616 -0.465249 -2.886299 -0.671104 -1.13238 -0.464111 -0.541685 -0.003098 -0.017647 -0.274806 -3.901873 2.927365 -15.473323 4.219001 -24.789546 4.252786 -15.592188 3.578989 -10.889916 -8.302682 8.320691
49.134347 177.794049 175.15804 910.967396 2.768482 813.234693 -1.877131 903.01525 -5.098698 751.075501 -1.95623 787.139229 -68.106437 173.058531 -241.225585 754.056342 -14.631719 285.001098 -0.728085 212.517641 -0.065321 158.00714 -0.776352 219.072558 -4.009809 220.097033 0.029761 -0.171047 0.027788 -0.786088 -0.230534 -1.273265 -0.185382 -1.296846 -0.223119 -0.837814 -0.228643 -0.792527 0.017802 -0.76874 0.004377 -10.219738 0.524741 -7.421008 0.404359 -7.733716 0.679838 -4.812757 0.665345 -4.468634 -1.681892 1.634506
48.609407 176.66664 181.895452 888.174334 2.052968 779.9371 -2.73592 853.078452 -6.669041 722.674065 -2.837747 763.658918 -68.850534 167.797922 -250.225619 585.632565 -10.647031 221.544398 -0.063854 162.250908 0.174163 131.480489 -0.087893 187.231019 -8.99866 237.65625 -0.00141 -0.001793 0.063571 -0.144387 -0.053388 -0.348001 -0.080643 -0.710152 -0.105248 -0.273695 -0.081744 -0.177765 -0.002021 -0.040597 -0.082417 -10.629165 0.316029 -3.990438 0.360703 -3.386373 0.452803 -1.217922 0.341805 -1.249614 -0.994659 0.336906
48.085633 174.18359 183.711747 804.857685 0.426119 749.269435 -5.821398 847.663463 -13.206929 736.277475 -6.738008 771.910516 -67.672932 165.737453 -249.56257 486.428418 -3.961213 192.173687 1.695711 150.419619 4.532973 127.922487 1.393833 182.478167 -33.214611 250.403756 -0.001419 -0.008787 0.004512 -2.051311 -0.608462 -0.307545 -0.575619 -0.00862 -1.106042 0.063421 -0.830296 0.022171 0.005079 -0.006365 0.00044 -4.599842 1.619763 -1.043861 2.417678 -0.223925 2.930088 -0.024402 2.181749 -0.030552 -7.636574 0.166503
44.86832 177.449288 180.781217 771.35221 0.005377 745.489357 -8.764455 851.742658 -17.731363 747.89174 -9.925587 782.458007 -68.654377 162.132262 -254.11244 463.022057 -4.751495 174.644638 1.11176 132.033713 3.477089 113.564991 0.937861 166.854819 -36.912406 278.58687 -0.055695 0.015165 -0.011781 -0.356153 -0.335765 -0.00478 -0.300003 0.004896 -0.332616 0.045444 -0.307717 0.035787 -0.003533 -0.019822 -0.020551 -0.288557 -0.035915 -0.419067 -0.061402 -0.599038 -0.069898 -0.427186 -0.045018 -0.349539 -0.09756 0.751292
43.03146 179.450843 176.452404 760.445282 -0.055185 756.096127 -10.788756 864.037416 -20.917912 760.079774 -11.977987 794.932464 -67.465045 164.889933 -247.396321 446.867731 -2.748831 186.032322 2.575617 147.998417 5.576881 127.464008 1.998118 179.566798 -48.096339 265.023696 -0.019195 0.005613 -0.026228 -0.038831 -0.095012 0.037462 -0.105068 0.044051 -0.131586 0.049255 -0.096369 0.049327 0.005196 0.011627 0.044973 -0.143415 0.272309 0.179817 0.30302 0.455446 0.246856 0.401079 0.198128 0.233312 -0.738902 -0.169228
43.426958 175.192357 177.984923 742.519991 0.003145 714.817849 -8.868626 795.522942 -16.728825 707.035633 -8.981199 743.631021 -67.142556 162.813453 -245.678324 485.472131 -3.498573 242.408654 1.723189 202.480799 4.387285 162.318563 1.358273 221.247471 -38.250184 191.814506 0.000905 -0.025568 0.003313 -0.106898 0.084675 -0.57931 0.094004 -1.414903 0.233793 -0.95923 0.21535 -0.855529 0.000386 -0.006579 0.002993 0.799568 -0.045151 3.725331 -0.085363 4.26057 -0.071266 2.10376 -0.061553 2.173077 0.563219 -5.904108
44.144223 177.306239 196.617449 750.735606 0.021416 724.439304 -8.186305 800.570001 -15.254761 734.109253 -8.140987 770.659409 -66.908181 163.219381 -235.470892 451.245171 -1.756784 206.612899 3.729151 180.349914 7.512542 157.941214 3.048013 213.151379 -44.177772 211.033267 0.002937 0.006338 0.463673 0.022601 0.008148 0.03216 0.013654 0.00798 0.033986 0.254328 0.020628 0.241232 0.000205 0.000253 0.108286 -0.625523 0.297036 -1.429083 0.382416 -0.640212 0.417726 -0.029916 0.336871 -0.075452 -0.21341 0.458698
45.624957 177.784353 197.491807 751.131368 7.857599 743.600626 0.210668 824.87557 -0.82244 737.928894 -0.017634 773.13728 -66.977528 156.859828 -232.892311 411.146314 -2.293955 171.748421 2.870645 147.093696 6.190674 130.123113 2.388886 177.803666 -11.525965 248.304947 0.012213 0.000322 0.00097 5.2e-05 7.058584 0.125055 11.023446 0.181733 8.9931 0.004956 7.400839 0.001989 -1.8e-05 -0.063184 0.007098 -0.932748 -0.035775 -1.609735 -0.056076 -1.693181 -0.063905 -1.34633 -0.040102 -1.601239 10.573195 1.514649
42.627885 177.268542 218.76592 779.082562 33.298447 860.385107 13.617848 987.614867 4.416473 853.444952 6.931525 877.25211 -70.410412 152.426352 -228.185609 412.231616 -2.297803 168.81686 3.044413 148.578571 6.290734 127.993484 2.399178 172.358717 -0.165318 320.422875 -0.050905 -0.000375 0.543994 0.255302 8.805105 4.257126 10.440985 7.320776 9.050622 4.198129 7.648389 3.287316 -0.042895 -0.031778 0.024024 0.000715 -2e-06 -0.012618 0.002553 0.003729 0.000401 -0.008786 1.1e-05 -0.042336 8.930523 4.591012
44.025892 176.021632 249.521894 777.803379 69.934029 872.860722 42.766928 1013.54779 23.443359 866.022927 26.776866 889.385331 -70.46664 138.460044 -227.944912 374.931001 -2.047847 129.656427 3.591291 108.984036 7.052821 89.174751 2.890493 129.547315 4.779119 399.401388 0.011278 -0.0022 1.011079 -0.000526 6.719377 0.044899 8.119115 0.168038 7.50921 0.046005 6.461042 0.041666 -1.1e-05 -0.335475 6.4e-05 -0.884263 0.007194 -2.580125 0.022574 -3.061587 0.02178 -3.497581 0.022867 -3.050823 6.722159 4.345847
45.656043 174.294448 271.201712 776.466949 73.373872 948.631178 44.84349 1130.438859 23.956607 971.121305 28.139844 984.800959 -69.207338 132.373707 -225.354835 363.701822 -1.7077 114.292044 4.36666 90.527784 8.110829 72.379265 3.527732 111.818953 4.188559 513.258941 0.014817 -0.004258 0.451505 -0.000575 0.04129 1.576633 0.024613 3.188847 0.002779 3.00867 0.016916 2.430401 0.005677 -0.068397 0.0074 -0.085362 0.015436 -0.484321 0.037863 -0.855501 0.036955 -0.875418 0.031713 -0.651955 -0.019467 7.129913
54.652785 169.508368 274.844932 781.071938 41.87194 966.092474 17.1891 1141.760762 6.162351 998.017904 10.055146 1014.262168 -63.424491 131.218924 -222.653335 358.236818 -3.128065 124.832154 1.989752 100.642243 5.019212 84.268742 1.758136 124.205282 0.058587 502.280739 0.404275 -0.033315 0.012154 0.006808 -4.389033 0.079621 -6.505327 0.028208 -5.818421 0.1837 -4.55274 0.217104 0.126128 -0.00253 0.008145 -0.020685 -0.2133 0.232406 -0.461136 0.267756 -0.369168 0.451853 -0.305012 0.325236 -3.256395 -0.05934
54.793528 172.599818 269.967701 807.636676 29.011638 942.512393 7.63748 1087.526551 1.742302 951.151955 4.673976 977.484541 -62.736455 134.210848 -223.262008 359.509931 -2.871079 123.637112 2.220659 94.048729 5.382638 80.88096 1.96934 122.948012 -1.000177 477.307457 9e-05 0.013968 -0.021831 0.22211 -1.176374 -0.145667 -1.91096 -0.659804 -1.35128 -0.563505 -1.018176 -0.339579 0.001876 0.016863 -0.000415 0.001129 0.005507 -0.002874 0.006336 -0.111682 0.006351 -0.034751 0.005988 -0.003198 -1.542904 -0.318382
50.333487 181.117487 241.934115 821.234482 7.190505 907.292691 -0.259099 1044.92313 -3.368704 920.819135 -0.499201 945.812729 -64.354706 145.290637 -226.629449 400.496613 -2.619306 134.157683 2.5046 99.090472 5.443349 85.111273 2.054249 129.456763 -17.376405 446.0301 -0.094652 0.102569 -0.768186 0.056758 -7.315584 -0.335316 -10.710021 -0.425621 -9.956332 -0.245768 -8.228175 -0.260795 -0.010303 0.219695 -0.012603 1.105998 0.005776 0.214761 0.008539 0.065817 0.00017 0.053914 0.000896 0.083934 -10.038841 -0.5299
45.63164 184.206585 218.813528 822.291966 0.952918 874.655723 -5.008228 1010.517331 -12.876289 890.156249 -5.877128 918.338002 -67.626996 147.57373 -229.013354 409.812391 -1.984551 137.382751 3.397021 104.680561 6.724539 87.599121 2.782105 131.434633 -38.211266 419.268468 -0.115254 0.013061 -0.580468 0.00034 -2.908173 -0.298903 -2.989058 -0.287978 -3.07284 -0.259606 -2.950621 -0.202479 -0.040572 0.008899 -0.006236 0.053552 0.043968 0.019153 0.067864 0.076691 0.067638 0.017919 0.055084 0.007497 -4.052268 -0.413936
45.531761 184.811544 209.164447 819.126161 0.317307 873.813316 -6.731403 1009.899737 -16.04468 886.895998 -8.263827 914.707033 -67.292189 153.147488 -223.678829 486.045291 -1.51437 225.847319 3.858291 198.775467 7.74987 166.966477 3.393879 219.041682 -46.096494 284.234253 -5.5e-05 0.000496 -0.108787 -0.003053 -0.170466 -0.000203 -0.127155 -9.4e-05 -0.174078 -0.002991 -0.202868 -0.003596 0.000415 0.051658 0.031432 3.249408 0.031735 10.93743 0.014678 14.956965 0.036362 12.688632 0.030375 11.125976 -0.369559 -13.081227
45.13654 185.656676 182.774831 821.079223 -0.008872 824.441493 -9.640394 949.782399 -19.899452 842.437842 -11.347293 873.240782 -64.547356 153.198757 -222.691047 456.036922 -1.494456 196.691506 3.989223 167.235534 7.900195 144.671058 3.481781 195.825929 -52.876293 288.892963 -0.000861 0.000964 -0.889427 0.001163 -0.432297 -0.717823 -0.260512 -0.922329 -0.207297 -0.571565 -0.243924 -0.480909 0.028576 4e-06 0.001093 -0.478053 6.6e-05 -1.007098 0.001092 -1.361463 0.000722 -0.798561 0.000562 -0.650079 -0.232487 0.018935
41.532373 185.432996 186.729201 785.117419 -0.020018 791.398221 -10.769852 906.445295 -20.581893 814.631477 -11.566695 845.838664 -65.11318 152.209932 -222.938922 445.2662 -1.056964 189.810073 5.036239 158.334726 8.819721 138.679868 3.938622 189.983957 -56.34797 281.08226 -0.074973 -6.7e-05 0.02116 -0.402632 -0.002236 -0.337896 -0.031275 -0.505962 -0.005753 -0.233318 -0.00105 -0.218409 -0.001235 -0.001601 -6.9e-05 -0.064358 0.037788 -0.061265 0.060936 -0.121693 0.025304 -0.063346 0.014076 -0.044232 -0.055187 -0.05352
39.366925 186.737101 181.987909 771.042513 -0.350926 755.474433 -15.039187 852.872168 -25.143507 759.420964 -13.979737 800.133769 -64.946056 151.264625 -230.509063 437.187753 -1.272075 184.883991 4.743353 150.491706 8.398483 132.967978 3.739426 185.272485 -62.605183 256.846119 -0.028987 0.002285 -0.030485 -0.063653 -0.203316 -0.417194 -0.355566 -0.815869 -0.228105 -0.968563 -0.11422 -0.634683 0.000107 -0.001472 -0.063195 -0.036978 -0.009955 -0.032383 -0.004387 -0.099608 -0.005153 -0.060058 -0.002584 -0.029578 -0.164686 -0.546252
40.134065 180.985636 172.278518 772.334182 -0.714267 793.72983 -16.003236 910.893459 -28.025974 807.207837 -16.762973 840.51534 -65.196173 149.014813 -220.427345 448.751518 -0.665413 192.12147 6.411172 159.4917 10.152377 137.363539 4.910019 188.748377 -71.914402 278.595625 0.003701 -0.044981 -0.133078 0.000541 -0.063884 0.472403 -0.014973 0.9546 -0.078191 0.728991 -0.126247 0.497034 -0.00024 -0.008428 0.112714 0.075472 0.097428 0.069476 0.125391 0.13068 0.083097 0.035738 0.079579 0.016152 -0.322502 0.441912
39.561784 183.419571 182.612252 766.352711 -0.161698 818.35783 -12.136565 952.844266 -24.326576 849.552248 -14.284063 880.901265 -69.861224 152.976038 -226.00025 454.098259 -1.094806 185.469604 5.204394 153.318812 8.710419 132.341614 3.900177 183.471642 -62.1502 311.278873 -0.002055 0.008128 0.150481 -0.011626 0.196272 0.188133 0.266924 0.472194 0.130869 0.54122 0.099121 0.47381 -0.080592 0.025981 -0.034786 0.015832 -0.053177 -0.058596 -0.062858 -0.060913 -0.055196 -0.046758 -0.058066 -0.037404 0.356046 0.906138
41.694863 178.551789 195.434768 746.79105 7.151623 835.783914 0.239065 979.906198 -1.560695 883.950405 -0.266653 894.841193 -69.556861 155.407732 -236.639415 448.870846 -9.929474 188.272333 -0.029965 159.452334 0.433615 132.77979 -0.038245 181.292319 -3.639593 331.541902 0.028003 -0.032732 0.217518 -0.12645 9.464044 0.091793 15.782347 0.189467 13.563902 0.341318 10.647439 0.054716 0.000332 0.009587 -0.122349 -0.015131 -4.430087 0.010509 -6.024167 0.060146 -5.25715 0.000362 -4.710851 -0.00651 35.709803 0.319445
45.942197 181.198674 238.975185 747.228133 39.877103 997.952942 19.800797 1197.100509 6.646372 1082.785145 9.569809 1081.937623 -67.835966 150.644493 -232.668054 441.925775 -6.428056 162.66883 0.846549 128.796183 2.54447 103.34728 0.324458 149.89053 0.966125 517.09461 0.102984 0.009737 2.187511 6.4e-05 13.253824 7.184896 15.688457 10.861552 14.648481 10.076799 13.031347 8.873988 0.010778 -0.037069 0.016803 -0.027074 0.379143 -0.93522 1.195053 -1.634826 0.877304 -1.841517 0.585492 -1.492074 8.356078 20.533788
50.166338 183.92703 283.719681 736.991056 82.474198 998.062343 53.40835 1205.283714 27.627762 1075.032783 31.92353 1085.953246 -67.571227 151.014822 -245.103349 440.706811 -15.086055 143.518618 -0.51837 111.852045 0.03919 84.181274 -0.441777 128.121639 25.585861 557.55758 0.092874 0.010194 1.918664 -0.035304 7.654621 3e-06 8.169839 0.013937 7.172519 -0.013926 6.536103 0.003719 0.000259 0.000227 -0.161859 -0.000842 -1.819035 -0.599453 -2.689799 -0.597263 -1.952097 -0.981984 -1.523435 -0.853584 16.608319 0.762029
49.503625 183.341439 301.048359 735.02344 87.967308 1041.357669 56.985868 1269.966683 29.508672 1123.65801 34.88433 1141.171128 -68.404015 150.682757 -265.92678 427.513939 -30.117875 136.414418 -6.956734 105.00665 -2.691999 75.076413 -5.442724 117.651704 50.026192 617.83783 -0.002203 -0.000467 0.25681 -0.001315 0.088541 0.459615 0.057983 0.845288 0.030968 0.537752 0.065641 0.684623 -0.00255 -0.000183 -0.424432 -0.100241 -2.57249 -0.09016 -3.677124 -0.108068 -3.380803 -0.260478 -2.783229 -0.223111 4.058906 1.546757
53.368457 181.834844 305.715175 736.384547 48.609906 1031.690464 21.466212 1231.820747 7.803292 1102.828512 13.040859 1128.719656 -67.538795 154.808004 -262.884653 405.319834 -13.068856 130.116314 -0.208033 96.85498 0.111198 77.12859 -0.263278 121.665906 6.051468 596.657494 0.072625 -0.003108 0.017947 0.00063 -5.793689 -0.022541 -8.501505 -0.290831 -6.963008 -0.097435 -5.267405 -0.034151 0.002753 0.027854 0.00875 -0.295777 3.50771 -0.074422 4.758748 -0.164659 3.897447 0.013835 3.311883 0.033669 -21.279276 -0.184703
52.950738 182.476718 281.688864 748.707637 31.295406 1018.76736 10.087681 1199.714417 2.254504 1076.733499 5.579217 1102.773881 -66.62103 157.58852 -260.291526 406.441403 -9.43449 132.241591 0.017139 96.384338 0.737561 78.580067 -0.001227 124.171872 0.413047 573.558324 -0.000821 0.000565 -0.491574 0.051129 -1.898473 -0.040725 -2.123005 -0.211977 -1.6691 -0.156218 -1.560441 -0.150842 0.003139 0.012374 0.006426 0.000775 0.29542 0.008608 0.344595 -0.000573 0.275992 0.006765 0.228563 0.012773 -3.302528 -0.228002
46.68002 175.792851 241.697575 741.340818 27.172059 957.893146 0.752759 1136.784674 -0.152672 1014.671854 1.777234 1034.271479 -66.342895 158.390681 -255.86039 475.627532 -11.120172 145.836023 -0.082152 96.592128 0.174013 79.176294 -0.132887 127.976087 -0.652672 526.969123 -0.197534 -0.062352 -1.530078 -0.018211 -0.145578 -0.937579 -5.329144 -0.847608 -3.580545 -0.92103 -1.05865 -1.098195 0.000291 0.001018 0.019021 2.717534 -0.069238 0.332496 -0.174337 0.000112 -0.195067 0.001127 -0.108578 0.028699 -2.104149 -0.986585
44.528323 175.967942 227.35388 764.430467 1.385359 935.638933 -5.657005 1101.877218 -13.91107 973.498992 -5.599199 1001.750094 -67.988433 156.897081 -253.818453 469.05465 -4.038158 155.906568 1.582528 112.895349 3.927015 93.250195 1.234667 142.310768 -32.620368 464.158212 -0.025384 4.4e-05 -0.219368 0.17704 -16.286629 -0.130779 -10.536925 -0.272173 -11.149071 -0.426368 -13.685502 -0.259749 -0.010079 -0.003538 0.00409 -0.022867 1.756089 0.168097 2.38581 0.635357 2.447725 0.575334 2.177666 0.380388 -24.044734 -1.992267
45.097705 176.842244 210.239919 771.645411 0.141383 879.470849 -7.847811 1011.778112 -17.046266 901.156654 -8.719762 933.350759 -66.216631 157.50009 -241.329372 451.666772 -1.259374 166.125573 4.734918 126.479057 8.982396 108.46508 4.1393 159.305073 -50.776698 384.340905 0.001809 0.001083 -0.334785 0.016944 -0.641606 -0.869261 -0.178886 -1.921207 -0.159167 -1.396353 -0.344172 -1.209222 0.011696 0.000578 0.157531 -0.1642 0.787299 0.16218 0.842726 0.385726 1.031027 0.574629 0.852615 0.479146 -2.000393 -3.762502
44.308883 177.077497 195.208686 775.623444 -0.054855 838.787847 -11.603659 964.182058 -22.152928 866.192904 -12.403076 900.068201 -65.396729 157.412657 -232.660872 455.452231 -0.729083 174.752884 6.140856 135.76463 10.54393 119.009468 5.099546 171.461786 -63.263436 343.064827 -0.00348 7.8e-05 -0.278723 0.005114 -0.372369 -0.481691 -0.366049 -0.57332 -0.334058 -0.34588 -0.32362 -0.302119 0.002554 -1.2e-05 0.079273 0.007898 0.072014 0.109192 0.091257 0.164444 0.062539 0.244519 0.050037 0.223474 -0.685674 -1.172034
43.422481 181.426128 186.945103 772.25252 -0.28816 822.262568 -13.437208 961.981787 -26.059055 867.238918 -15.359538 899.514121 -65.734476 161.024874 -234.619222 457.436101 -0.867939 175.851811 5.836983 138.57032 10.210499 120.980166 4.860616 173.976762 -68.893223 340.395934 -0.004478 0.026375 -0.089355 -0.003671 -0.091564 -0.082204 -0.067218 -0.001257 -0.158497 0.000316 -0.157867 -8.5e-05 -0.000435 0.020488 -0.004104 0.002156 -0.006048 0.001722 -0.003855 0.014348 -0.002679 0.008091 -0.002866 0.009155 -0.119967 -0.005211
42.135705 180.679853 176.002654 774.416769 -0.841386 837.680989 -16.57098 978.708514 -29.348584 882.484581 -17.707352 911.189946 -65.853943 161.48999 -232.715243 472.904617 -0.945977 188.081496 5.631657 150.173729 9.724355 129.998785 4.562819 182.826568 -72.860278 335.070867 -0.009677 -0.000769 -0.164989 0.001514 -0.144754 0.071609 -0.164079 0.072085 -0.097735 0.06642 -0.083455 0.037645 -5.4e-05 0.000335 0.003879 0.128604 -0.001679 0.205542 -0.001838 0.23324 -0.005929 0.162089 -0.004707 0.109768 -0.055521 -0.020991
42.457293 179.837346 184.944375 776.344047 -0.102167 891.602444 -10.854501 1060.658626 -23.982199 949.607715 -13.794668 973.213174 -67.549327 159.706832 -238.015849 460.427728 -1.118627 172.809118 5.388641 139.80211 9.338928 120.963777 4.263179 172.343067 -63.252248 392.727452 0.000611 -0.000984 0.110773 0.001198 0.357167 0.840877 0.602378 1.647211 0.270682 1.230022 0.24393 1.020993 -0.010774 -0.00495 -0.029844 -0.0834 -0.007231 -0.323297 -0.00268 -0.185541 -0.003897 -0.162689 -0.005088 -0.154754 0.339533 2.287388
46.707553 190.637905 218.493062 794.499787 2.200189 937.670532 -0.147958 1098.489188 -3.883879 989.095402 -1.61286 1012.173832 -69.1139 171.252758 -242.744061 475.846072 -2.36174 172.860444 3.601645 131.412221 6.796697 111.845931 2.634609 163.927956 -20.956286 435.730702 0.101357 0.157469 1.397326 0.104925 3.25059 0.580177 8.467892 0.331441 8.563854 0.402186 5.973787 0.382313 -0.008956 0.201458 -0.023251 0.126961 -0.229579 4e-06 -0.17939 -0.1298 -0.201528 -0.178616 -0.19501 -0.10531 11.392816 1.11685
48.38128 188.665515 226.622181 793.195414 36.052379 1057.83278 17.499885 1296.253745 5.368293 1147.330715 7.810453 1140.076037 -68.363844 169.119105 -243.135554 486.348363 -15.052343 167.475186 -0.777219 122.434957 -0.026987 93.702861 -0.692339 139.141623 6.156523 585.264805 0.014731 -0.005128 0.074237 -0.000536 20.439983 3.621161 20.866067 8.179945 18.384489 5.867941 16.52181 3.803797 0.002046 -0.006688 -0.000158 0.057318 -5.489365 -0.042609 -7.725066 -0.158789 -7.680236 -0.802278 -6.028089 -1.015267 49.830013 11.009677
47.873338 191.725857 267.291352 785.355429 84.89146 1035.691424 60.591909 1272.973009 30.670816 1128.374852 33.891068 1135.525981 -68.158736 166.472461 -241.904541 477.766074 -11.417414 143.36321 -0.083838 106.456739 0.155696 77.648006 -0.149373 121.380805 26.456015 614.022664 -0.00134 0.012311 1.677211 -0.019469 10.299561 -0.117088 12.965718 -0.10548 10.375911 -0.078949 9.162032 -0.004549 0.000154 -0.010437 0.001562 -0.038199 0.250769 -0.936603 0.350527 -0.558376 0.312324 -0.753794 0.198542 -0.606117 7.087879 0.344844
52.709601 191.05711 280.562564 768.583536 99.247351 1060.614367 71.502385 1314.282768 39.725485 1159.766405 42.819644 1160.595141 -67.133765 164.25337 -247.890731 464.396194 -28.608372 142.33075 -6.678234 106.433494 -2.670497 77.66098 -5.036118 119.590772 62.995672 637.198777 0.116337 -0.000584 0.160764 -0.090513 0.560462 0.148159 0.451353 0.32981 0.584754 0.215344 0.521383 0.136857 0.003883 -0.007445 -0.036582 -0.094868 -3.879769 -0.001866 -5.265558 -1e-06 -4.11582 1e-06 -3.450831 -0.006649 7.803308 0.214662
53.134971 191.702171 274.13037 768.081607 76.054281 1096.32826 50.394569 1352.019389 23.879009 1211.275783 27.816939 1210.713259 -66.926124 164.127197 -250.925613 428.127283 -17.071278 129.308895 -1.135808 98.158772 -0.026389 74.554671 -0.941877 116.224736 25.493025 684.810429 0.000855 0.000544 -0.037295 -8.2e-05 -1.541039 0.295689 -1.841436 0.26706 -2.005624 0.55957 -1.611619 0.529688 0.000161 -2.4e-05 -0.009232 -0.737223 1.480941 -0.3123 2.305797 -0.167404 2.165957 -0.031699 1.622123 -0.024025 -8.340079 0.857636
54.183981 191.284897 267.171699 785.669491 34.683322 1068.39707 12.361337 1288.246846 2.832799 1151.337168 6.017966 1161.244612 -63.947532 166.974949 -256.300866 428.46009 -22.83231 138.435778 -3.690657 108.012707 -0.802572 81.363208 -2.664481 123.474459 6.651013 620.568084 0.005127 -0.000227 -0.04473 0.099547 -8.018274 -0.180204 -12.838203 -0.770288 -10.262561 -0.760433 -7.958167 -0.515906 0.0339 0.012247 -0.028482 6.5e-05 -0.418061 0.155604 -0.73165 0.235618 -0.537901 0.148727 -0.438006 0.109659 -6.101423 -1.581756
53.729518 192.168069 264.575784 809.090528 27.718629 1036.357724 8.760168 1237.72274 1.390218 1139.762503 3.912382 1146.075678 -64.167834 164.637148 -255.03854 426.211781 -13.745743 156.089556 -0.31299 131.267406 0.095637 105.429677 -0.308121 148.107785 0.756591 551.896305 -0.000957 0.001017 -0.006336 0.171993 -0.389883 -0.243871 -0.30926 -0.505339 -0.254033 -0.029238 -0.225796 -0.049863 -0.000189 -0.008241 0.001558 -0.002957 1.146594 0.529558 1.854099 1.132698 1.452306 1.556855 1.160441 1.119466 -2.921137 -2.012797
48.538288 192.122379 230.452055 803.799646 2.412547 920.521989 -2.2775 1078.248442 -8.513344 968.861548 -3.130849 994.602065 -61.556829 167.63065 -243.696121 448.823366 -4.742885 156.292546 1.433447 132.355946 4.039045 110.916509 0.956086 156.881701 -24.280267 424.147854 -0.131841 -3e-06 -1.177525 -0.008678 -13.776056 -3.431405 -19.97104 -5.497104 -16.784088 -6.93705 -14.042967 -5.365835 0.027115 0.013485 0.128994 0.292199 2.340008 6.6e-05 3.086071 0.002247 2.891648 0.069588 2.349729 0.12623 -33.608961 -8.39622
46.244889 190.427036 205.595639 800.806462 0.36861 888.315027 -6.181764 1042.16702 -15.416588 926.775027 -7.858668 953.486127 -63.081282 166.138633 -245.850069 465.027855 -5.052531 181.463864 1.199762 151.817722 3.67909 126.374239 0.823197 175.886195 -34.158083 368.69185 -0.02775 -0.003757 -0.709033 -0.002792 -0.895114 -0.286751 -0.954874 -0.307007 -1.01734 -0.467256 -1.068972 -0.43394 -0.009323 -0.003335 -0.004739 0.143681 -0.004895 0.939253 -0.01039 0.667208 -0.008398 0.504013 -0.004969 0.54312 -0.840872 -1.941842
45.085938 185.480563 203.257174 786.643647 1.077908 842.329547 -3.932828 968.455654 -10.457555 863.765519 -4.812273 891.882425 -63.497471 160.153523 -246.50003 453.840836 -3.848158 170.685383 1.570151 136.538084 4.317798 113.357633 1.289911 162.311956 -28.214639 351.29757 -0.007354 -0.032546 -0.006688 -0.06318 0.185839 -0.611055 0.25319 -1.351619 0.47967 -1.109003 0.371664 -1.028541 -0.000684 -0.054896 -0.000429 -0.068102 0.08186 -0.164991 0.024876 -0.40511 0.025547 -0.353639 0.052185 -0.272524 0.283819 -0.210146
45.314834 189.857541 196.910749 796.283676 1.709944 805.282516 -2.590744 904.212302 -8.252214 806.629458 -3.679696 839.820468 -64.541657 161.163166 -246.808289 443.277804 -3.503101 170.308305 1.902729 134.185162 4.764432 115.530629 1.464961 165.285335 -25.557318 311.618005 0.00029 0.025522 -0.050328 0.029354 0.07259 -0.416559 0.139545 -1.102284 0.130428 -0.977459 0.075865 -0.782773 -0.004258 0.001586 -9.6e-05 -0.062189 0.008103 -0.000208 0.015961 -0.010225 0.010989 0.010315 0.005567 0.013494 0.0657 -1.188598
46.198207 199.234649 198.392283 809.529024 6.166583 800.920657 -0.043635 886.293285 -2.179347 790.00375 -0.412629 825.117648 -67.879665 166.605687 -260.164413 421.687864 -4.638272 173.349009 1.14565 135.854097 3.676872 117.379937 0.979434 168.326067 -11.517731 298.34973 0.004264 0.11301 0.002776 0.054627 1.382064 -0.005923 1.961928 -0.089667 1.949949 -0.086564 1.627898 -0.06492 -0.042078 0.045189 -0.175963 -0.269489 -0.079528 0.013452 -0.095508 0.005157 -0.070353 0.007342 -0.048705 0.013858 2.761069 -0.144326
47.389329 206.339512 203.908111 831.629367 10.314678 795.560768 0.28441 875.581429 -0.59607 764.26436 0.000439 804.68775 -69.504774 171.617372 -264.095026 431.776325 -6.796464 177.068852 0.417456 139.113149 2.194287 118.501981 0.270217 170.179283 -5.07767 280.879838 0.00758 0.062236 0.037815 0.148812 0.530547 -0.008997 0.550848 -0.032563 0.495905 -0.213143 0.439977 -0.128051 -0.009612 0.037133 -0.014735 0.059628 -0.205515 0.019744 -0.179981 0.019315 -0.190275 0.002669 -0.220749 0.005073 1.300534 -0.263511
49.533321 211.638341 216.499242 847.558476 16.662775 792.620735 2.398052 857.866542 0.119114 739.185566 0.99457 785.329539 -67.857028 176.977335 -263.037755 431.878387 -5.450374 184.174875 1.086949 146.142387 3.658061 125.002963 0.773619 177.990728 -2.456984 256.239894 0.023716 0.033589 0.188593 0.075555 0.757525 -0.002721 1.030761 -0.090521 1.248102 -0.209182 0.953232 -0.117846 0.009883 0.04121 0.00106 6e-06 0.074201 0.069898 0.157181 0.08662 0.186014 0.086796 0.129407 0.087639 0.470447 -0.565467
48.408316 214.005386 211.550598 854.542657 19.14437 786.776723 3.624281 862.932927 0.446034 736.660673 1.63082 779.758499 -69.206842 179.88291 -262.517062 461.031216 -6.191208 189.727718 0.79002 150.673757 3.122301 125.255926 0.57207 178.688487 -1.208121 254.393383 -0.006461 0.006582 -0.028606 0.014329 0.086096 -0.010812 0.12616 0.007458 0.104154 -0.00216 0.078263 -0.009915 -0.006647 0.011829 0.000258 0.476036 -0.023596 0.041235 -0.023635 0.034591 -0.0212 0.000128 -0.015179 0.000683 0.219334 -0.003339
51.494718 220.120025 225.799757 889.503721 22.818271 769.309625 4.1345 819.939739 1.061154 678.88861 2.901265 730.040858 -69.875274 185.086985 -262.197404 477.857667 -7.066853 191.172387 0.423904 149.865136 2.432771 124.330132 0.386445 177.410226 -0.280488 222.163459 0.047687 0.043064 0.232185 0.350449 0.161138 -0.098037 0.016794 -0.549274 0.131236 -1.179402 0.18171 -0.818822 -0.001606 0.037104 9.7e-05 0.150791 -0.028948 0.00274 -0.056526 -0.001088 -0.042961 -0.001717 -0.018146 -0.002294 0.324369 -1.091117
52.564215 217.178498 238.955836 881.507097 25.804125 682.031997 5.397112 710.836871 1.673492 578.813427 3.916533 633.028286 -69.899491 182.167345 -260.374329 500.136209 -10.286156 190.246372 -0.037766 147.40543 0.478177 122.03449 -0.001202 174.461862 0.362563 169.302241 0.005496 -0.009893 0.186245 -0.018054 0.091766 -2.626633 0.083997 -3.892988 0.069439 -3.987807 0.076018 -3.45668 -2e-06 -0.011606 0.00318 0.253784 -0.301235 -0.001124 -0.714726 -0.010176 -0.753825 -0.010696 -0.430746 -0.012352 1.280843 -3.585453
53.032831 215.471372 242.278193 851.251831 31.518742 601.006558 8.241619 600.818074 3.50299 470.97786 6.242689 531.401483 -75.660104 185.002256 -272.561332 605.129902 -11.133791 224.950847 -0.502483 168.739657 0.020508 131.863024 -0.016824 186.384423 2.987441 104.425134 0.00104 -0.003368 0.011469 -0.26416 0.285561 -2.560983 0.299924 -4.622214 0.334075 -5.553174 0.269895 -4.443269 -0.114035 0.010944 -0.139362 4.998189 -0.016778 1.452938 -0.264736 0.720664 -0.30063 0.190306 -0.009033 0.197018 1.268528 -7.799496
51.633307 213.741615 243.183606 805.590724 37.607061 507.570211 12.229082 513.9061 6.16386 397.858846 9.385945 454.649672 -72.752915 181.547137 -261.215321 649.721911 -17.901108 269.972598 -2.972151 216.036249 -0.898478 158.563412 -1.435739 212.754052 11.768968 54.0843 -0.009357 -0.003486 0.000844 -0.629309 0.268639 -3.944657 0.392112 -3.393308 0.373425 -3.082219 0.319351 -2.991625 0.028476 -0.016284 0.1206 0.792554 -0.799659 2.052003 -1.030494 2.917908 -1.190471 1.229956 -1.14173 0.872025 2.897388 -8.20627
53.887006 211.536814 257.960189 737.025846 39.36902 415.423333 12.883604 408.057547 6.073511 321.405429 9.553517 382.254187 -69.536233 191.637806 -259.738303 649.86443 -27.220021 285.561549 -7.537624 237.811749 -3.04225 180.571949 -4.755693 237.120024 17.71277 20.160796 0.02407 -0.005715 0.217896 -1.524509 0.020168 -4.611252 0.008531 -6.096271 -0.000334 -4.074809 0.000741 -3.137127 0.036364 0.136447 0.002094 8e-06 -0.972809 0.218765 -1.043423 0.522692 -0.634132 0.714887 -0.965369 0.660337 0.605379 -8.203214
52.744572 212.741533 264.066258 667.007428 46.305466 352.931197 17.586764 342.894832 8.899486 267.616049 12.806785 326.59245 -68.736285 199.636583 -264.474964 706.84324 -42.783223 383.044702 -17.063177 357.801599 -9.155862 265.516759 -12.708046 319.1829 36.108875 0.004133 -0.00612 0.00171 0.035712 -1.746978 0.281259 -2.545535 0.365159 -2.832538 0.269103 -2.461162 0.23793 -2.188781 0.002314 0.081768 -0.0214 1.197022 -1.751937 7.144722 -1.919019 12.211517 -1.642654 8.162328 -1.915676 6.086033 3.241483 -19.587599
56.165346 198.279717 264.65626 687.034773 48.512214 326.533316 19.291689 295.265828 10.328198 228.058133 14.264448 288.409212 -64.62304 206.446036 -253.012407 762.5373 -40.398899 441.724815 -15.475785 426.842416 -7.559896 321.343775 -11.345948 374.495673 35.560682 -7.977633 0.053735 -0.254499 0.000329 0.148118 0.025683 -0.512986 0.039431 -1.779873 0.053154 -1.581007 0.039273 -1.186474 0.063448 0.057097 0.126966 1.055868 0.034179 2.090114 0.038743 3.043352 0.076363 2.661398 0.038596 2.208791 -0.002097 -8.344934
54.462153 197.222851 261.090487 688.866561 55.689018 300.398828 26.802966 249.147776 15.795587 194.072934 19.065066 255.468782 -64.623854 213.511885 -254.396235 812.71431 -43.085004 529.611689 -16.602611 525.291453 -8.309949 401.124169 -12.730685 455.448288 47.019332 -37.174364 -0.013112 -0.001412 -0.012092 0.001219 0.247443 -0.544962 0.616111 -1.95688 0.578535 -1.370275 0.347541 -0.998449 -0.0 0.059446 -0.001887 0.799355 -0.043224 3.984189 -0.019797 5.103409 -0.017735 4.41849 -0.039854 3.957489 0.798854 -10.709963
51.130773 188.963477 244.119019 687.983115 58.369755 271.514043 31.774716 218.527865 19.221539 163.257762 21.157536 219.477064 -64.536677 207.650964 -251.773064 814.957974 -51.287994 632.077561 -23.850415 672.797844 -12.554696 513.747211 -17.230294 556.167068 62.845228 -97.787501 -0.052564 -0.088332 -0.285141 -0.000283 0.031507 -0.729887 0.211369 -1.003458 0.167995 -1.331185 0.054464 -1.365702 2.9e-05 -0.040782 0.006797 0.001546 -0.357182 4.527784 -0.654576 9.115021 -0.436343 6.958558 -0.339808 5.026385 1.145829 -14.376822
50.478976 188.967246 244.081769 682.046941 60.58161 253.045686 33.114415 201.674336 20.546241 148.933187 22.55889 202.259916 -64.124584 208.598474 -242.080248 851.818504 -45.541293 755.658096 -18.777871 836.117035 -9.600867 650.185989 -13.949044 682.445809 58.237087 -176.755065 -0.002091 0.0 -1e-06 -0.01286 0.020566 -0.325212 0.013831 -0.338118 0.02207 -0.328808 0.022466 -0.351586 0.00066 0.001078 0.095129 0.407633 0.17068 5.513495 0.302879 8.864562 0.197788 8.024487 0.173137 6.453984 -0.08772 -11.601994
47.715269 188.570312 225.791338 677.223698 58.229218 260.235273 29.583773 218.88257 17.877411 162.826459 22.819694 214.956869 -63.599819 207.996905 -226.476933 868.354414 -43.182282 822.478451 -17.712394 934.04486 -8.505746 730.781058 -12.719331 753.718391 51.045737 -203.707548 -0.0389 -0.000209 -0.356125 -0.008557 -0.02329 0.050355 -0.099487 0.352208 -0.092798 0.309724 0.000749 0.193245 0.001078 -0.000434 0.259873 0.079481 0.031367 1.415265 0.015559 2.710828 0.033148 2.353824 0.028367 1.769614 -0.23687 -0.955876
47.594052 184.355709 227.487811 637.909592 42.389664 281.696267 16.498754 259.250733 8.492227 194.682309 12.237296 245.616107 -63.496949 208.540886 -218.723164 893.567866 -43.369002 820.517407 -18.435869 927.539652 -8.79614 715.690289 -12.854503 736.185452 34.574063 -163.827923 -7.7e-05 -0.023816 0.003175 -0.587752 -1.254563 0.425104 -1.896765 1.707163 -1.726665 1.422088 -1.635359 1.021589 4.2e-05 0.000355 0.067526 0.180414 -0.000201 -0.00117 -0.007241 -0.011366 -0.002437 -0.078722 -0.000357 -0.103166 -1.599361 2.169986
47.466911 184.283122 231.13825 599.512354 35.43731 315.766697 10.921883 345.468451 4.799755 266.244618 8.57434 303.126612 -64.495504 209.021115 -216.829916 921.430578 -42.792385 790.254564 -17.846728 865.724587 -8.451839 662.508969 -12.46533 688.906141 25.990001 -88.778713 -8.5e-05 -7e-06 0.014528 -0.595877 -0.311152 0.972227 -0.573107 6.177793 -0.523175 5.589176 -0.324886 3.021991 -0.003895 0.000276 0.004115 0.213878 0.001929 -0.284311 0.004783 -1.065721 0.003437 -1.02645 0.002991 -0.784493 -0.611418 11.406038
48.687066 177.216089 227.074459 585.414779 32.089707 429.881339 8.878054 530.604304 3.026303 417.958711 6.295818 441.592036 -66.127611 208.488384 -219.010807 933.421232 -47.072479 738.905727 -20.467938 783.221477 -12.095673 595.259885 -15.84879 639.240029 27.222415 -15.633403 0.007742 -0.069084 -0.018021 -0.083865 -0.083029 8.783841 -0.105769 19.78531 -0.203588 17.032414 -0.175603 12.985643 -0.010197 -0.00034 -0.005456 0.038757 -0.101984 -0.862384 -0.089767 -2.065267 -0.325674 -1.799089 -0.202884 -0.928959 0.014273 29.902696
48.906241 172.214763 228.459225 577.431875 33.300235 508.897816 9.565495 625.125623 3.182389 494.610617 6.353199 515.297162 -66.644579 201.135587 -218.704477 934.324321 -49.234922 720.312884 -21.952712 772.145356 -13.205262 571.536233 -17.034333 608.171172 29.352879 -2.778826 0.000246 -0.035793 0.002105 -0.027402 0.011206 3.331295 0.012816 3.871696 0.001962 3.224914 0.00013 2.84282 -0.001006 -0.065997 0.000107 0.000218 -0.02428 -0.118456 -0.025992 -0.039438 -0.024343 -0.241203 -0.021378 -0.386971 0.040128 5.230044
49.784835 166.286943 229.704904 569.548866 33.028584 495.786723 8.846754 598.810434 2.914234 470.943324 6.081887 495.489481 -65.990076 200.007647 -218.414128 925.976982 -49.564369 722.860107 -22.247684 779.504864 -13.554157 579.008897 -17.124292 607.891772 29.038194 -5.576092 0.003911 -0.051908 0.001693 -0.02709 -0.000556 -0.085553 -0.014034 -0.282927 -0.0059 -0.290105 -0.00296 -0.194097 0.001615 -0.001586 9.6e-05 -0.018728 -0.000549 0.002248 -0.000984 0.017453 -0.002275 0.024267 -0.000118 -3.2e-05 -0.000848 -0.482183
51.947125 165.143294 232.732974 569.479877 33.362796 471.134133 9.067486 561.825708 3.067378 442.664608 6.339625 469.836097 -64.47119 199.084417 -215.784099 923.634541 -47.011403 741.26568 -20.306381 814.966141 -11.541531 607.989503 -15.221768 629.775223 26.508865 -13.088817 0.022982 -0.001973 0.009914 -2e-06 0.000841 -0.314322 0.00136 -0.589426 0.001961 -0.437757 0.002674 -0.340928 0.008842 -0.001068 0.007965 -0.001483 0.03375 0.115693 0.044304 0.394381 0.080835 0.353834 0.056 0.193478 -0.057616 -1.578722
53.02849 166.625229 228.536711 589.286424 37.092423 440.0185 11.646641 503.464586 4.958186 386.832957 8.524078 420.253964 -63.693639 201.626514 -211.631491 921.052473 -44.22917 748.368441 -18.197254 821.428534 -9.956595 611.378045 -13.441294 633.124267 28.967062 -25.583268 0.00557 0.00331 -0.019088 0.169287 0.098785 -0.531451 0.161195 -1.599836 0.225915 -1.881086 0.161396 -1.38205 0.002359 0.008064 0.020173 -0.001807 0.04243 0.016934 0.05781 0.012761 0.058504 0.004708 0.055353 0.004441 0.054489 -2.074014
53.53937 172.059688 227.491407 592.630347 39.088954 436.847711 12.767312 502.131003 5.765747 377.728625 9.726883 409.319391 -62.265566 206.363229 -207.442731 921.9901 -42.543596 763.255422 -17.139415 830.66381 -9.09184 623.001715 -12.710064 648.573827 29.338091 -30.522978 0.001225 0.043603 -0.001198 0.00473 0.026167 -0.005733 0.025735 -0.000884 0.03045 -0.054209 0.039678 -0.072067 0.008096 0.027497 0.020934 0.000239 0.016373 0.073308 0.015837 0.025813 0.019639 0.054729 0.010225 0.093118 0.001181 -0.217874
50.672608 175.079164 214.102707 619.321162 39.490285 400.531206 13.626911 420.937529 7.000902 316.228555 10.408269 356.509795 -62.103783 206.581372 -203.99451 926.763777 -40.928815 773.360207 -16.109973 850.222284 -8.116941 644.554449 -11.926718 666.31458 30.194434 -57.839989 -0.039438 0.013132 -0.203013 0.293942 0.001025 -0.787881 0.014001 -3.577839 0.05989 -2.73051 0.011533 -1.822976 0.000105 5.8e-05 0.01445 0.006163 0.015621 0.033225 0.01594 0.113793 0.027637 0.183248 0.012457 0.119686 0.006159 -4.328481
47.25779 174.895294 206.580858 617.573253 38.976865 379.644544 14.157449 390.607339 7.177245 292.411644 10.575773 334.168515 -64.035026 207.275018 -205.250763 939.344237 -41.040887 767.893302 -16.108131 839.082718 -8.332576 638.615682 -11.977884 661.217514 30.976551 -66.761947 -0.059555 -4.8e-05 -0.067251 -0.001235 -0.00168 -0.279636 0.005066 -0.566969 0.001097 -0.466172 0.000669 -0.36143 -0.014785 0.000581 -0.001928 0.042406 -7.7e-05 -0.009696 0.0 -0.036729 -0.001413 -0.013743 -5.5e-05 -0.009785 0.005 -0.319833
48.237359 176.794689 208.664939 628.477689 37.306182 400.094849 13.300606 427.412148 6.855406 321.748535 10.05938 361.239212 -64.071328 210.930673 -207.017488 944.186199 -41.411154 755.60845 -16.156227 803.849667 -8.548981 609.010343 -12.212809 639.411989 30.715395 -45.438178 0.005024 0.005129 0.00523 0.047714 -0.018297 0.268222 -0.013372 0.828391 -0.003691 0.701075 -0.006462 0.527101 -5e-06 0.015978 -0.003786 0.006224 -0.000831 -0.049531 -3.6e-05 -0.377834 -0.001387 -0.351307 -0.001141 -0.182802 -0.000553 2.044939
48.743645 176.52454 210.502213 625.001639 34.203734 418.299733 10.371688 431.551312 5.75948 329.879685 9.080342 363.493832 -63.787338 209.766924 -206.718637 951.837746 -41.728431 695.772616 -16.128328 708.428174 -9.269458 520.512712 -12.521265 557.054961 29.642254 -21.642569 0.001322 -0.000103 0.004027 -0.00482 -0.067331 0.202506 -0.181893 0.009973 -0.047695 0.050733 -0.025056 0.003507 0.000315 -0.00161 0.000108 0.015439 -0.000605 -1.233945 1.2e-05 -3.013448 -0.014572 -3.472212 -0.001923 -2.837827 -0.009541 4.362364
50.837367 172.443396 225.246401 620.229887 34.539621 443.740239 10.504484 493.901147 4.583799 390.737638 7.993955 412.906326 -64.247309 205.647947 -211.663835 946.531802 -41.787631 670.240028 -16.44621 688.779426 -9.608589 507.845533 -12.833163 542.341893 27.465495 -7.663727 0.022013 -0.023865 0.249517 -0.009143 0.000821 0.375482 0.000422 2.102714 -0.067035 2.574402 -0.034597 1.573977 -0.000826 -0.020421 -0.029227 -0.007415 -2.1e-05 -0.23864 -0.001551 -0.138166 -0.003046 -0.078019 -0.001918 -0.098456 -0.041501 3.548754
50.636464 170.930299 228.901248 612.827489 34.255694 498.366911 10.527756 569.489976 4.45071 456.038704 7.860673 481.294243 -64.781928 204.436154 -214.058143 952.337813 -40.423983 668.706289 -15.586893 681.606017 -9.349003 504.316475 -12.535211 539.753846 26.70083 -1.214247 -0.000199 -0.003334 0.014707 -0.02222 -0.000586 1.585056 1.3e-05 2.689935 -0.00098 2.521674 -0.00056 2.618968 -0.001108 -0.00179 -0.006733 0.008876 0.01131 -0.000878 0.011528 -0.018775 0.001777 -0.006152 0.00175 -0.003095 -0.005398 2.776938
52.60078 170.15829 225.979283 621.640292 36.944606 513.540529 11.661862 597.288518 5.117463 464.032246 8.631227 490.672448 -62.988198 203.155129 -212.242892 939.608777 -43.861838 675.078336 -18.194483 685.065166 -10.934769 512.104361 -14.359493 544.562045 31.013286 -1.18443 0.018689 -0.000874 -0.009385 0.031457 0.050792 0.113771 0.029001 0.331198 0.023259 0.034724 0.018011 0.045245 0.012591 -0.002013 0.003865 -0.042821 -0.070141 0.015108 -0.100791 0.004378 -0.062082 0.029836 -0.061942 0.010661 0.161341 0.000185
54.894877 167.871589 230.370265 626.030393 37.922582 516.546635 11.910194 597.801826 5.591163 462.474433 9.256959 490.351005 -61.981246 201.596723 -213.429588 952.763129 -43.381838 691.133987 -17.410709 714.71889 -10.331224 523.989554 -13.673663 554.448844 31.122855 -1.919886 0.024482 -0.007735 0.021125 0.007724 0.006388 0.004386 0.001308 0.00011 0.010482 -0.00131 0.010947 -5.3e-05 0.004057 -0.003 -0.001654 0.04572 0.00132 0.094346 0.008628 0.314135 0.008566 0.068171 0.008391 0.044472 9.7e-05 -0.088378
54.329568 167.576017 226.620745 647.001266 38.961684 502.897684 12.627813 567.942173 6.226853 432.755449 9.844723 465.297045 -62.915984 201.328621 -213.701706 963.483322 -43.865509 690.391598 -17.898738 714.663916 -10.686315 521.996837 -13.87781 552.151602 33.227837 -4.179878 -0.001463 -0.00013 -0.015382 0.17274 0.007022 -0.091374 0.010496 -0.382479 0.017109 -0.493427 0.009045 -0.328473 -0.003498 -8.9e-05 -8.7e-05 0.029987 -0.001341 -0.000199 -0.003373 -1e-06 -0.003 -0.001898 -0.000756 -0.002384 0.034437 -0.434117
54.849753 167.034491 223.038521 722.665092 43.287708 495.635835 16.054136 546.324659 9.53709 414.459295 12.839912 446.755976 -63.494907 198.022554 -210.64164 988.990055 -42.830371 695.444061 -17.058154 720.308404 -10.475951 516.611797 -13.547114 545.944389 40.004048 -5.620799 0.001239 -0.000438 -0.014269 2.091527 0.113845 -0.026406 0.205388 -0.209717 0.351473 -0.197582 0.198606 -0.18848 -0.001326 -0.013685 0.011034 0.166615 0.00618 0.00921 0.010108 0.011101 0.001046 -0.01396 0.001994 -0.017544 0.314178 -0.106503
52.418857 171.795605 215.68701 795.79094 48.845069 490.678521 20.833081 527.743576 14.693091 384.441638 17.534411 430.768619 -64.911283 204.375224 -209.783413 1017.632663 -42.913421 727.601903 -16.891778 750.902522 -10.689004 541.482175 -13.978289 570.833375 50.446373 -13.414538 -0.027548 0.033452 -0.061597 1.76182 0.16776 -0.012458 0.310879 -0.160736 0.554934 -0.564136 0.364972 -0.145647 -0.007812 0.050148 0.000876 0.204433 -4e-05 0.363396 0.000408 0.31814 -0.001072 0.292328 -0.003377 0.277378 0.604795 -1.668654
52.183844 185.265102 212.236032 900.284587 61.68695 494.039714 33.154763 491.874665 26.538303 352.797735 27.926823 409.847987 -63.511388 208.365589 -207.761778 1022.739013 -39.869312 792.738037 -14.745046 824.956544 -8.968182 612.169725 -12.343573 640.952217 66.361005 -35.511507 -0.000264 0.254147 -0.013915 3.221939 0.748535 0.005736 1.424897 -0.631107 1.738119 -0.679425 1.203787 -0.260369 0.00763 0.01929 0.004894 0.00639 0.055988 1.395959 0.072918 1.740964 0.075467 2.167651 0.050811 2.030382 1.089237 -5.27422
50.231838 189.647596 195.978348 960.989483 79.844797 496.683102 53.201077 472.194315 45.778277 332.933192 44.297972 386.954418 -65.012216 208.196816 -206.586341 1044.134474 -44.807055 823.711728 -18.327695 860.190527 -12.248287 633.267053 -15.878655 657.77164 105.385005 -47.863441 -0.018604 0.025615 -0.32387 0.990199 1.169615 0.003526 2.358957 -0.200897 2.606386 -0.287783 1.879884 -0.328955 -0.008763 -3.4e-05 0.001667 0.110742 -0.14409 0.296779 -0.19462 0.368386 -0.255089 0.178704 -0.222275 0.108916 4.492253 -0.920041
48.963197 195.890744 174.354179 1071.135931 90.073586 539.124235 72.214604 533.868085 66.124654 376.775491 60.091491 427.023827 -68.579131 220.815473 -204.9607 1072.119727 -59.017041 854.070184 -30.287031 902.332958 -21.30777 663.227006 -24.894117 680.39837 162.504894 -40.227161 -0.008113 0.050552 -0.63187 2.987307 0.308157 0.869856 1.449642 1.892146 1.865251 1.355475 1.20165 0.986839 -0.047627 0.185618 0.003211 0.185046 -0.977029 0.274682 -1.493968 0.503891 -1.246078 0.34621 -1.009216 0.191308 6.160428 0.331606
49.82467 218.980817 177.615907 1121.068687 119.413021 671.285425 98.433917 635.263844 88.596844 438.936153 81.91938 488.136249 -68.155685 238.444559 -199.139927 1180.696471 -66.893068 1001.195725 -37.778321 1064.630906 -28.804038 782.535371 -31.577196 795.37568 218.434477 -49.322958 0.003756 0.643048 0.015114 0.568743 2.064728 7.236786 2.026265 4.405194 1.640661 2.371901 1.687563 2.042758 0.000656 0.338478 0.041924 2.618004 -0.246575 5.842845 -0.413503 6.707192 -0.563859 4.93124 -0.396848 4.485749 4.128163 -0.463137
50.631502 218.315215 155.458487 1153.349389 129.181773 831.806077 116.394118 822.713509 105.809897 590.244237 95.041341 620.488054 -67.474935 239.275846 -191.501024 1180.987113 -76.188606 1100.160112 -48.001353 1199.501987 -38.766344 901.987433 -40.04534 900.303366 272.667815 -32.926515 0.00324 -0.000507 -0.737817 0.229091 0.19201 8.595873 0.752077 12.100254 0.763534 11.183269 0.487179 7.928684 0.001708 0.000723 0.074696 1.8e-05 -0.302269 2.331682 -0.611358 4.020606 -0.738436 4.240601 -0.502369 3.249547 3.00373 1.650885
50.30723 222.557468 145.771464 1128.090358 155.221952 955.415032 155.134337 1017.616121 139.518098 767.903708 122.75649 779.485227 -67.961601 245.576034 -190.996807 1168.98783 -89.877737 1235.414217 -66.944264 1408.043181 -50.886635 1107.36858 -49.925148 1084.893623 358.923059 -30.981163 -0.000521 0.020411 -0.155799 -0.139832 1.194636 4.279686 2.777832 10.349816 2.326797 11.669964 1.770597 9.058083 -0.000874 0.040934 0.000332 -0.030635 -0.565171 3.9196 -1.57163 8.352529 -0.823056 10.523811 -0.544104 8.60054 5.917585 0.029615
50.878216 224.478184 125.459001 1135.897589 173.167853 1098.649605 187.002073 1181.202404 178.987078 933.771997 153.852063 940.311597 -69.200991 247.407853 -157.840329 1198.1983 -105.163375 1388.777051 -91.19463 1570.343589 -75.250766 1272.499667 -68.101223 1238.527897 486.349151 -26.157396 0.001611 0.004126 -0.76167 0.013461 0.490722 5.000121 1.487367 6.093637 2.454948 8.103175 1.753397 7.536331 -0.0056 0.003403 1.579313 0.180232 -0.599901 4.485244 -1.870441 4.425383 -2.375399 5.735859 -1.407957 5.085033 9.660039 0.203981
48.69996 230.694524 114.710122 1077.131746 191.742529 1193.326235 222.205039 1325.438171 217.803923 1127.355163 184.911467 1122.580344 -68.148501 251.209985 -132.273465 1168.659138 -115.764781 1403.020465 -111.377684 1583.249912 -97.401403 1307.8884 -85.771258 1275.788932 606.508657 -6.701004 -0.023827 0.042451 -0.240656 -0.780386 0.473051 1.95628 1.517019 4.153209 1.903231 9.110901 1.42684 8.06804 0.004033 0.014496 1.128762 -0.184336 -0.254505 0.036334 -1.007965 0.02641 -1.426818 0.242681 -1.017941 0.276111 6.625843 6.379668
45.353843 221.624607 111.264234 1037.937133 209.514924 1277.836757 258.405535 1434.626445 259.843981 1302.928149 220.836022 1294.996507 -61.969562 244.419729 -120.761754 1103.16167 -122.055298 1371.193052 -126.468131 1565.262113 -109.625454 1335.584255 -95.622377 1301.539944 707.022479 -0.202095 -0.059541 -0.090944 -0.026275 -0.363191 0.393778 1.445497 1.365284 2.160592 1.853669 6.35033 1.593495 6.156005 0.146793 -0.046516 0.261995 -0.944355 -0.083209 -0.182577 -0.4792 -0.051384 -0.361204 0.14509 -0.267695 0.128647 3.851398 4.575661
44.125532 225.707335 100.534579 937.3663 217.391208 1448.990387 277.109879 1660.461693 280.760078 1587.260339 240.287237 1569.226804 -60.953181 247.168746 -105.237653 978.376813 -131.436615 1355.341122 -152.950089 1578.757597 -129.038125 1415.570871 -111.478228 1377.914942 790.475252 4.912265 -0.008431 0.018632 -0.271955 -2.561899 0.072664 5.376665 0.32675 8.250108 0.404776 14.020082 0.410431 13.158086 0.004202 0.007686 0.533813 -3.743691 -0.173653 -0.046082 -1.257749 0.028964 -0.790814 1.163004 -0.607863 1.088715 2.327142 7.107093
41.91183 231.518913 98.86235 937.761063 220.219965 1588.914256 280.581733 1812.463543 287.497498 1756.813468 247.1873 1738.272866 -59.97308 245.290669 -101.469476 961.809682 -132.406626 1387.041025 -155.579647 1626.116272 -131.622892 1474.762593 -114.492983 1434.76213 808.176952 12.332184 -0.028483 0.036936 -0.007012 4.2e-05 0.009143 3.224111 0.010807 3.327978 0.039942 4.301156 0.048837 4.322791 0.003972 -0.003581 0.034349 -0.070734 -0.001783 0.18322 -0.011206 0.349931 -0.012816 0.606163 -0.020111 0.57453 0.098007 1.677952
40.604419 230.900257 96.531038 939.904236 229.491578 1717.656321 296.224749 1935.157166 311.4643 1909.641348 268.13416 1893.320999 -57.50566 241.861713 -93.583984 922.953736 -139.155544 1406.710484 -174.775184 1654.573644 -151.574141 1535.965913 -130.412783 1495.493632 897.595381 20.322446 -0.010358 -0.000414 -0.013908 0.001223 0.095586 2.507251 0.212159 2.008976 0.479695 3.186527 0.425901 3.311341 0.025915 -0.012068 0.15946 -0.400566 -0.083876 0.069242 -0.558158 0.123425 -0.703658 0.622147 -0.517971 0.629418 2.345318 0.992656
40.229353 230.846642 97.09816 950.352667 235.360782 1790.625331 306.11675 2037.066835 317.858822 2027.610523 272.483205 1997.126934 -57.9193 238.61385 -90.104645 935.895292 -134.848466 1409.496003 -163.697568 1656.292094 -142.981008 1537.844622 -123.870844 1501.297268 887.209504 33.798345 -0.00087 -3e-06 0.000831 0.028877 0.037054 0.758926 0.081232 1.30749 0.032488 1.767712 0.017493 1.385135 -0.000741 -0.010977 0.032955 0.045051 0.033854 0.001378 0.181324 0.000446 0.125372 0.000574 0.084166 0.00562 -0.030218 1.704571
40.925155 231.627032 97.381344 978.47078 234.860676 1884.557751 305.334068 2123.534971 319.907961 2115.367588 275.247653 2092.175627 -58.30388 239.1572 -91.0616 980.199528 -133.220891 1430.603493 -159.713913 1663.190859 -141.42845 1552.83155 -123.23197 1519.71792 886.74956 43.390436 0.002983 0.000658 0.000206 0.204962 -0.000266 1.200585 -0.000501 0.898614 0.003292 0.929545 0.006976 1.10477 -0.000636 0.000309 -0.002527 0.512273 0.004941 0.078436 0.024535 0.007169 0.004238 0.036337 0.000826 0.056161 -6e-05 0.598314
40.361175 235.803297 96.500471 1018.593101 236.745604 2018.44854 308.010783 2246.328387 329.982538 2245.012699 284.714491 2227.562922 -58.536543 243.004897 -91.999254 1011.620566 -132.426654 1461.735629 -156.548538 1687.408798 -138.10209 1567.73515 -120.396799 1538.775289 895.033233 60.636273 -0.001957 0.018657 -0.002001 0.403083 0.003767 2.297206 0.005841 1.725592 0.078093 1.927764 0.08003 2.122145 -0.000232 0.015353 -0.002401 0.247849 0.001187 0.167553 0.015841 0.087524 0.019792 0.035589 0.016497 0.059373 0.019256 1.439491
39.705427 238.335229 97.229298 1077.648833 244.360653 2134.303532 318.111788 2357.979192 348.072709 2373.737928 301.116205 2363.959799 -59.051479 246.925165 -93.91912 1056.034135 -133.104376 1500.537085 -157.038519 1706.956909 -137.815192 1574.341903 -120.254397 1549.789493 923.927659 81.776642 -0.002685 0.00676 0.001371 0.83203 0.06027 1.616397 0.081483 1.353921 0.241361 1.794144 0.229647 2.026366 -0.001128 0.015685 -0.009913 0.47706 -0.000865 0.254132 -0.000383 0.056289 0.000149 0.006946 4.2e-05 0.019639 0.22951 1.577823
38.357311 243.866334 93.356247 1096.79861 242.812879 2151.026564 316.080287 2378.34416 345.674654 2392.002491 299.255897 2378.091274 -59.094771 250.717749 -95.065399 1062.734967 -132.927155 1512.001302 -156.836612 1717.017562 -136.634633 1581.331573 -119.463505 1556.695345 916.963769 83.57877 -0.011642 0.031723 -0.039358 0.084325 -0.002459 0.03263 -0.003254 0.043782 -0.004145 0.034999 -0.002882 0.021056 -8e-06 0.014452 -0.003476 0.010596 5.9e-05 0.021814 6.5e-05 0.014781 0.002539 0.007741 0.001305 0.007676 -0.013172 0.009821
38.270019 245.350698 93.214167 1111.922743 241.280392 2197.158617 313.376678 2455.370831 339.595278 2472.161205 293.607007 2447.671755 -59.13895 251.69495 -95.152999 1080.990094 -131.130451 1534.889444 -153.404288 1730.951119 -135.164759 1584.641916 -118.169097 1563.057772 903.251874 98.272955 -5e-05 0.002252 -5.4e-05 0.051782 -0.002426 0.244726 -0.005806 0.61376 -0.026967 0.66053 -0.026912 0.501651 -8e-06 0.00095 -2e-05 0.077728 0.006113 0.085969 0.018987 0.028154 0.003975 0.001731 0.003525 0.006488 -0.051647 0.59464
38.41359 246.106958 91.542401 1109.351749 232.316881 2185.76008 301.201024 2448.561512 323.853701 2468.671622 279.640223 2440.196465 -57.900159 251.884393 -92.604252 1083.251404 -129.561766 1536.393429 -152.645725 1732.472335 -134.4845 1584.630764 -117.44336 1564.134643 875.726765 97.580961 0.000134 0.000582 -0.007564 -0.001488 -0.084831 -0.014822 -0.12062 -0.004728 -0.186776 -0.001232 -0.170171 -0.005716 0.006556 3.6e-05 0.0173 0.001181 0.00472 0.000368 0.00094 0.000334 0.000858 -0.0 0.001118 0.000185 -0.212953 -0.001222
39.912718 245.487867 93.471233 1108.868989 225.797608 2206.11799 289.799275 2459.919275 309.244922 2477.72314 266.796351 2456.1326 -52.514487 252.857986 -88.248673 1087.295995 -124.513233 1545.235983 -147.267822 1746.784445 -131.045556 1592.685876 -113.988802 1572.956796 842.907779 97.382638 0.014348 -0.00039 0.010055 -5.3e-05 -0.046389 0.047183 -0.109993 0.01314 -0.168572 0.008282 -0.150967 0.025934 0.131426 0.000939 0.052456 0.003768 0.050163 0.012687 0.048221 0.029437 0.02227 0.010211 0.025784 0.012405 -0.313384 -0.000101
39.579406 251.476086 90.502889 1114.912431 214.91475 2202.957545 277.265679 2470.808214 292.423467 2485.734665 251.203467 2459.088936 -53.329579 255.674412 -91.019174 1080.113891 -127.579577 1545.080175 -149.378182 1749.685595 -133.102313 1595.901876 -116.220366 1576.375743 820.100182 98.17643 -0.000699 0.036079 -0.023948 0.008212 -0.13439 -0.001133 -0.138529 0.012023 -0.235193 0.006466 -0.234742 0.000889 -0.003139 0.007799 -0.02141 -0.0119 -0.01865 -4e-06 -0.007507 0.001204 -0.008007 0.001622 -0.010816 0.001856 -0.156407 0.001611
38.941076 255.986351 90.187212 1126.008896 214.451186 2220.949306 276.281404 2477.42527 290.261544 2492.525808 249.282426 2473.17634 -53.430001 256.426077 -91.807946 1074.962038 -129.129276 1549.73834 -151.397634 1756.529924 -134.928145 1604.26414 -117.924692 1584.546297 820.9899 97.455117 -0.002595 0.020044 -0.000276 0.027474 -0.00025 0.036586 -0.000875 0.004424 -0.004011 0.004632 -0.003687 0.020118 -4.7e-05 0.000552 -0.001702 -0.006158 -0.004678 0.003506 -0.00678 0.00668 -0.006219 0.010926 -0.006203 0.01056 0.000241 -0.00133
38.890581 256.661216 90.090444 1130.013444 212.849175 2230.76855 273.680543 2508.111012 288.361639 2521.194845 247.370447 2488.665344 -53.43719 256.229876 -92.071817 1074.448917 -129.108415 1547.839714 -151.048884 1754.341281 -134.673754 1602.344799 -117.666962 1582.495573 817.166053 103.677235 -1.6e-05 0.000444 -2.6e-05 0.003554 -0.003003 0.010829 -0.00615 0.094436 -0.003119 0.081967 -0.00368 0.024175 -0.0 -3.8e-05 -0.000189 -6.1e-05 1e-06 -0.000582 0.000201 -0.000682 0.00012 -0.000574 0.000141 -0.000664 -0.004463 0.096265
39.035385 259.445207 88.557071 1140.410145 200.852671 2244.2573 258.367019 2527.200256 269.573365 2541.129288 229.851815 2507.314063 -53.995352 253.143261 -97.089996 1074.341854 -134.087343 1549.377948 -156.159638 1756.866182 -138.995278 1603.990083 -121.448518 1583.923776 795.709056 107.324836 0.000135 0.007509 -0.006581 0.023804 -0.173974 0.020329 -0.220424 0.036185 -0.316434 0.039249 -0.321659 0.034806 -0.00145 -0.009352 -0.066574 -3e-06 -0.047098 0.000382 -0.042514 0.000908 -0.034123 0.000422 -0.029904 0.000322 -0.142734 0.03153
40.719279 258.292486 91.762663 1148.141262 212.033757 2284.466072 271.840509 2567.225203 285.293688 2586.34488 243.710916 2557.555111 -52.314648 247.591831 -94.633512 1066.048179 -132.488736 1548.259029 -155.333437 1757.397867 -138.688993 1599.802882 -120.988427 1581.313559 821.812264 117.908835 0.017778 -0.001283 0.028496 0.013059 0.151421 0.178503 0.17122 0.157233 0.222736 0.199366 0.202841 0.24919 0.013286 -0.030774 0.015738 -0.016068 0.004793 -0.000202 0.001096 4e-05 0.000169 -0.002736 0.000437 -0.001076 0.210638 0.248815
40.088841 257.591562 92.070445 1147.222905 212.826914 2282.689863 273.24015 2567.170238 286.679461 2586.357005 244.794851 2555.9668 -53.098612 246.68601 -95.288111 1073.128967 -132.480846 1542.900866 -155.131071 1750.985551 -138.924805 1587.993724 -121.024816 1568.864153 824.737769 121.145236 -0.002459 -0.000476 0.000258 -0.000184 0.00074 -0.000345 0.001797 -0.0 0.001679 0.0 0.001203 -0.000247 -0.002915 -0.00083 -0.001128 0.011719 0.0 -0.004644 6.6e-05 -0.00586 -0.0001 -0.021874 -3e-06 -0.0246 0.002599 0.021909
39.452014 254.048309 90.622233 1152.904708 209.599482 2295.881185 269.237799 2596.105334 284.478393 2604.50997 242.541563 2564.877662 -56.039938 241.364837 -99.038503 1083.619265 -130.949161 1526.176711 -150.568492 1728.014259 -135.041854 1557.852831 -117.752712 1539.481952 811.522745 133.743568 -0.002549 -0.012269 -0.00574 0.007018 -0.012329 0.019003 -0.014765 0.081077 -0.004241 0.031741 -0.005209 0.007753 -0.039642 -0.029009 -0.036194 0.025512 0.004453 -0.045567 0.03405 -0.075839 0.027518 -0.144396 0.022421 -0.138873 -0.053365 0.311538
]