08-06-20_Linda_4KDepth.monkey_below_bed.0000000003 [ 25.514336 177.843566 42.321779 835.921429 99.330263 1774.892151 133.450771 2090.308505 131.455681 2080.80268 105.78004 1997.089643 -35.296798 132.931209 -58.127835 712.394933 -34.213286 1415.364562 -33.379289 1716.967672 -21.052278 1601.051408 -17.945647 1510.35526 257.720915 31.389975 0.0 0.0 0.0 0.0 0.0 0.0 0.0 0.0 0.0 0.0 0.0 0.0 0.0 0.0 0.0 0.0 0.0 0.0 0.0 0.0 0.0 0.0 0.0 0.0 0.0 0.0
24.567205 194.230317 39.705201 856.261349 96.886131 1808.699266 130.517833 2141.076533 130.505984 2131.394195 105.65943 2035.340369 -34.369375 151.037456 -60.579476 757.528109 -32.861836 1487.901147 -29.819216 1833.464403 -17.826288 1709.947551 -15.202496 1597.423304 244.798581 23.189164 -0.008957 0.361025 -0.041744 0.122247 -0.015223 0.159469 -0.016294 0.304568 -0.001721 0.303831 -3.4e-05 0.181423 0.006173 0.577828 -0.025319 0.693058 0.013616 0.906286 0.100352 1.911759 0.134071 1.791239 0.113699 1.219896 -0.166177 -0.619625
25.466428 188.338585 40.448013 857.905823 98.048196 1821.367043 132.779172 2150.528169 132.72794 2143.169273 107.016313 2047.931622 -35.810745 146.783881 -61.042886 745.195473 -32.083967 1460.980063 -28.750384 1794.6528 -17.587714 1670.587514 -14.880347 1560.136606 246.94652 29.393259 0.008081 -0.04537 0.003442 0.000789 0.003464 0.022103 0.009711 0.010408 0.009378 0.016218 0.004329 0.019413 -0.014803 -0.030377 -0.000883 -0.050607 0.004659 -0.122887 0.009753 -0.207599 0.000804 -0.229145 0.001725 -0.220162 0.004691 0.367287
25.625855 198.707657 40.300156 867.205041 97.171356 1810.700881 132.211913 2134.684378 131.165809 2125.251725 105.994464 2034.434798 -36.019747 150.369548 -57.231039 746.065251 -32.377993 1463.620841 -30.370177 1802.616539 -18.350106 1701.10074 -15.218024 1589.280643 247.636383 23.581222 0.000249 0.13892 -0.000135 0.025064 -0.001969 -0.015661 -0.000607 -0.02929 -0.004624 -0.037606 -0.002451 -0.022311 -0.000304 0.021634 0.061442 0.000254 -0.000671 0.001192 -0.022194 0.008815 -0.008088 0.138073 -0.001894 0.134849 0.000481 -0.319796
25.801945 202.345966 40.680645 877.508641 98.297774 1812.309263 134.028544 2136.243916 133.143575 2126.193226 107.908043 2034.373502 -35.979263 151.95935 -57.59994 750.192848 -32.232386 1460.963659 -29.600893 1799.427309 -17.843505 1686.804576 -15.051395 1577.396825 248.470373 25.400958 0.000301 0.016503 0.000894 0.030425 0.003246 0.000357 0.006198 0.000285 0.0074 0.000104 0.00856 -0.0 1.1e-05 0.00418 -0.000593 0.005693 0.000164 -0.001207 0.004934 -0.001412 0.003546 -0.030163 0.000459 -0.022299 0.000701 0.033814
25.519274 195.76738 41.261163 851.534448 98.38821 1780.096474 133.829884 2101.81011 132.83165 2097.807112 107.612161 2010.033564 -35.187425 145.142314 -58.848243 729.134121 -32.19098 1439.648151 -29.580823 1773.799484 -17.662259 1654.32005 -15.066846 1550.484598 247.367166 26.301419 -0.000778 -0.054357 0.002056 -0.195107 2.1e-05 -0.144428 -7.4e-05 -0.139888 -0.000183 -0.095381 -0.000203 -0.073242 0.004405 -0.078219 -0.006691 -0.149897 1.3e-05 -0.078321 3e-06 -0.091905 0.000463 -0.157921 -4e-06 -0.115778 -0.001227 0.007842
25.204814 197.436025 42.103443 880.623013 99.16305 1815.5142 135.988769 2138.14329 133.960238 2130.774266 108.089039 2035.264807 -36.21576 154.936849 -59.036091 777.309748 -31.013053 1489.340992 -28.496485 1833.259467 -17.231012 1713.923764 -14.713615 1596.434103 247.280177 22.664723 -0.000975 0.003541 0.004255 0.244263 0.00152 0.174441 0.008637 0.155677 0.002387 0.128512 0.000527 0.078687 -0.007405 0.159889 -0.00015 0.770518 0.010977 0.421571 0.010124 0.490113 0.002665 0.527408 0.002095 0.335482 -8e-06 -0.135235
25.150142 191.604225 41.663001 856.104208 98.265392 1799.473074 133.495668 2121.139982 131.63014 2113.321351 106.269189 2018.990845 -35.966 147.314914 -58.817474 741.670301 -31.564101 1449.216831 -28.728368 1781.775241 -18.035953 1661.880424 -15.235282 1549.504644 247.115054 27.088979 -3e-05 -0.043712 -0.001158 -0.173085 -0.002041 -0.035591 -0.011533 -0.033939 -0.010221 -0.035886 -0.007725 -0.032662 0.000432 -0.096117 0.000203 -0.418157 -0.002426 -0.273948 -0.00047 -0.36663 -0.009187 -0.401189 -0.004544 -0.350054 -2.8e-05 0.1971
25.237801 198.170119 42.152421 863.166342 98.89969 1801.437956 134.929461 2125.412749 131.664061 2120.675804 106.358794 2027.182457 -34.942864 149.097117 -56.535193 751.215499 -31.249974 1473.653564 -29.396232 1809.54552 -18.146132 1695.166041 -15.241844 1584.64334 247.568947 23.798804 7.6e-05 0.055306 0.001429 0.014504 0.00102 0.000536 0.003829 0.00215 2e-06 0.006387 1.9e-05 0.008292 0.007382 0.005358 0.02258 0.030515 0.000785 0.102154 -0.003837 0.10737 -0.000168 0.16502 -1e-06 0.196986 0.000208 -0.106475
26.241051 198.783787 42.498316 852.946845 99.379813 1775.083754 135.177302 2097.59991 132.497998 2096.154422 107.623909 2004.160718 -33.725061 148.161613 -55.188325 742.055873 -31.042603 1468.082703 -29.048249 1808.559849 -17.520113 1696.599518 -14.695696 1586.22966 246.379512 21.104655 0.009777 0.000474 0.000707 -0.030429 0.000581 -0.097099 0.000114 -0.091589 0.001316 -0.071298 0.00374 -0.065736 0.0108 -0.001472 0.008119 -0.028093 0.000345 -0.005275 0.001036 -0.000134 0.005494 0.000303 0.004982 0.000397 -0.001432 -0.080896
25.878541 194.987896 42.166353 838.736232 99.338936 1767.184894 134.843621 2092.0753 132.461775 2093.632834 107.346078 2000.967149 -33.878959 148.007626 -56.124569 739.044263 -32.261224 1470.94591 -30.276371 1813.978523 -18.406066 1701.15802 -15.436722 1589.359296 249.622083 20.350346 -0.001261 -0.018296 -0.000651 -0.059688 -4e-06 -0.008807 -0.000206 -0.003642 -2e-06 -0.000759 -0.00018 -0.001273 -0.000175 -4e-05 -0.003937 -0.003062 -0.011731 0.001395 -0.012713 0.004053 -0.010926 0.003058 -0.009113 0.001542 0.010599 -0.006863
25.114524 193.898184 40.539953 851.887046 96.205008 1784.191648 131.986939 2115.453943 129.636542 2109.765952 104.595811 2013.500201 -36.658952 149.541408 -57.740032 759.322578 -31.421708 1477.201359 -28.358878 1824.924469 -17.762575 1698.357827 -15.085036 1582.642822 243.371587 22.288327 -0.005724 -0.001527 -0.015993 0.051149 -0.025115 0.040721 -0.015292 0.064951 -0.015227 0.03096 -0.017845 0.019564 -0.054803 0.003953 -0.01146 0.137226 0.005534 0.006636 0.031361 0.016463 0.005725 -0.001153 0.002026 -0.007111 -0.039626 0.044065
26.149898 191.094763 42.482542 848.059521 98.300492 1781.677371 133.8434 2110.349138 131.172772 2104.884047 106.067992 2008.906288 -35.121939 149.323695 -57.068013 756.882868 -31.233716 1477.912989 -28.387802 1822.990843 -17.82961 1696.910348 -15.157722 1581.225625 245.723824 21.953382 0.010457 -0.010207 0.02273 -0.004309 0.011288 -0.000886 0.006482 -0.003083 0.004524 -0.002827 0.005144 -0.002623 0.016458 -7.9e-05 0.001967 -0.001963 0.000282 8.6e-05 -7e-06 -0.000512 -6.3e-05 -0.000309 -8.7e-05 -0.000317 0.005656 -0.001268
26.800868 187.969687 44.340946 844.432168 101.150249 1766.900513 137.334969 2084.134955 134.495007 2084.653083 109.346296 1993.538166 -33.432411 144.893819 -58.530751 740.435684 -35.476351 1449.658198 -33.758507 1781.846947 -21.586786 1657.577271 -18.557993 1549.605769 263.846629 24.449528 0.004002 -0.012882 0.019891 -0.003887 0.02036 -0.030767 0.022479 -0.081916 0.020773 -0.048847 0.024947 -0.029504 0.020822 -0.033351 -0.009255 -0.090334 -0.135049 -0.136351 -0.232504 -0.234806 -0.179476 -0.230608 -0.171899 -0.159677 0.32237 0.067186
28.303422 198.861024 47.161958 857.588636 108.192675 1787.946731 146.328206 2107.453443 144.857445 2110.736056 119.061493 2019.917082 -32.647029 150.065646 -61.144356 729.247754 -42.796285 1430.589516 -41.554578 1759.157396 -28.050308 1650.147037 -24.097343 1545.343295 300.395729 28.310335 0.020489 0.153355 0.043496 0.05085 0.118489 0.062302 0.142596 0.064863 0.192261 0.08108 0.206709 0.08669 0.004667 0.045345 -0.028543 -0.042585 -0.343026 -0.063123 -0.404594 -0.072694 -0.422625 -0.008345 -0.361208 -0.002935 1.184988 0.141451
27.942764 197.702193 49.008335 836.368687 110.290474 1734.323846 148.689171 2055.732769 145.553998 2058.209532 119.578583 1969.653727 -33.70305 149.234631 -65.602614 715.755827 -50.302115 1373.932373 -49.406086 1686.544119 -35.258882 1559.795251 -30.75842 1466.299152 324.089832 34.495077 -0.001156 -0.001693 0.017726 -0.132915 0.010071 -0.4082 0.009447 -0.321284 0.000835 -0.330916 0.00056 -0.316639 -0.008404 -0.001154 -0.078433 -0.062988 -0.303063 -0.572354 -0.339495 -0.765196 -0.411734 -1.27184 -0.405926 -1.037483 0.44966 0.305262
28.007897 196.455508 52.415491 797.961298 113.680307 1595.782583 151.201367 1904.505232 144.380779 1877.482344 119.1026 1796.116871 -33.72648 152.271635 -70.524492 701.029484 -55.535357 1359.088134 -55.214232 1680.174804 -39.056875 1559.13972 -34.166375 1464.313453 333.625031 14.77619 3.8e-05 -0.001972 0.057245 -0.451357 0.025654 -2.88309 0.010523 -2.888477 -0.002374 -4.151691 -0.000475 -4.000648 -4e-06 0.015296 -0.089008 -0.076536 -0.129461 -0.040313 -0.161348 -0.006025 -0.097114 -6.9e-05 -0.089505 -0.000673 0.069122 -4.117936
28.456026 196.815996 61.833097 748.392247 123.920139 1499.921828 159.773201 1781.968221 148.39888 1754.852358 123.453861 1692.302374 -36.486327 157.642548 -82.60129 660.026543 -71.718921 1348.019519 -73.839017 1669.770509 -52.320037 1566.543564 -46.000837 1482.477807 376.948709 5.342444 0.001778 0.000165 0.388812 -0.794683 0.220755 -1.484555 0.118161 -2.037105 0.027573 -2.070624 0.039032 -1.545089 -0.054261 0.046543 -0.476982 -0.617764 -1.033267 -0.022628 -1.351023 -0.016157 -0.967684 0.008769 -0.878326 0.055984 1.321952 -2.348888
29.331053 205.985543 67.669352 734.137515 134.766251 1447.852991 171.337399 1739.455216 159.92618 1701.578432 135.621739 1623.577897 -34.798168 160.737662 -97.903296 603.252084 -78.047374 1190.32505 -74.312773 1504.479101 -56.173878 1366.721512 -52.382743 1281.474706 405.664545 18.32693 0.006625 0.104383 0.131577 -0.068532 0.227476 -0.459902 0.202004 -0.256632 0.21556 -0.41058 0.285899 -0.712264 0.019992 0.015045 -0.649772 -1.276428 -0.133766 -4.903114 -0.000757 -4.306497 -0.068468 -6.814128 -0.207208 -7.31847 0.527002 3.879417
29.32647 205.72018 70.794197 708.058578 138.296394 1391.227275 173.730144 1679.890673 159.567586 1640.436375 135.887307 1564.569597 -37.20846 155.621655 -116.411931 551.59403 -99.663089 1158.638891 -98.193734 1477.524848 -76.012234 1352.582702 -70.983844 1268.866847 455.844104 13.874324 -0.0 -8.6e-05 0.035265 -0.235809 0.02282 -0.564759 0.008296 -0.518843 -0.000201 -0.559343 0.00013 -0.546129 -0.040351 -0.041369 -0.800715 -1.155951 -1.319506 -0.213724 -1.660978 -0.121822 -1.497138 -0.036757 -1.410391 -0.031164 1.462625 -0.309326
30.024427 201.957575 79.448448 698.458199 151.981761 1395.589724 191.570894 1676.581328 174.1279 1641.066281 149.175803 1570.424133 -38.477305 155.263912 -128.318246 548.701626 -141.355236 1313.546669 -154.561072 1674.867018 -120.588306 1604.851007 -108.982916 1507.590242 584.528478 0.202036 0.004104 -0.017364 0.249457 -0.032765 0.322783 0.003414 0.435918 -0.001631 0.31781 6e-05 0.309897 0.005467 -0.010637 -0.000206 -0.289797 -0.003802 -3.63341 4.858054 -6.365449 6.18295 -5.120133 10.778852 -4.057393 10.281912 7.989203 -10.727857
31.812156 183.69769 83.860073 686.50072 158.121344 1382.135271 200.737635 1645.091451 182.153428 1606.935275 155.485911 1549.79841 -38.174614 153.604417 -125.499529 599.589851 -154.068464 1428.916764 -176.435539 1789.280738 -139.980963 1725.477749 -123.191346 1627.024225 641.496331 -2.109097 0.025848 -0.432524 0.059599 -0.05162 0.060783 -0.032585 0.10711 -0.149267 0.090402 -0.179335 0.065354 -0.068172 0.000598 -0.004458 0.015652 1.128147 -0.273677 2.427772 -0.723596 1.889941 -0.722644 2.185308 -0.435166 2.276142 1.324235 -3.616682
33.343244 176.226745 91.554947 668.835922 160.132478 1346.49813 196.41541 1612.457732 174.958833 1580.869174 151.709415 1523.238121 -35.84678 151.69576 -122.991966 582.105973 -164.216781 1396.966823 -191.899378 1761.937195 -152.192725 1711.959372 -132.734257 1615.29905 653.510021 -2.610439 0.017992 -0.077545 0.168856 -0.115122 0.006355 -0.232728 -0.02352 -0.163464 -0.072481 -0.106571 -0.023214 -0.114783 0.036612 -0.005966 0.012652 -0.129349 -0.161827 -0.180622 -0.324753 -0.105271 -0.255314 -0.026582 -0.177979 -0.021201 0.055726 -0.026704
33.109407 180.242908 88.721943 599.150035 147.381912 1139.752039 178.213375 1387.661988 154.252961 1337.647893 134.747984 1281.182831 -38.890581 154.184419 -134.761822 541.362207 -159.834384 1284.064628 -177.222993 1641.149343 -141.340213 1582.90011 -126.122625 1488.047147 590.904172 -10.315712 -0.000411 0.022625 -0.022261 -1.916344 -0.264454 -8.610979 -0.442451 -8.433706 -0.651796 -10.152358 -0.502593 -10.465671 -0.062008 0.010124 -0.268865 -0.739051 0.029635 -2.378294 0.291884 -2.144274 0.200688 -2.528588 0.08445 -2.610063 -1.575832 -2.547609
33.522871 188.31331 89.848017 584.828979 134.145878 1049.640662 156.712277 1283.522176 133.625308 1216.174962 118.821494 1163.22725 -38.177082 154.854136 -130.824713 507.460238 -148.155301 1169.20182 -161.935298 1520.180816 -125.994336 1466.388395 -112.787016 1370.177957 519.127117 -11.694696 0.001283 0.088371 0.003551 -0.086615 -0.311318 -1.855195 -0.690862 -2.030789 -0.739979 -2.890574 -0.500659 -2.847646 0.003303 0.000726 0.029184 -0.548064 0.221517 -2.690434 0.344725 -2.315283 0.440815 -2.226739 0.372478 -2.431414 -2.323062 -0.04324
34.244392 186.135096 92.566858 587.09624 122.066493 989.013111 134.369921 1205.323445 111.535378 1114.603372 101.240908 1064.884331 -37.21435 153.929258 -123.864343 505.007934 -126.941672 1066.472864 -132.766329 1378.100801 -103.669467 1310.461926 -93.968052 1228.136423 430.265888 -7.922123 0.003841 -0.006336 0.020263 0.002193 -0.284906 -0.901701 -0.858724 -1.228793 -0.997222 -2.214215 -0.703373 -2.171355 0.006147 -0.001385 0.095127 -0.00297 0.819146 -2.361438 1.447096 -3.484629 1.087639 -4.38127 0.858238 -3.885383 -4.167762 0.366175
33.701943 174.766831 88.772254 572.758788 120.05865 928.955029 135.210706 1121.42415 113.27775 1049.924164 102.076856 1002.863824 -34.94977 142.830521 -111.489241 474.997024 -109.164313 931.126134 -115.144889 1175.581182 -88.752543 1089.756511 -79.655782 1026.611251 402.56646 -0.370792 -0.002165 -0.179092 -0.039706 -0.088619 -0.008325 -0.940542 0.001311 -1.513138 0.006752 -0.96657 0.001719 -0.930338 0.035541 -0.207618 0.325572 -0.459623 0.670215 -4.590463 0.627056 -8.04307 0.579066 -10.168717 0.590905 -9.024031 -0.460759 4.865111
36.177246 173.940678 90.207704 567.386337 127.478005 921.52756 147.007178 1101.08693 128.811403 1045.266889 113.875238 1008.571034 -32.497216 148.948463 -104.716483 442.705993 -107.305139 818.254503 -116.151943 1039.808909 -88.37812 970.463879 -78.462549 918.791973 430.58221 1.388434 0.043855 -0.000979 0.005756 -0.012658 0.111214 -0.014906 0.246649 -0.09305 0.498873 -0.005176 0.322539 0.008097 0.044605 0.064147 0.106106 -0.568285 0.007984 -3.645088 -0.002192 -4.16438 0.000396 -3.456591 0.004502 -2.99011 0.471167 3.194246
36.192162 161.720792 88.922149 550.921594 131.875482 943.919916 152.779782 1132.898134 135.827698 1092.382525 119.689673 1052.697081 -31.413455 142.084106 -95.501764 423.202555 -106.457293 842.935121 -123.670981 1063.03228 -92.21125 1005.9051 -80.094356 953.412692 451.867827 1.782769 2e-06 -0.222509 -0.004613 -0.121211 0.037283 0.134401 0.055583 0.226502 0.093027 0.519298 0.072384 0.472362 0.00919 -0.080963 0.212159 -0.219672 0.001681 0.183352 -0.117899 0.128241 -0.040685 0.3178 -0.008397 0.32013 0.256753 0.024613
37.683933 157.355304 91.566811 536.799889 136.698391 972.894119 160.301024 1183.373613 141.759743 1145.377814 124.272317 1097.571166 -30.184642 143.275013 -89.209539 436.37145 -106.348529 905.952763 -123.963205 1149.195563 -94.144824 1099.27637 -81.121234 1032.972044 466.953877 0.473473 0.015063 -0.029865 0.019377 -0.091674 0.043307 0.218997 0.090356 0.550038 0.063391 0.627613 0.043045 0.468291 0.012258 0.002485 0.107204 0.100881 2.8e-05 1.135725 -0.000172 1.678609 -0.010031 2.071671 -0.00327 1.593908 0.123857 -0.418751
38.328965 149.539003 97.062454 551.382109 147.582274 1062.707958 175.29154 1295.177761 154.401349 1187.662031 134.530954 1133.734676 -28.922135 142.378824 -89.146441 463.018979 -108.0417 1020.870673 -127.063186 1295.870287 -95.735367 1259.142248 -82.018026 1187.79391 493.296498 -1.044324 0.002737 -0.099553 0.080074 0.097709 0.208425 1.982326 0.334971 2.522952 0.269926 0.383213 0.2034 0.293076 0.013485 -0.001406 1.1e-05 0.394849 -0.006686 3.429969 -0.019142 4.40333 -0.006662 5.424509 -0.002465 5.403317 0.361398 -2.924153
39.706704 149.261719 101.155764 549.698548 149.746806 1115.262339 177.221406 1363.666696 153.628353 1297.408323 133.801063 1240.809512 -28.113132 144.673352 -91.766374 452.147884 -109.639621 1005.440299 -129.126025 1272.188407 -95.005317 1241.862045 -81.825699 1177.867297 490.25743 0.607607 0.012163 -0.000129 0.042269 -0.001287 0.007879 0.63416 0.005283 0.882247 -0.00097 2.424504 -0.000993 2.41538 0.005738 0.009171 -0.018972 -0.06457 -0.005865 -0.058752 -0.008305 -0.109196 0.001397 -0.059698 0.000113 -0.020827 -0.004695 3.24509
41.182942 152.943529 107.32286 538.504813 149.745639 1019.834925 174.216789 1231.304087 151.469442 1201.965385 132.943648 1158.761844 -28.912616 153.960467 -91.121275 475.516916 -109.864292 973.825029 -130.409516 1214.688984 -97.825816 1168.481464 -84.223498 1112.208969 492.750567 0.236502 0.013472 0.022429 0.091236 -0.057573 -0.0 -2.133613 -0.012844 -3.377932 -0.007638 -1.822992 -0.001378 -1.403123 -0.005605 0.144443 0.001138 0.294394 -0.000115 -0.252515 -0.003174 -0.664815 -0.020629 -1.117259 -0.017313 -0.941432 0.003162 -0.085953
42.018168 158.445147 106.296964 540.155919 135.706437 950.090109 155.018174 1138.681967 133.091035 1096.332207 117.447042 1058.645404 -28.038945 158.567014 -91.970842 455.692679 -99.841562 874.155341 -113.193646 1098.034869 -84.410132 1035.514956 -74.206193 983.354109 429.484486 0.867673 0.004192 0.048605 -0.002463 0.001264 -0.345449 -1.235038 -0.560239 -1.810588 -0.594107 -2.428812 -0.48 -2.261293 0.006702 0.033951 -0.001971 -0.21104 0.239651 -2.689769 0.6091 -2.943899 0.494483 -4.014573 0.317008 -3.965354 -2.172612 0.198181
42.042976 158.264682 109.231643 532.304456 133.118542 885.818501 146.326764 1052.002929 124.41628 986.387957 110.765464 958.383545 -26.770976 158.240388 -91.868265 435.955558 -84.904586 785.924294 -93.331197 972.362663 -65.154935 894.349151 -58.463965 859.700243 369.641586 2.25343 4e-06 -5.1e-05 0.019981 -0.028741 -0.012457 -1.125357 -0.125365 -1.715491 -0.146156 -2.903936 -0.097832 -2.493434 0.014669 -0.000168 2.9e-05 -0.218473 0.604827 -2.34634 0.957351 -3.817643 1.244648 -5.169927 0.937273 -4.15276 -2.243831 0.324505
43.401195 159.279345 111.727958 550.768691 133.282265 868.799548 145.27009 1019.993299 125.076011 938.654926 111.971408 912.094099 -25.889306 158.185808 -89.802202 441.905226 -80.480707 753.09604 -86.770816 927.223999 -61.036507 835.08325 -55.235404 799.992993 360.860369 3.026448 0.010796 0.001621 0.014102 0.157401 5e-05 -0.08254 -0.001915 -0.247268 0.000872 -0.591881 0.003265 -0.572859 0.007381 -5e-06 0.011749 0.020162 0.059178 -0.350163 0.119524 -0.536376 0.067223 -1.01579 0.045848 -1.074328 -0.052781 0.056895
43.117131 162.436365 110.422341 578.981934 134.840576 891.821548 148.620858 1051.165997 127.37385 958.598341 113.336121 925.282804 -32.259362 156.82131 -93.817598 520.389924 -75.255368 787.242913 -69.952124 956.786613 -53.746951 830.63684 -49.601471 793.015468 346.601388 4.581605 -0.000466 0.01549 -0.003837 0.352339 0.004528 0.150525 0.019102 0.234601 0.010458 0.104823 0.004133 0.047335 -0.349966 -0.002955 -0.04391 3.205942 0.087686 0.378538 0.905061 0.231952 0.231703 -0.005935 0.151493 -0.015281 -0.14371 0.16064
43.213465 161.75278 110.370486 598.052222 136.955244 891.887765 149.409144 1058.282971 127.514079 957.297383 115.856057 920.134668 -31.493617 157.23465 -103.891826 574.612142 -72.32679 756.14923 -58.169923 914.855941 -46.144705 751.219583 -45.016846 722.826775 327.074552 12.473876 5.4e-05 -0.000721 -6e-06 0.154498 0.008227 1e-06 0.001043 0.012006 3.9e-05 -0.000442 0.013854 -0.007181 0.004599 0.000272 -0.256832 1.34331 0.02906 -0.313244 0.5429 -0.469748 0.289704 -1.994833 0.111137 -1.625861 -0.283057 1.935908
42.23822 159.533405 108.819887 580.546852 139.659012 862.233747 151.113722 1035.809013 130.689761 948.535901 119.941252 911.662663 -30.371195 158.03239 -107.388817 609.359886 -73.264448 692.305951 -59.361469 800.44976 -48.079103 633.808197 -47.283075 625.106101 337.305251 31.615457 -0.005565 -0.007666 -0.005485 -0.130008 0.013214 -0.250674 0.004834 -0.1206 0.01953 -0.020139 0.035391 -0.019591 0.010183 0.001009 -0.028942 0.510006 -0.003019 -1.407688 -0.00604 -3.819542 -0.019859 -4.985564 -0.027825 -3.546879 0.078775 4.371967
42.078076 155.086679 111.08688 551.846317 147.270498 814.419008 163.680486 983.80686 141.334119 905.43974 128.802744 876.981496 -26.244227 158.922605 -117.048698 590.815068 -70.508625 608.852522 -57.354882 711.449462 -42.549039 563.516688 -42.411127 560.518498 338.978367 40.348149 -0.000152 -0.031426 0.011685 -0.363766 0.100974 -0.681928 0.250936 -0.669601 0.208338 -0.500959 0.157895 -0.336259 0.150618 0.00125 -0.207979 -0.143284 0.026414 -2.679017 0.01725 -2.621844 0.168878 -2.065087 0.132413 -1.760531 0.00207 0.531816
42.657622 160.157219 113.461542 578.639209 133.697113 806.030133 140.323196 953.679206 120.910093 845.841438 111.551116 831.765508 -24.970635 158.496169 -115.328076 581.48216 -63.361278 551.101803 -56.799292 639.001795 -38.676438 502.929363 -36.241412 508.786892 296.354535 44.319199 0.001982 0.040781 0.012557 0.317545 -0.328053 -0.021714 -0.898625 -0.234255 -0.796539 -1.014396 -0.619926 -0.598346 0.015838 -0.000286 0.00637 -0.037151 0.190935 -1.438511 0.001352 -1.9447 0.09237 -1.722446 0.242358 -1.252087 -1.431407 0.093176
39.929137 162.75733 117.867416 556.522197 99.892669 822.325638 96.257749 1001.10784 73.693425 885.539828 70.553076 860.44123 -25.508917 166.216084 -139.738478 578.557629 -58.890362 470.836875 -38.084552 531.47843 -27.303052 404.975748 -34.780625 422.831962 190.708358 92.814187 -0.045084 0.010468 0.041961 -0.21548 -2.458984 0.081539 -4.140028 0.575461 -5.814971 0.455177 -4.675058 0.242983 -0.00287 0.091782 -1.17075 -0.003686 0.081781 -3.156953 1.863941 -4.949152 0.987651 -5.29956 0.015024 -3.97375 -11.5956 8.861013
39.040747 175.061735 144.525201 576.517292 75.979135 756.74677 59.026794 906.933653 41.928501 762.863228 44.644936 760.235728 -24.253342 177.711244 -157.492161 546.210425 -42.42716 410.00487 -21.075011 440.083518 -13.346621 334.012939 -17.799898 366.591621 102.587017 87.309549 -0.004997 0.224156 1.357662 0.176444 -1.633363 -1.362333 -4.529293 -2.32547 -4.449 -4.571226 -2.951185 -3.10079 0.015843 0.192156 -0.53069 -0.465233 1.34651 -2.103077 2.498029 -4.308316 2.470962 -3.415061 2.817421 -2.005894 -13.551195 -0.084131
39.108185 178.37287 150.036221 596.754463 47.100333 708.576515 25.84544 814.375293 16.859702 683.198248 21.206914 698.117356 -26.067271 184.123513 -160.825862 538.827555 -33.727346 427.916045 -12.585761 446.233422 -7.135119 361.087424 -11.317316 397.248581 45.930724 50.919082 2.9e-05 0.01551 0.051558 0.174543 -3.435955 -0.791976 -6.755054 -2.490329 -5.612945 -2.196079 -4.312226 -1.323563 -0.032704 0.056822 -0.017457 -0.025118 0.498561 0.191454 1.088081 0.021336 0.964596 0.527482 0.730804 0.615461 -11.231238 -4.876135
41.170167 180.439576 156.073918 596.214825 26.257725 634.720727 8.10197 685.089192 4.321539 571.201417 7.918433 600.466023 -28.876924 187.561477 -153.411376 532.711451 -17.831095 381.004556 -4.227367 370.745742 -1.318829 322.20854 -3.381 364.880415 10.415039 35.398361 0.026486 0.005952 0.059549 -0.000122 -3.023213 -2.031868 -5.006161 -5.584019 -4.109643 -5.009722 -3.208131 -3.676815 -0.071885 0.0159 0.087485 -0.017455 2.511708 -1.361408 2.224827 -3.494951 2.318803 -1.106982 2.326761 -0.68766 -12.602408 -1.406854
41.598161 182.363369 166.158839 700.580256 18.316826 567.113205 3.212851 559.989157 1.740084 456.714971 4.122752 499.108476 -30.098775 185.50857 -146.684026 529.509777 -8.427129 333.491351 -0.561864 307.15809 -3.5e-05 274.145074 -0.410179 317.307219 1.755623 23.170397 0.001107 0.005101 0.157853 4.206462 -0.713033 -1.903091 -1.110817 -6.300695 -0.577158 -6.395485 -0.613896 -4.681478 -0.012658 -0.005648 0.075414 -0.004825 1.741704 -1.581539 1.70689 -2.988863 1.305365 -1.940007 1.435917 -1.660809 -3.618496 -1.290697
41.621461 177.467154 148.34283 728.707995 10.05129 508.963839 0.524642 481.710422 0.091171 398.046358 1.065715 439.669609 -29.96296 177.16777 -146.447486 504.236701 -4.94259 312.398687 -0.066995 294.180045 0.429933 267.799491 -0.000113 305.977232 -0.125137 12.863117 3e-06 -0.033313 -0.505029 0.276797 -1.230855 -1.572295 -1.140883 -2.9453 -1.034649 -2.015808 -0.996247 -1.88358 0.000154 -0.095923 9.5e-05 -0.308985 0.462071 -0.344501 0.240829 -0.140062 0.437675 -0.037151 0.396701 -0.102986 -2.818191 -1.50564
39.224046 166.243442 121.752969 717.718578 6.683457 495.262761 0.001073 467.630968 -0.000226 381.36368 0.462926 419.698183 -30.189063 151.540093 -129.121351 437.689024 -3.831503 292.546097 0.077182 269.252567 0.637459 248.153002 0.014004 277.858813 -0.661679 14.255625 -0.035555 -0.183301 -1.31202 -0.041747 -0.342387 -0.093469 -0.478259 -0.10441 -0.100471 -0.17856 -0.123867 -0.232096 -0.000425 -1.000552 0.545222 -2.35376 0.070634 -0.325841 0.287994 -0.551693 0.020368 -0.374186 0.016628 -0.677506 -0.211314 0.035775
38.054616 163.758887 120.106592 697.791396 3.789198 436.648532 -0.246436 396.802024 -0.726413 333.487977 -0.029934 375.726389 -29.642676 149.219777 -128.22016 423.362709 -4.730613 252.745115 -0.039426 229.291708 0.346571 220.414249 -0.004786 254.314673 -2.076486 11.664264 -0.008849 -0.009353 -0.005604 -0.140272 -0.407876 -1.84515 -0.280034 -2.906638 -0.701025 -1.60499 -0.728294 -1.21633 0.002495 -0.008951 0.001578 -0.11919 -0.047339 -1.454483 -0.226936 -1.604114 -0.043977 -0.821775 -0.035165 -0.521069 -0.393838 -0.129862
39.077403 171.392174 123.023103 729.244857 10.090862 435.830119 1.016445 390.008549 0.251749 327.331481 1.126869 372.420593 -29.206421 152.168166 -132.249474 419.590367 -5.900574 233.668859 -0.212576 210.976729 0.152281 201.533087 -0.072096 237.55886 0.012435 15.179358 0.006781 0.086938 0.017493 0.346677 1.512962 -0.000384 2.263857 -0.029329 1.833437 -0.028679 1.524127 -0.007304 0.001617 0.014422 -0.031167 -0.008441 -0.064573 -0.374212 -0.068906 -0.381113 -0.039391 -0.422656 -0.03973 -0.285479 2.410307 0.231141
39.022947 176.391602 136.615334 729.965168 14.057958 478.934253 3.879323 459.598944 1.747671 382.48601 2.457975 424.867871 -29.015137 158.771383 -135.659781 401.360809 -7.240972 226.110299 -0.547032 207.416634 0.04601 196.37448 -0.184797 233.775474 1.226547 30.734624 -1.9e-05 0.035936 0.356025 0.000178 0.32808 1.016108 0.924311 2.854832 0.672809 2.146064 0.256291 1.726915 0.000314 0.070122 -0.021706 -0.202422 -0.068537 -0.062134 -0.077594 -0.015147 -0.030882 -0.03344 -0.026041 -0.015185 0.99198 2.715285
40.001032 182.513194 149.084672 711.620698 37.934255 510.247755 20.012535 535.218594 11.74808 443.218699 14.416354 477.990578 -27.279231 161.627269 -133.895191 374.979245 -3.656077 225.790084 0.053206 218.100468 1.898358 202.823851 0.339797 239.49072 4.201427 46.391574 0.006053 0.05221 0.272241 -0.116723 5.80658 0.495754 6.269703 2.878224 4.433349 2.236551 4.968862 1.564181 0.026771 0.012728 0.005776 -0.448378 0.606558 -0.000113 0.941444 0.134145 1.35329 0.052101 1.025768 0.03451 0.88782 1.605934
40.471064 193.113322 153.071374 609.933113 56.249803 530.847075 37.387776 573.980935 21.887356 483.57942 25.311577 513.108927 -26.665361 175.214606 -139.110126 368.475459 -4.594908 227.327008 -1.4e-05 228.539864 1.677227 212.493399 0.231439 252.425972 11.446818 54.956809 0.001373 0.149597 0.026302 -3.918008 1.798034 0.203811 2.692937 0.677506 1.564614 0.879243 1.523185 0.622382 0.003493 0.274151 -0.049812 -0.028448 -0.053586 0.002607 -0.054924 0.122018 -0.006844 0.11258 -0.010371 0.1701 1.778426 0.362585
42.831346 201.887107 173.160559 653.720007 52.997244 601.161605 33.188062 660.572259 19.201213 555.445211 23.047189 586.121216 -23.737403 195.541773 -136.497413 421.498412 -6.49551 250.645083 -0.242334 249.91429 0.511318 222.598641 -0.000213 261.304534 13.445818 74.790415 0.033445 0.097454 0.619128 0.758859 -0.048429 2.185898 -0.125066 3.040494 -0.087897 2.488335 -0.053044 2.427466 0.085116 0.55765 0.012384 1.781456 -0.16407 0.56913 -0.23871 0.477678 -0.336415 0.117366 -0.245697 0.076728 0.080395 1.524877
43.184475 200.499306 175.963277 676.833802 32.376738 594.410336 11.977224 616.577079 7.76305 511.524795 11.835149 549.120706 -25.118318 194.07119 -136.062596 426.979856 -6.946975 256.609367 -0.278798 256.886527 0.214764 221.459592 -0.047417 260.815784 5.395395 59.836342 0.000725 -0.002393 0.01125 0.200776 -2.527669 -0.019062 -5.29044 -0.757997 -2.546239 -0.904346 -1.851025 -0.603132 -0.01952 -0.002775 0.000347 0.017706 -0.007583 0.035065 -0.001277 0.047962 -0.063322 -0.001461 -0.041273 -0.000229 -1.806484 -0.833112
43.806433 198.497492 175.931968 707.432864 28.741053 572.932974 9.820762 559.765194 6.544792 476.655666 10.088135 526.017235 -25.170862 191.125745 -132.223359 473.490674 -5.165794 287.201355 -0.012835 276.740799 0.701654 240.162613 0.020282 280.890627 2.960571 40.135576 0.002223 -0.005022 -1e-06 0.338236 -0.108233 -0.197592 -0.106931 -1.372676 -0.051959 -0.615391 -0.069719 -0.248262 -2.7e-05 -0.011261 0.027472 1.201983 0.131677 0.861156 0.171995 0.369479 0.140042 0.37904 0.12972 0.3721 -0.362606 -1.960367
38.572753 177.445715 124.998164 719.598791 9.665227 515.101126 1.585514 488.207232 0.223773 411.944611 0.93964 453.929726 -30.006989 171.515019 -108.530829 493.761406 -0.033075 339.024349 4.205117 328.422852 8.214776 298.276328 4.497459 336.348513 -5.726912 9.155105 -0.16642 -0.589883 -4.34171 0.05186 -5.072285 -1.538044 -3.514266 -2.445925 -4.348196 -2.359378 -4.870108 -2.655071 -0.212343 -0.530638 1.168623 0.212431 4.372167 2.147977 4.682588 2.210908 4.114792 3.145293 3.913702 2.496447 -16.922756 -10.952949
36.541542 180.102657 107.425881 784.232005 4.216443 583.081107 1.22466 576.817587 -0.258335 471.435885 0.000125 503.902817 -28.206282 172.076811 -104.705992 521.398633 -0.038572 386.037604 4.967773 378.122362 7.075348 333.149655 3.486588 369.390434 -10.037614 11.972892 -0.027469 0.009872 -0.665223 1.389579 -1.114074 2.106077 -0.023265 3.692604 -0.962975 2.005497 -0.918064 1.304514 0.027857 0.000459 0.034306 0.376275 -0.000211 1.525783 0.031759 1.750139 -0.042514 0.963753 -0.064252 0.773918 -0.600815 0.188744
37.061864 186.394839 105.801742 812.206493 4.691956 565.995243 0.348567 551.533557 -0.088914 451.999354 0.066671 485.686222 -30.005748 170.795511 -109.4327 492.844644 -0.304466 333.828431 3.355185 329.574794 5.790275 290.331719 2.631552 323.957648 -7.31423 17.818135 0.001839 0.054017 -0.006186 0.245118 0.0127 -0.127034 -0.266512 -0.283317 0.044135 -0.204573 0.061016 -0.167682 -0.027819 -0.002394 -0.052173 -0.40202 -0.1263 -1.895764 -0.157715 -1.66713 -0.06434 -1.472011 -0.060042 -1.490131 0.215051 0.57907
39.04112 209.431849 102.401461 877.286536 7.878966 585.530158 0.581458 557.224633 0.390755 452.107834 1.188468 488.113072 -31.976189 190.662924 -117.706147 541.75711 -3.104107 362.907235 0.192821 353.371176 1.018152 310.517763 0.123452 344.036148 -0.147403 13.259163 0.025742 0.670943 -0.027768 1.253922 0.410698 0.165711 0.029632 0.014606 0.85246 7e-06 0.69216 0.003024 -0.031329 0.546415 -0.150729 1.156855 -1.464254 0.607078 -1.939343 0.414703 -1.952347 0.339179 -1.615056 0.301827 5.384961 -0.336214
41.309495 218.218086 106.285903 911.199122 10.938988 609.339288 3.45133 572.953662 3.007667 462.134303 3.469713 497.483503 -30.560497 192.4176 -119.324325 563.922137 -2.91344 380.281587 0.161794 375.596076 1.448143 330.614729 0.300479 365.603416 0.281828 10.985878 0.032026 0.090268 0.036155 0.321548 0.250465 0.237236 1.199554 0.109458 1.230234 0.054982 0.59683 0.044545 0.016026 0.004019 -0.005524 0.222188 0.003021 0.203118 -0.00136 0.338877 0.037773 0.315058 0.038731 0.32781 0.83687 -0.10681
40.201836 222.248755 110.432989 901.959865 29.29162 603.218999 15.211096 576.64367 12.91216 457.770417 14.05845 493.44597 -29.906249 192.616249 -121.197791 581.671324 -3.832273 416.36453 0.011608 431.207528 1.072284 372.374124 0.133591 401.61233 6.542535 4.404006 -0.007526 0.018443 0.039683 -0.02354 4.430011 -0.015446 4.171255 0.005922 3.456204 -0.010351 3.5598 -0.008225 0.00354 5.1e-05 -0.007296 0.137506 -0.06287 0.817582 -0.086727 1.918878 -0.028183 1.241405 -0.033364 0.845497 4.10858 -1.478468
40.409886 219.595317 114.284971 858.004639 36.030622 575.039858 20.813552 568.359868 15.967037 439.878227 17.394522 472.965539 -29.274718 193.753462 -119.53785 586.695247 -4.328729 418.931443 -3.1e-05 435.95618 0.990282 374.432005 0.102655 403.528067 9.00449 2.634222 0.000268 -0.007968 0.033017 -0.548978 0.348546 -0.337013 0.438306 -0.029966 0.162029 -0.178334 0.177421 -0.217038 0.00337 0.001674 0.005723 0.010801 -0.015114 0.003944 -0.012832 0.013002 -0.001631 0.002835 -0.002034 0.002279 0.196169 -0.226142
39.986784 203.399281 102.601808 884.508712 36.65989 541.206061 21.700089 513.038316 16.405868 394.321569 18.501879 433.582016 -27.209045 188.18835 -121.959439 670.983547 -18.64792 522.364997 -6.182401 519.807861 -2.126376 462.245274 -4.028941 492.900354 30.344955 -2.697341 -0.001113 -0.310179 -0.3149 0.201579 0.002724 -0.512875 0.009244 -1.415981 0.002974 -1.244881 0.017084 -0.855881 0.037785 -0.040546 -0.012141 2.827635 -5.007588 5.700113 -6.154896 3.685369 -6.018873 4.620971 -5.417819 4.466253 6.289449 -10.662751
36.728925 213.989779 80.398649 920.462494 34.601581 477.262012 22.469971 413.463896 21.603738 304.837985 21.241843 343.834745 -28.794122 194.778959 -119.046274 725.381325 -23.454414 660.463955 -8.731418 747.522743 -4.361978 592.27287 -7.021514 595.200845 45.380661 -47.293773 -0.069206 0.134379 -1.351931 0.358123 -0.029732 -2.009331 0.00671 -5.366346 0.357086 -5.750028 0.09456 -5.19772 -0.022436 0.056714 0.017607 1.059981 -0.27526 8.089403 -0.219449 20.625831 -0.39731 8.047246 -0.412924 4.81969 1.507717 -27.401964
31.934173 215.926753 63.032815 955.479516 33.490439 372.226224 25.102159 265.23333 27.314857 188.276995 24.056134 230.127152 -30.071443 195.677489 -113.472145 782.001736 -20.149664 830.611759 -6.912894 986.363247 -3.403901 791.690344 -5.702489 769.652541 50.003682 -207.80912 -0.167614 0.004364 -1.055157 0.326849 -0.009067 -6.518636 0.072876 -16.384895 0.334523 -13.974166 0.087508 -11.376044 -0.01386 0.001034 0.066823 1.063765 0.125414 9.739658 0.106054 16.528764 0.059326 14.44255 0.068552 11.194873 0.112099 -56.829573
30.641642 220.068738 56.919655 953.111253 21.725419 264.21079 14.266204 155.506127 16.732531 108.971156 14.577256 149.439891 -33.099085 197.454115 -99.536088 818.159538 -22.742853 1036.893144 -9.719783 1264.454673 -4.526985 1079.373353 -7.053739 1035.917209 38.666171 -502.427424 -0.01335 0.019675 -0.155874 -0.001469 -1.267964 -9.233109 -1.520641 -14.560147 -1.290087 -10.774684 -1.180891 -8.675272 -0.072596 0.004014 0.456372 0.408569 -0.078461 11.427708 -0.238552 17.245341 -0.079922 22.248443 -0.07177 19.740741 -0.727806 -63.988911
29.96247 216.688543 48.354667 961.801364 19.192909 221.104843 10.446185 117.58118 13.659407 79.044447 12.008557 115.496228 -33.830614 192.785703 -99.474074 824.819078 -25.546561 1212.988011 -14.349014 1505.797647 -6.434797 1329.462014 -8.035736 1257.368148 38.844726 -760.165226 -0.003806 -0.01308 -0.348997 0.019719 -0.078446 -1.918135 -0.297033 -2.646231 -0.155771 -2.397018 -0.124384 -2.183431 -0.003998 -0.027925 1e-05 0.013497 -0.081461 6.901929 -0.449373 10.532862 -0.167297 13.017451 -0.031987 10.71724 0.000206 -26.58641
22.952229 209.993077 33.347374 907.565249 11.194813 202.179649 6.556813 107.096979 10.166664 74.40056 8.135495 109.246096 -41.729894 173.193738 -99.090294 788.227416 -33.481713 1316.746425 -22.350474 1650.47126 -11.386238 1489.659596 -12.296918 1401.445134 43.071272 -898.232828 -0.466421 -0.052536 -1.39012 -0.786944 -1.071445 -0.423288 -0.450816 -0.244746 -0.257397 -0.070288 -0.37584 -0.086926 -0.414039 -0.524784 0.000371 -0.415091 -0.535792 2.128749 -0.882885 3.317439 -0.701674 4.555322 -0.451529 3.906525 0.109109 -5.757306
20.274216 200.436012 22.442347 885.965926 9.206576 176.215826 5.801411 83.682772 10.658859 56.399436 8.460505 86.428139 -43.821228 150.719488 -102.221978 756.335598 -39.143008 1368.821185 -29.603682 1726.756793 -16.187531 1586.232984 -16.353376 1481.585204 53.117333 -1044.426284 -0.083035 -0.111286 -1.076164 -0.130064 -0.097114 -0.891812 -0.023109 -1.442253 0.005817 -1.244608 0.003183 -1.334977 -0.025566 -0.780612 -0.02436 -0.329283 -0.220993 0.504928 -0.508794 0.861687 -0.421231 1.516425 -0.288621 1.114049 0.52605 -5.508654
17.638144 204.214378 16.051748 890.968244 5.953627 179.020412 3.457755 86.474082 7.906026 61.312259 5.860191 92.313788 -47.46149 156.634537 -93.871817 779.984043 -42.249571 1402.85615 -35.508132 1765.311913 -20.560617 1658.584992 -19.200848 1547.260788 53.96588 -1082.114866 -0.091755 0.01764 -0.534174 0.007041 -0.353108 0.011071 -0.301519 0.022896 -0.205232 0.102566 -0.238058 0.096928 -0.072614 0.056923 0.177866 0.18202 -0.059307 0.208975 -0.268265 0.212846 -0.26113 0.806742 -0.114208 0.712118 0.003362 -0.334003
16.995069 208.292377 8.98772 855.286648 2.348486 171.1665 0.893671 72.643955 4.425697 59.426514 2.961597 85.881033 -51.833215 146.655441 -95.200391 756.635605 -44.351505 1416.101289 -38.490653 1763.689983 -23.54465 1671.851171 -21.555393 1562.743902 48.386173 -1100.873729 -0.005971 0.020158 -1.017094 -0.364583 -0.823608 -0.088084 -0.835693 -0.602179 -0.501309 -0.014727 -0.489795 -0.116148 -0.096285 -0.164215 -0.004668 -0.177396 -0.025512 0.031117 -0.06013 -0.000373 -0.101061 0.026422 -0.06807 0.038541 -0.152202 -0.080601
17.159359 215.304905 8.389641 863.010145 1.494266 153.130744 0.367713 60.126196 2.825821 50.39093 1.797155 75.970927 -51.829525 146.344573 -98.567314 746.445938 -47.09027 1383.242791 -42.219086 1749.392904 -24.839398 1667.32118 -22.594121 1549.819763 44.421316 -1137.995405 0.000395 0.058049 -0.010295 0.017358 -0.096147 -0.501917 -0.114886 -0.591413 -0.178689 -0.372347 -0.144665 -0.30368 0.0 -0.000165 -0.029254 -0.034539 -0.041023 -0.192852 -0.086165 -0.029092 -0.017327 -0.003073 -0.012221 -0.026832 -0.084731 -0.30777
14.21937 207.638768 6.459981 842.038776 0.81376 142.564868 0.1214 57.328478 1.873246 46.131223 0.998914 71.016741 -57.351812 132.679052 -105.300704 716.279603 -51.058514 1368.340929 -46.540605 1736.789594 -27.580788 1660.984172 -25.283516 1544.243401 43.82979 -1153.497365 -0.138033 -0.069483 -0.12591 -0.128974 -0.102602 -0.188832 -0.066548 -0.033325 -0.097564 -0.09404 -0.116365 -0.083514 -0.139745 -0.334844 -0.111226 -0.311099 -0.080253 -0.040353 -0.105265 -0.022782 -0.071732 -0.006033 -0.075594 -0.005025 -0.001982 -0.052436
12.464362 207.842459 5.127122 843.530179 0.660419 141.475095 0.066933 56.756535 1.305964 44.658399 0.641587 69.622793 -60.826625 130.472213 -107.929157 721.241813 -54.36538 1417.827795 -49.96327 1808.988512 -30.309373 1752.982931 -27.687006 1622.312453 44.198335 -1238.050728 -0.057777 5e-05 -0.076914 0.00066 -0.007997 -0.002091 -0.008048 -0.001434 -0.051021 -0.011947 -0.039389 -0.006908 -0.051096 -0.009254 -0.016201 0.008565 -0.051877 0.439518 -0.060714 0.735131 -0.06434 1.239805 -0.054556 0.962513 0.000771 -1.495163
11.39682 204.403259 4.844623 844.17844 0.608444 142.553339 0.063725 58.357688 1.294899 44.23246 0.58572 69.386359 -63.33547 118.591928 -112.472946 701.498272 -57.065042 1408.245824 -54.245424 1797.848159 -33.217943 1733.926957 -29.665462 1608.158376 47.629833 -1224.279087 -0.023893 -0.014346 -0.004002 0.000125 -0.001065 0.002047 -3.9e-05 0.011136 -2.4e-05 -0.00102 -0.001272 -0.000201 -0.02535 -0.283504 -0.046842 -0.136998 -0.032708 -0.016244 -0.088019 -0.017205 -0.066619 -0.052071 -0.034135 -0.031008 0.064138 0.038512
9.848202 203.885301 3.723836 843.587308 0.530209 138.187208 0.024389 56.377683 1.223882 43.526784 0.530547 68.675071 -67.220821 120.101823 -118.906428 712.095241 -63.775437 1415.11163 -60.790418 1808.405989 -38.214803 1745.113283 -34.62192 1620.278694 53.116464 -1237.426247 -0.056517 -0.000329 -0.073618 -0.000104 -0.002691 -0.033954 -0.009267 -0.017086 -0.001001 -0.002837 -0.001364 -0.001832 -0.057827 0.004776 -0.089458 0.039721 -0.186461 0.008348 -0.18634 0.015455 -0.174984 0.017984 -0.191352 0.022751 0.149512 -0.035108
9.346725 203.697595 4.357796 842.716743 0.648691 140.156614 0.066428 57.809349 1.461515 44.365478 0.651459 69.337214 -66.857144 121.396237 -115.983058 720.296407 -62.639663 1423.664628 -58.491131 1812.219185 -37.506537 1744.948452 -34.477575 1619.758099 53.775665 -1232.841208 -0.006552 -4.3e-05 0.024904 -0.000225 0.005969 0.006967 0.010316 0.008975 0.010535 0.004002 0.006201 0.001588 0.000493 0.003469 0.018192 0.023478 0.005102 0.012885 0.022163 0.002008 0.003312 -4e-06 0.000151 -4.2e-05 0.002033 0.004255
9.039221 195.504018 4.283065 823.710702 0.580968 133.645153 0.084765 53.778375 1.349174 41.632229 0.547376 66.112877 -66.695534 114.688992 -116.580356 703.195587 -64.214825 1410.579507 -59.638525 1796.41774 -38.602004 1720.330463 -35.537725 1597.150308 54.384587 -1226.719977 -0.002572 -0.084095 -0.000323 -0.108388 -0.001866 -0.077438 0.001116 -0.072831 -0.002246 -0.043446 -0.004527 -0.038382 9.8e-05 -0.095297 -0.000767 -0.102722 -0.00978 -0.030206 -0.005572 -0.034596 -0.007884 -0.087447 -0.008027 -0.079443 0.001714 0.007617
9.126056 191.759614 3.995773 813.870698 0.539257 130.096801 0.072866 51.397628 1.395579 39.562084 0.569413 63.431564 -67.323241 112.282377 -117.724448 694.888051 -65.917854 1412.850373 -61.481421 1800.836414 -40.55969 1725.394807 -37.323003 1598.151884 57.002427 -1242.423775 0.000208 -0.018103 -0.004986 -0.029564 -0.000777 -0.023871 -0.00045 -0.026949 0.000392 -0.026395 0.000217 -0.027752 -0.00147 -0.012759 -0.002793 -0.024682 -0.011144 0.000913 -0.014021 0.002714 -0.024211 0.003722 -0.021875 0.000157 0.030767 -0.049939
9.320358 194.429734 4.571786 817.231482 0.752956 130.964304 0.180356 51.765693 1.68802 39.676625 0.754436 63.704628 -66.651099 112.662474 -117.226939 698.962528 -65.31014 1415.441926 -60.919448 1804.584908 -39.95513 1727.007457 -36.714188 1599.861768 58.068137 -1243.150598 0.001023 0.009231 0.019385 0.003462 0.017793 0.001441 0.023946 0.000657 0.013899 8.3e-05 0.012993 0.000293 0.001686 0.000321 0.000527 0.005955 0.001407 0.001187 0.00129 0.001949 0.00227 0.000377 0.002503 0.000457 0.004935 -0.000106
9.746933 196.909076 6.175853 823.67837 0.898467 135.862642 0.21172 55.547706 1.725365 41.019773 0.807685 65.723555 -65.898837 116.4037 -116.611249 712.536848 -63.87072 1413.531765 -59.36946 1802.123855 -38.540702 1724.348424 -35.686192 1597.658442 56.575177 -1233.456995 0.004772 0.007854 0.120376 0.012664 0.006423 0.044965 0.001256 0.066665 0.000204 0.011179 0.000908 0.015747 0.002135 0.030554 0.000811 0.065273 0.00802 -0.000645 0.009987 -0.00084 0.012744 -0.001024 0.007299 -0.000759 -0.009722 0.018971
12.276402 209.700026 8.3122 849.389297 1.591088 159.099083 0.271768 71.242451 2.593114 50.157726 1.455741 76.803547 -61.117839 127.016562 -107.357627 729.350611 -55.928087 1431.231425 -49.130044 1797.523921 -32.363445 1703.839961 -29.801578 1585.173923 53.27836 -1169.324313 0.145742 0.201236 0.158374 0.197568 0.098288 0.916682 0.003744 0.975138 0.08808 0.459066 0.094758 0.431329 0.090012 0.231465 0.191246 0.098035 0.263587 0.055063 0.484242 -0.002939 0.269598 -0.061344 0.264926 -0.024485 -0.049482 0.856036
13.53891 205.818677 12.535506 851.378438 2.585307 157.782524 0.842529 72.683078 2.692175 50.027667 1.651758 76.068524 -58.138833 127.103569 -103.427279 729.838113 -53.718945 1422.967307 -48.548089 1807.51008 -30.127591 1713.726114 -27.766098 1591.601122 50.831843 -1178.147361 0.03089 -0.018128 0.432258 0.001163 0.120066 -0.002735 0.157275 0.00721 0.000928 -8.4e-05 0.006188 -0.001767 0.037213 1.5e-05 0.036646 8.1e-05 0.022257 -0.011964 0.001734 0.013831 0.040011 0.014299 0.035997 0.006502 -0.02875 -0.016581
16.523216 205.839286 16.493718 853.778961 4.371593 160.728141 1.919902 75.483361 4.018037 49.927043 2.81619 75.58847 -51.066819 127.283321 -96.533146 735.174379 -51.019763 1423.210372 -47.198027 1818.932701 -28.172357 1725.743176 -25.538428 1600.764747 53.469264 -1188.605472 0.148495 1e-06 0.271123 0.00169 0.233237 0.013621 0.218754 0.026464 0.132292 -5.1e-05 0.154405 -0.00076 0.229228 6.4e-05 0.118882 0.009719 0.034786 1e-05 0.009519 0.01799 0.032796 0.020993 0.046569 0.013152 0.033351 -0.023106
18.366093 206.429936 22.024711 876.179783 5.975404 180.225784 2.588797 95.869842 4.4335 57.170812 3.382425 86.299408 -48.080012 134.120888 -94.494867 748.614839 -48.335272 1400.285294 -44.219498 1791.414872 -26.100604 1682.515218 -23.867476 1560.13637 52.048473 -1119.393321 0.048705 0.000423 0.399175 0.145038 0.125053 0.557948 0.049893 1.217047 0.010218 0.245254 0.025917 0.354721 0.044999 0.089441 0.010875 0.060874 0.036273 -0.09307 0.048535 -0.104871 0.039557 -0.274148 0.028265 -0.261118 -0.009566 1.037999
19.344189 204.233884 26.455402 887.735096 7.941596 203.899429 4.026381 112.360771 6.112382 68.59083 4.860274 100.853313 -47.45956 133.149009 -96.016033 742.030382 -47.858081 1392.445634 -42.910805 1786.118951 -24.843735 1673.416907 -22.956227 1552.418662 55.60196 -1064.420681 0.012687 -0.005872 0.202889 0.03785 0.139592 0.730198 0.158094 0.654031 0.134495 0.519581 0.133565 0.566749 0.002015 -0.001767 -0.006073 -0.014542 0.001184 -0.011004 0.009829 -0.00392 0.015507 -0.012333 0.008868 -0.009568 0.058665 0.692016
19.900382 212.67929 35.576892 914.590943 10.743247 320.310002 6.606479 231.43104 8.645347 152.193239 7.234461 194.288054 -47.123284 142.470586 -91.039646 758.498454 -46.074685 1378.317653 -41.398958 1766.072558 -23.626339 1640.041689 -21.448542 1525.663313 60.85545 -793.028729 0.003942 0.085548 0.674296 0.200096 0.211237 13.088989 0.317783 21.278121 0.219 16.440627 0.235315 15.179985 0.000598 0.157675 0.066207 0.09037 0.016931 -0.036019 0.013556 -0.056565 0.015291 -0.168092 0.025603 -0.116284 0.118555 19.9335
23.518339 208.87499 46.593726 994.847766 22.188038 453.977349 15.11218 389.122571 16.553418 271.781842 14.857042 309.741009 -40.426598 148.819516 -82.008903 748.666538 -41.029012 1391.741327 -35.829616 1785.717186 -19.958443 1666.206187 -18.143466 1541.660952 72.864603 -592.113463 0.150999 -0.017166 0.741877 1.687408 2.052712 11.624947 1.734835 20.370168 1.273043 17.215403 1.356731 13.400984 0.25649 0.069199 0.235801 -0.032069 0.146264 0.032526 0.201078 0.054327 0.154611 0.10353 0.138192 0.041718 0.540352 14.648869
23.293645 207.302651 48.3807 992.441504 34.392442 639.868751 27.574465 611.458664 27.967156 458.790695 25.782632 484.586193 -39.660895 149.444554 -77.99062 752.188333 -38.769758 1400.683677 -33.252133 1788.517883 -18.559765 1667.33846 -16.771271 1539.212316 92.092866 -376.890039 -0.000539 -0.00297 0.016813 -0.001457 1.331921 15.911187 1.859679 25.015005 1.487934 24.340337 1.496161 19.482143 0.00366 0.000655 0.050466 0.004132 0.031988 0.014318 0.048101 0.001097 0.025403 0.000192 0.026975 -0.000973 1.124504 24.203701
26.851188 204.534088 52.868535 931.906744 57.61609 825.081522 57.014128 867.915364 54.247619 706.03465 48.518275 709.307343 -37.013292 151.171905 -70.737989 759.754933 -33.738147 1423.614477 -28.971457 1809.667733 -15.140601 1688.918847 -13.475646 1560.224658 126.706334 -210.979846 0.126355 -0.009306 0.09951 -0.952365 2.979143 11.755334 5.288301 22.398573 4.313514 26.542203 3.563962 21.339836 0.045725 0.004963 0.17694 0.018934 0.174792 0.09309 0.147419 0.062159 0.173899 0.069381 0.180077 0.071226 2.755228 23.897537
30.232701 192.083633 56.018121 762.483314 101.633394 1190.504994 126.417729 1386.239772 126.109639 1311.791194 107.457761 1272.589821 -34.686201 152.206549 -63.086584 736.384871 -30.600974 1422.724039 -26.818614 1778.262406 -13.581931 1651.477303 -11.659582 1538.654644 222.463845 -19.533874 0.100244 -0.195468 0.045561 -8.491671 6.204147 33.402193 13.636726 60.401461 14.934797 93.071276 11.564607 81.731587 0.037774 0.001764 0.218913 -0.182534 0.07653 -0.000139 0.041553 -0.137449 0.042323 -0.209842 0.065693 -0.075071 13.387045 102.119737
30.872175 180.9526 57.694297 705.157987 105.160441 1239.166714 129.404278 1472.010927 124.047566 1415.08024 104.943687 1364.681799 -33.89027 153.928814 -61.146593 711.200675 -29.090572 1423.731198 -26.021825 1782.690167 -12.5953 1662.817021 -10.594816 1549.5511 215.697689 -9.986239 0.003346 -0.166107 0.012354 -1.119976 0.030081 0.48735 0.017434 1.287212 -0.008499 1.956905 -0.014879 1.608389 0.004619 0.004845 0.015148 -0.219086 0.019112 0.000178 0.006008 0.002753 0.0186 0.019399 0.025487 0.019224 -0.052245 1.586625
31.021717 179.710276 60.400442 735.090504 128.137427 1421.746677 164.163089 1690.102182 163.148494 1656.803242 137.8224 1595.115723 -30.341705 154.830995 -55.850731 721.206758 -26.958748 1437.105697 -23.573378 1792.546515 -11.494985 1671.776596 -9.736924 1561.071873 261.255012 -0.033678 0.000181 -0.00214 0.03101 0.311076 1.134233 6.2713 2.06501 7.529853 2.67419 9.525221 2.236747 8.983807 0.098097 0.001318 0.11992 0.034949 0.040556 0.031263 0.060475 0.013586 0.025141 0.012037 0.018107 0.021335 2.180746 8.860055
30.888073 181.982442 60.16914 761.789409 132.132287 1522.98852 171.245816 1809.728334 170.016268 1795.851642 142.504737 1729.518816 -29.468828 155.361221 -52.737776 722.276582 -25.439785 1445.256393 -22.971337 1802.320718 -10.648042 1692.553223 -8.818906 1582.942796 265.760499 1.529768 -0.000144 0.007137 -0.000222 0.238125 0.03066 1.740894 0.07479 2.045042 0.070793 2.801077 0.039108 2.717829 0.00637 0.000453 0.044629 0.000396 0.022021 0.011524 0.003894 0.013288 0.016203 0.064154 0.022723 0.076072 0.019259 2.017408
31.891612 186.478829 61.202536 778.851826 137.469255 1594.441624 179.651712 1902.147469 177.601529 1895.66706 148.757789 1820.948362 -28.24691 155.870028 -51.694786 727.496758 -24.383436 1447.985218 -21.755601 1799.225042 -9.952176 1684.315384 -8.371282 1578.879567 271.637513 6.244238 0.008021 0.027436 0.004399 0.094485 0.05283 0.818979 0.100698 1.150715 0.082768 1.349707 0.06713 1.177415 0.012936 0.000416 0.005208 0.009398 0.0112 0.001287 0.016526 -0.00133 0.011756 -0.010048 0.005829 -0.002611 0.032137 1.592667
31.759061 184.799146 62.224512 783.064517 144.811823 1723.262026 193.360979 2050.733241 189.354673 2056.358442 156.566512 1974.692805 -27.773322 152.394417 -48.729705 725.357084 -21.689706 1465.82468 -19.79003 1809.7045 -8.820287 1694.996469 -7.315294 1593.617523 279.910204 17.445272 -0.000138 -0.0038 0.004231 0.005681 0.095512 2.501874 0.252012 2.7936 0.188267 3.268248 0.099871 3.115028 0.002002 -0.019594 0.043782 -0.001576 0.078814 0.054611 0.046523 0.015215 0.034155 0.01688 0.035584 0.034233 0.062045 2.81537
30.62396 183.473095 61.430582 816.67882 145.585496 1776.242131 193.533911 2097.689997 193.001269 2109.416627 159.993122 2025.536102 -28.128114 151.753173 -51.317921 738.516277 -22.591968 1473.838449 -19.5943 1812.403657 -9.305697 1689.019769 -7.937599 1586.673136 287.065712 23.335664 -0.010328 -0.002387 -0.002549 0.353196 0.001031 0.401064 3.9e-05 0.265765 0.01739 0.337907 0.018546 0.323125 -0.001126 -0.000676 -0.033484 0.059147 -0.009193 0.010923 0.000486 0.001006 -0.006501 -0.005278 -0.0127 -0.007582 0.045155 0.427646
31.008904 181.768541 62.182392 804.675407 142.447678 1745.011446 186.835425 2068.808665 185.004202 2094.294799 153.827889 2010.002833 -27.764873 149.288518 -49.514907 730.766557 -22.439495 1464.050027 -19.955221 1805.779717 -9.664189 1686.19312 -8.032559 1582.999474 279.235894 22.091728 0.001202 -0.003978 0.002286 -0.044433 -0.017092 -0.138498 -0.058986 -0.100101 -0.084602 -0.027199 -0.060566 -0.029895 0.00118 -0.010089 0.016121 -0.020438 0.000258 -0.016307 -0.001647 -0.006063 -0.003388 -0.001184 -0.000282 -0.002129 -0.054131 -0.017035
31.255472 177.609235 60.487654 812.535392 135.376681 1762.287983 178.535621 2094.347171 176.161472 2113.27888 146.002057 2027.00212 -27.834452 145.280794 -48.473778 725.797806 -23.672252 1456.866612 -21.442387 1799.061214 -10.536035 1681.803096 -8.731119 1578.934041 272.861152 24.607755 0.000488 -0.02407 -0.011707 0.019101 -0.089998 0.042551 -0.094282 0.078333 -0.108268 0.042827 -0.102148 0.035791 -4.4e-05 -0.027265 0.005531 -0.008475 -0.016481 -0.008833 -0.026721 -0.006261 -0.018823 -0.002861 -0.014561 -0.002614 -0.036804 0.067827
29.729971 179.89642 56.731571 834.277857 128.501084 1813.000782 171.325385 2150.132646 168.692508 2155.641737 138.503812 2066.821117 -28.701411 149.572241 -49.337526 739.287015 -23.116288 1479.477754 -20.889925 1834.377442 -10.267717 1708.93346 -8.434415 1598.528152 262.196921 25.904442 -0.019083 0.007316 -0.060194 0.143536 -0.08959 0.35968 -0.074305 0.366612 -0.080892 0.2102 -0.098826 0.193656 -0.006648 0.031232 -0.003814 0.0621 0.003303 0.087059 0.003605 0.171637 0.00173 0.108541 0.002564 0.060415 -0.106285 0.016646
27.946734 180.328302 53.455405 835.114254 126.332632 1828.463955 169.949747 2165.951169 165.921974 2174.580188 135.719214 2083.240901 -30.495521 150.366332 -51.174639 734.515309 -24.285613 1468.734568 -21.992051 1810.681605 -11.297754 1694.721393 -9.339 1585.838465 263.811776 29.8706 -0.027573 0.000259 -0.048716 0.00021 -0.009226 0.032832 -0.002773 0.028988 -0.01147 0.041414 -0.014138 0.032483 -0.027194 0.001051 -0.01679 -0.007725 -0.014425 -0.019574 -0.014165 -0.077022 -0.024613 -0.029672 -0.023035 -0.025284 0.002479 0.141195
28.674562 187.412776 55.634054 851.786147 128.635713 1843.851252 172.561998 2181.070727 169.025094 2187.91608 138.495675 2099.073751 -29.460545 154.036505 -46.733057 742.098414 -22.697907 1463.354968 -20.844291 1807.118332 -10.635948 1689.593518 -8.514475 1579.957846 264.460618 32.154568 0.004678 0.068247 0.021757 0.082387 0.010402 0.032237 0.009962 0.026294 0.014375 0.020384 0.014056 0.029969 0.008934 0.022126 0.100798 0.019472 0.026834 -0.004935 0.015379 -0.001755 0.009987 -0.003885 0.01905 -0.005462 0.000398 0.042066
28.385928 186.448388 55.14671 839.034029 127.571296 1814.427631 169.568282 2151.167275 165.860865 2164.444046 136.242311 2073.407561 -29.425906 151.842252 -48.431251 732.107752 -23.470322 1448.483789 -21.199175 1787.837098 -10.902784 1668.810528 -8.896179 1561.721921 261.812933 32.177352 -0.00073 -0.001244 -0.001072 -0.048089 -0.002211 -0.118329 -0.013098 -0.103206 -0.014949 -0.063292 -0.009241 -0.078941 1e-05 -0.00787 -0.015153 -0.033854 -0.006462 -0.037975 -0.001498 -0.051707 -0.001653 -0.064307 -0.004185 -0.052926 -0.00666 4e-06
27.867008 184.853844 54.758414 831.517128 127.244052 1795.925652 169.446757 2128.836918 166.991971 2151.459216 137.396724 2060.905334 -29.586496 148.847439 -47.920529 729.432709 -23.335462 1455.796627 -21.050719 1803.005774 -10.631516 1686.200463 -8.713621 1576.44532 261.893952 28.307227 -0.002394 -0.003424 -0.000686 -0.016912 -0.00021 -0.047409 -2.2e-05 -0.058253 0.001922 -0.019533 0.002435 -0.018904 -0.000219 -0.014914 0.001354 -0.002448 0.000194 0.009207 0.000261 0.032038 0.001709 0.045069 0.000946 0.034539 6e-06 -0.123943
27.91832 179.688303 50.417335 832.739445 119.727367 1812.563777 161.557713 2142.398101 159.261894 2149.625235 129.508581 2059.232085 -31.285137 146.82064 -48.807252 729.46249 -21.782966 1456.18668 -19.681174 1791.455237 -10.04959 1679.621711 -8.013144 1567.689602 249.3244 28.953686 2.4e-05 -0.0366 -0.089626 0.000449 -0.114413 0.038358 -0.094026 0.021528 -0.091589 -0.000391 -0.116589 -0.00034 -0.023705 -0.006947 -0.004064 0.0 0.026718 2.6e-05 0.023031 -0.018558 0.008189 -0.006429 0.014674 -0.012191 -0.15455 0.003649
27.006398 187.791418 52.154483 850.935703 122.614084 1824.754382 165.810666 2153.164263 161.757329 2158.075225 131.66967 2070.589135 -31.620585 151.353926 -50.15283 738.932299 -21.523719 1452.290545 -19.40545 1776.083874 -9.864894 1656.579075 -8.193879 1553.765331 251.515125 33.108447 -0.007571 0.08935 0.014711 0.098331 0.017194 0.020429 0.027627 0.013492 0.009699 0.008288 0.008941 0.015616 -0.000894 0.034463 -0.009148 0.030536 0.000776 -0.00261 0.000973 -0.033115 0.000856 -0.079577 -0.001008 -0.031057 0.004791 0.139227
26.621089 193.202788 51.196174 848.486228 120.92543 1811.642992 164.334812 2140.199575 159.438259 2154.743817 129.850404 2072.783913 -31.486057 156.030509 -48.793136 752.891591 -22.213791 1470.731261 -20.275236 1799.838452 -10.238592 1679.276074 -8.443073 1581.317115 250.483368 29.596288 -0.001384 0.038432 -0.004443 -0.001765 -0.005854 -0.023637 -0.003299 -0.019575 -0.008372 -0.001287 -0.006328 0.000581 0.000143 0.035577 0.009343 0.065311 -0.005444 0.05817 -0.009534 0.078901 -0.003474 0.077216 -0.001866 0.121068 -0.00106 -0.098437
27.809709 189.71647 53.551147 831.354541 124.801522 1792.888727 168.992084 2118.675287 164.818378 2142.446933 134.720863 2062.027346 -30.266073 149.884619 -46.298206 734.67298 -22.718641 1464.437763 -21.343608 1798.169393 -10.555585 1686.42173 -8.562545 1588.894298 258.794688 27.25371 0.01298 -0.015871 0.026476 -0.08736 0.030573 -0.048789 0.032537 -0.054392 0.044637 -0.017594 0.044834 -0.013991 0.012052 -0.061742 0.032736 -0.111568 -0.002836 -0.006747 -0.013715 -0.000387 -0.002416 0.007585 -0.00042 0.009055 0.067824 -0.048285
26.442772 183.045122 49.045228 838.965316 116.934328 1805.455018 158.660248 2132.15265 156.194424 2134.446448 126.212741 2049.392769 -33.755944 150.09646 -51.995551 739.153966 -24.569598 1469.919898 -22.962939 1802.478874 -12.178359 1682.248491 -9.990421 1576.588264 255.601031 26.88264 -0.017223 -0.059704 -0.098995 0.017339 -0.128051 0.021942 -0.162937 0.021365 -0.115861 -0.007483 -0.138747 -0.019413 -0.095188 7.5e-05 -0.165255 0.006812 -0.036239 0.005121 -0.029602 0.002579 -0.057992 -0.002585 -0.055028 -0.02392 -0.009914 -0.001272
27.474586 185.709469 51.865276 835.452582 118.960835 1811.785065 161.047036 2149.004318 155.986212 2160.856135 126.723511 2073.937383 -29.87389 149.422331 -45.976786 732.030987 -21.087326 1460.952724 -19.921713 1791.324811 -9.907136 1676.144737 -7.945057 1576.016526 244.515906 30.738854 0.009874 0.009625 0.039412 -0.003685 0.008705 0.005539 0.008909 0.033166 -6.9e-05 0.081191 0.000516 0.073053 0.118532 -0.000759 0.185051 -0.017244 0.132991 -0.013718 0.107972 -0.017309 0.117094 -0.005547 0.117009 -5.2e-05 -0.122866 0.12918
27.496085 188.435039 50.980177 838.942009 116.936262 1799.875118 158.466455 2135.244281 153.119902 2138.166441 124.110508 2047.914628 -30.943055 154.099613 -45.089299 751.315646 -22.160167 1479.296183 -21.350548 1814.747296 -11.204347 1704.923911 -8.871236 1596.084037 247.16406 24.498417 4e-06 0.009928 -0.003809 0.003636 -0.008688 -0.019637 -0.010421 -0.022097 -0.01329 -0.059877 -0.013611 -0.082146 -0.009399 0.036041 0.004325 0.125363 -0.013309 0.057221 -0.02474 0.076069 -0.039892 0.122484 -0.025525 0.063477 0.007131 -0.353639
27.364286 187.295456 51.39391 829.036059 118.01306 1788.399158 159.82504 2121.562481 154.104644 2129.932155 124.857062 2043.68226 -31.037323 153.473174 -45.681218 746.272028 -23.615591 1474.65776 -23.036288 1806.397283 -12.386036 1696.001017 -9.833842 1590.085321 253.869069 24.687534 -0.000158 -0.001728 0.000836 -0.029415 0.002468 -0.018351 0.002899 -0.021987 0.001578 -0.007943 0.001119 -0.002189 -7.2e-05 -0.000638 -0.00193 -0.008493 -0.023143 -0.003642 -0.032022 -0.009627 -0.029615 -0.011705 -0.024785 -0.005647 0.044866 0.000364
26.540637 193.228058 50.879875 838.588821 119.346008 1792.216699 162.368458 2121.443606 156.614844 2136.559364 127.577894 2055.134753 -32.331036 152.113173 -48.200316 747.02888 -25.013514 1482.602885 -24.275421 1809.612204 -13.108447 1694.841874 -10.644852 1598.931396 260.342879 25.547706 -0.006293 0.046249 -0.001292 0.027361 0.003743 0.002035 0.010039 -2e-06 0.01014 0.005147 0.014663 0.016 -0.013207 -0.003026 -0.033803 0.000192 -0.020097 0.010673 -0.01623 0.001429 -0.010237 -0.000198 -0.016065 0.012269 0.040754 0.007365
27.536794 183.553598 51.557698 833.03738 116.060164 1761.869393 157.085579 2082.06336 152.51261 2081.322025 124.268463 1991.810564 -32.264711 148.359528 -47.356632 743.849002 -21.779099 1450.484153 -20.101907 1785.687717 -10.575812 1672.291102 -8.644191 1560.940702 243.411386 22.352588 0.009176 -0.124224 0.002243 -0.009218 -0.022933 -0.129566 -0.043685 -0.18447 -0.02722 -0.361709 -0.021745 -0.49546 3.4e-05 -0.023447 0.003725 -0.003391 0.111919 -0.175863 0.196687 -0.079602 0.135801 -0.075516 0.104035 -0.228387 -0.284619 -0.106682
]