08-14-20_Thad_4KDepth.monkey_in_box.0000000001 [ 84.146441 306.681612 208.434942 1287.482145 359.999339 2893.562572 450.86781 3402.07246 417.593832 3450.743554 359.46823 3387.722407 -49.908135 271.548419 -122.816064 928.470403 -198.313374 1774.977028 -267.605519 2215.92463 -199.966766 2192.265036 -165.143448 2126.835577 1195.504844 142.119774 0.0 0.0 0.0 0.0 0.0 0.0 0.0 0.0 0.0 0.0 0.0 0.0 0.0 0.0 0.0 0.0 0.0 0.0 0.0 0.0 0.0 0.0 0.0 0.0 0.0 0.0
88.274487 303.938051 211.316936 1301.395015 364.816089 2940.691698 459.201117 3453.210351 425.47747 3524.031062 366.029099 3465.562468 -48.017914 263.080582 -119.787572 886.768552 -195.203356 1764.933029 -265.66538 2187.466953 -198.779165 2181.081583 -163.913075 2120.878104 1205.895892 160.313551 0.049423 -0.006164 0.009894 0.037385 0.016005 0.190358 0.038154 0.190738 0.036861 0.385045 0.029666 0.442071 0.018245 -0.067064 0.018904 -0.479076 0.01229 -0.014249 0.003529 -0.091957 0.001769 -0.014299 0.0023 -0.004178 0.022482 0.547746
90.007073 311.345654 214.356404 1320.028683 366.334776 2977.782592 462.285257 3533.311516 420.856699 3587.571661 361.881378 3512.511508 -47.404963 270.644363 -122.510814 907.792591 -195.707839 1786.658318 -263.840143 2214.799925 -192.936024 2202.40198 -159.948719 2144.370314 1183.699446 168.132331 0.008419 0.044593 0.010852 0.066227 0.001577 0.116225 0.005161 0.459199 -0.012614 0.283866 -0.011817 0.15794 0.001969 0.053598 -0.015304 0.123157 -0.000326 0.066448 0.003146 0.084854 0.043583 0.051849 0.024265 0.064696 -0.103091 0.093078
93.889951 310.626271 216.393136 1332.361244 366.246025 3002.420168 460.994871 3519.221619 425.891411 3578.850215 365.828881 3509.919797 -45.012447 266.663377 -122.25952 939.954854 -193.562603 1852.695958 -261.255975 2285.415698 -191.577164 2262.713146 -158.254035 2199.284171 1188.751583 150.197469 0.040997 -0.000416 0.004815 0.028671 -5e-06 0.050752 -0.000902 -0.014075 0.014968 -0.005307 0.010707 -0.000478 0.030974 -0.014748 0.000129 0.279933 0.005911 0.59919 0.006359 0.554073 0.002401 0.407336 0.004513 0.347133 0.005379 -0.505631
91.814286 298.481526 210.046891 1310.35318 355.798321 2959.060074 449.61091 3459.49128 419.08798 3509.858706 358.155822 3448.864981 -44.497185 259.415446 -115.463433 950.57281 -194.591918 1835.610163 -263.599317 2260.645854 -198.082194 2223.371874 -163.183212 2163.819884 1193.412716 146.202344 -0.0116 -0.121087 -0.047225 -0.091641 -0.075591 -0.157689 -0.071161 -0.255619 -0.02739 -0.335741 -0.040662 -0.267846 0.001483 -0.049931 0.097164 0.029818 -0.001365 -0.039575 -0.005231 -0.067481 -0.054302 -0.172507 -0.037796 -0.144133 0.00456 -0.026926
87.499124 299.490725 207.036698 1301.455652 357.484515 2947.830245 453.364536 3441.950951 424.613837 3508.998554 363.270792 3448.024935 -44.799994 265.037766 -117.564764 947.91296 -198.980398 1808.10285 -269.529524 2233.710827 -202.656658 2205.433263 -167.191215 2144.945289 1213.9589 150.669733 -0.05193 0.000852 -0.010863 -0.015155 0.001993 -0.010675 0.007802 -0.02229 0.018096 -5.3e-05 0.018133 -5.1e-05 -0.000513 0.030137 -0.009475 -0.001863 -0.024467 -0.103831 -0.032983 -0.080713 -0.02611 -0.03633 -0.024313 -0.04134 0.087679 0.033615
89.964214 302.873143 208.094656 1308.407732 353.04755 2932.109881 446.27875 3431.658207 416.032078 3491.842289 357.261636 3429.916787 -43.150013 264.801245 -117.006012 960.254779 -199.332927 1889.352896 -270.877495 2333.247385 -203.837898 2308.817801 -168.163633 2243.356634 1202.289427 121.918104 0.017122 0.009497 0.001348 0.009259 -0.013854 -0.021015 -0.027905 -0.007706 -0.043805 -0.021022 -0.025058 -0.023837 0.015479 -5.3e-05 0.000665 0.039913 -0.000156 0.892826 -0.001681 1.084825 -0.001716 1.184002 -0.00141 1.103617 -0.02818 -1.520553
90.454017 300.490675 207.808604 1309.852445 352.338757 2923.745258 447.694167 3406.246675 419.47634 3473.948465 360.445738 3423.675679 -42.947515 261.877554 -113.903799 963.112222 -195.819924 1868.50723 -269.132281 2296.657505 -201.011005 2282.135437 -165.635489 2224.452086 1201.243268 124.735609 0.000665 -0.004704 -9.8e-05 0.000399 -0.000356 -0.005974 0.001121 -0.047218 0.007099 -0.022983 0.007063 -0.002842 0.000238 -0.008115 0.02084 0.002123 0.015616 -0.057818 0.00282 -0.144586 0.00987 -0.077539 0.009574 -0.039995 -0.000228 0.016093
89.77368 300.582226 206.56698 1310.304634 346.832794 2926.510534 438.306876 3401.557598 409.890343 3467.709175 353.317957 3424.627162 -43.796058 262.780774 -118.914033 971.87446 -200.320167 1854.880406 -273.157099 2287.663906 -203.955011 2258.207874 -168.913989 2203.035319 1192.115841 129.20081 -0.001284 7e-06 -0.00186 3.9e-05 -0.02168 0.000654 -0.049731 -0.001615 -0.0554 -0.002804 -0.035591 6.6e-05 -0.00415 0.000777 -0.053916 0.019839 -0.025563 -0.024936 -0.014936 -0.008822 -0.010701 -0.063049 -0.016065 -0.051799 -0.017404 0.039261
87.687565 303.320079 207.348996 1308.192786 357.415548 2912.994465 452.863878 3389.502706 421.063374 3454.200609 363.597137 3408.110822 -43.018988 264.631922 -117.821152 983.773209 -198.56913 1873.146232 -268.507811 2293.389735 -203.320147 2258.633894 -168.987435 2204.134926 1209.569532 126.503123 -0.012262 0.006206 0.000739 -0.000852 0.079518 -0.015642 0.1189 -0.010699 0.07512 -0.013181 0.073696 -0.019962 0.003478 0.003249 0.002523 0.036198 0.003843 0.044748 0.019954 0.003578 0.000495 2e-05 -8e-06 0.000137 0.063421 -0.014231
92.992514 300.242338 214.841881 1305.280579 368.303512 2907.265892 463.906297 3383.30092 436.584764 3446.690523 378.279195 3396.529926 -43.27767 266.601184 -118.069012 1004.858646 -204.513033 1914.624501 -278.113619 2377.921819 -207.118696 2334.684001 -172.458738 2270.759419 1245.118017 107.951141 0.077896 -0.007847 0.066496 -0.001623 0.081681 -0.002819 0.066505 -0.002839 0.140462 -0.004087 0.145296 -0.009855 -0.000388 0.00365 -0.00013 0.111787 -0.043827 0.227112 -0.084408 0.764909 -0.017578 0.629612 -0.017646 0.495997 0.257418 -0.735147
92.091035 294.681399 215.363069 1298.881537 369.734071 2877.593524 465.296916 3322.973057 438.726011 3383.158082 380.616879 3353.238618 -43.43234 265.237699 -118.538709 1005.589613 -206.388661 1895.639552 -279.8075 2347.302205 -209.67396 2308.209811 -175.418853 2244.96243 1254.995124 102.436447 -0.002195 -0.02599 0.000316 -0.007862 0.001386 -0.0761 0.001041 -0.271352 0.002619 -0.295501 0.0036 -0.138831 -0.000138 -0.001748 -0.000466 0.000133 -0.004281 -0.047297 -0.002571 -0.099209 -0.007833 -0.07548 -0.012594 -0.073686 0.019511 -0.072288
93.36143 288.003142 216.30301 1282.827834 378.232826 2838.773844 482.020514 3314.407672 447.818526 3349.597892 384.693062 3309.352267 -41.338156 265.891304 -119.985253 998.468744 -213.940692 1856.538335 -288.011538 2301.54322 -217.064673 2255.563991 -182.522776 2193.053783 1288.439393 107.805286 0.004351 -0.038272 0.001023 -0.049913 0.048285 -0.131813 0.147628 -0.005527 0.046628 -0.083643 0.010855 -0.144541 0.025871 0.000402 -0.004386 -0.012651 -0.067849 -0.203741 -0.05927 -0.22521 -0.064005 -0.30366 -0.070501 -0.303582 0.219893 0.068562
92.925277 284.471858 217.136073 1249.612868 376.451378 2707.556029 477.845159 3187.917936 445.32607 3198.206102 382.316535 3152.148635 -41.388834 264.464205 -119.800881 994.265615 -216.413478 1797.978065 -290.303688 2208.485958 -226.630167 2167.506823 -190.999443 2116.361737 1307.328007 99.923887 -0.000511 -0.010891 0.000801 -0.21783 -0.002103 -1.552425 -0.009081 -1.230419 -0.003478 -1.750399 -0.003682 -1.912608 -1.6e-05 -0.00192 7.1e-05 -0.004433 -0.007104 -0.469217 -0.004542 -0.960146 -0.103122 -0.876635 -0.096197 -0.682475 0.068724 -0.149567
91.757296 279.236691 218.152583 1228.314397 381.181537 2648.539344 487.409463 3084.61098 452.502957 3113.117498 388.308539 3083.368382 -41.48725 258.229074 -120.210216 979.392042 -226.42787 1775.614923 -306.800932 2163.301989 -245.973075 2121.304145 -206.401334 2077.249489 1365.719748 94.822806 -0.003693 -0.02431 0.001187 -0.091535 0.014766 -0.325151 0.047386 -0.850777 0.028685 -0.573604 0.023296 -0.379348 -5.8e-05 -0.03719 -0.000349 -0.056045 -0.113247 -0.069974 -0.227942 -0.233502 -0.396003 -0.248874 -0.298574 -0.182397 0.637849 -0.066819
90.951744 261.299234 216.316159 1139.696501 367.768368 2389.847515 458.36106 2807.907405 411.597241 2787.617158 356.098797 2755.452476 -42.909516 253.517044 -124.140789 959.438936 -236.392282 1746.174166 -318.078301 2156.838517 -255.481834 2113.369576 -215.129497 2061.332615 1315.633213 46.600968 -0.001776 -0.297705 -0.003881 -1.658751 -0.12012 -6.645542 -0.446202 -6.500372 -0.968763 -8.984576 -0.697168 -9.215368 -0.011985 -0.021694 -0.031615 -0.102674 -0.107278 -0.123059 -0.101771 -0.004835 -0.090162 -0.007434 -0.090372 -0.030608 -0.467838 -8.475144
91.548446 260.807987 220.694501 1101.422199 363.097225 2243.830943 449.818965 2665.838087 395.284186 2615.312852 342.527721 2588.630956 -45.590138 250.16 -130.509866 931.401884 -253.805444 1724.669211 -340.558049 2165.466026 -275.619596 2128.246508 -231.587664 2070.564453 1331.049426 25.072126 0.000975 -0.000231 0.021934 -0.326852 -0.014927 -2.30121 -0.040173 -1.843993 -0.164921 -2.748169 -0.131824 -2.604394 -0.040607 -0.011188 -0.079661 -0.207876 -0.309379 -0.066622 -0.383737 0.00861 -0.381919 0.02609 -0.303283 0.010313 0.044898 -3.30979
89.863611 261.069588 228.073256 1041.496739 358.516427 2023.162192 441.338434 2484.675064 372.544831 2392.233668 322.660523 2345.052006 -47.134618 249.605415 -134.992611 906.267107 -255.983776 1681.356294 -339.544204 2144.375283 -270.589845 2091.704816 -227.946081 2024.875172 1278.136561 10.08257 -0.007824 6.6e-05 0.060666 -0.838054 -0.01454 -5.709794 -0.040353 -3.18708 -0.336788 -4.9714 -0.296753 -6.016489 -0.012864 -0.000308 -0.037846 -0.171899 -0.004654 -0.275407 0.000756 -0.051605 0.023159 -0.158215 0.014429 -0.254866 -0.536577 -3.355862
84.892778 255.688995 233.545326 939.172159 349.955016 1882.533038 426.98195 2353.521985 351.930953 2279.877995 305.221594 2226.083443 -53.99947 244.748411 -161.084859 883.863396 -281.900884 1704.241511 -366.60931 2181.446536 -290.652944 2135.494099 -247.817631 2061.853043 1282.239327 2.361328 -0.07071 -0.028013 0.032434 -2.644893 -0.051731 -2.53258 -0.11869 -1.777965 -0.293328 -1.351169 -0.242223 -1.548403 -0.233258 -0.02386 -1.151949 -0.140198 -0.62475 0.077348 -0.51886 0.158849 -0.358719 0.226811 -0.415175 0.167297 0.003287 -2.685157
83.025946 251.080199 235.848605 805.017829 356.245483 1666.782131 435.87193 2143.461499 352.876443 2099.872593 305.757697 2039.069904 -55.481845 240.481212 -171.328817 851.454441 -292.166975 1713.399191 -382.245796 2180.892298 -304.099762 2137.388179 -258.733228 2070.543298 1312.139215 -0.16608 -0.010378 -0.020958 0.005651 -5.166892 0.028017 -6.563454 0.045798 -4.908791 0.000634 -3.700626 0.000235 -4.10195 -0.010036 -0.018764 -0.157881 -0.302663 -0.091802 0.012269 -0.163267 -3.5e-05 -0.15203 0.00042 -0.117623 0.009138 0.172302 -3.779876
82.336656 248.473661 237.722597 721.463693 367.035121 1535.7739 449.680678 2029.722795 355.403801 1993.87643 309.624685 1928.939558 -58.352861 236.710205 -192.005741 794.681077 -300.927165 1688.42726 -392.39643 2170.00114 -303.22915 2149.735777 -259.433302 2081.2138 1315.196101 -2.932313 -0.001437 -0.0068 0.003708 -2.288443 0.080482 -2.680725 0.107669 -1.550243 0.004509 -1.372467 0.01215 -1.528604 -0.036211 -0.0149 -0.588826 -0.979316 -0.064699 -0.091657 -0.066508 -0.013631 0.000624 0.017782 -0.000473 0.013712 0.001778 -1.702688
79.258364 244.508543 246.412165 678.108127 369.549342 1494.826867 449.093635 1978.440613 351.622852 1949.221256 306.255674 1885.90014 -62.065553 234.187215 -212.730926 759.80455 -320.820969 1681.151978 -413.016308 2169.250695 -318.325398 2169.422261 -274.232816 2094.739985 1339.068522 -5.890675 -0.029323 -0.015946 0.077989 -0.67169 0.004291 -0.276634 -0.000192 -0.328077 -0.01011 -0.252866 -0.009215 -0.242795 -0.057248 -0.006759 -0.530981 -0.391295 -0.318348 -0.007854 -0.263995 -6.5e-05 -0.183355 0.044865 -0.205248 0.021906 0.107356 -0.510756
79.199367 240.57883 255.941722 629.755927 370.32524 1430.753192 447.584705 1935.830562 342.03546 1906.035557 301.004718 1842.620117 -61.654746 222.76221 -227.491587 653.843454 -325.563705 1618.177155 -420.240645 2132.578996 -312.771 2173.571622 -270.366246 2094.817189 1308.958652 -8.78181 -1.1e-05 -0.015918 0.090395 -0.894105 0.000407 -0.701729 -0.00127 -0.23193 -0.066259 -0.241886 -0.022703 -0.251202 0.000682 -0.142851 -0.247532 -3.976792 -0.0174 -0.60106 -0.031318 -0.15631 0.024443 0.001982 0.013726 1e-06 -0.17119 -0.287661
84.676758 237.00017 271.087665 604.53842 371.109988 1380.698838 446.301919 1893.837667 335.58004 1865.6976 297.282128 1800.286818 -57.115527 215.776832 -219.707683 602.621282 -317.833425 1499.671376 -411.687335 2008.878237 -302.272317 2077.272309 -261.137392 1998.154183 1274.83448 -5.680506 0.091564 -0.013408 0.217679 -0.257633 0.000415 -0.445613 -0.00092 -0.230236 -0.03075 -0.215709 -0.011581 -0.245981 0.086773 -0.055638 0.067748 -1.044519 0.046441 -2.252947 0.043971 -1.847815 0.089612 -1.09093 0.080129 -1.141596 -0.225349 0.336436
86.169778 233.193036 276.63045 559.124297 368.753884 1295.08724 439.334475 1795.336649 324.381441 1764.428497 290.558142 1699.894392 -54.99402 206.246369 -218.708531 532.255364 -316.519787 1372.016659 -407.149845 1864.577583 -299.554888 1940.26747 -259.800458 1863.580122 1247.378535 -4.175346 0.006524 -0.015413 0.028047 -0.886523 -0.003752 -1.369919 -0.027407 -1.315224 -0.095019 -1.41282 -0.038457 -1.440027 0.020075 -0.107626 0.001139 -2.183555 0.00136 -2.838711 0.012572 -2.688802 0.006135 -2.336727 0.001716 -2.345537 -0.149442 0.11561
86.418165 231.814848 274.315735 526.968028 363.194 1241.742741 432.461508 1725.87565 317.013714 1691.148664 284.244804 1633.415901 -54.371841 203.187243 -208.657878 489.107414 -313.018769 1254.266746 -405.813301 1738.744565 -291.669292 1800.036202 -253.747997 1728.534126 1216.838136 -1.698475 0.000179 -0.002042 -0.004862 -0.476135 -0.021117 -0.560926 -0.027093 -0.685176 -0.042318 -0.777083 -0.034672 -0.662979 0.00177 -0.011428 0.1182 -0.91181 0.009735 -2.640998 0.001099 -2.197802 0.05259 -2.629696 0.035667 -2.539433 -0.189259 0.547764
84.047179 227.177043 277.138853 532.815046 354.229183 1245.152931 425.791535 1713.386854 314.555964 1672.103911 281.349437 1619.665504 -53.751365 200.449345 -205.477715 482.387128 -299.255897 1232.77675 -380.042415 1710.112446 -268.855333 1761.740299 -233.626676 1692.030459 1165.029895 -1.170125 -0.01649 -0.023432 0.007226 0.01613 -0.056014 0.002338 -0.025918 -0.022675 -0.004782 -0.053922 -0.007411 -0.029061 0.00178 -0.009286 0.01221 -0.023244 0.154702 -0.092847 0.422671 -0.118853 0.464469 -0.205883 0.415533 -0.194786 -0.56351 0.049077
84.360033 227.652987 276.530926 532.913561 335.172671 1236.190331 394.342164 1689.78242 291.719377 1651.074995 262.087292 1598.408523 -53.24256 195.008121 -201.007878 478.392289 -262.776233 1146.299669 -323.321997 1601.83759 -223.966322 1623.029878 -195.123918 1562.376582 1026.901176 0.120116 0.000291 0.000249 -0.000334 5e-06 -0.263431 -0.016186 -0.603211 -0.081861 -0.430246 -0.066536 -0.341481 -0.070207 0.00121 -0.037436 0.024577 -0.008305 1.185137 -1.572198 2.290742 -1.770344 2.048632 -2.843423 1.732316 -2.583697 -4.356552 2.040041
85.886391 223.636042 282.115788 570.482821 317.018172 1216.69031 361.875255 1657.267638 266.797519 1602.435704 241.320576 1550.544916 -55.803836 188.88663 -196.411734 494.710307 -229.063869 1055.266273 -267.114805 1461.162329 -186.272307 1399.500516 -164.308986 1346.224747 898.926257 6.867209 0.006842 -0.017878 0.027917 0.639778 -0.252725 -0.077512 -0.697277 -0.157935 -0.556302 -0.363594 -0.428519 -0.363781 -0.030084 -0.048809 0.026578 0.136829 1.156739 -1.882893 2.681437 -3.232122 1.735393 -8.27682 1.32335 -8.042749 -4.256794 5.170889
87.078682 229.866093 287.505988 557.645969 321.243881 1165.421968 361.035778 1592.977759 265.929794 1558.97474 242.107514 1504.821516 -53.806965 194.789025 -191.52973 509.516254 -207.714271 1001.80537 -240.310521 1349.552715 -167.400912 1263.536041 -148.555759 1220.776206 855.311227 15.50471 0.004109 0.042795 0.025504 -0.073037 0.013989 -0.551768 -0.000487 -0.635889 -0.000707 -0.29875 0.000641 -0.342143 0.018191 0.045403 0.03072 0.109153 0.522093 -0.694811 0.708451 -2.216806 0.503831 -3.473178 0.396851 -3.067148 -0.542277 1.734663
84.687509 228.072536 294.895285 515.903636 325.045212 1110.157906 364.841819 1533.016508 263.940164 1483.083048 241.676078 1429.713126 -52.737906 194.115782 -187.656507 508.367776 -198.632801 950.040321 -228.585551 1269.422545 -156.008099 1171.855704 -139.325118 1133.238011 825.789626 18.305043 -0.016645 -0.003512 0.046878 -0.811831 0.011179 -0.671162 0.009978 -0.575126 -0.003735 -0.946801 -0.000192 -0.961344 0.005364 -0.000583 0.019782 -0.000648 0.101494 -0.686553 0.146617 -1.226118 0.200731 -1.726265 0.148024 -1.628195 -0.259233 0.11617
85.025292 224.387997 282.91867 517.25971 326.437894 1103.219874 370.463354 1519.831314 272.337017 1456.056581 246.909243 1405.259992 -52.418037 193.269736 -180.064584 524.907105 -199.974942 896.46625 -230.364475 1184.76974 -161.616357 1077.594047 -143.676612 1046.057322 853.544207 28.425765 0.000336 -0.015002 -0.124136 0.00089 0.001489 -0.010874 0.021489 -0.028473 0.065742 -0.124262 0.028027 -0.105463 0.000486 -0.000924 0.078379 0.132379 -0.00226 -0.777356 -0.003448 -1.460405 -0.049516 -1.975853 -0.033457 -1.74449 0.229368 1.109109
83.12243 222.863994 283.809644 525.895576 320.333685 1103.55626 359.156169 1518.736357 262.846868 1447.703987 238.540842 1391.008965 -54.575435 195.4616 -188.872622 536.61154 -207.944815 878.84469 -238.26622 1160.717385 -168.634761 1059.508201 -150.282875 1030.38519 852.552258 30.234799 -0.010767 -0.002597 0.0007 0.035747 -0.028806 2.6e-05 -0.087621 -0.000197 -0.084149 -0.012013 -0.072134 -0.036315 -0.021753 0.006179 -0.105157 0.064529 -0.077865 -0.087457 -0.066622 -0.123329 -0.074585 -0.07653 -0.074242 -0.059144 -0.000288 0.027901
84.568194 223.275456 297.017247 536.659315 322.030852 1103.022106 360.368339 1518.499435 262.621565 1423.805642 239.59847 1368.59979 -54.139414 194.525906 -189.695289 535.430834 -210.673908 894.450935 -244.028972 1189.527908 -172.529036 1104.913015 -153.005086 1072.656692 860.872789 20.188103 0.006233 0.00019 0.150185 0.05452 0.002242 -6.5e-05 0.001021 -9e-06 -4.8e-05 -0.09945 0.00117 -0.090987 0.000874 -0.001123 -0.000894 -0.00065 -0.008896 0.068674 -0.03443 0.176594 -0.022227 0.476299 -0.012217 0.424875 0.020203 -1.011031
84.39124 222.27417 301.169164 537.419297 320.813282 1104.466877 357.549881 1520.110866 262.093467 1419.290819 238.131728 1364.899575 -53.912299 193.498423 -190.292578 548.621906 -212.324525 901.376929 -246.14829 1215.375027 -173.393194 1138.5271 -153.747394 1100.848811 861.844367 15.455978 -9.3e-05 -0.001125 0.014409 0.000269 -0.001153 0.000473 -0.005532 0.000427 -0.000266 -0.003585 -0.002252 -0.002504 0.000239 -0.00136 -0.000469 0.080259 -0.003221 0.013356 -0.004582 0.138902 -0.001079 0.251839 -0.000898 0.182845 0.000274 -0.315516
86.046326 221.321595 317.505902 574.691014 319.403901 1166.225649 349.884773 1589.385434 251.308339 1439.47085 233.232086 1381.040377 -53.30525 195.231838 -195.966499 574.254144 -212.289699 946.907948 -242.299996 1257.680972 -171.078315 1146.230653 -152.744347 1108.979745 837.083686 16.681758 0.008036 -0.001023 0.215732 0.624745 -0.001551 0.840019 -0.041527 0.771759 -0.113295 0.071226 -0.025466 0.047439 0.001719 0.003865 -0.041676 0.292596 1e-06 0.560895 0.01516 0.361885 0.007778 0.012987 0.001641 0.014959 -0.180444 0.023385
87.175934 219.610068 334.119158 557.779271 316.099998 1141.057971 327.257292 1561.337764 228.35401 1430.885313 217.787562 1372.382074 -52.014937 197.812919 -199.457493 587.161232 -208.288678 1003.101293 -230.038006 1334.710033 -161.162106 1200.191575 -146.463788 1158.651673 773.193133 10.133167 0.003683 -0.003322 0.211813 -0.126283 -0.008588 -0.137268 -0.378167 -0.124842 -0.549557 -0.01284 -0.264515 -0.013613 0.007904 0.008475 -0.01541 0.071722 0.019032 0.809829 0.159189 1.144655 0.148015 0.620555 0.065924 0.544091 -1.267984 -0.811922
87.865258 220.284628 332.456897 547.231155 307.754339 1111.581309 298.442087 1524.799927 202.911463 1420.487931 197.02117 1366.556913 -52.098797 209.02956 -210.854761 617.26786 -201.598585 1042.136618 -212.721277 1385.447626 -145.911468 1223.201512 -136.020327 1179.80572 692.957263 7.371568 0.001357 0.000517 -0.002073 -0.050346 -0.055825 -0.192865 -0.663863 -0.2163 -0.751147 -0.018957 -0.520136 -0.006194 -3.4e-05 0.154651 -0.158322 0.37634 0.054601 0.372547 0.338766 0.473231 0.378941 0.109241 0.193114 0.095683 -2.197122 -0.219212
93.231662 221.424025 332.029489 539.438025 288.983034 1066.571943 278.219292 1441.546452 189.630687 1269.133108 184.419487 1229.672403 -53.142836 221.088092 -214.872722 673.857921 -192.126592 1054.104843 -195.345619 1385.429434 -132.091456 1197.666462 -122.688545 1159.078386 638.257092 1.035462 0.079528 0.00147 -0.000137 -0.027945 -0.295313 -0.465086 -0.354703 -1.168526 -0.224727 -4.262022 -0.208218 -3.611085 -0.005179 0.169066 -0.018961 1.240768 0.113952 0.034166 0.370099 -0.0 0.343721 -0.134674 0.343735 -0.091845 -1.124302 -2.881461
93.663688 217.563755 359.788115 532.719155 271.992264 838.794061 251.112784 1092.213308 169.771698 894.497284 169.216398 892.892181 -53.118853 221.747875 -226.655292 724.713342 -181.155752 1067.999663 -170.129212 1391.906769 -114.760432 1191.175945 -109.539099 1150.883371 563.69569 -21.208507 0.000499 -0.016973 0.557121 -0.021053 -0.257366 -13.663901 -0.694503 -24.197074 -0.549079 -32.681197 -0.326948 -26.888203 3e-06 0.000492 -0.157242 0.924919 0.161252 0.04549 0.870957 0.007553 0.609141 -0.008817 0.37258 -0.014537 -2.314884 -31.616396
93.521721 218.020989 398.630696 509.63412 243.828732 682.10734 205.897269 862.60816 136.3588 696.733261 142.802456 726.869904 -52.425244 226.15126 -238.186091 744.927676 -160.993411 1070.054121 -139.534362 1387.869154 -89.044721 1135.528391 -88.058735 1114.379515 445.785294 -53.317697 -5.4e-05 0.00024 0.995319 -0.255664 -0.76943 -8.092641 -2.24226 -13.53106 -1.828904 -12.33725 -1.120046 -8.530936 0.002279 0.021646 -0.143038 0.139027 0.594585 0.000987 1.515096 -0.002932 1.628887 -0.665554 1.171008 -0.294142 -6.909792 -7.271799
85.920532 233.834715 391.88004 521.832481 214.606757 538.130455 162.767443 641.284696 107.423904 499.543075 117.071398 562.705803 -53.082369 237.648164 -247.592957 794.140125 -149.553726 1094.215398 -120.795882 1390.01656 -75.368028 1083.641829 -76.784952 1091.502898 362.751124 -111.688018 -0.161066 0.276804 -0.028825 0.072133 -0.932294 -8.523748 -2.531556 -16.374908 -1.723251 -16.364008 -1.277 -10.491796 -0.002046 0.142518 -0.091088 0.786997 0.210774 0.134869 0.67527 0.00083 0.569836 -0.606664 0.385963 -0.118627 -4.274977 -10.669097
83.952562 241.690718 417.583113 574.138597 158.403884 415.594281 98.096244 426.208459 65.025241 314.570447 77.1277 387.31516 -52.776134 248.624482 -258.381007 893.491075 -133.489057 1123.231077 -94.984461 1384.26981 -59.993438 1074.824269 -65.548313 1093.546123 249.936057 -226.453702 -0.0114 0.064898 0.408181 1.248888 -4.258454 -7.904585 -8.143488 -21.891009 -5.293346 -21.292008 -4.152286 -16.330461 0.000443 0.123896 -0.115021 2.926936 0.456259 0.189846 1.54933 -0.005952 0.875971 -0.01801 0.444237 0.000955 -10.47597 -20.071507
84.032098 248.525903 413.746701 603.415327 134.191445 338.362674 77.621065 306.342257 51.421432 221.051845 60.624391 290.617785 -56.539944 256.443066 -258.214899 959.894458 -106.185457 1099.82464 -70.056453 1308.821504 -41.684279 1022.474453 -48.035428 1050.67076 185.700859 -292.695368 1.9e-05 0.047654 -0.008852 0.364 -1.003518 -3.966042 -1.196996 -9.873302 -0.797358 -8.227268 -0.992158 -6.931682 -0.064814 0.060521 2.7e-05 1.189937 1.560285 -0.123226 1.893442 -1.057069 1.662054 -0.653443 1.358231 -0.428707 -4.761804 -4.243449
86.004864 257.692401 420.611446 664.236505 119.992696 293.710579 64.028396 246.464844 42.258753 175.87505 50.565488 242.808142 -57.092241 263.670547 -254.458698 1056.847037 -84.822608 1113.105847 -49.445937 1292.762877 -28.981243 1000.457118 -35.287131 1028.525359 141.231744 -337.391299 0.011444 0.082999 0.028241 1.459923 -0.396882 -1.579171 -0.653684 -3.252385 -0.449169 -2.579311 -0.455929 -2.14685 -0.001342 0.050219 0.01376 2.331791 1.198398 0.039855 1.79076 -0.049562 1.151143 -0.119821 0.981016 -0.117938 -3.038446 -1.587278
87.474482 254.707773 411.677297 688.995786 94.644007 254.19397 44.747188 203.860705 29.195695 143.772293 36.622512 203.453689 -54.432949 282.723304 -243.238264 1095.945225 -52.250216 1096.967984 -22.5916 1235.572186 -10.277899 956.547317 -15.501495 989.896939 74.118676 -358.632342 0.006225 -0.008693 -0.047953 0.226522 -1.502102 -1.426889 -1.7225 -2.019864 -1.204219 -1.616154 -1.122091 -1.738661 0.03171 0.332286 0.126497 0.355072 3.926294 -0.05892 5.192557 -0.646907 4.741535 -0.49267 4.012424 -0.369668 -10.724812 -0.324189
89.703101 249.122562 406.057565 698.337855 89.32369 228.840832 41.812333 171.853187 28.387834 119.7772 34.488426 173.876302 -51.573063 281.656853 -225.04222 1148.187311 -42.18625 1082.71042 -15.194572 1177.646174 -6.810192 898.628376 -10.958927 932.765592 63.006412 -362.249525 0.014017 -0.030958 -0.019311 0.031454 -0.076947 -0.665816 -0.049768 -1.365862 -0.005667 -1.0946 -0.03203 -1.161013 0.038585 -0.001008 0.353657 0.608165 0.537783 -0.046631 0.731094 -0.695318 0.355552 -0.904341 0.392836 -0.849008 -0.450996 -0.009075
85.750006 242.786595 390.90013 675.711268 72.528275 213.063148 29.349715 156.01882 19.179802 109.81794 24.158387 161.830415 -50.190489 282.057925 -222.667032 1157.780027 -33.381837 1023.630916 -8.926355 1064.121812 -3.551506 803.072658 -7.130884 848.654301 39.237934 -318.948564 -0.044539 -0.040806 -0.144154 -0.18631 -0.873791 -0.281752 -1.099788 -0.382579 -0.899744 -0.216106 -0.916934 -0.216186 0.009392 0.000143 0.0063 0.019953 0.514652 -0.828706 0.828684 -2.876313 0.525756 -2.684991 0.409671 -1.986802 -2.801067 1.377625
86.958138 234.5775 397.800474 679.098129 71.617245 225.559069 28.006698 171.354252 18.522139 122.253588 23.455482 175.81087 -48.797675 276.406647 -219.415609 1111.859938 -16.907729 945.815662 -1.031947 973.630479 0.005132 735.131552 -0.74868 786.362652 17.910642 -257.810391 0.004226 -0.07059 0.030186 0.004233 -0.002879 0.178034 -0.015726 0.359383 -0.005736 0.333424 -0.005189 0.289563 0.009799 -0.028594 0.011957 -0.464583 2.774892 -1.537889 3.888203 -2.010235 3.826651 -1.501181 3.258418 -1.187039 -4.128708 3.249569
83.828527 233.383398 401.722708 686.465582 66.329447 235.887693 23.849367 183.213137 15.511423 132.098786 20.59858 188.216315 -48.364367 278.966935 -222.476647 1102.444145 -13.983727 895.068898 -0.321801 913.508096 0.196344 693.138812 -0.293871 753.110762 12.217454 -220.0507 -0.028677 -0.001524 0.009621 0.019874 -0.101384 0.115608 -0.166916 0.198372 -0.13343 0.19061 -0.092733 0.21144 0.000966 0.005902 -0.010602 -0.020019 0.138696 -0.699589 0.201217 -0.957963 0.137989 -0.61745 0.104435 -0.359154 -0.542799 1.494186
82.56267 231.864945 395.176118 711.29621 66.229679 261.345002 23.910359 199.862433 15.708531 148.058753 20.692286 205.931396 -50.027752 276.294581 -209.894708 1142.902806 -12.271682 824.004622 -0.110547 820.02286 0.236142 604.841087 -0.155446 667.124118 12.092688 -154.39498 -0.004815 -0.002478 -0.026891 0.22057 -3.8e-05 0.652109 3.9e-05 0.361978 0.000622 0.454972 0.000106 0.398306 -0.014061 -0.006431 0.183105 0.36454 0.055878 -1.469481 0.055126 -2.522554 0.001835 -3.006799 0.021854 -2.605376 -0.00032 5.801009
81.634083 228.934435 384.573594 708.84103 64.933279 306.57223 23.386713 258.295839 15.124185 193.255401 20.087425 253.746953 -50.468728 277.321261 -205.144462 1151.757879 -13.742583 762.582399 -0.398031 744.630649 0.040283 542.745068 -0.356943 604.118621 13.603378 -88.270847 -0.002626 -0.009319 -0.072086 -0.002122 -0.006407 1.803745 -0.002899 3.74157 -0.005538 3.005693 -0.004486 2.493641 -0.000968 0.000952 0.027185 0.017086 -0.041617 -1.189378 -0.089049 -1.817427 -0.081361 -1.681243 -0.041282 -1.562303 0.044446 9.182845
81.888363 224.25873 384.247312 694.089 65.847026 392.037812 24.376255 374.668482 14.970292 282.70787 21.032811 344.767311 -46.534302 269.513084 -195.414937 1136.354651 -12.158856 751.996103 -0.20561 752.983017 0.186029 543.551451 -0.154166 602.424644 11.818709 -42.253523 0.000198 -0.024121 -6.9e-05 -0.077562 0.003192 5.247493 0.010252 10.789716 -0.000393 8.481409 0.010869 6.961546 0.079823 -0.055749 0.118182 -0.051847 0.048463 -0.036997 0.03149 0.023291 0.053178 0.000299 0.041946 -0.001189 -0.062721 8.380942
81.70497 220.940199 388.987486 704.128126 65.520954 489.929922 23.699695 496.6305 13.733878 381.306413 20.877504 447.207491 -46.874024 269.1756 -199.957747 1122.418588 -12.112304 755.960918 -0.181862 763.893158 0.2618 559.719504 -0.107904 617.505711 10.203301 -17.067831 -0.000103 -0.012368 0.01453 0.036041 -0.000405 5.449498 -0.004761 8.57818 -0.026641 7.361182 -0.000288 6.65315 -0.000618 -0.000106 -0.026099 -0.042991 4.5e-05 0.005212 0.000728 0.039236 0.006457 0.118475 0.004116 0.093221 -0.059328 5.611914
81.892354 214.693036 385.742425 740.518565 63.070678 575.050864 22.282756 601.085029 12.385533 461.913427 19.879542 525.186542 -46.904594 265.373036 -200.844477 1119.65757 -11.320545 770.008103 -0.098793 781.998736 0.3885 581.577026 -0.032229 637.629011 8.386879 -6.883995 0.000107 -0.044796 -0.006796 0.458408 -0.023347 3.40719 -0.021837 4.981053 -0.034826 3.861628 -0.01222 3.131724 -5e-06 -0.013525 -0.000981 -0.0017 0.01338 0.064656 0.012575 0.10603 0.012462 0.209321 0.02219 0.161327 -0.088953 2.272816
83.089284 213.931713 383.330444 785.252204 61.570719 620.594217 20.802187 653.044606 11.43061 495.614206 19.814803 558.691977 -47.008706 264.97101 -202.218043 1120.429354 -11.655573 787.497637 -0.117965 800.325481 0.357841 584.721308 -0.050339 647.116496 7.743532 -3.681091 0.004342 -0.000676 -0.003782 0.655907 -0.009026 0.867711 -0.025447 1.076825 -0.019152 0.593244 -5.3e-05 0.517993 -5.8e-05 -0.000152 -0.00234 0.000133 -0.002443 0.0982 -0.00085 0.106135 -0.00063 0.004238 -0.002011 0.035032 -0.012835 0.497194
83.676447 213.069674 378.809401 828.768182 60.127628 628.345902 20.460361 654.185205 11.269723 492.428179 18.915298 552.795358 -47.547392 264.084274 -198.965601 1133.827198 -12.414645 856.188968 -0.336076 891.449211 0.125213 652.236504 -0.087381 696.926633 9.019126 -11.210433 0.001034 -0.00087 -0.01341 0.586729 -0.008556 0.024056 -0.001416 0.000498 -0.00057 -0.005137 -0.010447 -0.015641 -0.001534 -0.000743 0.013184 0.039814 -0.011972 1.435967 -0.055819 2.455872 -0.059704 1.84392 -0.005075 0.923297 0.048605 -2.043704
83.790767 210.887479 375.717839 851.189401 58.59502 629.151181 18.81516 649.736952 10.690017 486.355198 18.604677 545.625092 -47.731781 261.368611 -197.760193 1134.74058 -15.662216 868.145237 -1.37652 901.885757 -0.062066 665.480777 -0.665933 706.442214 12.38117 -14.013432 3.9e-05 -0.005616 -0.006334 0.149627 -0.009893 0.000258 -0.034473 -0.007587 -0.007653 -0.01884 -0.001286 -0.023403 -0.000178 -0.007018 0.001831 0.000184 -0.188451 0.041452 -0.352279 0.030369 -0.36359 0.06656 -0.270862 0.032261 0.265743 -0.156225
83.778437 208.408611 367.946478 862.910165 58.879888 603.899328 18.912706 621.342066 10.956461 459.844574 18.446082 519.063426 -47.931382 258.758444 -195.77964 1147.032334 -18.15789 863.582294 -2.181204 897.704493 -0.387423 655.857135 -1.444329 697.263408 15.464462 -17.353231 -0.0 -0.007328 -0.040607 0.040073 0.000345 -0.258596 0.000126 -0.317199 0.00164 -0.37146 -0.000339 -0.331379 -0.000208 -0.006549 0.004984 0.033108 -0.092207 -0.006011 -0.092196 -0.004857 -0.139356 -0.035046 -0.148807 -0.03001 0.17123 -0.178311
84.226616 208.423583 367.574531 865.823677 58.819166 578.993695 18.579439 593.661161 10.966249 459.013506 18.475891 516.623041 -47.646906 259.051919 -194.805663 1183.837257 -19.709557 848.375287 -2.581322 874.625051 -0.668182 635.343919 -1.974982 681.457881 17.048284 -14.299205 0.000598 0.0 -9.4e-05 0.002455 -1.6e-05 -0.262221 -0.001481 -0.315362 2e-06 -0.000376 1.2e-05 -0.002875 0.000423 8.3e-05 0.001214 0.290597 -0.031804 -0.067542 -0.016837 -0.150278 -0.038021 -0.162956 -0.041428 -0.090599 0.0386 0.14768
85.367493 207.09262 364.324669 884.921618 59.116217 542.110384 19.114599 526.871159 11.51047 385.141645 18.175623 445.769689 -48.067821 261.258191 -196.00263 1227.462031 -23.750792 830.339506 -4.104618 849.949789 -1.748286 625.269889 -3.550742 663.374836 22.230622 -28.948394 0.003837 -0.002132 -0.007215 0.104168 0.000374 -0.606878 0.003799 -1.9923 0.006589 -3.238468 -0.00123 -2.611729 -0.000926 0.004678 -0.001833 0.394658 -0.188298 -0.096889 -0.175843 -0.176536 -0.254827 -0.040253 -0.229442 -0.121581 0.343372 -2.556616
84.905849 209.185395 356.803479 921.348619 69.650697 498.267917 28.246119 459.798689 18.702707 327.379147 24.13396 386.255342 -49.554047 261.338065 -192.310296 1244.733577 -31.715241 789.249037 -9.072422 777.516156 -5.91918 542.708826 -8.06484 586.010974 45.665146 -27.065903 -0.000626 0.005261 -0.039223 0.367348 0.431639 -0.924191 0.888652 -2.282387 0.868539 -2.345199 0.421649 -2.131246 -0.011314 6e-06 0.017555 0.060333 -0.574792 -0.521336 -0.972315 -1.612701 -1.233674 -2.921657 -0.913028 -2.397544 4.172473 0.031642
85.13437 220.169285 347.921045 974.361722 75.029475 460.956734 31.994898 409.472555 22.100526 272.976853 27.139321 329.242357 -50.168914 267.917626 -192.690128 1319.543423 -60.702245 743.131946 -30.661409 709.477686 -26.194539 458.697629 -27.266718 505.587014 96.416291 -23.963142 0.000154 0.14052 -0.05598 0.741395 0.100018 -0.725926 0.116756 -1.458029 0.14172 -2.46996 0.088155 -2.275099 -0.001896 0.040899 -0.000187 1.091478 -4.663595 -0.694105 -6.376778 -1.55739 -7.209889 -3.530207 -5.673391 -2.966667 9.373276 0.094417
90.272479 226.717572 340.499643 1109.573512 95.13079 460.692001 52.353628 383.489872 39.610987 241.680803 42.82019 299.320344 -47.045657 265.706865 -177.834664 1329.469621 -78.137181 713.183119 -50.252963 666.912606 -43.91957 422.465084 -42.132223 471.213185 166.949918 -25.078752 0.07527 0.047979 -0.040004 4.391094 1.191472 -3.8e-05 2.493801 -0.425796 2.536395 -0.952429 1.780016 -0.712606 0.050184 -0.00458 0.29792 0.018597 -1.099057 -0.307978 -2.407642 -0.658323 -2.277455 -0.745238 -1.610817 -0.604999 9.620731 -0.012691
86.777035 227.091974 324.303938 1168.782418 111.893591 469.177681 72.322532 410.174459 57.621157 258.102945 58.840927 315.337881 -50.296281 270.612005 -173.02513 1406.220943 -114.337737 707.349636 -92.536811 644.778277 -84.020242 405.350794 -76.757482 456.417586 280.800927 -16.546532 -0.034508 0.000154 -0.197306 0.769477 0.67976 0.03872 1.609561 0.448722 1.682557 0.269876 1.270287 0.208738 -0.054291 0.022432 0.032966 1.076862 -3.434939 -0.011978 -6.404307 -0.186768 -6.446884 -0.17693 -5.153812 -0.118002 14.716473 0.883837
85.267513 241.481066 292.786437 1217.703238 127.878604 534.24082 92.315621 441.736591 79.387575 265.134812 77.040307 322.566205 -50.280093 271.574547 -146.197011 1388.634228 -156.275706 735.295593 -156.537874 647.893202 -148.91653 419.523585 -129.468292 464.446803 445.763271 -17.634239 -0.006622 0.220985 -0.805394 0.501469 0.533434 2.111617 1.218455 0.584868 1.740052 0.047253 1.224291 0.040955 1e-06 0.000854 1.129344 -0.055333 -3.269391 0.270701 -8.363109 0.003753 -9.222643 0.121766 -6.850148 0.035005 18.974657 -0.017311
85.790303 242.085163 277.760758 1250.337155 128.596371 619.188263 96.557276 531.67852 84.868177 332.992685 80.981286 384.162024 -48.56437 267.223727 -128.631657 1318.184696 -182.661228 786.080538 -200.677765 716.229833 -194.399399 484.219794 -166.837342 528.352258 536.159169 -14.114355 0.000799 0.000377 -0.197889 0.215762 0.001004 3.132347 0.047635 4.164149 0.091459 3.861722 0.049151 2.689349 0.014892 -0.017567 0.561909 -0.916939 -1.028589 0.847861 -2.737596 1.712759 -3.026147 2.318676 -2.365873 2.058899 4.169782 0.195724
85.256395 247.320295 244.152919 1268.081177 133.492638 758.112736 103.75894 711.90057 92.751147 470.609532 87.528231 510.888029 -50.02088 273.699574 -128.302852 1310.067095 -207.33595 868.879136 -232.074286 836.637099 -227.45392 581.813649 -195.421852 619.01074 610.698523 -5.891673 -0.000833 0.028001 -1.083187 0.06251 0.045739 7.024373 0.129497 13.128373 0.175014 11.871122 0.127229 9.016692 -0.01076 0.038765 0.00021 -0.012536 -0.781355 2.072529 -1.140425 4.675148 -1.296995 4.476689 -1.129509 3.587282 2.424885 1.767918
86.696099 250.167919 230.058257 1277.693367 161.276612 977.091749 141.254766 1000.577592 124.003092 699.342668 114.600857 721.873123 -50.666965 272.466577 -132.661133 1308.200978 -243.2325 967.66396 -279.650788 964.668509 -276.942419 700.211136 -237.392148 734.863631 771.575872 -0.000269 0.006027 0.00815 -0.209509 0.018147 1.312334 13.872792 2.886097 24.506885 2.264808 22.577238 1.821222 18.189068 -0.002073 -0.001392 -0.036396 -0.000665 -1.432206 2.658666 -2.21646 4.555806 -2.433636 5.478826 -2.039752 4.965953 9.393853 5.812255
86.995493 252.800079 221.893108 1261.369941 178.245842 1113.989559 164.459993 1207.623371 143.008948 880.0845 129.091349 882.585511 -54.439986 272.286854 -120.733132 1297.670692 -228.451297 1065.089155 -266.558851 1102.376858 -268.70807 831.550473 -228.872212 857.328053 803.776494 0.688238 0.000258 0.006887 -0.073764 -0.052472 0.424324 4.485989 0.881967 9.727961 0.677275 10.375681 0.4312 8.069259 -0.067742 -3e-05 0.280898 -0.021276 0.231657 2.336025 0.156921 4.592226 0.062135 5.641166 0.077848 4.7167 0.329129 0.715744
89.048659 255.787077 232.448994 1242.958523 200.90961 1138.308495 186.470771 1261.772397 160.964144 925.90407 144.447107 923.172131 -54.020978 272.055574 -113.224976 1239.470131 -211.039848 1069.209453 -243.180353 1132.178823 -243.508294 845.550928 -206.486118 863.844001 800.432559 1.823346 0.011973 0.008772 0.122641 -0.06768 0.677962 0.131294 0.690951 0.593763 0.530756 0.581336 0.431357 0.456175 0.000809 -4.9e-05 0.120506 -0.667632 0.345033 0.003977 0.536394 0.198741 0.620259 0.058439 0.575927 0.012334 -0.003485 0.271141
89.398854 258.407738 230.176343 1228.845892 189.043454 1088.176286 172.022944 1186.732312 146.903997 853.25377 133.74412 859.158208 -53.726765 270.948033 -108.296051 1188.311017 -199.822914 1004.543701 -225.715215 1071.288485 -220.692021 792.270726 -188.407139 812.00657 727.710111 1.130402 0.000344 0.006678 -0.005582 -0.040288 -0.180584 -0.564468 -0.291253 -1.150159 -0.321227 -1.483923 -0.205967 -1.149928 0.000402 -0.00113 0.054842 -0.539082 0.153145 -1.00848 0.325378 -0.841479 0.561069 -0.866862 0.414062 -0.80191 -1.731367 -0.082432
89.088373 260.213831 227.057215 1229.381473 180.452467 1025.296789 160.079836 1100.181661 138.603299 779.016848 127.833583 793.665684 -53.106864 271.954911 -114.913665 1190.581911 -198.790258 978.814058 -220.162298 1036.885659 -206.884924 751.471679 -178.149725 773.59792 684.161712 0.247894 -0.00027 0.003145 -0.010639 5.8e-05 -0.099886 -0.935594 -0.214819 -1.638387 -0.120691 -1.68905 -0.066785 -1.298068 0.001798 0.000934 -0.098119 0.001084 0.001338 -0.166899 0.034579 -0.280725 0.222984 -0.539226 0.143545 -0.465261 -0.671773 -0.31958
85.82321 260.760919 232.541514 1227.962011 167.076708 926.2224 141.036379 942.077663 123.116337 657.065577 115.959115 688.887367 -54.80853 273.421863 -126.707408 1279.475987 -195.723015 960.900793 -210.483707 977.240062 -197.94615 696.666239 -170.141496 727.807071 633.282953 -0.579342 -0.030479 0.000287 0.032723 -0.00041 -0.2575 -2.516518 -0.602785 -6.129104 -0.458614 -5.187384 -0.289358 -3.707199 -0.013417 0.001973 -0.288003 1.600108 0.011924 -0.082716 0.108775 -0.883355 0.098697 -1.03744 0.092078 -0.698442 -0.982817 -1.585169
81.919218 248.029265 247.585172 1207.20728 147.278599 824.426775 120.723374 735.099393 102.47506 494.949763 98.142769 559.061299 -54.779234 269.362902 -144.574791 1356.129883 -159.016394 902.467605 -150.856065 900.687564 -138.772045 644.923583 -121.476962 675.07973 479.748036 -9.909144 -0.045436 -0.159319 0.235737 -0.088447 -0.624062 -2.962079 -0.789352 -12.820462 -0.946308 -11.463804 -0.742575 -6.771376 4e-06 -0.015177 -0.589037 1.114936 1.904218 -0.916426 4.95378 -1.560955 5.24034 -0.998181 4.089176 -0.991226 -10.6404 -5.696499
80.722314 234.701762 251.447825 1171.407877 140.86612 597.072654 114.831319 508.812034 96.806592 323.383733 91.346328 380.141306 -54.496821 254.057714 -145.748868 1303.262298 -133.614009 787.221005 -113.977666 766.198935 -100.621614 508.519514 -91.33898 549.801127 394.819548 -20.862092 -0.004404 -0.184012 0.014949 -0.269415 -0.071362 -18.299254 -0.073702 -20.755808 -0.080635 -18.186755 -0.121924 -17.199802 0.000365 -0.223815 -0.002374 -0.525544 1.104638 -3.934826 2.580249 -5.4343 3.059428 -8.093845 2.144807 -6.423478 -4.133433 -2.015334
81.449684 235.221353 266.931695 1171.802858 140.259657 451.035521 106.71907 345.620577 89.496378 213.496905 86.611873 272.535452 -53.45876 254.43626 -177.055924 1290.485994 -105.582001 724.003005 -77.620644 695.003698 -64.545392 449.931482 -62.48432 496.12667 306.049386 -43.560727 0.001631 0.000287 0.231301 3.3e-05 -0.000654 -10.223835 -0.148568 -15.729067 -0.143475 -11.365934 -0.06299 -8.931521 0.004991 0.000141 -1.521736 -0.031467 1.648251 -1.322857 3.481114 -1.735479 3.98808 -1.792356 2.730559 -1.378129 -5.644423 -4.131264
84.836881 238.608878 285.826311 1143.079734 148.655303 397.814739 112.94659 284.018845 93.689994 173.634546 90.938557 232.47853 -52.045119 250.33868 -189.189029 1280.521755 -77.896373 708.821669 -46.307129 687.10008 -37.41074 449.993056 -38.152153 495.931661 249.507018 -64.577193 0.034502 0.012109 0.323026 -0.178206 0.122011 -1.670048 0.088293 -3.020696 0.048008 -2.057753 0.052726 -1.591133 0.009471 -0.016632 -0.20103 -0.019309 2.100813 -0.080428 4.021323 -0.022599 3.677124 2e-06 2.985844 -1.9e-05 -2.884821 -2.061919
81.877468 247.47536 290.691458 1113.324604 139.880842 358.672415 104.337505 235.170347 86.849009 149.285605 83.902653 207.324965 -52.242978 253.423667 -197.486698 1248.211253 -55.877595 698.537909 -25.657094 666.01536 -19.741456 447.049315 -22.635079 496.384131 189.404134 -79.660835 -0.026269 0.080872 0.020528 -0.196198 -0.133448 -1.013334 -0.170619 -2.303091 -0.129656 -0.919292 -0.141626 -0.71989 -0.000188 0.009446 -0.08904 -0.20643 1.824554 -0.037573 3.026385 -0.164285 2.79992 -0.00483 2.013871 0.000103 -4.134609 -0.790852
79.492337 245.326984 285.27758 1067.742945 119.404749 333.999759 85.30131 212.311845 70.173392 137.276161 67.608861 196.251715 -53.589712 260.653322 -210.333268 1203.289108 -40.71365 707.650707 -13.439436 676.302025 -9.184706 469.848888 -12.394282 522.442242 130.132972 -99.191779 -0.017628 -0.004683 -0.025445 -0.476353 -0.809775 -0.439554 -0.957858 -0.584216 -0.887978 -0.251761 -0.878678 -0.151941 -0.008569 0.050839 -0.202388 -0.411619 1.197726 0.029528 1.958039 0.039416 1.995179 0.283511 1.530373 0.333293 -5.545241 -1.069601
84.817008 251.133186 287.229943 1083.438171 102.723923 319.868517 66.381011 203.3374 53.751452 127.36302 52.769769 184.915601 -50.846802 268.389546 -204.780175 1215.236016 -30.663158 749.377937 -6.635405 743.150144 -3.829916 514.005149 -6.770089 563.65635 86.277261 -129.644618 0.086299 0.033954 0.003329 0.057258 -0.627212 -0.152718 -1.184651 -0.096897 -1.092898 -0.185734 -0.91811 -0.168608 0.036026 0.056567 0.037144 0.029508 0.711142 0.597627 1.188221 1.574957 1.15264 0.991386 0.843848 0.782256 -4.490282 -2.035336
85.65598 245.09691 266.897807 1081.603373 64.19725 323.957541 33.056679 201.737486 25.63865 131.211687 25.994863 189.415454 -47.61992 268.589566 -203.362389 1211.090957 -26.191458 777.532777 -4.557371 771.688129 -2.228216 512.876456 -4.80924 563.93431 42.983537 -125.261062 0.002064 -0.036715 -0.37314 -0.000777 -4.50697 0.012985 -5.750214 -0.00316 -5.144168 0.028644 -4.690536 0.027047 0.052889 3.7e-05 0.002463 -0.003541 0.176126 0.259597 0.194594 0.268837 0.215571 -0.00062 0.167233 3.4e-05 -7.465858 0.037694
84.33945 248.985792 261.442911 1137.342218 53.914137 333.589975 24.026266 235.232415 18.91395 142.474356 20.198549 191.074412 -45.597664 271.355057 -198.855897 1213.131668 -18.503264 881.113742 -1.653367 924.489569 -0.24997 674.162302 -1.590622 718.386685 23.512674 -196.795259 -0.005098 0.015305 -0.028161 0.700177 -0.44849 0.070557 -0.718823 1.28563 -0.510432 0.231838 -0.365101 0.003617 0.021938 0.007082 0.025246 0.000859 0.66621 3.237428 0.720745 6.896637 0.985555 11.008193 0.86825 9.335686 -2.914519 -8.044964
81.786776 251.850245 257.135067 1177.357989 51.635791 452.399628 21.092444 364.623488 16.11696 236.750556 18.052284 293.886917 -47.822832 279.344869 -184.605138 1276.43835 -21.374543 1004.470215 -2.964921 1101.985052 -0.803298 803.167588 -2.482632 826.66563 24.11657 -167.793444 -0.019613 0.008191 -0.017893 0.345916 -0.024592 9.031482 -0.095486 14.121275 -0.111839 11.905525 -0.060261 11.023486 -0.026504 0.057963 0.264896 0.805035 -0.103503 4.039368 -0.19015 7.78823 -0.157053 5.643361 -0.098871 3.798823 0.003829 1.155329
79.885227 250.550538 253.102105 1184.717424 61.575583 543.604953 30.220052 476.932626 23.572713 316.536648 24.935323 373.827885 -49.116676 276.33233 -183.64478 1276.085728 -20.979949 1036.56631 -2.762337 1155.344323 -0.523054 849.310781 -2.073602 865.397015 31.118532 -128.855649 -0.011183 -0.001681 -0.015939 0.011465 0.437194 4.184681 0.818348 7.527727 0.706576 5.782949 0.554623 4.802667 -0.008635 -0.008166 0.001252 -2.4e-05 0.001838 0.252377 0.003584 0.630747 0.029944 0.644368 0.018397 0.44334 0.445605 2.566566
82.256305 250.755785 253.34321 1199.172129 66.289939 563.964601 34.516925 498.842189 27.187099 330.845723 28.318327 388.04349 -47.500262 273.575538 -183.25251 1288.456295 -24.126377 1043.73602 -3.926306 1173.427345 -1.203604 848.240224 -3.145515 860.567993 39.831422 -119.58295 0.017338 4.2e-05 5.7e-05 0.043823 0.086938 0.187144 0.142758 0.246004 0.128846 0.158156 0.107563 0.132635 0.013522 -0.00691 0.00021 0.029836 -0.109875 0.012355 -0.102057 0.070209 -0.139774 -0.000338 -0.111262 -0.006755 0.537018 0.173107
81.821494 252.998186 250.158397 1238.980402 67.365208 569.12533 34.799469 489.552145 27.695224 324.52724 29.30859 385.555494 -48.999698 274.286416 -180.655417 1302.704834 -25.38549 1046.888747 -4.685193 1154.897637 -1.907221 838.789746 -3.94821 853.523311 44.138045 -119.841789 -0.000576 0.004991 -0.010073 0.325001 0.004325 0.011752 0.000576 -0.04366 0.002352 -0.030459 0.008509 -0.004001 -0.01165 0.000461 0.009267 0.039176 -0.016013 0.002377 -0.033504 -0.073734 -0.080618 -0.02647 -0.045561 -0.014476 0.110512 -0.00014
83.459585 250.773624 249.523589 1238.666975 80.082141 561.751538 45.870312 480.470526 38.733062 314.382724 39.178368 374.014142 -47.989749 270.578766 -176.733907 1277.972272 -26.467758 1006.582741 -5.145683 1100.858501 -2.368459 804.439559 -4.611354 821.735545 60.25748 -113.035228 0.008118 -0.004912 -0.000403 -2e-05 0.549424 -0.02404 0.763273 -0.042513 0.923452 -0.080542 0.714907 -0.087688 0.005258 -0.012615 0.021515 -0.118518 -0.011296 -0.395606 -0.010791 -0.647377 -0.024951 -0.359069 -0.025727 -0.301611 1.251987 0.099493
83.770144 249.724082 249.613796 1236.55731 96.299507 553.47146 61.61834 471.183556 52.534401 301.863331 51.673918 360.909398 -47.617 270.438187 -171.075119 1282.757599 -33.046913 1001.577486 -9.761714 1103.731304 -5.602161 792.892439 -7.725795 811.311871 92.447272 -116.297488 0.000288 -0.0011 8e-06 -0.000899 0.747133 -0.030739 1.15987 -0.045316 1.049544 -0.127182 0.863403 -0.116848 0.000727 -1.8e-05 0.046037 0.004471 -0.36477 -0.006238 -0.732675 0.001872 -0.685433 -0.041738 -0.399582 -0.033267 3.431316 -0.023204
81.593267 250.647914 257.995037 1232.343375 114.828892 558.037614 78.682815 485.412641 66.992846 307.26089 65.012745 363.465536 -50.500533 268.137869 -177.442222 1293.12144 -46.594824 986.565991 -19.627241 1081.363254 -12.534303 764.812679 -14.97126 780.577104 137.482603 -102.543735 -0.014329 0.000853 0.069197 -0.003596 0.814674 0.009379 1.041621 0.105833 0.877695 0.023915 0.764909 0.00451 -0.042381 -0.004912 -0.058166 0.020849 -1.160781 -0.056673 -1.705349 -0.11449 -1.377086 -0.253109 -1.187533 -0.296727 4.453565 0.432626
82.57361 251.294355 261.835308 1232.669393 123.893998 560.344093 89.137437 486.428418 74.481042 313.969635 72.228382 371.605043 -51.227099 267.378185 -177.372597 1296.073704 -59.230063 994.405263 -29.887639 1096.198403 -21.470079 772.985642 -23.261408 784.857737 175.928963 -101.675581 0.002927 0.000416 0.014185 2.2e-05 0.172178 0.002378 0.32596 0.000531 0.198314 0.036225 0.189817 0.045066 -0.002595 -0.000539 7e-06 0.001683 -0.757016 0.015511 -1.074736 0.050535 -1.195086 0.021719 -0.909614 0.005853 2.367056 0.001845
82.084165 254.951546 258.924151 1208.501768 151.982643 651.355882 124.731615 619.012668 104.790848 412.812708 99.251033 456.507619 -51.384083 272.650985 -177.781333 1307.69268 -65.792141 1021.696983 -35.176147 1136.043839 -25.914878 802.696031 -27.808829 810.726931 234.929373 -64.225764 -0.000727 0.01321 -0.008137 -0.119633 1.433661 3.42282 2.982765 7.979738 2.580843 6.752746 2.142573 4.363833 -0.00012 0.025742 -0.000235 0.025924 -0.172332 0.184731 -0.215286 0.355648 -0.208926 0.280128 -0.20286 0.209722 4.25838 4.28214
87.298968 259.688834 261.866173 1217.950971 205.318656 916.330354 188.437657 940.22277 165.372552 669.405468 154.295308 700.87941 -48.771905 275.035975 -171.861236 1311.616769 -71.81486 1107.411225 -40.669317 1279.114844 -30.122945 904.249941 -31.036061 890.878221 336.655099 -17.622177 0.080293 0.021804 0.00831 0.018399 4.003283 22.555606 6.548116 33.444095 6.880055 30.858896 6.047099 26.092566 0.03407 0.005193 0.050123 0.002939 -0.131863 1.726054 -0.199185 4.241399 -0.158222 3.023628 -0.088562 1.888745 9.124975 14.563536
98.678833 266.405895 281.051782 1244.573552 263.84508 1123.406475 249.874151 1224.545634 225.297394 906.486031 208.873526 925.758073 -48.702414 282.065633 -165.701543 1311.540353 -86.321946 1233.068709 -58.929706 1459.750975 -42.061413 1056.535284 -40.384656 1025.255947 462.05166 -5.743127 0.34849 0.042883 0.339096 0.143914 3.66479 10.538512 4.327018 18.752851 4.623291 17.935523 4.124519 15.619455 2.5e-05 0.044353 0.056204 -1e-06 -0.666828 3.375632 -1.688229 5.96323 -0.994088 5.922603 -0.614484 4.717736 9.905016 3.245025
91.588143 249.520105 201.438666 901.278866 292.865587 1223.738989 339.607141 1436.648849 317.794428 1245.247369 279.467017 1232.965316 -45.110274 280.354441 -146.479009 1242.321251 -98.688485 1353.332507 -79.986958 1646.149298 -59.890392 1277.604737 -55.80762 1231.714896 653.603886 -0.207512 -0.13217 -0.276402 -6.61359 -27.638227 0.756913 2.145418 6.869771 8.466019 7.934812 26.834019 5.129363 21.971092 0.068798 -0.002603 0.592376 -0.938219 -0.413767 2.797557 -1.605224 5.598325 -1.57104 10.492471 -1.244469 9.46287 16.567268 3.767278
92.98918 236.438747 208.746914 852.104173 326.734975 1400.967219 390.836496 1639.69677 369.24622 1504.086793 323.745802 1500.915074 -43.562262 277.227668 -136.924624 1125.17441 -104.108647 1434.593709 -105.536807 1771.850239 -76.679641 1497.694571 -67.009874 1436.112113 782.459174 0.006806 0.005317 -0.176098 0.06511 -0.689703 0.926398 5.990333 1.798689 6.708196 1.929296 12.211496 1.627335 13.16267 0.013513 -0.008767 0.161099 -2.900067 -0.072445 1.184534 -1.767751 2.312182 -1.035923 8.740667 -0.511949 7.841534 5.792657 0.28948
91.979074 234.446244 208.497593 868.350901 336.560178 1556.494751 409.068723 1843.780101 380.44782 1751.080579 335.078614 1750.745373 -38.617263 267.843484 -132.571352 905.928723 -115.084647 1409.083168 -139.848205 1774.542371 -95.472234 1613.159568 -80.860324 1538.913242 857.087751 2.828307 -0.002758 -0.004216 -7.4e-05 0.076713 0.072773 4.092286 0.20781 5.983362 0.083689 9.384155 0.097478 9.611637 0.148913 -0.080787 0.035162 -11.867816 -0.274981 -0.114429 -2.410668 0.001022 -1.028801 2.143585 -0.650089 1.776662 1.699345 2.557627
91.157978 235.567853 222.134853 935.09661 369.360306 1883.653001 458.100263 2233.223787 423.092696 2194.562176 371.991209 2192.980931 -38.393976 263.892523 -127.540397 837.324962 -131.990157 1381.937839 -164.633171 1702.532297 -114.097648 1571.566391 -97.161074 1521.943582 976.616704 51.885625 -0.001841 0.001338 0.215986 1.235555 0.76243 15.591717 1.387282 18.64285 1.132406 25.002396 0.964169 24.87381 0.000324 -0.014679 0.048658 -1.350434 -0.579038 -0.13201 -1.010432 -0.745743 -0.829303 -0.271619 -0.74787 -0.047041 3.899859 30.485976
92.460912 250.281628 232.85611 1038.788762 384.50323 2189.617937 485.307589 2595.066489 447.315646 2608.026056 387.712336 2592.804281 -39.21296 273.009253 -115.441658 912.627191 -141.584934 1433.508241 -183.419006 1767.113734 -126.613024 1758.491971 -106.82599 1710.036036 1049.895001 83.43835 0.004623 0.222852 0.126334 2.72546 0.152104 11.507578 0.392403 13.577735 0.33712 17.831044 0.162682 16.730653 -0.004321 0.077408 0.301402 1.620917 -0.168305 0.472346 -0.507345 0.601088 -0.325579 5.25047 -0.229091 5.477878 1.325298 3.729888
95.598889 264.76468 238.351425 1119.804166 398.641169 2406.13467 515.816182 2815.959906 477.096784 2849.25679 410.872977 2833.674303 -39.323481 271.239603 -114.216546 938.741122 -137.01182 1461.294479 -177.003185 1826.628313 -120.508924 1820.75608 -100.844514 1776.075333 1077.165588 114.663652 0.026182 0.203671 0.032045 1.520854 0.127625 5.10314 0.464973 4.510627 0.479843 5.334222 0.335924 5.348494 -7.8e-05 -0.002877 0.003268 0.18418 0.037536 0.133358 0.057108 0.492833 0.075399 0.54161 0.086159 0.625565 0.174822 2.476381
98.699794 268.711001 235.641594 1166.047143 401.285822 2511.16357 514.907156 2926.007542 477.379602 2943.123175 412.352401 2918.284956 -38.620485 274.681318 -112.227562 997.716836 -138.690818 1508.198736 -174.036596 1839.519151 -118.854307 1868.335125 -100.257407 1818.47541 1072.631315 121.579664 0.024746 0.014596 -0.007746 0.467798 0.004372 1.121788 -0.000401 1.054655 4.2e-05 0.760609 0.001329 0.62234 0.00317 0.010849 0.008735 0.898275 -0.005112 0.370458 0.012535 0.022663 0.005719 0.306832 0.000857 0.250077 -0.004782 0.101255
99.214339 279.095474 239.010753 1227.781138 415.207723 2694.031594 518.833683 3120.216837 490.181283 3155.973106 427.853905 3125.379618 -39.053895 278.507387 -114.027433 1026.705023 -141.711489 1611.444026 -175.213343 1982.496897 -121.126212 1932.210336 -102.627892 1875.623544 1098.642295 149.356109 0.000669 0.098435 0.011958 0.796156 0.118699 3.213236 0.007457 3.11988 0.084692 3.715214 0.143011 3.549237 -0.001209 0.013231 -0.007159 0.207555 -0.016271 1.708931 -0.001982 2.675263 -0.010754 0.536809 -0.013849 0.442071 0.155806 1.427587
99.792612 282.812007 236.570835 1225.828513 403.814402 2713.367594 500.143541 3145.909271 468.525789 3190.507782 409.483772 3166.313273 -39.275952 280.613683 -114.434889 1029.29089 -140.212295 1665.322877 -173.482288 2063.499198 -120.142195 1963.230099 -102.007012 1904.926127 1063.177065 148.260518 0.00084 0.012291 -0.006259 -0.000777 -0.079249 0.034571 -0.171422 0.052672 -0.244611 0.093962 -0.201533 0.133158 -0.000315 0.003967 -0.000363 0.001626 0.003986 0.442986 0.004297 0.810929 0.002007 0.123509 0.000942 0.113562 -0.290928 -0.002017
100.895996 276.736932 234.684596 1221.834794 395.755501 2743.813488 487.749291 3184.72062 455.921608 3230.138488 399.112098 3203.005565 -39.585781 279.263285 -116.504428 1013.352917 -140.46282 1634.025423 -173.644364 2046.833407 -118.825068 1923.968649 -101.140958 1865.154668 1040.256787 168.253074 0.003033 -0.03298 -0.003775 -0.003258 -0.040614 0.08493 -0.077753 0.118972 -0.085929 0.122309 -0.06652 0.105689 -0.000609 -0.001629 -0.009273 -0.06218 -0.000112 -0.148446 -3.8e-05 -0.033787 0.00363 -0.198279 0.001846 -0.209785 -0.12488 0.632045
101.715252 283.260646 229.012723 1242.447936 376.731758 2767.379165 466.304691 3261.573166 431.590564 3288.303066 375.233676 3235.267638 -41.416716 273.847212 -116.483198 1001.501844 -138.886519 1622.341263 -170.356146 2031.587382 -117.13635 1896.724209 -99.100144 1839.150279 998.415444 190.228368 0.001656 0.038 -0.03469 0.086214 -0.234281 0.050383 -0.241039 0.458133 -0.333579 0.259509 -0.368256 0.080833 -0.020695 -0.026518 1e-06 -0.034853 0.004447 -0.020962 0.015716 -0.028497 0.006043 -0.097138 0.0104 -0.091277 -0.429417 0.674188
96.118503 290.288963 221.44478 1248.232312 368.234654 2775.111821 459.092811 3269.701606 425.378135 3317.252303 368.852096 3265.481484 -42.15037 270.607788 -114.314156 971.285324 -139.767509 1614.950515 -175.449721 2018.758917 -120.626992 1918.757677 -101.625101 1861.620719 999.048545 190.218338 -0.079182 0.043064 -0.063577 0.006717 -0.048461 0.005394 -0.028103 0.005058 -0.022518 0.063436 -0.027366 0.070214 -0.003221 -0.009637 0.010193 -0.231422 -0.001393 -0.008437 -0.037515 -0.020316 -0.025625 0.063619 -0.015882 0.068219 0.0001 -0.0
96.073278 290.477172 220.36505 1258.452841 359.679587 2801.717451 446.623829 3290.596571 412.81077 3324.307016 358.235013 3272.578479 -42.413689 269.953696 -115.010422 976.884205 -140.51729 1633.871707 -175.831419 2046.604199 -120.238907 1942.35057 -101.793776 1882.521141 978.632063 184.543999 -5e-06 3e-05 -0.001319 0.020836 -0.050275 0.063465 -0.085834 0.033276 -0.09422 0.003747 -0.077521 0.003852 -0.00041 -0.000396 -0.001057 0.008045 -0.001003 0.055099 -0.000207 0.095363 0.000313 0.072082 -7e-05 0.058335 -0.105387 -0.042961
96.505975 295.674012 220.902813 1294.795749 359.289247 2880.062754 446.022421 3369.590134 411.974855 3411.353594 357.585272 3360.909896 -42.456983 270.527491 -116.498637 981.085011 -142.79747 1639.51986 -177.846507 2048.582545 -122.490561 1945.019631 -103.918013 1888.112617 983.744979 204.616356 0.000486 0.023038 0.000328 0.258665 -0.000106 0.540172 -0.000203 0.468471 -0.000424 0.562486 -0.000295 0.588136 -1.1e-05 0.000305 -0.004783 0.004506 -0.009176 0.004873 -0.005741 0.000478 -0.010444 0.000916 -0.010968 0.004146 0.006661 0.517997
97.034269 296.276352 220.798468 1288.312524 354.45448 2850.619633 437.696132 3348.136775 397.723205 3380.855412 345.162196 3329.402372 -43.160115 271.088351 -118.326144 982.762251 -144.683102 1640.409095 -179.382581 2052.855359 -123.848158 1946.087558 -105.241995 1889.030613 965.451014 196.858896 0.000721 0.000306 -1.2e-05 -0.008136 -0.016375 -0.075637 -0.039226 -0.034256 -0.125433 -0.068471 -0.109815 -0.074192 -0.002887 0.00029 -0.007111 0.000716 -0.006184 0.000121 -0.003303 0.002226 -0.003741 0.000147 -0.00419 0.000112 -0.08585 -0.074953
95.438808 303.581836 219.959462 1289.030177 351.583511 2842.950848 436.827405 3372.392576 394.987507 3405.914466 341.261394 3343.944905 -43.653381 271.149789 -123.784553 988.733083 -149.569253 1654.776339 -183.762566 2061.163754 -127.44806 1941.299688 -108.367705 1885.408108 971.168856 204.490871 -0.006613 0.044487 -0.000799 0.0001 -0.005837 -0.005165 -0.000431 0.043772 -0.004721 0.046263 -0.011084 0.015846 -0.001401 3e-06 -0.061538 0.009042 -0.040571 0.031321 -0.026415 0.00839 -0.025786 -0.002948 -0.02287 -0.001738 0.008441 0.072571
95.807172 304.607311 219.379588 1296.288296 351.607428 2893.209575 437.077839 3434.867445 398.048974 3469.962932 343.067587 3400.216568 -43.782805 273.680149 -126.175713 996.056975 -151.434012 1661.799025 -185.225027 2076.959639 -129.180012 1940.341509 -110.042106 1885.2624 980.748428 220.732932 0.000355 0.000865 -0.000383 0.010188 0.0 0.220181 3.6e-05 0.286693 0.005909 0.298311 0.002384 0.234763 -9.6e-05 0.005876 -0.011437 0.013513 -0.005776 0.007435 -0.002898 0.030148 -0.005844 -0.000118 -0.006418 -3e-06 0.023507 0.310308
94.97691 307.805368 217.946627 1321.157618 349.519176 2913.384377 435.409137 3448.213587 397.216506 3483.568391 342.790538 3412.224326 -44.804821 271.201123 -128.49399 1003.353328 -153.332614 1654.745061 -187.819926 2059.789578 -130.775018 1932.785215 -111.538211 1877.919614 983.824808 226.752665 -0.001807 0.00835 -0.002348 0.118149 -0.00311 0.035048 -0.001596 0.012939 -0.000436 0.01331 -5.6e-05 0.010583 -0.005896 -0.005639 -0.010552 0.013313 -0.005914 -0.007502 -0.009025 -0.035633 -0.004893 -0.007371 -0.005051 -0.007164 0.002409 0.040492
94.800635 307.871671 217.899113 1323.106881 348.167238 2916.467277 432.127894 3449.680974 395.730363 3485.742837 343.260814 3415.276423 -44.705971 272.016545 -131.00387 1008.455569 -156.818549 1667.224315 -190.214064 2074.904374 -134.243649 1951.051135 -115.115917 1895.011065 990.948146 221.101298 -8.2e-05 4e-06 -3e-06 0.000718 -0.00131 0.000815 -0.006205 0.000156 -0.001393 0.000339 0.000161 0.000682 5.5e-05 0.000612 -0.012138 0.00647 -0.019591 0.02344 -0.007581 0.027627 -0.0227 0.042953 -0.028239 0.038713 0.012848 -0.035658
94.352676 304.293852 216.425754 1314.414367 346.129826 2904.022439 428.326729 3437.572834 389.965703 3474.325432 339.583635 3406.830079 -44.570413 267.563008 -130.283827 1001.578052 -158.189782 1672.877605 -192.334019 2074.527813 -137.479598 1959.345023 -118.150178 1905.780547 990.532023 215.470672 -0.00053 -0.010455 -0.002499 -0.014324 -0.002989 -0.013304 -0.008396 -0.010643 -0.021148 -0.009365 -0.009901 -0.005229 0.000103 -0.018379 0.000992 -0.011766 -0.002985 0.004784 -0.005874 -1.7e-05 -0.019269 0.008796 -0.019735 0.015258 -4.4e-05 -0.036312
95.651697 303.766306 216.501697 1315.002861 343.964401 2941.861565 424.761236 3465.311589 386.776337 3506.938641 335.606682 3450.794324 -44.288967 271.156856 -131.864256 1008.995473 -159.763557 1681.847095 -193.969319 2094.893302 -138.260858 1964.374604 -118.96051 1911.045795 987.534885 221.95473 0.004441 -0.000229 7e-06 6.6e-05 -0.003397 0.122463 -0.007451 0.055733 -0.006548 0.076177 -0.011712 0.140929 0.000446 0.011988 -0.004764 0.013682 -0.003895 0.011991 -0.003461 0.049738 -0.001107 0.003224 -0.001385 0.003632 -0.002271 0.04806
93.207262 305.583042 215.344875 1311.933463 345.536144 2909.843631 428.850668 3439.084095 389.153494 3482.650613 337.622129 3416.863259 -44.519135 268.392378 -131.771529 1005.526673 -158.862198 1681.908939 -193.246866 2079.253731 -139.318997 1963.745652 -119.793248 1910.487966 994.16112 216.084611 -0.01582 0.002708 -0.001549 -0.001793 0.001791 -0.087595 0.009796 -0.049815 0.003641 -0.042199 0.003017 -0.083822 -0.000298 -0.007082 1.6e-05 -0.002986 0.001275 1e-06 0.000674 -0.029299 -0.002017 -5e-05 -0.001452 -4.1e-05 0.011078 -0.039334
90.682162 303.940025 211.018114 1311.656704 338.419909 2902.909897 421.439187 3439.188959 380.405037 3489.313142 329.951355 3426.75278 -45.850857 270.523275 -134.280944 1014.567051 -160.854361 1671.85044 -193.067354 2053.592687 -140.869162 1927.949627 -122.115361 1881.990764 984.252983 229.885794 -0.017338 -0.002214 -0.021955 -1.5e-05 -0.037022 -0.004135 -0.032301 1e-06 -0.049728 0.003183 -0.044072 0.007146 -0.009813 0.004213 -0.011835 0.020229 -0.006207 -0.015084 4.2e-05 -0.079666 -0.004288 -0.16463 -0.011145 -0.107067 -0.024811 0.2136
90.983125 303.690891 211.832793 1295.025679 339.469632 2855.313003 422.268967 3362.361355 380.825756 3407.862727 330.325423 3361.45312 -45.511653 270.699572 -131.583575 1001.979885 -160.11136 1658.249294 -192.935527 2041.369102 -139.939783 1925.47094 -121.159145 1879.969757 982.469658 210.154713 0.000249 -5.1e-05 0.000785 -0.053055 0.000813 -0.196719 0.000408 -0.433921 0.000116 -0.480951 0.000106 -0.314085 0.00063 2.9e-05 0.013684 -0.039285 0.00086 -0.027776 2.3e-05 -0.018244 0.001538 -0.000797 0.001879 -0.000543 -0.000809 -0.442586
91.672928 302.326621 213.042094 1279.44955 340.763882 2809.320981 423.237379 3314.603613 381.894295 3352.096257 331.369254 3302.16 -45.043564 270.23552 -128.529396 990.840636 -157.320838 1652.328102 -191.646387 2036.950352 -137.917651 1923.218378 -118.811164 1877.240872 978.810701 197.199581 0.001303 -0.001536 0.001721 -0.04712 0.001231 -0.186711 0.000555 -0.170798 0.000748 -0.230027 0.000823 -0.263802 0.00121 -0.000199 0.017931 -0.031133 0.012266 -0.005295 0.002161 -0.002394 0.007358 -0.000659 0.011487 -0.000991 -0.003413 -0.206059
91.914946 302.901981 214.421509 1269.426156 341.811501 2778.240389 424.632752 3282.261195 381.641575 3317.734652 330.448498 3264.32795 -44.36262 270.588571 -124.409699 991.833401 -152.607876 1649.250566 -187.513318 2033.293442 -134.374273 1921.11317 -115.134527 1873.107021 968.93001 189.592933 0.00016 0.000273 0.002226 -0.019708 0.000804 -0.086443 0.001148 -0.079283 -4.2e-05 -0.088513 -0.000641 -0.108983 0.002593 0.000115 0.033552 0.000249 0.035836 -0.001434 0.022527 -0.001643 0.023056 -0.000576 0.028892 -0.002278 -0.025062 -0.074803
91.052272 298.186159 210.847058 1258.026814 341.808856 2750.898839 425.048985 3245.861419 387.266246 3281.026857 335.695135 3232.797953 -45.35324 271.358297 -127.747606 993.878109 -154.192856 1650.205148 -187.891654 2042.517032 -134.770195 1923.698587 -115.941658 1872.250416 978.947582 180.103377 -0.002034 -0.018499 -0.015022 -0.025707 -0.0 -0.067602 0.000102 -0.10148 0.020573 -0.1021 0.020662 -0.076507 -0.005469 0.000547 -0.022094 0.001053 -0.004094 0.000138 -0.000191 0.010437 -0.000291 0.000869 -0.00141 -9.8e-05 0.025759 -0.121811
92.317797 300.307202 212.943449 1260.32081 346.039566 2770.814918 429.921999 3266.03261 391.81609 3306.792764 339.071104 3262.610116 -44.14945 269.638741 -126.420276 987.45116 -153.984282 1648.05428 -188.91989 2043.339797 -134.16362 1926.648078 -114.919671 1873.753796 984.531628 185.262587 0.004367 0.003758 0.005185 0.001045 0.013011 0.035917 0.013887 0.031241 0.013286 0.050387 0.008445 0.068415 0.008096 -0.002733 0.003466 -0.010424 7.1e-05 -0.000701 -0.001403 8.3e-05 0.000684 0.00113 0.002262 0.000302 0.00794 0.036428
92.211078 300.85293 212.961889 1265.697001 346.405558 2792.783776 430.946655 3298.931219 394.22878 3343.819444 341.43649 3295.307443 -44.342455 269.650976 -128.82994 991.17144 -155.385665 1655.904965 -189.779691 2054.50089 -134.437294 1934.242709 -115.221716 1881.320594 989.096527 191.704565 -3.1e-05 0.000248 0.0 0.005721 9.7e-05 0.043374 0.00061 0.082432 0.003703 0.103072 0.004111 0.081514 -0.00021 0.0 -0.011374 0.003498 -0.003174 0.009327 -0.000976 0.015199 -0.000139 0.00747 -0.000198 0.007624 0.005279 0.055047
92.179257 300.650019 212.868306 1262.141036 347.096368 2783.744862 433.828539 3298.219517 395.242474 3341.535716 341.268001 3290.04953 -44.30063 268.333304 -128.277266 973.956724 -155.386928 1653.940666 -189.88949 2051.077943 -134.710555 1930.76749 -115.258828 1877.204718 991.443367 192.252605 -3e-06 -3.4e-05 -1e-05 -0.002501 0.000344 -0.007326 0.004802 -3.8e-05 0.000651 -0.00039 -2.1e-05 -0.002099 1e-05 -0.001614 0.000594 -0.075403 -0.0 -0.000583 -1.6e-05 -0.001427 -0.000139 -0.001562 -3e-06 -0.002254 0.00139 0.000391
92.6778 300.448211 213.594371 1260.822992 347.389149 2772.811669 432.823524 3280.858541 393.435786 3314.69558 339.992576 3262.610457 -44.159906 268.391694 -127.261265 972.799677 -154.752685 1653.560113 -189.372471 2047.604715 -134.214991 1930.828776 -114.640357 1876.532818 987.237462 185.836773 0.000672 -3.4e-05 0.000618 -0.000344 6.2e-05 -0.010756 -0.000583 -0.022906 -0.002069 -0.054114 -0.001194 -0.05745 0.000112 3e-06 0.00202 -0.000344 0.000649 -2.2e-05 0.000352 -0.001472 0.000457 0.0 0.000832 -6e-05 -0.00447 -0.054439
]