08-13-20_Thad_4KDepth.white_snake_in_blue_flowers.0000000002 [ 97.446291 297.956678 218.545752 1391.795806 380.842041 3047.151056 480.372282 3617.144588 445.085356 3665.492464 380.874844 3560.961466 -51.903401 260.358171 -125.593029 1040.241984 -115.094111 2001.438569 -140.433435 2554.994165 -80.654585 2451.837636 -63.881725 2337.063208 904.676213 121.600827 0.0 0.0 0.0 0.0 0.0 0.0 0.0 0.0 0.0 0.0 0.0 0.0 0.0 0.0 0.0 0.0 0.0 0.0 0.0 0.0 0.0 0.0 0.0 0.0 0.0 0.0
104.098491 296.705665 227.848812 1363.870303 391.92181 2998.912532 485.885776 3565.907895 450.483142 3592.162493 389.2351 3500.103081 -38.948478 278.666066 -111.443051 1038.3969 -111.128849 1950.961358 -134.094314 2488.446502 -76.231326 2406.425592 -61.738176 2279.095695 897.340572 118.359602 0.109811 -0.001316 0.09695 -0.1415 0.079434 -0.192439 0.01573 -0.182738 0.016267 -0.370466 0.045381 -0.26227 0.92839 0.311002 0.422722 -0.000819 0.034754 -0.322342 0.073198 -0.439064 0.062367 -0.212246 0.01829 -0.363978 -0.014931 -0.021891
102.691183 295.608114 233.248471 1350.534734 384.770224 2990.992886 474.638294 3544.840613 439.337723 3566.524037 378.622651 3474.695393 -43.625032 281.898382 -119.947584 1102.915211 -114.411617 2008.077665 -135.522704 2527.248498 -78.859981 2394.188479 -64.349255 2286.536814 890.467307 116.422736 -0.004789 -0.001017 0.031617 -0.032758 -0.032926 -0.005236 -0.065855 -0.031208 -0.069804 -0.045912 -0.07334 -0.046278 -0.132535 0.009319 -0.156341 0.972198 -0.023892 0.412025 -0.003784 0.150091 -0.022278 -0.015597 -0.027039 0.006064 -0.013212 -0.007989
105.06902 295.981258 232.16991 1349.823589 384.19053 3019.069398 475.794715 3573.705607 443.193602 3593.57801 382.058549 3501.848117 -38.964624 287.101463 -112.186459 1108.83366 -112.024962 2015.913665 -134.33586 2531.409553 -79.427888 2393.065473 -64.293182 2289.95857 897.865049 121.60556 0.013608 0.000118 -0.00125 -9.4e-05 -0.000219 0.065581 0.000704 0.058523 0.008423 0.051111 0.00776 0.052839 0.131595 0.02379 0.129778 0.007919 0.012578 0.00763 0.00261 0.001711 -0.001019 -0.000132 1.2e-05 0.001279 0.015301 0.056432
100.153887 306.683543 227.609192 1354.624215 381.427585 3011.638489 474.5809 3566.313845 440.002871 3598.365576 377.702097 3506.872106 -42.211805 291.880096 -118.280179 1121.672169 -115.810318 2030.777866 -136.914441 2547.262014 -82.00356 2395.621123 -66.75284 2292.77536 901.910638 121.910207 -0.058868 0.095035 -0.02262 0.004261 -0.004985 -0.004578 -0.000775 -0.003826 -0.005764 0.001594 -0.01249 0.001801 -0.064972 0.019721 -0.080575 0.036949 -0.031448 0.027299 -0.012257 0.024741 -0.020549 0.000682 -0.023085 0.000866 0.004547 0.000191
99.397283 304.922806 228.529322 1354.034925 381.562399 3002.400245 474.366934 3556.417282 437.670694 3594.913755 375.676248 3504.699371 -42.972127 287.3243 -117.706082 1125.192604 -115.399587 2034.736722 -136.660204 2553.754233 -81.930277 2397.479108 -66.692906 2295.341151 898.327687 120.857928 -0.001434 -0.002534 0.000928 -6.4e-05 1.2e-05 -0.007095 -2.4e-05 -0.006875 -0.003099 -0.000828 -0.002724 -0.000337 -0.003393 -0.017917 0.000698 0.002758 0.000365 0.001927 0.000118 0.004131 1.6e-05 0.00036 1.3e-05 0.000717 -0.003566 -0.002281
98.164854 304.922233 226.977466 1348.999775 378.931684 2982.648634 474.049191 3542.8942 434.504415 3576.740489 372.441298 3482.077107 -41.662732 286.581022 -115.372119 1125.674804 -112.974781 2053.102066 -133.172188 2571.802444 -80.634031 2403.370329 -65.725053 2301.640301 889.495721 116.244528 -0.003844 -0.0 -0.002643 -0.00469 -0.00455 -0.032592 -5.3e-05 -0.01288 -0.005747 -0.023026 -0.006994 -0.036624 0.01013 -0.000481 0.011686 5.2e-05 0.012873 0.041255 0.022545 0.031776 0.005168 0.003615 0.003537 0.004316 -0.021815 -0.044887
98.604125 306.135366 230.608618 1345.98977 380.134682 2982.474481 474.53857 3549.203222 434.625686 3577.406764 372.470286 3479.925254 -41.785743 287.721247 -115.640336 1135.745624 -111.924172 2049.582599 -130.93859 2566.819477 -79.426189 2395.03127 -64.818778 2294.659417 885.646609 118.20843 0.00049 0.001204 0.014408 -0.001681 0.000953 -3e-06 0.000126 0.002806 8e-06 3.1e-05 1e-06 -0.000333 -9.1e-05 0.001132 -0.000156 0.022424 0.002454 -0.00151 0.009445 -0.002416 0.004557 -0.007246 0.003146 -0.005301 -0.004173 0.008225
98.232307 308.75981 230.819022 1347.257842 381.515363 2973.22976 476.331564 3556.475577 435.270346 3579.794134 372.86887 3472.290124 -41.738019 290.704669 -116.190938 1142.273997 -112.013859 2060.466733 -130.725196 2580.780056 -79.380246 2404.745213 -64.813931 2303.387393 886.413244 116.492719 -0.000351 0.005601 4.8e-05 0.000299 0.001251 -0.007175 0.00169 0.003721 0.000239 0.000398 0.000107 -0.004193 1.4e-05 0.007694 -0.000654 0.009355 -1.8e-05 0.014412 8.7e-05 0.018931 7e-06 0.00983 0.0 0.008284 0.000166 -0.006271
98.772051 309.011958 233.064078 1344.964922 393.509563 2974.199339 491.658554 3554.259633 453.911694 3579.146179 389.278847 3473.147522 -41.551005 291.717443 -114.738787 1142.686803 -111.668932 2057.462724 -131.519107 2577.433085 -79.913624 2408.808889 -65.25312 2306.675157 914.73858 115.483993 0.000739 5.1e-05 0.005433 -0.000976 0.092816 7.9e-05 0.12135 -0.000345 0.195426 -2.9e-05 0.176684 5.3e-05 0.00021 0.000881 0.004566 3.7e-05 0.000266 -0.001096 -0.001202 -0.001086 -0.000893 0.001715 -0.000741 0.001172 0.222739 -0.002193
101.899524 310.183745 237.216315 1343.519757 399.578539 2961.830968 494.347786 3548.94809 460.300223 3578.05973 395.510799 3459.752817 -40.99462 294.054824 -115.203547 1147.802792 -110.107205 2059.226134 -127.670077 2587.441706 -78.049375 2410.375681 -63.968315 2305.471556 917.433467 114.946445 0.024372 0.001109 0.018331 -0.000388 0.023221 -0.012885 0.003667 -0.001986 0.022322 -8.2e-05 0.024744 -0.01294 0.001875 0.004663 -0.00047 0.005713 0.005499 0.000378 0.028581 0.009697 0.011001 0.000255 0.006387 -0.000157 0.001982 -0.000627
101.001397 309.483846 237.965643 1309.697778 407.841932 2801.429412 501.336479 3307.234933 469.094152 3299.612525 405.276515 3228.251538 -41.996264 295.362931 -116.367176 1163.106093 -111.320512 2056.343306 -127.750907 2583.261188 -78.326708 2408.827319 -64.952156 2304.304034 930.78805 69.93054 -0.001988 -0.000395 0.000591 -0.215582 0.042286 -2.23256 0.024527 -4.262096 0.041605 -5.638873 0.059549 -4.00784 -0.006045 0.001452 -0.002924 0.050671 -0.003324 -0.00101 -1.3e-05 -0.00169 -0.000246 -0.000249 -0.003754 -0.000148 0.048248 -5.564219
102.416299 303.542425 240.234021 1255.446509 413.820904 2661.264588 506.54412 3119.154001 477.851413 3104.328171 414.230107 3052.851257 -41.056238 297.322261 -117.15151 1164.152904 -109.627139 2053.973152 -126.005175 2585.598183 -77.201893 2407.436353 -63.633763 2300.806243 939.194079 44.234006 0.004921 -0.028793 0.00538 -0.573755 0.021754 -1.798509 0.013454 -2.752869 0.040494 -2.978233 0.048913 -2.449511 0.00532 0.003239 -0.001317 0.000235 0.006489 -0.000683 0.006005 0.000528 0.004068 -0.000201 0.006759 -0.001328 0.018894 -2.929517
101.763108 298.068012 242.553445 1219.588393 442.616078 2592.058321 551.483305 3020.770694 529.127316 3018.682956 458.862959 2977.551989 -41.338731 296.419285 -117.221841 1141.5787 -109.882785 2049.152356 -126.370553 2571.285131 -77.219543 2403.613598 -63.569924 2298.01881 1010.618892 34.997639 -0.001045 -0.024908 0.005572 -0.259768 0.484213 -0.455875 0.954816 -0.788275 1.306346 -0.599008 1.141571 -0.470134 -0.000484 -0.000687 -1.1e-05 -0.110509 -0.000149 -0.002832 -0.000264 -0.019863 -1e-06 -0.001519 1.6e-05 -0.000845 1.308643 -0.540203
103.666553 292.253988 245.902876 1170.763524 439.204304 2362.560845 542.030034 2732.186671 517.462529 2693.789361 450.152257 2676.469091 -41.004963 293.340911 -115.004477 1134.286453 -107.777624 2040.986171 -124.113895 2563.036915 -75.893278 2396.053348 -62.413714 2289.636272 989.698727 8.715662 0.008819 -0.028632 0.011484 -0.498696 -0.0066 -5.318004 -0.040862 -7.24264 -0.065007 -9.246552 -0.041736 -8.02219 0.000676 -0.008034 0.010586 -0.011683 0.010181 -0.008152 0.010166 -0.006625 0.005744 -0.005954 0.005306 -0.007658 -0.109399 -8.783223
106.116493 286.411379 255.831502 1116.862103 447.943912 2244.481224 549.066654 2610.501062 519.529315 2566.776143 453.054416 2548.581763 -39.702835 289.435221 -111.474074 1120.994847 -103.498093 2034.183705 -120.496296 2565.250781 -72.796492 2391.55562 -59.560345 2283.606649 981.272649 3.096992 0.014306 -0.029496 0.098246 -0.635105 0.04305 -1.513453 0.02269 -1.385942 0.00206 -1.533553 0.004663 -1.565307 0.010505 -0.013088 0.027518 -0.039168 0.043347 -0.005678 0.026752 0.000478 0.032252 -0.002113 0.033379 -0.003975 -0.018011 -1.421825
107.029508 287.463289 256.800269 1093.32173 417.906923 1976.9545 491.775129 2339.997041 448.34592 2207.085214 395.014042 2176.596771 -39.780428 290.181174 -110.87979 1122.668116 -102.750626 2033.688418 -118.303776 2566.004197 -71.761328 2390.278345 -58.619843 2276.427523 878.848931 -3.651338 0.001955 0.000964 0.000915 -0.125366 -0.521159 -8.485567 -1.577958 -7.395935 -2.621178 -13.569907 -1.988424 -14.664831 -3.8e-05 0.00048 0.000794 0.000624 0.001354 -3e-05 0.010065 5.5e-05 0.003706 -0.000171 0.003742 -0.005651 -2.822015 -13.473852
107.703444 294.914733 261.718812 1098.230412 373.481429 1754.211713 404.595961 2109.687105 346.111197 1872.673664 308.026684 1835.915854 -41.206354 292.438043 -114.40352 1123.364922 -105.230133 2025.938506 -119.02787 2571.744862 -71.878266 2368.008604 -57.660799 2252.521069 733.443881 -29.02827 0.001058 0.047672 0.023329 0.005497 -1.247922 -6.654573 -4.249504 -5.96427 -6.605499 -13.728699 -5.402237 -14.488853 -0.012554 0.004371 -0.02756 0.000108 -0.014781 -0.007397 -0.001105 0.003207 -4.8e-05 -0.052114 0.003955 -0.063097 -6.570083 -12.089123
107.547 308.890375 285.56719 1152.118478 325.664699 1548.764134 306.386909 1834.256822 247.543345 1490.01447 233.629318 1477.438359 -44.341105 304.058967 -125.147682 1146.773049 -109.555881 2036.383988 -117.188802 2582.47041 -72.334597 2324.118421 -58.111931 2204.696447 587.50416 -92.321463 -5.7e-05 0.161761 0.519852 0.645309 -1.637082 -6.395689 -6.815544 -9.629265 -8.240079 -21.843416 -5.133629 -19.449232 -0.057453 0.11321 -0.241066 0.120688 -0.043564 0.013429 0.007159 0.01116 -0.000722 -0.205279 -0.000879 -0.256579 -8.086538 -17.813606
108.531823 301.726701 326.004689 1150.957279 233.69018 1271.557818 185.866351 1493.186403 146.239823 1148.611183 143.485488 1159.452103 -44.070435 299.015956 -128.237574 1143.170722 -110.893473 2029.701446 -117.071204 2590.773779 -73.412936 2316.036307 -59.601016 2192.324899 426.881084 -202.608126 0.002244 -0.042023 1.33834 -0.000293 -7.613483 -13.656213 -14.981779 -17.526401 -13.253564 -22.179756 -10.932247 -19.243417 0.000414 -0.021086 -0.01884 -0.002833 -0.004058 -0.005491 3e-05 0.006664 -0.003989 -0.007039 -0.009419 -0.017404 -12.797679 -21.396567
106.346009 297.080066 330.656781 1153.80924 187.955223 1099.810111 136.666196 1263.898474 107.664353 943.895653 108.646232 974.568161 -44.188786 298.440182 -131.644638 1127.222782 -115.120905 2007.193268 -122.26789 2571.656751 -77.714724 2305.746739 -62.878687 2181.269066 368.322844 -299.127641 -0.011118 -0.018029 0.016479 0.001765 -2.487724 -6.227641 -3.774663 -9.550698 -2.947479 -10.03801 -2.418624 -8.023929 -7.9e-05 -0.000277 -0.022334 -0.056012 -0.039539 -0.062749 -0.056424 -0.035396 -0.061237 -0.011454 -0.043865 -0.013974 -2.159024 -9.371305
101.015654 287.76265 335.78054 1117.879428 153.683323 976.091866 98.859624 1121.433132 76.041702 822.508878 80.495092 862.766772 -44.624747 300.230151 -135.679428 1117.065292 -120.960958 1986.584963 -129.690025 2551.343012 -83.274604 2295.160392 -67.144266 2171.168848 318.468341 -369.732008 -0.068521 -0.074225 0.019697 -0.284157 -1.723361 -3.689919 -3.054155 -4.258214 -2.742184 -4.175767 -2.106692 -3.404698 -0.00107 0.002676 -0.030451 -0.022986 -0.072245 -0.053171 -0.109344 -0.040274 -0.096036 -0.012179 -0.069988 -0.011719 -1.811871 -3.736913
98.737815 286.172964 343.888351 1099.627571 131.07831 913.284542 77.488472 1058.900443 57.186001 785.489566 63.685362 822.106699 -42.709336 298.034671 -129.380819 1110.064568 -117.743398 1989.218838 -127.507012 2554.446461 -82.851265 2309.23883 -66.67003 2185.091336 277.702549 -401.118917 -0.012988 -0.002202 0.048361 -0.075115 -0.898636 -1.04422 -1.299746 -0.896914 -1.341072 -0.426185 -0.98326 -0.490684 0.021007 -0.004028 0.074847 -0.011003 0.021686 0.000872 0.009265 0.000943 0.000539 0.021523 0.00084 0.022248 -1.395403 -0.639259
100.224525 282.388814 378.095589 1079.352302 110.083127 882.040822 52.068083 1019.814653 36.198903 742.75446 44.61754 789.100766 -43.00941 299.818782 -132.118242 1119.735454 -118.153287 1994.527624 -127.570017 2565.464975 -82.46846 2316.104004 -66.398398 2190.178164 227.942572 -435.656924 0.005555 -0.012593 0.810816 -0.094332 -0.915644 -0.271885 -2.518353 -0.367495 -2.388849 -0.597629 -1.691755 -0.338102 -0.000525 0.002662 -0.014328 0.020972 -0.000356 0.003537 -8e-06 0.011856 0.000443 0.005095 0.000277 0.002957 -2.454369 -0.713084
102.085046 286.405326 373.022193 1090.310078 90.520355 860.315699 33.457678 975.658395 22.744871 703.798868 31.657096 754.424164 -46.049401 308.530065 -138.33537 1160.803488 -118.654704 2043.534062 -126.100469 2623.936876 -81.229981 2367.067198 -65.935229 2236.303541 189.941485 -489.440712 0.008555 0.014181 -0.017134 0.027671 -0.956156 -0.135449 -2.049366 -0.488609 -1.555992 -0.524631 -1.109172 -0.389569 -0.0519 0.062374 -0.071468 0.369807 -0.000531 0.297385 0.004257 0.329428 0.004685 0.277304 0.000811 0.240327 -1.731438 -1.564778
104.493303 282.328269 381.594534 1095.419426 79.551124 857.150397 25.700799 976.544805 16.938404 700.088433 25.586163 746.893834 -44.535005 307.67728 -133.790928 1156.351862 -117.72115 2034.408451 -128.103964 2619.345636 -82.332005 2385.331746 -66.335613 2248.819022 173.958366 -500.894564 0.014038 -0.014614 0.048692 0.005972 -0.354114 -0.002917 -0.510747 0.000201 -0.4271 -0.004903 -0.322837 -0.018885 0.01266 -0.00059 0.037948 -0.004276 0.001844 -0.010211 -0.007895 -0.00201 -0.003713 0.035098 -0.000606 0.017462 -0.351173 -0.066238
105.795366 279.674312 385.011815 1083.71482 68.507528 840.694893 18.702501 961.689347 11.114587 694.587195 18.715546 740.693751 -44.583785 303.303885 -131.409351 1153.644946 -118.144865 2042.850536 -130.849802 2630.773493 -85.024028 2387.385375 -67.991726 2250.125362 157.620546 -506.513535 0.004031 -0.006266 0.007617 -0.031434 -0.412442 -0.079745 -0.554961 -0.05693 -0.611171 -0.01085 -0.536014 -0.012921 -1.3e-05 -0.015653 0.010694 -0.001586 -0.000381 0.00874 -0.014558 0.012437 -0.021653 0.000442 -0.010209 0.00019 -0.40275 -0.01567
105.786783 279.894 387.921976 1073.800657 63.746928 844.623831 15.982617 976.925656 8.586736 712.297176 15.652923 756.610766 -44.812961 304.902562 -128.625775 1158.81267 -117.354043 2049.016236 -130.02162 2637.100011 -84.984077 2394.207873 -67.879714 2257.955368 147.59806 -494.695326 -0.0 4.3e-05 0.005479 -0.022779 -0.085708 0.00458 -0.106806 0.059875 -0.162846 0.111472 -0.136729 0.084605 -0.000294 0.002101 0.014899 0.005774 0.001328 0.004645 0.001315 0.003799 5e-06 0.004867 4.6e-05 0.0068 -0.164599 0.069753
107.441573 281.019258 394.475925 1072.184034 65.580408 853.191353 16.400557 985.900457 8.917632 719.587199 16.522586 767.116623 -44.071266 306.89725 -129.773801 1158.729482 -119.274131 2048.59482 -132.246937 2636.899835 -85.614502 2405.750651 -68.551048 2272.227102 149.794366 -493.876376 0.006421 0.001129 0.027451 -0.000609 0.012997 0.021617 0.002697 0.020518 0.003128 0.018558 0.011755 0.036219 0.003095 0.003252 -0.00255 -1e-06 -0.00779 -2.2e-05 -0.009441 -4e-06 -0.001165 0.013879 -0.001652 0.022481 0.00811 0.000339
106.103722 280.821004 396.592372 1058.366156 62.812487 863.558297 14.830036 993.560757 7.806489 720.5311 15.426138 769.429157 -44.419011 308.690689 -130.856552 1154.72324 -120.882371 2033.906821 -133.704832 2616.695389 -86.719244 2393.148574 -69.691394 2260.943715 146.563135 -487.398672 -0.004191 -3.5e-05 0.002831 -0.044809 -0.029839 0.031302 -0.039514 0.014822 -0.036953 0.000309 -0.01882 0.00174 -0.000683 0.002612 -0.002249 -0.003469 -0.005385 -0.026422 -0.003996 -0.038852 -0.003541 -0.016547 -0.004703 -0.014043 -0.017616 0.021381
107.260626 281.297051 414.353853 1044.555927 67.708387 902.469216 17.428347 1078.721162 9.00728 809.046617 17.400141 855.540121 -44.241697 313.391662 -132.88943 1162.220987 -119.465655 2027.062768 -130.860575 2601.827716 -83.20255 2365.940425 -67.220626 2243.221974 146.961219 -407.926438 0.003137 0.000202 0.194531 -0.045347 0.091856 0.428715 0.104813 1.750572 0.042933 2.563311 0.059407 2.283216 0.000177 0.017762 -0.007835 0.012132 0.004175 -0.005767 0.015289 -0.021179 0.036395 -0.077776 0.022296 -0.034863 0.00027 3.534094
111.296176 283.696238 420.649831 1057.353903 69.728718 970.541217 19.233457 1180.671587 10.175332 896.1264 19.316882 928.803071 -43.410895 321.15495 -129.107941 1166.200307 -116.556095 2020.349336 -127.934352 2590.660011 -82.319188 2351.963233 -66.582893 2219.998145 150.378026 -344.535711 0.03726 0.005094 0.023736 0.038962 0.01485 1.237401 0.044466 2.301323 0.035595 2.224947 0.050064 1.504678 0.003937 0.047491 0.027291 0.0034 0.017934 -0.005568 0.016544 -0.012009 0.002357 -0.020704 0.00152 -0.060422 0.019632 2.674912
111.561188 282.861577 424.655352 1042.943673 72.103923 1025.278372 21.724974 1253.279339 11.406078 962.569852 20.796424 993.428777 -43.055392 319.956203 -125.49579 1167.244538 -114.254833 2028.173249 -125.523568 2601.722978 -81.63656 2350.83168 -65.606428 2221.556791 154.072237 -304.853908 0.000158 -0.000615 0.00949 -0.049435 0.01989 0.750749 0.07585 1.08323 0.035122 1.187968 0.027295 1.08667 0.000731 -0.001121 0.025625 0.000234 0.011472 0.00756 0.011465 0.011785 0.001421 -0.000136 0.003607 0.000273 0.022414 1.213538
110.140919 282.790407 432.980776 1008.999543 85.72804 1002.646483 32.493988 1212.930405 17.76172 933.146185 28.021904 971.044686 -43.383527 319.623006 -127.394906 1166.667904 -114.826912 2029.313704 -126.13193 2608.647209 -82.122727 2357.065391 -65.907838 2227.144764 176.268763 -324.078351 -0.004549 -4e-06 0.04041 -0.280778 0.589119 -0.126291 1.080236 -0.330091 0.700865 -0.228358 0.537674 -0.127531 -0.000623 -8.7e-05 -0.007131 -7.1e-05 -0.000714 0.00016 -0.000735 0.004601 -0.000722 0.004127 -0.000345 0.00351 0.746567 -0.293883
107.706165 279.207857 431.277338 952.964139 83.883 954.401722 31.044296 1159.482547 16.80815 916.202163 26.874049 952.587712 -44.342018 319.608727 -132.354711 1170.754244 -118.753088 2027.881744 -129.731027 2592.511863 -84.591436 2339.83039 -68.341126 2222.231091 176.81379 -327.717225 -0.013606 -0.011419 -0.001679 -0.800373 -0.010036 -0.59475 -0.01654 -0.602137 -0.013154 -0.077624 -0.012002 -0.088548 -0.005236 -0.0 -0.047357 0.003572 -0.032999 -0.000253 -0.025315 -0.025028 -0.018279 -0.031622 -0.022054 -0.002713 0.000421 -0.010158
110.288095 278.341394 435.575316 917.489254 77.703322 768.816052 25.958469 887.711299 13.884406 691.218292 23.35398 756.881065 -42.727451 323.956146 -131.009941 1196.935326 -118.685871 2055.582784 -130.67954 2637.694617 -83.389084 2401.796323 -67.16947 2285.756792 165.326641 -516.066379 0.015291 -0.000673 0.010655 -0.336437 -0.11821 -10.022673 -0.227334 -18.119419 -0.139574 -15.8229 -0.123498 -11.239579 0.014971 0.014684 0.003433 0.144755 1e-05 0.093959 -0.001727 0.195166 0.004303 0.404918 0.005065 0.447618 -0.192891 -21.29022
111.608284 275.227579 422.414978 862.924698 70.592333 523.743991 21.387194 564.597076 11.324696 414.372053 19.431374 480.471964 -43.387767 325.26834 -129.625888 1195.066326 -120.292049 2045.828766 -134.596294 2632.05247 -84.642427 2425.416677 -67.731097 2308.847873 157.888034 -834.770139 0.003927 -0.008758 -0.100936 -0.83632 -0.170589 -23.445726 -0.221198 -36.399898 -0.130292 -35.223039 -0.180194 -31.268236 -0.002532 0.001326 0.003675 -0.00073 -0.005398 -0.011599 -0.028917 -0.00302 -0.004674 0.05779 -0.001169 0.058025 -0.085609 -38.134262
105.693375 280.065941 403.912145 855.310094 67.260558 389.092648 21.839363 368.48753 12.098658 257.975842 19.031768 319.281143 -43.95497 319.97934 -132.253655 1197.603446 -119.703368 2033.949965 -133.232793 2609.384287 -83.706056 2421.500767 -68.471026 2302.300906 159.451581 -1098.731596 -0.080516 0.021079 -0.207181 -0.016873 -0.040269 -9.98574 0.002365 -20.841257 0.01279 -18.442767 -0.002076 -16.412471 -0.001842 -0.021677 -0.013184 0.001345 0.000722 -0.017293 0.003471 -0.049018 0.002604 -0.001582 -0.00201 -0.004648 0.003852 -18.10274
113.603804 268.520996 398.311588 843.59631 61.35147 257.119775 18.153115 201.013371 10.134533 126.568092 15.886779 183.177237 -42.269409 301.863434 -131.763045 1175.882844 -121.237034 2023.593587 -137.580045 2606.133678 -84.580527 2444.873776 -68.499142 2328.431944 153.270474 -1458.889829 0.142718 -0.121494 -0.01955 -0.040383 -0.135818 -13.619618 -0.17025 -25.181434 -0.086927 -23.149357 -0.141917 -18.784781 0.016477 -0.263938 0.000456 -0.099388 -0.004881 -0.013217 -0.034895 -0.001013 -0.002272 0.05613 -3e-06 0.073729 -0.061092 -25.485291
118.827342 254.992662 400.728175 823.969547 59.881997 154.917486 17.582465 90.281087 9.702695 47.959158 15.098049 92.70655 -41.913489 281.916997 -131.001891 1157.941673 -120.577244 2000.446199 -139.930123 2570.48546 -84.849673 2424.106767 -68.265659 2313.431737 151.937749 -1790.133029 0.058703 -0.174825 0.003654 -0.115505 -0.008906 -12.876396 -0.004557 -21.867617 -0.004701 -18.705569 -0.01004 -15.255856 0.000752 -0.340862 0.001102 -0.068962 0.0009 -0.066576 -0.009951 -0.122745 -0.000214 -0.044288 0.000199 -0.024237 -0.00291 -16.9295
106.623159 246.897629 380.433869 794.004748 58.351359 101.952599 17.020978 41.436742 10.865579 17.18826 14.876439 49.708406 -46.046732 265.929891 -137.10065 1127.63396 -125.060147 1945.56644 -146.3926 2492.482957 -88.327304 2357.122544 -72.064197 2254.312955 161.151816 -1971.744863 -0.330563 -0.065287 -0.263664 -0.277497 -0.009908 -5.519809 -0.004556 -9.39115 0.0329 -7.724967 -0.000819 -6.646111 -0.097164 -0.233315 -0.069376 -0.200955 -0.04091 -0.381643 -0.07294 -0.600908 -0.034921 -0.469242 -0.05142 -0.382593 0.135612 -4.386386
98.488862 248.25254 353.914471 768.955546 52.177299 73.609483 14.890328 20.021469 9.498952 5.427716 12.436138 28.69643 -49.508281 267.061814 -141.292031 1148.619971 -132.77148 1944.384061 -155.422222 2486.319831 -96.827588 2351.393954 -79.51535 2251.90979 166.98165 -2130.877444 -0.161358 0.001854 -0.479001 -0.200742 -0.172574 -2.302992 -0.071209 -3.851807 -0.045908 -3.298316 -0.109235 -2.86799 -0.062719 0.001202 -0.031554 0.096743 -0.115343 -0.00018 -0.135103 -0.003815 -0.195223 -0.003485 -0.183248 -0.000641 0.051792 -3.08738
88.336996 251.204317 332.850216 750.57769 52.380974 72.947406 15.787297 19.472278 10.575695 6.658732 13.040343 31.50489 -55.417444 266.391399 -152.720112 1138.253394 -138.004253 1954.464445 -158.714384 2484.436491 -99.19546 2346.505533 -83.250945 2248.667238 174.549577 -2103.166247 -0.276023 0.008723 -0.323115 -0.111139 0.000198 -0.001495 0.013116 -0.003819 0.028897 0.062854 0.007166 0.065545 -0.166527 -0.000421 -0.222185 -0.023496 -0.050567 0.013031 -0.017251 -0.000357 -0.014302 -0.002543 -0.042873 -0.001168 0.083858 0.090684
86.890786 264.685448 332.119424 758.209238 51.589031 72.932288 15.483594 18.465978 10.349663 6.401396 12.632981 31.04516 -56.801763 278.548171 -154.860218 1153.567207 -141.219915 1977.039704 -161.081379 2511.203893 -102.469871 2363.286349 -86.009507 2264.610624 177.95105 -2123.693183 -0.005968 0.176173 -0.000402 0.019301 -0.003016 -1e-06 -0.001475 -0.013348 -0.001221 -0.002536 -0.003232 -0.001689 -0.008539 0.135616 -0.007445 0.051164 -0.018517 0.064816 -0.00876 0.071712 -0.026585 0.029895 -0.022481 0.028161 0.016412 -0.049843
86.761378 261.346062 332.525803 740.240907 51.624742 71.203618 15.710705 19.734783 10.053558 7.15749 12.508761 32.246702 -56.93526 277.787977 -154.490535 1149.69935 -141.575572 1975.098604 -162.891266 2512.559532 -102.677291 2381.257681 -85.833536 2283.806321 176.988833 -2127.311151 -4.8e-05 -0.0106 0.000124 -0.107735 6e-06 -0.010367 0.000827 0.021077 -0.002149 0.021098 -0.000307 0.011406 -7.8e-05 -0.000519 0.000221 -0.003248 -0.000224 -0.000477 -0.005056 0.000183 -0.000105 0.034036 9e-05 0.040506 -0.001304 -0.00154
87.239166 258.461302 336.125769 737.272151 52.758252 74.540724 16.252441 21.862182 10.429162 8.167233 12.951299 34.206557 -56.877796 276.268525 -153.659531 1156.185259 -141.014648 1976.594752 -162.889365 2512.158896 -102.715345 2387.160257 -85.641362 2290.404975 178.60396 -2116.0678 0.000656 -0.008005 0.009691 -0.002983 0.006155 0.03821 0.004591 0.054437 0.003444 0.033302 0.003846 0.028907 1.5e-05 -0.002083 0.001121 0.009122 0.000557 0.000283 0.0 -1.6e-05 -4e-06 0.003653 0.000108 0.00476 0.003668 0.014895
88.8264 259.199007 344.760781 741.590277 59.330796 75.043002 20.361318 22.972994 13.415848 8.375818 16.18168 34.497317 -55.249714 280.861558 -148.244842 1173.873924 -136.944572 1981.570259 -157.671511 2517.035618 -100.044875 2385.339898 -83.476739 2287.819566 186.732459 -2111.020312 0.007155 0.000526 0.054757 0.006304 0.192862 0.000843 0.231284 0.013763 0.187787 0.001315 0.179653 0.000615 0.01182 0.018933 0.04856 0.067143 0.0298 0.003127 0.042469 0.002364 0.017587 -0.000347 0.013854 -0.00073 0.090438 0.003014
89.079259 261.117551 347.665826 750.06682 68.787836 84.67632 27.278609 31.410015 18.288369 12.572041 20.962398 41.561226 -56.024635 282.915762 -147.971589 1179.873692 -136.61624 1986.210925 -156.465769 2528.942364 -99.326223 2390.709797 -82.985815 2290.100901 202.855769 -2056.54792 0.00018 0.003537 0.006094 0.024085 0.349511 0.290777 0.504869 0.658449 0.376659 0.424592 0.308942 0.328739 -0.002698 0.003742 0.000126 0.007647 0.000197 0.002714 0.002314 0.014048 0.001295 0.003019 0.000724 0.000568 0.333779 0.356007
91.008483 274.067609 364.788312 777.994558 74.575722 100.394841 31.566077 44.240429 20.319813 18.949247 23.281277 51.588089 -55.285827 296.315853 -150.714147 1199.985917 -131.936339 1991.263145 -147.77502 2531.562499 -92.602875 2364.931312 -78.425807 2266.850848 199.679199 -1960.495785 0.010334 0.156701 0.205783 0.255233 0.116882 0.668713 0.156402 1.095966 0.053481 0.651839 0.06081 0.541233 0.002452 0.155021 -0.012591 0.084986 0.04078 0.003209 0.124153 0.000678 0.117797 -0.069868 0.064425 -0.059313 -0.012534 1.148523
94.253813 287.150751 405.420039 824.175215 93.447493 123.66422 42.803966 65.719013 30.148795 32.711189 34.116293 71.675517 -54.047573 310.403603 -155.931352 1219.669574 -128.318786 2030.016044 -140.096217 2576.789487 -86.583197 2403.404956 -74.174619 2307.026422 218.915729 -1875.337279 0.028427 0.152518 1.072494 0.66569 1.063169 1.211582 0.853969 2.118127 0.966371 1.866766 1.031947 1.647769 0.007012 0.163578 -0.044385 0.080064 0.025143 0.186734 0.102432 0.200213 0.101143 0.155216 0.059227 0.176449 0.442241 0.945409
99.839537 286.665232 413.829391 825.074674 96.885662 156.338376 45.117641 89.092592 31.801399 49.285625 36.1946 96.115698 -50.088267 308.76955 -147.256683 1218.165652 -126.931868 2036.50059 -139.106822 2592.881068 -87.126133 2424.864845 -74.379636 2328.310285 224.203036 -1782.743268 0.080391 -0.000205 0.043161 0.000245 0.031056 1.912946 0.030448 1.774652 0.022047 1.692608 0.030723 1.7895 0.075295 -0.002156 0.124123 -0.000464 0.003768 0.00517 0.001753 0.025044 -0.000848 0.047691 -0.000141 0.048864 0.031545 1.172066
98.014675 288.859633 407.377668 836.682787 89.628035 194.360591 40.443919 129.931174 25.831079 79.567392 30.495258 132.607041 -54.703294 313.856532 -154.021562 1245.431627 -129.803475 2039.882013 -140.057418 2596.297882 -88.680009 2396.641284 -75.985318 2300.798381 210.23361 -1602.837055 -0.008416 0.004183 -0.025344 0.040544 -0.141258 2.067246 -0.127744 3.841006 -0.310076 3.608797 -0.24398 2.929751 -0.101672 0.020781 -0.075959 0.150888 -0.01606 0.001402 -0.001618 0.001125 -0.006867 -0.082607 -0.008573 -0.081756 -0.224653 4.783394
97.80707 280.128438 405.095586 831.24318 77.632723 223.384216 28.765407 171.435485 16.703675 107.331011 22.235624 161.639469 -53.698196 308.362784 -150.450396 1241.187885 -131.099124 2038.559356 -142.46461 2597.212126 -90.566636 2405.438869 -76.575706 2309.605758 185.059659 -1496.545131 -0.00011 -0.066995 -0.003205 -0.00887 -0.430684 1.009456 -0.992443 2.871675 -0.990852 2.073636 -0.650901 1.435775 0.00466 -0.024253 0.020944 -0.003621 -0.003217 -0.000214 -0.010255 8e-05 -0.009929 0.008059 -0.001142 0.008412 -0.802406 1.823153
98.639522 276.590995 404.16015 810.509882 60.814818 247.271179 17.403721 207.269097 9.288867 137.367521 14.513015 192.406686 -52.938941 302.675256 -153.433672 1233.067663 -130.952435 2033.3179 -142.568142 2592.925077 -90.43055 2397.646632 -76.219149 2295.278898 157.684834 -1387.218397 0.001764 -0.011239 -0.000541 -0.130923 -1.025273 0.606553 -1.419821 1.699128 -1.080038 1.850473 -0.820603 1.339395 0.002703 -0.02647 -0.014644 -0.013325 4.1e-05 -0.003373 -1.9e-05 -0.001771 5.1e-05 -0.006321 0.000416 -0.022287 -1.094956 2.073095
97.999923 274.784559 395.702144 808.27947 54.92924 302.209833 13.524133 277.651298 6.774991 189.3208 12.280788 248.682379 -53.313258 298.363835 -155.487918 1218.001727 -131.339735 2034.650955 -144.1441 2594.55853 -90.179005 2404.964144 -76.298005 2301.016245 146.389282 -1244.752083 -0.00104 -0.002959 -0.04472 -0.001537 -0.149738 2.753359 -0.244293 5.134885 -0.197921 4.157523 -0.093147 3.604654 -0.000659 -0.015464 -0.00683 -0.046303 -0.000286 0.000218 -0.004331 0.000257 0.000175 0.005575 -2e-05 0.003581 -0.209872 3.858618
100.525854 275.017985 393.901975 803.517462 55.901301 349.196873 14.850518 347.501918 7.101532 242.052335 12.426177 299.822239 -52.848688 298.109998 -154.920824 1218.706391 -131.360775 2042.740083 -145.133051 2625.195866 -89.60112 2446.495589 -74.544069 2329.992806 147.152835 -1149.483313 0.01607 5e-05 -0.002052 -0.007035 0.004263 1.696836 0.031018 3.914587 0.003843 3.235112 0.000428 2.389217 0.001016 -5.4e-05 0.000518 0.000102 -1e-06 0.008024 -0.00169 0.089914 0.000929 0.17777 0.010197 0.090655 0.000993 1.896166
100.415446 270.857875 389.828707 783.006307 59.370929 384.153262 17.564475 403.565665 8.493235 284.941028 13.823485 337.071028 -53.24256 293.43984 -148.680594 1212.001117 -130.655625 2047.898714 -146.073222 2637.830842 -91.124518 2453.07885 -75.097073 2330.400511 155.257376 -1065.916042 -3e-05 -0.015852 -0.010585 -0.132593 0.052229 0.833602 0.113813 2.095374 0.062223 1.748121 0.037217 1.090183 -0.000731 -0.018435 0.064138 -0.009248 0.000949 0.003253 -0.001518 0.015166 -0.006421 0.004423 -0.001022 1.8e-05 0.10862 1.576685
96.368422 271.439503 379.325352 781.806066 62.080909 398.610347 18.899851 420.079006 9.415843 297.350062 15.621952 350.908457 -51.241519 294.160825 -134.782097 1187.222284 -126.471549 2050.945943 -145.492449 2642.88162 -92.532797 2478.147429 -74.665724 2348.610842 160.983353 -1058.666349 -0.04162 0.000312 -0.071719 -0.00046 0.030238 0.133517 0.02446 0.165556 0.02378 0.132238 0.054975 0.139171 0.019163 0.000442 0.340935 -0.12796 0.034045 0.001133 0.000578 0.002415 -0.005399 0.06372 0.000621 0.035437 0.051843 0.012369
91.198615 268.205902 359.933975 814.535361 66.634166 426.986014 21.993392 448.258967 11.568053 316.574402 17.207836 376.446521 -55.380533 293.281806 -144.038423 1180.234058 -135.940257 2084.889854 -155.630503 2679.873567 -100.795917 2497.837117 -81.58966 2375.121304 180.657821 -1035.927568 -0.07126 -0.009688 -0.25437 0.335555 0.08056 0.487779 0.11718 0.457379 0.110662 0.301068 0.038326 0.44847 -0.080367 -0.000658 -0.153689 -0.010314 -0.170887 0.139296 -0.17071 0.128544 -0.176669 0.038956 -0.153481 0.074391 0.566978 0.123429
95.183933 272.077498 369.226749 824.200712 64.357909 439.480409 20.689033 464.897144 10.920307 330.710976 16.752627 387.677245 -53.102477 289.365155 -143.211452 1165.593305 -131.991801 2102.951127 -150.45705 2706.769862 -96.573207 2531.348676 -77.723867 2403.698635 172.443005 -1032.147314 0.042613 0.013872 0.059218 0.028504 -0.019779 0.090089 -0.019935 0.151591 -0.009331 0.154388 -0.003051 0.082536 0.023921 -0.013164 0.00119 -0.045688 0.029095 0.038947 0.043724 0.067149 0.045178 0.111652 0.046909 0.085447 -0.095571 0.003455
95.683645 269.816413 365.193016 825.578448 62.893481 437.679048 20.706279 462.771605 10.613061 327.880717 16.17679 384.232123 -52.289431 287.163073 -140.907578 1169.966435 -131.636364 2106.542637 -151.913137 2709.006785 -97.701465 2534.862158 -78.015941 2409.078031 172.71675 -1039.413588 0.000654 -0.004717 -0.011078 0.000575 -0.008427 -0.00185 4e-06 -0.002435 -0.002192 -0.006081 -0.005035 -0.007688 0.003136 -0.004206 0.009341 0.004094 0.00024 0.001532 -0.003506 0.000462 -0.003276 0.001218 -0.000274 0.003006 0.000109 -0.012744
94.372941 270.102721 362.879417 870.454517 65.089182 437.198284 21.685764 449.402587 11.972851 315.60366 17.496644 374.18044 -52.741758 286.422929 -142.941882 1172.971359 -133.037474 2106.797473 -153.57945 2709.382023 -99.469378 2535.171114 -79.658229 2408.827465 180.461995 -1061.798216 -0.00452 7.6e-05 -0.003676 0.593802 0.018836 -0.000132 0.011317 -0.097975 0.04097 -0.117128 0.025876 -0.066613 -0.000974 -0.000478 -0.00729 0.001927 -0.003709 8e-06 -0.004544 1.3e-05 -0.007926 9e-06 -0.008553 -7e-06 0.084937 -0.119237
92.87093 276.145888 358.325044 890.778953 62.790948 440.93595 19.351372 446.903012 10.737738 308.349282 16.140083 369.139023 -56.099254 294.854958 -153.806229 1197.92267 -137.359069 2110.453189 -154.368022 2708.947842 -99.721947 2511.622375 -81.047435 2386.36704 175.905484 -1059.906936 -0.006024 0.033429 -0.01438 0.117275 -0.020653 0.007954 -0.06645 -0.003485 -0.033611 -0.042173 -0.027366 -0.017096 -0.051798 0.061161 -0.198946 0.131298 -0.034537 0.001584 -0.00101 -1.7e-05 -0.00016 -0.05494 -0.006005 -0.052602 -0.029131 0.000843
91.489828 277.559436 355.169441 887.510458 60.142882 439.542888 17.710161 442.988842 9.347491 305.625138 14.600933 365.655957 -56.415507 298.523336 -157.225084 1206.621063 -138.276418 2116.382303 -153.12772 2716.428864 -98.803331 2508.532222 -80.921276 2381.262044 168.931187 -1062.962903 -0.005173 0.001804 -0.006978 -0.003004 -0.028524 -0.001102 -0.036357 -0.008608 -0.048172 -0.006043 -0.038556 -0.008255 -0.000444 0.011339 -0.018791 0.015733 -0.001527 0.004158 0.002501 0.005158 0.002125 -0.000951 4.9e-05 -0.002733 -0.070535 -0.0022
89.047421 278.210941 355.497971 887.389892 61.965246 425.798669 18.421361 416.143934 10.101998 287.145801 15.515602 348.88897 -58.336517 302.354915 -173.345948 1240.377666 -137.872016 2118.32495 -134.596916 2698.323367 -86.730123 2423.175399 -76.678493 2304.610194 156.0317 -1042.023095 -0.016522 0.000382 7.6e-05 -4e-06 0.013599 -0.109157 0.007 -0.419507 0.01464 -0.288112 0.013893 -0.196748 -0.01608 0.012216 -0.393315 0.232849 0.000296 0.000446 0.597355 -0.03027 0.393236 -0.738723 0.057121 -0.62698 -0.256125 0.104154
88.80292 283.196598 356.056057 891.509809 61.606924 397.905393 18.407191 375.768387 10.152605 260.467102 15.638258 321.796488 -57.960904 316.460035 -178.888769 1315.638726 -111.925623 2106.755888 -95.581115 2653.912169 -59.296643 2326.443366 -57.146523 2219.21608 118.521253 -1030.039297 -0.000168 0.022138 0.000219 0.004771 -0.00052 -0.472414 -3e-06 -1.029941 6.3e-05 -0.650255 0.000241 -0.547427 0.000607 0.160775 -0.043614 1.108259 1.351176 -0.015839 3.33074 -0.184258 2.600058 -0.985138 1.433033 -0.806044 -2.574479 0.034655
88.964084 282.83411 356.730075 876.398484 58.858394 357.418647 17.471771 335.463382 9.360178 227.701598 14.481923 288.777735 -57.081162 330.388529 -186.235539 1388.012715 -91.852156 2023.802598 -70.676141 2543.050072 -38.085471 2165.497507 -39.305131 2078.198639 85.207366 -988.795683 7.3e-05 -0.000116 0.000319 -0.064584 -0.031359 -1.085862 -0.012196 -1.142947 -0.016097 -1.100839 -0.022204 -0.893451 0.003364 0.149977 -0.073921 0.968862 0.991095 -0.833052 1.875939 -1.182595 2.338112 -2.884264 1.664491 -2.31433 -2.742214 0.421335
90.788447 278.656713 368.846143 828.061546 59.861519 299.759286 16.915303 266.448994 9.210809 176.814978 14.29801 234.473898 -57.388607 335.974327 -188.891135 1475.905471 -80.394267 1841.952134 -55.231905 2215.086615 -30.605887 1791.17446 -32.609646 1745.770445 73.396747 -842.455834 0.009258 -0.01554 0.101167 -0.685534 0.004238 -2.53434 -0.004503 -3.969634 -0.000601 -3.213433 -0.000588 -2.825495 -0.000413 0.023412 -0.0094 1.349018 0.381514 -4.279618 0.950807 -11.316203 0.408428 -17.746313 0.312363 -14.476854 -0.440356 5.856555
93.222454 270.259968 372.156999 822.75873 58.337063 278.863658 16.456267 233.516498 9.752926 152.459653 14.668335 206.843475 -54.119285 340.478142 -182.799248 1531.106816 -56.885483 1623.995937 -29.492064 1874.645197 -16.847516 1468.473142 -20.140327 1453.925895 52.237335 -674.607469 0.016099 -0.064226 0.007397 -0.008517 -0.009831 -0.377422 -0.003157 -1.085803 0.00775 -0.901976 0.002367 -0.865805 0.047937 0.014993 0.049925 0.506723 2.027885 -6.859878 4.004631 -14.194309 2.038288 -16.012859 1.494966 -13.337379 -1.794663 9.31399
93.821697 262.698265 380.546646 791.692525 55.40187 271.302334 15.526592 222.969627 8.899343 149.546 13.513613 203.275019 -52.906507 346.674631 -176.280712 1582.712063 -36.467248 1451.881709 -12.946623 1598.588921 -6.526476 1236.370356 -9.694861 1256.742828 30.668043 -525.929749 0.00096 -0.053646 0.046757 -0.298925 -0.03788 -0.051963 -0.013515 -0.121856 -0.019541 -0.014055 -0.023667 -0.015525 0.006872 0.027939 0.059172 0.427656 2.260316 -4.819199 3.358122 -10.988002 2.402115 -9.976777 1.888262 -7.181389 -2.854973 9.241895
92.747818 254.660973 377.291675 764.338348 51.844073 281.601938 13.629464 243.931774 7.547348 164.370496 11.991296 216.703986 -52.894889 346.256809 -172.868907 1607.998472 -27.73947 1348.929175 -7.074111 1467.913708 -3.243458 1107.163696 -5.761425 1133.941401 20.686159 -418.340085 -0.003091 -0.062434 -0.00699 -0.240454 -0.05903 0.09594 -0.061787 0.470799 -0.055664 0.350234 -0.045472 0.214753 1e-06 -0.000126 0.01667 0.100199 0.59596 -1.89281 0.880635 -2.785546 0.568119 -3.564503 0.508883 -3.156032 -0.979446 6.149381
92.218519 253.2087 373.636491 738.436099 47.705965 302.245375 11.201475 268.657559 5.661202 175.656396 10.042298 232.499978 -53.639247 353.274263 -171.997459 1626.665052 -27.495116 1183.409496 -6.268778 1231.288819 -3.620447 886.356813 -5.775541 924.748022 18.336168 -272.851011 -0.000757 -0.002076 -0.008896 -0.223246 -0.086044 0.365065 -0.11899 0.596696 -0.135362 0.187348 -0.086369 0.277814 -0.0026 0.035199 0.001101 0.053861 0.000541 -5.41517 0.024326 -10.391834 -0.010361 -12.266275 -9e-06 -10.656154 -0.070825 15.485494
90.847522 251.822672 370.443163 741.954154 48.98956 338.601349 12.484657 300.449709 7.028465 217.408038 11.379803 273.373522 -54.043848 353.457401 -159.254898 1625.980593 -11.876688 978.631597 -0.186544 914.827907 -0.080462 655.395692 -0.705474 718.714943 8.612955 -117.851304 -0.005134 -0.001902 -0.006852 0.00418 0.00852 1.032089 0.034783 0.888699 0.073874 2.223738 0.041795 1.653953 -0.00076 2.4e-05 0.24518 -7.2e-05 3.230364 -9.719625 4.292544 -23.460491 2.621448 -17.397642 2.44394 -12.965836 -1.815194 32.061283
86.395005 251.981933 358.573987 811.538027 52.055095 425.091627 15.410317 391.76878 9.104929 293.230464 13.445861 348.687709 -57.184649 348.295817 -159.051647 1610.334963 -15.004027 960.818021 -0.928993 897.335752 -0.697735 642.845311 -1.72297 699.771159 14.843628 -67.739829 -0.055935 2.5e-05 -0.096628 1.55918 0.046512 4.913434 0.153848 6.04995 0.134185 5.660642 0.086121 4.57605 -0.044353 -0.018983 6.5e-05 -0.037819 -0.182539 -0.081809 -0.282956 -0.084425 -0.304314 -0.060665 -0.22344 -0.126502 0.842649 6.893319
83.265521 250.479076 345.357342 862.699806 50.314037 515.101059 14.066452 509.82447 8.111609 378.773846 12.763777 431.524257 -57.536716 341.888258 -160.130065 1577.784965 -22.186886 965.969926 -3.946718 935.256556 -2.781986 664.060241 -4.259168 710.997623 20.394413 -39.781443 -0.028865 -0.002248 -0.124085 0.78189 -0.014807 4.318448 -0.03065 7.762594 -0.028679 5.466897 -0.008877 4.409918 -0.00054 -0.029744 -0.001822 -0.166168 -0.700222 0.006888 -1.046103 0.392379 -0.693261 0.172202 -0.564235 0.044669 0.439933 3.698574
82.048743 249.137474 342.113069 877.817393 52.50641 584.387623 15.326291 601.605155 8.868325 447.854412 13.83776 495.719371 -58.264336 340.163663 -160.398691 1568.698778 -23.693311 972.262949 -4.692653 947.215651 -3.490106 668.037747 -5.013925 712.682197 23.485225 -21.938499 -0.004478 -0.001801 -0.007655 0.065655 0.023376 2.18529 0.027012 3.796059 0.01687 2.891557 0.021689 2.224854 -0.002286 -0.00218 -0.000113 -0.013119 -0.024738 0.010216 -0.032263 0.037988 -0.040102 0.005938 -0.030767 0.000997 0.108991 2.635421
82.13299 246.1467 337.485242 913.429912 52.077546 582.984536 14.889546 582.555314 8.760979 429.262541 13.624843 482.482436 -57.376597 338.681036 -154.714205 1565.15246 -22.319601 967.727002 -4.351502 934.562643 -3.276799 662.078242 -4.612045 708.420559 22.753741 -25.12244 2.2e-05 -0.00903 -0.015757 0.354049 -0.000879 -0.000843 -0.003157 -0.153239 -0.000327 -0.197064 -0.000825 -0.089565 0.003408 -0.001619 0.051277 -0.002007 0.020511 -0.005303 0.006437 -0.04254 0.003363 -0.013351 0.008393 -0.00639 -0.005786 -0.107829
81.407516 246.487911 343.375893 903.259666 54.968121 573.700438 16.347447 577.868734 10.010515 430.112654 15.433912 480.397561 -57.389871 338.788597 -150.508671 1572.341402 -22.987395 977.750577 -4.607131 947.443686 -3.753709 667.697171 -5.125395 711.812865 26.024167 -26.01693 -0.001609 0.000118 0.025483 -0.028468 0.039035 -0.03726 0.03404 -0.009464 0.041634 0.00042 0.056367 -0.002257 -1e-06 9e-06 0.028974 0.008236 -0.004922 0.025822 -0.003648 0.044081 -0.016194 0.011871 -0.013541 0.004051 0.10976 -0.007823
84.607883 246.803794 346.907171 914.064847 57.174012 579.647455 17.47785 588.582565 10.95729 433.690746 16.698414 483.483742 -56.020842 339.763903 -148.841767 1577.792186 -22.785881 988.011079 -4.614401 962.117301 -3.71719 677.049363 -5.000508 719.065971 27.438544 -26.98729 0.03085 0.000101 0.009033 0.032122 0.021698 0.015332 0.018894 0.049204 0.021386 0.007411 0.024891 0.004941 0.008263 0.000701 0.004641 0.004716 0.000444 0.026778 -3e-06 0.056379 8.9e-05 0.032521 0.00077 0.018383 0.018712 -0.008883
84.050785 246.823693 343.253084 925.278543 56.028025 612.866813 16.890798 633.89741 10.521491 464.986017 16.150286 510.562252 -56.375132 339.205842 -150.276007 1579.649745 -24.101176 997.973936 -5.338036 982.12079 -4.26185 689.33823 -5.559524 727.462917 28.176027 -22.012209 -0.00092 0.0 -0.009673 0.034183 -0.005801 0.462778 -0.005014 0.840153 -0.004422 0.545074 -0.004573 0.368887 -0.000558 -0.000229 -0.003439 0.000546 -0.018452 0.02499 -0.026342 0.102907 -0.018611 0.055262 -0.014807 0.024372 0.00489 0.253223
82.223117 249.262805 336.147187 941.800062 57.78497 615.456975 18.764985 624.699107 12.202292 462.788466 17.538405 511.324963 -58.196065 337.958386 -152.230743 1576.146791 -24.625824 1008.870991 -5.522484 987.721921 -4.562666 698.886655 -5.905324 738.962841 31.688091 -24.245241 -0.010045 0.005996 -0.037162 0.0731 0.013562 0.002731 0.049291 -0.033613 0.062247 -0.002603 0.02861 0.000285 -0.014471 -0.001149 -0.006316 -0.001944 -0.002825 0.029585 -0.001566 0.007963 -0.005129 0.032838 -0.005216 0.045093 0.10311 -0.05393
83.357246 252.554354 331.606481 990.393679 57.605685 625.681839 18.897415 629.484997 12.709703 463.687885 17.809732 512.399327 -57.846517 337.257031 -150.474889 1603.816422 -25.99623 1032.241817 -6.056337 1022.277295 -5.142438 721.015247 -6.631782 757.73573 34.021107 -28.284462 0.003884 0.010795 -0.015439 0.611148 -0.000139 0.042118 0.000233 0.009131 0.005168 0.000437 0.001041 0.000564 0.000526 -0.000364 0.005092 0.120382 -0.018553 0.133803 -0.012313 0.297055 -0.017333 0.172443 -0.021065 0.117738 0.04143 -0.155526
82.400164 257.733355 324.615294 1015.168979 55.500405 620.311087 17.796353 619.53211 12.002197 456.892047 16.858331 507.011068 -59.365878 341.98751 -153.62429 1598.874672 -26.730375 1051.750461 -6.466103 1040.848787 -5.462529 745.418565 -7.001533 782.759315 33.658842 -35.133138 -0.002763 0.026282 -0.037242 0.153034 -0.019595 -0.011575 -0.016523 -0.039656 -0.01013 -0.025084 -0.013057 -0.01424 -0.009848 0.016472 -0.016309 -0.003813 -0.005111 0.091314 -0.006706 0.083589 -0.004832 0.203065 -0.005015 0.203253 -0.00097 -0.37089
84.18111 257.933002 324.057535 1012.10386 55.616628 562.836314 17.99196 513.285813 12.317703 385.917224 17.08655 443.252455 -59.984344 343.484695 -157.001996 1591.680308 -27.078711 1071.189772 -6.782719 1066.606398 -5.444351 778.24828 -7.224493 815.831279 34.140319 -68.100879 0.00952 3.9e-05 -0.00024 -0.002317 6.1e-05 -1.396825 0.000535 -4.993393 0.002047 -2.99379 0.000767 -2.141378 -0.001602 0.001635 -0.018365 -0.008111 -0.001128 0.089003 -0.003784 0.157412 1.5e-05 0.353724 -0.001747 0.342136 0.00171 -5.405645
89.268154 259.483899 328.490475 1050.351227 55.740182 478.157003 17.338336 394.488829 12.395814 281.110441 16.62732 343.34287 -60.975101 349.837056 -163.829907 1607.524781 -33.990972 1162.30105 -11.367742 1214.724715 -8.062928 898.487048 -10.136658 923.073796 40.453396 -174.462492 0.074614 0.002324 0.015057 0.354671 6.9e-05 -3.449824 -0.006047 -7.806822 0.000123 -8.285345 -0.003128 -6.370819 -0.004058 0.029101 -0.072664 0.039236 -0.392448 1.859135 -0.588662 4.813463 -0.256255 4.31672 -0.245986 3.310104 0.267627 -24.562921
91.023268 284.167029 318.646959 1176.039822 63.682128 395.219841 24.832269 271.786755 20.421717 174.072847 22.714749 236.285622 -58.363379 348.1629 -161.575745 1606.161698 -46.847992 1323.845652 -23.802555 1465.115967 -15.60337 1115.422184 -17.159878 1116.492228 71.726493 -408.212522 0.008543 0.560627 -0.074868 3.550641 0.264374 -3.946836 0.671197 -11.395935 0.996544 -12.764053 0.47381 -9.972513 0.028582 -0.002008 0.007808 -0.000289 -1.02897 5.253966 -2.271585 11.723312 -1.233389 11.718047 -0.918984 9.191951 4.447253 -48.941845
94.421238 299.482834 322.009246 1185.527832 74.786807 318.759485 36.997374 193.423105 30.757759 114.719538 30.403428 173.633721 -54.346264 346.636399 -154.581006 1517.011317 -58.657407 1539.377064 -37.408407 1788.726227 -23.037261 1430.72129 -23.508367 1401.94489 107.033146 -735.17745 0.031134 0.200989 0.008823 0.01906 0.445995 -4.105892 1.208566 -6.647594 1.054582 -6.165022 0.559401 -4.816138 0.07161 -0.001677 0.077386 -1.27265 -0.663008 8.123675 -1.531295 16.13229 -0.721828 19.597796 -0.498569 16.229634 3.521376 -47.746525
89.907576 306.947947 306.434069 1208.065844 110.293103 256.83628 72.375462 128.386179 63.266328 62.790948 59.162421 112.323371 -56.306323 335.243168 -153.458628 1449.354113 -73.220834 1714.742366 -55.678699 2046.503892 -36.188325 1699.746946 -33.869245 1644.131099 195.152144 -1109.150653 -0.055271 0.045949 -0.193035 0.106111 3.437745 -3.340576 5.879801 -6.640419 5.798683 -7.7654 4.74273 -6.649914 -0.017361 -0.095189 0.002045 -0.771667 -0.806592 4.728675 -1.810572 8.672823 -1.478555 11.581163 -0.943203 9.643087 13.133406 -38.313099
88.588148 303.399497 285.301742 1214.813837 115.253133 197.576166 80.275132 76.389821 71.751483 30.17603 67.629937 72.666462 -55.958804 310.311513 -154.52143 1239.461318 -101.279055 1785.25452 -99.177592 2256.076959 -60.257897 2012.245216 -52.527619 1921.984015 263.517454 -1549.586295 -0.004877 -0.010315 -0.377464 0.009397 0.054545 -3.880638 0.204541 -6.711392 0.266887 -5.908801 0.283057 -4.300686 0.000538 -0.481616 -0.001834 -8.204785 -2.270543 0.710353 -6.234902 5.107046 -3.051739 13.1774 -2.038799 10.840896 5.123586 -36.734163
85.60634 300.141597 271.17364 1231.230989 120.4227 188.043691 89.422187 65.71406 81.583253 24.365089 75.57795 64.004432 -56.182321 295.859909 -153.784201 1191.275617 -127.783583 1928.456208 -138.311535 2451.470349 -92.066041 2248.303629 -77.765754 2138.959042 346.981889 -1804.565665 -0.025523 -0.008793 -0.179375 0.055094 0.056704 -0.117839 0.246702 -0.401583 0.31553 -0.310439 0.220727 -0.274771 -0.000223 -0.172293 0.000881 -0.477651 -1.538569 2.761975 -3.246475 4.056787 -3.358089 6.54451 -2.467712 5.8006 5.732333 -9.705684
83.39763 302.932273 255.909684 1249.703472 123.023367 198.053002 95.644235 75.282723 86.892453 28.3399 79.300078 67.633858 -57.892993 287.025015 -151.163624 1136.349427 -150.000084 1953.808891 -170.735303 2489.647281 -121.834536 2319.426807 -101.284094 2203.969548 414.508441 -1835.000389 -0.014433 0.006457 -0.221063 0.068772 0.013892 0.129764 0.104624 0.325061 0.083676 0.150096 0.044733 0.050043 -0.012827 -0.06696 0.01126 -0.648151 -0.889838 0.082782 -1.705582 0.147487 -2.081566 0.553756 -1.551297 0.486607 2.99993 -0.127253
81.5178 307.028675 250.477519 1266.396237 120.558264 192.74085 92.736223 69.149484 85.195207 22.751723 78.409391 60.508656 -59.127354 285.052922 -158.226068 1157.505842 -168.349732 1997.378127 -189.762201 2553.711763 -136.100977 2392.178861 -114.90095 2269.673982 436.657748 -1948.342156 -0.010714 0.013756 -0.029137 0.055374 -0.012474 -0.036106 -0.022447 -0.130281 -0.00837 -0.306525 -0.002515 -0.198247 -0.00651 -0.003399 -0.080618 0.097566 -0.529276 0.240224 -0.502466 0.406914 -0.394841 0.561717 -0.429269 0.482527 0.288237 -1.698133
80.748236 310.132203 247.315514 1269.373702 116.599664 192.379817 88.276615 70.262146 81.482071 22.30268 74.869406 58.552824 -59.979912 284.820405 -162.398232 1169.769703 -172.87839 2037.921329 -193.152088 2623.719187 -140.77035 2451.048499 -118.617244 2318.152442 436.451016 -2005.740438 -0.001825 0.007803 -0.010043 0.001748 -0.03304 -0.000169 -0.054944 0.00444 -0.041365 -0.002238 -0.040884 -0.016065 -0.003051 -4.7e-05 -0.027147 0.032313 -0.030053 0.203677 -0.015005 0.47333 -0.039377 0.357795 -0.029573 0.256137 -2.4e-05 -0.416625
80.417463 316.201527 251.95828 1276.461775 118.981509 205.727447 90.16876 73.808545 81.692902 24.355072 75.054982 60.493032 -58.050924 286.902135 -157.789562 1180.286479 -166.717261 2069.680636 -183.061896 2647.875273 -135.350676 2463.161275 -113.876955 2329.960295 427.349921 -1997.657309 -0.000339 0.029407 0.021587 0.009867 0.012041 0.223821 0.010032 0.043655 0.000136 0.045162 0.000115 0.015812 0.015764 0.00379 0.03317 0.023532 0.055894 0.122781 0.135336 0.055346 0.053194 0.014928 0.04833 0.014998 -0.047946 0.00816
81.367402 316.084685 253.938972 1269.173772 115.885956 207.904463 85.35747 77.770774 76.977958 27.591761 71.463279 66.330346 -57.197135 289.666418 -153.955511 1184.859705 -162.886017 2077.096955 -182.461179 2631.719624 -134.085962 2456.600088 -112.976681 2337.001689 414.255097 -1963.492621 0.002789 -1.1e-05 0.003877 -0.010433 -0.020401 0.005729 -0.065953 0.051794 -0.070068 0.100933 -0.04403 0.134409 0.003163 0.006627 0.023578 0.004421 0.022268 0.006632 0.000494 -0.024718 0.002968 -0.004375 0.001786 0.005312 -0.10188 0.147337
80.812414 323.597283 252.758382 1278.755031 115.728037 238.642393 85.066958 108.032097 76.519489 45.587361 71.128596 91.086685 -57.633601 296.331551 -154.680918 1197.986623 -163.391295 2086.30314 -181.626974 2638.860758 -132.769763 2456.551196 -112.569935 2336.985121 410.877688 -1832.847331 -0.00095 0.044117 -0.001375 0.018015 -5.4e-05 1.059175 -0.000248 2.480862 -0.000685 2.247167 -0.000393 1.958852 -0.000829 0.037906 -0.000852 0.036158 -0.000391 0.010178 0.000956 0.004838 0.003246 -0.0 0.000367 -0.0 -0.006912 2.248646
79.939362 324.679624 255.996269 1288.715403 117.775933 257.342228 86.049533 129.615573 76.197295 60.768392 71.292166 111.313028 -57.659532 295.872161 -156.024478 1195.413754 -168.294131 2082.118571 -189.845222 2633.390178 -139.92702 2454.703973 -118.372117 2336.144971 422.638823 -1743.02583 -0.002371 0.000904 0.010304 0.01932 0.00898 0.35264 0.002821 0.982149 -0.00034 1.089032 9.4e-05 1.013172 -3e-06 -0.000178 -0.002905 -0.001383 -0.036238 -0.0021 -0.090919 -0.002838 -0.093942 -0.000347 -0.072898 -7.6e-05 0.08298 1.12828
78.714753 325.486598 253.282306 1294.52445 117.89136 268.363963 86.313141 137.906522 76.351693 67.602147 71.468217 121.26821 -56.454015 296.498513 -154.279686 1190.805685 -165.773597 2077.238351 -187.668754 2628.495466 -137.065827 2455.0052 -115.550234 2337.658271 418.016716 -1707.834688 -0.004726 0.000501 -0.007231 0.006532 2.8e-05 0.115551 0.000202 0.128506 7.8e-05 0.182025 0.000109 0.213154 0.006368 0.000331 0.004905 -0.004449 0.009509 -0.002863 0.006274 -0.002277 0.014778 9e-06 0.017021 0.000245 -0.012707 0.179441
77.179008 330.327157 248.748556 1301.215262 113.557305 267.436081 82.322703 130.941045 72.882819 63.213952 68.312402 116.564267 -57.798065 299.248782 -154.639852 1192.682056 -165.67377 2077.49073 -186.907128 2619.672359 -137.164656 2438.919952 -115.654758 2328.087394 410.01694 -1716.834553 -0.007565 0.017864 -0.020472 0.008623 -0.040583 -0.000803 -0.04722 -0.090248 -0.040321 -0.073621 -0.035629 -0.046523 -0.007906 0.006348 -0.00021 0.000739 1.5e-05 8e-06 0.000774 -0.007417 -1.8e-05 -0.026434 -2.4e-05 -0.009816 -0.038645 -0.011826
80.492953 333.960762 247.363697 1314.67564 107.260626 255.327423 75.469897 118.409798 68.574936 55.954702 63.692022 108.829214 -55.890917 302.52512 -148.788542 1195.963643 -161.291827 2072.684051 -182.54621 2615.421064 -135.031603 2431.362235 -113.341451 2320.154557 396.062077 -1749.628252 0.03483 0.009938 -0.001933 0.034631 -0.089794 -0.140254 -0.148876 -0.315081 -0.06561 -0.221307 -0.080885 -0.132765 0.015997 0.008919 0.056424 0.002254 0.029364 -0.002784 0.025738 -0.001726 0.008358 -0.005864 0.011685 -0.006769 -0.120803 -0.155122
80.392556 333.818685 248.472252 1320.922455 107.961421 256.363801 75.939655 119.280608 68.805931 55.874008 63.980615 108.692181 -55.89622 302.930976 -148.927077 1197.275499 -161.036144 2074.804054 -182.165092 2618.128155 -134.565454 2434.772271 -112.979152 2322.881837 395.817755 -1752.972949 -3.1e-05 -1.5e-05 0.001239 0.007403 0.001141 0.00105 0.000729 0.001595 0.000194 -2.9e-05 0.000326 -4.3e-05 -0.0 0.000136 -3.2e-05 0.00036 0.000101 0.000542 0.000199 0.0007 0.000403 0.001195 0.00029 0.000801 -3.8e-05 -0.001597
79.659718 334.017406 245.749986 1319.455302 110.992541 260.439735 79.341484 125.494721 71.505913 58.616877 66.604587 111.357996 -55.55397 303.034674 -148.101401 1196.709947 -160.28412 2075.633703 -181.582475 2620.63068 -133.640674 2439.832259 -112.113553 2328.277498 400.657184 -1742.101735 -0.001678 3e-05 -0.007497 -0.000408 0.020982 0.016073 0.037267 0.078892 0.02598 0.03286 0.026366 0.016148 0.000526 9e-06 0.001148 -6.7e-05 0.00088 8.3e-05 0.000467 0.000598 0.001594 0.002626 0.001664 0.00313 0.014702 0.016907
79.39979 331.442062 246.514348 1316.554369 112.052785 267.865433 80.254413 135.243144 72.03804 64.212867 67.244329 118.2689 -55.786427 301.582028 -149.231937 1194.18294 -159.71557 2070.858197 -180.046748 2621.153697 -129.885589 2439.853457 -109.360757 2325.770251 395.383736 -1712.435133 -0.000212 -0.004983 0.000593 -0.001596 0.00252 0.052189 0.002611 0.1823 0.000986 0.12754 0.001529 0.10402 -0.000243 -0.001745 -0.002149 -0.001335 0.000505 -0.00275 0.003261 2.6e-05 0.026755 0.0 0.017108 -0.000675 -0.017467 0.127387
79.723676 334.543438 248.008332 1332.286184 109.902718 265.288956 77.702587 130.165407 69.469249 62.10538 65.177982 116.09953 -55.725809 302.31491 -149.206599 1191.339495 -159.679942 2066.421175 -179.973335 2615.880456 -129.662807 2436.697452 -109.191965 2322.72226 388.948576 -1720.774501 0.00033 0.007221 0.002257 0.046717 -0.010414 -0.006225 -0.020614 -0.048578 -0.023318 -0.017582 -0.016123 -0.01004 1.6e-05 0.000445 1e-06 -0.001695 2e-06 -0.002379 7e-06 -0.002655 9.6e-05 -0.001021 6.5e-05 -0.000999 -0.0264 -0.010128
79.367289 333.685075 245.446591 1334.207604 106.423471 266.49166 74.389506 133.422025 66.031627 64.914188 62.133332 119.656778 -56.177362 303.355012 -155.116669 1191.236735 -161.230971 2061.508114 -180.769277 2612.678204 -129.485316 2437.264899 -109.338007 2322.948197 380.450726 -1706.658949 -0.000399 -0.000551 -0.00665 0.000692 -0.027981 0.00136 -0.036089 0.020118 -0.043613 0.03106 -0.036412 0.026839 -0.000911 0.000893 -0.057393 -2e-06 -0.003748 -0.002924 -0.000878 -0.000981 6.1e-05 3.3e-05 -4.9e-05 5e-06 -0.04693 0.029067
79.444622 331.662815 244.870955 1334.773401 106.746904 292.206914 74.717855 157.661258 66.229582 81.871912 62.260721 140.238481 -56.111933 303.881525 -154.352545 1193.703065 -160.95386 2066.840357 -180.288844 2618.750815 -129.341296 2439.619696 -108.968294 2324.876365 380.678629 -1627.654196 1.9e-05 -0.003073 -0.000338 6e-05 0.000245 0.592113 0.000362 1.010986 0.000148 0.982826 6.5e-05 0.816238 1.9e-05 0.000228 0.000943 0.001275 0.000119 0.003444 0.00032 0.003525 4e-05 0.000569 0.000313 0.0004 3.4e-05 0.936119
79.437929 330.798672 245.712238 1334.592664 107.286925 293.22679 75.147959 157.279722 66.475936 82.430899 62.431091 141.752646 -56.217621 304.079286 -154.942562 1192.82677 -160.744539 2062.725172 -180.169296 2613.44556 -128.930153 2434.374504 -108.693206 2320.834468 380.562809 -1620.88648 -0.0 -0.000564 0.000721 -6e-06 0.000681 0.000888 0.000617 -0.000231 0.000229 0.000951 0.000116 0.004065 -5e-05 3.2e-05 -0.000563 -0.000161 6.8e-05 -0.00205 2e-05 -0.00269 0.000327 -0.002822 0.000174 -0.001758 -9e-06 0.00705
80.296602 324.925458 253.992165 1318.9774 102.325235 274.546344 68.155734 141.091137 59.189106 74.061753 56.324483 132.717399 -55.639567 306.559863 -156.880134 1198.10556 -157.915147 2047.414437 -175.925248 2594.635798 -125.113477 2407.167011 -105.60595 2296.5074 356.411328 -1636.766786 0.002308 -0.026303 0.068602 -0.045945 -0.058732 -0.307388 -0.170688 -0.439492 -0.211445 -0.223949 -0.15711 -0.148755 0.001494 0.005038 -0.00602 0.005827 0.012561 -0.028517 0.025292 -0.033967 0.028672 -0.076448 0.022239 -0.064086 -0.395842 -0.038707
80.288057 321.257181 253.110829 1315.965852 102.783497 271.548272 69.371911 137.37587 60.495999 71.876269 57.206196 129.507258 -55.426451 306.258334 -155.518318 1199.023831 -157.539065 2047.331909 -175.678437 2594.266013 -125.002096 2406.110842 -105.499213 2294.916108 359.419073 -1646.260543 -0.0 -0.010412 -0.000766 -0.001721 0.000512 -0.00823 0.005378 -0.024785 0.007135 -0.016365 0.003424 -0.01965 0.000204 -7.4e-05 0.002968 0.000176 0.000224 -1e-06 8.7e-05 -1.3e-05 2.5e-05 -0.000116 2.7e-05 -0.000276 0.006319 -0.013727
80.045448 316.119921 244.228177 1307.265294 99.044139 271.068724 66.258884 139.034985 57.991584 71.405648 54.417911 127.831089 -54.849797 306.624727 -150.9492 1203.949794 -156.232939 2045.571848 -174.976257 2593.492068 -124.87671 2400.998341 -105.249394 2290.201591 353.065805 -1644.286022 -0.000184 -0.020703 -0.07933 -0.014429 -0.034643 -0.000212 -0.03573 0.004979 -0.02647 -0.000773 -0.03483 -0.005459 0.001508 0.00011 0.034062 0.005049 0.002718 -0.000378 0.000703 -5.8e-05 3.1e-05 -0.002719 0.000148 -0.002424 -0.028327 0.000592
78.142871 314.54682 235.698142 1305.085377 90.183703 255.123312 57.133547 123.351132 51.623799 62.198773 47.845793 114.650537 -53.416888 304.182661 -139.556682 1204.512503 -152.185519 2046.099854 -173.591979 2586.708189 -126.064061 2396.105428 -105.574591 2284.093597 339.031044 -1686.203644 -0.011442 -0.001962 -0.075811 -0.00091 -0.207555 -0.241656 -0.337889 -0.469162 -0.185115 -0.317607 -0.211402 -0.358492 0.009483 -0.004882 0.223471 6.6e-05 0.026559 3.4e-05 0.002749 -0.004442 -0.002809 -0.002495 -0.000251 -0.004078 -0.142317 -0.263799
77.715828 312.114728 227.950851 1299.471701 74.040749 237.906065 43.476857 107.497926 40.61194 53.438279 37.49274 103.140515 -52.463315 304.337522 -135.900995 1202.813815 -150.689342 2043.967623 -174.114608 2582.313662 -126.981767 2401.519993 -105.878945 2288.122633 311.217883 -1738.486092 -0.000585 -0.00472 -0.064731 -0.00605 -0.795337 -0.300716 -0.931177 -0.544991 -0.659702 -0.332319 -0.630331 -0.304359 0.004294 2e-05 0.024259 -0.000599 0.003696 -0.000556 -0.000393 -0.001868 -0.001664 0.003055 -0.000219 0.001775 -0.5951 -0.399104
76.260055 310.199071 219.688688 1276.674737 62.079407 222.161238 34.008871 97.816384 32.121454 47.194997 29.733221 93.621583 -53.188078 302.21491 -137.717248 1190.641966 -153.926152 2034.794529 -179.266845 2581.304835 -129.305438 2424.998101 -107.630526 2306.848639 290.321867 -1795.590474 -0.006882 -0.002948 -0.076255 -0.10087 -0.52656 -0.269496 -0.580622 -0.228392 -0.497266 -0.193853 -0.449321 -0.230388 -0.002486 -0.003714 -0.006028 -0.03095 -0.017197 -0.010315 -0.037561 -9.9e-05 -0.010534 0.057104 -0.007185 0.038157 -0.363048 -0.461383
78.630693 308.678436 214.394803 1253.427789 58.898733 211.988974 31.768669 87.286271 31.75577 43.867878 29.382402 89.162481 -50.931204 300.236658 -137.161305 1172.986771 -152.975301 2014.614319 -180.666874 2556.849201 -128.847733 2419.588343 -106.646425 2300.718615 288.535655 -1811.86676 0.018143 -0.001868 -0.032282 -0.1068 -0.041819 -0.119186 -0.038159 -0.299761 -0.001047 -0.060801 -0.001041 -0.054399 0.024463 -0.003248 0.000562 -0.065939 0.001473 -0.050284 -0.002723 -0.0582 0.000406 -0.00302 0.00226 -0.004078 -0.002756 -0.036718
78.594651 313.541672 198.047885 1272.85509 49.208912 211.362125 23.709735 87.272711 24.510987 42.803284 23.082399 87.511307 -52.485638 304.056784 -142.7818 1198.938593 -153.653768 2042.35231 -180.046988 2583.529151 -127.692909 2444.441884 -106.059705 2323.146422 264.094541 -1840.313517 -4e-06 0.019006 -0.324077 0.0747 -0.435131 -0.000464 -0.588451 -1e-06 -0.46836 -0.006539 -0.379627 -0.007716 -0.011683 0.012075 -0.056428 0.141977 -0.000751 0.094825 0.000533 0.069239 0.002599 0.063497 0.000809 0.054393 -0.540742 -0.110787
76.771217 314.856261 190.83621 1269.384957 44.883253 202.775129 20.253878 82.249602 20.649198 39.042125 19.481748 82.815841 -54.281954 303.701693 -144.509222 1196.584584 -154.944343 2042.592728 -182.655105 2585.912337 -129.288359 2451.831438 -107.009283 2330.018412 253.275856 -1872.085359 -0.010701 0.001375 -0.066874 -0.002368 -0.099483 -0.089034 -0.136038 -0.074436 -0.16542 -0.086467 -0.152569 -0.064733 -0.015112 -0.000104 -0.005193 -0.001157 -0.002699 7e-06 -0.009377 0.000549 -0.004953 0.005576 -0.002116 0.005074 -0.113127 -0.135959
76.26245 310.635935 185.00031 1262.900292 41.67362 201.617034 17.887039 82.294637 17.89435 38.400292 16.875369 81.735521 -54.249155 300.070195 -145.490364 1190.728966 -154.894266 2040.712594 -182.358781 2585.675015 -128.475208 2447.59479 -106.761376 2324.954825 242.264926 -1872.844679 -0.000846 -0.014238 -0.045312 -0.008303 -0.059529 -0.001658 -0.073508 6e-06 -0.098576 -0.00266 -0.093544 -0.003546 5e-06 -0.010921 -0.00166 -0.007181 4e-06 -0.000433 0.00012 -5e-06 0.001283 -0.001832 0.000144 -0.002754 -0.122347 -7.7e-05
73.747058 307.684337 181.41537 1266.715379 38.480114 200.961276 15.775883 81.778232 15.7747 38.183545 14.880485 81.631309 -54.892536 298.38942 -147.04888 1186.122451 -155.658091 2061.200421 -182.541379 2614.058215 -128.729156 2482.738443 -107.285937 2356.416939 234.62963 -1905.130609 -0.021091 -0.007045 -0.017538 0.002877 -0.063644 -0.000534 -0.066265 -0.000813 -0.066788 -0.000307 -0.062721 -3.3e-05 -0.001896 -0.00236 -0.004152 -0.004464 -0.000939 0.051166 -4.6e-05 0.077467 -0.000125 0.125254 -0.000643 0.105725 -0.061126 -0.137958
71.952771 306.878507 176.296145 1275.992682 36.7191 216.434873 14.293773 96.162394 14.267375 44.88513 13.634393 89.974108 -57.145351 295.338756 -151.174323 1191.711896 -159.395739 2084.183663 -185.749516 2654.70429 -130.26437 2518.100003 -108.494444 2383.884867 230.753102 -1890.60058 -0.011049 -0.000528 -0.036633 0.016925 -0.020623 0.286915 -0.036548 0.582338 -0.037838 0.270767 -0.02724 0.202917 -0.022652 -0.007837 -0.028536 0.006569 -0.022172 0.063713 -0.013973 0.156785 -0.00455 0.125025 -0.003384 0.079583 -0.016146 0.027811
72.317464 308.205122 172.319984 1265.593415 35.410632 207.319944 13.54514 89.128856 13.678755 42.149809 13.048394 86.185354 -56.450029 295.670681 -151.104563 1198.96274 -160.016042 2079.882565 -187.156238 2644.894425 -130.747209 2513.151582 -108.710855 2380.916661 229.006318 -1904.367112 0.000461 0.001431 -0.022676 -0.021275 -0.011869 -0.098042 -0.010068 -0.133542 -0.0062 -0.042993 -0.006436 -0.040748 0.002128 9.3e-05 8e-06 0.010996 -0.000602 -0.002221 -0.002653 -0.009079 -0.000447 -0.002433 -0.000108 -0.000925 -0.003318 -0.02497
72.816886 306.824057 172.801517 1261.757894 35.900937 204.305656 13.987516 87.370183 14.04701 40.298321 13.381724 83.669223 -55.959339 294.471734 -150.939021 1195.787719 -159.457 2069.259405 -186.169821 2632.626321 -129.128124 2502.723929 -107.704062 2370.60366 228.3541 -1907.866925 0.000859 -0.001551 0.000336 -0.00291 0.001686 -0.011037 0.003554 -0.008762 0.002446 -0.020791 0.002102 -0.018637 0.001071 -0.001218 4.5e-05 -0.002105 0.000489 -0.013599 0.001303 -0.014259 0.005044 -0.010839 0.002342 -0.011192 -0.000465 -0.001606
73.196099 311.114633 167.763411 1255.807569 35.324708 200.122642 13.986402 84.404492 14.354637 38.818912 13.516725 81.762413 -56.08912 298.996322 -153.150881 1188.06981 -159.736512 2048.516719 -186.375472 2603.315558 -128.58069 2473.982668 -106.992451 2346.161958 228.859227 -1893.003823 0.000492 0.014896 -0.037267 -0.007032 -0.002331 -0.021633 -0.0 -0.025603 0.001666 -0.013833 0.000339 -0.01099 -7.5e-05 0.017248 -0.008044 -0.012494 -0.000122 -0.052244 -5.7e-05 -0.082041 0.000581 -0.082993 0.001179 -0.063327 0.000279 0.029061
74.412436 313.939589 167.858846 1263.842744 35.996999 192.60959 14.670024 77.357697 15.469103 35.57915 14.36462 76.758291 -55.395704 300.966405 -149.154619 1192.730739 -157.050694 2056.851075 -184.228913 2612.674548 -127.845713 2483.932794 -106.166172 2354.918115 232.256561 -1924.94919 0.005012 0.006384 1.4e-05 0.012812 0.003169 -0.07187 0.008155 -0.153562 0.02083 -0.070573 0.012896 -0.079004 0.002156 0.003235 0.026415 0.004562 0.011386 0.00846 0.006217 0.008396 0.001053 0.009985 0.001601 0.008155 0.012515 -0.133648
73.280877 313.963562 162.491521 1251.268161 34.28277 180.332584 13.889292 69.218272 14.898057 31.730667 13.747135 70.367281 -57.308938 300.028122 -151.950459 1200.029174 -159.41222 2062.166063 -186.172179 2617.502367 -130.290631 2485.421604 -108.593802 2356.556402 233.304003 -1955.497269 -0.004335 0.0 -0.043605 -0.031434 -0.020909 -0.20213 -0.010674 -0.226167 -0.00537 -0.11011 -0.006782 -0.138876 -0.01624 -0.000732 -0.01298 0.011131 -0.008811 0.003429 -0.005098 0.002228 -0.011579 0.000223 -0.013721 0.000285 0.001178 -0.120244
73.743782 317.017694 155.942889 1225.084762 33.281183 161.271049 13.78026 56.63565 15.053152 24.250392 13.844856 58.686878 -57.281597 303.80116 -153.004938 1208.796952 -157.998749 2079.175864 -184.499306 2640.068655 -129.219849 2501.983887 -107.362197 2371.126064 232.481074 -2033.592056 0.000729 0.007391 -0.067344 -0.138427 -0.007424 -0.532233 -0.000215 -0.630572 0.000402 -0.502014 0.000173 -0.52967 3e-06 0.011788 -0.001823 0.015957 0.003147 0.034932 0.003775 0.048429 0.002209 0.0275 0.003512 0.02245 -0.000727 -0.764508
73.683294 316.438617 156.527434 1183.662431 33.01735 153.171646 13.346774 51.915103 14.881129 21.019951 13.716698 54.281625 -57.27862 304.251068 -153.011942 1207.065941 -157.331005 2077.9704 -184.011998 2638.625152 -127.739791 2501.864632 -106.153889 2370.891555 229.819827 -2064.238435 -1.2e-05 -0.000265 0.000547 -0.356189 -0.000525 -0.104329 -0.003464 -0.10269 -0.000494 -0.115407 -0.000298 -0.085925 0.0 0.000166 -0.0 -0.00062 0.000707 -0.000175 0.000322 -0.000197 0.004263 -1e-06 0.003419 -6e-06 -0.00766 -0.114599
75.850549 316.340124 151.533856 1182.137845 28.81146 149.223818 10.107189 50.097569 12.418194 20.101386 11.572351 52.350285 -56.230806 304.394975 -150.622693 1202.104565 -156.842957 2075.986059 -184.319454 2637.497019 -127.286145 2502.869744 -105.214542 2371.653459 219.219471 -2074.368185 0.015706 -8e-06 -0.040475 -0.000491 -0.143218 -0.025771 -0.224812 -0.016193 -0.11133 -0.010261 -0.091077 -0.017492 0.004836 1.7e-05 0.0094 -0.005109 0.000379 -0.000474 -0.000128 -0.000121 0.000403 0.000101 0.002087 6.1e-05 -0.125137 -0.012397
79.893218 316.474191 144.656504 1182.553386 22.911242 153.471919 6.56069 52.887389 9.294318 21.866112 8.833568 54.9451 -53.471138 298.842259 -145.825586 1180.864625 -154.556107 2067.738745 -184.127476 2630.015366 -125.407332 2518.272886 -102.374984 2381.595672 202.982705 -2070.821037 0.052477 1.4e-05 -0.079855 3.7e-05 -0.337633 0.029811 -0.381672 0.037794 -0.225898 0.03712 -0.184628 0.031381 0.034717 -0.025557 0.038816 -0.09466 0.008397 -0.008207 5e-05 -0.005313 0.006985 0.023626 0.019422 0.010398 -0.312327 0.001518
80.193446 320.792304 126.205375 1199.244062 16.653238 162.980017 3.45144 58.117406 5.93067 24.625099 5.641959 59.989999 -53.474145 295.910148 -145.640807 1181.811203 -154.311301 2087.456416 -184.543999 2655.421277 -125.702601 2537.724512 -102.369857 2403.386401 186.240988 -2062.38274 0.000282 0.01463 -0.629177 0.058481 -0.498056 0.142872 -0.495024 0.123275 -0.376212 0.081937 -0.356231 0.110772 -0.0 -0.007228 5.9e-05 0.00019 9.7e-05 0.046783 -0.000235 0.061061 -0.000174 0.037418 0.0 0.049618 -0.360223 0.008614
86.554415 319.179067 136.616449 1208.17979 14.277283 163.575192 1.684692 60.672388 2.98843 25.638922 2.999589 60.125456 -48.962279 295.478286 -137.875795 1177.164521 -145.972673 2078.656107 -175.319003 2637.999827 -118.349551 2526.927291 -95.891378 2394.681389 158.950708 -2043.497687 0.121371 -0.002033 0.206286 0.016584 -0.091391 0.000542 -0.31343 0.02748 -0.499268 0.010225 -0.413898 7.6e-05 0.099412 -0.000158 0.106355 -0.004576 0.115801 -0.009295 0.11826 -0.028668 0.110795 -0.011509 0.105875 -0.007897 -1.080453 0.043431
85.328287 309.979285 135.134616 1227.751899 13.045853 198.836566 1.221483 91.148076 2.115196 43.877274 2.229159 83.203963 -49.943386 286.660287 -139.169888 1170.537359 -148.038591 2074.445555 -178.073916 2636.243499 -120.966792 2521.386091 -98.061535 2388.659691 155.073764 -1900.03694 -0.004373 -0.067265 -0.00404 0.07863 -0.027764 1.719482 -0.037152 3.090219 -0.07526 2.43517 -0.057071 1.87022 -0.004866 -0.06679 -0.003022 -0.009354 -0.007258 -0.002134 -0.010738 -0.000292 -0.014312 -0.003041 -0.012141 -0.00379 -0.023933 2.610323
82.555088 300.510358 130.961234 1261.825646 12.05847 224.294927 0.992858 111.617006 1.675174 57.30878 1.740162 99.485994 -51.595667 275.533859 -139.216863 1168.351986 -151.265064 2070.151539 -182.060284 2634.411425 -126.362044 2518.309228 -102.747666 2381.953904 157.135561 -1815.825325 -0.022906 -0.073438 -0.032729 0.233187 -0.019425 0.766565 -0.011834 1.035805 -0.025628 0.895415 -0.030236 0.727005 -0.013444 -0.110113 -4e-06 -0.001021 -0.017391 -0.002224 -0.022063 -0.000318 -0.058853 -0.000939 -0.054686 -0.004713 0.006808 0.954355
75.871315 295.696612 118.927032 1263.781083 9.376999 245.025577 0.348835 129.943438 0.84219 67.727639 0.850272 111.146349 -56.021913 272.772498 -145.286685 1167.74697 -160.328721 2072.410122 -191.016577 2640.076618 -135.390829 2520.738607 -111.024821 2385.236409 157.589493 -1762.091818 -0.141052 -0.019433 -0.289942 0.000757 -0.168381 0.458077 -0.164674 0.696188 -0.14181 0.43484 -0.157649 0.322999 -0.091063 -0.006953 -0.064757 -7.8e-05 -0.13185 0.000616 -0.10752 0.003042 -0.155764 0.000586 -0.160304 0.00113 0.000327 0.40351
72.691005 294.511983 112.539519 1261.331625 7.564223 250.81157 0.080513 134.777599 0.398182 74.109747 0.368198 119.033658 -57.289312 268.922382 -141.687579 1167.286794 -163.556592 2066.820575 -196.050615 2637.981765 -140.722548 2519.712411 -115.739322 2384.771978 156.09179 -1729.564674 -0.034045 -0.001189 -0.088151 -0.001188 -0.097266 0.03376 -0.094172 0.044143 -0.082193 0.143657 -0.099419 0.135172 -0.007088 -0.013683 0.02257 -4.5e-05 -0.016085 -0.003774 -0.032737 -0.000416 -0.051482 -0.000104 -0.049013 -2.3e-05 -0.003575 0.151509
72.154038 293.424831 112.15439 1259.546887 7.540799 256.625886 0.075732 142.45344 0.327016 77.022625 0.323325 122.559178 -57.14026 268.318658 -143.014436 1160.52062 -164.066343 2064.474044 -196.593296 2635.243773 -141.171258 2520.293482 -116.13659 2383.329051 155.087273 -1716.135946 -0.000995 -0.001005 -0.00033 -0.000632 -1.8e-05 0.033312 -7.3e-05 0.106283 -0.0035 0.028074 -0.001457 0.025725 9.7e-05 -0.000339 -0.003092 -0.009834 -0.000397 -0.000666 -0.000375 -0.000711 -0.000357 3.3e-05 -0.00034 -0.000218 -0.001621 0.026168
71.012923 293.271751 112.018338 1257.81721 7.252556 257.321814 0.036464 141.719685 0.244912 75.796286 0.242675 122.023527 -57.086386 270.191087 -145.146982 1162.077024 -164.753723 2064.971439 -196.92455 2635.838782 -141.87956 2518.551814 -116.929816 2382.509851 153.913951 -1720.513165 -0.004548 -2e-05 -4.1e-05 -0.000594 -0.002808 0.000471 -0.007096 -0.000947 -0.005924 -0.004921 -0.005775 -0.000587 1.3e-05 0.003255 -0.007891 0.000521 -0.000718 3e-05 -0.000139 3.4e-05 -0.000886 -0.000301 -0.00135 -7e-05 -0.002228 -0.002788
72.064956 297.746211 111.096178 1272.946426 6.897733 259.835718 0.0134 142.002909 0.191128 76.582174 0.196486 123.709695 -57.300952 276.120334 -145.651237 1166.278166 -164.984777 2077.538001 -197.665655 2656.428662 -142.669434 2534.418339 -117.755363 2393.712241 153.304347 -1729.884707 0.003868 0.016938 -0.001906 0.045223 -0.004449 0.00611 -0.005655 0.000141 -0.00333 0.002027 -0.002436 0.005785 -0.000201 0.032177 -0.000437 0.00379 -8.1e-05 0.019061 -0.000696 0.040053 -0.001096 0.024911 -0.001452 0.013137 -0.000605 -0.012727
72.264049 296.171457 112.073481 1274.596668 7.160424 263.680467 0.015756 144.511981 0.206839 77.09784 0.206579 124.430342 -57.819275 274.368701 -151.458292 1162.932806 -166.326529 2078.907349 -197.811326 2657.054016 -142.525728 2535.453528 -117.591521 2394.080132 153.591638 -1728.293511 0.000137 -0.002088 0.00214 0.000534 0.002455 0.014118 9.5e-05 0.010986 0.00031 0.000865 0.000126 0.001046 -0.001167 -0.002787 -0.056755 -0.002402 -0.002717 0.000226 -2.7e-05 3.7e-05 3.6e-05 0.000106 5.7e-05 1.4e-05 0.000134 0.000366
72.533148 297.149262 121.894544 1338.091554 8.719639 262.125119 0.172743 142.336865 0.416886 74.506044 0.436579 122.420382 -59.467507 272.31105 -152.816695 1162.892458 -166.791845 2074.160515 -197.959736 2655.011097 -142.152178 2536.104699 -117.31963 2394.320889 157.965335 -1741.23136 0.00025 0.000806 0.206216 0.771657 0.076733 -0.0023 0.084159 -0.008247 0.036432 -0.022156 0.042532 -0.008183 -0.011582 -0.003872 -0.003032 -0.0 -0.000325 -0.002713 -2.8e-05 -0.000393 0.000245 4.2e-05 0.000157 6e-06 0.030701 -0.024123
72.194345 301.693363 123.056293 1350.987428 10.581938 264.496726 0.607496 146.871164 1.276637 78.703674 1.256246 126.376081 -61.898685 276.07641 -158.701619 1175.178107 -173.464153 2078.112776 -204.498713 2667.198974 -145.270377 2549.754976 -120.825298 2409.14722 173.783571 -1732.523194 -0.000397 0.017241 0.002755 0.030922 0.090051 0.00534 0.132348 0.035547 0.234465 0.057514 0.211676 0.031448 -0.024353 0.012927 -0.055591 0.032278 -0.065427 0.001881 -0.053125 0.013955 -0.016915 0.018318 -0.025804 0.022881 0.377332 0.010915
72.838962 300.790695 156.640207 1381.208726 18.040433 304.75276 2.526343 182.690471 2.733781 95.789204 2.943817 150.822976 -61.260651 277.703244 -154.833739 1180.397264 -175.553952 2074.606543 -211.113541 2654.70429 -154.429865 2539.974433 -126.937845 2404.500865 198.25756 -1649.250324 0.001433 -0.000676 2.023576 0.167147 0.988859 1.425192 0.656144 1.952343 0.274085 0.838482 0.353944 1.080121 0.001653 0.00239 0.023859 0.005782 -0.006257 -0.00148 -0.052644 -0.014667 -0.14 -0.009397 -0.075413 -0.002242 0.805859 1.025412
77.598801 303.411852 195.52427 1420.394704 30.484594 353.378459 7.833191 225.810595 7.285564 122.700693 7.778336 183.114561 -57.730068 280.902814 -147.401884 1187.796169 -170.308227 2077.566799 -202.565453 2657.843225 -149.787436 2533.095213 -122.927591 2399.262634 223.142237 -1540.784628 0.075319 0.005686 2.153265 0.27406 1.622776 1.798801 1.462495 2.282189 1.093621 1.663683 1.151783 1.564957 0.05239 0.009163 0.091387 0.011558 0.039783 0.001055 0.088326 0.000927 0.035424 -0.004664 0.032184 -0.002856 0.735392 1.844527
77.646693 321.832629 223.691131 1453.451384 57.614733 508.852706 24.984279 391.138273 21.578534 237.421674 22.371078 307.745608 -60.643838 303.019993 -148.270606 1204.558014 -174.704587 2091.707951 -206.194071 2667.585312 -156.780932 2525.071611 -128.956008 2398.434862 294.688357 -1213.936887 7e-06 0.271413 0.947329 0.190125 4.281388 14.133092 4.838433 22.564595 3.787273 18.761538 3.766862 16.085688 -0.035867 0.419015 -0.001276 0.058721 -0.028012 0.023982 -0.016106 0.008911 -0.079779 -0.006364 -0.07215 -7.1e-05 4.966405 19.458972
81.899043 353.324063 244.651256 1504.66302 79.056741 674.054361 44.020751 577.975915 37.164407 370.504369 38.095146 444.845146 -57.02268 331.193016 -141.196187 1219.230705 -168.751968 2084.796369 -199.784074 2654.04697 -150.671855 2504.169144 -123.063103 2381.752604 337.497616 -948.220183 0.056679 0.73483 0.469258 0.443328 1.692468 11.592616 2.677759 18.180959 2.105377 14.745573 2.080285 12.593079 0.055733 0.62606 0.08646 0.044412 0.051588 -0.005719 0.050607 -0.017221 0.0607 -0.043437 0.068906 -0.02911 1.451106 16.389648
79.893431 364.769869 240.503119 1527.686207 115.241615 884.21518 80.043955 817.860866 71.309781 559.606134 68.958691 632.101837 -60.036751 342.312313 -139.786818 1246.581028 -165.366496 2108.84753 -195.29039 2655.319151 -145.855602 2478.504096 -119.137078 2361.336087 421.135294 -682.702754 -0.012431 0.091224 -0.017734 0.087403 3.399152 14.237031 5.344952 20.767499 5.514279 19.426106 4.545469 16.404793 -0.03881 0.091794 0.003535 0.151687 0.017152 0.068969 0.025557 0.000152 0.039116 -0.066099 0.031822 -0.043941 4.624534 21.75852
81.562473 365.051674 234.137962 1528.497977 176.327486 1228.335287 153.738303 1274.973028 135.578568 930.14097 126.381676 975.04764 -60.485846 343.831871 -138.146852 1251.066711 -163.428935 2105.969004 -192.680944 2666.137843 -143.268021 2485.500202 -116.656567 2362.024902 557.587136 -374.677135 0.008627 5.4e-05 -0.042682 0.000108 6.470772 28.215842 11.919041 50.530738 10.235579 46.815931 8.630807 37.016483 -0.000837 0.001683 0.004838 0.004028 0.005709 -0.000983 0.008776 0.010997 0.011579 0.00493 0.013048 5e-05 9.55862 45.860019
83.060491 353.479925 194.116446 1299.359008 253.489902 1529.219408 287.447777 1752.767695 255.813389 1488.144982 220.73488 1484.36176 -60.378533 342.059105 -131.014035 1234.790716 -153.392329 2111.839639 -182.607903 2658.227195 -133.238848 2454.476737 -107.498421 2328.845985 758.29081 -120.257404 0.006816 -0.093186 -1.87416 -9.298761 6.982966 16.464284 20.749481 37.937027 18.925513 65.258441 13.069589 53.314281 4.8e-05 -0.002291 0.094527 -0.053284 0.159015 0.004086 0.135208 -0.005877 0.181944 -0.097416 0.187162 -0.11734 15.396188 70.398559
82.659318 335.19335 181.264953 1162.483232 284.402194 1717.16662 337.864432 2010.320444 313.982626 1816.96808 270.804121 1793.203334 -59.119058 337.482778 -131.885201 1208.646091 -148.15327 2078.638851 -175.331394 2614.526326 -123.376852 2412.114085 -100.840324 2287.205653 830.999862 -42.085964 -0.000486 -0.242828 -0.220055 -3.808018 0.888989 5.445102 2.03577 8.82404 2.976962 16.397853 2.556731 14.583355 0.006637 -0.01541 -0.001443 -0.139877 0.045515 -0.131526 0.073969 -0.181101 0.189573 -0.184382 0.106417 -0.187818 1.664068 20.059866
81.25636 319.632011 189.764665 1119.114547 305.53699 1937.440844 367.514425 2317.17251 333.32429 2182.68443 286.754147 2137.014806 -58.351723 333.746432 -128.010073 1186.257016 -146.499064 2090.200319 -174.999044 2629.879954 -121.960689 2440.132572 -99.535731 2318.399538 858.534084 -7.174307 -0.006004 -0.184927 0.09737 -0.412214 0.378703 6.644336 0.623431 10.892778 0.289031 16.755103 0.228187 15.067019 0.002506 -0.010399 0.028891 -0.104656 0.004643 0.016032 0.000158 0.022475 0.004087 0.080895 0.004247 0.10564 0.224377 14.507566
81.18932 332.055393 198.395977 1198.939005 340.769383 2300.32938 424.359633 2757.03728 387.930898 2678.126023 331.634485 2613.402139 -57.360931 337.884646 -127.731775 1180.478052 -147.121746 2114.050411 -177.022297 2654.506671 -123.064359 2474.949398 -101.469115 2360.050404 947.9871 4.007005 -1.4e-05 0.118427 0.095977 1.374825 0.961034 15.566015 2.042971 19.101089 2.070118 25.31504 1.630774 23.947199 0.004242 0.012749 0.000151 -0.007055 -0.00066 0.06765 -0.005814 0.057384 -0.002486 0.123317 -0.009298 0.185406 2.216069 21.904648
84.641549 333.606741 204.421837 1262.227857 361.19843 2525.16521 451.086536 3006.430845 422.904401 2948.2241 362.891452 2876.743722 -56.213376 336.351574 -130.04371 1182.592125 -147.909458 2103.248526 -175.521969 2646.89205 -122.696137 2463.832239 -102.655972 2348.905776 1001.182523 21.720696 0.035938 0.001808 0.045074 0.81387 0.297332 5.24077 0.408074 5.398337 0.754602 6.486892 0.703713 6.319388 0.005798 -0.001743 -0.010368 0.000946 -0.001052 -0.013834 0.003193 -0.005469 0.000276 -0.012512 -0.00345 -0.013188 0.726022 7.069198
83.719962 338.674838 199.002932 1326.618589 362.83332 2683.000946 457.242606 3161.656178 435.553422 3120.61655 372.917902 3047.712232 -56.323901 327.028363 -126.880971 1179.478683 -143.27059 2113.611672 -170.507571 2642.610598 -119.145341 2468.969409 -99.11035 2358.418429 1010.304562 38.115235 -0.002522 0.019104 -0.036396 0.800899 0.001846 2.39219 0.020861 1.9535 0.093194 2.448998 0.068315 2.467427 -5.4e-05 -0.065518 0.019467 -0.002052 0.036954 0.012734 0.036334 -0.001733 0.026068 0.002675 0.031156 0.009612 0.020684 2.289795
83.620298 339.988399 204.382978 1338.792405 362.814019 2815.274219 470.086127 3294.739141 448.618571 3274.445936 384.670617 3212.885563 -56.889395 330.483605 -131.489511 1206.012013 -143.859784 2141.33414 -171.552412 2666.900235 -116.821882 2492.349348 -97.621415 2385.37192 1023.298361 53.280361 -3e-05 0.001271 0.035879 0.027801 -0.0 1.591295 0.088946 1.371737 0.096535 1.850404 0.091167 2.179263 -0.001412 0.009079 -0.041104 0.147567 -0.000605 0.090312 -0.001596 0.05556 0.011439 0.055089 0.005634 0.076573 0.041513 1.266944
88.006669 343.863647 208.791525 1384.563774 370.409895 2917.745162 473.073006 3421.54073 448.258841 3404.174201 386.454746 3333.545372 -53.455143 330.664964 -124.9933 1200.735229 -139.748625 2134.22822 -169.435507 2653.035278 -115.066488 2494.156948 -95.458199 2391.022081 1017.548052 70.623286 0.056062 0.01098 0.02352 0.384666 0.039346 0.915847 0.00473 1.197097 -7.2e-05 1.260066 0.002064 1.112058 0.053455 2.5e-05 0.082281 -0.005785 0.029799 -0.005905 0.006571 -0.018068 0.006644 0.000328 0.012118 0.003342 -0.008101 1.219758
89.503596 345.602127 210.15817 1432.66085 373.995353 3056.722126 480.495351 3578.436421 456.216413 3590.86387 392.189479 3518.821187 -52.12556 324.418961 -122.020334 1198.032733 -140.191687 2138.372192 -173.509845 2663.408806 -117.498336 2509.09394 -97.106501 2403.355427 1036.768393 96.68711 0.006312 0.002192 0.002229 0.410599 0.008635 1.616647 0.028887 1.758531 0.035006 2.491712 0.021119 2.505222 0.008372 -0.029777 0.017891 -0.001522 -0.000351 0.00201 -0.024203 0.010121 -0.012715 0.022297 -0.007055 0.015864 0.089915 2.042596
91.258961 345.448731 215.23503 1455.212441 379.565691 3118.177216 479.666574 3672.551516 452.19668 3674.793549 389.1328 3586.071305 -51.181632 322.170987 -122.471234 1218.068087 -139.554147 2146.805719 -169.07477 2676.499927 -114.670354 2508.416094 -95.592187 2402.025343 1022.294542 111.006985 0.008523 -1.7e-05 0.030296 0.088055 0.020588 0.305821 -0.000358 0.610815 -0.008894 0.484776 -0.005979 0.318279 0.004312 -0.003908 -0.000416 0.083072 0.000726 0.008299 0.028709 0.016047 0.017224 -4.6e-05 0.00595 -0.000184 -0.050871 0.494244
91.181425 345.789638 214.922789 1443.963158 376.184512 3080.427228 474.567655 3648.579272 442.844584 3648.26173 381.387542 3551.232884 -50.14405 322.743237 -122.958587 1221.10496 -140.186182 2157.753071 -169.709651 2682.111853 -115.861832 2512.36399 -96.718527 2407.012021 1011.735265 105.62402 -1.6e-05 8.4e-05 -0.000113 -0.021825 -0.007564 -0.114951 -0.013623 -0.039247 -0.04886 -0.048063 -0.038929 -0.085027 0.005313 0.000254 -0.000484 0.001891 -0.000714 0.013921 -0.000595 0.002939 -0.003079 0.001552 -0.003298 0.002585 -0.027408 -0.06689
91.797267 346.263852 215.003887 1442.106498 369.389174 3088.191719 462.588009 3658.615957 425.224974 3664.321005 367.152976 3571.277881 -49.743586 322.42197 -124.609093 1220.680097 -140.969919 2157.217631 -170.197712 2682.793478 -115.992879 2512.885054 -97.062454 2407.438985 985.393805 108.262992 0.001036 0.000162 8e-06 -0.000597 -0.030968 0.004887 -0.076571 0.006893 -0.178835 0.017634 -0.135358 0.028207 0.000803 -8e-05 -0.005502 -3.7e-05 -0.001092 -3.3e-05 -0.00035 4.3e-05 -3.7e-05 2.7e-05 -0.000305 1.9e-05 -0.173725 0.016281
92.119751 344.451798 214.490466 1433.026356 361.372902 3091.286531 447.913888 3675.112424 406.722518 3681.912363 351.770402 3585.2413 -49.386229 320.464647 -126.634353 1220.158908 -142.023366 2152.47384 -169.937937 2678.153785 -116.870914 2507.970268 -98.014085 2401.7731 959.639448 112.341439 0.000283 -0.002377 -0.000307 -0.014338 -0.04397 0.000775 -0.118256 0.018554 -0.205772 0.021062 -0.164587 0.013622 0.000644 -0.00298 -0.008163 -5.6e-05 -0.001961 -0.002611 9.9e-05 -0.002008 -0.001655 -0.002405 -0.002321 -0.003338 -0.170515 0.037704
92.980444 347.157058 214.10951 1431.665872 351.494777 3103.778576 435.61811 3688.398216 397.599828 3694.390892 343.161433 3598.774263 -48.403754 326.236381 -128.669719 1227.098806 -141.364945 2157.598025 -166.441009 2693.072161 -113.819399 2510.206217 -96.336009 2402.561569 936.881674 114.052639 0.002001 0.005291 -0.000169 -0.000323 -0.068443 0.012595 -0.085562 0.011986 -0.051737 0.010555 -0.053327 0.012746 0.004935 0.025757 -0.008113 0.00984 0.000765 0.003046 0.018177 0.020718 0.020183 0.000498 0.007245 6.5e-05 -0.136549 0.006467
92.485788 343.68014 212.824305 1433.760781 352.483323 3129.845032 436.702339 3711.495145 401.554996 3726.681955 345.748907 3629.958256 -47.587308 320.288667 -127.496378 1216.066251 -142.326981 2152.042606 -170.035232 2677.091094 -116.470976 2503.370884 -98.001104 2400.030251 950.551125 121.283045 -0.00066 -0.00875 -0.001934 0.000766 0.000694 0.0545 0.000674 0.036046 0.009787 0.070254 0.004859 0.067263 0.003472 -0.027359 0.002687 -0.02491 -0.001631 -0.003581 -0.019197 -0.023779 -0.015266 -0.00466 -0.007133 -0.000667 0.0495 0.111099
92.276682 343.305209 211.132768 1434.127781 349.182728 3134.231544 432.025555 3711.678161 401.642193 3725.578796 346.021604 3630.696629 -47.635099 320.2348 -127.615665 1216.609643 -142.606078 2145.939461 -170.143673 2673.33489 -116.589173 2499.994338 -98.131963 2396.062393 951.022914 121.828088 -0.000118 -0.000102 -0.003375 2.3e-05 -0.007763 0.001536 -0.012589 2e-06 5e-06 -8.2e-05 5.4e-05 3.8e-05 -1.2e-05 -2e-06 -2.8e-05 6.1e-05 -0.000137 -0.004333 -1.7e-05 -0.001318 -3e-05 -0.001139 -4.4e-05 -0.001641 5.9e-05 0.000611
93.008839 342.876235 211.021924 1454.45754 349.569991 3180.856411 432.987225 3753.62544 402.359235 3770.439531 346.654987 3681.295012 -46.979246 317.266927 -127.62186 1213.828796 -143.092071 2148.546909 -170.502824 2675.599426 -117.409515 2501.587971 -98.968996 2399.946301 954.467737 129.687174 0.001447 -0.000134 -1.5e-05 0.071541 0.000107 0.17212 0.000535 0.117851 0.00032 0.134238 0.00029 0.17507 0.002273 -0.006908 -0.0 -0.001591 -0.000413 0.000792 -0.000189 0.000479 -0.001438 0.000254 -0.001777 0.001573 0.003114 0.122816
93.219001 343.038994 210.891547 1450.747265 347.0122 3176.180566 430.666071 3753.922519 395.297222 3768.394441 340.37537 3678.450694 -46.924721 317.221967 -127.830954 1206.386699 -143.290496 2139.481045 -170.769573 2660.508997 -117.632245 2489.154504 -99.251152 2393.08151 944.205247 132.153939 0.000119 1.9e-05 -2e-05 -0.002369 -0.004696 -0.00172 -0.003119 6e-06 -0.031262 -0.000277 -0.028699 -0.00055 1.6e-05 -2e-06 -8.6e-05 -0.011442 -6.9e-05 -0.009584 -0.000104 -0.021338 -0.000106 -0.015488 -0.000201 -0.004916 -0.027735 0.01162
94.632758 343.027181 210.3184 1446.709239 344.485926 3153.929864 427.607607 3735.072689 391.717226 3747.295363 337.271097 3655.819699 -46.456878 316.529968 -126.565678 1203.797583 -144.159558 2139.032507 -171.770528 2660.252905 -118.600302 2491.512362 -100.149831 2395.20498 941.398872 127.69237 0.00532 -0.0 -0.00039 -0.002814 -0.004615 -0.039106 -0.005449 -0.023723 -0.008142 -0.029616 -0.00711 -0.034916 0.001172 -0.000378 0.003147 -0.001391 -0.001314 -2.4e-05 -0.001462 -6e-06 -0.001984 0.000558 -0.002025 0.000471 -0.002088 -0.038305
95.077894 341.102085 210.364389 1446.20168 344.302529 3150.791798 426.70783 3724.48453 392.97389 3736.077063 338.671273 3650.064738 -46.142275 315.967652 -126.803705 1206.062933 -143.733988 2134.352271 -170.561123 2654.252556 -117.825422 2481.999432 -99.573734 2385.856935 941.158765 127.775633 0.000522 -0.002709 3e-06 -4.5e-05 -2.4e-05 -0.000781 -0.000474 -0.007514 0.001006 -0.008409 0.00145 -0.002267 0.000534 -0.00025 -0.000112 0.001065 0.000315 -0.002563 0.002136 -0.003387 0.00127 -0.009098 0.000831 -0.009139 -1.5e-05 1.4e-05
92.907695 339.648992 206.332663 1440.754945 340.752439 3135.580472 423.67084 3706.529275 390.922286 3719.277329 336.140849 3631.856775 -46.871331 315.055551 -126.404929 1202.761102 -144.601955 2130.173685 -171.828497 2649.244607 -119.943863 2476.41401 -101.230173 2379.161336 943.942258 125.939949 -0.012527 -0.001551 -0.019505 -0.005138 -0.009199 -0.018404 -0.005423 -0.021692 -0.002685 -0.018928 -0.004744 -0.022764 -0.002857 -0.000659 0.000314 -0.002263 -0.001306 -0.002047 -0.002346 -0.002364 -0.009437 -0.003146 -0.006832 -0.004704 0.002055 -0.006641
]