11-08-20_Colby_4KDepth.black_lion_in_blue_wagon.0000000005 [ 45.405398 219.071147 105.040307 1088.960354 245.142823 2241.124385 326.003828 2607.673884 324.891776 2625.769122 271.915791 2562.006518 -62.021186 229.996514 -78.470522 1172.266474 -84.647033 2423.825929 -111.465893 2908.541278 -78.076233 2861.391588 -60.284643 2721.897911 721.504198 -5.06123 0.0 0.0 0.0 0.0 0.0 0.0 0.0 0.0 0.0 0.0 0.0 0.0 0.0 0.0 0.0 0.0 0.0 0.0 0.0 0.0 0.0 0.0 0.0 0.0 0.0 0.0
46.362429 220.72018 103.796465 1058.583346 249.386897 2164.50228 332.499718 2526.311302 331.143392 2546.247275 276.125287 2488.021035 -61.221796 237.381771 -80.104012 1206.235162 -77.461349 2454.328942 -97.319359 2942.983485 -64.060928 2826.923245 -50.176006 2687.790223 686.500408 -7.335782 0.00499 0.003092 -0.003704 -0.214852 0.018212 -0.666351 0.032041 -0.644751 0.029788 -0.611376 0.016167 -0.541992 0.002593 0.058353 -0.008414 0.242575 0.159336 0.095368 0.47981 0.101365 0.692671 -0.104431 0.463511 -0.107524 -0.435174 -0.210449
45.924503 213.287936 103.612063 1046.782487 247.088163 2154.596625 327.655292 2518.60461 326.972693 2540.159781 273.107747 2482.230463 -61.105538 235.504186 -81.862367 1222.487422 -79.412219 2517.033226 -101.446301 3030.696813 -66.896236 2925.73156 -52.394046 2773.901509 689.661035 -13.616352 -0.001039 -0.063642 -8.2e-05 -0.033073 -0.005322 -0.011359 -0.017775 -0.005886 -0.013216 -0.003643 -0.008289 -0.003373 5.5e-05 -0.003727 -0.009545 0.054378 -0.012131 0.395463 -0.042848 0.643995 -0.030697 0.848635 -0.023985 0.678875 0.00363 -0.963478
42.270378 200.500235 99.094685 1018.114727 237.238715 2124.089838 314.745642 2471.144501 315.30507 2507.865646 263.34922 2454.426093 -63.136303 222.47807 -83.194232 1179.672853 -83.395725 2460.84171 -106.456678 2945.390678 -72.824414 2891.789791 -57.059909 2739.030215 691.19322 -13.666105 -0.075732 -0.197643 -0.050342 -0.199012 -0.100161 -0.108757 -0.129729 -0.225714 -0.105986 -0.1033 -0.088765 -0.078301 -0.016598 -0.185285 -0.005374 -0.38158 -0.048741 -0.317162 -0.060383 -0.608886 -0.125819 -0.099016 -0.099495 -0.110288 0.00085 -4.5e-05
42.761237 198.561571 99.697366 1013.211565 237.972079 2121.553421 315.83258 2468.804891 316.857517 2504.479506 264.333073 2449.284172 -61.914161 219.470088 -82.278201 1166.546059 -82.822676 2469.832074 -107.109686 2958.597736 -72.575541 2939.296824 -56.893711 2786.547281 692.722398 -17.39313 0.001417 -0.004709 0.000914 -0.005918 0.000566 -0.000758 0.000937 -0.000554 0.001906 -0.001144 0.000917 -0.002696 0.005972 -0.010237 0.002536 -0.036722 0.000988 0.008196 -0.000998 0.014772 0.000213 0.193528 0.000121 0.204315 0.000845 -0.224427
42.961969 196.536303 100.940306 1016.560361 241.011415 2134.928655 318.893426 2480.615549 321.085149 2520.736961 267.704105 2468.129105 -61.767918 219.762816 -82.105443 1184.813645 -85.561896 2552.453773 -113.479447 3056.011514 -78.842515 3039.210316 -61.31632 2886.833377 718.142438 -24.226989 0.000235 -0.005191 0.00385 0.002762 0.009643 0.021015 0.00738 0.014092 0.014008 0.026298 0.01068 0.03611 8.6e-05 9.8e-05 9.1e-05 0.070961 -0.022282 0.679651 -0.091986 0.788918 -0.129746 0.834941 -0.082761 0.886428 0.229019 -0.56488
42.105377 196.269334 99.990273 1024.264902 242.960393 2179.89674 321.923899 2510.885798 328.20642 2570.460982 274.54185 2528.956152 -62.992692 220.471683 -84.214472 1194.369973 -88.003761 2577.033664 -115.438584 3075.22157 -80.313908 3038.853801 -62.647777 2890.519685 733.232756 -19.590237 -0.004313 -9.1e-05 -0.002246 0.014543 0.003924 0.23433 0.007166 0.091786 0.039053 0.242825 0.043114 0.370222 -0.006012 0.000571 -0.013372 0.019192 -0.017178 0.058892 -0.008384 0.030094 -0.006802 -1e-05 -0.007151 0.001176 0.078451 0.246022
42.652406 193.880257 102.135519 1027.926555 247.942254 2168.449032 328.448993 2479.852366 334.194774 2528.019838 279.630056 2495.340196 -62.167822 221.269281 -83.819305 1200.368959 -86.844565 2574.039597 -113.098988 3065.669907 -77.981882 3026.715885 -60.818351 2879.180285 735.045902 -22.431393 0.001765 -0.007315 0.011385 0.003267 0.02528 -0.015069 0.032733 -0.096487 0.027069 -0.176649 0.02336 -0.112458 0.002718 0.00072 0.000465 0.007514 0.003843 -0.00087 0.011976 -0.007428 0.017179 -0.012145 0.013554 -0.011143 0.00112 -0.096158
43.438586 194.005847 102.111907 1027.224382 246.840315 2116.949673 326.663654 2399.999591 330.616247 2427.610828 276.860096 2400.908971 -60.776523 222.14809 -81.190394 1201.76846 -85.804879 2570.055152 -112.097019 3057.231451 -77.203359 3014.998586 -60.118986 2865.932671 727.348539 -31.789434 0.00359 2e-05 -1e-06 -0.00012 -0.001227 -0.309455 -0.002433 -0.65339 -0.009631 -1.017328 -0.006894 -0.910706 0.007873 0.000871 0.020943 0.000408 0.003131 -0.001543 0.002229 -0.005815 0.001953 -0.011362 0.002022 -0.015274 -0.020258 -0.813663
44.296822 194.247181 100.450808 993.477904 239.38613 1923.364499 311.617479 2235.104354 312.976272 2218.738062 263.404744 2175.386042 -59.432717 224.580537 -80.145788 1197.757431 -83.074344 2540.641357 -108.361314 3024.981773 -73.136091 2983.157935 -56.746881 2835.7342 688.700275 -56.472378 0.004198 7.5e-05 -0.006811 -0.281809 -0.057142 -4.640326 -0.177366 -2.934028 -0.241789 -4.697225 -0.167579 -5.56034 0.007511 0.006622 0.003382 -0.003352 0.022076 -0.084644 0.031653 -0.085499 0.055028 -0.084512 0.04866 -0.079973 -0.527512 -3.521622
39.975553 185.189498 82.652273 970.432499 193.044662 1598.420438 258.826907 1866.736832 261.085094 1826.462988 214.560656 1792.278269 -61.279267 229.939026 -84.412761 1159.273811 -82.841879 2472.114677 -105.431942 2991.725402 -68.190085 2935.089002 -52.995204 2758.233421 596.134054 -130.85812 -0.110865 -0.108125 -0.867106 -0.135217 -2.490263 -15.022827 -2.447949 -16.574183 -2.350112 -19.064962 -2.50228 -18.539279 -0.014124 0.031588 -0.05533 -0.314185 0.000163 -0.468418 0.02007 -0.09191 0.086574 -0.195215 0.064147 -0.536887 -3.338817 -15.401801
40.606167 186.196253 83.211684 960.262722 188.290572 1292.719801 232.576964 1485.687431 222.938655 1373.878466 190.757007 1365.717545 -64.730174 229.636614 -91.647135 1160.996012 -83.665597 2470.071129 -100.865285 3023.493305 -64.546254 2943.707189 -50.730455 2757.088138 527.400354 -295.498676 0.002468 0.001365 0.000943 -0.026784 -0.029636 -16.20737 -0.701614 -21.726169 -1.505523 -32.163322 -0.699579 -28.941083 -0.047262 -9.9e-05 -0.148695 0.000639 -0.002037 -0.000422 0.050551 0.083888 0.050024 0.006317 0.024727 -0.000119 -2.104408 -33.071143
44.883733 204.371645 102.952282 1088.552651 179.82096 964.726825 190.611159 959.107749 179.617999 757.633597 157.469497 796.502177 -67.961159 228.491389 -100.457439 1184.9745 -89.069977 2474.526421 -102.664125 3047.716345 -66.615289 2950.267585 -53.078461 2757.331948 465.005361 -717.769517 0.107083 0.423132 1.049593 4.020487 -0.097448 -23.954769 -2.085928 -57.382918 -2.337738 -91.025372 -1.594654 -76.269581 -0.039342 -0.001431 -0.202136 0.122547 -0.084564 0.002007 -0.007949 0.048323 -0.01632 0.003651 -0.026558 5e-06 -1.963406 -92.182004
40.221263 193.179343 141.758891 992.6783 136.253026 647.94949 98.712941 624.705737 85.693055 451.586591 82.302911 498.801453 -73.429483 217.973378 -113.812404 1176.893366 -93.808996 2428.392952 -104.562286 3005.445243 -67.640819 2903.126029 -54.894965 2712.725248 305.60138 -1064.723287 -0.127812 -0.15758 3.096593 -2.209455 -3.017123 -31.418266 -14.982794 -35.704816 -17.181934 -39.370329 -12.086677 -34.674512 -0.105784 -0.123911 -0.416598 -0.013825 -0.061412 -0.217049 -0.008694 -0.147598 -0.003917 -0.189835 -0.015281 -0.18188 -16.667009 -34.092484
41.449673 192.667707 170.779699 958.183348 87.903813 336.059003 57.842074 250.005321 47.348142 171.802714 46.570456 227.736542 -72.471179 218.16077 -113.552669 1164.908035 -93.321408 2430.983114 -105.229032 3026.26731 -69.057274 2941.32299 -56.030658 2754.566161 230.768585 -1691.398201 0.009239 -0.000339 1.350282 -0.304992 -5.27641 -50.736272 -5.429091 -84.319362 -5.645641 -66.311924 -5.052785 -52.459905 0.003147 4e-05 0.000148 -0.030671 0.000635 0.00069 -0.00106 0.03594 -0.007339 0.124821 -0.005814 0.160106 -5.245882 -72.19075
44.465899 182.104038 172.497956 841.886924 53.54914 155.791604 27.946356 74.414956 22.838092 43.00726 22.923797 80.706517 -72.959319 212.105193 -116.738147 1159.702263 -94.63096 2396.623777 -106.579403 2978.515766 -71.262878 2898.043107 -57.824623 2718.197404 174.785743 -2234.97135 0.052961 -0.148908 0.0043 -3.760687 -4.235263 -34.225559 -5.377605 -51.626326 -4.418728 -42.894134 -4.146822 -37.298646 -0.000819 -0.042615 -0.022032 -0.005829 -0.004562 -0.122274 -0.004305 -0.189869 -0.017335 -0.160392 -0.014134 -0.120844 -3.882529 -37.808624
48.642409 173.844157 187.408614 644.739229 38.856243 48.516656 14.878324 5.654822 12.978255 1.233621 14.006203 15.597437 -70.638364 208.819862 -111.723485 1161.819701 -92.375362 2374.339093 -104.91493 2964.836829 -70.925001 2882.80026 -56.952891 2704.529212 144.582173 -2764.76473 0.093719 -0.095849 0.309001 -13.130274 -1.175599 -30.429134 -2.042579 -39.042796 -1.383887 -29.673156 -1.092848 -25.344393 0.018758 -0.012821 0.055042 0.000966 0.013604 -0.052045 0.00655 -0.015741 0.000401 -0.020096 0.00331 -0.017226 -1.431428 -28.148824
42.028214 172.685731 174.773135 468.382849 31.53494 20.622907 10.293861 0.004466 9.082102 -0.272076 9.930789 4.84423 -73.695318 208.701447 -116.476443 1156.582733 -95.426987 2372.19209 -110.006719 2956.646977 -74.248919 2881.034618 -59.906353 2701.965711 135.26699 -2937.301722 -0.241566 -0.001936 -0.220475 -14.05921 -0.381775 -5.876478 -0.420991 -5.341452 -0.346782 -2.664384 -0.349483 -3.056895 -0.032376 -1.7e-05 -0.049503 -0.005915 -0.024795 -0.000486 -0.060324 -0.005664 -0.038057 -0.00027 -0.037328 -0.000608 -0.155078 -2.610968
31.497731 124.572102 134.679772 243.953279 14.616242 9.7e-05 1.875221 -17.772524 1.759622 -16.47881 2.287884 -2.385055 -86.022387 170.766146 -129.653305 1076.822296 -106.23552 2279.896779 -120.711324 2836.81443 -85.855405 2778.885732 -70.648433 2594.517846 112.197381 -3223.349266 -0.758002 -3.919636 -2.608282 -36.278344 -3.212979 -20.533545 -3.381987 -18.340456 -2.846459 -12.516035 -2.68547 -14.027448 -0.476414 -1.900954 -0.352973 -1.424676 -0.289862 -0.915638 -0.248464 -1.239447 -0.42125 -0.921854 -0.442681 -1.08999 -1.077667 -6.644375
19.051015 103.255198 119.813733 156.887301 10.853597 -8.753818 1.177163 -50.566505 0.810848 -45.219069 1.120273 -18.161065 -86.094601 149.168596 -129.555253 1026.08212 -106.539287 2202.295687 -120.302705 2735.025989 -86.165075 2687.24824 -71.269067 2507.90833 103.693197 -3429.646956 -1.556349 -0.999462 -0.434565 -9.569975 -0.27946 -8.812199 -0.080892 -8.382564 -0.181507 -7.102771 -0.206248 -7.383273 -1.5e-05 -0.729816 1.9e-05 -0.612234 -0.000217 -0.671812 0.000346 -0.929832 -0.000279 -0.768186 -0.001357 -0.735116 -0.16756 -3.199233
16.365719 107.840626 111.603877 104.279917 10.258475 -17.06202 1.201199 -62.110852 0.63723 -51.743224 1.014703 -23.444802 -83.90653 157.545873 -123.634395 1059.105661 -103.676021 2258.302762 -115.859586 2788.531121 -85.696972 2740.524637 -70.916267 2558.930439 101.113745 -3545.404181 -0.101946 0.049808 -0.145674 -5.353264 -0.00839 -1.373431 0.000121 -0.592948 -0.010446 -0.219739 -0.002612 -0.336868 0.014082 0.114425 0.069239 0.261517 0.019501 0.351625 0.0418 0.259151 0.000637 0.261474 0.000438 0.256898 -0.016244 -0.960614
15.319245 112.439193 110.134664 88.52886 9.957893 -25.81445 1.153856 -80.283544 0.500145 -65.883694 0.914036 -34.054838 -78.768966 162.197235 -114.402819 1087.789567 -100.159136 2314.339191 -111.735329 2841.642583 -84.915241 2817.304956 -69.986576 2630.145279 98.449174 -3744.848574 -0.017286 0.048005 -0.004867 -0.64445 -0.002235 -0.902828 -0.000476 -1.16438 -0.008292 -0.853038 -0.002629 -0.987378 0.081147 0.033834 0.179077 0.191626 0.030342 0.343368 0.037371 0.250515 0.001791 0.530378 0.003067 0.488699 -0.01779 -2.728678
14.174274 107.501943 108.657416 73.256745 8.949129 -40.261381 0.605027 -104.387496 0.130124 -88.062594 0.451681 -50.405972 -79.319665 158.131238 -114.00153 1085.87193 -98.126826 2308.01881 -109.396476 2829.808821 -82.136285 2802.733121 -67.674059 2618.738919 88.804885 -3884.407206 -0.022233 -0.055423 -0.004987 -0.722436 -0.02693 -1.59869 -0.087819 -1.579826 -0.12005 -1.606024 -0.080645 -1.597858 -0.000959 -0.025806 0.000353 -0.000846 0.010415 -0.004321 0.012369 -0.012346 0.023116 -0.018891 0.019425 -0.012394 -0.248524 -1.276549
15.31472 111.134881 111.945424 63.972224 8.593514 -46.208599 0.445151 -110.945356 0.074273 -93.934428 0.36619 -54.592213 -77.54158 164.245425 -110.966232 1121.800631 -95.575754 2354.124345 -106.373486 2878.345279 -80.100437 2847.01452 -65.390945 2660.162522 85.05294 -3975.226822 0.022061 0.030185 0.024505 -0.314442 -0.003605 -0.204761 -0.012241 -0.099881 -0.007779 -0.094747 -0.00448 -0.083485 0.010078 0.057986 0.020477 0.29238 0.0168 0.227982 0.021177 0.206357 0.012774 0.173536 0.019588 0.162528 -0.040489 -0.524737
17.891375 123.694779 125.557361 76.64958 11.624317 -34.837506 1.11789 -94.43595 0.443586 -81.49259 1.121914 -44.572622 -71.44897 186.384097 -107.955228 1157.438111 -91.817541 2387.905255 -101.691028 2910.871637 -74.454295 2872.351564 -60.620818 2682.514242 86.391681 -3921.470875 0.10012 0.336125 0.39039 0.572611 0.228461 0.80167 0.152183 0.664623 0.154836 0.441763 0.206178 0.507487 0.124623 0.699613 0.020707 0.278625 0.03769 0.120324 0.052696 0.091374 0.103166 0.056122 0.090318 0.046756 0.005227 0.182971
17.831976 127.780753 129.630842 80.249607 10.820555 -30.051182 0.650238 -83.901916 0.181476 -74.437658 0.758428 -39.1893 -73.474335 199.399919 -109.545525 1187.260689 -92.185209 2423.082389 -102.829186 2948.857171 -74.699154 2920.042648 -60.496602 2726.970298 82.244359 -3926.92041 -4.9e-05 0.033197 0.032514 0.041306 -0.014396 0.176765 -0.062966 0.311383 -0.057611 0.159679 -0.035467 0.17317 -0.014153 0.21963 -0.005814 0.189667 -0.000367 0.128606 -0.003167 0.123121 -0.000201 0.196333 6.4e-05 0.182677 -0.051006 -0.001892
21.369721 135.072541 136.18819 91.944607 13.981141 -23.71615 1.764971 -71.509719 0.953232 -61.520335 1.804529 -29.458798 -73.236799 210.912495 -106.919405 1213.40655 -88.855951 2467.509073 -100.164326 2999.68813 -70.916317 2967.750049 -56.747105 2771.2887 88.313356 -3883.850926 0.159958 0.10116 0.080892 0.397607 0.202208 0.374511 0.272639 0.494852 0.302869 0.615026 0.223209 0.693123 0.000192 0.161542 0.01593 0.142383 0.030614 0.201793 0.017493 0.217182 0.049144 0.193284 0.05997 0.178616 0.108012 0.118746
25.59744 148.722751 149.134892 98.734853 18.778465 -17.669198 3.826208 -59.403657 2.345126 -49.682313 3.545847 -21.611357 -68.105748 229.866635 -99.196113 1269.056879 -83.213859 2553.772908 -94.39425 3112.856107 -65.85017 3067.846128 -52.184317 2869.884366 93.049024 -3898.342607 0.190665 0.328469 0.293883 0.120941 0.353164 0.444154 0.393816 0.560949 0.308074 0.631901 0.291291 0.606521 0.093165 0.407716 0.144749 0.623846 0.092526 0.741046 0.085581 1.047689 0.093863 0.830068 0.095602 0.861687 0.061839 -0.013493
28.10836 152.019385 168.892454 97.575132 24.400922 -16.765437 6.499065 -55.450971 3.844534 -45.922221 5.431869 -19.020523 -65.611352 233.461896 -100.314829 1277.460934 -81.824621 2568.668983 -91.558712 3147.346312 -62.566989 3087.496999 -49.362231 2891.091727 97.430288 -3886.505457 0.058729 0.018069 0.614316 -0.003426 0.367619 0.011862 0.351954 0.068035 0.184357 0.07397 0.200341 0.082685 0.023268 0.013949 -0.003137 0.013868 0.005847 0.021659 0.02162 0.095012 0.041977 0.031368 0.039222 0.039035 0.050394 0.008999
33.624685 138.768885 193.361476 99.991584 33.183393 -16.156179 11.290343 -49.886283 7.359629 -41.867157 9.569883 -16.263569 -63.673804 230.287946 -99.135036 1270.018724 -79.79474 2585.584999 -91.137776 3189.934452 -60.876981 3133.116445 -47.583813 2936.911505 110.570143 -3899.344504 0.246957 -0.302053 0.827344 0.014778 0.67367 0.005638 0.657371 0.147087 0.565677 0.093703 0.581995 0.107873 0.014519 -0.010862 0.003489 -0.010871 0.012748 0.027759 0.000485 0.143103 0.011569 0.167279 0.016313 0.18012 0.415452 -0.010586
35.350786 135.106694 211.807809 104.160104 39.388993 -10.049779 14.760752 -41.670196 9.434325 -35.850777 11.986508 -11.818054 -63.437355 227.759659 -101.410584 1262.488762 -81.425802 2576.122373 -93.609529 3179.254283 -61.694394 3124.985098 -48.132019 2927.903661 119.379935 -3830.262921 0.021601 -0.024486 0.420125 0.042562 0.265804 0.721372 0.232191 0.369392 0.128645 0.233223 0.135889 0.354111 0.00022 -0.006978 -0.01291 -0.011195 -0.008251 -0.008674 -0.016536 -0.008955 -0.002726 -0.005283 -0.00157 -0.006918 0.168821 0.308707
38.245539 133.751771 230.061512 111.370828 46.911534 -7.112226 19.901659 -36.778268 13.003218 -30.422082 15.763907 -8.307131 -60.175983 226.481149 -93.901272 1261.420536 -77.777949 2558.862297 -90.472782 3159.871596 -60.636041 3099.661816 -46.995507 2908.201512 129.79845 -3744.244023 0.056951 -0.003414 0.377193 0.120653 0.328483 0.253274 0.383353 0.152675 0.285651 0.222718 0.258293 0.308614 0.043031 -0.001799 0.144412 -0.000226 0.041797 -0.029008 0.026727 -0.029633 0.004578 -0.051511 0.006789 -0.033256 0.217902 0.488447
42.675921 128.159491 241.192074 112.486411 49.305127 -5.627033 21.003572 -32.877965 14.317941 -26.673826 17.424217 -6.532614 -57.313541 226.55148 -88.149145 1269.677184 -77.720504 2583.345711 -92.643546 3188.628406 -63.313747 3140.357781 -48.55652 2941.975364 137.848711 -3745.876515 0.121371 -0.059709 0.131465 0.00278 0.029777 0.086871 0.014844 0.109282 0.031651 0.123166 0.041556 0.106479 0.034875 5e-06 0.090896 0.013467 1.1e-05 0.058286 -0.012867 0.06513 -0.028927 0.132706 -0.012752 0.097491 0.121095 -0.000178
50.207888 128.307781 256.195625 125.639457 54.18442 -2.469192 23.638624 -22.943406 16.717174 -18.917657 20.243417 -2.838801 -50.920911 230.512411 -82.334276 1263.041579 -73.287 2572.864589 -89.364254 3183.483576 -58.520811 3138.018088 -44.163352 2947.148424 137.793642 -3644.230113 0.305888 4.3e-05 0.22634 0.363536 0.115088 0.641233 0.077836 0.891143 0.092878 0.664596 0.105648 0.758682 0.188948 0.017163 0.099196 -0.008693 0.065097 -0.010653 0.029544 -0.002077 0.094313 -0.000436 0.104135 0.002272 -6e-06 0.699075
54.464352 124.536247 269.374544 146.397936 59.110168 -0.043631 26.914975 -10.471688 19.574675 -9.081581 23.477542 -0.168371 -48.113082 227.981629 -78.000727 1253.546809 -69.519384 2559.688505 -84.590285 3171.573785 -54.788499 3128.893081 -41.105979 2938.315828 139.860259 -3475.111402 0.08658 -0.028131 0.16526 0.79317 0.10713 1.856365 0.106281 2.414695 0.11267 1.784568 0.119781 1.624462 0.039812 -0.006985 0.058574 -0.017911 0.049709 -0.016913 0.06552 -0.01116 0.061486 -0.006643 0.054829 -0.006628 0.007691 2.008976
55.181949 122.30111 283.618087 159.921582 61.771244 0.000813 28.269629 -9.48606 20.820405 -8.381874 24.955686 -0.06267 -47.627982 227.137247 -77.999674 1248.445643 -68.537083 2517.989038 -82.630654 3122.261454 -52.845828 3080.018189 -39.737245 2895.901358 140.006916 -3409.749244 0.002348 -0.01012 0.183467 0.298672 0.029294 0.056353 0.016629 0.024353 0.019213 0.014023 0.022561 0.025597 0.001229 -0.000783 0.0 -0.0052 0.003495 -0.171227 0.011483 -0.193185 0.017533 -0.192368 0.011588 -0.154178 3.8e-05 0.310268
56.07381 119.45028 287.963795 149.626627 64.474635 -0.186868 30.214548 -13.059377 22.177482 -10.659812 26.569632 -0.384125 -46.664139 226.422309 -76.916105 1240.176149 -67.148661 2499.566097 -81.171812 3098.646449 -51.710515 3056.598055 -38.758996 2877.609831 141.617135 -3428.271782 0.003575 -0.01681 0.01652 -0.171242 0.028948 -0.212326 0.032349 -0.284976 0.021421 -0.136745 0.025283 -0.136485 0.004926 -0.000563 0.00379 -0.013739 0.007104 -0.033822 0.006496 -0.044822 0.006164 -0.044691 0.006096 -0.028976 0.004603 -0.025087
57.939578 115.324108 299.341278 144.711208 67.78649 -0.648802 31.23375 -16.002163 23.49522 -14.072198 28.189633 -0.994986 -46.013531 225.345619 -76.064053 1248.26053 -66.880442 2497.626511 -80.965463 3103.145191 -51.918474 3041.668043 -38.728166 2857.356853 145.265995 -3469.517739 0.015267 -0.036262 0.110215 -0.041046 0.041471 -0.139278 0.008453 -0.149378 0.019013 -0.236542 0.023968 -0.142666 0.002284 -0.001283 0.002373 0.013132 0.000268 -0.000376 0.000131 0.001632 -0.000209 -0.018276 6e-06 -0.035762 0.023206 -0.123318
60.22778 113.954504 312.19055 121.420669 72.046539 -7.846776 33.698898 -40.129175 25.121275 -34.131178 30.19057 -8.510284 -44.43975 223.683376 -71.957574 1240.169642 -63.838999 2501.476327 -79.23056 3107.305961 -50.922059 3054.761183 -37.428642 2875.833314 147.575903 -3734.686749 0.022157 -0.004091 0.135007 -1.021095 0.064907 -3.982928 0.046811 -5.449839 0.027201 -4.371849 0.0343 -3.685438 0.013692 -0.003077 0.056973 -0.013153 0.035387 0.001482 0.009395 0.001394 0.004827 0.01406 0.011088 0.029772 0.00911 -4.881763
60.240547 111.852234 315.349736 91.887805 67.923771 -29.601477 30.286735 -89.278179 21.92725 -74.302677 27.023127 -31.037605 -43.669726 221.319911 -70.985752 1214.494135 -62.645135 2493.309391 -78.70222 3104.991901 -49.593537 3057.496099 -36.239043 2874.268566 137.473797 -4085.067142 1e-06 -0.009786 0.007952 -2.054326 -0.06073 -6.967035 -0.091045 -9.696708 -0.108543 -7.715676 -0.087745 -7.043192 0.003365 -0.006276 0.003304 -0.134285 0.005634 -0.006677 0.000884 -0.000431 0.00878 0.000612 0.009606 -0.000213 -0.179065 -7.853706
55.701651 115.164973 299.798296 62.585377 57.907007 -70.691751 24.633308 -167.466084 17.20576 -137.920801 21.521867 -72.990048 -44.441538 232.834554 -76.32857 1231.335669 -64.28845 2495.703161 -78.245122 3092.132151 -48.991646 3018.171449 -36.799905 2841.951112 124.264211 -4446.469909 -0.088878 0.024172 -0.196608 -2.804689 -0.399326 -8.80377 -0.291755 -12.195151 -0.285874 -9.759805 -0.312717 -8.834454 -0.00338 0.145995 -0.096919 0.057985 -0.010638 0.000574 0.000666 -0.013343 0.001837 -0.127265 -0.002153 -0.091356 -0.333548 -7.658093
50.799381 113.532599 291.04176 21.398442 53.623053 -122.587388 21.264101 -232.108157 15.44923 -195.417769 20.353358 -122.631872 -42.917521 234.278165 -76.17175 1208.882851 -65.193334 2490.057717 -77.714672 3086.364417 -49.784793 3011.44861 -37.390691 2827.997358 120.70065 -4741.12916 -0.112886 -0.005826 -0.064892 -10.792848 -0.082305 -7.097324 -0.123829 -5.26348 -0.047277 -4.996217 -0.016307 -6.403462 0.013295 0.002231 8.1e-05 -0.103298 -0.003162 -0.003196 0.000902 -0.002692 -0.003184 -0.003748 -0.002352 -0.01717 -0.025921 -4.726284
47.973358 116.80436 267.845533 0.569036 40.035496 -167.571812 11.764184 -259.417846 7.998 -220.918848 13.058084 -152.298813 -43.935174 237.655699 -79.992236 1195.545032 -67.884527 2534.708812 -80.275399 3142.4434 -52.017559 3077.322483 -38.826414 2888.902571 100.809501 -4947.287768 -0.040436 0.023238 -0.481579 -14.988516 -0.990852 -3.508257 -1.39572 -0.759264 -1.215456 -0.781719 -0.806175 -1.605322 -0.005962 0.012086 -0.04674 -0.036994 -0.027214 0.198393 -0.020754 0.252449 -0.024488 0.356352 -0.013524 0.324437 -0.894899 -2.19366
45.200714 102.052107 264.600023 -9.469234 27.103251 -198.459536 4.767841 -281.70322 2.561384 -224.482962 6.386625 -159.029998 -50.552985 233.120226 -89.937589 1211.043457 -69.698858 2530.48208 -81.062031 3106.646137 -53.808145 3047.968077 -40.470685 2866.772258 79.849164 -4926.799129 -0.041263 -0.497762 -0.009892 -14.680825 -1.257275 -1.305566 -1.553406 -0.459092 -1.507103 -0.01426 -1.180308 -0.072775 -0.232036 -0.021848 -0.291282 0.049905 -0.011963 -0.001764 -0.001918 -0.102531 -0.01515 -0.070338 -0.017049 -0.042545 -1.220047 0.021257
43.681307 96.905727 244.788696 -25.80199 23.559808 -197.87257 3.945557 -264.134838 2.26097 -208.35277 5.928929 -151.636669 -53.134103 231.579863 -98.213345 1230.03256 -70.882189 2585.320415 -80.5581 3171.415349 -53.167476 3120.361004 -39.877329 2933.878834 77.356518 -4941.333824 -0.012988 -0.066571 -0.3854 -4.009421 -0.124069 0.000435 -0.038886 0.282802 -0.009366 0.300661 -0.008508 0.087987 -0.032131 -0.002553 -0.182091 0.073859 -0.00498 0.293925 0.000786 0.334113 0.001918 0.424825 0.002191 0.388184 -0.019763 -0.010704
41.35065 93.583811 234.364751 -46.097122 17.566274 -201.044175 1.847799 -262.282054 0.754747 -198.964381 3.489994 -147.304786 -53.033742 223.535509 -97.87723 1215.440483 -73.703914 2599.723936 -82.1754 3184.256112 -56.329135 3146.164691 -42.387724 2956.998313 70.124468 -4927.500346 -0.031947 -0.028967 -0.113399 -2.923827 -0.43908 -0.012608 -0.393135 0.003261 -0.403086 0.108212 -0.321247 0.031388 4.7e-05 -0.071099 0.000288 -0.043536 -0.027537 0.020006 -0.008037 0.012972 -0.045655 0.053126 -0.038312 0.045368 -0.177426 0.009695
39.24936 95.433451 209.861895 -52.916848 14.00946 -191.003026 0.98694 -244.16321 0.300088 -187.056443 2.371102 -135.606469 -55.092015 221.212541 -101.750482 1213.816233 -73.703658 2591.379524 -81.465124 3167.698943 -56.292101 3136.884956 -42.377053 2947.834452 64.812299 -4855.965607 -0.027396 0.00905 -0.676285 -0.235138 -0.200966 0.128609 -0.133875 0.324218 -0.103015 0.183711 -0.10779 0.241965 -0.019592 -0.006067 -0.037579 -0.000543 0.0 -0.006707 0.001541 -0.021579 6e-06 -0.006853 1e-06 -0.007111 -0.104605 0.261527
31.349313 89.070315 191.556705 -61.43168 9.150849 -196.857265 0.083273 -243.549407 -0.070913 -185.138725 0.553416 -135.962948 -63.391741 217.88873 -111.676553 1241.465088 -84.916999 2642.119605 -93.918831 3197.228307 -67.019193 3169.879865 -51.804725 2986.31433 62.730034 -4887.164164 -0.443403 -0.109758 -0.417587 -0.317464 -0.515358 -0.044184 -0.496854 0.000386 -0.662756 0.004941 -0.633487 -0.000234 -0.291053 -0.01258 -0.230946 0.155681 -0.396848 0.245975 -0.442717 0.068499 -0.467472 0.08631 -0.473047 0.124762 -0.016999 -0.049951
29.662345 90.23103 179.208114 -63.594567 8.293445 -194.88774 0.03412 -241.078784 -0.076571 -178.997525 0.521004 -135.170545 -63.252011 213.512233 -112.456574 1236.008225 -85.530968 2622.61195 -93.942227 3151.377996 -66.837992 3126.00877 -51.838536 2946.257353 62.39003 -4801.064893 -0.023327 0.003757 -0.205696 -0.01871 -0.021084 0.004951 -0.010786 0.006298 -0.000109 0.05179 -0.000489 0.001158 7.7e-05 -0.0222 -0.001357 -0.00601 -0.001106 -0.036141 -1e-06 -0.16557 0.000123 -0.152853 -6e-06 -0.135235 -0.000462 0.38259
28.469636 90.14267 173.732658 -60.66821 8.611206 -198.337759 0.09846 -251.351617 -0.035335 -189.931217 0.617572 -141.603268 -61.079915 210.260316 -109.651791 1218.995431 -84.069475 2563.599723 -89.656308 3075.723343 -64.846853 3041.274569 -50.99784 2867.067786 61.854752 -4751.249181 -0.012237 -2.2e-05 -0.042475 0.034462 0.002987 -0.015135 0.016659 -0.107165 0.007875 -0.162053 0.004103 -0.074764 0.018975 -0.012477 0.01771 -0.058949 0.006297 -0.335751 0.050032 -0.459591 0.015054 -0.582122 0.003436 -0.539388 -0.001153 0.129896
27.656467 82.174589 170.623481 -63.799263 8.729111 -210.732396 0.13306 -266.165409 -0.027562 -203.687429 0.636022 -155.06007 -60.153837 195.856208 -104.929339 1175.89245 -82.144064 2505.818709 -88.527907 3013.317567 -64.342322 2980.09692 -50.263484 2805.947308 61.70652 -4741.99907 -0.005891 -0.184324 -0.014037 -0.039388 0.000401 -0.187819 0.0026 -0.212064 0.000482 -0.24045 0.000136 -0.305361 0.003537 -0.255522 0.051972 -0.387913 0.011152 -0.329303 0.003573 -0.319803 0.000985 -0.310793 0.002663 -0.329262 -8.9e-05 0.004507
28.255179 79.951939 170.51948 -67.02073 9.150993 -219.527664 0.182442 -279.97752 -0.01151 -221.007095 0.7303 -173.085153 -58.593971 191.578649 -102.997585 1178.51708 -79.913624 2490.115121 -84.858842 2986.581428 -62.380379 2954.271473 -49.075413 2780.589622 60.697229 -4791.341632 0.003206 -0.015236 -1.6e-05 -0.039671 0.004978 -0.089905 0.003889 -0.174684 0.00345 -0.353308 0.003256 -0.495435 0.010246 -0.023614 0.008974 0.001463 0.01535 -0.02468 0.038825 -0.05957 0.015188 -0.056194 0.007105 -0.05755 -0.004161 -0.127694
27.563386 80.673375 162.636218 -66.883269 8.402836 -238.816405 0.124178 -311.785956 -0.054131 -248.565323 0.524426 -196.527613 -60.591538 194.611708 -106.058907 1189.700801 -80.934627 2509.146936 -85.640535 3005.235137 -62.539411 2968.759979 -49.392219 2793.176269 58.913692 -4935.383255 -0.004287 0.00162 -0.093281 7.1e-05 -0.015951 -0.406049 -0.005587 -0.855501 -0.01572 -0.809365 -0.017005 -0.744161 -0.016741 0.011911 -0.022415 0.026407 -0.003241 0.036226 -0.001792 0.029036 -0.000101 0.01772 -0.00051 0.014212 -0.013298 -1.066604
25.722621 80.090996 155.371474 -64.952925 6.862337 -265.709002 0.003754 -350.989914 -0.271501 -290.576329 0.169994 -231.042975 -62.249058 192.38734 -110.513617 1154.72324 -84.401097 2453.189261 -89.779384 2952.861722 -64.63799 2911.94582 -51.351402 2737.539007 56.531115 -5042.242266 -0.031804 -0.001055 -0.082991 0.014133 -0.077929 -0.717235 -0.084748 -1.160496 -0.083173 -1.639283 -0.097263 -1.395392 -0.011183 -0.006393 -0.04582 -0.260938 -0.036343 -0.315513 -0.048833 -0.230193 -0.017316 -0.27445 -0.019052 -0.279854 -0.024589 -0.572239
24.726582 78.122218 151.849964 -62.376919 5.541045 -281.863858 -0.065546 -368.85304 -0.715512 -308.843708 0.006062 -245.690983 -62.746369 188.113459 -111.427447 1135.531404 -84.769642 2430.607255 -90.268118 2938.222131 -64.670484 2898.912416 -51.276384 2722.648329 51.781218 -5100.173476 -0.009834 -0.01225 -0.020183 0.02606 -0.070577 -0.238357 -0.100675 -0.221674 -0.105509 -0.278415 -0.111851 -0.225089 -0.000989 -0.024003 -0.001881 -0.080413 -0.000401 -0.052208 -0.000663 -0.01819 -4e-06 -0.014617 2.7e-05 -0.020304 -0.1042 -0.165446
24.402807 78.812562 152.903137 -52.716482 5.506751 -296.724864 -0.080828 -394.671015 -0.738933 -334.882031 0.001858 -264.811575 -62.487619 188.452303 -111.222491 1138.793396 -85.718327 2435.261547 -92.01126 2940.956425 -65.964126 2902.313567 -52.591702 2726.848909 52.73981 -5208.928504 -0.001067 0.001518 0.00182 0.406144 -5.3e-05 -0.190883 -0.0008 -0.436632 -0.000189 -0.526833 -0.001208 -0.358201 0.000267 0.000152 9.4e-05 0.002339 -0.00264 0.002226 -0.008335 0.000636 -0.006405 0.000997 -0.008329 0.001619 0.004396 -0.573667
26.336951 78.767802 161.282214 -47.111521 6.457134 -310.512511 -0.017195 -418.538245 -0.580759 -362.287218 0.017545 -285.082911 -61.845705 189.979192 -110.115086 1122.145229 -85.954182 2424.223567 -93.405033 2949.730183 -65.920903 2908.479881 -52.391112 2729.230187 54.126828 -5323.769862 0.036877 -6e-06 0.111752 0.157473 0.037808 -0.156548 0.023462 -0.35032 0.009513 -0.538847 0.007984 -0.373769 0.001657 0.00308 0.00277 -0.061294 -0.000162 -0.012536 -0.005239 0.006534 7e-06 0.003272 0.000192 0.00052 0.009001 -0.626095
29.953466 78.611719 180.260034 -40.380868 9.083934 -329.960775 0.088892 -453.233636 -0.309207 -397.403866 0.110203 -306.886078 -61.361134 197.694064 -109.630821 1122.898097 -85.628566 2424.879227 -94.857227 2957.52341 -65.669012 2911.611644 -52.112178 2735.153483 56.965937 -5460.373895 0.116296 -7.7e-05 0.52766 0.259274 0.223604 -0.295346 0.18428 -0.690689 0.042441 -0.812066 0.039804 -0.401659 0.000953 0.076772 0.000534 0.000126 0.000309 4.4e-05 -0.005601 0.005141 0.000241 0.000843 0.000372 0.00321 0.036284 -0.865224
36.623954 78.951895 202.860523 -26.950115 16.247203 -326.315784 1.74087 -451.636434 0.355876 -395.935044 2.250139 -303.29283 -54.576888 194.954854 -108.012026 1112.241171 -81.257811 2398.766041 -90.324134 2951.343507 -59.766373 2874.79905 -46.235932 2699.384535 69.345999 -5404.4948 0.335006 0.000367 0.667189 1.353137 1.033934 0.010122 1.042996 0.00141 1.328525 0.00136 1.364407 0.01058 0.198664 -0.009555 0.00602 -0.025406 0.057245 -0.070683 0.055492 -0.003232 0.138958 -0.1171 0.175708 -0.117713 0.60816 0.143697
36.86263 79.183348 214.654261 -12.505852 26.584873 -326.756307 6.834323 -438.017356 2.840067 -383.282074 5.921297 -294.543182 -53.188252 195.01811 -104.555033 1116.049334 -81.086397 2387.649822 -90.697488 2939.310396 -60.691703 2861.67249 -46.870229 2689.273385 89.789607 -5339.545472 0.000388 0.000169 0.166605 2.738987 1.266233 -0.000149 1.676594 0.104249 1.185261 0.102737 0.871096 0.064031 0.008947 5e-06 0.028113 0.003254 9e-05 -0.012908 -0.000385 -0.01229 -0.003554 -0.015019 -0.002161 -0.009486 1.318623 0.196316
35.169148 79.741612 216.653975 -3.261173 37.613129 -292.41623 14.528051 -440.287857 8.671164 -371.280894 12.627813 -295.876928 -56.334593 192.233267 -106.465718 1122.504257 -80.253612 2340.398267 -88.217207 2880.85674 -59.374604 2777.948533 -46.018019 2619.674799 113.426245 -5180.385961 -0.01991 0.000981 0.004636 2.994595 0.954338 0.953005 1.433561 -0.002935 1.586175 0.095444 1.25483 -0.001506 -0.045203 -0.010013 -0.00865 0.009306 0.002149 -0.236119 0.017193 -0.293541 0.007224 -0.621503 0.003909 -0.456227 1.379305 1.204057
35.936016 82.405954 223.187381 0.041853 49.039301 -235.423882 21.344379 -377.608042 13.01186 -349.812809 18.151033 -261.994183 -59.274063 189.644641 -114.417483 1166.752293 -71.504099 2267.151955 -81.234601 2787.515511 -55.354498 2621.233039 -39.711812 2474.173301 122.041865 -4886.18646 0.004135 0.021891 0.048526 4.04192 0.756643 3.08583 0.653559 2.405284 0.438922 0.31964 0.499622 1.029898 -0.037376 -0.008774 -0.143178 0.427665 0.252434 -0.582236 0.143927 -0.768578 0.070454 -2.274875 0.232254 -2.078488 0.157673 4.299966
39.652788 85.640039 263.191966 15.642431 71.539183 -123.29477 36.293711 -218.238866 23.872194 -220.574845 29.94642 -147.99664 -63.680511 193.219773 -138.547237 1188.537455 -66.765989 1994.463072 -51.734863 2435.320081 -32.115204 2188.926295 -31.65002 2087.103361 111.364664 -3799.209135 0.091434 0.031123 1.647976 14.066027 2.117832 17.975151 1.972419 21.70842 1.635131 14.834214 1.468773 16.167214 -0.078985 0.016692 -1.153472 0.100753 0.081204 -8.73325 3.313597 -11.888461 3.143644 -19.465888 0.456835 -16.453052 -0.244343 68.286049
42.676077 90.718038 271.649498 85.732566 91.780478 -25.452473 54.970154 -73.327776 37.930731 -83.862093 42.727958 -41.018151 -69.379309 198.390772 -142.217992 1192.728166 -52.917216 1726.846208 -29.3286 2083.029523 -16.220066 1787.179624 -19.54934 1728.125015 103.758819 -2645.319764 0.055529 0.073122 0.066874 28.133868 1.259173 36.708735 1.931432 38.560945 1.620211 32.423202 1.132799 33.187341 -0.122092 0.034142 -0.023997 0.003688 0.803934 -9.635268 3.158108 -13.754782 2.688332 -20.348357 1.450511 -16.925846 -0.134497 104.143103
44.140658 102.426674 297.851538 191.950161 101.956812 0.00073 67.222336 -11.453131 48.299475 -19.830885 50.681349 -3.181007 -71.765519 197.662386 -144.096158 1212.326717 -21.540342 1430.032724 -5.589753 1659.781209 -1.950756 1360.20375 -4.070984 1355.950779 69.663681 -1708.510169 0.012354 0.355222 0.603081 21.117883 0.267448 25.725734 0.615812 26.821176 0.625664 22.131724 0.339214 21.353674 -0.020172 -0.00067 -0.00616 0.079855 6.934083 -13.984351 9.31057 -24.008097 6.920685 -29.096391 5.778234 -22.538624 -3.384607 101.980586
43.362879 116.071017 292.446095 276.813782 106.351172 20.992619 73.659556 2.729417 51.275359 0.315697 53.292283 8.716401 -71.441312 199.005286 -144.287258 1209.867231 -13.4086 1264.522286 -1.426719 1443.749695 -0.05813 1145.479484 -0.94428 1150.901974 54.786381 -1107.762334 -0.003457 0.426435 -0.02475 7.745722 0.046356 20.745843 0.147143 25.364742 0.044478 25.1508 0.032787 22.428683 0.000367 0.002273 -6.3e-05 -0.001249 0.959189 -5.087963 1.368462 -7.527923 1.335397 -9.21734 1.093964 -8.400089 -0.892448 64.819641
48.291191 118.856062 273.20744 361.662574 96.777975 85.843587 67.4484 44.961954 47.644232 30.34154 48.471537 58.779676 -67.348087 204.248365 -149.585946 1207.041195 -12.444989 1091.988559 -0.955153 1175.003717 -0.035665 922.807067 -0.907063 950.156067 50.286982 -618.488255 0.132596 0.016509 -0.327261 5.663003 -0.225711 21.93434 -0.136765 25.535566 -0.066668 24.467332 -0.114248 22.225901 0.060373 0.034087 -0.047773 -0.001652 0.017964 -6.324581 0.047147 -13.826343 0.00273 -12.021429 0.000374 -9.612136 -0.09638 70.789332
54.162309 130.893306 243.766377 481.855381 85.402192 150.622327 59.322716 95.928328 44.128542 67.914978 43.164501 105.562649 -58.070817 219.513976 -144.580453 1207.170003 -9.712036 957.471482 -0.330269 980.041662 0.000448 755.952888 -0.493482 792.619057 43.847707 -370.698919 0.168361 0.29025 -0.838998 8.607044 -0.355513 9.045943 -0.260685 9.541508 -0.067365 7.467862 -0.153806 6.799463 0.343592 0.275053 0.042589 3e-06 0.169194 -4.419304 0.16211 -8.837006 0.04411 -8.312509 0.062458 -7.134832 -0.220497 31.53812
52.897056 149.542939 217.331453 632.544439 77.122256 168.073211 54.195653 92.054317 42.393468 62.174214 39.221806 102.016885 -58.492088 228.498867 -141.409028 1256.507237 -10.305473 909.468366 -0.341029 897.689135 -0.038098 674.96885 -0.815815 717.468697 44.973306 -327.432641 -0.007477 0.620808 -0.758386 10.235083 -0.211051 0.47814 -0.115841 -0.039923 -0.017399 -0.12673 -0.094395 -0.030286 -0.000761 0.090105 0.017585 0.49406 -0.008798 -0.617235 -8.6e-05 -1.806756 -0.046811 -2.293513 -0.040298 -1.871109 0.007132 1.34199
51.829568 163.223341 189.744795 781.585092 60.638686 200.044233 39.173667 108.229753 31.492379 68.754817 28.67086 110.165379 -63.022357 230.592235 -137.091089 1284.417924 -10.782903 896.591178 -0.526249 887.16654 -0.159286 658.848426 -1.075088 696.435465 36.131085 -301.931994 -0.005441 0.299334 -0.935819 7.875921 -0.989713 1.390971 -1.21635 0.654253 -0.808596 0.165478 -0.824852 0.156522 -0.084477 0.004773 0.033475 0.153297 -0.005405 -0.045908 -0.020009 -0.031018 -0.041583 -0.097419 -0.01786 -0.156454 -0.483442 0.516831
49.618936 161.639621 169.281999 901.928181 57.105437 207.823297 40.689998 99.974241 37.489382 55.893457 31.313014 94.258385 -66.209017 217.909671 -132.585078 1303.386673 -8.995513 895.442703 -0.127902 883.62277 -0.024385 650.458373 -0.64258 685.026789 39.426036 -325.004916 -0.024088 -0.00386 -0.583615 4.30677 -0.053025 0.07419 0.014396 -0.163734 0.261172 -0.665301 0.058219 -0.619832 -0.039295 -0.179352 0.037648 0.069522 0.080929 -0.000368 0.135274 -0.003546 0.059024 -0.026882 0.055344 -0.04711 0.071879 -0.424716
51.152256 182.417705 155.764748 1027.512674 45.46904 285.371818 29.958881 160.160463 28.42068 100.568707 23.644594 145.872447 -64.237467 219.530313 -134.161411 1306.853061 -8.644348 902.295537 -0.054768 882.878418 -0.00805 657.990871 -0.558385 693.211627 29.385375 -244.076182 0.011666 0.627981 -0.281183 4.091394 -0.662174 6.134905 -0.81975 7.058267 -0.626872 6.513737 -0.53763 5.612592 0.0149 0.003002 -0.004658 0.002302 0.003496 0.013061 0.015279 -0.000157 0.004414 0.021682 0.002955 0.024304 -0.736486 5.783809
42.350866 184.804332 110.249289 964.242765 35.365601 362.934942 22.206909 254.190834 22.939267 178.499943 20.945919 226.50815 -68.213959 215.628276 -138.405273 1255.776519 -8.718742 799.182297 -0.027142 752.091725 -0.017484 546.026839 -0.689624 587.148955 24.223352 -100.136649 -0.415156 0.007756 -3.922811 -1.005167 -0.633895 4.656531 -0.579197 10.810361 -0.293341 11.102171 -0.081739 8.835287 -0.059705 -0.017495 -0.03304 -0.509062 -0.000159 -3.127317 0.0048 -5.239426 -0.001807 -5.217184 -0.00692 -4.400579 -0.249106 31.540664
40.649097 197.089529 101.480944 1001.920265 23.838424 377.509365 12.211788 262.365946 13.872637 188.630067 11.759482 238.269533 -70.678245 216.866868 -142.471013 1252.669065 -8.826962 741.951799 -0.045152 690.147773 -0.020477 507.773137 -0.738984 552.89318 14.959086 -77.432184 -0.017448 0.197653 -0.181639 0.361039 -1.133027 0.143451 -1.483241 0.064694 -1.134005 0.139786 -1.316667 0.148837 -0.021863 0.001774 -0.029428 -0.001925 -0.000334 -1.063003 -0.002279 -1.330855 -0.000118 -0.694547 -0.000853 -0.514772 -1.110968 1.457511
39.766821 197.937932 98.760678 1034.883824 19.916605 421.66828 7.703115 318.552165 8.449898 223.021519 7.13687 269.729577 -71.451842 223.505121 -141.21864 1262.590208 -11.375079 723.655824 -0.672125 669.745863 -0.688179 475.631431 -1.921786 515.814287 13.960957 -47.2666 -0.00484 0.000911 -0.018478 0.266758 -0.176113 1.220943 -0.517088 2.723541 -0.668679 1.439133 -0.574137 0.975086 -0.002105 0.050036 0.002764 0.019566 -0.161343 -0.114204 -0.368864 -0.153049 -0.471237 -0.525402 -0.277353 -0.643421 -0.01723 3.703642
40.290999 202.18431 92.921025 1089.291609 19.639865 461.626648 7.41945 356.244583 8.60054 244.669157 7.115358 291.605063 -71.377042 222.586813 -141.425827 1260.595273 -12.865746 714.397521 -1.103955 670.541276 -0.90937 468.893173 -2.293838 505.405698 15.103145 -36.144594 0.001716 0.022533 -0.088974 0.696904 -0.000968 0.904278 -0.002661 1.053523 0.000665 0.501262 -1.6e-05 0.426411 2e-05 -0.000945 -7.6e-05 -0.000789 -0.045877 -0.029803 -0.053297 0.000236 -0.015387 -0.024036 -0.01645 -0.053045 0.022452 0.744827
40.594469 199.44857 91.075024 1086.861289 19.169832 480.344848 6.659132 384.604686 7.989574 265.6681 6.706035 310.484573 -70.857752 217.600594 -140.59276 1204.724652 -15.368603 700.25735 -2.109115 664.076445 -1.747939 457.884944 -3.351037 490.716943 17.211546 -25.998966 0.000569 -0.009317 -0.009261 -0.001357 -0.002846 0.185996 -0.020546 0.543019 -0.011254 0.432207 -0.006062 0.296072 0.000948 -0.028242 0.00123 -0.633169 -0.111153 -0.070671 -0.161272 -0.015658 -0.135783 -0.06538 -0.099882 -0.108306 0.068856 0.833787
41.710798 206.801601 91.323429 1131.043354 18.509213 517.569242 6.094476 416.71281 7.451924 292.340913 6.345899 340.447622 -70.425467 218.425668 -141.424835 1208.505497 -15.321111 717.224605 -2.059532 678.468891 -1.698258 476.794396 -3.359597 511.022896 16.265035 -22.445256 0.007571 0.066549 0.000169 0.440111 -0.005792 0.694518 -0.012506 0.643531 -0.009363 0.637844 -0.004969 0.68998 0.000661 0.000781 -0.001227 0.002962 3.7e-05 0.101553 0.000295 0.077148 0.000358 0.191298 -5e-06 0.205829 -0.013383 0.13052
41.392438 206.92462 91.094934 1128.940944 18.664886 530.222545 6.45144 436.585013 7.495822 305.834932 6.39645 352.158091 -71.142471 217.557777 -143.067331 1207.231717 -15.404866 716.912248 -1.971884 678.582698 -1.623293 474.980136 -3.3537 508.986161 16.095622 -18.540793 -0.00061 1.8e-05 -0.000143 -0.000978 0.000326 0.076404 0.005079 0.23143 6.4e-05 0.152223 0.0001 0.099006 -0.001816 -0.000864 -0.004741 -0.000336 -0.000114 -3.4e-05 0.000953 5e-06 0.000846 -0.001729 3e-06 -0.002033 -0.000443 0.1864
44.3469 209.705118 95.222782 1146.120273 19.911073 554.244935 6.850101 465.089296 7.843303 325.672228 6.794895 370.593577 -71.183501 219.702294 -143.407746 1218.813555 -15.123652 730.835521 -1.84074 695.537746 -1.490218 483.359242 -3.220719 515.190278 16.171132 -15.516048 0.050918 0.009278 0.045732 0.064863 0.020134 0.266096 0.005975 0.45066 0.003936 0.311648 0.006019 0.235159 -6e-06 0.005259 -0.000202 0.027646 0.001295 0.066953 0.002256 0.104607 0.002845 0.036631 0.001345 0.018791 8.8e-05 0.134587
44.709079 208.097321 100.151143 1140.096565 21.18326 552.959334 7.403256 465.34346 8.275706 324.561065 7.307332 370.265826 -72.423896 222.175186 -144.003445 1234.676465 -13.403712 745.626229 -1.161025 713.442442 -0.839151 501.541759 -2.238816 533.54339 14.385366 -19.180455 0.000736 -0.003094 0.06217 -0.007936 0.019697 -0.000746 0.010738 3.5e-05 0.005801 -0.000949 0.009313 -7.2e-05 -0.005357 0.00692 -0.000617 0.051281 0.051896 0.074086 0.077969 0.113767 0.092838 0.16785 0.089024 0.160604 -0.052226 -0.194047
42.75617 207.582858 97.088881 1135.52578 20.421394 546.867435 7.16253 455.837869 7.695474 320.403884 6.662024 366.805403 -73.050175 222.531682 -138.379819 1246.426565 -12.80911 765.404397 -1.131949 734.519024 -0.831285 517.188679 -2.099189 548.451176 13.58527 -23.444514 -0.021805 -0.000318 -0.023773 -0.00459 -0.006976 -0.016872 -0.001989 -0.049045 -0.010543 -0.013398 -0.014913 -0.008123 -0.001348 0.000143 0.056002 0.027823 0.006745 0.129446 0.000184 0.153404 1.9e-05 0.120169 0.002248 0.102705 -0.011446 -0.213817
42.398979 207.715216 99.375416 1135.262677 22.359126 569.741201 8.276289 485.561571 8.717175 341.358077 7.765276 386.503843 -73.688666 224.295507 -139.663168 1252.081824 -13.39505 787.017158 -1.331495 761.825273 -0.933053 541.196632 -2.254397 570.781683 15.354119 -22.922598 -0.000749 2.1e-05 0.013306 -1.5e-05 0.043907 0.23431 0.040226 0.469364 0.031832 0.331833 0.042245 0.257593 -0.001389 0.003481 -0.002962 0.0064 -0.006552 0.150453 -0.008095 0.249172 -0.002937 0.272328 -0.002768 0.222787 0.054109 0.002937
42.068178 208.749239 115.144121 1136.357665 29.732831 561.984235 13.459328 469.876149 12.808961 332.789431 11.481045 381.356114 -73.613523 228.539053 -136.896727 1270.548967 -10.323064 804.380898 -0.431075 776.72906 -0.205394 560.835206 -1.086465 593.030314 16.258353 -29.587534 -0.000648 0.001284 0.580341 0.000264 0.524521 -0.026584 0.627013 -0.128762 0.39247 -0.054457 0.362097 -0.017255 1.9e-05 0.019884 0.013837 0.067596 0.199784 0.094731 0.247348 0.072187 0.262905 0.174997 0.210799 0.212683 0.012935 -0.424696
42.181217 210.546666 123.023367 1133.441279 37.475077 542.839219 20.730317 440.667897 18.678382 311.439159 16.565303 363.756159 -73.93908 236.165704 -136.406969 1302.282135 -8.307784 838.188596 -0.04065 819.643303 0.003541 599.121002 -0.399748 631.641864 18.167594 -46.639468 7.6e-05 0.003853 0.130369 -0.001874 0.447437 -0.16589 0.782093 -0.468589 0.551883 -0.35388 0.464688 -0.207889 -0.000359 0.062588 0.000439 0.195705 0.109316 0.347955 0.206974 0.576922 0.262869 0.632007 0.168166 0.608825 0.052983 -1.93173
45.618998 219.265982 123.917352 1160.762264 53.247301 509.828306 36.879423 380.95232 35.38127 256.331402 30.626137 314.694464 -71.43975 246.674309 -136.29032 1363.311686 -8.484465 913.408115 -0.044579 914.862071 0.010497 671.529294 -0.380708 701.792569 34.172925 -98.079892 0.067328 0.088451 0.001618 0.162684 1.381532 -0.517727 2.309753 -2.172945 2.645068 -2.680705 2.14341 -1.776257 0.021486 0.114369 2.5e-05 0.698736 -0.00093 1.615836 -9.1e-05 2.615574 0.001845 2.064779 0.000232 1.846559 2.507204 -9.450828
47.72021 222.127036 134.882799 1172.481785 71.681825 338.324082 56.626477 182.508846 57.13616 110.596531 49.062678 162.090446 -70.787627 250.051786 -141.578055 1381.83082 -7.330762 1053.419706 0.042921 1097.493562 0.365627 842.168674 -0.073731 863.835942 48.360553 -342.385211 0.023654 0.009273 0.232409 0.029433 1.367583 -17.520836 2.108924 -36.101068 2.594131 -30.182546 2.162038 -25.081618 0.001495 0.011483 -0.050316 0.062467 0.042137 4.989797 0.174984 8.304503 0.252222 9.648853 0.119357 8.408366 1.228581 -73.962145
53.466387 219.883179 148.838931 1084.171859 87.190293 192.790504 71.576897 67.885263 68.678727 32.281371 59.491595 69.004533 -64.973919 254.574994 -149.791521 1367.794624 -8.116652 1222.564532 0.004939 1340.775582 0.381856 1075.351161 -0.119905 1083.724435 58.818434 -734.999686 0.163288 -0.005695 0.343455 -1.728584 0.758749 -20.32825 0.874705 -27.7764 0.530591 -23.375473 0.502119 -19.57689 0.124537 0.020272 -0.115788 -0.035826 -0.020004 6.293889 -0.01874 12.167275 0.000176 14.231038 -0.005586 12.453023 0.511429 -74.084299
56.315984 213.373601 174.412425 1033.120515 102.879358 152.543822 86.498971 46.545647 78.480554 16.242207 68.733172 45.131574 -62.413384 251.102583 -143.469138 1363.617172 -12.119171 1404.2136 -0.871207 1616.886496 0.000906 1315.253817 -0.726403 1298.80442 77.948041 -1039.176854 0.036989 -0.048905 1.01319 -0.615555 0.648624 -2.353275 0.705884 -2.007363 0.326798 -2.727477 0.333469 -2.524581 0.025736 -0.011922 0.06816 -0.003195 -0.399786 6.288298 -1.007343 12.916294 -0.345555 12.067848 -0.256056 9.727906 1.344443 -26.269607
59.749049 228.406975 183.694136 1013.423691 118.872308 128.142622 106.038774 27.896625 98.062125 7.581298 84.587928 31.668633 -60.583233 258.469351 -148.747684 1337.070698 -13.692581 1569.00628 -1.821801 1853.301736 -0.010057 1536.995789 -0.773849 1507.169067 100.05835 -1328.684307 0.050784 0.25586 0.120306 -0.094788 0.577466 -1.062659 0.99407 -2.373792 1.089325 -1.630081 0.821964 -1.189222 0.013617 0.053253 -0.047679 -0.130473 -0.048 4.570384 -0.173353 8.062556 -0.017002 8.632488 -0.00075 7.747016 1.378507 -17.765011
59.67075 227.156381 195.690996 973.341109 130.019038 101.642467 117.583377 15.354422 106.9898 1.531413 93.352907 18.002985 -58.304153 257.635282 -142.235976 1337.570941 -16.906283 1752.96122 -4.025651 2104.071402 -0.397287 1789.012233 -1.531052 1739.840306 120.426363 -1685.859044 -2.6e-05 -0.001717 0.189729 -0.40437 0.249731 -1.533191 0.298197 -1.85846 0.194441 -2.297992 0.216003 -1.916831 0.021847 -0.000674 0.072869 4.7e-05 -0.169231 5.09719 -0.431204 7.953342 -0.280924 9.561569 -0.127928 8.347 0.942797 -21.234509
59.08011 213.206118 200.654208 940.115855 138.63179 79.352209 127.323537 7.217541 115.15832 -0.048726 100.702466 7.726773 -58.851947 247.488956 -136.145067 1369.659962 -29.66439 1830.871 -13.137165 2203.029444 -5.582766 1862.226668 -7.280739 1796.920255 171.452108 -1881.326798 -0.001469 -0.221021 0.031077 -0.288483 0.138095 -1.377814 0.193764 -1.517636 0.150231 -2.126471 0.139227 -2.141203 -0.001281 -0.101914 0.066642 0.190184 -1.781631 0.84695 -2.618313 1.136958 -3.001489 0.73412 -2.13431 0.460638 4.494729 -5.359458
59.126391 213.322757 201.195271 926.024503 144.209371 72.889281 131.100148 4.470625 120.780488 -0.445259 106.446961 5.959839 -59.175029 247.5772 -135.215696 1370.100737 -33.091781 1864.170692 -16.623407 2228.012207 -8.214144 1881.354203 -9.759144 1815.606138 191.990132 -1939.685179 9e-06 1.6e-05 0.000364 -0.053203 0.055 -0.137243 0.027597 -0.32737 0.066995 -0.199395 0.079666 -0.114534 -0.000442 8e-06 0.001591 3.5e-05 -0.093662 0.150051 -0.2049 0.070429 -0.253256 0.048866 -0.181202 0.048327 0.580763 -0.44568
60.105446 212.776135 210.776959 852.68105 151.164723 63.077305 137.344888 2.928619 123.752989 -0.555143 110.704247 5.692161 -58.212481 246.632652 -132.096525 1366.404221 -36.73149 1897.953291 -21.340937 2275.768223 -10.915108 1942.734379 -11.99817 1874.30959 208.173939 -2008.970405 0.00402 -0.000351 0.111441 -1.512772 0.081902 -0.354501 0.072644 -0.162461 0.018067 -0.006053 0.041736 -0.003075 0.003946 -0.000903 0.018199 -0.002497 -0.094929 0.151681 -0.294245 0.253199 -0.191642 0.492636 -0.115515 0.466991 0.327394 -0.607905
60.210388 210.355139 219.94797 835.748073 154.199813 67.717019 139.100144 4.807214 123.723286 -0.09151 111.469795 7.214515 -57.333397 244.0827 -128.384288 1359.001559 -37.096017 1928.458957 -21.277461 2312.568315 -11.348177 1985.678885 -12.345374 1907.504538 210.012338 -2012.730263 4.6e-05 -0.006926 0.097646 -0.084911 0.015084 0.082319 0.005572 0.231568 -2e-06 0.195871 0.001319 0.090096 0.003344 -0.006625 0.026454 -0.010053 -0.0009 0.121604 4.7e-05 0.147577 -0.004212 0.234737 -0.002476 0.145687 0.004041 -0.001758
59.361285 209.951878 221.092967 846.075477 155.187423 71.303842 138.794374 5.773077 124.154736 -0.0239 112.456195 8.125943 -57.995306 241.446611 -121.401426 1345.825658 -39.615826 1919.096064 -24.775451 2301.83547 -14.418119 1978.171526 -14.737197 1899.039908 223.191477 -1991.947298 -0.003015 -0.000193 0.001486 0.031709 0.001576 0.046279 -0.000168 0.044179 0.000375 0.021877 0.002173 0.027099 -0.001899 -0.007156 0.097623 -0.032092 -0.041396 -0.011392 -0.133039 -0.012482 -0.183539 -0.007109 -0.105825 -0.009411 0.200518 0.053929
59.811816 208.313969 220.159468 850.592689 153.310841 71.013677 137.23929 5.137155 123.353482 -0.116577 111.121686 7.226255 -57.459294 239.694155 -121.532283 1349.03535 -39.459989 1929.677854 -24.146992 2314.697921 -13.524878 1986.93911 -14.189964 1906.680444 218.569015 -2017.494529 0.000852 -0.003207 -0.000987 0.006013 -0.005708 -0.000296 -0.00438 -0.018549 -0.001297 -0.034908 -0.003983 -0.026385 0.001244 -0.003191 -3.5e-05 0.001911 0.000154 0.014547 0.004037 0.017919 0.014281 0.009693 0.005177 0.00767 -0.024185 -0.081391
60.694861 203.486847 217.294197 894.843333 148.643967 72.38819 132.234668 5.110171 120.520309 -0.24991 108.370559 6.361014 -55.838393 234.468695 -126.580029 1347.066198 -40.364545 1942.10181 -24.097986 2345.993355 -13.566273 2021.114165 -14.272756 1932.695335 214.957131 -2066.312797 0.003235 -0.028293 -0.009384 0.561016 -0.036067 0.006588 -0.046476 -3.6e-05 -0.016458 -0.025115 -0.017242 -0.027577 0.011595 -0.028794 -0.051352 -0.000719 -0.005125 0.019933 2.5e-05 0.105072 -3.2e-05 0.145701 -0.00012 0.088137 -0.015046 -0.2918
59.875447 205.361191 216.833514 901.120511 146.836385 84.644895 129.3335 10.505102 116.64073 0.263077 105.388309 12.389833 -56.04556 235.249967 -122.125571 1327.349545 -40.490215 1953.843142 -25.966213 2380.205468 -14.218494 2075.181048 -14.496761 1975.887541 212.307502 -2028.713771 -0.002784 0.004296 -0.000244 0.01097 -0.005529 0.479059 -0.01609 0.961554 -0.031734 1.025804 -0.020804 0.995634 -0.000192 0.00065 0.039894 -0.07268 -9.8e-05 0.017693 -0.03487 0.123829 -0.007656 0.356829 -0.000872 0.238657 -0.008216 0.172614
59.01031 208.798932 213.364982 925.114014 145.026366 89.708464 127.81714 12.406917 115.590731 0.488166 104.156394 13.831486 -56.396884 236.923006 -123.425121 1323.439487 -40.726734 1956.747882 -26.343161 2390.576321 -14.078593 2085.629102 -14.32164 1989.155302 210.350298 -2022.300881 -0.003148 0.014268 -0.013983 0.157623 -0.005613 0.073544 -0.004471 0.079067 -0.002374 0.034514 -0.003621 0.039661 -0.000549 0.002964 -0.003439 -0.002884 -0.000344 0.001079 -0.001358 0.011272 0.000346 0.013118 0.000532 0.022198 -0.004532 0.005076
59.519642 210.770642 212.28553 944.788312 143.289925 90.90832 125.233646 12.294975 114.923313 0.525458 103.37667 14.200048 -56.233577 238.303668 -123.413864 1326.319338 -39.991156 1962.413327 -26.204455 2395.088589 -13.163405 2085.661222 -13.450167 1991.828387 205.875717 -2019.977088 0.001094 0.004633 -0.001369 0.103505 -0.005229 0.003985 -0.013188 -0.000254 -0.000966 0.000686 -0.001465 0.002423 0.000118 0.002006 0.0 0.001565 0.003352 0.004095 0.000183 0.002127 0.015377 0.0 0.013677 0.000897 -0.024052 0.000668
59.388567 211.822296 212.038791 973.694087 146.282785 104.427327 128.615298 18.191203 117.303038 1.833518 105.751597 19.200848 -56.542499 238.75603 -122.852463 1322.263627 -40.467272 1965.997504 -26.538825 2405.812484 -13.498564 2094.99588 -13.757192 1998.850977 210.386089 -1972.874373 -7.2e-05 0.001309 -7.2e-05 0.217774 0.015467 0.468381 0.022525 0.575619 0.012193 0.39588 0.013486 0.376483 -0.000423 0.000214 0.00064 -0.003105 -0.001409 0.001635 -0.00106 0.011977 -0.002107 0.010421 -0.001732 0.006179 0.024437 0.277839
58.328231 213.364633 212.538669 988.967186 155.777246 114.854442 141.190592 23.194303 128.575284 3.66001 115.44185 23.6204 -56.472647 237.844656 -120.392417 1319.74804 -41.197784 1975.246683 -26.989674 2426.593931 -14.075798 2120.895946 -14.320467 2016.199759 227.734563 -1948.345839 -0.004776 0.002797 0.000294 0.059427 0.149254 0.248051 0.293218 0.303526 0.258523 0.312527 0.212362 0.22868 2.2e-05 -0.000871 0.01244 -0.001198 -0.003267 0.010853 -0.001899 0.044685 -0.006042 0.079558 -0.005651 0.037482 0.343613 0.076718
58.228854 216.554673 211.511588 1051.27248 167.939941 118.126272 158.95905 20.625749 147.759877 2.555501 130.595609 21.35826 -56.463733 234.046676 -120.688798 1317.918098 -40.928052 1985.552725 -26.555471 2436.928425 -13.898423 2142.661581 -14.068039 2036.686729 252.292275 -1997.222828 -4.2e-05 0.011835 -0.001244 0.951568 0.228569 0.022975 0.526396 -0.075344 0.66675 -0.098924 0.467113 -0.056922 0.0 -0.015284 -0.000182 -0.000635 0.000443 0.013408 0.001761 0.01098 0.000562 0.055558 0.001122 0.05178 0.628586 -0.302751
58.921973 218.070365 208.302958 1114.077094 170.579261 133.141856 163.042077 26.399053 152.207579 4.271256 133.715032 25.894189 -56.432923 232.360763 -121.891846 1316.631363 -41.012406 1984.483581 -26.596 2435.761609 -13.97098 2140.583429 -14.139961 2033.819727 258.406301 -1953.616831 0.00205 0.002643 -0.012262 0.910996 0.010289 0.449061 0.025888 0.355744 0.032975 0.219125 0.018409 0.218214 4e-06 -0.003047 -0.002983 -0.000314 -4.3e-05 -0.000144 -1.5e-05 -0.00014 -9.4e-05 -0.000504 -9.2e-05 -0.00101 0.0366 0.24065
60.569826 226.190971 199.313489 1173.270746 162.978305 153.0699 155.243117 35.40517 147.170117 7.086213 129.245259 31.555964 -53.792319 233.828061 -124.356385 1331.432833 -41.087141 1978.556737 -25.581399 2416.081582 -13.863758 2111.065499 -14.223124 2011.576567 251.373919 -1873.533978 0.011363 0.074224 -0.099138 0.766056 -0.086615 0.694607 -0.095564 0.659707 -0.042384 0.354373 -0.037991 0.279668 0.031634 0.002309 -0.012333 0.041367 -3.4e-05 -0.004432 0.009865 -0.039913 0.000207 -0.102468 -0.000122 -0.061151 -0.048508 0.837956
54.991368 216.106779 159.310189 1182.861681 137.27253 188.572604 132.294306 61.37729 131.667344 19.905089 114.669141 50.528959 -57.034968 224.324162 -124.846805 1330.741087 -38.967079 1990.121735 -22.20865 2430.90935 -12.208456 2123.410822 -12.968938 2009.570218 224.061956 -1732.138667 -0.134722 -0.114972 -2.238102 0.019521 -1.102415 1.849687 -0.917253 3.549989 -0.431294 3.238265 -0.435918 2.222791 -0.047448 -0.098585 -0.000483 -9e-05 0.028078 0.016851 0.119163 0.02268 0.0526 0.017996 0.028939 -0.000501 -0.785132 2.773453
51.066606 220.770658 150.200391 1218.526825 120.916516 231.040755 115.927667 92.281034 115.265291 38.129257 98.990996 75.29317 -57.397322 229.393167 -126.429859 1316.993004 -40.475387 2008.290815 -24.167909 2470.476986 -12.716653 2182.628736 -13.468754 2058.44047 204.553183 -1643.793483 -0.072644 0.024895 -0.134093 0.264862 -0.518589 2.154586 -0.540159 3.139757 -0.545341 2.935662 -0.575999 2.461106 -0.000574 0.028317 -0.004987 -0.035693 -0.01432 0.041281 -0.041405 0.159712 -0.005181 0.40721 -0.004725 0.293557 -0.444209 1.156156
53.658413 220.939048 127.709748 1258.136116 103.562804 218.101173 96.610347 79.290948 99.820956 31.060638 85.272686 66.71598 -57.168423 229.93523 -128.760807 1324.076195 -40.278969 2013.312985 -23.977937 2475.133396 -12.556238 2183.744408 -13.325072 2061.88065 183.183287 -1693.926964 0.032077 3.2e-05 -0.911554 0.316756 -0.671783 -0.186431 -0.879684 -0.49246 -0.555209 -0.362021 -0.511369 -0.259263 0.000229 0.00032 -0.010646 0.009498 0.000239 0.003136 0.000375 0.002192 0.000509 0.000143 0.000385 0.001436 -0.589343 -0.376531
50.080168 221.674833 107.330023 1304.392653 73.785965 332.942654 63.096432 187.82834 66.375766 97.669005 56.183483 145.319592 -59.061328 228.045442 -129.102117 1323.336275 -40.122172 2020.304193 -23.819744 2484.408862 -12.599319 2189.171425 -13.253998 2065.842737 136.812425 -1362.039489 -0.06173 0.000612 -0.885205 0.417525 -2.517634 12.099736 -3.555978 23.044814 -3.400009 18.572272 -3.023276 15.107778 -0.015415 -0.003899 -0.000226 -0.000103 0.000153 0.006059 0.000262 0.008674 -3.7e-05 0.003368 9.5e-05 0.001902 -3.377647 18.075463
48.527991 225.978656 102.228065 1363.605287 51.459907 461.7008 37.348789 327.925401 40.496625 193.104459 34.685639 244.752701 -60.279043 232.498342 -129.670612 1345.433844 -41.28119 2036.379819 -24.125118 2502.943547 -13.392171 2187.445766 -14.16613 2060.597686 100.465086 -1080.69557 -0.012217 0.020689 -0.062116 0.657153 -2.005961 10.500891 -3.35608 19.392245 -3.180646 16.107701 -2.579598 12.886065 -0.006213 0.021528 -0.000624 0.091486 -0.008251 0.031852 -0.000973 0.034441 -0.012095 -0.00034 -0.015175 -0.003333 -2.800458 16.256094
48.255824 241.351225 99.278825 1438.862592 21.232449 526.857341 7.612956 395.82404 10.306984 245.885398 9.27434 301.407225 -62.489597 247.73638 -135.758935 1391.484067 -39.804003 2086.008847 -21.831342 2560.517862 -12.076029 2227.625093 -13.422289 2095.699535 44.696008 -993.320663 -0.000383 0.252905 -0.021584 1.01066 -6.582754 2.149593 -11.237291 3.191998 -9.942964 3.184548 -8.088742 2.946405 -0.019903 0.241815 -0.069835 0.387438 0.013457 0.29875 0.057279 0.327336 0.03403 0.18283 0.01003 0.148228 -11.140375 1.841298
50.218616 242.721959 89.496829 1485.586804 15.713162 635.56464 4.26153 507.527778 6.819372 329.440739 5.973131 382.396955 -63.342681 249.307836 -134.651413 1390.264794 -39.279501 2082.228451 -21.741869 2545.775694 -12.468424 2215.399695 -13.821091 2081.114551 37.729794 -836.223552 0.019563 0.001941 -0.253613 0.373282 -0.414588 5.094203 -0.482763 6.932953 -0.358869 6.09976 -0.361659 4.813149 -0.002892 0.002484 0.002268 -0.000267 0.001739 -0.001714 9.2e-05 -0.021281 -0.003137 -0.01682 -0.002919 -0.025465 -0.294902 6.757192
50.467373 245.099616 90.529429 1517.968519 13.743246 694.138152 2.46892 584.914747 4.514033 381.9014 4.276185 431.668207 -62.902463 255.4322 -132.539579 1401.157751 -39.511076 2083.258312 -22.275216 2545.480376 -13.014182 2219.012372 -14.061959 2083.868297 32.857463 -759.779413 0.000307 0.005794 0.002961 0.174561 -0.065944 1.29071 -0.243116 2.744435 -0.236942 1.937094 -0.141455 1.492438 0.000768 0.037157 0.008346 0.021254 -0.00034 0.000127 -0.003231 -9e-06 -0.005845 0.001472 -0.00104 0.00091 -0.168359 1.831783
53.158784 245.857452 84.990781 1544.194682 16.057958 688.564195 4.827714 568.560246 7.557143 373.10255 6.611904 423.858693 -62.499822 250.58375 -133.674853 1361.035924 -42.495674 2051.303081 -25.350125 2510.094381 -14.518601 2199.27299 -15.455087 2063.022419 43.025126 -760.686427 0.034957 0.000585 -0.087409 0.11231 0.09003 -0.011235 0.391784 -0.115947 0.389876 -0.051273 0.253481 -0.035645 0.000646 -0.023229 -0.002421 -0.291407 -0.05433 -0.12349 -0.099369 -0.123842 -0.041132 -0.044095 -0.032894 -0.052395 0.684278 -0.000271
53.352695 252.790791 77.819692 1587.535101 22.751922 699.898564 11.439116 567.487714 15.883358 372.243473 12.966018 426.351704 -65.097165 247.740789 -129.190513 1328.462271 -41.833109 2033.47836 -25.59355 2498.72075 -14.595649 2188.595293 -15.153337 2049.805632 60.9308 -755.634829 0.000177 0.048204 -0.158004 0.299911 0.581649 0.046263 1.404154 -0.000506 1.528604 -0.000495 1.059816 0.003655 -0.026438 -0.00811 0.038253 -0.197264 0.002603 -0.038891 -0.000582 -0.012913 -0.000102 -0.012992 0.001487 -0.021236 1.553673 0.008415
51.693972 243.22748 69.763264 1496.616612 53.921577 638.751554 50.988604 496.218547 58.469981 321.961865 46.769817 377.208205 -64.367712 233.622212 -128.893271 1283.743628 -41.775187 1997.812892 -25.583148 2458.202883 -14.41615 2151.030158 -15.030913 2016.948143 130.952026 -808.600624 -0.013097 -0.0922 -0.220061 -1.340396 6.621532 -1.397269 14.125979 -2.390231 13.404192 -1.823354 10.484711 -1.504148 0.002055 -0.207096 0.000171 -0.3828 2e-05 -0.157772 1e-06 -0.165599 0.000555 -0.162591 0.000248 -0.132739 13.232198 -0.896981
51.346491 247.274366 73.758217 1433.574364 96.632611 649.260733 100.252931 530.541423 101.631591 352.359791 85.232071 406.215043 -63.276285 245.023197 -125.162418 1295.430893 -41.221967 2013.329567 -25.767441 2475.596016 -14.358634 2164.11906 -14.672056 2030.468043 192.391556 -769.998345 -0.000586 0.016695 0.055611 -0.678247 6.185455 0.042874 8.24843 0.573839 5.927681 0.685507 5.727768 0.537184 0.004666 0.135801 0.027396 0.02648 0.001844 0.030012 -0.000331 0.030658 5.7e-05 0.019851 0.002168 0.022581 5.89082 0.472051
50.855558 249.006484 75.228999 1437.944569 128.292658 690.665072 145.611532 571.056693 150.862653 385.117549 127.486888 438.918171 -62.07997 246.306448 -119.52436 1298.201521 -41.089281 2050.573721 -26.152488 2503.651819 -14.797758 2200.114998 -15.123722 2066.198731 260.157587 -744.251401 -0.001179 0.003023 0.00726 0.003326 2.239351 0.63986 4.220238 0.7453 4.846014 0.727887 4.239018 0.632974 0.005709 0.001676 0.064965 0.00148 0.000107 0.170668 -0.001428 0.079041 -0.003307 0.148449 -0.003424 0.155823 5.102507 0.218905
51.147226 242.558458 77.337961 1375.967046 136.345019 694.212276 153.809851 573.928671 161.752325 386.278068 136.244955 440.008998 -62.504629 240.25721 -119.826065 1281.90383 -41.685357 2050.427433 -27.649415 2506.977115 -15.069252 2202.737101 -15.277841 2068.280041 275.563393 -744.163921 0.000417 -0.042292 0.014577 -0.682623 0.122536 0.004543 0.112258 0.003602 0.189724 0.000873 0.14546 0.000677 -0.000724 -0.037605 -0.00019 -0.051474 -0.002146 -3e-06 -0.020828 0.001103 -0.001234 0.000781 -0.000391 0.000524 0.221559 3e-06
51.204022 240.388697 78.7431 1347.739199 125.982495 694.317029 135.95499 574.602427 140.515453 386.020974 118.491016 440.249962 -62.610796 243.337462 -119.197395 1279.394758 -40.736967 2047.372498 -26.979054 2503.222669 -14.599953 2194.686991 -14.792623 2059.567492 245.702802 -739.843809 1.6e-05 -0.004874 0.006325 -0.146277 -0.204751 4e-06 -0.550618 0.000198 -0.746958 -4.3e-05 -0.619438 3.3e-05 -4.5e-05 0.00981 0.000827 -0.001229 0.005456 -0.001139 0.004113 -0.001407 0.003712 -0.007368 0.003915 -0.009195 -0.855981 0.006288
49.828246 240.299526 78.784784 1297.627964 96.753935 688.630044 97.301132 563.24265 100.176197 375.77584 84.253313 429.482881 -62.263355 243.064645 -120.687881 1272.163108 -39.875748 2034.103863 -26.151056 2494.177041 -13.521963 2190.80514 -13.882007 2055.897354 187.307366 -751.916667 -0.009368 -8e-06 6e-06 -0.474672 -1.926085 -0.011693 -3.225042 -0.056707 -3.404451 -0.068895 -2.911793 -0.066649 0.000483 -7.7e-05 -0.00463 -0.010248 0.004601 -0.021568 0.006452 -0.008187 0.020669 -0.001718 0.014463 -0.001636 -3.955651 -0.048854
52.321287 250.784762 85.713471 1463.220673 73.23537 684.198818 70.89604 547.484813 75.620758 356.255945 62.151844 414.574702 -63.599819 246.488894 -126.932539 1297.196859 -39.455758 2042.047263 -24.322667 2519.457502 -12.294933 2217.144201 -12.83643 2084.854201 148.899365 -795.906627 0.030427 0.111949 0.145983 4.97051 -1.634795 -0.007152 -2.085584 -0.111783 -1.723408 -0.260299 -1.677844 -0.131668 -0.007096 0.011976 -0.078754 0.121957 0.001112 0.00774 0.033127 0.063737 0.029176 0.078693 0.020466 0.101251 -2.201055 -0.625235
53.686447 255.419245 82.860488 1563.033029 34.617641 694.970229 19.513542 562.497413 25.937276 369.608812 22.472175 427.783879 -67.405624 251.504443 -132.097964 1328.863557 -39.021607 2066.025065 -23.385359 2544.982105 -12.026431 2233.019015 -12.584577 2097.262785 73.286949 -785.659467 0.008791 0.021216 -0.024144 1.646461 -7.150762 0.042063 -16.020528 0.101528 -12.982722 0.122829 -9.879464 0.103574 -0.055292 0.025258 -0.051508 0.190935 0.001201 0.069977 0.009208 0.064322 0.001482 0.028315 0.001248 0.018409 -13.261637 0.033197
51.867165 254.503578 79.425711 1555.640316 22.926536 735.695025 9.161815 623.353762 13.525535 415.253513 11.911264 471.094028 -67.121117 248.741694 -130.736373 1333.514593 -40.723501 2073.439045 -24.818162 2549.595311 -14.30475 2239.977787 -14.481742 2096.242294 55.64966 -726.336647 -0.015679 -0.000822 -0.036353 -0.008762 -1.200141 0.579746 -1.933669 1.562564 -2.00267 1.328388 -1.662069 1.044001 0.000301 -0.007629 0.003527 0.004063 -0.018163 0.006639 -0.021299 0.002089 -0.098752 0.005413 -0.066571 -0.000124 -1.212002 1.164207
52.007973 252.276085 79.27025 1543.002947 33.163275 717.773989 19.666765 614.472336 25.680437 409.716108 21.789587 466.661288 -65.544791 250.480161 -127.021667 1345.812539 -40.350421 2091.410688 -25.07332 2565.583774 -14.269739 2253.638898 -14.506635 2111.954821 78.236107 -741.530708 9.5e-05 -0.004895 -7.6e-05 -0.02577 0.942045 -0.110486 1.982108 -0.031863 1.931764 -0.018584 1.480266 -0.010477 0.009365 0.003027 0.026769 0.028224 0.000858 0.038775 -0.000652 0.024988 2.1e-05 0.020766 -1.1e-05 0.029334 1.918911 -0.07864
50.586173 245.404011 82.355262 1499.486723 57.148145 628.409254 49.726646 465.027469 55.54242 295.455541 45.881778 361.356926 -64.475401 245.194994 -126.656019 1321.058178 -41.295207 2059.915911 -26.17136 2524.261042 -14.836074 2213.315999 -15.083763 2077.823817 127.790388 -891.444762 -0.009852 -0.047448 0.029445 -0.311219 3.243179 -2.96946 6.848635 -10.394543 5.688663 -9.31852 4.433876 -6.723411 0.004398 -0.028178 0.000264 -0.11489 -0.005467 -0.119472 -0.011765 -0.167745 -0.00551 -0.182 -0.005629 -0.139022 6.048272 -6.895933
49.001993 246.594088 87.376061 1426.133494 90.852976 617.811163 91.241083 428.73181 95.607515 269.903362 79.37621 337.126293 -64.446018 242.555952 -125.623089 1308.058265 -40.337398 2039.845402 -24.47202 2500.041425 -13.621103 2195.130714 -14.142001 2064.002569 181.402847 -925.588515 -0.012601 0.001439 0.074276 -0.919727 3.888956 -0.045065 6.251538 -0.737289 5.406698 -0.577728 4.561316 -0.420411 3e-06 -0.007139 0.002115 -0.03214 0.005619 -0.049128 0.028519 -0.058376 0.025948 -0.037508 0.015177 -0.023061 4.683529 -0.320825
49.508071 245.693179 88.988485 1452.305537 131.677604 621.893253 143.90976 449.814288 146.465231 279.842996 123.022045 341.425366 -66.7134 236.585962 -129.159825 1307.490078 -42.95021 2048.818607 -26.333036 2507.260043 -15.271201 2195.125129 -15.863624 2066.048094 256.323959 -907.434531 0.0013 -0.000824 0.007371 0.118986 3.776817 0.006721 5.974209 0.252995 5.402708 0.089864 4.761986 0.013619 -0.0196 -0.037194 -0.024549 -6.2e-05 -0.040993 0.009847 -0.034096 0.005203 -0.047159 -0.0 -0.049431 0.000507 6.459391 0.089899
51.436735 244.743842 92.484527 1469.341796 163.287846 663.637685 182.890081 503.946169 187.686474 317.45142 159.010606 379.075572 -70.445677 231.10581 -131.850568 1285.805306 -45.626406 2057.269149 -30.153409 2521.112542 -17.221883 2211.243374 -17.310922 2080.825791 318.615253 -853.030926 0.018426 -0.000919 0.033678 0.04967 1.698661 0.677952 2.333093 1.537401 2.552291 1.185176 2.30557 0.984389 -0.050789 -0.032108 -0.01387 -0.090664 -0.040438 0.008696 -0.129341 0.019081 -0.058606 0.02948 -0.031586 0.026331 3.38441 0.840817
55.992963 244.454675 103.194579 1431.577579 188.661585 753.318022 216.455568 608.834138 223.978275 402.390799 190.374234 465.372005 -69.543142 231.598821 -133.561169 1260.900244 -47.959199 2014.555997 -32.389593 2458.881151 -18.966661 2152.858654 -18.675703 2030.05203 373.300142 -693.754877 0.096661 -8.5e-05 0.293315 -0.245818 0.915849 2.84082 1.41311 4.954271 1.602838 5.028871 1.410575 4.421008 0.002909 0.000263 -0.005513 -0.12178 -0.029079 -0.224035 -0.039989 -0.388846 -0.042085 -0.390565 -0.025889 -0.313567 2.16437 8.222362
57.132646 242.783066 104.332877 1424.859307 199.366001 985.080055 230.731191 906.434349 241.987333 677.311184 209.528383 724.156657 -68.402141 236.483108 -138.823096 1292.540648 -45.285348 2045.091754 -28.664062 2482.839273 -16.399036 2150.206441 -16.641954 2025.509813 384.376195 -413.923731 0.005741 -0.002867 0.003122 -0.007901 0.147678 15.518443 0.22792 29.511878 0.348145 35.587452 0.458977 28.490789 0.004719 0.025484 -0.05083 0.19604 0.038345 0.114843 0.113773 0.058076 0.093331 -0.000817 0.058605 -0.002544 0.080962 35.92937
56.900589 247.121613 111.142924 1434.576552 225.195772 1051.717407 268.27121 976.522081 280.538004 737.684261 243.445237 784.300443 -67.737425 245.390752 -140.383218 1334.870961 -51.441523 2044.235759 -33.117845 2463.282562 -20.181302 2141.187959 -20.472846 2018.299654 451.206808 -365.292576 -0.000236 0.019211 0.107642 0.016511 0.786453 1.09037 1.414074 1.304861 1.424029 1.288544 1.271564 1.199475 0.001623 0.082338 -0.004359 0.341015 -0.196103 -9e-05 -0.160743 -0.038663 -0.196061 -0.009476 -0.198237 -0.006428 2.676871 1.519024
60.76946 248.040342 118.291264 1442.57157 215.059651 1369.905711 259.480539 1442.775324 277.27342 1132.084563 239.281747 1137.903517 -68.656056 243.518805 -140.221329 1289.477901 -51.926978 2017.8217 -33.774024 2445.257515 -20.428371 2113.880911 -20.346878 1996.779072 448.224138 -152.041139 0.063619 0.000852 0.111385 0.011108 -0.116699 20.995132 -0.073217 45.353883 -0.009553 42.069763 -0.017955 32.803809 -0.003094 -0.003584 4.7e-05 -0.392609 -0.00114 -0.085881 -0.003218 -0.033096 -0.000752 -0.087623 0.000194 -0.057675 -0.004946 45.99732
57.326357 234.222881 111.318311 1157.719184 206.613071 1654.82362 240.350439 1928.769666 270.653678 1731.535913 231.509209 1683.970976 -70.48075 241.272615 -141.534583 1258.236753 -48.70699 2033.29183 -30.300416 2471.825738 -17.607717 2145.494388 -18.124582 2030.124272 426.327951 -22.162945 -0.050203 -0.197985 -0.105904 -15.649362 -0.084606 13.448987 -0.366219 35.210906 -0.039989 63.445426 -0.064165 53.339504 -0.011965 -0.005204 -0.003061 -0.191553 0.051528 0.029538 0.094225 0.071778 0.10473 0.117321 0.064239 0.138062 -0.274151 58.106206
56.620646 228.438685 103.816384 1072.431232 196.456511 1783.165841 229.11448 2119.768182 271.018776 1970.792694 219.877081 1903.18406 -70.244211 241.754568 -144.624605 1247.199815 -50.098941 2039.732608 -31.048979 2481.808498 -18.434052 2156.61375 -19.370256 2040.778294 430.817239 -4.185071 -0.002185 -0.036158 -0.130839 -1.631436 -0.127983 2.396381 -0.134477 4.507893 0.000123 7.738872 -0.149904 6.704383 0.000199 0.00024 -0.016684 -0.02431 -0.009805 0.005092 -0.004567 0.010059 -0.009474 0.01437 -0.020698 0.013941 0.011756 7.086292
55.391489 226.996234 101.927564 1096.236294 197.446745 2024.918623 250.174801 2401.807715 269.945176 2308.38335 221.185149 2234.467831 -69.891468 242.957234 -143.817036 1248.651622 -51.299904 2081.972793 -33.381321 2524.851923 -19.785019 2213.136817 -20.554996 2105.554078 435.892712 1.003303 -0.006744 -0.002284 -0.00867 0.130656 0.001245 7.681475 0.462926 8.804875 -0.001065 13.337303 0.00194 13.283547 0.000444 0.001492 0.001131 0.000422 -0.007112 0.216449 -0.042229 0.185031 -0.023884 0.36558 -0.017582 0.506008 0.014861 9.286615
50.080759 237.334019 96.278334 1145.384269 210.947814 2141.731336 270.304897 2522.066135 277.199781 2445.95463 231.517734 2370.130499 -70.761954 244.823389 -153.02138 1246.526523 -61.596539 2168.25752 -45.816234 2613.064077 -27.370834 2310.539107 -27.601859 2203.272005 478.779561 1.928004 -0.133788 0.115094 -0.080523 0.538854 0.223226 1.637754 0.389422 1.468787 0.048097 1.990795 0.117932 1.99891 -0.002694 0.00357 -0.142738 -0.000905 -0.470529 0.875932 -0.982303 0.757307 -0.614153 1.048738 -0.518379 1.108193 1.005985 0.149673
49.346319 249.18494 101.705273 1161.369328 232.440089 2243.720549 296.659671 2612.750867 303.193966 2566.244691 254.958969 2503.760976 -67.794293 251.369099 -156.052324 1257.381886 -58.145377 2255.307245 -44.677321 2675.715815 -22.654026 2418.747837 -22.931902 2319.588423 491.601593 2.182559 -0.002713 0.144357 0.074393 0.055386 0.521202 1.186104 0.612869 0.800843 0.582395 1.443656 0.565095 1.832259 0.031785 0.043177 -0.014862 0.023531 0.049744 0.856593 0.007167 0.371104 0.222869 1.2381 0.216244 1.495928 0.084715 0.007889
47.018964 236.639598 99.09338 1128.544444 230.358685 2222.762595 295.017511 2564.053334 302.944307 2532.192325 255.70148 2483.38786 -69.041722 236.671232 -152.306721 1192.066656 -67.001091 2283.289071 -60.217835 2756.11269 -30.504507 2437.468385 -28.842886 2328.77652 525.71079 0.902822 -0.028109 -0.162005 -0.016988 -0.235277 -0.004681 -0.04917 -0.002279 -0.229051 -5.1e-05 -0.113719 0.00054 -0.041614 -0.005686 -0.221371 0.02275 -0.870979 -0.313721 0.086259 -1.157573 0.595012 -0.582877 0.036084 -0.338527 0.009081 0.57198 -0.277918
43.893582 218.510419 94.289925 1098.649012 233.92514 2198.411301 298.544036 2512.980817 312.996729 2504.691296 262.447919 2469.074402 -68.629389 224.803455 -150.327158 1149.859825 -72.879867 2278.902204 -70.003681 2760.926822 -36.187966 2495.352404 -33.387554 2374.128241 562.038778 0.008721 -0.053738 -0.361197 -0.059666 -0.200651 0.013698 -0.067063 0.010476 -0.256889 0.082035 -0.075077 0.043922 -0.020684 0.000617 -0.152627 0.006474 -0.380362 -0.123588 -0.002109 -0.368212 0.0021 -0.24261 0.339631 -0.16617 0.218676 0.606799 -0.734074
43.231413 218.542051 90.229671 1099.287042 225.447543 2173.452411 294.458386 2493.096892 307.558417 2500.495637 257.670778 2451.627797 -69.432044 229.7171 -154.436383 1172.346474 -74.019107 2324.880389 -68.259601 2825.167198 -36.214935 2616.479524 -33.815188 2477.408953 554.848772 -1.314643 -0.002516 1e-06 -0.044677 9.3e-05 -0.078233 -0.071246 -0.014075 -0.039489 -0.02383 -0.001759 -0.021939 -0.030929 -0.002333 0.026561 -0.027704 0.108875 -0.004418 0.229599 0.011001 0.369396 -5e-06 1.435282 -0.001361 1.099457 -0.023143 -1.537519
39.50467 221.888668 84.194126 1101.192945 210.229721 2172.893355 275.780123 2507.235569 287.045919 2501.396434 240.28003 2451.744668 -74.021158 225.050267 -163.290512 1147.382198 -79.551975 2309.004824 -75.016361 2821.312907 -39.888395 2617.972463 -37.049564 2481.331343 540.941801 -1.327481 -0.083976 0.012715 -0.104455 0.000825 -0.265854 -3.6e-05 -0.305987 0.019989 -0.353923 8.1e-05 -0.303775 1e-06 -0.073422 -0.023946 -0.123393 -0.134333 -0.099702 -0.027195 -0.15941 -0.001315 -0.08871 0.000213 -0.073849 0.001551 -0.088252 -3.1e-05
37.894251 220.068914 81.71941 1098.260634 206.707154 2177.916042 272.453885 2509.797856 285.095391 2506.936825 238.005734 2462.145832 -76.616708 222.574542 -154.436457 1150.025567 -81.096648 2303.690059 -78.517045 2816.920578 -42.488292 2624.215642 -38.614929 2485.433639 547.703796 -1.340451 -0.016756 -0.003746 -0.018457 -0.001955 -0.014881 0.002899 -0.010091 0.000654 -0.003325 0.003064 -0.005407 0.011008 -0.022363 -0.006846 0.123391 0.001521 -0.007426 -0.003062 -0.039914 -0.001711 -0.041038 0.003718 -0.016194 0.001694 0.021001 -3.2e-05
35.186753 209.878647 76.601683 1085.1789 198.525457 2163.972104 262.413545 2497.015593 275.131571 2497.916358 229.506747 2451.166832 -81.893325 217.56736 -165.385429 1135.252033 -87.399129 2288.471341 -84.705995 2799.773709 -47.452293 2596.498334 -43.257635 2459.784768 551.106281 -0.953919 -0.050171 -0.120778 -0.082737 -0.039189 -0.082603 -0.02239 -0.094245 -0.016316 -0.088612 -0.008129 -0.077259 -0.012267 -0.087851 -0.028482 -0.187472 -0.047753 -0.117911 -0.025218 -0.117376 -0.026173 -0.137091 -0.073578 -0.131742 -0.066516 0.005268 0.032794
33.287097 209.476361 73.60084 1082.223885 192.839832 2165.728146 254.843632 2500.716797 267.424872 2499.264831 222.801978 2452.990878 -84.096967 217.318536 -169.636358 1131.452322 -90.499998 2276.153526 -87.439421 2793.867766 -49.500019 2597.554174 -45.372068 2459.255643 547.033875 -0.947816 -0.026356 -0.000193 -0.029979 -0.002014 -0.041302 0.000356 -0.055395 0.001371 -0.054737 0.000182 -0.049697 0.000339 -0.014628 -7.1e-05 -0.02697 -0.003185 -0.027027 -0.01662 -0.021703 -0.003118 -0.021627 0.000107 -0.025226 -2.8e-05 -0.007551 1e-05
33.800285 205.996151 75.170179 1063.921553 192.530723 2168.495662 252.058767 2507.697001 261.818719 2506.084265 218.531125 2460.183866 -82.748757 216.203349 -169.309531 1115.272291 -90.434518 2235.648528 -87.824811 2761.349958 -49.131841 2568.45964 -45.261565 2434.102776 537.786497 -0.383368 0.001963 -0.014576 0.008277 -0.078043 -0.000124 0.000884 -0.00765 0.004864 -0.029693 0.004646 -0.020665 0.005265 0.005447 -0.001434 0.000158 -0.058262 1.2e-05 -0.181822 -0.000424 -0.095173 0.000687 -0.08193 6.7e-05 -0.064646 -0.039415 0.125593
35.955814 197.661884 75.226828 1056.385915 188.53209 2178.512466 246.348545 2525.979669 256.123123 2522.298126 212.949364 2470.964947 -82.412609 213.923169 -170.552093 1113.835387 -92.194766 2223.417404 -88.719641 2743.425415 -50.771984 2537.75679 -46.833592 2403.472749 534.96421 -0.023613 0.033312 -0.086047 1.1e-05 -0.013391 -0.02098 0.011541 -0.032712 0.033202 -0.031317 0.026141 -0.036105 0.011785 0.000342 -0.006044 -0.002271 -0.000463 -0.008483 -0.016775 -0.002268 -0.029183 -0.013464 -0.092306 -0.013418 -0.096971 -0.003713 0.216691
35.968467 199.135133 75.355816 1061.189413 189.178207 2200.897886 247.111775 2536.333432 257.52288 2536.997476 214.172485 2494.446445 -82.386368 212.478368 -168.806638 1113.590125 -92.569553 2210.371216 -90.645669 2724.821175 -52.015711 2525.241289 -47.655547 2395.615434 541.014168 0.013651 1e-06 0.002735 5.5e-05 0.005448 0.000553 0.057212 0.00059 0.010588 0.001907 0.021354 0.001751 0.055522 2e-06 -0.002448 0.004489 -1.4e-05 -0.00038 -0.019194 -0.010341 -0.031648 -0.007525 -0.015469 -0.003575 -0.006432 0.017009 0.073172
35.881083 198.908097 75.934045 1063.691376 192.765511 2200.987368 252.350503 2528.074981 264.456547 2532.521966 220.401152 2493.382607 -82.314807 209.067997 -165.842519 1089.994805 -96.277574 2174.662463 -97.955438 2677.215688 -56.614278 2510.447965 -51.120289 2382.765445 565.791207 0.048311 -5.3e-05 -6.5e-05 0.001105 0.001473 0.016847 1e-06 0.027475 -0.006733 0.046053 -0.001976 0.044639 -0.000113 1.6e-05 -0.013795 0.013127 -0.126329 -0.036407 -0.145396 -0.141709 -0.209766 -0.097378 -0.021729 -0.060785 -0.017278 0.277365 0.010601
35.741332 198.606928 75.80228 1065.432128 191.95652 2203.572217 249.765998 2522.493305 264.881658 2529.499018 221.172561 2495.389324 -82.207228 207.103428 -165.452277 1088.250216 -97.606987 2181.288692 -100.143448 2682.46454 -58.621669 2517.615484 -52.683726 2389.02938 572.724553 0.01399 -0.000136 -0.000114 -5.7e-05 0.000712 -0.000851 0.000758 -0.006652 -0.003084 0.000171 -0.000903 0.000674 0.000404 3.5e-05 -0.004637 0.00023 -0.000699 -0.004558 0.00504 -0.012084 0.00257 -0.017486 0.005109 -0.011774 0.004111 0.021112 -0.010306
35.194744 197.245368 75.427547 1062.12337 190.733793 2202.918659 247.315514 2510.955986 263.120221 2522.466363 220.167604 2493.00493 -82.461748 204.860275 -166.701331 1076.072721 -99.655353 2150.388585 -102.725312 2647.077579 -59.639353 2498.191326 -53.924335 2373.385976 573.297554 0.058686 -0.002106 -0.002342 -0.000464 -0.002573 -0.001953 -4.8e-05 -0.00604 -0.013223 -0.002938 -0.004895 -0.001144 -0.00057 -0.000197 -0.006107 -0.002349 -0.034258 -0.010635 -0.110215 -0.01643 -0.117482 -0.004379 -0.037611 -0.007219 -0.025693 0.000143 0.015369
35.063679 192.710813 75.642114 1049.384037 191.016742 2190.960537 247.257589 2468.995324 262.687832 2489.600588 220.059011 2477.852203 -82.740082 203.290061 -167.248175 1064.363315 -102.36437 2125.4111 -106.415109 2628.837123 -61.57881 2487.739195 -55.801609 2363.140022 578.636484 0.000348 -0.000122 -0.026366 0.000152 -0.03843 0.000105 -0.016272 -3e-06 -0.176782 -0.000178 -0.107757 -1.3e-05 -0.023095 -0.000234 -0.00302 -0.000448 -0.032029 -0.018164 -0.072955 -0.032551 -0.031532 -0.015516 -0.010956 -0.01606 -0.011082 0.012372 -0.049995
35.291487 194.230068 76.048563 1053.846319 191.123355 2201.133339 247.512399 2493.311176 262.608815 2497.297362 220.482569 2494.885262 -82.007068 202.667859 -163.869352 1061.49622 -103.479356 2143.185277 -110.761951 2649.355666 -64.456498 2500.945121 -57.684382 2373.483254 587.271726 -0.001331 0.000369 0.002983 0.000545 0.004734 1.5e-05 0.011781 6.6e-05 0.059576 -6e-06 0.00594 0.000204 0.029172 0.001631 -0.000477 0.01724 -0.001933 -0.00302 0.037005 -0.043506 0.039882 -0.032857 0.017479 -0.015619 0.011293 0.031979 -0.00304
]