01-31-21_Sreya_4K+Depth.alligator_above_wall.0000000005 [ 46.279065 253.522643 88.33806 1179.201019 196.361199 2402.076465 254.402604 2833.186334 256.199345 2818.985138 213.552996 2703.957339 -47.255742 150.260444 -96.265644 797.199258 -49.968031 1365.748824 -42.384581 1647.758361 -28.04409 1432.476874 -25.897313 1379.851373 453.770747 232.441724 0.0 0.0 0.0 0.0 0.0 0.0 0.0 0.0 0.0 0.0 0.0 0.0 0.0 0.0 0.0 0.0 0.0 0.0 0.0 0.0 0.0 0.0 0.0 0.0 0.0 0.0
44.841734 217.553645 89.62194 1128.503597 183.470269 2388.238765 239.319182 2787.666881 237.873337 2783.083547 196.474891 2676.369799 -45.665911 155.690739 -101.310009 890.725407 -54.692141 1371.049592 -45.304202 1627.168963 -31.961395 1411.721654 -29.873075 1373.068436 444.222387 230.494765 -0.011337 -1.375213 0.004631 -0.556947 -0.218813 -0.019986 -0.230456 -0.184319 -0.339989 -0.115041 -0.355815 -0.070728 0.013601 0.048195 -0.064405 2.593085 -0.106672 0.005133 -0.048618 -0.064723 -0.128002 -0.07573 -0.141893 -0.008356 -0.050765 -0.004094
44.052117 227.221156 89.785371 1125.954894 192.492929 2350.441986 247.107746 2775.590367 247.055466 2752.293303 206.59842 2632.140844 -44.901944 155.564406 -93.060696 937.3017 -51.587618 1387.260577 -43.01977 1635.146711 -30.325783 1396.06093 -28.458125 1354.173545 450.495667 227.96183 -0.003507 0.105078 7.4e-05 -0.001441 0.108282 -0.15074 0.062358 -0.013108 0.08694 -0.085635 0.127151 -0.184255 0.003222 -2.6e-05 0.175134 0.593455 0.045353 0.047638 0.029547 0.009755 0.021479 -0.043675 0.017164 -0.065455 0.021993 -0.006997
47.518585 222.888108 89.20892 1119.512378 185.893493 2326.150564 239.470243 2734.670331 242.730596 2705.410851 201.937077 2597.31328 -42.938297 158.67609 -95.123 920.855129 -53.857913 1375.331905 -45.07045 1634.532642 -31.911845 1397.007592 -29.763324 1354.987856 450.664953 214.241751 0.065636 -0.020857 -0.000928 -0.009242 -0.057555 -0.063088 -0.059944 -0.151941 -0.019095 -0.201367 -0.026594 -0.115975 0.021951 0.015407 -0.011301 -0.072786 -0.024443 -0.025754 -0.023872 -5.8e-05 -0.020213 0.00016 -0.014632 0.000122 1.6e-05 -0.212895
45.346136 232.74625 83.231803 1128.724663 182.045647 2308.073217 235.277394 2729.560267 241.933558 2699.339631 202.050423 2593.203708 -42.577893 158.458802 -89.946746 926.048445 -51.6923 1376.520066 -43.942286 1625.310937 -31.115706 1395.245054 -28.790284 1351.352552 446.576593 213.22396 -0.025414 0.106658 -0.10362 0.018874 -0.020121 -0.035259 -0.018515 -0.002389 -0.000655 -0.00341 1.6e-05 -0.001627 0.000759 -7.4e-05 0.072402 0.007302 0.022219 0.000257 0.00715 -0.013044 0.005028 -0.000556 0.008086 -0.002442 -0.009315 -0.001212
46.628396 231.657876 86.182061 1131.466356 188.856321 2300.997374 244.825254 2721.403494 249.93992 2691.474929 207.607592 2584.954021 -44.942732 157.061749 -91.517025 943.088895 -51.848236 1377.855867 -43.977339 1620.303886 -31.00522 1383.581541 -28.358751 1339.622586 457.006973 215.587579 0.008939 -0.001275 0.025691 0.001663 0.062536 -0.005431 0.094949 -0.006103 0.065165 -0.005737 0.037694 -0.006572 -0.031955 -0.003093 -0.006794 0.077678 -0.000117 0.000324 -7e-06 -0.003862 9.8e-05 -0.024478 0.001629 -0.025566 0.060203 0.006514
46.595597 231.20205 87.247517 1148.454936 200.025855 2309.34796 261.479921 2716.664346 271.738117 2697.958339 226.798622 2589.579336 -45.107232 155.905303 -89.986377 936.03698 -52.04241 1372.557624 -44.425487 1615.472972 -31.914977 1380.804484 -29.030647 1336.68125 489.905779 218.528129 -6e-06 -0.000224 0.003273 0.063295 0.16044 0.007563 0.273998 -0.002065 0.455615 0.0039 0.424114 0.002067 -0.00015 -0.002137 0.006454 -0.013232 -0.000181 -0.005103 -0.001136 -0.003606 -0.006577 -0.001395 -0.003933 -0.001616 0.571678 0.009959
45.191738 228.248369 81.132186 1140.828252 187.221966 2309.441338 247.391446 2683.055747 258.014759 2657.60877 213.725059 2566.353392 -46.096373 159.700656 -97.020237 944.851703 -51.447508 1376.821942 -42.341635 1608.808352 -30.064972 1382.2751 -27.975794 1347.345574 464.229741 206.584285 -0.010736 -0.009494 -0.111087 -0.012704 -0.211731 1e-06 -0.195062 -0.104593 -0.177783 -0.152002 -0.194037 -0.052313 -0.005364 0.022822 -0.132329 0.020655 0.00171 0.003307 0.025027 -0.006888 0.027616 0.000391 0.00976 0.021186 -0.345537 -0.167819
44.333088 228.51887 80.843602 1135.602507 185.777787 2308.156834 246.789936 2694.110484 256.14182 2672.062559 211.530832 2574.474775 -45.462649 159.20225 -93.222339 934.285879 -52.709341 1345.977852 -45.124327 1572.135194 -32.26207 1351.464739 -29.539342 1318.358476 470.2133 222.896651 -0.004118 8e-05 -0.000257 -0.005998 -0.002796 -0.000179 -0.000366 0.011364 -0.003411 0.019599 -0.005661 0.006415 0.002193 -0.000389 0.037913 -0.029704 -0.007644 -0.174708 -0.044276 -0.21141 -0.038737 -0.173628 -0.021256 -0.157609 0.019158 0.309897
43.239839 234.563716 81.389716 1143.674497 188.633342 2328.312873 249.360636 2721.355921 258.206566 2703.033482 213.971469 2600.69532 -43.563088 164.704763 -90.778168 945.872672 -50.378364 1363.65503 -42.673195 1594.356658 -30.103974 1370.954692 -27.638572 1336.401675 464.640275 223.930286 -0.006824 0.039455 0.000919 0.014293 0.01089 0.043812 0.00666 0.068537 0.004144 0.089227 0.007 0.066425 0.020268 0.046742 0.016234 0.035703 0.026357 0.057662 0.034222 0.077973 0.03735 0.069766 0.031602 0.061316 -0.016612 0.001196
45.510487 236.987966 83.337928 1147.232192 194.63973 2366.589026 260.025894 2766.578402 265.782946 2739.184318 217.786594 2637.516457 -45.899948 169.51574 -92.245938 998.265345 -50.125903 1376.995563 -41.400032 1601.968321 -29.806556 1359.725008 -27.497116 1330.95853 473.601573 239.097197 0.029052 0.006232 0.011521 0.002762 0.047067 0.15603 0.111664 0.186328 0.054776 0.12007 0.016856 0.129416 -0.030526 0.034628 -0.005886 0.706095 0.000317 0.032469 0.009641 0.009063 0.000738 -0.023091 0.000181 -0.005554 0.042796 0.24847
45.626889 235.493758 88.550453 1136.811202 205.298329 2343.043791 271.831271 2741.032646 277.634613 2731.444596 229.801575 2632.092529 -44.166521 171.410824 -88.751364 971.57922 -47.043081 1359.367655 -38.787241 1583.846444 -26.907338 1355.033493 -24.876931 1324.679864 477.404997 238.778043 7.4e-05 -0.002363 0.079053 -0.023773 0.142054 -0.058856 0.131035 -0.059244 0.129255 -0.005475 0.161293 -0.002791 0.016682 0.005267 0.033739 -0.180771 0.048916 -0.056781 0.042578 -0.051542 0.074153 -0.004054 0.065583 -0.007422 0.007606 -0.000107
46.337148 240.083551 89.80288 1150.915118 208.867065 2338.943463 274.78041 2735.440277 280.299553 2701.763088 233.075089 2602.598494 -43.73758 177.622103 -90.100854 996.188095 -47.045534 1369.191027 -38.554468 1597.39972 -26.799387 1365.071562 -24.629403 1335.102897 480.440869 225.949357 0.002743 0.022149 0.004397 0.043476 0.015376 -0.001795 0.007956 -0.002855 0.006365 -0.081075 0.011575 -0.08309 0.001047 0.055271 -0.005091 0.153885 -0.0 0.017683 0.00035 0.028871 0.000108 0.018522 0.000619 0.020423 0.004811 -0.1771
46.448225 240.677577 91.541317 1114.563175 212.938143 2243.543529 279.261094 2621.75581 285.898366 2594.83148 238.196026 2503.366411 -41.389984 184.673171 -85.773521 971.428365 -47.858781 1330.436262 -41.799307 1542.387705 -29.316626 1328.094062 -26.396633 1299.773388 498.31688 210.147455 6.6e-05 0.000367 0.008333 -0.291671 0.019647 -0.993143 0.018119 -1.206379 0.027682 -1.079518 0.027823 -0.964356 0.032376 0.068621 0.053244 -0.15579 -0.003484 -0.278188 -0.065543 -0.481968 -0.056487 -0.253865 -0.030612 -0.236867 0.163257 -0.286384
46.34364 237.791711 81.455117 1091.808935 199.469952 1896.019756 258.402564 2133.9274 275.834072 2031.327868 232.521064 1984.400473 -40.864778 182.854293 -81.538736 923.162352 -50.218236 1316.494895 -46.081725 1525.199117 -33.735204 1327.183643 -29.369868 1294.830495 502.497435 74.644815 -5.9e-05 -0.008703 -0.294278 -0.117335 -0.219977 -14.613416 -0.404753 -25.086394 -0.090166 -34.447903 -0.03421 -30.107637 0.001677 -0.004501 0.053601 -0.614905 -0.028385 -0.036715 -0.104403 -0.048157 -0.155014 -0.000156 -0.079317 -0.004708 0.008731 -34.301409
47.434598 229.135322 80.205776 1055.733541 171.477786 1596.805643 205.396469 1780.828856 217.325214 1621.276454 186.048826 1587.480717 -39.076248 182.50023 -77.608567 826.669229 -55.667581 1235.612832 -55.363678 1450.161823 -40.856548 1277.523141 -33.84691 1240.468354 446.64033 20.454106 0.006346 -0.080248 -0.004828 -0.303027 -1.057669 -12.839741 -3.038904 -15.956702 -3.483072 -23.08973 -2.587818 -22.122051 0.02001 -0.000172 0.048535 -2.662545 -0.140316 -1.28199 -0.425528 -0.946354 -0.340719 -0.473449 -0.158732 -0.582886 -1.645031 -16.950524
54.261053 211.087907 71.456729 1108.546282 74.431667 1380.197901 51.038157 1526.273347 47.196676 1258.351984 43.423266 1220.285811 -39.551662 174.611163 -68.517248 828.393468 -56.592887 1190.721151 -56.615309 1400.457042 -44.156658 1221.634581 -35.727436 1177.373737 182.656072 0.271824 0.229376 -0.370092 -0.252566 0.644464 -19.959215 -7.890682 -51.661022 -9.811425 -61.96792 -22.961539 -49.707271 -24.114111 -0.001437 -0.087151 0.283086 0.000898 -0.003813 -0.415325 -0.006995 -0.433371 -0.064077 -0.624995 -0.025419 -0.823381 -58.046655 -16.010032
52.159002 180.744434 80.828436 939.087222 11.879872 1238.008364 1.226752 1492.419411 6.1e-05 1243.590284 0.107953 1174.821476 -39.051474 158.541046 -63.219544 767.015346 -48.661201 1121.811012 -48.623413 1356.980352 -37.26913 1179.737954 -29.79211 1124.118398 37.364673 0.841369 -0.020762 -1.176665 0.288643 -7.024136 -26.839237 -3.863866 -36.439466 -0.189838 -47.089289 -0.043548 -39.201017 -0.431545 0.001591 -0.387809 0.106565 -1.181098 0.299282 -1.02694 0.303894 -0.342771 0.291819 -0.365512 0.26939 -0.616233 -54.795028 0.156732
51.56767 162.953956 83.378852 885.121812 6.590969 1089.545198 0.061291 1315.882067 -0.444535 1081.364626 -0.108704 1032.676474 -40.044397 158.979867 -57.401521 814.799566 -30.228867 1080.462409 -25.642574 1281.082987 -19.226556 1082.737878 -14.983694 1037.613782 13.824083 -0.000436 -0.001686 -0.460743 0.019807 -0.798402 -0.773398 -4.739693 -0.73963 -5.554298 -0.455024 -5.666621 -0.433312 -4.581248 -0.006233 0.000303 0.140395 0.721909 2.183537 -0.388203 3.645042 -1.092014 2.958521 -2.080319 2.51964 -1.731493 -5.73406 -0.880098
53.605552 176.601365 61.551498 1087.340021 7.998151 954.429988 0.848816 1004.540301 0.816219 763.975695 0.824062 759.224527 -38.858063 173.204485 -48.616098 918.833708 -15.141019 983.320653 -9.182719 1114.948056 -6.479478 924.405843 -4.959221 896.332408 11.895121 -7.639325 0.019745 0.274369 -1.653091 10.39316 0.068023 -4.470726 0.453927 -20.981942 2.465475 -27.499523 1.531361 -20.987895 0.008919 0.304699 0.36464 3.124324 2.582231 -2.287487 4.135324 -5.766634 3.383127 -6.254698 2.702561 -5.167447 -0.072439 -7.524375
43.962518 171.568807 57.742523 1102.908679 13.568073 655.623608 14.71565 576.718386 18.317617 398.657354 14.470969 429.25118 -41.013284 167.079405 -40.865768 957.755901 -2.18976 904.746312 -0.006225 1015.295083 0.104865 865.457159 0.10032 833.526026 15.650565 -89.344985 -0.477699 -0.036373 -0.060824 0.055333 0.731686 -27.970371 8.495979 -58.975059 11.400483 -58.885743 8.388519 -46.72613 -0.029083 -0.05513 0.336273 0.403684 5.814669 -1.635695 8.710753 -2.332164 8.232945 -0.970993 6.470226 -1.140539 0.2572 -44.733553
38.734991 158.629768 64.09509 994.766364 1.525599 738.600995 -0.341011 757.584379 -0.4274 588.371026 -0.150072 592.114913 -45.095383 153.821235 -8.515379 1027.402052 18.740051 566.245838 39.179786 503.837926 29.795265 398.956837 25.837441 421.517747 -37.359754 18.339435 -0.165388 -0.25361 0.165723 -2.789408 -5.994346 2.471393 -19.53693 12.315109 -24.341072 18.403713 -17.568372 13.068468 -0.096813 -0.274001 12.072301 1.222089 33.741713 -39.477102 40.173761 -88.686689 26.364886 -89.20329 22.717818 -69.554823 -101.371512 188.642101
36.984831 150.659783 46.655019 950.203837 3.918232 573.615567 0.410423 535.890073 0.502022 396.077379 0.373556 417.196849 -41.592087 137.558582 -29.661371 817.931097 -0.598779 652.364378 0.051841 705.763693 0.508432 582.211388 0.501756 576.212926 -2e-05 -17.870607 -0.020229 -0.102705 -1.381784 -0.510568 0.553984 -10.413154 1.499656 -19.140197 1.855845 -18.96313 0.997169 -15.272576 0.070818 -0.454184 -6.391356 -11.927479 -26.038429 3.046785 -36.381273 16.973403 -22.519386 17.265297 -19.138059 12.065467 37.304653 -72.417048
37.739167 139.927867 46.7463 999.906688 5.958791 498.54523 1.708682 410.81861 4.363733 286.940298 3.588343 314.551101 -39.843573 131.466 -19.759813 887.891384 3.065217 469.082792 11.758522 423.675993 9.451927 314.466537 8.361955 335.550341 -0.971099 -0.630265 0.003808 -0.198242 4.5e-05 0.633496 0.213085 -2.631359 0.444253 -8.29808 1.905559 -8.775699 1.646346 -7.23507 0.018773 -0.068998 1.00205 1.435232 6.373527 -15.078508 10.248855 -35.794161 5.575994 -40.90693 4.767047 -32.335171 -0.962232 11.788729
38.523682 143.776295 36.731887 1079.531976 4.134718 584.18714 0.143812 519.798892 0.761675 371.251694 0.583888 394.611131 -41.967569 135.514447 -12.651525 947.303064 7.569831 356.584415 19.541883 281.717075 12.895032 208.764482 11.815718 236.76037 -7.388748 23.224769 0.004035 0.026103 -0.602864 1.525054 -0.166189 3.392364 -0.861073 6.403115 -1.479179 5.422288 -1.277277 4.533633 -0.027576 0.030697 0.789082 0.961934 1.001113 -7.699939 0.983172 -14.43211 0.266841 -10.788071 0.297783 -8.590841 -3.002532 31.506898
39.019001 136.571239 33.127107 1062.549021 2.128088 498.00119 0.108663 426.306168 0.51974 304.584946 0.442415 327.705248 -41.604735 123.161909 -12.834487 932.861529 7.796001 251.569292 18.852202 180.993494 13.273969 135.092353 12.137375 160.728594 -8.540514 33.982354 0.001582 -0.092602 -0.093067 -0.067324 -0.330169 -3.437403 -0.002459 -4.63074 -0.023046 -3.296152 -0.009798 -3.105315 0.000788 -0.295103 -0.000657 -0.055463 0.001665 -9.135548 -0.006195 -11.095876 0.002744 -7.984924 0.00216 -7.339447 -0.041694 1.020565
38.718559 134.115987 24.307295 1054.928812 1.825013 420.782113 0.168391 307.596886 2.08289 226.477202 1.583316 255.544526 -41.978574 118.188471 -7.806639 915.036594 7.194485 245.210487 15.719471 168.30921 9.840292 129.295814 9.843732 151.289697 -2.868626 13.530095 -0.000581 -0.011135 -0.681239 -0.013712 -0.011635 -3.250686 0.006515 -9.664282 0.521706 -5.775383 0.351834 -4.481142 -0.000836 -0.051249 0.621715 -0.085972 -0.012073 -0.040698 -0.14223 -0.230379 -0.256463 -0.06355 -0.119994 -0.142801 1.509738 -4.627278
41.768445 135.788383 25.61243 1051.850401 2.734274 338.873902 1.016048 223.391877 5.892802 153.906112 4.482846 182.052805 -42.964156 122.732849 -14.454807 863.715244 0.589165 300.547298 3.546363 228.248189 1.537223 178.253242 1.684545 199.54345 1.410539 -0.893519 0.057805 0.005181 0.017064 -0.002249 0.091587 -4.428694 0.357171 -6.719192 0.968821 -6.986873 0.737837 -6.215376 -0.005718 0.042863 -1.015886 -0.740528 -3.666011 2.812671 -4.333058 4.556009 -3.598896 3.921666 -3.384026 3.334266 8.302253 -21.377574
39.706967 134.428034 27.58395 1041.520014 5.781601 369.363742 2.332729 260.64341 7.304029 178.91165 5.689957 206.016255 -41.281802 120.837812 -21.242091 864.305501 0.001254 330.432463 1.672691 254.408784 0.362746 180.368245 0.464505 201.764832 4.411313 -0.002953 -0.026084 -0.003424 0.036546 -0.025489 0.563899 0.656603 0.269709 1.435575 0.075673 0.940698 0.071872 0.740584 0.0168 -0.007372 -0.651195 0.000101 -0.536062 0.708125 -0.347927 0.709489 -0.406488 0.006237 -0.379892 0.006148 0.832933 0.793743
42.42289 139.854408 24.762696 1066.40318 6.397506 349.331993 2.779044 233.982393 8.71795 160.338608 6.8819 187.035412 -42.774568 124.615281 -24.360161 886.867597 -0.109681 297.6372 0.846802 215.350386 0.083833 156.559576 0.130662 179.967338 7.091989 0.022533 0.044918 0.053683 -0.076082 0.146873 0.015583 -0.27922 0.019521 -0.719056 0.06251 -0.508794 0.056632 -0.458569 -0.013256 0.029069 -0.106724 0.145351 -0.134388 -0.856803 -0.139209 -1.626583 -0.09781 -0.842261 -0.102447 -0.622843 0.316706 0.0418
42.703182 128.869046 27.167585 1004.869227 6.577556 325.844463 2.519904 218.366122 7.684631 149.96271 6.201713 175.989369 -40.085067 121.043899 -23.561052 876.550152 -0.621597 297.574374 0.034468 214.164285 -0.124174 157.73491 -0.016984 180.299889 9.762496 -0.098175 0.000461 -0.224634 0.055715 -0.914236 0.001249 -0.408657 -0.00634 -0.269638 -0.032581 -0.173524 -0.017693 -0.168092 0.04366 -0.025962 0.006663 -0.030183 -0.209062 -3e-06 -0.539581 -0.001638 -0.412063 0.002198 -0.241862 0.000153 0.212909 -0.214778
40.03459 136.617494 26.013161 1019.396794 4.825776 314.19548 1.768449 200.126858 6.538236 143.554109 4.985218 172.741426 -44.627932 122.261695 -20.167675 863.303288 0.257636 269.831295 3.033679 182.886373 0.989968 138.51209 1.115225 162.829729 2.439926 0.045067 -0.043047 0.113097 -0.012531 0.052131 -0.135358 -0.106017 -0.066353 -0.397652 -0.046276 -0.069971 -0.066339 -0.015125 -0.121897 0.003048 0.131863 -0.05043 1.679597 -0.678649 2.421415 -1.233886 1.815363 -0.624321 1.407462 -0.445028 -2.441322 0.276277
41.62346 136.111547 28.241114 1075.26907 2.963741 327.684747 0.592496 200.325145 4.34914 140.289166 2.997102 171.183501 -50.053345 128.535073 -18.356617 915.429513 1.249554 247.365197 5.899127 146.65342 1.679466 112.654629 1.822566 139.400479 0.623337 1.514091 0.015459 -0.000469 0.045765 0.74529 -0.225827 0.141756 -0.313704 4.9e-05 -0.222348 -0.018778 -0.251549 -0.003529 -0.155571 0.078473 0.042593 0.76395 0.372413 -0.488174 0.472059 -1.997966 0.090583 -1.33455 0.086425 -0.9095 -0.59677 1.036718
40.506222 137.282097 27.684842 1061.555257 2.875949 305.066976 0.581754 178.243454 4.300711 127.356293 2.941629 158.892325 -50.745697 129.338381 -18.727229 913.129458 1.153485 217.118068 5.553581 124.067948 1.63587 98.656808 1.77729 124.599312 0.631714 1.829557 -0.007599 0.002506 -0.002767 -0.044007 -0.00066 -0.404366 -4.9e-05 -0.644555 -0.000136 -0.312647 -0.000259 -0.228925 -0.002378 0.001251 -0.001852 -0.001447 -0.001921 -0.985892 -0.005214 -0.943764 -0.000287 -0.464136 -0.000285 -0.415241 2.8e-05 0.014915
42.400648 136.407735 28.698473 1047.195794 2.3763 303.435005 0.246049 181.654609 3.449038 127.199412 2.341203 157.200347 -50.313276 132.133315 -18.469 900.72334 0.729113 207.996733 4.118432 115.151924 1.146773 91.446732 1.390978 116.419006 0.618242 2.942917 0.021647 -0.001397 0.009112 -0.048891 -0.02382 -0.002188 -0.071126 0.016166 -0.04694 -4.8e-05 -0.034232 -0.004528 0.000925 0.014938 0.000896 -0.042427 -0.048454 -0.097866 -0.107067 -0.166213 -0.043321 -0.136778 -0.02364 -0.138862 -7.3e-05 0.131683
42.159155 138.125906 33.962934 1043.450852 2.916453 320.384786 0.382542 201.594353 3.620277 141.007853 2.596407 171.66485 -48.183599 131.893005 -18.638166 898.15405 0.376849 211.532306 3.220035 125.559832 0.981399 96.962944 1.186409 123.17666 0.831829 4.111553 -0.000345 0.005377 0.221537 -0.003354 0.027635 0.230313 0.014998 0.519066 0.002074 0.355694 0.0066 0.318251 0.023026 -0.000109 -0.000386 -0.001835 -0.057601 0.014898 -0.0552 0.225114 -0.006435 0.080768 -0.008131 0.095317 0.015816 0.097471
39.082023 137.186576 34.561202 1019.612231 3.064654 328.01521 0.388489 216.793581 2.842066 150.680123 2.070641 181.45471 -45.282059 132.634223 -22.682859 904.076449 -0.295142 285.503435 0.328972 205.351112 -0.014454 144.441519 0.001126 168.449201 3.261883 0.065947 -0.058296 -0.001602 0.002612 -0.137732 0.001836 0.044899 2.3e-05 0.27617 -0.047028 0.160409 -0.02971 0.135733 0.045048 0.001038 -0.198433 0.009731 -1.338995 5.535182 -1.49056 9.76393 -1.234058 4.715005 -1.114426 3.535528 0.799275 -3.136072
39.230953 137.455069 47.323988 986.300537 4.8732 400.337505 0.460488 311.396875 2.766092 201.497972 2.134536 230.321143 -43.654405 134.874216 -28.695823 923.122691 -1.722751 422.296281 -0.006166 353.940374 -0.373403 240.960154 -0.157436 260.989081 5.172096 -1.7633 0.000142 0.000131 1.000731 -0.276619 0.208773 3.599541 0.003059 8.541176 -0.000515 3.685689 0.000485 2.90983 0.014895 0.009378 -0.353069 0.099269 -0.591771 13.344422 -0.425217 20.099315 -0.240925 12.281581 -0.185195 10.089252 0.21917 -2.511254
44.388786 136.156403 50.308245 983.137865 6.564523 396.933352 1.308677 295.925067 4.356403 204.876229 3.50723 229.588836 -41.426537 139.199844 -31.47131 956.501231 -1.429639 439.202055 0.044511 376.164397 -0.057206 258.881185 -0.014927 278.108947 5.412036 -3.155195 0.159224 -0.003082 0.04562 -0.002539 0.125741 -0.007267 0.21658 -0.197108 0.179812 0.014042 0.169542 -0.000583 0.029174 0.034137 -0.06405 0.296393 0.013656 0.165893 0.083812 0.338322 0.138301 0.321369 0.075409 0.271902 0.00272 -0.201057
43.298415 137.977577 49.857071 989.277805 6.812167 400.979259 1.517834 269.142939 4.607387 205.690772 3.738043 221.723467 -42.704194 145.470665 -37.672921 998.652951 -3.837549 502.133006 -0.261325 444.683555 -0.897727 300.449657 -0.706045 316.738485 9.572631 -8.949432 -0.00678 0.006049 -0.001016 0.009557 0.002293 0.010258 0.007749 -0.635044 0.003514 0.000808 0.003677 -0.068543 -0.009702 0.069076 -0.278676 0.454433 -0.582613 2.105913 -0.521538 2.864771 -0.501697 1.546786 -0.515653 1.255631 0.589192 -1.476889
43.660155 158.055095 52.132058 1040.75514 8.202224 358.831033 2.425256 241.019465 6.497105 160.515569 5.335434 190.113786 -43.530717 169.360102 -44.596561 1043.187092 -4.807436 566.990289 -0.535979 497.175253 -1.280762 352.566698 -1.120765 374.263863 13.54718 -37.298938 0.000752 0.681633 0.025376 0.652783 0.064485 -1.169925 0.105833 -0.775764 0.161974 -2.797088 0.141718 -1.214858 -0.003961 0.907677 -0.291858 0.48572 -0.054578 1.969064 -0.0488 1.463872 -0.033938 2.083045 -0.047697 2.398633 0.344196 -9.707745
43.127894 160.512246 60.407623 1015.681802 14.585973 336.92003 5.365711 226.316309 8.143947 141.634585 6.657733 175.406143 -42.815627 173.876145 -47.283239 1092.169381 -3.477201 674.902574 -0.037316 641.779272 -0.19477 457.793883 -0.282094 473.552542 10.857604 -90.156648 -0.001632 0.009476 0.304683 -0.15286 0.912419 -0.345103 0.576198 -0.23135 0.092914 -0.590502 0.073117 -0.29602 0.002961 0.029711 -0.039289 0.561869 0.107493 4.697316 0.290449 9.216906 0.476624 6.861041 0.278295 5.833974 -0.148658 -11.477188
42.323408 162.916752 62.512876 972.446117 21.494169 321.888929 11.452989 215.063671 14.294855 134.437087 11.458961 168.076843 -41.472471 177.046724 -55.256271 1071.275804 -2.974022 768.636746 0.004687 787.934594 -0.038045 592.54445 -0.043157 599.210876 15.807813 -162.499651 -0.003787 0.008938 0.01803 -0.470177 0.667525 -0.171494 1.140253 -0.143462 0.859503 -0.093839 0.647784 -0.078206 0.010702 0.014323 -0.310444 -0.100893 0.019653 3.046462 0.068453 7.490128 0.060653 8.679608 0.104576 7.384925 0.463511 -10.578429
42.239692 160.381103 61.331863 949.224422 28.47199 299.374898 17.960623 197.986069 22.759371 117.672846 18.347298 148.364102 -40.874723 173.017446 -54.785896 1056.068226 -5.849287 821.469363 -0.476349 871.425416 -0.129199 662.03944 -0.348867 654.955004 26.318143 -221.486292 -4.1e-05 -0.009944 -0.005631 -0.140312 0.489629 -0.408078 0.728925 -0.353189 0.979753 -0.557993 0.806882 -0.614601 0.00217 -0.023189 0.001005 -0.054357 -0.481629 0.877947 -0.575538 2.101755 -0.027025 1.926242 -0.146617 1.239447 1.332217 -4.557714
43.353302 150.818804 73.729041 718.77207 23.873475 217.728543 12.284381 146.196434 14.060015 87.00122 11.52034 114.565319 -40.189403 167.732532 -58.2143 1027.49223 -6.75414 855.304603 -0.760745 927.789453 -0.256228 703.458779 -0.343704 690.646118 18.112328 -295.680162 0.007245 -0.146946 0.570169 -15.996489 -0.202379 -6.486323 -0.53742 -3.918739 -1.042461 -2.311212 -0.790698 -2.181415 0.002897 -0.040986 -0.052021 -0.195969 -0.032524 0.341412 -0.033134 0.883075 -0.021535 0.628326 1.9e-05 0.473424 -0.764336 -5.349679
43.207431 140.579827 78.107889 588.025822 18.197686 162.25144 8.170759 103.183256 9.560555 67.019486 8.452012 92.180688 -40.360682 167.874755 -63.822999 992.396815 -6.99718 861.492514 -0.8687 937.740803 -0.311219 730.355901 -0.440724 718.035263 13.321657 -354.89114 -0.000123 -0.179941 0.063154 -6.557088 -0.384616 -4.071645 -0.417903 -3.737478 -0.432509 -1.301656 -0.237099 -1.215377 -0.000182 3e-05 -0.128953 -0.304913 -0.002148 0.011152 -0.00358 0.026542 -0.002671 0.252306 -0.006023 0.26629 -0.367204 -2.700112
42.569298 139.855677 72.748035 649.840574 4.227453 136.95357 0.136807 73.807009 0.765478 46.063923 0.634483 68.598383 -40.935679 161.972921 -66.631733 963.158652 -6.996912 827.653896 -0.841965 894.878993 -0.180946 703.220402 -0.445294 695.172314 1.690762 -389.322713 -0.002374 -0.000935 -0.095247 1.54437 -4.883205 -1.071389 -6.193032 -2.45491 -4.915528 -1.958606 -4.455012 -1.738873 -0.002033 -0.052804 -0.03024 -0.218587 0.0 -0.338978 0.000209 -0.5013 0.017554 -0.256841 -1.2e-05 -0.184951 -5.520579 -0.796927
44.302019 136.185477 39.406839 524.425297 -0.716389 110.80662 -7.454055 64.912676 -5.265394 40.730462 -4.981625 59.625315 -39.519656 159.867617 -70.447328 895.999274 -6.482968 822.393325 -1.068073 906.069739 -0.02124 717.787562 -0.194854 708.854677 -4.617794 -416.548323 0.017282 -0.0244 -5.070419 -6.716581 -8.424361 -1.38355 -9.610529 -0.285434 -10.046113 -0.164024 -9.171813 -0.314352 0.012462 -0.006886 -0.053114 -1.213413 0.009801 -0.008386 -0.01343 0.034769 0.078198 0.074668 0.051022 0.066669 -11.896971 -0.460027
45.588528 138.890593 29.113981 480.640127 -8.577656 126.381944 -26.961379 85.479049 -23.203403 57.727623 -20.590519 78.563794 -35.765995 164.988911 -66.666818 936.392431 -5.670225 829.886995 -0.802262 902.195098 0.000453 708.957038 -0.091892 704.37156 -23.408885 -362.079152 0.009207 0.013301 -0.777482 -0.954192 -4.336247 0.51194 -6.062543 1.412883 -6.362231 1.478236 -5.316355 1.303888 0.093635 0.040371 0.052128 0.445267 0.027207 0.016993 0.018985 -0.004151 0.027896 -0.027328 0.019123 -0.007111 -7.232698 1.907542
47.315213 151.686437 50.641003 661.549995 -0.495808 179.061406 -8.87587 115.250957 -6.027942 72.437491 -5.417209 97.102448 -38.878687 187.089787 -72.171861 1028.713848 -5.990596 836.44781 -0.596001 890.816133 -0.034777 686.340498 -0.261809 686.137827 -5.147008 -312.832775 0.016047 0.281875 2.960161 14.418029 4.948966 4.577077 4.898232 2.220135 5.578119 0.833847 4.884931 0.980962 -0.064928 0.694349 -0.109182 2.169845 -0.004402 0.012916 0.015297 -0.036107 -0.043167 -0.183309 -0.043487 -0.119555 6.602696 1.799081
47.947064 154.241635 80.7138 688.112101 3.79145 277.460937 -0.109275 218.330275 -0.017003 152.450932 0.0 181.621271 -36.293747 185.902838 -67.318154 990.906492 -6.984384 806.498945 -0.997615 855.437089 -0.249681 655.94781 -0.515991 659.327383 0.13637 -175.943669 0.002095 0.010671 3.488814 0.261404 7.029397 10.730708 7.015466 16.325669 5.404647 14.715513 5.418458 13.123493 0.044457 -0.001889 0.084471 -0.353908 -0.038114 -0.272988 -0.051436 -0.358426 -0.098091 -0.344126 -0.042705 -0.267146 6.958967 19.560305
45.898373 161.935525 100.389824 714.601933 6.768445 378.609197 0.061249 331.217152 0.039923 244.036607 0.234696 275.098748 -40.808025 200.698706 -76.507654 1061.889891 -8.432927 833.729097 -1.160981 852.604818 -0.64248 646.799184 -1.090824 658.284001 1.002712 -96.247398 -0.022365 0.093626 1.072025 0.250149 0.428317 7.844054 0.334144 11.719455 0.109035 10.722802 0.234436 9.668415 -0.132268 0.283235 -0.293874 1.22763 -0.0682 0.226045 -0.006191 -0.002348 -0.091124 -0.032124 -0.106341 -0.000413 0.399514 11.928735
43.992361 153.681402 100.753673 725.089024 7.091402 403.446533 0.132921 341.538705 0.169967 252.516039 0.426649 284.50423 -41.961121 191.750865 -74.510932 1041.310353 -8.465412 818.716112 -1.370143 832.040574 -0.835911 641.386735 -1.25916 651.130002 1.75974 -89.016601 -0.020209 -0.107951 0.000329 0.038196 0.003763 0.394504 0.013712 0.079182 0.045141 0.072405 0.028469 0.079047 -0.008033 -0.102019 0.013201 -0.100686 -3.1e-05 -0.0682 -0.008657 -0.125517 -0.012709 -0.011371 -0.006037 -0.019543 0.105753 0.141162
45.43649 157.895299 104.963227 819.89929 21.109091 637.589428 7.386399 633.101471 5.374247 494.547786 5.541564 513.044391 -41.866617 194.574209 -70.977416 1062.959794 -7.405072 817.256701 -0.86669 822.72257 -0.455402 611.206213 -0.752124 625.804176 8.95851 -6.171025 0.011661 0.028497 0.043074 2.911823 3.730671 26.672625 5.537594 44.632312 3.632728 40.293005 2.892956 33.44575 5.3e-05 0.010317 0.042916 0.111371 0.035461 -0.000651 0.057393 -0.026235 0.057335 -0.363644 0.06496 -0.251172 2.777306 48.312317
44.816911 152.004688 103.27561 742.033304 19.552529 339.016667 6.28897 285.289258 6.135008 226.101247 5.781028 255.384286 -40.582128 194.369732 -65.550581 1067.824164 -6.246904 826.351188 -0.521344 856.461763 -0.223719 645.885431 -0.478977 651.767739 8.701819 -107.694846 -0.002127 -0.05599 -0.006839 -1.942108 -0.029804 -46.759994 -0.044105 -68.409438 0.025171 -51.865447 0.002533 -44.485377 0.010006 -5.4e-05 0.107898 0.005552 0.049215 0.025161 0.043648 0.338988 0.040741 0.478436 0.030684 0.263851 -0.001866 -62.306679
44.258628 149.078267 98.931168 726.727372 14.554576 272.718309 3.350382 201.552379 3.713169 144.143027 3.557934 175.482645 -40.467765 196.162798 -64.780825 1076.003506 -6.069134 842.055207 -0.366457 869.156756 -0.209359 656.126125 -0.491428 660.632005 5.685919 -185.204909 -0.00175 -0.014222 -0.046676 -0.079754 -0.36818 -3.60324 -0.45884 -7.255446 -0.30243 -9.185176 -0.268457 -7.47345 8.1e-05 0.004116 0.002273 0.015603 0.001283 0.073909 0.013615 0.046698 0.000238 0.040274 -8e-05 0.029936 -0.319641 -10.441871
44.794369 138.010485 96.16403 691.68912 4.189279 255.635624 -0.143706 191.08916 -0.0588 133.872294 0.000572 165.220207 -39.919873 193.090047 -65.515213 1043.768756 -4.309801 830.062146 -0.052955 867.796488 0.031712 668.388503 -0.034143 670.767101 -0.176874 -204.00098 0.001612 -0.213421 -0.019625 -0.43283 -3.12679 -0.27623 -4.881848 -0.139438 -4.706492 -0.189781 -3.468292 -0.154594 0.001867 -0.012128 -0.00207 -0.245106 0.150199 -0.04301 0.140804 -0.000533 0.404033 0.056764 0.266506 0.038577 -7.868479 -0.454128
44.681305 137.551801 92.572306 690.245329 0.879041 251.474668 -2.712732 188.338503 -1.815588 130.72247 -1.098133 162.680841 -39.639765 189.696767 -74.356146 1035.997976 -3.913419 811.129203 -0.004034 848.941523 0.257657 658.152949 0.003832 663.107127 -3.441161 -202.239657 -7.1e-05 -0.000382 -0.034179 -0.000754 -1.230326 -0.017071 -1.607702 -0.009971 -1.220917 -0.018749 -1.148823 -0.009833 0.000493 -0.01504 -0.279687 -0.014517 0.009559 -0.10921 0.027757 -0.103545 0.108584 -0.039489 0.060851 -0.021994 -2.057711 0.003818
44.522396 139.860893 90.365435 716.72442 1.118532 263.491621 -2.478951 196.026413 -1.719975 151.642247 -0.927902 186.101675 -39.650986 191.657692 -71.059543 1046.00161 -4.353703 803.747429 -0.066637 829.470313 0.0205 632.165378 -0.025401 638.25905 -2.116028 -164.572683 -0.000142 0.00961 -0.013312 0.24919 0.014408 0.140229 0.005266 0.076893 0.001293 0.776016 0.007164 0.787246 -1e-06 0.005042 0.037372 0.024033 -0.011732 -0.016872 -0.03788 -0.112946 -0.132802 -0.261727 -0.048965 -0.237244 0.160304 1.939086
45.334577 141.039352 91.170953 763.583316 0.763664 369.461119 -3.205537 309.175642 -2.376612 223.28178 -1.352915 256.590367 -40.6965 191.523625 -72.157126 1052.871138 -4.507514 802.274077 -0.114262 826.587656 -0.000126 618.630864 -0.076695 628.029492 -2.342188 -98.598443 0.003671 0.002472 0.001787 0.741841 -0.033756 8.933801 -0.046627 12.833932 -0.052968 6.90799 -0.039949 5.647893 -0.006803 -2.3e-05 -0.004206 0.011242 -0.001335 -0.000676 -0.006382 -0.002509 -0.023835 -0.073229 -0.013821 -0.04132 -0.00574 8.4037
45.545839 142.484388 96.600974 770.046476 3.159718 388.825745 -0.788463 338.653284 -0.634854 246.748737 -0.181794 279.195158 -41.503645 191.503499 -69.468355 1064.182283 -8.344039 739.809926 -1.805474 719.365368 -1.605042 541.248216 -1.680911 558.488134 0.221018 -57.100753 0.000246 0.003682 0.07853 0.013619 0.816639 0.247301 0.814411 0.670996 0.554801 0.586177 0.542839 0.47706 -0.003963 -1e-06 0.025526 0.030217 -0.586012 -1.265616 -1.011337 -3.722777 -1.576775 -2.584214 -1.039505 -2.03965 4.002186 5.63194
47.815289 146.114575 106.06615 775.365171 9.685992 387.449368 0.613223 330.497583 0.689624 236.054151 0.986697 270.070836 -42.141702 196.838658 -70.619729 1097.045569 -14.554553 660.558625 -4.859841 603.423819 -5.886813 417.705289 -5.690198 446.488174 10.606169 -25.743302 0.027587 0.022832 0.221147 0.009152 1.781352 -0.00122 2.792375 -0.049703 2.647821 -0.118463 2.015546 -0.075791 -0.002434 0.03665 -0.004732 0.249871 -0.858287 -2.24434 -0.74102 -5.090894 -1.344146 -7.991376 -1.185734 -6.260438 7.76506 6.16389
49.434244 149.489005 111.495409 770.822237 19.796049 375.826334 6.3619 311.520896 5.756019 226.033136 5.779151 261.503921 -40.149057 200.318312 -72.063135 1111.889353 -20.951402 606.533318 -9.572631 525.920454 -11.162628 357.411604 -10.451985 392.092338 32.950152 -14.984132 0.013477 0.019261 0.067754 -0.006674 1.787683 -0.088502 3.024799 -0.280516 2.460928 -0.108673 1.989962 -0.069037 0.024129 0.015244 -0.007301 0.049875 -0.58099 -1.152269 -0.791143 -2.662545 -0.836816 -2.348578 -0.718323 -1.766095 6.167827 1.446852
48.15733 155.368725 115.176614 750.722541 21.284665 360.315953 6.539258 303.769838 5.444823 220.960489 5.610912 255.646488 -40.809852 206.653255 -75.053588 1104.683992 -34.870109 564.365396 -23.97855 481.098511 -25.369035 326.633383 -22.262108 362.730804 54.319596 -10.292943 -0.008354 0.056706 0.029894 -0.132765 0.02698 -0.163419 0.001219 -0.048823 -0.004324 -0.028784 -0.001243 -0.033173 -0.002697 0.049308 -0.030397 -0.011711 -1.76311 -0.759549 -3.250171 -0.997996 -2.875454 -0.692775 -2.206178 -0.571277 2.656771 0.439135
41.882547 163.998555 106.582972 808.073593 25.520208 276.918911 12.344976 179.663136 12.054435 121.924554 10.413288 161.790761 -44.985418 216.5402 -85.736484 1140.729405 -42.094084 498.310228 -30.037852 378.230739 -32.295122 246.690598 -29.442075 291.301623 83.810901 -21.757019 -0.218908 0.116617 -0.166573 1.055384 0.192039 -5.480794 0.914595 -16.201803 1.296262 -14.613758 0.736553 -10.68799 -0.10167 0.115509 -0.355278 0.289335 -0.339777 -2.054958 -0.340928 -6.179215 -0.41746 -5.600863 -0.500954 -3.912217 3.184963 -2.120461
38.719264 160.813315 96.527642 775.868644 20.584461 199.837154 9.607388 105.496703 9.303297 71.551484 7.770891 106.882305 -46.722952 209.23445 -82.064347 1132.773753 -38.242001 414.300228 -29.017481 283.453789 -30.734194 191.979561 -26.91213 237.12342 73.856381 -29.126075 -0.062097 -0.015618 -0.249056 -0.327432 -0.26496 -6.272539 -0.171366 -9.81374 -0.177931 -6.672582 -0.193012 -5.670637 -0.016461 -0.062683 0.040185 -0.01392 0.092406 -3.874981 0.008816 -6.822906 0.019331 -3.425158 0.056818 -2.784721 -0.314559 -0.536433
40.232302 159.484549 98.267519 766.345286 15.785876 174.354415 5.177831 85.770485 5.135263 56.893801 4.484007 90.925427 -46.542028 198.296839 -79.182553 1114.586258 -33.778839 343.11219 -26.867993 212.862219 -28.880991 145.867408 -23.836532 187.224413 58.372897 -20.564049 0.014499 -0.002756 0.00777 -0.029404 -0.317945 -0.868706 -0.679131 -1.019945 -0.614685 -0.83908 -0.449013 -0.64466 0.000175 -0.146802 0.025754 -0.073595 0.138425 -3.352849 0.041353 -5.045807 0.028811 -3.161678 0.093283 -2.944021 -0.909654 0.743213
44.901664 166.099761 95.443757 769.62906 14.359402 161.571729 3.822606 71.956867 4.416598 51.605643 3.735393 84.202002 -44.554537 200.957516 -71.723464 1046.740254 -34.067918 248.58144 -21.700395 128.082309 -23.720766 95.560022 -20.320108 133.057275 48.608327 -6.717292 0.128147 0.067211 -0.020582 0.00351 -0.033769 -0.243292 -0.102615 -0.606056 -0.027074 -0.128946 -0.034163 -0.129109 0.021684 0.008866 0.184459 -1.065136 -0.000616 -7.600068 0.275695 -10.708948 0.253721 -5.29956 0.140238 -4.613697 -0.446556 3.775196
49.690379 188.606491 96.442221 789.522675 11.123034 146.020062 3.132663 54.827286 4.324241 39.885271 3.425544 70.67564 -43.892121 216.470564 -72.643447 1003.767036 -26.159774 199.974015 -20.329083 88.487645 -22.910471 69.91185 -18.366246 103.883929 47.141534 -4.18551 0.121292 0.714766 0.002598 0.126919 -0.206351 -0.393393 -0.034305 -1.162503 -0.000488 -0.75382 -0.006707 -0.591798 0.002481 0.288358 -0.002931 -0.450352 0.521443 -2.641434 0.022377 -3.650233 0.007041 -1.99982 0.049372 -1.80284 -0.011236 0.298031
47.507328 185.514658 93.029649 774.919934 10.503982 152.106851 2.917002 64.244729 3.972431 45.148073 3.16506 75.54391 -44.511023 208.833385 -74.783972 799.903813 -20.697953 139.217848 -13.776123 53.673041 -14.615194 41.804432 -12.353396 71.487215 33.826765 0.064311 -0.024519 -0.012776 -0.030734 -0.068154 -0.008862 0.062143 -0.003845 0.372998 -0.007462 0.163016 -0.00515 0.081065 -0.002166 -0.068576 -0.01554 -11.558041 0.319408 -5.485693 0.635462 -4.32889 0.928344 -3.593663 0.594204 -3.018334 -1.102271 5.287465
46.659986 186.138918 90.656395 773.851422 9.588958 147.864518 2.797317 59.473712 3.501239 41.775649 2.626478 71.654879 -43.562498 192.653477 -76.26828 743.110173 -17.993527 121.236115 -11.290683 41.808826 -11.396418 32.638209 -9.566565 59.378599 27.531195 0.563134 -0.003812 0.000524 -0.015332 -0.000369 -0.020846 -0.03 -0.001254 -0.092028 -0.014868 -0.065445 -0.025097 -0.051384 0.005108 -0.326157 -0.007293 -1.045555 0.094632 -0.621471 0.123523 -0.739969 0.19992 -0.56648 0.177876 -0.561391 -0.32383 0.246836
46.376391 192.488298 87.215229 771.09498 9.768978 135.14397 3.133454 46.591081 3.977981 34.257473 2.931813 62.240735 -43.769909 202.672441 -87.684607 766.651728 -18.395532 123.955175 -11.884269 40.780538 -11.687604 32.360664 -9.871185 60.079386 29.30275 0.027009 -0.000432 0.053242 -0.03329 -0.002459 0.000837 -0.286023 0.009533 -0.785269 0.01521 -0.372613 0.008393 -0.331362 -0.000246 0.126978 -0.397952 0.183552 -0.002221 0.015077 -0.007603 -0.006402 -0.001837 -0.000593 -0.002387 0.002056 0.027617 -0.343487
45.184446 205.6647 77.247829 785.817689 10.323448 111.870453 3.423658 28.905373 3.760548 22.338275 2.845122 47.454017 -45.037724 215.594405 -97.39005 777.724587 -20.192415 125.399656 -13.337042 42.762991 -12.976065 33.451438 -11.090734 62.622823 30.7076 -1.11806 -0.007759 0.218088 -0.302318 0.069613 0.007652 -1.098851 0.006425 -2.100744 -0.003055 -1.26934 -0.00065 -1.001185 -0.00905 0.199654 -0.254655 0.039696 -0.041859 0.004184 -0.041875 0.023525 -0.033678 0.00904 -0.035506 0.026364 0.016446 -1.49262
50.427959 218.268365 86.404812 783.875176 13.58828 109.961087 4.48835 28.368401 4.955611 20.484984 4.57584 45.42034 -42.213509 218.906204 -96.66777 811.955106 -24.062098 122.8014 -17.791274 38.847178 -16.513889 30.899868 -14.266699 60.464756 39.562196 -1.066533 0.143889 0.187397 0.256385 -0.001202 0.223934 -0.008217 0.071963 -0.002517 0.082316 -0.040122 0.204641 -0.022268 0.04572 0.012622 0.001344 0.368585 -0.16951 -0.0136 -0.320332 -0.093998 -0.21298 -0.050606 -0.199678 -0.01892 0.56011 0.000608
49.14893 219.888482 84.02647 798.808605 26.869136 110.62775 19.058274 25.146675 22.123649 17.707277 17.749188 42.353116 -43.537481 225.192552 -100.439398 822.404265 -31.102209 125.677943 -25.018463 39.703925 -23.253561 31.674571 -19.391195 61.726093 90.74035 -2.016443 -0.008215 0.002995 -0.016595 0.070454 2.241956 0.001007 5.049035 -0.097066 6.137799 -0.101145 4.300884 -0.053608 -0.010221 0.044495 -0.036088 0.033403 -0.451076 0.016651 -0.614461 0.004672 -0.575271 0.004796 -0.392396 0.00651 10.471206 -0.149989
45.931411 210.991187 103.102988 722.432133 60.631399 68.047668 59.391185 5.790993 54.80222 2.898971 44.675408 19.510119 -48.425776 213.090729 -123.254997 817.794218 -64.416211 121.211703 -62.320324 36.573472 -55.922426 25.924862 -47.828025 55.346738 221.443627 -11.485388 -0.054456 -0.091871 0.974897 -1.918515 6.775983 -5.147779 11.16221 -6.802696 7.286079 -6.276854 6.105782 -4.371868 -0.13001 -0.167109 -1.166575 -0.006479 -5.997776 -0.040401 -8.366419 -0.064265 -7.053992 -0.287693 -6.311337 -0.173936 28.678265 -3.87694
43.136585 210.540179 115.809292 793.85813 112.842664 99.72903 123.592115 15.393639 110.399356 8.123157 91.294552 31.542439 -49.332377 205.250592 -135.575375 825.08118 -114.376427 116.09998 -123.540634 31.092503 -110.159686 17.596664 -94.484322 43.335957 441.117953 -1.808279 -0.04386 -0.000241 0.369066 1.683222 8.043611 3.018355 11.632407 2.301364 9.636415 1.316708 8.24179 1.438175 -0.004204 -0.073472 -0.293393 0.016161 -7.122069 -0.05506 -10.372014 -0.222346 -9.10572 -0.804265 -7.865353 -0.73365 37.476756 4.179111
52.398015 215.2046 141.276232 859.170088 160.083983 124.623398 188.468014 26.409926 168.252224 14.28636 141.232877 41.544243 -41.030158 203.948882 -152.213682 758.154421 -156.734961 98.335657 -175.958612 22.755959 -150.942463 10.097868 -130.34173 30.928302 637.919679 0.362423 0.449976 0.025552 1.26449 1.290758 4.11963 1.38543 6.818189 1.477649 6.071778 0.864184 5.425758 0.687601 0.382199 -0.00207 -0.481368 -1.415201 -3.3295 -0.737085 -4.62274 -0.649224 -3.204694 -1.03454 -2.87786 -1.043837 18.098759 3.78979
48.876734 191.804518 160.462108 751.715647 199.676672 111.044542 240.23051 23.339926 205.958169 10.716576 174.648341 34.196902 -45.56531 192.763773 -174.399436 772.682576 -195.613126 102.861948 -219.669871 25.060338 -190.330238 9.724225 -166.818403 30.1945 792.268545 0.024102 -0.061235 -0.673225 0.61058 -3.58788 2.185281 -0.391523 3.136462 -0.094813 1.904497 -0.256149 1.772398 -0.35721 -0.118838 -0.157711 -0.754374 0.06894 -2.151481 0.05092 -2.422147 0.055559 -2.280578 -0.003522 -2.24727 -0.004405 8.353218 -0.1996
43.435286 163.939251 146.786697 778.657382 220.496022 134.449665 272.671358 34.322043 243.352618 16.378333 205.701287 43.012147 -48.325866 176.115354 -172.305431 841.546084 -224.142797 138.718686 -260.482253 43.51892 -232.497888 21.214079 -201.157312 46.506007 951.57719 -0.312324 -0.160516 -1.093017 -0.304492 0.237169 0.516111 1.118255 1.026964 1.05547 1.558804 0.598143 1.26975 0.504885 -0.040591 -0.375883 0.006324 1.469538 -0.970664 2.675848 -1.737647 2.530826 -2.107894 2.212672 -1.60573 1.75451 7.292049 -0.509951
42.413379 180.594777 134.623264 799.887124 222.526881 142.736934 276.012288 39.929175 245.802595 19.03403 207.583288 46.096494 -51.560137 181.769505 -151.994988 854.079765 -242.460254 175.382541 -296.816764 67.858599 -272.32964 38.875937 -233.800627 71.20226 1035.584966 -3.505344 -0.006082 0.402818 -0.262994 0.142765 0.004655 0.123913 0.010172 0.212016 0.006136 0.09972 0.004285 0.053396 -0.052376 0.044667 0.636631 0.046324 -0.359683 2.147156 -1.185721 2.692047 -1.57385 2.654236 -1.22666 2.619904 1.776519 -1.725012
42.682385 174.997546 136.949385 804.569905 222.265816 142.834082 272.614276 38.645937 243.172452 19.187295 207.886286 48.198205 -50.648468 188.520796 -144.356501 901.722694 -234.331447 190.906947 -288.406074 75.922048 -267.263872 47.093297 -229.030853 82.536134 1020.303802 -6.160945 0.000425 -0.044055 0.009962 0.006834 -7.7e-05 1.7e-05 -0.010523 -0.010479 -0.007074 0.000307 0.00011 0.023425 0.004066 0.061551 0.098458 0.646504 0.069299 0.329132 0.060441 0.226284 0.02378 0.393629 0.024578 0.418346 -0.056792 -0.37194
45.627131 187.334123 139.250482 885.774329 227.289715 171.180303 280.689172 47.180625 257.9577 27.725596 219.804436 64.553868 -51.761319 204.787852 -152.547724 995.385896 -236.23734 204.289341 -288.147708 108.354675 -263.984226 65.788999 -226.007956 96.840961 1043.849058 -8.097051 0.049111 0.210077 0.009586 1.951664 0.028073 1.28203 0.058926 0.425404 0.218158 0.783543 0.16609 1.192572 -0.006047 0.336543 -0.113014 2.31356 -0.00386 0.226647 5.8e-05 2.876515 0.010124 1.558967 0.010041 0.571295 0.134292 -0.132064
46.146203 194.62127 139.273271 929.346019 240.248987 227.731955 291.777611 101.137061 265.01671 67.406651 229.110511 109.578217 -49.403488 205.443284 -139.838901 1034.140368 -217.665399 327.796646 -272.525809 196.231509 -251.917882 137.9927 -213.926918 184.986123 1033.703199 -12.509478 0.001468 0.06952 1e-06 0.523041 0.179638 4.028857 0.107399 10.162559 0.047643 8.670936 0.096469 5.921529 0.027481 0.000524 0.27633 0.370048 0.380105 14.532663 0.217677 12.952157 0.141128 13.220406 0.16591 14.138953 -0.024774 -0.477954
47.876968 199.278484 134.040137 1150.995194 244.540326 494.639913 298.002567 324.224512 275.680357 240.050673 235.481868 301.070077 -48.903115 210.428194 -111.64292 1168.121878 -205.677095 569.745184 -246.322725 425.178761 -231.566711 316.398486 -197.299952 376.82663 1012.572284 -5.26255 0.015931 0.027533 -0.050104 11.841465 0.018994 51.118371 0.032852 63.195234 0.105165 53.048111 0.04369 47.381328 0.001273 0.029877 1.585657 4.07937 0.169778 33.225776 0.662081 43.713222 0.428508 36.488416 0.336273 33.768447 -0.109107 1.544674
48.663945 217.273374 109.974213 1162.723353 244.580407 733.147701 300.543475 586.512774 296.184126 463.841725 250.509027 521.747113 -47.996934 205.554874 -97.945587 1104.298114 -193.06106 651.396955 -234.94865 540.803042 -229.258766 409.538895 -195.461266 465.327645 1046.606234 1.689786 0.003208 0.388868 -1.189651 0.029725 2e-06 23.388818 0.005393 38.586341 0.367692 36.52288 0.23238 30.144638 0.004237 -0.028547 0.448063 -0.896462 0.199635 2.732884 0.134423 6.944854 0.005779 5.999922 0.004304 4.663145 0.281275 12.916423
45.061687 223.939741 84.050239 1145.91809 232.517701 899.249388 279.947701 790.133927 277.182316 656.428613 232.972364 700.221546 -44.704456 206.571777 -84.600865 1170.473735 -177.389188 847.058621 -213.099343 754.455925 -222.89585 582.509278 -191.029181 630.663741 997.201039 2.207108 -0.06925 0.050365 -1.739675 -0.061166 -0.152518 8.47268 -0.365483 15.142178 -0.314954 16.678058 -0.318146 13.103786 0.058488 0.001255 0.488424 0.962765 0.331647 12.829235 0.533064 17.742534 0.044773 15.195664 0.025413 12.542682 -0.597226 0.03449
45.103869 227.977129 91.346898 1073.817748 260.192294 1224.043014 342.934899 1248.280957 364.893964 1109.777626 303.418601 1130.655304 -44.364168 216.34018 -64.481192 1176.437014 -147.70192 1064.677582 -177.074959 1036.790847 -200.076607 840.615224 -171.626117 877.085641 1105.365782 18.662053 1e-05 0.018035 0.151839 -1.171273 0.777829 24.98839 3.192882 52.152933 6.019194 59.173975 4.646106 51.316 0.00065 0.11283 1.363885 0.007576 1.358356 12.426513 1.666606 22.390647 0.615994 23.601487 0.519431 20.273518 2.784064 8.033404
42.239808 234.265575 87.773373 1046.603534 250.768433 1496.028672 333.501148 1613.263946 354.754276 1512.76276 294.989153 1505.126277 -48.557766 224.838488 -71.237018 1223.188588 -126.477582 1293.342218 -144.292986 1306.196381 -157.701076 1104.410225 -136.50382 1121.429939 985.509814 32.053521 -0.04697 0.042777 -0.03565 -0.174645 -0.086911 13.632369 -0.065786 23.371785 -0.071437 31.146734 -0.059373 26.736539 -0.094677 0.081858 -0.168251 0.45547 0.822726 11.113355 1.676377 15.54017 2.518362 17.971689 2.008258 14.993362 -3.438099 1.799952
40.351405 250.900121 99.649165 1088.883646 272.673917 1761.379309 359.091559 2000.265188 372.096979 1879.611321 312.48782 1838.124122 -50.480712 232.363671 -82.71471 1307.395248 -3.248494 1620.451684 0.314927 1873.132301 2.103976 1554.870725 0.535408 1516.323409 318.24086 15.387068 -0.021591 0.285253 0.376626 0.418589 0.458561 10.82581 0.472928 20.78327 0.206928 19.893682 0.252081 16.625132 -0.01867 0.061933 -0.428449 1.401401 89.186628 18.419263 158.090016 50.956177 196.235767 38.429846 154.137203 29.726916 -183.698013 -3.023939
39.422331 268.88436 91.423991 1105.840247 258.008345 1870.969356 342.077681 2106.629359 361.402023 2034.474856 304.232822 1998.29966 -50.347232 216.752862 -85.342107 1163.373216 -41.10724 1545.297839 -33.768862 1773.120251 -24.11739 1555.718602 -22.560928 1518.379356 572.239239 32.064523 -0.00541 0.311215 -0.177118 0.065505 -0.202683 1.653574 -0.206451 1.37759 -0.077974 3.064842 -0.05525 3.345224 8.8e-05 -0.271389 -0.02054 -4.201121 -21.244124 -0.892189 -40.605977 -1.371859 -40.468106 0.000116 -30.047391 0.000696 36.99335 3.027319
39.623104 272.915307 86.816961 1105.05468 248.548643 1942.858908 334.521199 2178.983209 357.297351 2136.351634 300.451413 2099.569971 -48.541611 205.743007 -77.753192 1046.296381 -68.644401 1481.262877 -73.288735 1684.361128 -59.981435 1518.330117 -52.145357 1488.351584 710.066819 52.633985 0.000255 0.014995 -0.059549 -0.00014 -0.088335 0.677609 -0.042198 0.610817 -0.011722 1.244409 -0.011824 1.251533 0.016486 -0.143478 0.176654 -3.103771 -3.510747 -0.677491 -7.561322 -1.139483 -8.030549 -0.227379 -6.10752 -0.149945 7.428658 2.535654
38.220183 270.161254 84.011664 1119.108565 238.011067 2038.121256 320.115242 2319.040729 341.252585 2262.671184 285.698348 2212.965213 -51.638918 199.666649 -88.7672 1027.255903 -72.899714 1476.610375 -73.649018 1708.092104 -56.210248 1528.653878 -49.410359 1491.27545 674.460251 71.733106 -0.012643 -0.006983 -0.023035 0.044402 -0.114121 1.139947 -0.158528 2.181054 -0.184288 1.81403 -0.185693 1.491084 -0.047892 -0.045539 -0.364644 -0.087422 -0.063979 -0.003659 -0.000442 0.083003 0.061216 0.017489 0.036835 0.001435 -0.457932 1.475281
37.493725 258.824126 82.223063 1104.246021 239.161071 2058.900491 321.06774 2354.900615 343.568213 2300.937618 287.202568 2249.481332 -50.224868 185.538771 -94.99393 989.110586 -67.339234 1423.24635 -63.095485 1655.830261 -45.416846 1456.110712 -40.704029 1420.555101 638.815277 96.21787 -0.003485 -0.121502 -0.009623 -0.049677 0.001386 0.052694 0.000707 0.137566 0.003915 0.160437 0.001975 0.149408 0.009815 -0.259166 -0.105526 -0.360846 0.11028 -0.491052 0.407853 -0.405994 0.574787 -0.881692 0.421564 -0.858928 -0.483828 1.794343
35.472162 253.205476 75.522723 1106.815062 217.677623 2099.671844 292.593097 2397.775344 312.609844 2351.024299 259.38703 2298.685468 -53.521927 182.541701 -101.362871 975.837134 -61.906047 1427.201981 -54.995037 1669.620966 -38.374884 1466.054945 -35.190395 1428.144274 570.04058 104.004615 -0.02801 -0.030828 -0.142365 0.001492 -0.505423 0.199869 -0.660986 0.193394 -0.730712 0.269644 -0.708215 0.266164 -0.052403 -0.012202 -0.103317 -0.044832 0.11425 0.002745 0.278154 0.028595 0.296432 0.01692 0.200544 0.010109 -1.957964 0.151472
35.319961 250.131907 75.471554 1098.044547 217.596726 2095.202408 291.948887 2416.211374 310.909132 2368.522309 258.158392 2302.299905 -49.641065 173.70909 -99.240463 927.137064 -60.622628 1412.922291 -54.76503 1656.137819 -37.72357 1455.797764 -34.854835 1415.42735 565.230048 110.51368 -0.000164 -0.009384 -9e-06 -0.017444 -8e-06 -0.002381 -0.000355 0.035302 -0.002319 0.032438 -0.001458 0.00142 0.073022 -0.109511 0.011228 -0.623257 0.006722 -0.035898 0.000241 -0.027332 0.002787 -0.018004 0.000804 -0.028436 -0.010192 0.098774
34.601301 249.151257 71.603828 1129.147031 203.812795 2149.881973 273.91784 2438.649443 294.277378 2397.479984 244.228736 2352.662678 -50.420213 169.413008 -102.341033 913.943753 -59.881628 1427.707322 -53.827822 1697.240852 -36.225123 1512.434046 -33.480023 1470.288755 536.99932 101.486348 -0.003693 -0.000963 -0.050865 0.217182 -0.22549 0.35217 -0.287348 0.051852 -0.22858 0.087973 -0.19315 0.272449 -0.003034 -0.026896 -0.023847 -0.047273 0.002278 0.038477 0.004044 0.251913 0.015183 0.540382 0.013831 0.521542 -0.361587 -0.192287
34.270417 261.569661 67.871415 1177.834158 193.860919 2216.739792 260.982437 2538.166068 280.20905 2475.260315 231.837809 2410.532827 -54.872224 168.854113 -106.86271 938.67611 -63.985097 1428.254649 -56.03918 1681.628083 -40.095332 1480.468566 -36.998933 1443.810391 532.295655 127.128568 -0.000795 0.151002 -0.049949 0.51381 -0.124543 0.511864 -0.15643 0.995069 -0.172282 0.620818 -0.161281 0.351558 -0.094163 -0.000462 -0.048871 0.165095 -0.067989 5.2e-05 -0.022257 -0.036071 -0.098192 -0.170707 -0.087902 -0.120298 -0.010345 1.442611
33.909183 259.698439 67.385855 1188.279581 189.285946 2198.504365 253.403172 2532.965319 270.72252 2446.905107 223.575791 2372.46005 -56.329001 164.972528 -105.555361 948.280203 -60.18967 1416.14256 -52.354059 1666.300589 -36.574373 1465.689815 -34.059152 1430.76469 506.30952 125.034286 -0.000957 -0.003359 -0.000872 0.023056 -0.027315 -0.037657 -0.055842 -0.002667 -0.081681 -0.081674 -0.07495 -0.151533 -0.009543 -0.022567 0.004023 0.024441 0.058018 -0.025788 0.062661 -0.035086 0.08089 -0.037067 0.060838 -0.029603 -0.32514 -0.008697
29.361082 258.673309 58.083581 1154.064257 174.854622 2152.803066 237.370934 2495.752888 254.999895 2422.885814 209.929942 2346.482146 -56.088049 164.875238 -108.721109 939.890531 -62.609428 1379.448438 -54.033814 1626.802802 -37.899461 1414.184182 -35.884796 1379.852702 489.514296 134.958818 -0.163679 -0.001014 -0.345309 -0.24991 -0.286078 -0.240004 -0.261934 -0.137688 -0.235159 -0.059236 -0.214825 -0.071505 0.000258 -1.4e-05 -0.023387 -0.018639 -0.023843 -0.240829 -0.013262 -0.236879 -0.011789 -0.460618 -0.02383 -0.461152 -0.141641 0.18949
29.630865 253.807343 58.276257 1160.18033 167.495319 2215.129536 227.82506 2530.209537 245.745127 2482.995794 202.033478 2417.933855 -57.185099 159.346152 -107.872382 909.541706 -64.7202 1415.510771 -58.192201 1683.299141 -40.991109 1505.354059 -38.370343 1465.440867 487.468549 121.678004 0.000617 -0.023102 0.00016 0.008082 -0.079109 0.444694 -0.097952 0.118114 -0.085531 0.368267 -0.075686 0.535809 -0.005313 -0.047148 0.001663 -0.249026 -0.017497 0.232659 -0.077068 0.482171 -0.060603 1.423851 -0.041611 1.287563 -0.002142 -0.343868
30.826952 251.190524 56.036413 1170.444982 154.051078 2233.237589 209.822695 2545.239504 227.746796 2497.5437 186.801208 2431.54005 -56.152437 158.400659 -108.91193 909.71644 -68.812754 1410.898527 -61.995888 1674.62163 -44.642865 1486.21428 -41.537559 1448.386019 474.055421 130.507346 0.011833 -0.00678 -0.021946 0.022604 -0.281183 0.036857 -0.370415 0.022254 -0.342199 0.021247 -0.29847 0.019088 0.004705 -0.001407 -0.002492 8e-06 -0.06273 -0.003763 -0.060204 -0.011212 -0.077898 -0.061228 -0.062792 -0.049912 -0.09356 0.154611
31.477998 249.585263 58.838184 1173.033724 164.020157 2282.476285 222.719422 2626.088915 240.377792 2594.249163 197.111537 2512.478865 -55.172164 153.044017 -108.655365 891.719379 -68.221491 1395.862729 -61.744311 1653.96321 -44.411822 1468.983338 -41.206316 1430.736508 491.435355 158.92268 0.003402 -0.002573 0.034172 0.00143 0.156265 0.268454 0.192308 0.632045 0.170437 0.918418 0.138472 0.662571 0.004316 -0.046069 0.000151 -0.089901 0.001276 -0.040274 0.000256 -0.064107 0.0003 -0.050235 0.000663 -0.054098 0.156442 1.398242
31.200181 250.944781 58.973228 1173.67135 167.177035 2311.870988 227.233286 2672.314906 244.477694 2646.502615 200.17543 2556.481817 -56.00291 153.141292 -113.958067 901.902046 -69.185324 1395.813069 -62.20251 1645.741593 -44.909213 1445.749735 -41.736979 1409.75537 498.951225 180.127375 -0.000616 0.001846 7.7e-05 8.7e-05 0.015046 0.094035 0.022642 0.201653 0.017335 0.260506 0.011815 0.190995 -0.003104 1.5e-05 -0.063165 0.028905 -0.00338 -0.0 -0.000847 -0.010243 -0.001385 -0.0926 -0.001698 -0.077489 0.028519 0.663736
29.484911 254.871893 54.874123 1172.908791 159.180215 2284.931601 216.731363 2638.229742 235.981902 2587.648486 193.187296 2503.043743 -55.903395 152.164931 -116.07487 896.448047 -72.58265 1390.326356 -65.64013 1640.527389 -48.090056 1438.56145 -44.835148 1400.448566 497.129536 167.458139 -0.024246 0.015245 -0.073819 -0.000124 -0.097989 -0.078939 -0.124228 -0.109387 -0.07512 -0.330896 -0.062077 -0.282211 4.4e-05 -0.001561 -0.00974 -0.00827 -0.040713 -0.005402 -0.046226 -0.004137 -0.054413 -0.008957 -0.055455 -0.015411 -0.001666 -0.230969
29.54404 249.683864 54.086272 1156.626113 152.069363 2260.606745 208.048916 2589.295744 225.580554 2553.424117 184.169617 2477.899379 -58.495416 149.744326 -122.849623 890.42551 -76.567204 1382.858644 -68.458745 1637.648039 -49.616417 1442.74227 -47.01173 1404.460195 486.786183 157.451547 3e-05 -0.026673 -0.002848 -0.056906 -0.081238 -0.065086 -0.088743 -0.229037 -0.117213 -0.113918 -0.107763 -0.063466 -0.029368 -0.009704 -0.096069 -0.010149 -0.053233 -0.010055 -0.029625 -0.001265 -0.011923 0.003033 -0.025794 0.002869 -0.054368 -0.154128
]