01-31-21_Dhruva_4K+Depth.snake_below_bed.0000000001 [ 74.153728 403.353275 169.988601 1672.96732 378.522914 3328.240696 481.418476 3690.15644 503.70575 3707.804185 436.512782 3652.490455 -70.59644 384.620935 -159.577826 1654.914062 -210.563618 2206.221016 -226.227547 2426.492048 -202.346559 2128.198113 -184.569101 2113.542755 1344.560337 217.838231 0.0 0.0 0.0 0.0 0.0 0.0 0.0 0.0 0.0 0.0 0.0 0.0 0.0 0.0 0.0 0.0 0.0 0.0 0.0 0.0 0.0 0.0 0.0 0.0 0.0 0.0
62.821321 411.890839 154.785757 1679.272533 345.133073 3244.335685 443.231624 3656.377063 460.391917 3637.286236 392.153241 3563.862478 -88.405243 379.832185 -188.368279 1673.816442 -242.329872 2120.17394 -259.332123 2335.827938 -233.448327 2028.454575 -215.383188 2019.207921 1349.516148 233.220252 -0.469589 0.044706 -0.356021 0.00593 -0.770722 -0.535584 -0.78887 -0.077659 -0.973468 -0.338518 -1.188163 -0.544265 -1.000475 -0.014999 -1.193164 0.05367 -1.115427 -0.855774 -1.129819 -0.863101 -1.111251 -1.196901 -1.188793 -1.076791 0.004558 0.262356
66.220123 404.932388 157.007224 1651.412025 351.237022 3215.235591 449.908851 3627.509699 463.457463 3597.223305 393.623198 3510.819088 -83.052506 383.783311 -180.761183 1680.719069 -283.472655 2409.174721 -328.308147 2652.587984 -303.014442 2435.060507 -272.185067 2402.348883 1515.963211 113.008044 0.044768 -0.02964 0.007914 -0.116526 0.026752 -0.065548 0.02496 -0.057204 0.005086 -0.11093 0.001375 -0.198853 0.083574 0.010222 0.078393 0.007102 -1.612133 9.229432 -4.062173 10.067151 -4.529636 18.558558 -3.320023 16.631427 4.838289 -21.539125
67.362909 397.895584 156.884314 1588.216765 343.458625 2999.299992 434.959144 3400.588471 446.299275 3379.904139 382.869039 3290.858482 -86.19014 376.062095 -186.77343 1628.583746 -256.080676 2056.206272 -280.413426 2203.71016 -255.933522 1925.252555 -232.205241 1928.368654 1378.170502 203.326011 0.004888 -0.030839 -2.4e-05 -0.616432 -0.043548 -3.752675 -0.126295 -3.664339 -0.161818 -3.385281 -0.074474 -3.557602 -0.029087 -0.039231 -0.049178 -0.4107 0.695765 -13.97215 1.887123 -20.78986 1.986373 -29.905939 1.58697 -26.01579 -3.282088 13.167601
66.977772 394.131032 154.425421 1598.313204 337.758715 3059.425445 428.453921 3455.479013 446.079195 3447.062509 381.596746 3360.929247 -89.182913 372.226684 -188.492072 1654.160534 -254.357543 2087.696478 -274.642003 2236.568223 -254.603145 1950.853944 -229.837538 1951.283089 1374.694702 211.505173 -0.000552 -0.008947 -0.009711 0.015995 -0.023847 0.298343 -0.024507 0.219734 -2.7e-05 0.330334 -0.001059 0.369077 -0.025538 -0.009829 -0.003936 0.09964 0.002908 0.119651 0.030006 0.121577 0.001733 0.084549 0.006067 0.06767 -0.002194 0.080641
65.140598 393.349544 149.606723 1561.912133 324.103567 2950.568195 410.56072 3355.285518 423.745559 3346.387889 362.096732 3253.551566 -93.121943 375.942183 -197.88435 1649.60823 -261.843603 2098.742105 -282.432035 2269.982803 -259.350553 1983.255855 -234.70505 1976.400117 1346.115402 177.268224 -0.012774 -0.000388 -0.038189 -0.20965 -0.140877 -0.985931 -0.190821 -0.737016 -0.286767 -0.746008 -0.255694 -0.871627 -0.04256 0.009226 -0.114174 -0.003136 -0.054285 0.014572 -0.05447 0.123881 -0.021926 0.133436 -0.025502 0.080311 -0.150102 -1.510456
67.08772 384.181418 150.70661 1536.94625 328.999706 2906.435819 414.720592 3287.596272 434.214973 3273.933321 372.183216 3189.129586 -89.306227 380.642695 -194.592001 1671.684719 -257.190888 2110.343936 -273.5573 2280.206721 -254.239776 1977.266043 -230.280077 1966.607784 1352.96876 162.609311 0.014337 -0.054054 0.002014 -0.10057 0.018353 -0.166271 0.010484 -0.344877 0.06388 -0.396493 0.06928 -0.322094 0.03991 0.014602 0.013809 0.073372 0.020854 0.01599 0.070834 0.011486 0.025429 -0.004529 0.021055 -0.012159 0.008701 -0.316267
67.997722 372.638427 149.081397 1448.905192 317.994327 2586.785189 398.46256 2889.543499 416.547106 2855.978226 359.436024 2797.536024 -78.65247 376.569289 -181.939587 1647.345982 -246.579299 2126.899488 -263.790478 2320.057374 -245.270599 2026.253885 -221.662675 2005.168288 1301.08841 71.021462 0.003065 -0.088032 -0.004405 -1.298275 -0.093608 -9.308124 -0.16254 -12.838534 -0.183475 -14.265292 -0.111057 -12.820985 0.338229 -0.010956 0.212637 -0.08924 0.111775 0.032343 0.088768 0.17261 0.080531 0.299724 0.082163 0.187189 -0.507116 -18.700542
61.620305 355.615533 141.617561 1291.014924 315.160511 2202.657654 396.5297 2453.912013 411.33826 2397.739736 357.575804 2367.961036 -81.396223 364.47668 -183.499981 1413.767747 -256.832746 2020.988492 -278.976592 2302.862495 -254.673719 2048.314124 -230.389444 1997.083516 1313.335838 13.752351 -0.156985 -0.198982 -0.095835 -4.553065 -0.006342 -15.428936 -0.00235 -17.787289 -0.016387 -20.022335 -0.002413 -17.893228 -0.02352 -0.098672 -0.003331 -8.924601 -0.104431 -1.352371 -0.212488 -0.031978 -0.088436 0.059719 -0.084242 -0.008166 0.028687 -22.269027
63.339123 381.392256 138.877177 1387.460942 323.79739 1965.868403 413.2305 2133.547034 428.138876 2015.242667 369.2303 2005.25957 -80.179088 376.052906 -184.202055 1472.098857 -251.831894 2046.238978 -274.750176 2325.769533 -245.999811 2072.583513 -222.145602 2017.769357 1323.205964 -0.402186 0.011822 0.450906 -0.013387 1.736968 0.058376 -6.730731 0.17224 -11.200008 0.168134 -16.607796 0.093447 -15.066626 0.004584 0.090487 -0.00067 0.589574 0.024583 0.078382 0.01613 0.056684 0.075141 0.071466 0.075095 0.05329 0.018475 -18.858155
56.963958 406.001116 123.647385 1497.56263 327.325119 1672.784723 428.20301 1724.124929 444.94214 1549.682261 377.974484 1574.242339 -84.102761 373.852663 -198.374905 1520.981059 -258.37018 2036.426351 -277.210003 2298.610025 -247.931742 2038.367749 -224.484346 1992.089622 1357.148765 -33.434789 -0.169037 0.384651 -0.442134 2.101681 0.009557 -11.822757 0.133221 -21.787904 0.161712 -30.530602 0.051166 -26.04471 -0.046863 -0.003228 -0.262612 0.399192 -0.041896 -0.011792 -0.005481 -0.079756 -0.003778 -0.142393 -0.006123 -0.082229 0.214927 -26.502942
54.074043 408.341569 125.796243 1570.945362 312.445148 1340.496125 399.306336 1290.181855 402.850897 1055.43696 342.019696 1104.097575 -92.498857 377.147721 -209.248073 1605.909095 -281.83764 2091.44626 -306.938236 2346.716455 -274.750176 2081.808936 -248.109062 2038.8558 1342.983235 -172.642655 -0.037613 0.003363 0.009256 0.877592 -0.173065 -18.377551 -0.504691 -31.399009 -1.045518 -47.313963 -0.898308 -41.586494 -0.199699 0.007229 -0.145044 1.153559 -0.509972 0.366693 -0.756949 0.249099 -0.688471 0.229018 -0.590863 0.271295 -0.037158 -54.126521
52.292577 423.533995 132.557283 1607.790895 274.055571 1010.71449 335.874477 816.806151 330.987221 605.256225 281.964236 693.988582 -94.559308 390.222989 -217.51514 1691.048045 -291.56374 2094.628002 -310.298914 2344.88099 -277.730659 2063.18689 -253.008046 2032.472031 1215.101584 -433.487448 -0.014919 0.13874 0.088482 0.21355 -1.257749 -23.242525 -2.741582 -53.865043 -3.527228 -62.18164 -2.896749 -47.393596 -0.011348 0.111403 -0.08008 1.099476 -0.082494 0.001209 -0.009149 -0.000359 -0.00804 -0.041831 -0.023947 -0.005005 -3.198476 -58.997856
52.09286 431.675885 154.521652 1643.162088 268.04574 702.41294 311.371106 472.12878 289.262353 312.268067 247.473578 402.24315 -97.058284 409.477862 -229.657389 1790.561016 -299.492169 2170.310739 -315.489045 2404.884053 -282.443555 2094.185691 -259.730234 2076.609238 1143.37115 -789.113575 -0.000191 0.038758 0.841479 0.192429 -0.033314 -27.969946 -0.46399 -46.940259 -1.40503 -48.036647 -1.124656 -39.534702 -0.016296 0.231839 -0.164882 1.422454 -0.053178 0.67156 -0.021523 0.37902 -0.019826 0.11557 -0.044067 0.237054 -1.091055 -52.864591
48.965533 427.282277 191.293141 1612.715517 262.886876 388.158917 289.433903 191.685419 259.572528 113.599993 226.445629 186.232366 -94.689648 407.398361 -233.10066 1757.891146 -292.894862 2177.482684 -309.348909 2439.710079 -275.486419 2144.852537 -253.028335 2116.252057 1069.881184 -1271.223615 -0.0484 -0.011237 1.960567 -0.14236 -0.025064 -46.258023 -0.40063 -62.149166 -0.80364 -49.179063 -0.466738 -41.079157 0.01463 -0.002647 -0.01281 -0.150396 0.036738 0.005915 0.03017 0.125177 0.043378 0.302807 0.0438 0.187412 -1.220436 -57.199839
48.217201 416.010681 211.913913 1572.002141 241.083689 230.866113 257.534837 66.705562 226.805534 26.764161 196.134749 72.848068 -95.304752 406.069936 -234.238024 1828.767776 -285.479164 2174.566847 -308.042375 2442.433227 -272.537027 2149.340326 -247.03701 2118.57652 996.586588 -1696.415881 -0.002881 -0.075332 0.527638 -0.26025 -0.471855 -20.317287 -0.930965 -32.236312 -1.105001 -30.084356 -1.088472 -26.128353 -0.000996 -0.001085 -0.001384 0.700371 0.047543 -0.000977 0.001382 0.000759 0.007937 0.002345 0.035893 0.000638 -1.300235 -30.617924
49.9222 419.202382 229.541243 1483.198396 228.69136 153.121561 239.739651 22.759954 211.924586 5.767421 182.96586 35.889991 -94.685646 408.675152 -235.347981 1794.021466 -282.815215 2179.883243 -304.722689 2452.31475 -272.503178 2170.089574 -245.417457 2144.015238 965.052871 -1952.108734 0.014812 0.006098 0.352071 -1.290876 -0.163479 -7.952678 -0.318506 -11.536945 -0.25244 -7.683226 -0.228794 -6.473373 0.001009 0.004165 -0.001312 -0.16663 0.006244 0.003245 0.008992 0.009974 1e-06 0.049837 0.002663 0.075909 -0.253472 -8.970654
50.336447 403.808892 246.879647 1299.458809 207.315181 106.880148 206.254587 8.744121 180.091539 0.72492 157.166271 20.410863 -94.410466 400.542896 -254.06731 1679.790756 -280.49917 2156.738311 -288.903702 2452.582032 -248.117793 2172.892521 -229.712492 2142.414654 850.980736 -2094.240517 0.000856 -0.143971 0.315603 -6.072813 -0.524322 -4.145069 -1.258799 -3.289484 -1.294614 -2.402882 -0.979882 -2.169691 0.0002 -0.040864 -0.358123 -1.878654 0.004761 -0.061764 0.21081 7e-06 0.571408 0.000905 0.259627 -0.000299 -3.586198 -2.497026
51.471409 399.149072 225.187454 1209.979499 164.436375 78.688975 155.580688 2.023457 138.666672 -0.093175 121.087577 11.039204 -86.752439 394.257243 -252.520965 1535.706278 -271.207013 2144.817893 -279.68129 2455.000917 -232.392201 2208.627836 -214.987718 2171.538665 730.08563 -2237.411701 0.006327 -0.013521 -0.498658 -1.595794 -2.481157 -2.153864 -3.565932 -2.354885 -2.703188 -1.337882 -2.348916 -1.428763 0.16193 -0.024855 0.00236 -3.229791 0.078258 -0.016517 0.074798 0.000596 0.257394 0.14573 0.243848 0.098311 -4.628855 -2.366717
52.443932 387.94933 214.097562 1066.36503 102.175822 46.205783 83.676175 -0.285606 76.540607 -3.089067 67.058968 3.444573 -82.273821 391.05193 -250.524971 1493.367788 -268.564364 2105.08778 -277.816489 2445.574078 -230.968553 2195.647657 -212.858393 2157.464717 573.430001 -2363.448617 0.004551 -0.079685 -0.140006 -4.534832 -7.3716 -4.298146 -11.060484 -3.829473 -9.16232 -2.109257 -7.924372 -2.150839 0.059344 -0.006541 0.00396 -0.295905 0.006469 -0.185712 0.003119 -0.009067 0.002187 -0.019127 0.005299 -0.022878 -9.447621 -1.726665
53.473753 387.708932 197.193303 1111.6765 65.18727 55.958046 45.986689 0.079244 44.19362 -0.649604 38.178223 7.11667 -81.466253 392.053863 -248.851974 1523.455171 -256.199631 2104.343451 -257.413755 2447.851345 -210.794872 2197.524913 -197.002262 2158.546801 448.025157 -2273.739597 0.005007 -3.7e-05 -0.347534 0.471376 -4.138549 0.466527 -5.598522 0.665731 -4.413868 0.905531 -4.040506 0.658942 0.001991 0.000641 0.002802 0.150038 0.145692 -6.6e-05 0.389013 0.00053 0.460869 0.000401 0.306825 0.000136 -7.727253 0.867817
55.978558 380.56682 202.071181 1139.732822 55.112589 96.681278 32.485732 9.401528 29.634207 1.54413 27.134135 21.47592 -77.010803 393.528659 -242.714902 1567.434851 -243.655182 2115.850239 -242.424709 2461.184859 -201.857297 2200.174129 -188.6832 2153.186251 386.176743 -2085.144602 0.028665 -0.033198 0.029798 0.174821 -0.422601 5.532623 -1.170125 7.754492 -1.44985 4.196804 -0.94053 3.867135 0.062643 0.001384 0.038311 0.312905 0.157434 0.015687 0.224795 0.018108 0.0968 0.000798 0.08973 -0.003332 -2.295906 4.081863
55.841511 353.395211 202.287382 1206.523857 55.727455 143.256928 31.51988 42.540156 27.807571 19.893775 26.074788 55.333591 -74.210558 384.036856 -223.520537 1527.094408 -235.740055 2095.968995 -237.669298 2449.901171 -199.838671 2189.466631 -184.935216 2135.514619 376.737196 -1791.955291 -8.4e-05 -0.503125 5.8e-05 0.950865 0.001705 4.563926 -0.007288 11.944561 -0.029051 10.353038 -0.010546 7.864902 0.025929 -0.057936 0.395272 -0.262951 0.065346 -0.046923 0.023552 -0.012963 0.005072 -0.013059 0.0188 -0.036408 -0.0584 11.101496
60.108542 362.298819 208.838984 1322.741691 62.03081 209.458719 34.913661 81.657161 30.822683 47.375235 29.106456 96.124376 -72.999953 390.693162 -203.92224 1562.086455 -197.047274 2100.323426 -192.214756 2453.891787 -161.231652 2189.814434 -150.680342 2134.625307 333.045004 -1593.006545 0.078541 0.055385 0.052206 2.671471 0.168824 6.268464 0.086743 6.320969 0.077579 5.869588 0.083343 5.596294 0.004978 0.028595 0.449528 0.198189 1.733109 0.002259 2.409862 0.001624 2.069938 1.4e-05 1.752702 -9.3e-05 -1.34606 5.851594
66.665406 354.12918 228.087478 1387.542202 88.87764 297.147361 61.438244 149.643433 54.89576 88.0327 51.339145 151.300291 -66.23419 380.083608 -192.198394 1543.440925 -201.093999 2106.945211 -202.360719 2473.288536 -166.420478 2203.217588 -153.98517 2143.005232 412.478772 -1410.443403 0.169677 -0.046582 0.424196 0.774772 2.407245 7.646741 3.722881 10.21728 3.449746 6.248036 3.133233 6.230587 0.16448 -0.073022 0.173531 -0.055974 -0.020566 0.005211 -0.130466 0.03818 -0.041089 0.020447 -0.017925 0.008208 4.243817 5.553637
68.049389 350.204604 221.652381 1588.761964 118.281022 486.938743 90.608843 314.283495 86.057495 192.95457 80.077874 267.178032 -65.183324 371.113433 -189.769591 1551.765857 -208.851646 2066.570201 -212.892483 2410.962152 -178.862462 2144.061467 -163.42101 2089.432744 513.052627 -1050.615698 0.007109 -0.010934 -0.046041 6.809748 2.097324 23.316592 2.824459 30.196776 3.487745 20.324179 3.180837 16.363344 0.004202 -0.053559 0.007722 0.011195 -0.073408 -0.195301 -0.133576 -0.39768 -0.224241 -0.402506 -0.140285 -0.339063 5.48071 26.447033
73.097203 361.643644 230.442644 1719.694669 143.554181 643.076703 125.194828 456.365379 117.932136 303.414759 108.481035 387.719026 -60.284967 374.66952 -177.585643 1571.664217 -201.398146 2067.29183 -204.081949 2401.626609 -174.020713 2128.002614 -156.514682 2077.113934 578.467311 -824.348736 0.090291 0.091916 0.085464 2.591857 1.222577 10.839032 2.789507 13.210807 2.505694 12.446755 2.151499 11.18903 0.095654 0.008478 0.202106 0.063384 0.067714 6.3e-05 0.093092 -0.009055 0.033217 -0.030183 0.074551 -0.018211 1.961911 13.702794
77.098284 378.282731 185.18163 1790.119537 164.957064 848.905314 162.951674 678.129314 159.497571 476.40435 142.933117 555.660792 -56.614547 376.204685 -161.689791 1557.422693 -194.586431 2059.555725 -198.540238 2391.015086 -168.413076 2119.588849 -150.549769 2066.69227 655.700072 -586.235653 0.053302 0.187109 -2.471787 0.706613 0.743305 14.2659 2.484416 21.885613 3.131408 19.429443 2.371726 15.068963 0.057636 0.001569 0.372584 -0.032409 0.058592 -0.007251 0.03814 -0.011748 0.045918 -0.008333 0.057941 -0.013105 2.418939 20.242532
74.922692 383.514442 155.915425 1734.947567 162.383877 1346.393695 166.379189 1319.794487 166.768136 1020.446886 150.017751 1061.417864 -57.591933 373.295248 -160.001868 1520.223461 -196.566553 2048.445904 -201.890664 2385.034971 -171.207365 2112.074114 -153.631751 2050.092367 675.921847 -196.360615 -0.015568 0.017965 -1.257843 -0.431784 -0.010114 57.112149 0.017836 105.844173 0.081019 102.368772 0.085679 81.125153 -0.004182 -0.005647 0.004428 -0.22482 -0.005012 -0.015023 -0.014017 -0.003744 -0.011495 -0.006672 -0.015614 -0.033468 0.153551 104.028384
75.690125 389.625141 141.087632 1732.571077 150.157441 1431.398521 147.895106 1450.97044 148.986729 1137.855263 135.0688 1163.884371 -56.62235 368.556355 -155.53311 1375.924374 -190.651813 2025.837365 -197.887788 2386.515248 -163.612395 2111.178057 -147.561711 2048.823194 624.855914 -149.217156 0.001955 0.024149 -0.370368 -0.000814 -0.239237 1.300946 -0.544043 3.106865 -0.501068 3.195785 -0.392205 2.360344 0.004116 -0.015136 0.031646 -3.597048 0.045176 -0.062729 0.02004 0.00023 0.086152 -9.5e-05 0.061172 -0.000196 -1.00276 3.230739
78.570451 388.312004 174.251879 1693.762728 152.713041 1459.970629 137.522652 1601.062259 135.125886 1271.14743 125.797914 1272.97269 -55.804503 359.73481 -168.387087 1294.2312 -186.512039 1979.755426 -193.107689 2386.689232 -149.327629 2120.145671 -136.404324 2039.059541 568.552287 -107.991275 0.026893 -0.001108 1.748791 -0.219788 0.010782 0.141176 -0.188537 3.692816 -0.338312 3.690411 -0.16479 2.442948 0.002975 -0.053428 -0.25514 -1.24999 0.02272 -0.265081 0.029221 3e-06 0.326198 0.009503 0.219279 -0.01166 -1.32891 3.32538
74.229506 389.676851 181.786301 1632.314833 130.731875 1407.904403 107.630216 1498.946103 98.824068 1178.157079 94.326276 1200.075012 -58.158559 349.220654 -191.361488 1279.783553 -156.547569 2017.677522 -138.434095 2543.246052 -91.2724 2278.025195 -89.095124 2137.270652 380.04288 -179.677118 -0.061674 0.001197 0.07973 -0.567661 -0.853606 -0.47267 -1.829275 -1.682341 -2.833622 -1.765873 -2.261401 -1.074631 -0.024316 -0.077969 -0.734349 -0.040547 1.311126 0.17988 4.539104 2.486465 7.109206 2.834585 5.018518 1.154932 -18.91942 -9.075062
73.869751 385.780941 190.122498 1614.744526 119.064224 1153.122686 87.246181 1116.685025 78.640312 856.165598 77.485954 924.799137 -57.86438 342.59656 -216.507135 1251.167487 -127.333155 2216.148539 -104.874517 2847.973158 -59.645429 2594.215769 -61.229305 2451.287528 275.260706 -469.724865 -0.000437 -0.009787 0.093438 -0.047538 -0.272639 -12.704891 -1.069015 -28.083512 -1.151527 -25.643947 -0.827301 -17.906342 0.000373 -0.031713 -0.775869 -0.161778 1.507242 4.654467 2.325551 8.618913 3.351146 10.27063 2.605337 10.757445 -8.431508 -68.372518
70.845962 387.298679 212.367345 1612.45474 110.617719 1035.046144 75.286188 920.774913 69.819034 687.171873 70.469392 766.636132 -58.989524 333.169836 -254.333684 1188.820737 -127.354948 2178.301733 -101.436936 2743.443054 -56.143817 2497.486061 -60.223385 2391.858631 251.181172 -564.579939 -0.031594 0.00149 0.615185 -0.000812 -0.155362 -3.188107 -0.440637 -9.440651 -0.262307 -9.280213 -0.166469 -7.411002 -0.005417 -0.065753 -1.52192 -0.796674 -1e-06 -0.162979 0.028641 -0.977167 0.052959 -0.918895 0.004166 -0.364631 -0.550989 -4.358717
70.456133 387.650488 233.770097 1597.869057 111.805906 817.823025 77.168064 676.61781 69.781138 497.455452 70.698992 591.911152 -58.360465 327.579125 -277.776751 1109.979971 -121.015636 2153.755352 -91.749759 2676.447505 -46.806797 2424.124375 -53.415232 2328.183451 230.889842 -725.315829 -0.000538 8e-05 0.513678 -0.033134 0.003174 -12.777249 0.011615 -18.769646 -5e-06 -15.290086 0.000187 -11.282683 0.001686 -0.023652 -0.516664 -1.352378 0.080914 -0.069543 0.24303 -0.414084 0.424281 -0.546796 0.204123 -0.429521 -0.427241 -10.053955
71.149308 393.269163 255.850951 1579.153484 95.699504 632.229746 55.236955 462.976462 49.1229 333.191704 52.316717 427.657095 -56.713794 328.39061 -287.846073 1087.267988 -113.532281 2088.566292 -81.422467 2537.968632 -41.49635 2297.122132 -49.488529 2205.069808 180.917002 -880.591529 0.001697 0.020213 0.498153 -0.055126 -0.626027 -11.926152 -1.828928 -20.204939 -1.808319 -16.403876 -1.381188 -13.317774 0.011782 0.000502 -0.089635 -0.117385 0.11941 -0.500889 0.308213 -1.839111 0.159827 -1.708499 0.074947 -1.672062 -3.043352 -7.524457
76.047264 394.953865 269.289343 1525.868662 90.954188 575.919797 44.453937 431.725423 38.464254 308.692364 43.01242 396.083785 -56.793497 327.47449 -302.032672 1081.821757 -115.737912 2019.04441 -81.068364 2530.026651 -43.313477 2264.488091 -52.245779 2145.362145 163.411562 -901.019957 0.081512 0.0018 0.171973 -0.45724 -0.06033 -1.312973 -0.584886 -0.54595 -0.650954 -0.467714 -0.455145 -0.605312 -2.8e-05 -0.00064 -0.170619 -0.006837 -0.01061 -0.588376 0.000386 -0.006223 -0.019469 -0.116734 -0.037371 -0.409749 -0.44527 -0.117123
82.644958 378.069164 277.152248 1464.817565 64.028444 543.918098 22.879727 429.423344 18.145523 302.517345 23.041896 385.95364 -59.953418 324.865884 -318.034824 1030.753148 -123.104102 1329.206448 -89.068008 1573.264125 -52.030715 1350.335191 -59.03806 1361.06649 131.629457 -374.572728 0.13721 -0.184423 0.056574 -0.623206 -2.356879 -0.457351 -3.549843 -0.003077 -3.772139 -0.031194 -3.091225 -0.065613 -0.042772 -0.005216 -0.206519 -0.617347 -0.113618 -71.834005 -0.188172 -113.102728 -0.399341 -117.499757 -0.207479 -88.838534 -1.716795 113.701979
86.630457 364.237584 290.80478 1196.667987 33.414492 585.882636 4.215207 528.481669 2.212708 403.213049 6.32644 479.091383 -60.123007 335.108019 -360.085068 987.720048 -123.356329 799.227372 -83.591249 831.955213 -52.227815 680.584876 -59.554227 748.139772 75.940745 -36.094335 0.046925 -0.128875 0.164113 -13.542738 -4.933954 0.77962 -7.453876 5.135648 -7.685308 7.22072 -5.221024 5.028597 -0.00012 0.079479 -1.305024 -0.458777 -0.000129 -67.038005 0.086883 -117.088843 -0.000186 -113.611841 -0.001123 -91.020965 -7.609815 178.116393
86.739449 375.490502 313.765832 1101.477588 26.312211 733.618227 1.645933 635.143665 0.232803 501.816242 2.926957 544.588612 -62.064332 360.483308 -382.854927 992.52375 -136.421937 632.857636 -86.303284 602.139548 -63.929897 478.43505 -73.398688 559.779578 71.878417 0.278887 3.4e-05 0.085596 0.436177 -1.972264 -0.42378 8.296561 -0.593143 4.898819 -1.010067 5.387458 -0.64707 2.097475 -0.015423 0.463002 -0.349011 0.005826 -0.328777 -9.696671 -0.021648 -18.533903 -0.590955 -17.765074 -0.72278 -13.634426 -0.05583 42.718685
89.09158 379.263654 336.844653 1041.555889 24.662633 960.693776 1.665245 1093.793603 0.002328 1000.048522 1.861769 1031.564781 -59.037236 368.355847 -372.286254 951.858618 -133.389221 469.508187 -84.441294 394.773538 -64.215924 319.141957 -72.767405 402.916399 64.991553 189.310056 0.015733 0.009431 0.409461 -0.837904 -0.026698 15.285541 5.6e-05 61.944673 -0.18857 85.050604 -0.119971 77.115792 0.037839 0.042519 0.073961 -0.425285 0.017045 -12.169801 0.010153 -21.80538 -0.000319 -16.068982 0.001363 -12.865736 -0.173372 175.056767
86.332966 348.404951 350.715433 1006.092827 39.770279 1133.890019 8.096745 1296.624811 2.656558 1184.637004 7.963414 1223.306163 -60.394328 341.965024 -385.192881 764.308687 -135.266505 282.957671 -87.075011 198.343089 -66.837846 157.871108 -74.553745 224.992061 96.144626 477.592031 -0.021691 -0.654617 0.139928 -0.307114 1.796188 7.172878 2.418132 8.620838 2.501601 7.812094 2.124264 8.167088 -0.007711 -0.490423 -0.109965 -10.278902 -0.006559 -23.491392 -0.020222 -33.471729 -0.02623 -28.088598 -0.010831 -25.735757 3.040151 65.527082
79.379396 358.706111 354.002164 963.569447 55.361683 1340.323729 19.853825 1521.120885 10.228067 1410.605363 17.620225 1437.056778 -62.458598 325.866681 -382.350101 622.354645 -120.609186 175.938569 -75.967862 102.592178 -52.868622 79.940188 -61.563516 131.799207 109.604486 818.938351 -0.145956 0.075037 0.007665 -0.459076 1.286353 8.626841 2.593018 8.957288 2.459376 9.856275 1.892531 8.600951 -0.017344 -0.194057 0.005264 -7.285122 0.420152 -12.653401 0.378772 -15.639284 0.817868 -13.131559 0.621273 -12.385837 0.440736 45.741143
79.677009 359.133069 361.475906 885.524308 66.93573 1238.426898 23.805114 1368.712801 18.149281 1261.477588 24.315465 1318.717216 -60.130494 314.639113 -366.135273 497.996468 -117.285932 103.483388 -58.226307 45.837922 -47.666451 37.53496 -53.978973 79.75798 124.641298 863.813694 0.000278 0.000127 0.039036 -1.647769 0.548907 -2.013964 0.179171 -4.021754 1.127977 -4.164623 0.537914 -2.542065 0.022109 -0.098413 0.175656 -6.923226 0.023213 -9.557404 1.177959 -11.27891 0.134683 -7.920563 0.249204 -6.500722 0.483123 0.59847
88.475086 351.665493 386.780088 870.544733 67.717804 1052.679193 23.813345 1138.851024 18.466003 1044.853095 24.639225 1112.23491 -59.688202 292.010353 -379.054335 410.256006 -96.492391 73.010317 -40.643739 26.122518 -34.165295 23.311009 -42.618818 60.116329 102.866603 756.032208 0.230325 -0.039228 0.427985 -0.06389 0.002271 -7.54201 1e-06 -10.557638 0.00137 -10.195877 0.001071 -8.78506 0.000816 -0.422187 -0.111995 -4.247956 1.013664 -2.650615 1.575959 -2.753448 1.12144 -1.685922 0.670318 -1.385942 -1.044421 -3.589766
85.210997 343.165353 412.112422 876.741014 60.792927 956.150001 18.871332 995.534368 14.178606 1024.372779 19.696566 1052.162718 -62.516976 276.892775 -386.907754 344.87661 -69.407908 57.626791 -25.95112 16.527492 -18.409211 16.992968 -26.507607 50.501274 64.899854 777.493553 -0.030674 -0.051995 0.401736 0.010987 -0.186711 -2.320573 -0.287057 -4.817047 -0.282769 -0.101355 -0.276371 -0.833803 -0.032744 -0.200897 -0.040262 -2.835599 2.225805 -0.908926 1.641012 -1.093316 2.416511 -0.498288 1.903724 -0.41867 -4.352534 0.150181
76.301025 327.525349 397.525074 794.040943 32.299085 670.652023 3.036286 637.347514 1.659327 604.032115 6.445613 698.2428 -68.458844 265.39464 -393.393817 301.327809 -62.684345 45.936642 -23.882067 11.729833 -14.18186 14.54888 -21.659154 47.81057 25.543217 431.092427 -0.245951 -0.182381 -0.131422 -2.047992 -4.467954 -25.247863 -6.76843 -39.770016 -6.137016 -55.186465 -3.60719 -36.153445 -0.134849 -0.121911 -0.026957 -1.469083 0.171227 -0.661902 0.042972 -0.410263 0.275325 -0.094835 0.244643 -0.036828 -9.012093 -50.705878
57.511445 304.344333 327.681187 701.271356 7.124233 434.97114 -1.810772 373.35617 -3.505165 372.732437 -0.33297 460.191468 -93.981746 204.240826 -416.071834 227.390325 -46.490766 39.413892 -12.480908 11.11408 -7.439904 17.168978 -14.290258 48.656981 0.731726 229.908478 -1.325758 -0.425357 -3.371133 -2.8805 -9.084814 -25.411563 -9.53663 -35.085671 -9.987859 -27.781175 -9.708563 -24.722878 -2.017628 -3.99861 -0.317736 -5.195342 1.207649 -0.249609 1.833574 -0.0083 1.077988 0.108404 0.763341 0.003713 -17.628408 -31.360361
51.704429 279.443751 300.941434 651.105135 3.320729 358.826686 -5.000801 297.622547 -7.06107 292.071469 -1.802224 369.181224 -95.483882 185.256624 -411.925013 193.672371 -47.661431 27.542346 -14.310679 5.008235 -9.078959 11.086239 -15.933615 36.971185 0.126639 189.35131 -0.154489 -0.53129 -0.568973 -0.930775 -0.717136 -3.660489 -0.793164 -4.287741 -0.616317 -4.911459 -0.585889 -5.008575 -0.005955 -0.462922 0.010384 -1.352208 -0.007278 -1.060835 -0.062557 -1.200931 -0.081517 -0.662508 -0.04471 -0.801136 -0.249547 -1.966263
46.913943 299.691025 286.020931 704.233387 3.335289 403.577938 -4.409211 334.371372 -6.937159 318.689148 -1.951364 399.032618 -102.050903 195.574072 -405.798052 168.048214 -49.664333 17.811179 -14.693708 2.05501 -9.490522 8.035575 -16.846048 30.288884 0.199648 225.515028 -0.11642 0.354043 -0.189669 1.041694 1.6e-05 1.314527 0.018615 1.06933 0.000548 0.580291 -0.002964 0.580205 -0.10919 0.139786 0.022954 -0.908745 -0.020611 -1.056272 -0.002529 -0.647024 -0.004561 -0.244918 -0.012701 -0.332767 0.008273 1.579193
47.938645 301.764855 277.423806 700.764853 2.055488 405.119219 -7.264616 361.039289 -10.132863 335.355585 -3.143222 409.617665 -98.506668 205.386218 -402.492675 157.613437 -56.999907 10.994809 -20.139311 0.280116 -12.911539 4.77678 -21.050692 23.180899 0.168139 260.084383 0.005535 0.003575 -0.065592 -0.004281 -0.154119 0.001469 -0.3546 0.511525 -0.301804 0.212382 -0.141377 0.069281 0.031319 0.120078 0.006758 -0.167217 -0.252542 -0.818097 -0.428301 -0.817706 -0.262753 -0.421362 -0.233975 -0.474555 -0.001352 1.232042
49.764019 303.233406 287.478599 699.653539 3.681319 462.905094 -4.577357 426.605519 -7.967098 397.86812 -1.860419 476.638619 -97.427582 208.121397 -407.53841 148.746085 -57.135169 4.8858 -20.039662 -0.971293 -12.639994 0.569346 -20.84674 12.715165 0.536809 368.336 0.017053 0.001782 0.089491 -0.000441 0.235205 1.925588 0.308935 2.733722 0.13004 2.669679 0.167233 2.537781 0.002971 0.009046 -0.015715 -0.128356 -8e-05 -1.222036 0.000124 -2.294623 0.001443 -2.04786 0.000496 -1.559555 0.104087 9.393917
59.590663 299.599971 327.400933 723.918968 9.425576 549.466313 -0.82083 507.98161 -2.542825 475.608423 -0.018143 560.78665 -83.496999 209.613462 -387.475062 148.14159 -58.13047 2.516811 -21.658211 -4.38102 -13.839622 -0.421556 -21.639075 5.580858 4.517922 504.34927 0.442407 -0.01095 1.297389 0.206823 1.325799 3.707429 1.521471 3.549518 1.507937 3.466361 1.511115 3.418355 0.537101 0.002665 0.253205 -0.000615 -0.004297 -0.389299 -0.031425 -1.22666 -0.027188 -1.97072 -0.007389 -1.44829 1.940082 10.664406
71.468772 308.678122 385.534428 770.396339 22.752974 652.781122 0.747473 621.033069 0.000243 574.526418 2.140026 664.044804 -74.013415 225.537227 -375.802993 162.493041 -66.049404 3.725567 -29.741899 -4.032333 -19.293207 -0.81229 -26.893395 4.561743 19.430481 618.544363 0.539375 0.067746 2.374086 0.722963 2.889652 4.447391 3.13489 5.674342 2.592816 4.669196 2.552263 4.360297 0.285759 0.291452 0.08925 0.331699 -0.252752 0.118148 -0.63964 0.007229 -0.451905 -0.063503 -0.285265 -0.05133 5.209631 5.82175
73.362589 322.440058 403.118442 792.181893 36.983635 722.799933 6.041194 708.208387 1.936737 662.360699 7.428951 750.556053 -72.806612 238.168751 -380.634206 175.923232 -67.381647 4.268238 -28.373926 -3.558052 -18.733627 -0.962966 -26.762742 4.332996 32.717292 713.834302 0.012382 0.150062 0.196053 0.151875 1.719795 1.783179 2.538664 2.861679 1.893565 3.122602 1.59448 2.647817 0.00496 0.172076 -0.015428 0.266596 -0.006651 0.018441 0.016102 0.014832 0.004117 -0.006406 0.000159 -0.002942 1.721085 3.411873
75.311015 327.610357 425.547061 798.435421 49.085226 692.4842 11.754455 654.696397 5.555478 617.386706 13.250699 712.283973 -72.415882 245.574493 -409.111882 183.211322 -74.985235 6.729695 -32.151628 -1.294929 -21.935205 -0.059988 -31.054061 7.64155 49.568775 629.618099 0.012768 0.020562 0.303582 0.012293 0.85501 -0.324722 0.942051 -1.050931 0.931879 -0.790502 0.836385 -0.500739 0.000526 0.056691 -0.513609 0.073958 -0.203193 0.278989 -0.118008 0.559998 -0.126215 0.542262 -0.159477 0.466148 1.744001 -2.642204
81.879571 325.996241 442.928501 796.195628 54.821549 630.451131 13.813492 590.3997 7.454316 550.803313 16.586925 644.449812 -66.982211 244.859622 -415.841835 185.45268 -75.403943 7.540308 -32.229476 -0.963414 -21.032401 0.040664 -30.205571 9.468839 53.529253 541.378711 0.137301 -0.001993 0.173951 -0.001573 0.158462 -1.45518 0.083044 -1.661247 0.139318 -1.899072 0.187103 -1.696852 0.105941 -0.000521 -0.027452 0.006813 -0.000583 0.023042 -4.7e-05 0.024465 0.009486 0.199431 0.005876 0.097852 0.076098 -3.329332
76.954113 323.749717 417.048577 748.001853 49.689161 588.726672 12.242509 545.454759 6.924778 517.463546 14.910068 633.624314 -68.018318 235.391828 -411.157675 176.357445 -59.547926 14.827179 -19.928604 0.399217 -11.833037 2.869963 -19.870241 21.093088 36.862087 443.259482 -0.076388 -0.003884 -0.3895 -0.752237 -0.126099 -0.714186 -0.047402 -0.889568 -0.009754 -0.520381 -0.044668 -0.045848 -0.003976 -0.093334 0.013266 -0.114337 0.93473 1.220242 1.471259 2.602971 1.313755 2.227388 1.07818 2.296962 -1.549909 -4.900989
75.538574 311.731493 408.888878 711.19074 41.524537 444.790336 7.775278 365.562218 4.261899 358.659941 10.835186 455.117046 -69.709656 223.74538 -401.595726 166.21059 -44.628092 17.802627 -10.714742 1.924269 -5.603953 7.679493 -12.163679 31.169309 19.639998 261.376079 -0.00657 -0.113655 -0.040307 -0.464392 -0.366146 -10.071974 -0.504826 -17.937694 -0.321558 -14.512334 -0.324525 -14.73349 -0.010385 -0.147735 0.05625 -0.150308 1.073926 0.135946 1.418025 0.570545 1.15058 1.16013 0.940819 0.980549 -2.688655 -23.878849
64.086978 291.354017 361.630609 694.247612 33.454782 374.083654 4.45159 291.53392 1.570069 289.735151 7.453779 372.79901 -82.825985 182.818025 -408.885262 157.593982 -38.147993 18.85228 -7.5163 2.335142 -4.189242 7.952552 -9.815925 30.506845 10.888598 201.684916 -0.470402 -0.344363 -1.450611 -0.102132 -0.435524 -3.058339 -0.460416 -4.183322 -0.658391 -3.673781 -0.315309 -4.102523 -0.564974 -2.065254 -0.032782 -0.114666 0.254036 0.015032 0.282759 0.019863 0.102722 0.002385 0.125747 -0.003558 -1.281234 -3.863379
59.521987 281.314296 319.804879 617.315027 14.369026 326.29172 -0.000114 263.421528 -0.355076 257.688622 0.465912 330.720786 -89.197774 184.02449 -402.594923 151.439477 -43.019457 14.233815 -10.828458 0.689213 -6.242689 4.421209 -12.494536 23.339076 3.620095 194.602935 -0.084323 -0.088012 -1.284819 -2.258269 -3.973489 -1.632506 -4.496688 -0.712502 -3.418454 -0.938817 -4.192598 -1.259498 -0.118047 0.001984 0.024381 -0.061291 -0.146318 -0.32393 -0.301483 -0.487104 -0.204099 -0.514605 -0.161382 -0.479206 -1.95198 -0.063285
53.491756 283.446915 305.521153 646.406706 11.588254 338.835994 -0.128891 267.906163 -1.07192 260.878309 0.030872 338.343542 -94.337797 188.573873 -397.016958 147.772085 -48.623371 12.8014 -14.914327 0.697364 -9.156061 2.923954 -15.892932 21.052401 3.96234 208.56473 -0.160996 0.004027 -0.163156 0.334899 -0.14938 0.118303 -0.12135 0.018926 -0.193119 0.00981 -0.256919 0.043425 -0.071989 0.027775 0.019456 -0.022476 -0.171499 -0.037974 -0.326321 2.4e-05 -0.27811 -0.154221 -0.204153 -0.058934 0.007728 0.241823
48.589462 285.413304 285.680617 676.270094 7.84367 363.659764 -1.059619 290.696336 -2.370983 283.037787 -0.115646 360.076811 -100.721308 189.324327 -394.044891 147.748067 -52.3978 6.744903 -16.966847 -0.567714 -11.658524 0.476268 -19.013986 12.125687 3.514344 260.293208 -0.11778 0.003399 -0.333015 0.337171 -0.364209 0.43873 -0.449389 0.465097 -0.254484 0.451583 -0.266023 0.338227 -0.104482 0.000745 0.005583 -1e-06 -0.070536 -0.961987 -0.06614 -2.523497 -0.150979 -1.040064 -0.139808 -1.223444 -0.013434 2.862304
52.60493 302.17994 293.696482 689.154206 8.067092 397.039464 -1.061928 325.798145 -2.973333 311.676246 -0.21017 393.299541 -94.612581 205.559959 -388.557112 156.858596 -62.36814 2.878902 -27.198008 -4.429842 -17.963932 -0.39654 -25.106967 5.398476 6.320459 334.307179 0.0797 0.239262 0.055454 0.060788 0.001569 0.732708 -1e-06 1.00012 -0.034054 0.689943 -0.014013 0.732892 0.095543 0.333904 0.019241 0.136275 -0.433909 -0.810653 -1.201408 -1.825878 -0.67886 -1.741967 -0.422737 -1.342664 0.408825 4.624496
65.175576 316.809032 322.195594 802.233728 12.201334 426.361304 -0.364892 355.746717 -1.488436 318.557378 -0.000362 400.334404 -84.983417 233.841733 -380.439682 182.595821 -69.780739 1.224268 -35.484695 -9.440835 -22.421231 -3.802518 -28.385007 1.312208 12.355869 391.96795 0.67275 0.172895 0.659722 4.293118 0.426119 0.522251 0.181847 0.658321 0.25434 0.037567 0.193082 0.03118 0.258323 0.911113 0.042844 0.977097 -0.20806 -0.348414 -0.550167 -0.936782 -0.246729 -1.743167 -0.100535 -1.387556 1.002079 2.292534
65.019906 324.926532 320.352994 886.023675 14.02372 422.643173 -0.117009 342.410965 -0.973721 311.538833 0.065298 392.834654 -82.667826 246.712739 -380.384461 227.094534 -83.304141 1.300946 -47.605895 -11.570233 -31.522223 -5.7214 -37.358042 0.549417 21.41554 401.698099 -9.3e-05 0.051342 -0.002642 2.080573 0.063396 -0.008142 0.068643 -0.127377 0.054402 -0.03909 0.075386 -0.035457 0.015992 0.172397 2e-06 2.423794 -0.598493 0.001164 -0.888871 -0.108182 -0.773273 -0.195311 -0.615227 -0.16345 1.237881 0.059647
66.561641 333.738102 313.982098 1019.080435 26.857706 432.925772 2.880945 341.247685 0.926152 308.806471 3.695468 387.477467 -81.793406 253.603366 -366.215227 280.157718 -80.644201 2.516826 -45.631157 -9.259407 -29.341384 -4.657875 -34.8712 1.008788 40.693382 389.316362 0.009033 0.058943 -0.031994 4.652172 2.066741 0.061793 4.159151 -0.00099 3.799148 -0.006017 2.778309 -0.01839 0.002325 0.047453 0.134466 2.78308 0.021579 0.198792 0.020915 0.128578 0.039084 0.054631 0.042823 0.069252 3.067555 -0.096911
59.005044 343.800483 279.120468 1132.617684 23.000028 405.79397 2.844418 294.528861 1.467971 237.522206 3.627788 328.450722 -91.573769 253.330497 -391.636894 436.348665 -97.356877 11.402073 -58.541103 -6.533124 -39.658906 -2.853588 -45.19863 1.234823 56.387037 292.444617 -0.227584 0.074724 -1.025442 2.997561 -0.149465 -0.438959 -0.000117 -1.718845 0.062116 -4.670504 -0.000313 -2.437464 -0.276095 -7.3e-05 -0.426497 17.231198 -0.786321 3.204977 -0.803053 0.237101 -0.775743 0.219918 -0.668811 0.011415 1.276886 -6.917369
58.490265 351.24311 274.066721 1127.676894 33.601428 316.790307 9.837263 158.566902 6.946016 124.604269 9.179197 203.524388 -89.283867 251.022731 -391.459861 515.741121 -100.132175 44.559093 -61.337371 1.675243 -42.023191 1.456558 -47.160075 19.273433 83.139005 99.116936 -0.001128 0.03985 -0.023085 -0.0054 1.00168 -5.502423 2.102213 -20.880405 2.02758 -18.055082 1.265723 -14.876542 0.014497 -0.00528 2e-05 3.315946 -0.019501 10.880526 -0.032617 14.824884 -0.034224 8.387604 -0.02083 10.751356 2.588653 -51.054787
56.130955 357.694667 256.242947 1238.038249 45.564264 281.523675 22.285119 106.462736 17.694663 82.296773 18.390521 155.472867 -88.142206 253.362232 -421.205263 688.522827 -164.182334 167.579759 -120.794245 73.912098 -90.186929 55.019992 -94.944441 106.982248 187.777206 2.736413 -0.024284 0.029356 -0.299614 2.575598 0.90908 -1.040271 2.509913 -5.172245 2.467956 -4.371743 1.584321 -3.230364 0.003673 0.005426 -0.544557 12.459376 -7.877895 39.312904 -9.978179 53.332387 -9.085102 38.572383 -8.274968 35.439049 21.023353 -68.915537
59.572582 355.235326 248.515943 1280.121758 78.519158 298.328059 57.115212 133.83778 47.142598 98.238067 43.433675 170.102896 -82.887673 259.20702 -426.977885 822.924749 -243.32333 310.881544 -205.444907 213.460023 -167.571233 157.434831 -168.142842 227.643769 392.474833 -6.947399 0.051197 -0.004242 -0.059147 0.351675 4.456207 0.243551 8.047145 1.564375 7.073176 0.705188 5.299231 0.328873 0.080736 0.033325 -0.019644 5.987547 -7.758783 21.963968 -11.173683 36.15685 -11.890434 26.314412 -10.38803 22.511665 37.305163 -18.404122
60.081603 396.78374 214.821263 1464.140342 90.495745 318.132305 70.377356 132.953614 65.299014 91.442799 58.206933 163.907886 -80.728045 300.489745 -439.134105 970.352102 -261.490619 847.651836 -217.07969 866.62099 -176.139797 720.855287 -184.395366 804.571258 455.931281 -298.811863 0.001083 1.148634 -1.226792 6.176704 0.424871 0.318195 0.691659 -0.001465 1.475578 -0.121758 1.079363 -0.057455 0.014254 1.524565 -0.085313 6.07036 -0.327009 131.850739 -0.16022 219.874208 -0.106822 204.531317 -0.374832 176.281306 2.376438 -214.633739
49.874202 426.299953 178.230881 1574.234416 85.335995 335.776772 68.919397 142.877147 67.697205 92.55278 58.8487 165.340169 -91.285269 313.600779 -448.788514 952.760829 -284.080726 1447.113151 -250.304825 1733.590791 -187.429259 1572.786005 -195.878648 1589.391494 480.412388 -902.277275 -0.474811 0.529404 -1.706859 1.995259 -0.075722 0.238094 -0.00763 0.178567 0.021624 0.003348 0.001759 0.003115 -0.324278 0.139978 -0.052488 -0.080458 -0.467887 79.682037 -1.182439 148.790832 -0.175321 164.086309 -0.173422 132.300785 0.320089 -162.607259
40.638762 446.95436 116.384151 1637.165781 74.001262 323.365672 66.656549 127.840355 70.284881 84.560548 59.127125 153.684247 -95.055055 305.47297 -415.112144 918.287879 -391.264594 1751.028076 -419.684018 2181.124591 -319.862867 2103.74811 -302.567627 2067.094948 690.024546 -1344.758797 -0.472399 0.244295 -6.564691 0.616668 -0.403669 -0.116856 -0.018885 -0.417926 0.024266 -0.180416 0.000329 -0.213002 -0.038136 -0.053357 0.656632 -0.317599 -8.559807 14.473055 -21.763775 25.665367 -17.591564 38.542589 -11.551881 31.339202 18.922557 -43.996987
26.43462 480.091778 77.59145 1665.890032 50.957794 302.25009 46.338163 102.934774 52.556177 65.866689 42.353892 129.446014 -118.642238 303.805212 -432.098157 942.0097 -458.136239 1971.812487 -503.41644 2452.49392 -392.873108 2416.697609 -365.629059 2357.366644 732.816889 -1684.617258 -1.521258 0.592441 -3.918609 0.124899 -2.143079 -0.356445 -1.841808 -1.347859 -1.286056 -1.166079 -1.395776 -1.039402 -1.305726 -0.002283 -0.170296 0.151252 -2.636428 6.552616 -3.805436 7.953241 -3.749322 10.845725 -2.982384 9.532066 0.643641 -19.12432
14.781094 494.527241 51.049655 1733.747764 35.402333 310.082241 33.929734 102.008577 41.90774 67.551825 31.502415 132.080564 -139.372964 300.747073 -469.504378 1017.345 -511.009152 2341.889868 -550.833039 2924.876935 -440.989271 2864.462493 -414.559047 2764.592985 754.78569 -2052.24237 -1.681799 0.10691 -2.767887 0.677297 -1.412501 0.050091 -0.964895 -0.002093 -0.602091 0.010642 -0.801536 0.01327 -0.834173 -0.007735 -0.7763 1.448821 -1.443348 15.903995 -1.066859 20.788773 -1.389375 19.016182 -1.535849 16.214125 0.162226 -18.127094
11.024633 506.398914 34.67202 1690.758339 28.99026 306.06998 29.503492 98.21361 35.465204 70.421941 25.442791 133.981039 -148.343702 289.012368 -446.690089 1012.54886 -524.518802 2282.289058 -572.586054 2837.705148 -464.793309 2809.191928 -436.303594 2698.529113 757.038495 -1990.054994 -0.274872 0.070406 -1.579066 -0.269844 -0.320045 -0.013064 -0.154616 -0.035968 -0.268689 0.029855 -0.323325 0.006788 -0.139884 -0.116757 0.284095 -0.005666 -0.088128 -0.384112 -0.210624 -0.659371 -0.31284 -0.269219 -0.277896 -0.39946 0.001678 0.478379
7.558978 468.8762 24.781148 1640.957264 22.275835 289.194588 23.531175 86.781116 29.202781 63.552032 19.800001 122.087139 -162.042566 244.399741 -486.99688 960.800192 -568.985561 2210.119437 -622.696916 2761.401168 -508.421399 2709.711521 -477.227505 2607.082673 781.323329 -1943.305303 -0.326014 -0.722091 -0.828516 -0.372224 -0.441603 -0.239252 -0.337349 -0.353596 -0.30394 -0.176253 -0.35327 -0.276374 -0.302446 -1.868892 -0.870418 -0.67864 -0.904482 -0.579732 -1.050882 -0.519955 -0.97839 -0.89666 -0.917105 -0.788135 0.191694 0.27783
6.037722 435.399373 14.396445 1568.776211 12.930544 256.478718 14.706529 73.826495 22.335683 50.164164 13.766368 104.150584 -172.9933 209.277432 -478.597771 916.027709 -589.212633 2129.866824 -658.62844 2680.845151 -544.187256 2677.890675 -502.664598 2569.259751 787.020503 -1995.022378 -0.08537 -0.619879 -1.401387 -0.811713 -1.262975 -0.981624 -1.032226 -0.523313 -0.459542 -0.79083 -0.546732 -0.712143 -0.179012 -1.361574 0.03653 -0.534109 -0.176639 -0.742057 -0.503903 -0.596227 -0.607807 -0.093973 -0.330217 -0.138186 0.010348 -0.339582
4.829103 419.384176 9.421587 1518.385627 9.120115 235.543337 10.375374 64.149167 16.594767 41.945408 9.354307 92.2563 -183.666347 185.737656 -491.445926 885.62213 -608.068576 2042.798542 -678.930542 2563.581012 -564.750753 2553.161787 -521.367194 2449.422521 774.962743 -1940.604598 -0.067421 -0.150043 -0.525341 -0.411281 -0.331723 -0.445599 -0.376783 -0.339792 -0.425621 -0.367404 -0.424875 -0.360486 -0.159731 -0.702016 -0.08509 -0.256588 -0.14849 -0.908497 -0.154086 -1.311163 -0.190675 -1.487225 -0.170803 -1.430954 -0.046541 0.376234
3.358745 402.171487 5.065522 1496.086884 4.918211 224.595767 5.699501 59.923677 10.272951 43.739965 4.943862 90.848914 -193.485489 171.682617 -509.206181 859.224162 -626.146872 2001.963782 -696.786911 2522.619488 -578.252581 2513.402585 -536.206371 2406.078681 742.672997 -1894.010165 -0.133104 -0.180334 -0.670415 -0.082476 -0.643603 -0.13025 -0.695089 -0.071974 -0.754332 0.018794 -0.697227 -0.005409 -0.127842 -0.276454 -0.157623 -0.1997 -0.132409 -0.206133 -0.11589 -0.164944 -0.079749 -0.156005 -0.104112 -0.193464 -0.343543 0.283095
2.151306 386.953538 1.538583 1501.538964 3.444357 225.677651 4.494653 75.046694 9.533556 65.009934 4.319656 111.362242 -192.880475 154.911662 -510.594374 816.70667 -622.288849 1963.708806 -689.2887 2475.074533 -572.716707 2482.577179 -531.473209 2375.124644 730.034255 -1744.114207 -0.133923 -0.14675 -1.020655 0.004958 -0.130904 0.0013 -0.071451 0.84992 -0.013806 2.100338 -0.021054 1.043179 0.000474 -0.430887 -0.000945 -0.53941 0.005961 -0.184518 0.020282 -0.226162 0.013313 -0.095098 0.010491 -0.100201 -0.054234 3.089276
0.930614 389.261501 0.197778 1466.761716 1.53142 227.693144 2.421461 76.042248 6.935605 63.353663 2.583429 109.728481 -207.346164 138.752771 -539.414353 756.394037 -653.001348 1896.924485 -723.694466 2409.42984 -602.688298 2428.796692 -560.375839 2322.334328 738.929869 -1707.616946 -0.252054 0.003431 -0.633098 -0.203736 -0.382409 0.00448 -0.318046 0.00328 -0.2062 -0.010686 -0.22191 -0.006036 -0.261508 -0.444909 -0.395591 -1.156617 -0.369874 -0.577688 -0.418948 -0.441132 -0.382184 -0.294462 -0.382612 -0.29664 0.026935 0.192959
0.224721 405.234758 -0.877662 1438.58044 0.44845 216.552041 1.414967 66.559696 5.447745 58.096937 1.667591 102.132989 -221.905893 126.252787 -560.181988 732.08469 -681.595124 1849.144105 -752.078648 2337.711586 -631.182657 2374.503484 -586.996448 2271.238604 753.908224 -1689.764289 -0.240723 0.160587 -1.908703 -0.13668 -0.322444 -0.139724 -0.134381 -0.315628 -0.089708 -0.113816 -0.099826 -0.136198 -0.246996 -0.294969 -0.196132 -0.198519 -0.306346 -0.304727 -0.272988 -0.541779 -0.329061 -0.306856 -0.308859 -0.284186 0.075144 0.046907
0.015063 397.26652 -2.522782 1418.110598 0.01418 205.737193 0.544953 57.170451 3.31567 52.083826 0.642982 93.535094 -227.924394 112.43262 -583.113779 688.538076 -703.280467 1796.051193 -773.534593 2279.037078 -651.572673 2321.052991 -607.42101 2221.129647 747.848544 -1677.753986 -0.123423 -0.03956 -0.42444 -0.07334 -0.303145 -0.138507 -0.203685 -0.356765 -0.263315 -0.164205 -0.239602 -0.188992 -0.040264 -0.400438 -0.230002 -0.667578 -0.169792 -0.386674 -0.150884 -0.372864 -0.162065 -0.304229 -0.174643 -0.279472 -0.012226 0.021418
-0.050669 395.430197 -3.626165 1439.967727 -0.103225 226.956903 0.080067 69.546124 1.881723 62.351101 0.105652 106.42218 -238.475117 102.552548 -603.972275 661.71481 -724.369359 1769.369246 -795.670722 2259.883295 -671.011648 2303.912923 -625.572186 2209.338413 743.961175 -1608.236299 -0.120985 -0.002127 -0.099807 0.083577 -0.193921 0.52063 -0.207251 0.605778 -0.201726 0.461528 -0.227357 0.415713 -0.119353 -0.227149 -0.183268 -0.266453 -0.155768 -0.099839 -0.15614 -0.040414 -0.142862 -0.031761 -0.133611 -0.015691 -0.005065 0.735433
-0.174665 407.166322 -4.950173 1506.368302 -0.846769 251.215559 -0.19016 83.072551 0.824106 71.064166 -0.022626 117.490841 -244.447592 98.843327 -631.149563 638.455125 -739.045559 1747.298905 -811.152969 2237.230418 -683.712156 2286.266627 -638.156807 2191.536422 732.010506 -1551.175398 -0.037185 0.085811 -0.102816 0.748319 -0.358697 0.615742 -0.517011 0.600598 -0.215256 0.28482 -0.226062 0.273745 -0.036933 -0.03416 -0.299037 -0.208071 -0.073594 -0.069257 -0.07459 -0.057054 -0.059535 -0.033919 -0.062662 -0.036006 -0.048382 0.515319
-0.518246 385.470179 -7.869499 1524.515755 -1.82842 283.432515 -0.752273 109.938525 0.159648 90.262342 -0.420775 137.390506 -255.212098 83.63447 -655.856372 601.532864 -760.552617 1690.381294 -829.223134 2182.222475 -701.584471 2216.513327 -656.162615 2118.869809 722.910748 -1412.197144 -0.091182 -0.29699 -0.336823 0.05433 -0.186616 0.971551 -0.185988 1.878936 -0.258311 1.146384 -0.248256 0.778013 -0.115967 -0.634906 -0.237172 -0.549826 -0.154234 -0.471224 -0.099532 -0.342349 -0.115294 -0.540312 -0.125249 -0.612565 -0.028457 3.260742
-0.971005 368.553494 -8.967897 1496.308102 -2.482519 262.992806 -1.233992 94.270074 0.018662 74.783663 -0.825925 119.887012 -263.703358 70.910244 -669.479031 583.447317 -770.717158 1646.382916 -836.155298 2141.970223 -710.644438 2159.231135 -666.078429 2057.397297 717.946463 -1430.335227 -0.070492 -0.189789 -0.035865 -0.131701 -0.049912 -0.38242 -0.059299 -0.601989 -0.069144 -0.72743 -0.067669 -0.596103 -0.069478 -0.524707 -0.070013 -0.138022 -0.033736 -0.290093 -0.014428 -0.18735 -0.029062 -0.374952 -0.037181 -0.452446 -0.008552 -0.05787
-1.230577 353.335883 -9.689072 1499.668836 -2.886947 271.009258 -1.761441 100.987859 1e-05 81.484815 -1.090569 127.277874 -267.303728 57.981009 -682.451571 542.272213 -775.120715 1589.226466 -839.925492 2078.981678 -712.786823 2106.247741 -667.577428 2001.539099 712.957106 -1359.174273 -0.015356 -0.160413 -0.013944 0.001885 -0.015252 0.060175 -0.046803 0.115596 -0.017801 0.143747 -0.01836 0.110528 -0.012206 -0.650113 -0.062241 -0.753277 -0.006272 -0.504869 -0.00424 -0.47001 -0.001612 -0.329078 -0.000842 -0.384372 -0.008699 0.907813
-0.641253 370.421366 -9.084689 1533.289102 -2.43491 290.217677 -1.393214 113.985302 0.023029 91.320581 -0.779438 138.734693 -257.286964 61.298865 -671.72269 554.122439 -756.341335 1620.542142 -818.700592 2118.113172 -690.519244 2139.55962 -647.831151 2029.763075 698.517745 -1346.830819 0.095192 0.201694 0.009731 0.186346 0.019233 0.328808 0.021564 0.393277 0.022071 0.280144 0.026065 0.24683 0.095641 0.046153 0.042502 0.064043 0.115144 0.152767 0.13581 0.182425 0.176681 0.130682 0.148219 0.098802 -0.073859 0.028153
-0.712138 359.558303 -10.976081 1479.13663 -2.836432 267.78408 -1.758705 97.773827 0.005456 80.946478 -0.903071 129.68826 -258.977096 58.147832 -675.842818 544.891884 -754.059616 1592.465613 -814.164899 2076.906126 -688.504293 2099.399005 -646.832533 1990.130775 692.385937 -1355.872424 -0.001858 -0.080833 -0.089362 -0.486772 -0.015314 -0.451136 -0.021263 -0.621456 -0.006067 -0.312653 -0.004549 -0.152485 -0.002767 -0.04157 -0.006299 -0.038764 0.001723 -0.122674 0.0063 -0.20239 0.001472 -0.190249 0.000385 -0.195373 -0.013516 -0.015124
-0.506912 365.737113 -11.228781 1478.422415 -3.356167 258.571033 -2.179003 90.954075 -0.006485 75.123108 -1.19941 123.195184 -258.655383 62.343477 -674.309798 564.885609 -746.321202 1616.238963 -808.33302 2102.876508 -682.491433 2124.139835 -641.267488 2015.512792 678.290205 -1400.333695 0.017399 0.026319 -0.001438 -8.6e-05 -0.021849 -0.080636 -0.022495 -0.123257 -0.023837 -0.108681 -0.020989 -0.083372 0.0001 0.073071 0.00087 0.180118 0.019956 0.08807 0.010481 0.080682 0.013186 0.072465 0.012022 0.080418 -0.072481 -0.358633
-0.117797 370.105961 -9.351755 1485.801845 -2.669553 239.530754 -1.887271 78.102042 0.014296 62.016023 -0.715855 104.376108 -247.131545 64.916373 -654.719655 571.122216 -726.608794 1618.253643 -788.253856 2101.918049 -663.387578 2123.772566 -622.767865 2016.8491 669.56108 -1459.95685 0.135985 0.012969 0.085775 0.009186 0.039247 -0.364047 0.010479 -0.489228 0.04004 -0.627792 0.062048 -0.779459 0.131296 0.026012 0.144389 0.017119 0.131913 0.000627 0.126266 -0.000109 0.13559 -1.6e-05 0.135382 0.000221 -0.028267 -0.621494
-0.00752 389.241333 -7.737994 1531.907479 -2.411584 226.28412 -2.042613 67.230009 0.004744 55.259106 -0.633695 96.67785 -242.570341 77.199484 -638.72715 611.594121 -701.584313 1680.596281 -760.566918 2166.088206 -634.792058 2189.369435 -596.1863 2083.312723 638.267332 -1548.977483 0.065791 0.241142 0.076363 0.35223 0.006553 -0.188389 -0.003071 -0.407229 -0.00257 -0.194815 0.002503 -0.147435 0.021243 0.531811 0.098871 0.692666 0.219254 0.589137 0.247488 0.482432 0.314981 0.498847 0.289865 0.538723 -0.374452 -1.317145
0.436729 391.740702 -4.129023 1521.293265 -0.768824 221.521066 -0.579161 63.560182 0.463973 52.285724 -0.021475 93.037927 -219.925076 91.995423 -595.662776 664.261699 -654.930293 1756.38154 -711.046337 2248.376688 -588.537304 2264.39676 -552.241383 2156.371833 622.050674 -1628.50918 0.558866 0.003999 0.562088 -0.01845 0.457113 -0.025332 0.446457 -0.051496 0.37489 -0.041112 0.421858 -0.034921 0.554725 0.648187 0.751426 1.087527 0.802513 0.835633 0.833433 0.767022 0.874772 0.631993 0.84109 0.629531 -0.104335 -0.995485
1.296337 398.285537 -2.619653 1475.428073 -1.177978 212.393057 -1.15715 60.475927 0.116142 50.748712 -0.172718 91.091976 -202.662937 116.403185 -564.47245 727.40432 -613.296061 1852.932767 -664.64135 2359.742176 -544.340772 2365.116826 -512.373489 2253.223535 560.35919 -1722.968337 0.22821 0.02711 0.170954 -0.351007 -0.043481 -0.096021 -0.099025 -0.038352 -0.115845 -0.011465 -0.072388 -0.010283 0.352714 1.434261 0.419353 1.43319 0.683583 1.291631 0.782894 1.345894 0.862439 1.095767 0.746752 1.063747 -1.610454 -1.331399
3.918019 448.722983 -0.591106 1612.65065 -0.646907 247.975386 -0.708099 77.852295 0.376198 67.58622 -0.023961 114.057986 -178.307758 160.167553 -515.099097 840.976098 -558.940104 2042.151501 -607.114466 2579.885966 -488.943707 2575.746649 -459.045687 2455.973975 516.444768 -1808.863026 0.706996 1.503052 0.72199 3.050334 0.078985 1.377156 0.05486 1.095723 0.074286 1.204003 0.068017 1.289546 0.779302 3.484574 1.129617 4.117465 1.260906 4.598729 1.301758 4.907999 1.486059 4.491634 1.464867 4.366647 -0.895836 -1.044641
7.605294 477.374588 0.000421 1675.2011 -0.056008 257.520441 -0.16938 84.161341 0.992288 73.014595 0.070847 121.687505 -159.457903 193.148733 -467.433137 920.36602 -509.320918 2149.114982 -555.327639 2703.454792 -440.297362 2695.405537 -410.046148 2572.797018 483.094047 -1881.168322 0.605862 0.443318 0.623074 0.595056 0.322221 0.090126 0.184838 0.122888 0.146526 0.10483 0.17721 0.123491 0.526392 1.542723 1.1569 1.790102 1.152992 1.365106 1.154125 1.445236 1.274207 1.358346 1.3824 1.357137 -0.556547 -0.708471
11.17193 485.751706 1.320499 1639.106823 0.164142 232.690193 0.025155 64.597671 2.051448 57.34353 0.563903 104.024645 -142.374912 231.878605 -432.201 1023.767366 -462.716855 2243.272647 -497.275202 2804.400273 -393.193931 2768.352683 -368.53839 2641.332122 452.047383 -2028.834583 0.341844 0.036432 1.273769 -0.196547 0.411914 -0.629257 0.325083 -1.292045 0.190228 -0.94538 0.234997 -0.692155 0.483815 1.768274 0.690158 2.751717 1.117852 1.009324 1.602053 0.925119 1.332052 0.486984 1.107214 0.450436 -0.515516 -2.789398
17.723408 477.122367 4.593324 1705.105916 0.568442 276.057098 0.016771 92.205555 2.279921 78.903681 1.064521 130.92662 -125.916873 246.865084 -386.50314 1107.127303 -415.789815 2301.022106 -449.127235 2861.041038 -357.148309 2801.092333 -331.239607 2673.820144 416.499056 -1939.748182 0.752511 -0.038669 0.988184 0.65132 0.121666 1.851722 -0.000847 2.449553 0.00603 1.716685 0.078861 1.545222 0.505275 0.234624 1.276361 1.631132 1.254242 0.366958 1.225551 0.283143 0.866296 0.09623 0.994736 0.09929 -0.727775 1.000028
23.250744 466.326572 13.006873 1725.29008 1.171453 301.039982 0.001216 112.031839 1.87509 92.96826 1.01451 148.923586 -118.63276 260.431558 -362.951747 1143.164172 -378.61256 2326.567996 -402.424517 2888.853235 -318.139003 2804.411478 -296.078991 2670.05715 368.862399 -1876.162318 0.374525 -0.06177 2.141247 0.059381 0.107837 0.541016 -0.008955 0.964593 -0.019769 0.576431 -0.000602 0.579286 0.108506 0.181434 0.370139 0.288571 0.870406 0.070512 1.281652 0.067264 1.127666 0.000983 0.986135 -0.001325 -1.446049 0.529814
30.875155 470.298156 21.69226 1748.722473 2.869353 309.788794 0.239199 115.983603 3.318166 94.04685 2.672514 152.094391 -103.922023 282.158187 -309.483426 1200.573101 -330.487614 2310.79253 -356.491451 2850.947904 -281.105545 2763.122562 -258.936427 2631.099247 345.505787 -1837.634275 0.539695 0.00842 1.104582 0.079027 0.374029 0.062657 0.206302 0.034247 0.204525 0.00311 0.393823 0.0167 0.486718 0.435168 2.129123 0.70321 1.634948 -0.026833 1.391315 -0.125164 1.145433 -0.153102 1.244216 -0.143152 -0.38193 0.199856
38.819617 461.047406 33.329547 1734.387764 3.981061 280.922944 0.22281 96.646234 2.754536 73.850004 2.312635 129.751429 -92.867656 292.069839 -284.808032 1210.855434 -295.187277 2310.093751 -317.62869 2840.525378 -245.704857 2724.635586 -225.652804 2592.83964 300.490261 -1901.347144 0.454272 -0.045943 1.244741 -0.029497 0.090808 -0.705704 -0.000291 -0.881133 -0.026213 -1.219198 -0.013007 -0.887 0.310727 0.085548 0.512491 0.021922 0.996609 -5.3e-05 1.121144 -0.009543 1.190776 -0.134961 1.144381 -0.140107 -1.570337 -0.542878
46.647691 460.454459 51.066691 1732.733338 5.438205 287.853354 0.421192 104.88288 2.897895 79.704145 2.419773 137.730958 -84.336494 319.38185 -256.452516 1289.470196 -264.324255 2283.675294 -281.724479 2785.171846 -218.588755 2618.563231 -199.614687 2511.567711 271.823409 -1784.570831 0.359247 -0.000191 1.884913 -0.000395 0.113391 0.042224 0.031317 0.168389 0.001818 0.111633 0.001213 0.119049 0.205478 0.610284 0.743254 1.236201 0.851861 -0.075966 1.076386 -0.27233 0.792506 -1.05297 0.797874 -0.647043 -0.718404 1.850303
57.454369 446.430178 100.851277 1724.863654 9.661429 320.280614 0.830715 142.350839 2.459068 94.827826 2.502817 160.505789 -77.268366 338.487731 -229.112135 1328.967311 -227.042844 2281.818958 -237.774524 2794.487982 -181.406539 2619.259764 -165.009354 2505.108192 226.107341 -1717.335445 0.562432 -0.108444 8.389002 -0.008956 0.602623 0.865168 0.068876 2.855602 -0.018004 0.656489 0.000701 0.870871 0.154644 0.277495 0.77033 0.297909 1.416364 -0.000377 1.862436 0.007777 1.731916 4.6e-05 1.645857 -0.004159 -2.103085 0.645508
68.952603 450.292831 132.284502 1767.03769 12.883112 332.096233 1.323782 149.111637 3.074721 100.972017 3.283395 169.338965 -68.695522 382.827929 -213.012255 1460.716139 -206.504534 2351.838648 -212.247842 2868.411419 -160.60401 2653.653017 -146.50902 2549.742034 208.122515 -1719.357537 0.524038 0.008319 2.128758 0.254691 0.231382 0.107009 0.057179 0.078423 0.034353 0.096426 0.052893 0.118297 0.25197 1.364114 0.293234 3.112798 0.486751 0.529068 0.72456 0.482518 0.633235 0.112168 0.549831 0.19706 -0.372605 -0.000595
68.384396 442.952022 167.495859 1774.568358 15.769374 410.538437 1.511914 231.841666 2.678588 149.380476 3.283092 231.029838 -70.898349 399.562276 -212.305331 1512.096444 -201.142603 2323.622197 -205.589828 2807.211488 -155.74154 2547.384151 -141.899511 2460.405454 199.269481 -1463.023232 -0.001175 -0.030164 2.075095 0.008006 0.145742 4.154424 0.006248 9.091553 -0.013654 4.724743 -0.0 4.781373 -0.017382 0.178984 0.000587 0.444046 0.035265 -0.085144 0.053049 -0.329967 0.037372 -1.085769 0.036838 -0.796549 -0.096204 10.340403
86.445262 423.312183 229.399396 1799.419977 29.601055 530.603754 6.179867 360.67504 7.124312 243.229526 8.827706 336.273419 -59.573502 405.363995 -189.328181 1516.554822 -177.807799 2277.568477 -181.19041 2727.497283 -135.964998 2458.273513 -122.84229 2378.183707 205.335823 -1154.991221 1.057007 -0.222665 4.857252 0.086404 2.159777 7.690027 1.578377 14.175969 1.066059 11.381764 1.343779 9.847632 0.492423 0.020909 0.657791 0.003282 0.719131 -0.230484 0.770366 -0.574076 0.671157 -0.793236 0.6868 -0.698644 0.04548 18.184467
86.064628 422.354096 267.215835 1788.276153 35.92076 752.35394 11.672591 604.082728 13.973676 439.130732 16.026516 536.46961 -62.386594 430.343659 -189.928424 1614.681534 -175.300062 2293.996626 -179.359271 2704.318124 -135.137249 2401.465956 -122.504613 2330.576034 236.02155 -786.763683 -0.00042 -0.000543 1.441923 -0.017307 0.305486 19.309286 0.865986 31.210636 1.142755 28.725621 1.06537 23.271499 -0.032447 0.37341 -0.000475 1.537926 0.008905 0.029518 0.00465 -0.049456 0.001264 -0.332035 0.000232 -0.240674 1.068017 35.234359
94.807425 413.166345 293.779534 1796.085674 64.647766 943.010828 23.076071 842.689145 22.22458 605.929926 27.474117 692.200017 -59.392195 436.907075 -182.566344 1591.503034 -168.509702 2287.209929 -170.066089 2699.594347 -129.601051 2391.075126 -116.914477 2315.214272 259.163023 -589.662971 0.211423 -0.050518 0.629262 0.008508 4.19017 10.754532 1.924431 19.811527 0.952883 13.397046 1.533294 9.909153 0.03682 0.024837 0.07276 -0.083783 0.067063 -0.005027 0.123601 -0.002065 0.057893 -0.011264 0.06527 -0.025398 0.541031 14.18525
92.287332 406.323349 302.593133 1720.85078 88.890115 1067.555297 40.810538 1035.779759 33.971757 784.485156 40.915012 854.258234 -61.288692 432.178386 -187.089542 1563.531111 -174.48493 2283.0514 -173.494535 2717.207578 -133.495737 2414.908785 -120.968366 2322.913437 302.153571 -446.606194 -0.016973 -0.028571 0.06513 -0.804811 1.925911 3.86116 2.51082 9.95039 1.241518 11.512573 1.333814 8.514736 -0.014903 -0.012864 -0.027675 -0.123999 -0.05205 -0.001892 -0.017107 0.028636 -0.028829 0.059098 -0.034545 0.00639 1.648718 9.921982
93.280819 402.541406 292.540694 1607.185091 150.670026 1381.785509 110.831342 1470.244074 92.464007 1172.850308 95.508696 1204.98689 -55.789321 424.903808 -177.29989 1457.138834 -173.389976 2260.908713 -176.794293 2713.608377 -133.055212 2429.106901 -119.242171 2328.460562 447.355357 -226.17358 0.002659 -0.008842 -0.084904 -1.941635 8.103226 20.240199 17.134086 37.948427 14.343573 38.915638 11.399879 30.08769 0.129229 -0.030872 0.131528 -1.874225 0.001723 -0.053951 -0.015542 -0.001193 0.000364 0.020808 0.006202 0.003308 14.199419 37.136724
95.316972 399.51736 240.679056 1376.406955 197.864647 1745.460525 202.860778 2028.172713 173.55036 1795.813375 158.53977 1753.395347 -52.515697 419.875199 -168.050571 1379.333213 -169.824046 2221.932138 -176.347669 2669.952588 -131.842492 2411.126781 -117.198223 2309.558637 607.924251 -45.241598 0.010992 -0.005701 -2.528058 -8.938629 3.210063 21.218307 13.803259 44.77586 12.659583 66.099114 7.943393 51.274804 0.049486 -0.014967 0.123882 -1.067321 0.018525 -0.169446 0.000282 -0.177007 0.002776 -0.033396 0.008835 -0.038517 12.287431 69.10399
97.134402 403.13759 242.644519 1452.557001 413.119762 3251.167183 510.23658 3890.987522 478.130154 3909.686218 412.444514 3739.984004 -51.853429 411.96433 -162.618964 1375.693119 -174.364647 2238.473604 -185.747566 2656.358005 -144.226694 2409.832586 -127.138313 2331.87482 1147.558261 180.56474 0.008582 0.008164 0.003996 1.025089 39.173966 232.26669 69.647314 300.763767 75.556707 406.04045 59.559379 371.789539 0.002101 -0.037617 0.044613 -0.002405 -0.029952 0.030672 -0.12203 -0.017349 -0.277912 -0.000174 -0.202275 0.053649 84.999353 406.571792
97.401167 414.89783 246.931253 1458.475968 475.330029 3414.734441 593.531479 3981.235561 583.35489 4045.487798 504.644873 3911.894735 -50.634471 407.019242 -155.990604 1395.596181 -177.763452 2265.585621 -194.621187 2659.053154 -154.1116 2438.926134 -135.105724 2377.066787 1337.138918 202.170411 0.000183 0.084538 0.018768 0.006017 2.180693 2.007101 3.147376 0.517324 5.228326 1.159209 4.646491 1.931358 0.007249 -0.01493 0.068956 0.071472 -0.016403 0.081601 -0.10352 0.000683 -0.163804 0.087284 -0.12106 0.21686 7.242993 0.610314
94.177155 401.719543 218.677152 1424.743777 402.995427 2761.891374 492.003429 3177.40292 492.458072 3174.153459 429.29996 3087.808164 -50.930269 392.056518 -157.011033 1349.115368 -183.552144 2262.752414 -198.541834 2663.981913 -158.433067 2440.527276 -139.593793 2375.565911 1209.53823 48.134914 -0.02713 -0.10634 -0.85805 -0.197331 -2.98363 -34.598268 -4.758293 -45.273737 -3.846872 -52.773297 -3.044143 -48.679809 -0.000431 -0.140101 -0.001663 -0.393597 -0.046374 -0.000886 -0.019549 0.002282 -0.029877 0.000263 -0.036666 -0.000237 -3.198711 -53.009047
91.560936 393.573001 203.353465 1408.70518 393.271822 2671.913899 486.294602 3026.106807 497.926971 3037.902485 435.11355 2977.694936 -49.26391 389.87843 -153.732687 1345.263645 -184.54319 2257.565095 -202.785569 2665.757303 -163.109288 2450.567376 -143.00574 2373.819095 1231.006481 31.516601 -0.018426 -0.041725 -0.278289 -0.045393 -0.059372 -0.745012 -0.016657 -1.845239 0.0151 -1.494397 0.01955 -0.999581 0.013858 -0.003034 0.017294 -0.002753 -0.001334 -0.002976 -0.022438 0.000296 -0.034005 0.010305 -0.020598 -0.000321 0.094425 -1.752892
85.559966 388.063158 183.898496 1404.906199 366.937265 2756.10784 454.352579 3130.918693 465.42794 3143.544952 405.838157 3075.192317 -53.101261 385.755946 -158.558383 1344.193728 -194.862737 2237.302451 -217.466266 2644.418393 -179.015548 2420.692187 -157.36652 2340.833845 1221.743539 47.152871 -0.101688 -0.01942 -0.489003 -0.002565 -0.456267 0.653005 -0.542492 0.892178 -0.548338 0.902794 -0.509725 0.785275 -0.07195 -0.010956 -0.037287 -0.000213 -0.140368 -0.045672 -0.256499 -0.042875 -0.369961 -0.091612 -0.34349 -0.115389 -0.017491 1.569583
83.679664 384.929717 182.493144 1483.672112 383.749858 2993.190704 479.177819 3372.659108 502.737298 3415.097732 438.088401 3354.609363 -54.21009 383.056368 -162.260247 1355.225263 -200.586078 2263.109818 -225.463295 2667.211441 -185.230705 2445.871207 -163.909641 2371.060034 1298.287212 80.695862 -0.010446 -0.006351 -0.002695 1.074096 0.188293 4.890353 0.330145 4.494344 0.719147 5.624071 0.616439 6.07412 -0.005729 -0.00474 -0.021358 0.022541 -0.041419 0.073996 -0.072198 0.048905 -0.053029 0.065137 -0.066636 0.09695 1.162741 4.478695
84.087566 382.077773 180.225064 1490.435198 386.227111 3020.682244 481.580265 3389.496807 511.608918 3436.953607 447.21165 3389.069298 -52.58591 382.868106 -161.741637 1355.277048 -203.744045 2263.416632 -228.933533 2669.06797 -185.808416 2449.852345 -164.767418 2374.783482 1314.057401 83.348757 0.000496 -0.005302 -0.007091 0.00769 0.003985 0.062837 0.003004 0.020963 0.038797 0.034857 0.04701 0.088045 0.012351 -2.3e-05 0.000415 0.0 -0.012333 1e-05 -0.013251 0.000323 -0.00045 0.001619 -0.001119 0.001461 0.047601 0.021452
82.891743 383.37164 178.706414 1526.565368 391.33345 3132.158659 490.709813 3528.934788 516.076399 3588.230375 451.323297 3532.229213 -52.131628 379.989896 -162.618584 1332.365812 -210.830528 2251.215164 -238.554191 2654.712889 -190.947221 2446.523892 -169.413318 2374.908384 1334.855935 108.982978 -0.004282 0.001094 -0.003213 0.216347 0.016767 1.009941 0.042863 1.405299 0.00971 1.628948 0.009407 1.480716 0.000985 -0.00543 -0.001185 -0.097657 -0.06057 -0.016488 -0.099005 -0.019354 -0.035047 -0.001131 -0.032296 2e-06 0.081653 1.715936
82.574639 390.781056 175.967309 1542.596635 388.227618 3140.767801 489.558211 3531.066143 514.645476 3592.816447 450.412427 3543.143615 -51.427331 379.751803 -161.679863 1271.327856 -214.045236 2210.611518 -250.510914 2616.603157 -194.258479 2453.623106 -171.625258 2387.984334 1341.278045 108.285816 -0.000304 0.035459 -0.010577 0.041869 -0.006187 0.005908 -0.000676 0.000322 -0.000993 0.001464 -0.00046 0.008418 0.002395 -3.7e-05 0.001359 -0.71555 -0.012162 -0.184755 -0.146182 -0.137762 -0.014232 0.005143 -0.007173 0.017949 0.007706 -0.001119
86.47907 388.832973 182.308156 1556.209639 392.557259 3220.70739 493.325093 3598.520753 516.429733 3680.710981 453.037542 3637.808213 -48.225603 369.516744 -157.811051 1233.511528 -211.622386 2193.985196 -249.719089 2599.265813 -190.526738 2458.449797 -167.872902 2392.879012 1334.311784 122.901753 0.045094 -0.002434 0.056115 0.029901 0.012005 0.502288 0.007218 0.319109 0.001544 0.531086 0.003814 0.623996 0.051447 -0.069909 0.023425 -0.285479 0.006895 -0.03138 0.000627 -0.028814 0.018096 0.002371 0.020737 0.002506 -0.009069 0.462481
84.758118 395.284897 181.072328 1586.028122 396.733281 3310.69858 498.660622 3707.413668 526.681551 3789.022201 460.069174 3740.057636 -48.775818 369.857402 -162.871184 1249.912925 -213.679836 2204.50684 -249.484987 2613.005882 -192.244176 2459.620704 -169.562073 2394.132774 1355.32642 143.052859 -0.008648 0.026544 -0.002101 0.141485 0.011047 0.619989 0.014349 0.811554 0.050379 0.785298 0.027075 0.708568 -0.00156 7.8e-05 -0.039925 0.054161 -0.004977 0.012584 5.5e-05 0.01811 -0.003853 0.000139 -0.004228 0.000164 0.082097 0.764513
86.370132 399.927774 181.495259 1610.276003 399.61345 3375.969302 505.459567 3784.158164 533.076351 3885.548681 463.969077 3834.563332 -48.636714 365.2236 -163.776202 1260.212577 -215.254006 2200.452601 -251.049788 2606.5708 -193.056091 2453.5676 -170.329152 2392.084845 1367.735547 163.857144 0.007593 0.013554 0.000247 0.091976 0.005208 0.318572 0.023018 0.3931 0.019294 0.607052 0.00823 0.589579 9.9e-05 -0.014605 -0.001254 0.021131 -0.002889 -0.001866 -0.002446 -0.003967 -0.000855 -0.003729 -0.000866 -0.000438 0.028275 0.705934
85.109239 405.232179 180.400186 1625.087829 396.636885 3396.152861 501.93495 3803.849578 525.561291 3896.546995 457.664448 3833.642495 -49.566131 363.895146 -165.04358 1265.717252 -217.102348 2204.37405 -251.824044 2610.943423 -195.178707 2455.249886 -172.208349 2393.47414 1361.297172 165.684511 -0.004636 0.017473 -0.001657 0.033905 -0.005564 0.030077 -0.006166 0.02555 -0.026674 0.007772 -0.021564 -5.5e-05 -0.004398 -0.00121 -0.002442 0.005998 -0.003951 0.001746 -0.000596 0.001832 -0.005803 0.000288 -0.005155 0.000202 -0.007595 0.005067
82.910249 411.06498 175.911018 1647.084839 384.224996 3430.112623 486.581448 3866.729399 508.855059 3962.073692 442.713016 3881.752649 -51.986096 359.179213 -169.338694 1260.015486 -223.854478 2193.740773 -258.738885 2593.933137 -200.987344 2436.601829 -178.416019 2375.642462 1349.446738 184.499468 -0.01439 0.020839 -0.028281 0.073938 -0.09865 0.084473 -0.119241 0.257734 -0.134915 0.273192 -0.124148 0.149999 -0.028838 -0.015379 -0.027586 -0.006436 -0.051699 -0.012854 -0.046828 -0.027796 -0.042586 -0.035544 -0.054957 -0.033336 -0.025903 0.505818
76.159682 422.034261 164.288587 1675.97185 367.155831 3414.593553 466.705712 3849.103188 489.485415 3927.7829 424.629435 3847.286235 -57.035283 359.268177 -178.320573 1291.136037 -234.454731 2225.675548 -268.962654 2624.973085 -210.998806 2451.088779 -187.699294 2385.651248 1343.230948 173.279172 -0.143304 0.072218 -0.19859 0.125558 -0.193906 -0.017593 -0.207224 -0.020133 -0.187921 -0.074517 -0.188537 -0.076849 -0.116986 6e-06 -0.116044 0.189821 -0.122603 0.115382 -0.099048 0.092307 -0.12166 0.021469 -0.117713 0.01052 -0.007174 -0.175983
73.647228 420.203501 158.189632 1667.789481 350.665315 3408.680815 444.626367 3838.077366 465.7541 3919.491571 403.713197 3831.143507 -58.721929 357.53399 -179.898818 1286.428621 -239.387329 2226.124502 -275.669372 2621.115247 -220.996285 2450.176582 -195.859461 2385.054619 1328.404266 171.782559 -0.02107 -0.00199 -0.057679 -0.010011 -0.189443 -0.002562 -0.267503 -0.007907 -0.294828 -0.00438 -0.264117 -0.016969 -0.012288 -0.002098 -0.003477 -0.004299 -0.025674 2.3e-05 -0.041296 -0.001418 -0.115699 -8.5e-05 -0.086813 -3.7e-05 -0.041142 -0.003246
73.396084 421.245204 158.285304 1670.652439 354.66447 3414.414183 450.398006 3844.931933 474.284243 3931.823182 410.395278 3845.763563 -58.902942 354.396746 -180.523735 1282.219798 -241.467913 2201.954026 -277.523788 2582.655788 -222.892646 2409.670342 -197.776957 2350.964909 1347.452125 185.391604 -0.000214 0.000645 1.4e-05 0.001228 0.011338 0.002409 0.01861 0.003058 0.038703 0.009684 0.027423 0.013921 -0.000139 -0.006912 -0.000542 -0.003448 -0.004501 -0.065967 -0.003108 -0.142123 -0.004051 -0.16881 -0.00467 -0.12269 0.067796 0.25936
72.019374 417.930197 154.071719 1666.259227 348.19938 3390.631987 443.524557 3813.70635 468.45135 3898.094758 404.579056 3818.817147 -60.691053 350.478272 -182.696997 1278.047064 -244.68538 2204.278763 -282.321158 2589.617554 -226.472 2418.578405 -200.620437 2356.812047 1346.355968 175.713042 -0.006517 -0.006548 -0.028421 -0.002892 -0.029734 -0.041557 -0.026426 -0.063656 -0.018045 -0.072645 -0.020755 -0.047368 -0.013368 -0.010892 -0.006502 -0.0034 -0.010647 0.000613 -0.020555 0.004685 -0.014256 0.008218 -0.010148 0.003631 -0.000223 -0.129729
71.443226 413.231348 149.355526 1655.973122 341.790343 3361.622109 435.456649 3775.97084 463.587714 3849.766072 400.434946 3773.522395 -61.191579 345.268401 -183.913935 1271.113747 -245.572858 2197.94042 -283.097555 2587.485063 -226.788389 2409.918904 -201.026047 2347.214995 1338.870701 167.846491 -0.001157 -0.013282 -0.036654 -0.015924 -0.029766 -0.062318 -0.037027 -0.09381 -0.01269 -0.150731 -0.010667 -0.135112 -0.001028 -0.019506 -0.00202 -0.009429 -0.000803 -0.004563 -0.000533 -0.000439 -0.00011 -0.007765 -0.000205 -0.00979 -0.010433 -0.090073
71.581789 404.40943 150.491048 1637.975615 341.61108 3338.244345 434.951686 3745.392439 461.479386 3816.157117 398.578455 3744.849668 -60.908469 338.738517 -181.288146 1258.031043 -243.809931 2190.784495 -282.171654 2579.837829 -225.377384 2413.188699 -199.37408 2345.892312 1331.859148 160.043639 6.7e-05 -0.047593 0.00215 -0.049168 -2.4e-05 -0.040786 -0.000146 -0.062159 -0.002403 -0.073675 -0.002157 -0.054675 0.000328 -0.03117 0.00944 -0.033837 0.003175 -0.005834 0.000758 -0.005659 0.002202 0.001108 0.003408 -0.000186 -0.009204 -0.092856
]