01-30-21_Raj_4K+Depth.snake_in_grey_wagon.0000000006 [ 43.582721 158.872415 81.900661 993.177522 192.796959 2215.419894 245.548387 2416.898476 275.9304 2469.569926 236.463035 2464.387303 -43.061024 135.038876 -143.465568 843.553896 -31.18793 1345.465983 -14.709089 1715.534255 -5.230725 1472.810743 -8.168851 1399.758739 357.143127 128.086964 0.0 0.0 0.0 0.0 0.0 0.0 0.0 0.0 0.0 0.0 0.0 0.0 0.0 0.0 0.0 0.0 0.0 0.0 0.0 0.0 0.0 0.0 0.0 0.0 0.0 0.0
40.383671 165.681288 77.737057 1001.788579 185.650098 2220.371255 238.391916 2415.817616 266.862558 2464.857499 228.846964 2453.711533 -44.801111 147.946938 -130.758591 896.12078 -29.303169 1411.436802 -13.880452 1779.170145 -4.926595 1532.070553 -7.254836 1463.061989 344.307395 110.368858 -0.060963 0.07143 -0.054306 0.018584 -0.067489 0.002763 -0.052918 -0.000121 -0.075748 -0.00225 -0.062333 -0.011587 -0.017233 0.294546 0.294566 0.794375 0.029369 0.789432 0.012011 0.579428 0.004554 0.584394 0.027106 0.699972 -0.117449 -0.65917
40.340275 166.480075 77.160787 1004.268094 186.681312 2209.567032 240.547675 2426.546366 267.886505 2468.459287 227.609552 2450.459827 -47.082581 148.455884 -130.078718 918.743553 -28.885284 1413.256365 -13.783624 1774.566475 -4.894895 1530.918489 -7.089101 1460.238357 345.204499 111.442611 -1.2e-05 0.00096 -0.001072 0.001532 0.001428 -0.013175 0.004852 0.011885 0.00098 0.001315 -0.001677 -0.001078 -0.028329 0.000437 0.000886 0.141005 0.001501 0.000586 0.000169 -0.002982 5.1e-05 -0.000217 0.000958 -0.001364 0.000584 0.002599
38.340331 170.433251 71.073311 1007.710505 184.075313 2222.921652 239.757925 2437.274169 269.575518 2465.180656 228.127088 2448.74143 -48.667105 150.655686 -132.128108 931.717337 -29.798031 1412.818335 -14.235378 1756.240157 -5.489546 1513.75816 -7.710577 1449.633461 352.002632 115.423663 -0.025422 0.023193 -0.125049 0.002945 -0.009159 0.020118 -0.000649 0.011831 0.002654 -0.001089 0.000294 -0.000301 -0.013112 0.008089 -0.008009 0.045481 -0.007099 -3.4e-05 -0.003642 -0.047561 -0.01704 -0.04836 -0.013054 -0.019325 0.033143 0.034932
37.936898 173.191934 71.367777 1021.643447 184.228023 2237.815454 240.049473 2466.998657 269.468857 2491.348731 227.954451 2470.511648 -48.408606 155.668056 -128.662552 945.25537 -29.811893 1409.65086 -14.270234 1751.135203 -5.521826 1510.376571 -7.814618 1444.869393 352.138852 122.099158 -0.001067 0.011074 0.000304 0.04783 3.2e-05 0.024864 8.9e-05 0.09008 -1.1e-05 0.069078 -3.3e-05 0.048172 0.000344 0.041011 0.023027 0.048823 -2e-06 -0.001777 -2.1e-05 -0.003715 -4.7e-05 -0.001891 -0.000349 -0.003921 1.3e-05 0.093825
36.878265 173.266147 70.251005 1019.514597 178.103904 2220.594265 232.788263 2468.603508 255.172392 2491.241629 214.918944 2464.650359 -48.973291 155.234205 -125.536257 943.256754 -29.605628 1408.776881 -14.292128 1744.381811 -5.530345 1504.615507 -7.770891 1444.642836 335.834389 123.720368 -0.00749 8e-06 -0.004403 -0.00111 -0.051759 -0.03326 -0.055757 0.000261 -0.194825 -1e-06 -0.191885 -0.003481 -0.001637 -0.000303 0.019225 -0.001058 0.000358 -0.000136 -8e-06 -0.006524 -3e-06 -0.005504 6.1e-05 -9e-06 -0.193229 0.005346
37.773265 166.387185 70.356556 995.576213 179.439904 2201.255265 234.194695 2447.55734 259.029471 2477.852797 218.718845 2455.146369 -47.059558 155.000438 -126.405867 939.057815 -29.244605 1401.076093 -14.004307 1731.696141 -5.406712 1493.169014 -7.633709 1434.626219 339.282635 124.021412 0.005365 -0.069667 4e-05 -0.142194 0.002496 -0.04229 0.002118 -0.04505 0.014466 -0.018038 0.016649 -0.00918 0.01907 -8.8e-05 -0.001501 -0.004683 0.001107 -0.010553 0.001464 -0.023148 0.000699 -0.021853 0.000611 -0.017423 0.008806 0.000183
37.648669 164.651603 69.30461 970.279506 176.501179 2097.090821 229.802478 2353.668013 254.395474 2366.399974 214.371763 2333.90272 -48.164279 153.58787 -124.475525 946.943897 -32.020864 1369.183528 -16.682269 1656.661316 -7.90673 1410.567195 -9.906874 1360.136923 352.000283 122.946822 -0.000103 -0.00455 -0.003962 -0.162766 -0.012132 -1.262326 -0.020789 -0.918104 -0.020913 -1.28228 -0.021817 -1.535 -0.006408 -0.003233 0.007426 0.016487 -0.062936 -0.183587 -0.117074 -0.830921 -0.236835 -1.175114 -0.147919 -0.992864 0.116994 -0.002338
42.272626 163.608888 74.924601 960.498787 185.954935 1888.637122 237.159217 2063.530877 268.807642 2020.987956 228.237293 2013.702405 -47.280821 151.875011 -122.212665 949.70727 -32.477002 1362.425134 -16.495897 1658.586934 -8.012419 1399.322583 -10.146301 1342.187607 369.638148 56.970481 0.133875 -0.001656 0.109535 -0.024773 0.12331 -5.4548 0.057954 -9.538913 0.198537 -13.618002 0.217235 -11.80738 0.004089 -0.004802 0.010379 0.002013 -0.001613 -0.008361 0.000523 0.000559 -0.000351 -0.022499 -0.001429 -0.059612 0.215579 -12.533438
42.81083 164.344668 74.332454 941.391374 171.777403 1549.168912 215.206174 1684.773833 237.973183 1582.224567 202.057031 1577.309236 -47.215882 152.092076 -116.888699 946.630828 -37.460994 1331.431964 -21.917984 1608.251836 -12.699973 1346.353343 -14.218988 1288.004256 360.623197 9.514132 0.001702 0.000825 -0.001175 -0.095984 -0.28105 -16.801553 -0.532999 -19.185337 -0.938912 -26.813891 -0.797177 -26.614692 2.2e-05 7.8e-05 0.059281 -0.002495 -0.177813 -0.178296 -0.384587 -0.387802 -0.537407 -0.510986 -0.342789 -0.558162 -0.055646 -19.921766
47.548912 167.51445 77.653836 945.904935 138.289946 1189.864867 150.536459 1314.503832 148.967668 1120.292293 126.341475 1104.230176 -48.486685 161.782953 -112.704107 947.694593 -37.589993 1326.841882 -21.535418 1608.643157 -12.913403 1327.67834 -14.031823 1260.599294 249.600612 -8.800437 0.124308 0.015139 0.036296 0.005397 -1.813637 -23.66886 -5.76277 -22.943235 -10.375796 -39.770918 -8.847675 -42.060331 -0.008438 0.149638 0.038138 0.000299 -0.000111 -0.003963 0.001684 2.4e-05 -0.000889 -0.065212 0.00062 -0.147346 -10.184575 -36.615226
46.466953 171.426666 87.605202 1061.266111 127.874694 899.160915 135.898563 879.06823 133.104926 644.966875 114.827742 669.996394 -52.886176 165.786106 -116.492204 974.734239 -41.929543 1326.073406 -25.287562 1591.811099 -15.142828 1325.79082 -16.442125 1263.305322 238.038287 -121.334907 -0.006226 0.022579 0.299892 3.317906 -0.203857 -20.325724 -0.37427 -43.652476 -0.446385 -65.198676 -0.274997 -53.958875 -0.095512 0.024462 -0.031306 0.190171 -0.118498 -0.000111 -0.150581 -0.044262 -0.088718 -0.000671 -0.09547 0.001451 -0.137095 -64.780921
42.043672 179.662018 78.555447 1156.986763 79.736555 562.370333 71.845018 432.60171 73.895777 279.03822 63.751021 325.497244 -54.819386 164.747603 -116.117257 972.82087 -47.425977 1320.921481 -30.56488 1545.60925 -20.351234 1289.985003 -19.669144 1231.798572 171.806543 -369.098027 -0.110595 0.0966 -0.246625 2.066201 -5.657912 -39.333761 -10.121369 -78.322593 -8.648572 -75.546708 -7.460257 -61.508671 -0.017351 -0.001631 0.000302 -0.00094 -0.169208 -0.005014 -0.249877 -0.340204 -0.384221 -0.245074 -0.144477 -0.198933 -5.386994 -67.18608
42.045063 168.255626 87.240279 1107.221609 65.01015 401.046936 51.460164 268.41679 54.260175 156.361331 47.011362 200.947546 -52.433919 156.791156 -114.680056 966.06487 -48.582898 1288.973468 -33.426311 1527.478639 -22.504709 1289.886957 -22.238576 1230.335902 146.653636 -548.053561 0.0 -0.187028 0.227624 -0.546962 -0.751075 -13.602763 -1.696689 -19.497958 -1.513182 -17.639871 -1.27225 -14.945533 0.026531 -0.098456 0.004475 -0.011771 -0.006971 -0.195547 -0.064008 -0.053484 -0.054139 -2e-06 -0.078842 -0.000434 -0.994879 -17.628408
38.93453 161.196537 90.020306 997.271812 40.134292 185.679417 26.841985 72.108377 28.974922 35.554924 25.013484 67.834002 -50.627727 153.819165 -118.592967 966.321288 -48.608078 1289.743106 -34.163518 1537.329265 -22.55085 1320.500819 -22.751893 1264.426908 102.64951 -922.695353 -0.059762 -0.075635 0.021801 -2.87414 -2.98503 -40.95658 -3.970649 -62.279959 -3.933537 -42.793282 -3.441526 -35.277147 0.015828 -0.014219 -0.03282 1.7e-05 -3e-06 0.000115 -0.004021 0.015831 -2.4e-05 0.179521 -0.002928 0.232938 -3.91428 -48.516199
42.432751 170.088321 85.671096 936.949908 27.044387 93.51342 15.909356 15.403532 19.129768 4.580801 16.325476 20.722475 -45.096144 159.546053 -118.118563 977.831373 -48.716059 1309.89753 -35.514313 1566.890611 -22.589758 1360.154949 -22.898576 1301.016602 83.295329 -1206.86746 0.075234 0.119351 -0.05384 -0.940848 -1.287638 -15.651437 -1.421512 -20.856865 -1.018236 -14.611616 -0.923268 -13.571455 0.15996 0.052335 0.000475 0.034072 -6e-05 0.078128 -0.013095 0.140759 -1.7e-05 0.293312 -0.000236 0.260944 -1.009989 -19.045344
42.828069 177.034034 80.217146 748.893575 20.683882 44.762341 11.430932 1.688105 15.849976 -0.006202 13.807888 4.831827 -42.75352 166.608764 -114.326966 991.886713 -44.685568 1329.700001 -32.782101 1590.681475 -19.988651 1393.606229 -20.567158 1331.599436 71.437483 -1399.492489 0.000916 0.069497 -0.08968 -10.521704 -0.425715 -8.879013 -0.369284 -6.893053 -0.1541 -4.924122 -0.105354 -5.541564 0.03124 0.076479 0.030926 0.050148 0.087003 0.074281 0.054673 0.089628 0.079525 0.203182 0.062571 0.177645 -0.455028 -7.127797
42.125878 177.33902 77.279474 617.86361 16.802774 23.515882 8.364178 -0.234875 12.059754 -1.977898 10.540756 0.737893 -44.091449 166.958159 -115.474065 992.199855 -44.729686 1315.563167 -33.090855 1565.602886 -19.969043 1389.542153 -20.811132 1327.020574 63.065661 -1496.369894 -0.002902 0.000131 -0.0274 -6.29537 -0.201453 -3.389829 -0.239001 -3.182336 -0.258559 -1.76258 -0.220189 -1.793281 -0.010307 0.000183 -0.002863 2.5e-05 -1.1e-05 -0.037775 -0.000724 -0.099634 5e-06 -0.002967 -0.000719 -0.003943 -0.260795 -1.620909
42.999873 190.979838 70.53155 592.950629 14.913061 13.170304 7.034787 -3.660375 11.931432 -8.266329 10.20669 -0.422365 -43.163092 189.409056 -115.275914 1044.699834 -42.786576 1370.501423 -31.85675 1626.238135 -18.629675 1438.114317 -19.522758 1375.821346 60.379135 -1664.444178 0.004487 0.252683 -0.15411 -0.256324 -0.056347 -1.488952 -0.05749 -2.040816 -0.000343 -2.157212 -0.00269 -2.27679 0.004939 0.707899 8.5e-05 0.676692 0.021574 0.561887 0.011726 0.575994 0.023245 0.417206 0.020582 0.440594 -0.029237 -4.471785
47.286723 203.767272 83.103954 541.930819 17.214958 8.704069 7.945796 -7.315068 11.469334 -12.459881 10.266074 -1.265562 -37.546482 221.381986 -102.774614 1064.42632 -39.580494 1442.689972 -30.795157 1713.598795 -17.354299 1512.775742 -17.552087 1446.163146 57.0401 -1799.818981 0.101828 0.207172 0.515281 -1.147405 0.082569 -0.460804 0.027726 -0.626357 -0.004563 -0.428676 8.6e-05 -0.225697 0.195668 1.246158 0.358658 0.092252 0.062421 0.926358 0.008995 1.142749 0.022609 0.944668 0.052411 0.876819 -0.047485 -2.646066
42.490234 191.318533 70.193165 514.571109 15.704893 3.581809 8.014595 -15.621363 11.662554 -19.93523 10.057452 -4.205899 -44.252283 206.846947 -110.819106 1054.187671 -44.408366 1379.892999 -34.641107 1615.547239 -20.766861 1424.907906 -21.097317 1370.94123 63.554622 -1781.923938 -0.128222 -0.196172 -0.544645 -0.35432 -0.034652 -1.118728 0.000148 -1.556877 0.000807 -0.874287 -0.001071 -0.857211 -0.275332 -0.246747 -0.151542 -0.02474 -0.138873 -0.698642 -0.113119 -1.444243 -0.153052 -1.314383 -0.162942 -1.004461 0.176086 0.044704
40.355116 166.112974 83.029313 418.880449 19.224988 -0.000133 10.323486 -33.851244 13.662403 -38.765528 12.000669 -14.1327 -41.687089 191.6284 -102.682183 1021.197881 -39.745061 1333.219897 -29.553209 1570.981862 -17.675387 1372.82925 -17.924216 1318.205471 62.417575 -1872.977266 -0.027518 -0.889838 0.538618 -4.917709 0.177823 -3.625609 0.145933 -3.481192 0.079085 -3.102207 0.085761 -2.919039 0.038293 -0.290719 0.155113 -0.262215 0.129306 -0.401483 0.201945 -0.311651 0.124508 -0.484753 0.129227 -0.517139 -0.005132 -1.134367
32.640456 145.051849 96.679022 388.587073 26.20656 -0.357392 15.267498 -43.691432 17.644052 -51.136399 15.200126 -19.466151 -44.442492 173.542272 -109.972088 1006.107952 -44.035503 1328.45445 -30.953666 1570.662946 -20.380419 1347.619508 -20.990189 1295.931654 75.950355 -1923.779368 -0.408813 -0.713577 0.51913 -0.568451 0.539642 -0.343731 0.482117 -0.626895 0.254231 -0.855209 0.188821 -0.426014 -0.044086 -0.448159 -0.124988 -0.056161 -0.10993 -0.004266 -0.016209 -1.6e-05 -0.096259 -0.116809 -0.120968 -0.094894 0.663362 -0.339891
37.008614 125.516289 102.913822 451.859718 32.516552 -0.00186 20.304769 -40.30428 24.294455 -49.626997 21.238272 -18.270759 -44.322651 154.352027 -113.867478 982.32973 -45.066849 1305.77247 -31.983268 1546.382639 -20.962453 1327.722863 -21.246514 1274.745524 90.390991 -1890.734313 0.137113 -0.706175 0.097404 2.38511 0.339999 0.307684 0.358462 0.068322 0.530651 0.011306 0.503768 0.018938 8.1e-05 -0.562043 -0.033898 -0.142178 -0.005969 -0.097653 -0.008422 -0.094567 -0.004097 -0.073987 -0.000778 -0.087304 0.628005 0.143137
37.752241 120.741188 109.979964 486.153445 50.830568 0.726642 40.612548 -26.346618 42.154665 -37.031607 35.528629 -11.942594 -45.757873 147.460362 -114.247188 991.042152 -42.580615 1311.546397 -28.532132 1554.222104 -18.453353 1332.782049 -19.226765 1279.606472 116.389553 -1814.133636 0.003698 -0.046301 0.117298 0.627098 2.036978 0.802033 3.484629 1.477852 2.445226 0.920224 1.828146 0.670147 -0.011434 -0.078693 -0.000316 0.019233 0.03527 0.006369 0.098488 0.009911 0.079942 0.00481 0.050427 0.004625 1.640913 0.79197
40.277532 120.667714 122.004994 599.766173 66.955189 22.217808 56.489669 -1.373074 56.997747 -9.645817 48.633264 -0.161573 -45.279973 143.555466 -112.899149 997.209509 -39.402162 1325.102059 -24.297187 1567.765122 -15.728405 1331.547453 -16.896457 1279.674488 132.608826 -1567.854805 0.040874 -1.1e-05 0.311871 5.959635 1.108933 14.908434 1.306823 15.690417 1.117297 8.877948 1.026505 9.325963 0.001254 -0.026199 0.004 0.009565 0.061637 0.034847 0.170016 0.029375 0.108789 -0.000286 0.075242 1e-06 0.528808 8.97902
40.958411 127.775565 131.63438 725.344081 68.32393 84.265404 55.417399 16.309729 53.619474 2.416223 46.615536 16.424777 -46.178722 149.007101 -115.536907 1004.510641 -41.282645 1326.861205 -24.652215 1566.220852 -16.569452 1336.983302 -17.865215 1285.518495 129.802524 -1225.725424 0.002853 0.101697 0.182855 5.963797 0.006925 19.94553 -0.005137 27.147364 -0.051599 21.717391 -0.021374 19.844451 -0.004416 0.050798 -0.01523 0.013315 -0.021917 0.000583 -0.001288 -0.00038 -0.010952 0.005536 -0.013502 0.006657 -0.015006 21.029421
41.196407 134.731794 130.315261 767.953921 53.708461 130.881918 39.070249 47.914959 37.084147 20.033659 32.998104 45.197108 -44.755043 151.080972 -113.045114 1000.722208 -40.287594 1309.7077 -24.88484 1549.575032 -16.11306 1320.128084 -17.31122 1268.570255 102.086431 -1014.911097 0.000345 0.092183 -0.003321 0.608039 -0.878388 5.110966 -1.42484 8.314761 -1.519935 8.535028 -1.173234 7.129595 0.011145 0.007166 0.013582 -0.003579 0.006069 -0.055801 -0.000546 -0.044465 0.003187 -0.053461 0.004363 -0.056233 -1.662315 9.939469
42.934078 140.99023 128.262144 821.199808 44.051128 174.61455 28.316741 83.367314 26.837292 41.225679 24.235674 72.31721 -44.502036 159.221202 -108.129694 994.354327 -39.379642 1292.555434 -25.654286 1527.688071 -16.074586 1296.276063 -16.948831 1245.503357 84.45214 -875.16048 0.017947 0.071037 -0.008151 0.892274 -0.478177 3.146424 -0.863547 4.877503 -0.826651 3.782344 -0.674737 3.172222 0.000359 0.106791 0.054627 -0.010163 0.005174 -0.056528 -0.005858 -0.077836 2.3e-05 -0.108724 0.001917 -0.105823 -0.835393 5.173614
39.24234 161.039321 121.760335 914.686843 31.36253 222.511143 17.860983 118.880821 19.001409 66.711793 16.093327 105.409482 -47.086139 168.734315 -113.455257 997.39473 -42.223346 1300.040293 -28.744312 1542.722468 -17.687894 1319.478902 -18.549751 1268.436513 73.355085 -792.811208 -0.082967 0.666176 -0.084554 2.519223 -1.075113 2.898941 -1.199292 3.142387 -0.674717 3.052031 -0.830514 3.108026 -0.036462 0.138004 -0.064006 0.002321 -0.049564 0.010804 -0.087833 0.036809 -0.038567 0.102911 -0.036118 0.104605 -0.390658 2.034069
38.757252 179.935595 119.950391 985.877718 31.231285 312.361184 16.447612 207.138083 16.150286 125.978547 14.810578 170.984229 -50.309767 184.929785 -115.768949 1036.701989 -41.317311 1315.355416 -27.370678 1554.554623 -16.792148 1324.278126 -17.822463 1274.253768 65.878614 -633.358553 -0.001508 0.524003 -0.006777 1.333793 -0.000138 7.600693 -0.029125 12.17343 -0.115817 9.340895 -0.026633 7.891502 -0.053363 0.371017 -0.011677 0.379826 0.004913 0.044841 0.016815 0.022601 0.011637 0.004356 0.007272 0.006654 -0.200878 8.94182
39.955582 182.921439 116.55217 1035.698713 39.761859 394.453314 24.01312 290.952588 23.400436 184.047252 21.31597 229.701561 -52.449026 182.939174 -115.534088 1029.106364 -42.786693 1300.616533 -29.028881 1529.869668 -17.987384 1298.838145 -18.65384 1248.764096 82.42013 -505.035528 0.009122 0.012285 -0.024415 0.614003 0.514383 4.783433 0.713607 7.102438 0.670201 5.486768 0.590547 4.325629 -0.02227 -0.005386 0.000119 -0.013964 -0.012837 -0.041521 -0.024382 -0.09878 -0.020544 -0.123366 -0.009476 -0.128762 0.925423 7.25559
39.301731 188.035804 113.138989 1097.699326 41.402563 527.661286 26.938667 424.972799 24.398155 285.636089 24.137884 332.600369 -52.139418 180.016677 -115.034777 1016.401493 -43.150679 1280.621364 -28.505649 1507.798075 -18.127551 1278.967545 -18.848087 1229.74953 84.586557 -355.770663 -0.002697 0.035257 -0.025361 0.901118 0.016585 9.672288 0.084059 12.656062 0.010414 11.118025 0.087681 9.495186 0.000458 -0.011766 0.000541 -0.039456 -0.000771 -0.077446 0.002379 -0.080187 -0.000272 -0.076586 -0.000503 -0.072939 0.014052 13.040127
41.083092 181.331887 101.889536 1079.686303 61.907267 776.564114 49.587871 755.856529 48.136154 544.015966 43.626331 565.98943 -51.247962 175.09202 -111.490689 1008.318345 -42.251973 1274.686577 -27.758749 1502.456849 -17.610494 1274.711262 -18.321469 1222.301326 123.977274 -153.238377 0.01974 -0.060842 -0.294465 -0.07451 2.055309 23.971021 3.42849 47.306563 3.994296 41.259785 2.862834 30.838006 0.003843 -0.034149 0.027726 -0.016135 0.004729 -0.006892 0.004958 -0.004739 0.003741 -0.003547 0.003731 -0.011312 3.75357 42.028446
42.881916 181.041851 97.416874 1045.22064 76.266198 921.087205 65.737183 978.157016 60.873586 729.516743 53.359661 732.197746 -52.050064 175.312374 -108.617593 989.137018 -44.153252 1270.979871 -29.790808 1500.030788 -19.704318 1255.384947 -19.485774 1197.968469 149.844706 -70.92746 0.019271 -0.000116 -0.050192 -0.279532 0.748112 6.162898 1.136316 14.308492 0.746721 13.582304 0.489645 10.683879 -0.003114 6.9e-05 0.018752 -0.0921 -0.020921 -0.002699 -0.035887 -0.00098 -0.058791 -0.073814 -0.017932 -0.122322 1.224561 15.658677
44.854587 177.168881 105.078796 986.488485 72.90918 1044.955885 56.584682 1193.217934 51.421603 934.816668 47.120052 910.440904 -53.225686 174.694661 -106.722211 976.229301 -42.339386 1275.336779 -27.360856 1511.247449 -17.981368 1233.309419 -17.758857 1171.012963 130.218455 -20.645515 0.02218 -0.020938 0.145006 -0.849085 -0.037778 3.905994 -0.34289 10.676458 -0.398498 12.710681 -0.193921 9.699242 -0.006564 -0.000545 0.008342 -0.042387 0.019022 0.003727 0.051681 0.02089 0.039406 -0.09791 0.040057 -0.153362 -0.68853 15.039742
46.444366 177.032845 107.809742 984.820038 65.671088 1119.356628 47.110805 1294.331877 40.96543 1019.074822 37.713504 986.098007 -52.307837 175.622192 -102.46806 983.262151 -40.828474 1278.967758 -26.118269 1514.273727 -17.157508 1235.183567 -16.815555 1170.614852 111.146129 -10.382747 0.013842 -2.6e-05 0.017517 -0.000706 -0.189153 1.279184 -0.433685 2.05589 -0.593611 1.817588 -0.523123 1.509665 0.003991 0.001228 0.043261 0.012621 0.013726 0.002581 0.014438 0.001514 0.009659 0.000711 0.012871 -3.4e-05 -0.754716 1.746379
46.618629 177.2737 108.938306 974.670039 61.392934 1106.571169 42.267433 1284.901382 38.547215 1015.451396 35.349369 985.991696 -52.404574 178.205339 -101.144075 983.527197 -40.925612 1283.950789 -26.137616 1532.573828 -17.226361 1236.387542 -16.752359 1173.583546 107.311066 -10.864636 0.000163 8.2e-05 0.002938 -0.026288 -0.072042 -0.036719 -0.131327 -0.01724 -0.036781 -0.003227 -0.038259 -3e-06 -4.5e-05 0.009429 0.004305 1.8e-05 -5.8e-05 0.004844 -4e-06 0.054958 -6.9e-05 0.000293 5.9e-05 0.00188 -0.033665 -0.005465
47.702589 175.01718 109.867228 962.032257 60.101009 1029.592477 38.707841 1172.462396 32.823032 900.757508 30.715329 880.305898 -51.515806 177.141908 -99.797614 962.75044 -40.574534 1282.746925 -26.331048 1530.751512 -17.231903 1237.633621 -16.493622 1172.970236 97.619766 -26.70197 0.006229 -0.007227 0.001972 -0.041234 -0.006869 -1.387451 -0.078276 -2.573723 -0.229922 -3.435557 -0.162725 -2.994822 0.003801 -0.001591 0.004511 -0.1109 0.000756 -0.000282 -0.000357 -0.000542 -0.0 0.000314 0.001007 -8e-05 -0.229282 -3.50154
45.411584 178.278868 110.244157 978.045542 56.582171 1005.690926 37.615907 1120.093 30.700532 857.810154 28.858189 847.188386 -54.286961 178.662513 -106.083769 974.358559 -44.363096 1253.518742 -28.905181 1502.331861 -19.134617 1216.932326 -18.683534 1154.604553 98.309593 -31.317017 -0.028189 0.015057 0.000323 0.066087 -0.053071 -0.14035 -0.007811 -0.598221 -0.035469 -0.524504 -0.028954 -0.317474 -0.036297 0.003249 -0.09599 0.034781 -0.084535 -0.16842 -0.060013 -0.133147 -0.04981 -0.087297 -0.068231 -0.072458 0.001214 -0.18384
47.707447 176.649924 113.163083 956.912726 61.725999 909.260225 42.944233 1008.335379 36.325389 764.90021 33.793009 760.792793 -53.248779 178.302505 -104.039449 973.331253 -42.807476 1247.216234 -27.86512 1486.137992 -18.36359 1210.659959 -18.064011 1150.582709 106.344165 -50.946902 0.028307 -0.003738 0.019069 -0.115405 0.111875 -2.429509 0.176403 -2.93606 0.236438 -2.66201 0.194652 -2.322662 0.005012 -0.000182 0.009945 -0.000271 0.013882 -0.007942 0.009528 -0.043876 0.007928 -0.008103 0.005223 -0.003508 0.157777 -2.376373
47.901634 176.350598 120.917434 945.23906 62.294588 737.399041 42.322167 768.913399 36.158965 563.028079 33.939456 581.862676 -53.016468 179.94511 -104.167526 973.780761 -44.051484 1241.029138 -29.627588 1469.982971 -19.816979 1200.2178 -19.437812 1143.443708 109.513274 -119.157898 0.000197 -0.000127 0.128474 -0.035821 0.001303 -8.9931 -0.002269 -16.2007 -0.000191 -15.434029 0.000158 -11.976048 0.000254 0.003766 -3.9e-05 5.2e-05 -0.008909 -0.007692 -0.027021 -0.044143 -0.027673 -0.022614 -0.025172 -0.011108 0.023265 -14.275076
47.463543 178.198257 129.390175 934.423254 63.19874 655.07155 41.272956 657.746417 35.021479 476.17209 33.749088 505.30641 -53.846803 183.579117 -111.873416 988.560288 -50.734998 1210.530135 -35.981873 1408.616256 -25.232951 1153.467607 -24.928537 1110.725171 119.708454 -147.412884 -0.001006 0.004814 0.143439 -0.031118 0.003257 -2.435868 -0.006585 -4.337724 -0.009089 -3.636058 -0.000268 -2.698819 -0.003226 0.018164 -0.137473 0.055657 -0.235925 -0.189721 -0.308432 -0.65419 -0.326743 -0.464335 -0.341074 -0.237462 0.22684 -1.501664
48.085551 170.437531 139.49902 895.85173 64.831495 507.198712 42.286191 465.221833 35.914366 322.931458 34.716888 361.968464 -52.829884 185.046686 -115.469646 992.427233 -50.844762 1176.985179 -35.519499 1349.31909 -25.232561 1099.847767 -25.267334 1067.528129 121.35362 -230.847276 0.002025 -0.086389 0.190087 -0.406477 0.010412 -9.44513 0.006143 -16.626542 0.00562 -14.830771 0.006841 -11.927026 0.004847 0.002921 -0.028445 0.003774 -5.9e-05 -0.235668 0.001495 -0.637535 0.0 -0.638059 -0.001143 -0.428363 0.005614 -9.316464
48.208965 171.888742 148.54675 850.656662 64.792915 412.616544 42.428713 353.768266 35.72138 240.379086 34.718855 280.327595 -51.51294 188.276177 -118.878871 1000.752377 -50.676129 1126.803074 -34.452661 1275.639695 -24.391825 1034.061398 -25.192876 1014.15435 119.149115 -277.311137 7.9e-05 0.003076 0.142133 -0.584863 -6e-06 -4.87574 0.00012 -7.619108 -0.00026 -6.081798 0.0 -5.209726 0.008311 0.013969 -0.024799 0.017386 0.00014 -0.546609 0.008133 -1.034249 0.007122 -1.014306 5.5e-05 -0.684357 -0.010104 -2.128688
46.901982 165.314686 170.03461 704.948125 62.114352 291.653005 38.018517 231.352703 30.366958 159.513079 31.107361 200.351551 -50.962389 189.035914 -121.405038 989.615286 -43.97145 1057.638153 -25.353876 1202.423562 -15.81177 978.095686 -19.534927 966.842936 90.003623 -347.623818 -0.00898 -0.064089 0.725489 -6.839061 -0.028271 -10.46596 -0.120977 -12.948811 -0.217263 -8.261685 -0.099145 -6.699955 0.001479 0.000765 -0.013279 -0.031159 0.237773 -1.095243 0.696183 -1.081847 0.926226 -0.77846 0.359301 -0.565041 -2.040671 -3.968108
46.33232 148.497646 182.818509 570.605403 57.079676 191.924975 33.262686 132.803006 24.891233 92.280805 26.12101 127.977098 -48.413499 183.719503 -122.519787 974.865623 -37.752021 964.311433 -18.922635 1071.205379 -11.409098 866.443953 -15.028926 869.809867 70.004129 -393.194403 -0.00174 -0.450932 0.231657 -7.094291 -0.106378 -10.395158 -0.15883 -13.588543 -0.271974 -9.141908 -0.217646 -8.076186 0.032694 -0.037914 -0.002547 -0.055372 0.237003 -2.15498 0.469565 -3.789663 0.358401 -3.382294 0.294977 -2.564991 -1.254796 -1.40294
48.422002 135.651658 202.650549 490.080599 56.619032 127.929296 33.033106 72.040873 23.861769 50.267879 24.849915 82.918065 -47.929855 177.549504 -127.603815 983.068156 -33.008754 874.970408 -13.509494 930.544028 -8.415696 745.022034 -11.906862 767.465572 60.619194 -408.246362 0.023045 -0.290523 0.510508 -3.061044 -0.000933 -6.467437 -0.000398 -9.219295 -0.01087 -6.331793 -0.015852 -4.869793 0.001214 -0.052692 -0.051674 0.017182 0.159155 -2.171101 0.454936 -4.948197 0.227294 -4.581005 0.181547 -3.201846 -0.337577 -0.141359
47.808365 122.701287 214.827378 389.362701 49.020186 82.769687 25.809333 37.966053 16.859212 28.18476 18.154893 56.01879 -50.079367 173.298552 -139.625625 975.297987 -30.858962 779.385882 -11.962294 799.58338 -7.848679 637.485584 -11.0148 672.468268 47.714199 -397.585447 -0.001957 -0.324784 0.177622 -5.786375 -0.273655 -4.896478 -0.445096 -5.410413 -0.606613 -3.172147 -0.52434 -2.628826 -0.023574 -0.025754 -0.270549 -0.015415 0.036191 -2.763625 0.047033 -4.963602 0.009887 -4.188632 0.017365 -3.137064 -0.771387 0.070523
48.428804 121.789342 225.262683 337.040278 46.270915 60.978266 22.777687 23.876184 13.920587 19.539222 15.683264 45.208649 -51.097747 172.916088 -146.764384 948.957614 -28.061958 720.255295 -9.816952 723.896196 -5.849201 581.988344 -9.132035 627.210452 37.816871 -388.252163 0.002 -0.001701 0.123737 -1.886829 -0.039668 -1.661332 -0.094674 -1.626476 -0.1406 -0.789633 -0.090388 -0.578866 -0.005125 -0.000211 -0.088987 -0.18029 0.066425 -1.166208 0.10592 -1.881249 0.146718 -1.263471 0.088167 -0.78823 -0.57457 0.055427
48.701208 123.433531 245.306166 294.724989 47.458862 58.740474 22.649062 25.022249 13.759646 21.725419 16.329811 47.413582 -48.22374 179.556175 -141.286434 935.179543 -25.308158 682.545 -8.385688 680.612321 -4.971281 551.603409 -7.74262 596.672053 35.272156 -354.387602 0.000382 0.005512 0.427061 -1.41872 0.007528 -0.020916 -0.000182 0.013432 -0.000468 0.057953 0.00653 0.026249 0.04159 0.062551 0.052093 -0.050378 0.071093 -0.506959 0.056357 -0.667116 0.035674 -0.407294 0.057298 -0.381057 -0.044313 0.772518
46.807571 119.255384 259.157074 259.595384 45.792353 75.328085 20.955249 41.544435 12.028684 39.143269 15.113663 70.166701 -48.179462 176.066948 -143.042308 901.048584 -15.160089 622.826324 -2.04045 606.926348 -0.900818 500.081959 -2.721663 551.348379 19.513015 -259.404981 -0.018774 -0.035968 0.190186 -1.114275 -0.014892 1.030107 -0.032911 2.083036 -0.058158 2.545316 -0.023527 2.222498 1e-05 -0.017118 -0.005422 -0.317233 1.293054 -1.366733 2.153151 -2.110257 1.639737 -1.262761 1.283259 -0.895035 -2.315518 7.393674
42.783223 117.941716 255.914642 235.06442 39.749983 89.023968 16.200004 57.753575 8.908485 53.763689 12.372069 86.463773 -49.463919 175.841773 -143.541612 885.033859 -9.91787 567.783802 -0.390777 533.010984 -0.039512 445.539926 -0.906893 502.103088 10.134571 -189.762858 -0.090431 -0.003638 -0.010206 -0.608639 -0.213671 0.571651 -0.305552 1.331901 -0.233802 1.157592 -0.137073 0.850145 -0.008449 -7.2e-05 -0.000435 -0.071799 0.554028 -1.273003 0.645326 -2.39892 0.563009 -1.574261 0.486418 -1.151655 -1.522435 5.431744
40.914707 115.224084 263.57348 192.784793 32.493784 117.682933 10.580852 122.02863 5.604899 132.391537 10.009157 168.008694 -48.182316 176.746982 -147.69243 861.362883 -6.572818 501.198093 0.047328 442.316049 0.196592 366.294506 -0.149821 422.579027 3.702083 -58.257648 -0.020859 -0.015838 0.05646 -2.09414 -0.365332 1.996357 -0.596139 11.882358 -0.380988 17.420435 -0.125083 13.419232 0.008411 0.001162 -0.029581 -0.160428 0.342827 -2.075791 0.710097 -4.225983 0.412373 -3.87694 0.319499 -3.425941 -1.586099 37.733675
41.594932 116.136333 263.614511 191.126322 28.927521 220.833542 8.043408 246.77664 4.007912 250.559973 8.729181 282.329871 -47.942029 179.285999 -153.317705 848.585368 -10.837776 518.180307 -0.665048 471.073717 -0.181065 389.522318 -1.222603 438.064074 5.89273 -15.266473 0.002804 0.001798 2e-06 -0.003582 -0.10362 16.098492 -0.173665 21.738617 -0.133583 18.68776 -0.043767 14.752188 0.0003 0.009053 -0.052567 -0.04774 -0.53046 0.141466 -1.067204 0.452823 -0.754995 0.357004 -0.516454 0.139318 0.253427 13.878876
41.595547 115.785753 258.34939 194.941872 26.691992 242.745547 6.85731 269.61026 3.085631 263.461531 7.544695 294.254577 -47.584882 180.245069 -153.495401 844.385749 -13.997416 544.713667 -1.849241 517.758559 -0.746742 419.331447 -2.298372 462.774297 6.868272 -18.029245 0.0 -0.000265 -0.026556 0.018855 -0.044945 0.518147 -0.047282 0.505076 -0.060212 0.161935 -0.043163 0.123324 0.000668 0.001279 -5.1e-05 -0.005209 -0.201811 0.331232 -0.296331 1.102659 -0.192392 0.549473 -0.168366 0.338968 0.037343 -0.114821
42.325114 114.836876 255.132595 201.428768 25.801945 257.472475 6.37437 291.275988 2.633622 277.884248 6.818127 307.204056 -47.390437 180.0098 -153.059133 838.544462 -14.355653 568.822638 -2.553577 553.874542 -1.089337 447.210894 -2.561412 488.576981 7.110525 -20.048014 0.003171 -0.001952 -0.010076 0.053085 -0.007546 0.216835 -0.008816 0.418604 -0.01789 0.192162 -0.018389 0.139418 0.000199 -7.7e-05 0.00031 -0.010137 -0.002263 0.26102 -0.056703 0.60876 -0.032246 0.448602 -0.007124 0.349976 0.002099 -0.053553
43.410463 114.145403 251.981176 212.752052 24.566023 287.081971 5.660379 328.793567 2.213293 313.600937 6.174282 338.728424 -46.665686 181.097914 -154.503796 831.529504 -17.866651 578.935036 -3.750326 566.657943 -1.861257 459.1264 -3.904145 498.590081 8.133863 -13.826898 0.00687 -0.001044 -0.009792 0.154812 -0.015166 0.805586 -0.021198 1.136049 -0.01826 1.079357 -0.015963 0.769723 0.002792 0.001639 -0.003393 -0.014733 -0.191853 0.044549 -0.114639 0.072921 -0.102762 0.078329 -0.140962 0.050784 0.034387 0.576153
43.946514 113.840067 242.165761 247.629535 23.353462 306.147515 4.989744 339.981915 1.9286 313.953793 5.581329 342.409365 -46.311023 177.075911 -151.737975 824.167173 -21.217676 578.759509 -5.751615 569.622126 -3.131376 459.387489 -5.372658 498.07701 9.974922 -13.798144 0.001645 -0.000204 -0.097493 1.323021 -0.015344 0.306449 -0.021136 0.093595 -0.009796 9.9e-05 -0.014964 0.009946 0.000676 -0.022583 0.01249 -0.016369 -0.143921 -1.3e-05 -0.213145 0.003866 -0.164261 3.7e-05 -0.11697 -0.000132 0.09383 1.5e-05
44.618416 115.32622 236.884108 318.760922 24.381612 327.650006 5.669061 354.780996 2.34971 316.687039 6.07401 346.385923 -46.219195 175.508781 -150.506696 829.279433 -20.887119 592.696805 -5.448844 584.882169 -3.059293 461.81697 -5.24135 497.993475 10.771261 -13.647294 0.002549 0.004819 -0.029117 4.484348 0.011074 0.364856 0.021669 0.157635 0.020775 0.005923 0.010418 0.011479 4.6e-05 -0.003483 0.002508 0.007903 0.001298 0.082912 0.004093 0.100857 0.00042 0.003204 0.000812 -4e-06 0.015289 0.000415
45.169382 117.081394 234.219689 362.771332 25.424635 332.434509 6.16836 354.281013 2.741197 310.680689 6.405197 341.981447 -45.896475 173.952077 -144.318261 842.35861 -20.857818 598.517299 -5.605181 594.685167 -3.168497 465.652356 -5.213726 500.308579 11.803919 -15.624967 0.00169 0.006628 -0.007535 1.422486 0.010923 0.01734 0.010535 -0.000176 0.015075 -0.028753 0.004395 -0.014091 0.000565 -0.003467 0.064955 0.051168 1e-05 0.01422 -0.001106 0.040735 -0.000958 0.00793 3.6e-05 0.002684 0.023631 -0.066884
45.125969 128.908091 226.82214 448.224012 25.569402 344.008399 6.279886 347.639376 2.876748 301.229782 6.368803 335.103054 -46.164425 174.144339 -139.395412 888.089249 -22.096239 617.554145 -6.609866 609.858483 -4.112205 472.216205 -5.937437 506.943696 13.867842 -19.136808 -1e-05 0.284467 -0.059352 4.51454 0.000205 0.099021 0.0005 -0.031423 0.001636 -0.072989 -5.2e-05 -0.034939 -0.00039 5.3e-05 0.042713 0.604369 -0.017856 0.149014 -0.041388 0.095571 -0.06142 0.022969 -0.023509 0.021854 0.083101 -0.177848
45.30705 137.860258 200.829019 572.788602 25.372548 363.148451 6.422919 347.296392 2.975235 294.044399 6.322767 334.156529 -47.611859 175.893705 -139.815994 898.917321 -25.412014 634.957411 -8.907845 630.272524 -5.752902 481.009875 -7.753637 514.077177 17.00249 -22.888708 0.000181 0.15025 -0.790677 7.626991 -0.00038 0.259072 0.000805 -8.5e-05 0.000829 -0.043368 -8.3e-05 -0.000669 -0.011171 0.004371 -0.000317 0.032806 -0.115851 0.120912 -0.171094 0.168031 -0.137391 0.040562 -0.120999 0.02492 0.159562 -0.167814
47.423473 142.494349 194.368485 689.364443 31.056519 357.220404 10.327814 335.751925 7.097117 246.674964 9.40692 295.399707 -47.511066 176.282849 -137.287056 936.74047 -26.420096 656.323704 -10.217547 649.807147 -6.948357 489.229223 -8.538389 520.987005 28.090161 -41.121916 0.024155 0.038302 -0.052811 5.39516 0.286997 -0.024392 0.461508 -0.097566 0.882011 -2.078883 0.305321 -1.194109 5.3e-05 0.000215 0.01154 0.389708 -0.009804 0.176782 -0.044897 0.149062 -0.056384 0.034816 -0.018911 0.023064 1.384405 -2.651761
48.675422 145.656272 179.666092 801.201879 46.475324 371.721217 24.127577 331.924472 20.179159 228.066324 20.446775 277.29873 -47.312917 173.59944 -133.150178 972.813434 -28.515006 674.134291 -12.231584 663.169137 -9.391424 492.145433 -10.524488 523.147649 57.103185 -50.16161 0.008155 0.017349 -0.289069 4.201512 1.54864 0.144246 2.884193 -0.010971 3.341878 -0.364846 2.116271 -0.286125 0.000207 -0.01029 0.031643 0.340754 -0.039958 0.119219 -0.090528 0.067993 -0.183672 0.004333 -0.103745 0.002236 5.092468 -0.448698
48.586055 152.54662 169.690938 863.206794 67.443799 407.197714 46.481825 335.552961 41.118629 237.736383 38.930439 284.840021 -50.673711 174.409748 -132.639989 1024.055268 -35.5314 680.954775 -17.577292 656.06017 -15.160461 491.239156 -16.151891 522.38189 106.214142 -45.497902 -4.1e-05 0.079616 -0.142439 1.155349 1.946405 0.808322 3.631979 0.009863 3.687395 0.100386 2.950202 0.050587 -0.057652 0.000943 0.00049 0.657569 -0.385489 0.017165 -0.483247 -0.019154 -0.687408 -0.000418 -0.600307 -0.00028 7.558978 0.113753
48.273464 165.617385 161.302198 910.415726 87.377732 500.766642 68.719138 416.183696 61.119097 276.925655 57.317241 327.783157 -50.182635 176.084822 -129.609058 1023.082916 -44.308367 686.013709 -26.138652 655.33931 -22.833022 488.132298 -22.832595 520.550245 158.665804 -29.731206 -0.000504 0.268599 -0.10632 0.628397 1.288653 4.834173 2.166615 4.336706 1.975401 1.494215 1.772597 1.506949 0.001196 0.004003 0.017516 -0.000231 -0.483902 0.009361 -0.846527 -0.000198 -0.782778 -0.004928 -0.576696 -0.001608 5.245185 1.670764
45.005849 167.371994 149.007101 888.571216 110.70801 578.836944 98.211159 516.573864 88.372853 362.53603 81.561612 404.496336 -51.600248 176.275885 -130.460911 1018.505978 -58.401135 686.549603 -38.260359 656.146125 -33.802746 487.287485 -33.436823 520.453424 231.48699 -9.206432 -0.057251 0.004623 -0.243674 -0.13263 1.378703 2.826482 2.62587 5.418097 2.505298 5.756619 2.132569 4.0293 -0.009873 5.2e-05 -0.001395 -0.00513 -0.971428 0.000105 -1.151111 0.000248 -1.072512 -0.000366 -1.00824 -5e-06 6.856202 5.848768
47.79048 166.369887 142.141945 938.560152 137.290128 650.901272 132.180115 605.735169 123.570978 433.142769 111.918434 466.868615 -51.165429 174.333087 -127.912105 1007.545519 -62.566281 685.361769 -42.892651 653.770604 -38.340442 486.418821 -36.616849 519.317941 299.574282 -1.544608 0.04179 -0.001504 -0.08095 0.683958 1.428741 2.11335 2.517956 3.547295 2.943162 3.138933 2.396317 2.23517 0.00092 -0.005383 0.012572 -0.029647 -0.071728 -0.000514 -0.132316 -0.002154 -0.142849 -0.000387 -0.072214 -0.00062 4.382817 3.20907
49.198125 170.61227 119.274001 1009.977021 139.328566 763.814909 141.254908 731.816034 139.317872 535.746583 123.001948 562.640765 -51.507507 170.45893 -125.97072 1019.000426 -68.648648 700.347258 -49.897693 665.707749 -45.78231 485.371932 -42.171811 517.745675 344.828627 1.243319 0.010215 0.026705 -1.002133 1.309209 0.007511 4.513223 0.150629 5.955605 0.472039 5.448106 0.261605 4.464377 -0.00057 -0.021766 0.007423 0.032374 -0.141047 0.081031 -0.264794 0.053998 -0.329817 -0.000564 -0.196069 -0.001192 1.590998 5.559524
49.422385 178.024526 101.906864 1040.504795 128.153621 891.639819 130.449202 884.127095 132.178196 682.380102 115.975932 699.243368 -51.828795 170.00974 -126.428318 1018.915378 -75.940174 706.056507 -56.757164 666.817174 -53.997674 488.651817 -49.679876 520.757517 355.141134 16.135773 0.000255 0.078804 -0.682889 0.227263 -0.233537 4.942338 -0.214957 7.194069 -0.093894 8.857802 -0.103306 7.415602 -0.000499 -0.000296 -0.000415 -2e-06 -0.183971 0.011588 -0.220811 0.000462 -0.33878 0.005522 -0.307373 0.004367 0.07597 8.420988
46.868352 175.243878 102.822054 974.025737 112.337648 900.083758 107.742913 952.732957 103.880162 754.097589 92.040364 754.415815 -53.940487 169.404164 -123.345472 1017.729067 -84.984461 749.060123 -68.352361 731.240187 -65.735008 539.520122 -59.179706 562.691099 334.885413 17.920532 -0.033878 -0.010944 0.002046 -1.097196 -0.520634 0.019897 -1.084738 1.281646 -1.702284 1.791398 -1.381672 1.04739 -0.021082 -0.00054 0.019026 -0.000346 -0.254355 0.63559 -0.538482 1.485107 -0.576691 1.259113 -0.415302 0.811799 -0.297367 0.046798
45.265736 173.336688 109.309152 921.259245 85.22877 871.035901 71.917485 956.910882 64.075908 739.487663 57.916261 733.120103 -55.795643 167.862013 -124.774955 1012.034079 -82.446593 783.708805 -64.039128 797.942441 -60.062801 584.305279 -54.932067 596.418453 248.212535 9.127136 -0.013939 -0.005217 0.099213 -0.734676 -1.868696 -0.238221 -3.608141 0.00457 -4.784802 -0.071457 -3.934247 -0.152444 -0.015682 -0.003526 -0.004118 -0.007989 0.019235 0.391672 0.07028 1.455454 0.127945 0.892713 0.079083 0.490797 -6.477597 -1.469307
44.269612 171.366268 107.951141 901.562689 50.16904 894.93409 28.850441 1030.994853 21.576319 811.288782 22.135959 792.003154 -56.043954 167.336678 -130.847143 926.781922 -83.66478 862.839255 -63.38785 965.865169 -60.468232 737.821872 -56.580109 725.657467 154.285313 1.743073 -0.005541 -0.005632 -0.004244 -0.106419 -4.61791 0.16171 -9.666858 1.380936 -11.287659 1.663092 -8.441272 1.137123 -0.000276 -0.000412 -0.072131 -1.875229 -0.004467 1.90254 0.001664 8.01171 -0.000682 8.942907 -0.012179 6.332018 -11.112878 -2.892926
44.49643 167.844638 120.14213 834.784088 35.068691 895.759677 16.057098 1049.940387 9.791608 840.463327 11.113117 820.05512 -53.758182 165.728705 -132.687016 900.77808 -81.929954 919.791898 -60.491224 1069.825036 -51.073507 839.204445 -50.694037 819.58409 105.590576 0.000472 0.00029 -0.018281 0.326021 -1.284603 -1.348219 0.00019 -1.86085 0.086245 -2.297884 0.257672 -1.880334 0.244089 0.023794 -0.003882 -0.006423 -0.18501 0.009088 0.910012 0.03387 2.656276 0.396345 3.262174 0.161604 2.85728 -4.602897 -1.686193
44.719841 167.804176 133.401199 779.989203 32.367446 895.030559 13.509407 1040.773408 8.188966 853.040327 9.931052 835.565776 -52.327798 164.993429 -149.17522 838.883657 -56.720483 940.833125 -31.167029 1109.626525 -21.433307 895.866716 -26.024957 871.810794 56.118809 -0.524435 0.00028 -2e-06 0.346929 -0.929958 -0.054123 -0.000148 -0.109969 -0.020097 -0.071566 0.046703 -0.033225 0.072657 0.009644 -0.000817 -0.482672 -1.101402 2.311058 0.118978 4.817439 0.363461 6.335093 0.925458 4.074376 0.806517 -7.753321 -0.556365
44.085948 169.950136 132.29362 782.419826 38.527456 911.254539 19.760131 1064.65366 12.738066 873.787592 13.931931 854.885595 -52.133263 162.898341 -154.00196 810.545178 -51.585092 950.155332 -26.811237 1128.610523 -17.796026 907.017123 -21.935931 881.674693 60.646345 -0.310056 -0.002262 0.006817 -0.002309 0.001891 0.268127 0.072863 0.592473 0.135432 0.500423 0.12464 0.337785 0.110405 0.000181 -0.006693 -0.038425 -0.243457 0.121818 0.022978 0.163853 0.080509 0.168985 0.034482 0.174628 0.027744 0.08781 0.028007
44.564842 167.896457 127.781427 784.405442 45.123086 953.082547 26.465091 1136.708309 17.906707 928.760292 18.052993 899.713992 -52.215366 160.136325 -152.881837 799.021049 -43.410188 973.38109 -21.024884 1166.878322 -12.544941 926.292603 -15.745808 898.441847 60.427545 0.001641 0.001294 -0.006242 -0.039145 0.001258 0.26043 0.469283 0.488862 1.179557 0.439024 0.838452 0.266598 0.572756 -3.2e-05 -0.011808 0.002044 -0.041256 0.352403 0.140225 0.351254 0.319001 0.457855 0.101334 0.511915 0.078968 -0.000198 0.356815
44.962833 168.065871 115.006651 803.758582 57.365536 991.442241 34.248787 1159.039425 28.025375 943.976503 28.301265 916.575753 -52.944666 148.470627 -160.495104 757.261057 -47.570452 977.580328 -25.137201 1172.377495 -16.057695 937.374512 -18.947846 909.828085 86.510557 0.011584 0.000885 4.3e-05 -0.336318 0.117922 0.733818 0.378398 0.501013 0.108612 1.128413 0.061818 1.147067 0.078271 -0.002529 -0.220567 -0.092493 -0.560378 -0.095168 0.004519 -0.183536 0.006464 -0.216524 0.032948 -0.148081 0.035849 2.33353 0.004504
45.633492 174.514142 102.934381 766.139376 81.618897 1045.199635 78.164265 1218.263638 67.227126 1049.906782 57.656816 1010.346811 -53.357005 146.572371 -159.655615 733.103965 -52.187934 995.287547 -30.878236 1185.160811 -21.052497 961.084274 -23.065249 933.670185 163.520538 1.962537 0.002482 0.060692 -0.334613 -0.450796 2.132516 0.70959 8.932981 0.737822 8.440856 2.8159 5.167962 2.282973 -0.0008 -0.006107 0.001101 -0.195792 -0.106921 0.079466 -0.294977 0.034658 -0.337671 0.148061 -0.202245 0.154182 12.155053 1.672567
45.223398 172.827296 79.439735 766.878999 110.033478 1040.068974 124.688483 1196.339858 122.933076 1031.307409 102.007855 991.855364 -52.911233 146.67096 -168.318025 706.44665 -74.41583 995.870186 -52.380111 1180.957617 -38.17594 964.413977 -39.75329 935.494176 298.121216 1.121396 -0.000926 -0.004096 -1.5197 0.000178 2.118092 -0.006312 5.407225 -0.099532 8.3423 -0.083111 6.283471 -0.085391 0.000935 1.7e-05 -0.114415 -0.246839 -1.966556 8.5e-05 -2.824388 -0.003733 -2.529271 0.002879 -2.257181 0.00089 20.058504 -0.116927
43.752324 173.1575 80.018253 779.164252 109.392175 1035.455881 119.059281 1159.659231 113.580172 1003.297821 95.078243 970.939283 -57.830153 150.87898 -166.937519 716.622936 -99.632923 987.99197 -80.64859 1159.415673 -65.250328 943.133558 -62.716392 919.794971 351.006497 0.930062 -0.012162 0.000158 0.001049 0.048812 -0.000937 -0.005127 -0.06501 -0.285558 -0.185002 -0.192807 -0.121861 -0.111447 -0.109298 0.029757 0.002842 0.036385 -1.836481 -0.015643 -3.038207 -0.099143 -3.606578 -0.118705 -2.606117 -0.066423 2.157903 -0.008942
42.320384 171.090321 94.188666 766.712627 98.718626 939.04923 97.041667 1037.661398 85.680144 864.507029 75.325085 848.585368 -57.632515 148.344573 -166.389107 701.269699 -101.739359 961.690086 -83.769981 1135.28758 -66.173132 930.432574 -64.825832 906.622603 302.448408 -1.211084 -0.011912 -0.006207 0.577284 -0.050148 -0.273892 -2.354967 -1.124567 -3.389346 -1.962921 -5.163695 -1.148765 -4.118505 0.000169 -0.010733 0.000451 -0.083126 -0.011017 -0.177419 -0.029632 -0.126853 -0.00324 -0.043051 -0.017445 -0.047501 -1.806668 -4.263769
39.066896 171.06935 106.472422 768.837372 84.817887 878.973686 70.611765 989.064285 57.915353 793.132464 53.827779 781.809233 -59.408641 147.292488 -167.656966 715.822485 -104.455287 933.128432 -85.709167 1110.299113 -66.466703 909.420732 -65.686401 884.05585 248.469809 -3.97602 -0.065056 -1e-06 0.376337 0.00147 -0.527166 -0.992852 -2.096392 -0.582718 -2.709787 -1.537334 -1.801664 -1.36805 -0.013477 -0.001872 -0.002406 0.074727 -0.017887 -0.215275 -0.011094 -0.139038 -0.000325 -0.119986 -0.002837 -0.142203 -2.650771 -0.798348
38.866573 170.324562 119.323348 742.488807 73.016199 827.628003 49.366083 942.777745 37.441224 765.03094 38.194172 756.878605 -58.907333 144.852639 -169.30829 699.104044 -89.526153 917.905092 -65.428064 1099.874058 -48.439506 906.936166 -51.126426 880.50044 171.054304 -6.03286 -0.000257 -0.000812 0.365995 -0.229699 -0.441841 -0.772581 -1.896075 -0.554588 -2.223947 -0.253427 -1.33772 -0.201983 0.001062 -0.010188 -0.004046 -0.098774 0.575339 -0.062601 1.366942 -0.024587 1.422919 -0.001699 0.910956 -0.003582 -7.204673 -0.213622
37.963923 171.375944 119.238461 753.514512 60.274508 826.401049 39.286935 928.018043 30.337338 749.30794 30.226933 744.178555 -58.456263 142.933687 -172.454041 698.686787 -86.598283 884.17353 -57.034338 1058.526331 -40.096955 867.898155 -48.04212 843.558051 140.189146 -4.353989 -0.005303 0.001618 -1.5e-05 0.040631 -0.610407 -0.000455 -0.574823 -0.058224 -0.373308 -0.081626 -0.465452 -0.053727 0.000867 -0.006398 -0.014478 -6.2e-05 0.024338 -0.315724 0.287997 -0.396078 0.393924 -0.429378 0.047975 -0.395838 -1.534188 0.13658
39.205309 170.890948 119.979508 752.038274 57.286109 813.83618 37.541296 916.68854 28.998477 734.34134 28.503421 729.309564 -55.73987 142.970958 -163.702143 688.265337 -63.914981 867.239971 -39.559347 1045.73348 -26.494137 857.203971 -30.872705 831.270848 110.928688 -4.749404 0.009985 -0.000344 0.001148 -0.000724 -0.037989 -0.048127 -0.019834 -0.034791 -0.015107 -0.075491 -0.025295 -0.075024 0.032312 2e-06 0.113948 -0.039154 1.719076 -0.081863 1.593871 -0.038887 1.404154 -0.033148 1.890408 -0.045072 -1.710552 -0.008592
41.743371 170.652212 121.677741 778.566405 65.121213 818.656933 48.598022 910.488025 39.654814 714.091355 37.072387 714.005984 -54.625733 139.623231 -162.261386 687.332271 -60.354822 863.691771 -38.177303 1042.92837 -24.664942 851.903747 -27.689202 826.969332 126.868416 -6.075744 0.039799 -8.3e-05 0.005967 0.229907 0.251014 0.007118 0.71256 -0.010521 0.832079 -0.141561 0.562275 -0.081135 0.005624 -0.01983 0.003184 -0.000316 0.051007 -0.003637 0.012286 -0.001884 0.032712 -0.008218 0.086594 -0.005579 0.534828 -0.081561
41.805627 173.101111 124.987769 796.593858 71.534242 825.185963 58.969841 918.260154 50.498627 718.340516 44.815235 717.65279 -54.716608 140.392117 -163.118118 700.073924 -63.436881 869.689807 -41.042567 1041.198606 -27.159415 835.59765 -29.653808 816.813731 151.725934 -4.430312 2.3e-05 0.008723 0.02221 0.103164 0.15056 0.012966 0.501199 0.016516 0.654532 0.006302 0.366883 0.004645 -3.8e-05 0.001056 -0.001128 0.05851 -0.038373 0.010378 -0.051833 -0.000718 -0.060068 -0.078784 -0.033664 -0.031372 1.111169 0.129652
42.001556 172.946343 124.784077 814.502189 84.945728 829.961861 71.721899 919.810698 60.948295 719.550824 55.413317 718.78805 -55.349975 140.868949 -163.290512 710.168473 -68.099059 872.28674 -45.11636 1042.522834 -31.711884 836.450912 -34.222316 817.754503 180.587087 -4.397479 0.000229 -3.5e-05 -8.3e-05 0.099534 0.575791 0.00689 0.62362 0.000654 0.490981 0.000509 0.561891 0.000449 -0.001822 0.000404 -4.6e-05 0.036129 -0.082649 0.001936 -0.096363 0.000421 -0.176283 0.000218 -0.163582 0.000271 1.255658 6.1e-05
43.414468 171.538594 129.991581 824.356779 91.560993 824.97606 76.628395 916.079575 63.916745 712.876577 58.860955 716.663146 -54.490221 140.660686 -160.709174 725.109408 -67.722464 873.775083 -45.510407 1043.49013 -31.855841 835.539759 -34.11786 818.893662 186.019396 -4.866242 0.011687 -0.002876 0.053225 0.029628 0.12401 -0.00751 0.08116 -0.003791 0.03529 -0.015549 0.052019 -0.001573 0.003365 -7.7e-05 0.010283 0.077768 0.000522 0.000634 -0.000857 0.000224 -0.000163 -0.000248 8e-05 0.000396 0.04025 -0.011868
42.767084 172.323505 129.986553 831.569895 92.417588 826.31178 78.300282 911.155581 66.125042 707.826242 61.66729 712.173498 -54.282877 141.846762 -160.446705 730.06566 -68.101961 878.876673 -45.552959 1044.798474 -32.286078 838.6734 -34.723386 821.2572 190.821472 -5.545339 -0.002432 0.000896 -0.0 0.01571 0.001994 0.00054 0.009021 -0.006635 0.018751 -0.008977 0.032675 -0.007054 0.000198 0.00249 0.000107 0.00844 -0.00053 0.007425 -1e-05 0.00041 -0.001443 0.002933 -0.002663 0.001703 0.030598 -0.022171
43.213622 172.39855 130.639342 832.718633 85.876228 813.154297 68.927215 881.514529 57.460378 678.078947 54.050158 687.245702 -53.755342 142.873407 -159.538298 732.819471 -66.510736 880.10678 -44.270286 1046.370996 -30.710605 838.476113 -33.184972 822.145153 172.186292 -8.505989 0.00116 8e-06 0.000818 0.000396 -0.120037 -0.052798 -0.298666 -0.245068 -0.304117 -0.319287 -0.250972 -0.222037 0.001288 0.001851 0.001289 0.002592 0.009405 0.00043 0.009159 0.000591 0.019703 -1.2e-05 0.017428 0.00024 -0.478639 -0.315449
43.670041 173.444842 129.119658 854.293164 83.483437 816.052616 66.422393 883.243115 55.838304 679.747084 52.415059 688.733906 -53.397678 145.515888 -157.865866 748.750205 -66.23322 887.991912 -44.109261 1049.663063 -30.780275 842.922661 -33.178346 824.488045 169.533434 -8.768532 0.001199 0.001583 -0.004445 0.13796 -0.016904 0.002578 -0.023179 0.000847 -0.011612 0.001025 -0.012557 0.000805 0.000597 0.012107 0.004406 0.085651 0.00029 0.017583 0.000147 0.002585 -3.9e-05 0.00588 0.0 0.001667 -0.010298 -0.001995
42.581588 175.986681 127.644014 875.732938 82.251548 822.467169 65.697851 886.598343 55.439765 683.862875 52.065761 691.513089 -53.204033 149.900966 -154.537138 774.873642 -67.95487 901.34937 -45.467955 1057.150696 -31.318885 850.58591 -34.008801 828.65545 170.096794 -9.084401 -0.006868 0.009245 -0.00424 0.132854 -0.004578 0.012556 -0.001987 0.00318 -0.000714 0.006211 -0.000584 0.002798 0.000176 0.032547 0.017735 0.223967 -0.011045 0.049858 -0.010305 0.013306 -0.002336 0.017338 -0.005133 0.005253 0.000467 -0.002795
45.868536 175.391618 125.146015 898.546008 82.757107 822.891492 63.648171 885.761556 55.324436 684.132246 52.58859 690.938599 -51.953354 154.430828 -145.833144 819.280211 -68.638179 912.3825 -46.265077 1056.307457 -31.751 845.589925 -35.056691 824.631644 170.899207 -8.544555 0.061095 -0.000504 -0.012343 0.146667 0.000774 5.5e-05 -0.016241 -0.000198 -6e-05 2.7e-05 0.001306 -0.000119 0.007438 0.033715 0.126137 0.618612 -0.001709 0.033558 -0.003463 -0.000168 -0.00148 -0.007358 -0.00795 -0.004897 0.000944 0.008268
43.770777 175.605526 123.221383 892.730645 80.63387 829.561126 61.180995 892.269095 53.833901 688.413898 51.764964 693.645613 -52.21864 155.499958 -146.003497 809.12715 -70.582067 930.052262 -47.446175 1082.967753 -33.971306 873.162227 -35.948952 847.443953 173.334334 -10.967197 -0.024549 6.5e-05 -0.007457 -0.00944 -0.013796 0.01346 -0.024384 0.011909 -0.010177 0.006678 -0.00325 0.002646 -0.000338 0.001844 -5e-05 -0.031652 -0.013572 0.084732 -0.007443 0.166131 -0.037515 0.221172 -0.005606 0.155623 0.008613 -0.150986
44.096001 177.860418 116.453479 924.882881 79.197245 845.771059 55.391134 908.12288 51.348284 694.820019 50.271767 697.751089 -52.013304 158.146154 -139.446225 805.852122 -73.951483 956.8552 -48.705201 1114.202634 -34.386395 899.229548 -38.764043 869.428094 169.774727 -13.160334 0.000602 0.007192 -0.095575 0.284397 -0.006457 0.078423 -0.143873 0.069804 -0.029374 0.014834 -0.010926 0.006057 0.000202 0.011163 0.075326 -0.003321 -0.03928 0.190373 -0.008243 0.222028 -0.00126 0.191702 -0.053053 0.140757 -0.018465 -0.099882
43.191134 177.120092 106.178271 939.149692 70.199957 866.301845 50.09198 935.037738 47.830375 709.258292 46.17131 706.534736 -53.327621 158.316426 -131.192434 821.073758 -80.069927 975.11725 -62.673916 1129.411227 -50.382722 912.012916 -49.245881 878.780549 196.393023 -12.728112 -0.00469 -0.000772 -0.237244 0.054598 -0.271172 0.123105 -0.133191 0.196523 -0.062411 0.074237 -0.087209 0.027471 -0.0082 4.6e-05 0.125889 0.071209 -0.121574 0.086313 -0.879422 0.051547 -1.522972 0.045112 -0.626414 0.025017 0.96878 0.003608
41.44975 179.823038 104.226848 936.865984 62.253385 889.51012 43.550224 970.551337 40.258242 741.036395 38.993836 732.80511 -54.891432 163.59608 -127.486821 856.842772 -81.214779 1015.432972 -64.069563 1174.087749 -52.155171 949.365829 -50.529298 912.155844 184.057845 -12.886643 -0.017915 0.010234 -0.00905 -0.00139 -0.238593 0.15339 -0.22878 0.330954 -0.326055 0.348194 -0.302987 0.239759 -0.011299 0.043298 0.026543 0.381297 -0.004063 0.40831 -0.007684 0.433293 -0.01532 0.374824 -0.008255 0.311012 -0.200021 -0.000491
39.697916 179.572709 92.624443 953.008207 49.865026 890.541478 33.402193 968.172247 30.696106 738.316894 28.960678 730.758339 -55.973653 165.862016 -121.684447 876.241535 -80.50536 1041.500394 -65.074901 1200.211398 -53.708111 971.558411 -50.936437 930.632942 165.610865 -15.98276 -0.018912 -8.7e-05 -0.34222 0.06894 -0.686519 0.000299 -0.672066 -0.00146 -0.647271 -0.0025 -0.744755 -0.001431 -0.005282 0.007792 0.067568 0.108571 0.001556 0.165182 -0.003913 0.143719 -0.011391 0.128201 -0.000817 0.092635 -0.48693 -0.166503
38.855351 178.207726 81.516509 1015.463742 38.473681 890.690541 23.73778 950.957294 23.25425 724.25755 21.758047 719.376559 -56.90023 164.218079 -117.688817 884.683862 -81.027153 1068.149461 -65.917032 1226.406227 -54.901501 1009.030878 -51.638618 965.659747 149.617441 -23.553675 -0.004519 -0.002604 -0.354632 0.991042 -0.73754 6e-06 -0.823229 -0.077212 -0.515726 -0.067576 -0.514032 -0.044667 -0.003803 -0.004094 0.03335 0.020237 -0.000843 0.168322 -0.002707 0.141388 -0.006557 0.354519 -0.002403 0.323521 -0.405983 -0.731655
38.832171 183.526546 77.179217 1070.846264 31.114143 899.769238 17.071032 949.742538 17.092464 721.047337 16.20058 717.038173 -56.946504 168.226402 -115.811537 913.413339 -81.360628 1099.980805 -66.110114 1261.359357 -55.20409 1044.407985 -51.858837 997.944657 133.73185 -29.865974 -3e-06 0.039105 -0.059282 0.735213 -0.390263 0.023017 -0.548241 -0.000388 -0.473293 -0.003565 -0.409034 -0.001903 -9e-06 0.024165 0.007547 0.22953 -0.000342 0.233678 -0.000141 0.245558 -0.000416 0.304765 -0.000234 0.265427 -0.445652 -0.374255
37.588422 182.843493 61.82916 1076.462436 24.524563 838.521679 13.601928 836.629686 14.296748 627.042081 12.830473 639.840255 -56.520584 171.481221 -114.274011 924.472715 -81.226113 1112.476543 -66.752743 1274.599541 -55.563344 1061.42165 -51.893611 1016.225727 126.229415 -56.83137 -0.010122 -0.000637 -0.850118 0.007344 -0.391597 -1.079344 -0.196809 -3.584742 -0.12475 -3.281591 -0.196275 -2.19782 0.000799 0.015593 0.005137 0.033275 5.6e-05 0.035288 -0.001554 0.034564 -0.000583 0.068731 -6e-06 0.082963 -0.108282 -4.300154
34.511322 182.961748 53.540941 1080.575852 24.23855 707.171624 15.336467 644.057594 16.721122 472.600062 14.55328 503.503639 -56.385291 171.173753 -114.875012 921.099867 -76.913544 1115.86356 -63.292738 1285.138124 -51.855875 1076.756969 -48.809459 1030.374858 127.469728 -122.646955 -0.065693 1.9e-05 -0.298099 0.003922 -0.000839 -5.59105 0.05203 -12.575973 0.09489 -10.899517 0.054248 -8.157748 8.1e-05 -0.000138 -0.000788 -0.003082 0.058814 0.002574 0.046037 0.021694 0.063999 0.054994 0.047239 0.04891 0.003032 -12.502944
35.005608 185.274838 54.180121 1179.924058 26.685279 658.012888 20.405667 555.202917 27.975226 378.745947 22.31794 419.479391 -55.390824 169.59281 -112.303979 943.314785 -70.365906 1110.477074 -57.782796 1275.42235 -46.299423 1064.501774 -42.859749 1024.747581 146.253446 -173.32531 0.001757 0.007265 0.001896 2.184215 0.058813 -0.885362 0.361301 -3.296206 1.440034 -5.189149 0.826846 -3.832553 0.004424 -0.003667 0.014549 0.132353 0.145617 -0.006516 0.125439 -0.018433 0.157398 -0.035071 0.193284 -0.007704 0.645259 -4.37102
35.089237 183.354998 53.35374 1112.046173 65.851186 661.332317 73.667229 576.199476 82.722408 402.506786 67.801802 439.268013 -54.418614 168.327769 -107.938198 932.881373 -67.611409 1120.512553 -56.442192 1293.691857 -44.447022 1087.700908 -40.883412 1044.96417 248.442093 -166.867985 5e-05 -0.004999 -0.003175 -1.00534 8.69716 0.004176 16.529903 0.194844 14.485825 0.361412 12.320088 0.228031 0.004304 -0.002368 0.043275 -0.02901 0.027497 0.022571 0.007867 0.06496 0.018908 0.125038 0.023324 0.098738 13.458016 0.06129
37.401407 182.412633 64.307616 1071.154853 99.019463 708.242571 112.491721 652.576464 113.276101 473.498456 96.150996 505.025481 -53.233122 171.101002 -108.69768 925.673564 -66.363432 1125.326766 -54.988981 1301.2688 -42.583183 1094.112677 -39.592945 1051.756067 294.764386 -128.082512 0.036884 -0.001214 0.510994 -0.38298 3.370815 0.803613 4.09354 2.375978 2.396114 2.881329 2.469538 2.292349 0.006528 0.011329 -0.001331 -0.013977 0.005813 0.00516 0.009476 0.011062 0.01996 0.009421 0.010347 0.011001 1.978686 2.561231
37.18643 170.988749 63.838332 1045.254941 118.684442 726.034518 142.438288 653.828365 148.755317 488.095163 126.782698 524.001697 -51.252826 167.318405 -106.088803 920.289985 -65.525586 1136.705697 -54.25258 1314.38044 -41.72204 1102.65354 -38.840602 1059.378604 348.038459 -123.506583 -0.00031 -0.18469 -0.000859 -0.158483 0.889978 0.110357 1.765018 0.0006 2.413065 0.110793 2.114468 0.174984 0.018768 -0.02114 0.015845 -0.00785 0.002661 0.02862 0.002482 0.032863 0.004398 0.016603 0.003608 0.013761 2.211422 0.041617
36.602171 163.358459 62.697842 1005.796403 119.670503 727.806427 144.676291 662.086217 152.290391 502.891803 129.88722 537.536202 -50.38856 162.320461 -104.392124 911.123376 -61.258505 1135.71921 -48.71219 1313.686873 -37.536256 1101.585006 -35.500212 1058.544948 341.040551 -115.882748 -0.002313 -0.087079 -0.00514 -0.379591 0.00204 0.00108 0.008723 0.025911 0.020756 0.110472 0.018776 0.086285 0.003675 -0.037891 0.006839 -0.022941 0.071827 -0.000214 0.149168 -9.2e-05 0.110607 -0.000259 0.075086 -0.000164 -0.035534 0.121429
36.385264 161.684183 62.773473 938.1979 108.416977 708.09363 125.370023 649.426745 128.847665 498.060116 110.681797 533.59213 -49.512936 163.487003 -102.351947 882.802088 -59.834268 1130.036285 -47.52405 1315.487285 -36.791987 1109.111547 -34.867152 1064.176061 303.343125 -120.693643 -0.000322 -0.004312 2.3e-05 -1.175657 -0.277786 -0.13532 -0.69101 -0.0611 -0.979092 -0.011662 -0.767842 -0.007261 0.003837 0.002088 0.010067 -0.223573 0.008376 -0.007127 0.007335 0.000616 0.003726 0.012812 0.002848 0.007469 -1.103623 -0.048921
34.267137 162.406208 54.275104 938.438542 89.30803 643.51693 98.520215 593.166909 102.11781 467.121848 87.150225 493.662342 -50.261921 162.990252 -103.900454 871.594338 -60.585831 1129.424047 -48.341737 1317.48991 -37.639161 1108.208144 -35.278068 1064.991312 263.750982 -136.34669 -0.031757 0.000804 -0.308922 1.5e-05 -0.925549 -1.543541 -1.615798 -1.274267 -1.55195 -0.49598 -1.404493 -0.776337 -0.002811 -0.000378 -0.005813 -0.0358 -0.002345 -8.3e-05 -0.003487 0.000762 -0.004821 -0.000184 -0.001204 0.000156 -1.383767 -0.477056
34.45567 165.881899 52.472641 1033.215925 86.157716 561.138308 89.395473 452.319128 93.885562 310.792904 81.045986 352.392015 -50.804139 162.073221 -103.31226 896.412355 -58.506859 1144.860454 -46.323679 1335.367742 -35.396304 1127.035179 -33.584708 1079.985194 244.576306 -254.148167 0.000259 0.0184 -0.015219 2.279291 -0.028283 -2.819973 -0.221669 -9.530943 -0.172956 -15.869725 -0.110805 -11.877715 -0.001455 -0.001294 0.000835 0.174197 0.018147 0.052387 0.021513 0.060241 0.034446 0.07929 0.020823 0.052406 -0.361774 -18.1925
35.12088 176.005659 50.332642 1071.636553 83.235283 510.358434 90.13039 378.494387 93.431706 254.681519 80.659885 296.934457 -49.616668 167.586819 -103.290996 928.433717 -58.610169 1136.36309 -45.484515 1323.252364 -34.329621 1119.762081 -32.917041 1073.432026 241.030477 -306.393587 0.00318 0.149922 -0.022276 0.350682 -0.025211 -1.203944 0.001504 -3.286474 -0.00055 -2.790821 -0.000461 -2.372589 0.007021 0.046111 1e-06 0.280968 -4.6e-05 -0.015826 0.003835 -0.027605 0.00816 -0.011772 0.003352 -0.009971 -0.012946 -2.440084
34.996369 177.275764 50.900625 1071.313652 90.811393 474.848814 103.892799 332.386368 108.641386 222.897986 92.442114 269.564068 -49.759562 167.204395 -103.422006 933.672552 -58.28604 1138.416085 -44.822098 1324.385496 -33.817718 1124.56269 -32.618428 1080.959915 263.686226 -346.136036 -0.000111 0.002283 0.001593 -2.4e-05 0.164969 -0.640141 0.488711 -1.496869 0.573216 -1.058791 0.401446 -0.661587 -0.000103 -0.000218 -4.2e-05 0.007369 0.000449 0.000926 0.00243 0.000242 0.001923 0.005134 0.00068 0.013152 0.508743 -1.211385
35.068126 180.831309 57.69973 1091.626371 94.107236 487.664652 104.947473 340.337873 115.597139 226.240905 98.614424 277.585454 -49.754895 167.229521 -105.832093 939.171794 -57.989496 1143.565045 -44.157055 1327.937018 -33.036087 1131.589062 -32.176879 1093.193727 272.227353 -345.877926 3.7e-05 0.017651 0.213044 0.095383 0.029374 0.085325 0.002663 0.046994 0.107908 0.012441 0.099728 0.058801 0.0 1e-06 -0.01388 0.008074 0.000378 0.005809 0.002485 0.002378 0.004569 0.010941 0.001504 0.03442 0.068066 4.8e-05
38.085287 179.324709 78.63101 1077.176543 146.461191 483.709323 176.984868 338.448419 179.486855 224.477916 152.317019 274.507088 -47.712511 168.258796 -105.351905 949.494023 -55.903573 1168.541978 -42.586605 1355.013307 -31.539593 1159.021365 -30.460476 1120.60194 361.504917 -363.352819 0.062247 -0.003151 1.616405 -0.048137 5.76589 -0.008053 9.358574 -0.00263 6.999514 -0.003448 5.813879 -0.008582 0.021401 0.001579 0.000546 0.028208 0.019103 0.134913 0.014217 0.13663 0.017342 0.16427 0.023521 0.169672 6.32004 -0.215317
38.639712 180.76575 75.240477 1095.437576 160.145603 493.669625 201.352894 339.921252 209.836164 230.641114 177.743903 283.648102 -47.439155 167.971458 -104.366426 955.004781 -56.081085 1167.135085 -42.623527 1352.291168 -32.129156 1157.599531 -31.08908 1117.866674 406.182968 -354.819056 0.002003 0.002883 -0.037359 0.076744 0.305532 0.050753 0.785565 0.001599 1.184728 0.041733 0.980862 0.074857 0.000393 -0.000123 0.002315 0.007973 -0.000141 -0.000424 -8e-06 -0.001369 -0.00273 -0.000436 -0.00321 -0.001671 1.301194 0.050704
38.718151 182.019753 74.538975 1095.681225 160.33423 492.130227 201.048866 337.061179 208.092248 229.368793 176.330493 282.148225 -47.347445 167.643615 -104.36874 953.251109 -56.683679 1165.755903 -43.185454 1350.281749 -32.806131 1157.098071 -31.663066 1117.701074 406.14609 -356.122868 4e-05 0.002167 -0.001643 1.4e-05 5.6e-05 -0.001202 -0.000115 -0.006042 -0.003638 -0.00176 -0.002821 -0.001988 4.4e-05 -0.00016 -0.0 -0.000806 -0.00161 -0.000408 -0.00184 -0.000747 -0.003529 -5.4e-05 -0.002625 -6e-06 -1e-06 -0.001196
38.75139 180.025874 82.275984 1085.830684 153.946341 490.311409 186.838521 326.39805 187.683044 219.157171 159.421552 276.628665 -48.329968 166.338521 -104.605503 944.865078 -57.066257 1161.238721 -44.214901 1345.106355 -33.317676 1159.5478 -31.785738 1122.179172 379.154606 -370.492265 7e-06 -0.00549 0.190982 -0.02224 -0.064925 -0.001684 -0.260387 -0.085695 -0.526578 -0.116259 -0.426049 -0.027262 -0.005045 -0.00255 -0.000134 -0.018525 -0.000643 -0.004384 -0.006063 -0.004969 -0.001979 0.001295 -0.000119 0.004476 -0.463998 -0.142097
38.022045 177.005644 85.68842 1075.511835 141.562381 458.246091 166.240137 307.73855 163.948867 204.861726 139.372753 255.911495 -50.878387 163.461549 -108.393518 940.087163 -59.270713 1163.302671 -46.528936 1346.490694 -34.672511 1156.424019 -33.194037 1120.754585 349.412876 -387.82384 -0.003464 -0.012775 0.034668 -0.024633 -0.259603 -0.542128 -0.60136 -0.274588 -0.80191 -0.241048 -0.673386 -0.403128 -0.032737 -0.012549 -0.033686 -0.006055 -0.020888 0.000916 -0.02951 0.000356 -0.0135 -0.002107 -0.015263 -0.000452 -0.607315 -0.198085
35.785461 181.352997 78.139078 1099.455027 127.566988 459.836266 148.311616 313.37404 147.844369 202.205583 124.994699 251.944183 -54.732746 158.335176 -116.60861 925.170577 -60.856706 1152.543278 -47.14841 1338.216272 -34.734732 1148.950681 -33.710386 1113.774715 325.901597 -387.155761 -0.033895 0.02637 -0.174033 0.131794 -0.364144 0.001377 -0.511352 0.025567 -0.416186 -0.008666 -0.391276 -0.015496 -0.070357 -0.040835 -0.150021 -0.059645 -0.01047 -0.024994 -0.002048 -0.012751 -2.8e-05 -0.012113 -0.001993 -0.010901 -0.4094 0.000288
34.966756 186.716576 76.506351 1116.339077 129.786838 460.881875 151.839681 311.978798 151.474724 201.293609 128.121909 251.098899 -54.976032 159.604255 -117.193384 938.000188 -62.498503 1157.839249 -48.482991 1336.014502 -36.50678 1146.504509 -35.368685 1112.073007 336.707486 -386.998388 -0.004737 0.039082 -0.008619 0.064328 0.009574 0.000594 0.020736 -0.001556 0.022017 -0.001031 0.019319 -0.00071 -0.00027 0.002533 -0.000731 0.044172 -0.010926 0.00607 -0.009313 -0.000906 -0.022042 -0.001303 -0.019907 -0.00065 0.088118 1.6e-05
34.28996 185.39339 71.919305 1113.97066 138.568215 480.938895 167.025247 328.411619 168.180252 215.833397 142.171935 266.919035 -55.301296 158.27983 -117.612529 938.994436 -64.151745 1154.274649 -50.19391 1326.39119 -38.606077 1140.28656 -37.17291 1106.678835 367.941904 -363.926586 -0.003307 -0.002353 -0.070898 -0.001258 0.143715 0.213591 0.361803 0.210873 0.436823 0.253484 0.365411 0.241628 -0.00048 -0.002759 -0.000374 0.000263 -0.010791 -0.002748 -0.014834 -0.017392 -0.029342 -0.008454 -0.02244 -0.006557 0.692592 0.354519
36.450153 184.368253 73.956763 1117.131034 143.810817 557.984392 171.924925 417.046021 172.427194 284.926238 146.929138 334.335243 -54.52723 157.910578 -116.873749 939.137088 -63.644319 1152.571203 -49.607642 1324.590704 -38.212298 1138.742307 -36.788805 1105.149988 372.982823 -284.445017 0.032991 -0.001421 0.014229 0.002238 0.048671 2.860747 0.035415 5.288041 0.026478 4.789483 0.039143 3.791508 0.002728 -0.000216 0.001164 5e-06 0.001007 -0.000629 0.001722 -0.000611 0.001009 -0.000523 0.000997 -0.000528 0.017148 4.890122
40.751311 183.59115 84.432641 1111.651659 153.497026 678.111542 178.308395 572.365004 179.758781 413.654927 152.905643 457.789164 -52.76362 159.690186 -112.739102 936.333519 -60.570198 1144.948185 -47.036745 1310.353827 -35.637356 1111.085746 -34.016205 1078.989376 375.472716 -168.855584 0.119909 -0.000821 0.346817 -0.006735 0.157829 5.850988 0.058178 12.267131 0.07632 11.962953 0.05957 9.679389 0.014496 0.004986 0.037229 -0.002095 0.038046 -0.012646 0.034201 -0.038462 0.044904 -0.169994 0.054306 -0.156675 0.004142 14.985055
45.328878 189.351392 89.968624 1127.459833 161.913226 951.373845 199.655111 895.918097 211.588398 707.583638 176.248663 742.466232 -50.024674 164.122234 -108.325578 938.284805 -58.913784 1144.593045 -44.758552 1307.119615 -34.439473 1093.21639 -32.622309 1063.242173 416.755641 -41.775264 0.121799 0.044487 0.087886 0.055804 0.112306 23.076242 0.603294 36.092939 1.296554 39.21184 0.828765 34.248542 0.036498 0.030332 0.044062 0.001016 0.011482 -2.8e-05 0.028275 -0.001998 0.010239 -0.072431 0.01458 -0.057878 1.076355 42.654819
45.619965 187.246189 84.593739 1036.526011 216.61362 1143.141803 263.790091 1098.323647 257.440436 968.469937 229.987203 1017.725074 -47.123038 162.395118 -101.109609 942.666842 -55.417532 1178.387764 -42.019134 1345.483036 -32.240779 1121.468263 -31.117169 1095.827033 471.890767 -5.607806 0.000466 -0.005884 -0.082768 -1.91143 3.973192 8.797342 4.45919 10.298164 2.246617 20.42864 3.570064 21.655714 0.043343 -0.004568 0.124348 0.005104 0.05347 0.245836 0.04325 0.277431 0.036259 0.180206 0.017774 0.245901 1.712049 16.771466
45.936622 176.386535 90.968002 932.985327 237.070922 1391.280187 295.078121 1445.571152 290.220926 1373.574925 262.183795 1401.757095 -44.75947 162.875291 -100.338113 947.891489 -52.360787 1190.924573 -38.996144 1362.102623 -29.064088 1133.21614 -28.466074 1108.880303 502.969599 11.549774 0.000548 -0.162194 0.115756 -2.723541 0.46146 12.176529 0.876512 23.811483 0.981925 35.301685 1.054239 30.672136 0.030405 0.000354 0.001477 0.007219 0.043356 0.033168 0.056419 0.051007 0.08236 0.030606 0.059008 0.038642 0.495527 33.253405
45.711075 169.772164 99.874202 901.393034 261.321877 1648.754864 331.169641 1790.355212 346.247382 1769.404347 304.673685 1779.213137 -43.632079 164.737734 -102.439101 944.78135 -50.964389 1185.952384 -37.97395 1360.088343 -26.81741 1138.692828 -26.97085 1119.546083 565.786953 69.218495 -0.000278 -0.063199 0.20793 -0.272067 0.590355 10.922986 1.040867 18.420593 2.470719 25.025171 1.594699 22.473983 0.00719 0.005294 -0.010885 -0.002555 0.009436 -0.005201 0.006788 -0.000745 0.045181 0.006601 0.020168 0.025525 1.847677 24.218893
42.762329 176.572296 92.983663 957.964171 249.763738 1873.551779 322.651958 2040.339149 344.391235 2034.012733 301.899473 2037.58742 -44.574711 167.629415 -101.930753 970.579377 -51.750641 1191.408827 -39.102669 1347.339885 -27.812726 1132.188249 -27.444664 1119.648196 567.943168 131.148881 -0.049153 0.066763 -0.123134 0.860791 -0.13071 7.180694 -0.055485 8.165444 -0.002494 9.21573 -0.006344 8.755229 -0.005037 0.012579 0.000632 0.173745 -0.003009 0.006262 -0.008265 -0.030014 -0.009068 -0.009316 -0.002063 2e-06 0.00205 9.811052
42.287353 179.359511 90.288676 989.094465 241.695537 2004.828667 319.78985 2187.703917 339.802907 2199.422538 296.374134 2197.743978 -45.063968 169.001537 -101.477461 978.516646 -52.988652 1189.590608 -40.569371 1336.283142 -29.315593 1125.242589 -28.588673 1115.267315 568.733366 178.312374 -0.001326 0.010913 -0.019816 0.248877 -0.066232 2.222392 -0.006375 2.568916 -0.015385 3.2327 -0.025515 3.029196 -0.001335 0.002796 0.000505 0.016161 -0.007317 -0.000694 -0.013502 -0.022777 -0.019771 -0.010685 -0.01168 -0.004294 0.000275 3.615096
39.871909 185.29504 80.945888 1015.588725 218.174944 2063.040558 285.153564 2280.129305 318.181317 2274.026665 273.650765 2257.537483 -46.963722 172.198885 -105.046843 989.658037 -54.087237 1189.163865 -40.459651 1341.483903 -29.576738 1117.591478 -29.066273 1106.626488 541.776256 203.243748 -0.035514 0.04831 -0.255067 0.175084 -0.601887 0.416532 -0.992371 0.956097 -0.355342 0.622133 -0.4531 0.401257 -0.019611 0.014981 -0.030847 0.031535 -0.005636 -3.8e-05 7.4e-05 0.00505 -0.000579 -0.01305 -0.001978 -0.016802 -0.327234 0.815395
39.934787 184.775406 77.63913 1018.202405 212.512601 2065.144926 279.972434 2295.971434 315.594712 2292.802902 268.031493 2265.025618 -45.893729 169.85807 -100.479186 978.465 -51.657252 1190.627569 -38.444997 1345.457674 -28.422301 1126.107103 -27.846969 1114.007862 533.43642 205.225743 2.5e-05 -0.000365 -0.034479 0.001679 -0.037224 0.000536 -0.023751 0.027422 -0.005278 0.038599 -0.029147 0.006199 0.006165 -0.00801 0.050763 -0.031829 0.027924 0.00045 0.025724 0.002938 0.01149 0.01616 0.013063 0.012268 -0.032344 0.004809
37.656643 176.951882 74.997984 1000.225052 204.262847 2097.726578 268.604414 2334.910376 303.688398 2354.078363 257.892033 2326.745962 -45.026444 166.152078 -103.9786 978.020936 -51.732377 1200.750617 -36.850761 1360.069439 -28.048698 1140.793625 -27.895176 1128.259528 516.323815 217.362208 -0.033451 -0.084614 -0.022852 -0.08006 -0.081657 0.127506 -0.117801 0.163713 -0.114466 0.404018 -0.09775 0.414826 0.004137 -0.020438 -0.029949 -5e-05 -2.7e-05 0.021426 0.016879 0.039457 0.001236 0.047575 -2.1e-05 0.045292 -0.139489 0.174312
38.138643 180.714065 74.589517 1024.831918 199.748439 2122.092928 262.87296 2362.197846 295.110682 2370.297646 250.094673 2339.27296 -44.860575 170.276725 -104.968113 999.03856 -51.902628 1217.812021 -36.299529 1376.163387 -27.867638 1151.62923 -27.849611 1138.564106 504.351278 217.563668 0.001533 0.019787 -0.000558 0.149507 -0.025223 0.070349 -0.030905 0.079263 -0.06144 0.027841 -0.059846 0.016816 0.000153 0.025285 -0.002343 0.11172 -0.00014 0.060179 0.002077 0.047331 0.000293 0.025608 1.9e-05 0.023422 -0.070221 4.7e-05
39.210235 182.778215 75.496308 1035.093988 199.403875 2142.452727 261.572842 2387.104634 288.070817 2395.581301 244.610424 2362.624583 -44.388428 169.753758 -104.074106 993.236317 -51.628981 1215.918472 -36.755733 1375.056053 -27.761041 1154.993247 -27.653521 1141.446997 494.685384 223.786172 0.007423 0.005861 0.002739 0.025562 -0.000149 0.048601 -0.001612 0.06531 -0.042492 0.067067 -0.0304 0.057987 0.001249 -0.000402 0.001912 -0.008449 0.000362 -0.000737 -0.001424 -0.000223 0.000102 0.002453 0.000346 0.001823 -0.046761 0.043867
40.520373 184.226486 76.02954 1036.660728 200.309201 2136.529333 261.793259 2374.798296 287.732217 2378.357822 244.683329 2350.430716 -43.913526 170.407573 -102.66195 991.367171 -51.32471 1211.331379 -37.176726 1370.998169 -27.444914 1152.400826 -27.256355 1139.01587 492.904853 219.673316 0.010765 0.002858 0.000938 0.000592 0.001025 -0.0041 4.6e-05 -0.015902 -0.0001 -0.03107 5e-06 -0.015774 0.001277 0.000628 0.004823 -0.00088 0.00045 -0.004334 -0.001199 -0.002998 0.000905 -0.001456 0.001436 -0.001296 -0.001605 -0.019073
40.400869 184.290809 76.758788 1035.07021 200.623983 2143.082354 262.473605 2387.300918 287.4882 2396.307188 244.210293 2365.785319 -44.283137 170.496675 -103.649501 991.310683 -51.698429 1209.431268 -37.683933 1368.491965 -27.521376 1149.83921 -27.32249 1136.897217 492.90922 226.286182 -8.8e-05 6e-06 0.00174 -0.000611 0.000124 0.005017 0.000441 0.016412 -5.2e-05 0.033739 -0.000229 0.024995 -0.000774 1.2e-05 -0.002364 -1e-06 -0.000678 -0.000746 -0.001718 -0.001146 -5.3e-05 -0.001425 -4e-05 -0.000986 0.0 0.049032
40.891454 183.286643 77.443776 1034.352565 201.744174 2142.648889 263.413063 2385.460418 288.81182 2394.088153 245.451634 2364.467268 -43.892081 169.993342 -105.820381 986.62328 -51.666934 1206.558122 -37.333637 1368.106344 -27.110792 1147.668509 -27.029882 1133.912097 492.896251 226.567629 0.00148 -0.001372 0.001521 -0.000124 0.001559 -2.2e-05 0.000839 -0.000355 0.00152 -0.000514 0.001573 -0.000184 0.000867 -0.000372 -0.011249 -0.005554 5e-06 -0.001708 0.000818 -2.7e-05 0.001543 -0.001025 0.000788 -0.001962 -0.0 8.7e-05
40.718366 181.551393 76.695613 1033.311531 198.520754 2141.683339 258.786058 2387.413624 283.187219 2392.771278 240.490363 2365.231327 -43.91874 168.426072 -106.430358 982.43248 -51.963923 1206.553567 -37.521285 1371.757917 -27.094315 1150.588572 -27.049068 1135.794738 485.470161 224.869056 -0.000184 -0.004127 -0.001816 -0.000262 -0.01298 -0.000109 -0.020499 0.0004 -0.027655 -0.000181 -0.025327 6.2e-05 -4e-06 -0.003629 -0.000876 -0.00446 -0.000426 -0.0 -0.000235 0.002433 3e-06 0.001855 -3e-06 0.000781 -0.028184 -0.003196
41.044743 174.615259 76.628708 1017.565354 190.92383 2142.641164 247.569041 2400.168079 268.756241 2421.223159 227.55614 2384.690769 -43.648065 166.74797 -106.961195 980.708483 -51.332909 1209.934405 -36.703174 1375.417894 -26.67829 1153.094147 -26.642497 1138.306685 464.785727 232.522427 0.000651 -0.067545 -1.5e-05 -0.060449 -0.074104 0.000107 -0.124258 0.016989 -0.188687 0.08408 -0.178749 0.039861 0.000418 -0.004201 -0.00066 -0.000757 0.001927 0.002365 0.004509 0.002438 0.001609 0.001363 0.001539 0.001387 -0.225148 0.064035
42.277586 174.277451 78.108943 1023.511541 190.921194 2158.002126 246.723084 2434.568604 267.907772 2458.429258 226.874927 2414.221526 -43.17907 167.537594 -105.687309 982.873433 -49.97966 1211.825988 -35.516266 1379.199621 -25.625101 1155.480473 -25.580525 1139.700727 459.245439 243.054052 0.009121 -0.000164 0.00708 0.008661 -0.0 0.027433 -0.000724 0.122386 -0.000671 0.141846 -0.000511 0.090862 0.001267 0.000933 0.003816 0.001193 0.009038 0.000739 0.009754 0.002596 0.010605 0.001233 0.010799 0.000427 -0.016609 0.116626
43.029896 169.65336 79.849857 1017.875678 193.16178 2161.239066 249.494025 2446.149192 270.00433 2470.677261 228.624663 2423.604674 -43.413919 167.935848 -104.465704 983.801999 -48.890444 1212.639906 -34.914154 1379.703033 -24.95914 1155.403077 -24.832269 1138.963569 459.147218 246.951391 0.003317 -0.031086 0.009594 -0.00778 0.006535 0.001213 0.007737 0.013739 0.004086 0.015217 0.003361 0.009099 -0.000318 0.000236 0.003551 0.000219 0.006 0.000137 0.002574 4.6e-05 0.004384 -1e-06 0.005553 -0.000119 -5e-06 0.015499
42.951186 171.258062 80.50675 1019.471205 194.103658 2200.586112 251.697219 2501.250662 270.499944 2536.695163 228.658011 2483.172814 -43.93391 168.417563 -103.907684 1000.418282 -48.249655 1216.846037 -33.316919 1382.550124 -24.224818 1156.573814 -24.401011 1140.468921 456.623644 267.557256 -3.6e-05 0.003777 0.001345 0.000625 0.001145 0.177474 0.004843 0.306855 0.000227 0.435214 1e-06 0.361591 -0.001548 0.000345 0.000747 0.069575 0.002114 0.003641 0.018698 0.001467 0.005482 0.000296 0.001889 0.000497 -0.003477 0.412794
43.821425 173.759292 81.77675 1029.149387 193.181662 2224.033518 249.317812 2531.869605 267.082269 2558.914158 225.954374 2502.056187 -43.986194 171.359402 -104.065958 1041.148793 -46.290784 1222.977425 -29.415658 1389.082489 -21.862322 1154.13695 -22.741802 1139.041016 441.771794 275.995751 0.004364 0.009067 0.004969 0.022861 -0.001097 0.062128 -0.00565 0.093136 -0.010864 0.048442 -0.00804 0.035764 -1.6e-05 0.012736 -6e-05 0.40634 0.020296 0.007704 0.121425 0.007698 0.060592 -0.001285 0.029207 -0.000447 -0.12277 0.065506
44.371195 179.302839 83.163192 1044.598693 195.52677 2241.531294 253.982476 2545.944712 269.392153 2572.914172 227.31236 2515.597456 -43.254577 175.441747 -102.230295 1051.228417 -44.993814 1237.032724 -27.685595 1405.069852 -20.919902 1169.598264 -21.968829 1154.841124 440.454088 273.059483 0.001714 0.043523 0.005827 0.057549 0.007074 0.034282 0.021617 0.019507 0.004973 0.019097 0.002034 0.018272 0.003068 0.024028 0.008167 0.024278 0.009214 0.040153 0.026215 0.045738 0.010381 0.051438 0.006682 0.054416 -0.000984 -0.007851
44.500962 181.020438 83.544553 1049.114122 196.171063 2246.544786 255.299423 2553.44008 270.367814 2579.246603 228.063894 2520.839009 -42.747441 177.983174 -101.35921 1053.417191 -43.167556 1243.627909 -26.293044 1413.672276 -19.625683 1178.65418 -20.567401 1163.230706 435.680189 270.758807 9.5e-05 0.004094 0.000436 0.004869 0.00053 0.0028 0.001703 0.005509 0.000882 0.003892 0.00062 0.002728 0.001495 0.009138 0.001864 0.001138 0.018917 0.008767 0.017966 0.013127 0.020661 0.017462 0.023092 0.015182 -0.013006 -0.004867
44.235196 179.899298 83.403291 1044.364066 196.252216 2239.128184 255.164966 2549.914344 270.63995 2572.388131 228.339059 2514.238009 -42.775114 178.950478 -101.325488 1054.755939 -42.204099 1253.20728 -25.579229 1432.253998 -18.78823 1192.176346 -19.712706 1175.260555 432.044386 262.142296 -0.000398 -0.001741 -6e-05 -0.005389 8e-06 -0.006131 -1.8e-05 -0.001218 6.8e-05 -0.004565 8.3e-05 -0.004327 -4e-06 0.001311 3e-06 0.000425 0.005437 0.018376 0.004912 0.060663 0.00913 0.038563 0.009069 0.030943 -0.007617 -0.069665
]