08-06-20_Linda_4KDepth.orange_monkey_below_grey_flowers.0000000001 [ 27.27643 198.411761 43.13036 870.07779 100.287668 1843.821307 134.27901 2174.123539 133.270567 2197.571855 107.936402 2103.177728 -36.766033 128.533856 -60.029639 684.640735 -35.520422 1438.601238 -34.681672 1755.229659 -20.449416 1651.554089 -17.47506 1558.882723 258.128896 38.924488 0.0 0.0 0.0 0.0 0.0 0.0 0.0 0.0 0.0 0.0 0.0 0.0 0.0 0.0 0.0 0.0 0.0 0.0 0.0 0.0 0.0 0.0 0.0 0.0 0.0 0.0
25.031255 205.542142 43.267632 881.010066 103.576149 1885.333571 140.056854 2227.859158 137.839894 2255.339798 110.511925 2156.381797 -34.270208 135.67797 -57.09724 694.441425 -36.606534 1486.865561 -38.801794 1809.819618 -22.4763 1755.097812 -18.326827 1659.446118 271.637906 31.321153 -0.048206 0.062936 0.000109 0.034126 0.026525 0.231061 0.060851 0.327991 0.038509 0.37473 0.015183 0.332286 0.043858 0.096604 0.036714 0.034826 -0.008178 0.398159 -0.115596 0.41798 -0.04788 1.573947 -0.010134 1.57154 0.172267 -0.412702
24.483433 209.352671 41.928887 895.380991 103.931441 1901.024098 142.315675 2246.263977 140.160001 2264.96321 113.095882 2164.857801 -36.997121 138.632282 -57.876803 707.378963 -37.632433 1472.747152 -38.870846 1803.726146 -23.694298 1730.329233 -19.682945 1627.258647 279.11041 35.932872 -0.003031 0.017499 -0.010519 0.058131 0.000304 0.032511 0.009035 0.037855 0.009682 0.010244 0.01493 0.008313 -0.052189 0.015909 -0.002643 0.059702 -0.007089 -0.033675 -3.1e-05 -0.005138 -0.016068 -0.088008 -0.0242 -0.157614 0.050695 0.158303
23.643609 217.363614 39.604309 910.607631 103.022812 1911.46663 143.199041 2246.256915 141.270635 2267.944125 114.269169 2174.65607 -38.110452 142.074869 -61.956753 713.58669 -38.638712 1497.799989 -39.885647 1830.673604 -23.222127 1754.682823 -19.492957 1651.992553 279.045887 32.878786 -0.007328 0.075203 -0.033145 0.064191 -0.001995 0.014301 0.001367 -0.0 0.002192 0.00098 0.003027 0.011062 -0.008252 0.021111 -0.069475 0.01356 -0.006638 0.105646 -0.006538 0.099903 0.002376 0.085094 0.000461 0.09328 -4e-06 -0.067809
23.804561 219.314881 40.286838 903.840971 103.584035 1888.38794 143.068686 2217.257869 142.080269 2236.964288 114.482843 2146.952367 -38.725347 140.891517 -59.8126 708.04589 -37.628228 1492.969101 -39.084221 1825.655827 -22.828921 1752.236088 -18.934901 1652.935811 278.813345 29.559204 0.000273 0.00436 0.002916 -0.012618 0.000762 -0.070086 -3e-05 -0.094203 0.001157 -0.106524 0.0001 -0.088798 -0.00246 -0.002474 0.018879 -0.010798 0.006694 -0.003902 0.004067 -0.003443 0.001679 -0.000854 0.004052 0.000135 -4.8e-05 -0.088307
22.962739 217.395954 39.238681 896.446262 100.944737 1889.74413 139.693952 2222.985163 138.059295 2245.152498 111.267881 2150.28079 -37.409537 139.214964 -57.841349 704.724053 -36.752915 1502.4282 -38.593524 1844.311722 -22.364425 1776.749856 -18.43743 1671.314802 271.556375 27.368901 -0.007577 -0.004216 -0.006908 -0.015187 -0.01703 0.000243 -0.020139 0.003694 -0.028859 0.007479 -0.022894 0.001289 0.011371 -0.005017 0.016515 -0.003905 0.00515 0.014935 0.00155 0.047418 0.002387 0.085142 0.003311 0.050807 -0.047846 -0.042151
22.699639 218.35062 40.779853 909.687137 104.558751 1919.65097 143.560608 2268.188531 141.098111 2281.704928 114.127764 2179.268962 -36.553829 140.877651 -59.397616 712.92082 -35.59684 1496.214956 -36.265672 1842.428996 -20.694618 1768.366006 -17.237272 1659.553683 269.86625 32.664094 -0.000758 0.001046 0.014843 0.048535 0.031781 0.117398 0.026393 0.22749 0.01654 0.147575 0.018144 0.097045 0.00495 0.004935 -0.01033 0.023697 0.009237 -0.006437 0.036203 -0.000481 0.032389 -0.009914 0.020193 -0.020764 -0.002638 0.233986
22.721454 217.490351 40.557489 906.137739 104.665803 1918.828172 143.677469 2265.403768 140.763985 2279.511729 113.70789 2176.465937 -36.61299 140.574527 -58.787354 711.639778 -35.593106 1486.164187 -36.44803 1839.94482 -20.88889 1760.039491 -17.320571 1649.508855 270.103847 33.540405 5e-06 -0.000849 -0.000304 -0.003469 2.7e-05 -8.8e-05 2.4e-05 -0.000855 -0.000198 -0.000527 -0.000387 -0.000902 -2.4e-05 -0.000163 0.001576 -0.000576 0.0 -0.016936 -0.000229 -0.000838 -0.000454 -0.009825 -0.0001 -0.015246 5.2e-05 0.0058
22.967423 217.520502 39.2233 908.375622 98.465321 1917.2293 136.559467 2262.200557 131.407575 2275.695716 105.18428 2176.732615 -36.144092 140.782867 -58.626096 702.662398 -35.993745 1476.269582 -37.626034 1812.579257 -21.736867 1738.712752 -18.116158 1636.743878 260.034832 36.076576 0.000662 1e-06 -0.011157 0.00138 -0.094655 -0.000333 -0.090413 -0.001133 -0.16087 -0.001598 -0.166017 8e-06 0.001511 7.7e-05 0.000111 -0.028493 -0.001121 -0.016524 -0.009368 -0.102516 -0.008435 -0.064999 -0.008932 -0.024792 -0.09563 0.046212
24.037369 214.782913 40.007969 902.241109 100.968932 1881.699877 139.121796 2216.630908 136.606557 2218.161141 109.893345 2123.650608 -36.68133 144.768647 -56.149802 732.125492 -33.160941 1508.1492 -34.601756 1845.661213 -19.926928 1773.722417 -16.3144 1667.962312 260.881919 24.818073 0.012179 -0.008668 0.003886 -0.010392 0.015715 -0.166148 0.011908 -0.231829 0.05043 -0.368321 0.051558 -0.327623 -0.001982 0.027818 0.026716 0.302541 0.058045 0.170274 0.063343 0.149585 0.039332 0.174481 0.047176 0.147458 0.000689 -1.049813
24.015457 217.133351 40.022297 902.543706 101.080843 1879.204601 139.427081 2213.274778 137.167099 2221.174312 110.626245 2128.289679 -37.744074 144.274013 -57.52799 723.758286 -34.753282 1498.310063 -35.90983 1832.97186 -20.842931 1761.151176 -17.209913 1657.520001 264.948598 26.659298 -5e-06 0.006395 1e-06 2.5e-05 3.1e-05 -0.000828 0.000167 -0.001271 0.000574 0.001023 0.001218 0.002531 -0.007588 -0.000423 -0.008355 -0.024044 -0.01867 -0.0161 -0.012134 -0.021886 -0.010292 -0.022354 -0.011963 -0.016395 0.015726 0.032939
22.510902 224.015118 38.838114 908.719134 100.571875 1876.228153 138.4038 2211.22992 136.764185 2217.632292 110.498893 2122.126426 -37.596243 147.294007 -57.178474 728.91187 -34.827428 1503.096196 -35.681563 1846.89362 -20.833843 1772.104657 -17.254748 1664.68055 264.356137 24.953721 -0.024333 0.05368 -0.008891 0.010527 -0.000642 -0.00118 -0.001884 -0.000473 -0.000296 -0.001413 -3.7e-05 -0.004468 0.000145 0.015641 0.000532 0.009142 -4e-05 0.003816 0.000364 0.026335 1e-06 0.016979 -2.9e-05 0.007717 -0.000332 -0.028189
22.874738 225.631763 37.949014 911.903117 99.221463 1884.719733 138.467057 2219.706224 136.236746 2230.556853 109.763917 2138.48837 -38.13625 148.935151 -56.538062 733.079112 -35.096723 1513.059282 -36.444575 1858.86844 -21.363109 1784.60986 -17.624229 1677.793537 265.496849 24.841537 0.001458 0.002906 -0.005148 0.002784 -0.004564 0.009586 7e-06 0.008108 -0.00051 0.018777 -0.001226 0.031417 -0.001925 0.004546 0.001803 0.005939 -0.000519 0.016455 -0.004036 0.019348 -0.003319 0.021984 -0.001957 0.025722 0.001228 -0.000126
22.875707 229.60997 37.949822 918.037284 99.147855 1887.23498 138.82134 2219.251038 136.291295 2227.960158 109.951462 2137.683869 -38.130324 151.372479 -56.592708 735.678858 -35.403787 1515.704229 -36.840522 1862.633862 -21.574769 1788.742991 -17.806714 1681.768386 266.317955 24.085904 0.0 0.017382 0.0 0.010281 -1.4e-05 0.000839 0.000226 -2.3e-05 5e-06 -0.000756 8e-05 -7.6e-05 0.0 0.009891 -1.3e-05 0.002301 -0.000669 0.001155 -0.00107 0.001905 -0.000522 0.00239 -0.00047 0.002351 0.000634 -0.005835
23.340156 229.786485 36.938158 929.540273 97.411462 1916.80496 138.093054 2255.64014 134.638687 2269.860834 108.25307 2179.054715 -38.944684 153.664777 -57.633827 745.850363 -36.291377 1526.975037 -37.588203 1871.88498 -22.327571 1792.652002 -18.577949 1688.090024 266.623082 28.125364 0.002334 3.4e-05 -0.006834 0.035809 -0.00767 0.11493 -0.000958 0.147958 -0.00504 0.195173 -0.00661 0.19825 -0.004302 0.008613 -0.004745 0.034917 -0.005494 0.020875 -0.003756 0.011458 -0.006455 0.002133 -0.008175 0.005929 8.7e-05 0.156496
23.862177 223.321326 38.771132 926.900053 100.954918 1933.656605 142.952073 2273.462209 139.584638 2291.322168 112.405382 2201.252748 -37.985227 151.780783 -56.830472 749.049356 -36.516541 1526.910054 -38.224715 1871.404063 -22.867782 1793.423058 -18.951089 1689.491353 275.447838 30.458601 0.002887 -0.046126 0.022192 -0.001877 0.031651 0.036876 0.042007 0.035065 0.044607 0.05049 0.039072 0.056247 0.005983 -0.00581 0.002819 0.003423 -0.000348 -1e-06 -0.002672 -3.1e-05 -0.003229 8.3e-05 -0.001855 0.000291 0.071837 0.046482
24.533006 217.961058 38.935794 909.371662 98.818617 1918.97491 138.711807 2254.721626 136.730589 2281.403425 110.114022 2192.640134 -37.131421 148.115111 -56.802706 733.63082 -36.010983 1518.426272 -37.38876 1861.23395 -21.596535 1783.386836 -17.890619 1682.058054 267.008438 30.623762 0.00465 -0.032557 0.000174 -0.083662 -0.011423 -0.027975 -0.031919 -0.038781 -0.01474 -0.010757 -0.011798 -0.008441 0.004853 -0.022404 3e-06 -0.080172 0.001762 -0.011817 0.004621 -0.013855 0.018176 -0.01408 0.015266 -0.008194 -0.065653 0.000223
24.19338 216.121325 38.391058 903.389456 97.388403 1895.733496 136.277239 2226.806245 135.301793 2253.796509 109.044713 2165.29101 -37.70611 144.691921 -59.318355 724.653331 -37.724669 1513.222278 -39.047861 1851.894051 -22.593214 1775.08275 -18.730299 1674.301873 268.47353 28.541621 -0.001184 -0.003899 -0.001919 -0.009871 -0.005213 -0.070801 -0.010777 -0.086943 -0.003752 -0.084026 -0.002609 -0.085818 -0.002207 -0.020011 -0.027253 -0.027634 -0.019917 -0.004466 -0.018008 -0.011747 -0.011241 -0.009689 -0.009628 -0.008962 0.002004 -0.036649
24.005118 210.208289 37.03966 886.211662 96.445206 1867.707833 133.92892 2200.111923 134.719895 2219.334434 108.729251 2130.011655 -36.767045 140.127684 -58.168014 718.116721 -36.825292 1494.633988 -37.970608 1834.747113 -22.124518 1760.741225 -18.113926 1654.877691 266.03439 26.508343 -0.000368 -0.041008 -0.012107 -0.082444 -0.002295 -0.104352 -0.010205 -0.080484 -0.000627 -0.132754 -0.000228 -0.144885 0.005921 -0.036573 0.005632 -0.014807 0.005425 -0.057438 0.007534 -0.039876 0.002456 -0.029085 0.005156 -0.056666 -0.005565 -0.037562
23.190829 211.602617 38.035057 888.032054 102.942243 1815.815927 142.34739 2134.98649 144.279669 2125.09208 117.61505 2044.123382 -37.231551 143.038815 -58.308158 731.218267 -36.406839 1492.64692 -37.259888 1833.701511 -21.648364 1755.92344 -17.803294 1649.445915 277.703145 17.597864 -0.007025 0.002305 0.006599 0.000934 0.105881 -0.365534 0.12829 -0.489212 0.163828 -1.022306 0.174486 -0.883725 -0.001458 0.014965 -8.4e-05 0.059218 0.001196 -0.000661 0.003357 -0.000149 0.00259 -0.0033 0.001343 -0.004464 0.125222 -0.909438
23.421489 200.442594 35.039189 805.317698 86.14809 1493.210932 114.800918 1756.407769 116.427366 1713.325421 95.790721 1649.664515 -37.305272 143.957099 -58.620482 719.519007 -36.383502 1478.549613 -36.866285 1820.22405 -20.847394 1734.390371 -17.219311 1626.071566 235.808148 -0.064352 0.000571 -0.151159 -0.061438 -2.021363 -0.747267 -15.763315 -1.479686 -18.459012 -1.492052 -22.150067 -1.118885 -21.122485 -3.6e-05 0.001469 -0.000417 -0.047174 4e-06 -0.033444 0.001045 -0.024856 0.007549 -0.066423 0.004869 -0.083402 -1.711862 -19.79056
25.354357 197.185603 35.264439 765.839305 74.235463 1345.877045 96.305122 1589.05919 94.711283 1522.041246 77.473677 1464.815968 -38.270572 144.985311 -59.629181 715.947197 -35.66985 1471.242878 -35.983697 1815.219862 -19.960414 1728.814658 -16.459169 1621.836419 201.630915 -6.582663 0.038312 -0.013339 0.000361 -0.496064 -0.443022 -3.825508 -0.811804 -4.188218 -1.119743 -5.659585 -0.970935 -5.490343 -0.006165 0.001829 -0.004302 -0.004444 0.003534 -0.00905 0.005347 -0.003444 0.009641 -0.004488 0.00858 -0.002761 -1.337182 -5.34531
27.938164 199.356575 45.872169 774.274625 76.266614 1292.121317 96.162101 1499.555966 92.890805 1386.914718 77.599011 1346.44367 -38.450763 148.991385 -59.889469 738.513847 -35.219749 1463.632926 -34.270382 1805.202523 -19.253067 1723.081406 -15.878797 1615.230298 196.723607 -18.2219 0.062673 0.005943 0.696411 0.023101 0.013707 -0.54776 -5.3e-05 -1.297104 -0.008833 -3.140137 5.1e-05 -2.493227 -0.000212 0.027297 -0.000283 0.175077 0.001429 -0.009866 0.020895 -0.013859 0.00638 -0.004761 0.005208 -0.006741 -0.030228 -2.900351
23.989818 199.985478 42.339541 832.518781 53.756522 826.0673 51.342732 869.887743 47.639295 701.717884 42.530418 709.167338 -41.090809 148.839585 -65.53181 755.903889 -37.094928 1452.858468 -35.683842 1809.118565 -19.892353 1723.265738 -16.87816 1605.046574 129.099746 -225.668831 -0.150324 0.000495 -0.070764 1.055984 -1.963339 -51.907738 -6.974054 -85.197352 -7.484958 -115.591436 -5.232634 -101.278515 -0.043825 -3.9e-05 -0.126981 0.101184 -0.024317 -0.019902 -0.014281 0.002121 -0.00522 5e-06 -0.015248 -0.016102 -7.094831 -115.639182
23.773455 210.295062 48.097786 870.249747 34.117407 662.142198 24.348307 665.418351 23.324551 510.404217 22.389237 533.027497 -42.284989 156.029392 -71.376841 767.832356 -40.418109 1449.576273 -37.904525 1823.360128 -22.143026 1732.470846 -18.995018 1607.121172 90.9198 -362.172614 -0.00049 0.129551 0.183503 0.418084 -2.222703 -9.055662 -4.977289 -13.676353 -4.295558 -15.193085 -3.203414 -12.551486 -0.008552 0.084791 -0.124828 0.046691 -0.071269 -0.001856 -0.033515 0.027918 -0.060296 0.01226 -0.062512 0.00067 -3.338 -16.068516
22.757267 204.879044 58.083763 828.167376 37.794808 665.605637 28.363005 696.023408 25.038293 541.146438 23.581743 560.443568 -42.765213 155.506425 -70.559034 759.334568 -39.828939 1452.261243 -38.114021 1829.263068 -21.916422 1742.10273 -18.638784 1617.651145 93.805532 -341.36072 -0.011098 -0.035328 0.470615 -0.521426 0.094088 0.004517 0.15311 0.344043 0.030373 0.449472 0.01547 0.343749 -0.001356 -0.000439 0.002356 -0.023643 0.002163 0.001242 -0.000289 0.00477 0.000583 0.01335 0.001686 0.017192 0.022541 0.307896
23.57526 210.088531 66.579294 832.990932 32.734784 575.331047 19.822711 571.861027 18.863073 430.345761 18.662671 457.757665 -42.798702 166.598839 -68.835994 772.066686 -39.545328 1479.132046 -37.820316 1869.293914 -22.185848 1784.839507 -18.580878 1653.023294 81.963137 -462.361128 0.007221 0.032701 0.289813 0.007003 -0.181746 -3.287965 -0.762867 -6.094182 -0.436477 -6.339204 -0.287373 -5.191186 -7e-06 0.191053 0.01065 0.052929 0.000507 0.123159 0.000568 0.216641 -0.000823 0.258935 4.5e-05 0.191279 -0.399394 -9.160516
21.985902 209.107643 67.182074 824.118235 31.017402 525.222194 17.998331 519.658252 18.173488 379.756043 17.844814 404.177286 -46.191563 160.472376 -72.220278 753.660792 -42.853233 1461.416153 -40.65761 1849.867226 -24.64313 1756.409268 -20.89739 1625.82305 85.14163 -502.75534 -0.02773 -0.001148 0.001358 -0.023754 -0.023136 -1.141335 -0.044027 -1.249034 -0.00642 -1.581171 -0.009162 -1.666968 -0.064702 -0.057383 -0.040604 -0.111025 -0.066425 -0.053367 -0.051307 -0.050737 -0.064516 -0.114125 -0.068023 -0.112824 0.030232 -0.845705
22.096659 211.203099 68.521935 833.732195 28.908418 501.514528 16.557735 483.433023 14.756309 354.401515 14.731729 387.605307 -48.635051 162.117235 -78.960105 754.032773 -46.13434 1430.239649 -44.071543 1823.684397 -26.35898 1735.731318 -22.753457 1603.878366 80.559491 -521.508201 0.000139 0.005223 0.006615 0.027876 -0.037123 -0.273745 -0.030041 -0.654325 -0.177783 -0.437947 -0.149088 -0.173444 -0.031487 0.004194 -0.15031 4.6e-05 -0.06051 -0.16807 -0.068806 -0.093309 -0.028871 -0.061221 -0.039479 -0.074554 -0.063367 -0.171684
21.89377 214.076107 70.77494 828.130841 28.014332 473.907358 15.53439 450.366889 14.683406 325.456812 14.442074 357.156081 -48.394092 163.100457 -77.983777 747.267237 -45.752632 1432.398369 -42.97451 1828.898794 -26.200214 1736.016159 -22.626431 1601.430879 80.111587 -558.145616 -0.000468 0.009705 0.018221 -0.00944 -0.007022 -0.390758 -0.01632 -0.585624 -9e-05 -0.616434 -0.001438 -0.622712 0.000299 0.001486 0.003037 -0.015244 0.000793 0.000814 0.006913 0.003722 0.00024 1.2e-05 0.000178 -0.000934 -0.000624 -0.621814
21.94467 214.413043 72.594076 824.617609 27.041907 447.286022 13.993001 420.58712 13.549879 298.836695 13.415411 329.075066 -48.829032 163.134105 -77.914576 749.675745 -45.81692 1435.810355 -43.183378 1839.184276 -26.490026 1744.091306 -22.796352 1605.826571 77.93115 -599.046453 3e-05 0.000132 0.011542 -0.003734 -0.008588 -0.384742 -0.040259 -0.509266 -0.022764 -0.567804 -0.018925 -0.574787 -0.000973 2e-06 1.5e-05 0.001938 -2.3e-05 0.002029 -0.000253 0.014421 -0.000797 0.009369 -0.000318 0.003012 -0.015042 -0.723044
22.18377 209.837632 73.188756 852.848668 23.944763 434.728456 12.137085 395.697994 10.359176 281.473123 10.264203 319.395911 -51.842871 160.034515 -83.84288 775.505921 -46.694681 1435.415137 -44.028621 1835.78152 -26.287696 1735.845798 -22.876619 1604.709414 69.651045 -619.329024 0.000648 -0.024673 0.001213 0.237575 -0.094154 -0.089398 -0.065993 -0.379532 -0.213859 -0.259828 -0.210613 -0.07224 -0.045123 -0.014865 -0.108671 0.218743 -0.004164 -2.7e-05 -0.004096 -0.001575 0.000388 -0.009769 -7.1e-05 -0.000194 -0.232461 -0.168836
21.783522 197.223018 71.001673 842.606008 24.317082 423.293052 12.781372 381.645301 11.113077 269.909335 10.890074 307.502182 -50.742046 147.226016 -79.906005 760.253313 -45.386804 1439.669409 -43.519942 1839.751026 -26.101183 1751.912996 -22.36403 1620.302206 71.276817 -646.529385 -0.001822 -0.195507 -0.016588 -0.03094 0.001436 -0.076207 0.008331 -0.127032 0.013239 -0.121273 0.009261 -0.112836 0.005907 -0.267084 0.047332 -0.075744 0.009289 0.003148 0.001478 0.002143 0.000332 0.037009 0.002904 0.037695 0.009378 -0.29227
22.875821 199.465995 62.016211 850.200907 22.894355 399.373634 11.944736 346.61415 12.267841 236.191994 11.745465 271.753642 -46.877085 152.797317 -75.733846 765.032753 -42.608157 1451.299218 -39.519844 1852.758815 -24.04944 1752.27526 -20.813063 1615.196761 70.670428 -701.807412 0.01336 0.006341 -0.303834 0.017038 -0.021442 -0.347808 -0.014158 -0.843032 0.028534 -1.124403 0.016168 -1.104156 0.076541 0.051733 0.055931 0.007488 0.043882 0.023392 0.0964 0.022912 0.041988 1.9e-05 0.027865 -0.004028 -0.001295 -1.133599
22.916491 197.119989 60.426942 861.562669 22.847493 391.560697 12.045889 337.694745 12.389309 227.738071 11.818668 263.367695 -46.361009 150.535143 -75.239598 757.109836 -42.532517 1436.386794 -39.734915 1839.613229 -24.122366 1741.833809 -20.793054 1604.79585 71.086778 -709.918163 1.8e-05 -0.006939 -0.010315 0.037707 -2.4e-05 -0.038589 0.000213 -0.058131 0.000299 -0.077032 0.000114 -0.065713 0.001428 -0.008435 0.000809 -0.02062 3.4e-05 -0.038505 -0.000292 -0.023401 -5.5e-05 -0.015601 5e-06 -0.016798 0.000611 -0.023299
22.962111 198.958875 56.178122 872.97378 20.832047 385.130416 11.376104 327.020117 11.680962 219.29149 10.842643 256.357455 -46.074401 153.185994 -76.323623 760.738211 -41.927459 1424.38664 -39.063282 1824.301961 -23.209376 1722.021626 -20.043638 1586.974441 67.821043 -712.28962 2.3e-05 0.004269 -0.077434 0.037536 -0.046523 -0.026619 -0.009579 -0.085717 -0.010425 -0.079806 -0.021029 -0.04728 0.000444 0.011568 -0.003877 0.004337 0.002167 -0.025169 0.002862 -0.031993 0.008806 -0.05666 0.006877 -0.049754 -0.038394 -0.001977
20.505087 203.077147 52.994293 894.353251 18.178977 384.769172 9.724801 320.410605 9.706966 219.724116 8.653516 260.134322 -48.78685 152.14633 -80.044488 769.658328 -43.051325 1428.031651 -39.771444 1828.886049 -23.341826 1722.273183 -20.45691 1591.310078 63.153828 -711.672215 -0.069498 0.021093 -0.046435 0.129319 -0.09032 -8.5e-05 -0.064713 -0.033739 -0.09129 0.000213 -0.123293 0.013809 -0.038788 -0.00177 -0.044276 0.025996 -0.007432 0.002329 -0.003181 0.002876 -0.000188 9e-06 -0.002109 0.002957 -0.083183 0.000134
21.54925 201.470898 53.769895 909.569928 18.446286 383.336863 9.58918 313.676518 9.566159 213.432288 8.735628 253.975922 -45.728365 152.823326 -75.979239 774.72034 -41.34172 1423.747167 -38.161984 1823.929526 -22.527477 1715.348609 -19.611928 1582.962953 61.453569 -718.639123 0.012965 -0.003189 0.002817 0.06418 0.000975 -0.001335 -0.000476 -0.035759 -0.000514 -0.045698 0.000194 -0.036886 0.049499 0.000751 0.05297 0.008296 0.017318 -0.003218 0.016621 -0.003363 0.007229 -0.006974 0.008911 -0.010975 -0.0116 -0.016968
21.829281 202.382765 54.415185 917.515433 17.862746 381.390917 8.967218 311.510481 9.370174 211.25395 8.644261 251.551897 -45.171065 154.602572 -75.307187 785.640087 -40.704523 1427.939304 -37.344709 1828.294724 -21.912794 1723.466658 -19.126588 1590.750891 59.941419 -727.924621 0.000904 0.001029 0.001924 0.017277 -0.004689 -0.002476 -0.010426 -0.003752 -0.001014 -0.005587 -0.00024 -0.005812 0.001708 0.005149 0.001493 0.03821 0.002474 0.003081 0.004423 0.002609 0.004251 0.009582 0.00304 0.009555 -0.009418 -0.029802
21.89879 201.027146 55.19913 907.375998 17.644002 370.141853 8.174781 305.99381 9.077037 202.783871 8.567325 240.937856 -44.704855 156.321981 -77.260979 786.027731 -40.359016 1428.078502 -36.035238 1828.950794 -20.979321 1712.920828 -18.514085 1579.221582 57.655639 -736.971962 5.5e-05 -0.002278 0.002803 -0.028169 -0.000674 -0.084194 -0.018326 -0.024643 -0.002329 -0.086646 -0.000172 -0.114389 0.001209 0.004754 -0.012511 4.8e-05 0.000736 3e-06 0.011685 5.9e-05 0.010159 -0.016182 0.004984 -0.020966 -0.022217 -0.027939
21.492677 203.314708 56.232102 910.335516 18.088871 376.73118 8.321207 315.964262 9.142737 210.40753 8.681558 247.878155 -45.939935 158.448748 -79.176825 790.539437 -40.748381 1434.351255 -36.14617 1837.883917 -21.066611 1720.816535 -18.665864 1584.539891 57.965896 -727.774428 -0.001901 0.006471 0.004788 0.002409 0.002769 0.029068 0.00065 0.079922 0.000118 0.070337 0.000378 0.049272 -0.008415 0.007185 -0.011732 0.006456 -0.000935 0.006873 -8.5e-05 0.010881 -9.1e-05 0.009078 -0.00031 0.00447 0.000416 0.028877
21.71153 202.975402 56.150784 906.829904 18.431902 388.082943 8.864988 333.70364 9.455537 223.802668 8.877379 259.355064 -45.937753 158.501722 -79.044288 790.731504 -40.776618 1434.05194 -35.438658 1835.743724 -20.736125 1710.292139 -18.553756 1574.631628 58.196747 -696.729957 0.000554 -0.000142 -2.9e-05 -0.003381 0.001611 0.084249 0.008605 0.242235 0.002631 0.206665 0.001092 0.129858 0.0 4e-06 5.6e-05 1.2e-05 -5e-06 -1.6e-05 0.003496 -0.000623 0.001306 -0.016141 0.000169 -0.015538 0.000229 0.338319
21.586786 202.042713 58.555698 898.927329 22.50485 420.641151 12.177236 377.758976 12.863758 256.199345 12.218871 288.670936 -45.996713 158.984 -80.644361 784.783264 -41.819078 1423.493487 -36.069595 1819.452592 -21.249316 1705.476477 -19.266565 1570.591135 67.179436 -639.644118 -0.00018 -0.001074 0.025213 -0.017292 0.20312 0.655642 0.262325 1.365312 0.261758 1.094519 0.266315 0.784667 -1.9e-05 0.000366 -0.008017 -0.011229 -0.006579 -0.019506 -0.002784 -0.036305 -0.003137 -0.003395 -0.006718 -0.002595 0.3222 1.219823
21.537963 202.631882 61.487403 880.900026 24.743361 449.094393 13.747312 419.550321 13.765174 291.394918 13.338762 322.993157 -47.827943 158.683223 -91.262321 766.475644 -47.516941 1362.747023 -39.872549 1738.44608 -23.403838 1601.836159 -21.791424 1477.503998 73.066529 -526.824233 -2.8e-05 0.000429 0.035805 -0.091299 0.053058 0.465546 0.047588 1.09601 0.015261 1.132235 0.024548 0.963718 -0.017872 -0.000142 -0.328227 -0.108035 -0.18189 -0.662285 -0.09528 -0.922301 -0.052008 -1.624272 -0.077707 -1.421746 0.123615 5.468744
20.533599 199.399245 73.649734 835.779951 27.71386 453.777476 15.457149 434.515969 13.745058 310.431852 14.010843 339.714025 -47.83627 156.939491 -102.318241 746.463525 -54.51341 1281.679336 -46.082736 1630.356999 -27.169107 1484.838419 -25.972653 1377.063908 79.563405 -437.417347 -0.01199 -0.012997 0.548417 -0.593055 0.084173 0.012145 0.050096 0.13113 -7e-06 0.301163 0.008259 0.210977 -0.0 -0.004817 -0.315975 -0.132359 -0.240165 -1.2429 -0.224634 -1.734482 -0.140361 -2.218146 -0.183363 -1.767577 0.138336 4.153962
22.023536 206.032938 83.789785 778.09797 35.657356 495.970155 20.997453 527.973229 19.941192 388.165728 20.249049 408.36596 -46.201164 160.272047 -117.206483 711.375855 -59.212679 1216.112603 -47.050154 1554.597395 -28.077274 1394.92625 -27.809897 1295.557254 95.342637 -311.409181 0.02609 0.054274 0.326879 -1.031142 0.499824 0.937671 0.423462 4.548074 0.574751 4.338246 0.572728 3.156784 0.014217 0.017506 -0.505445 -0.422311 -0.097131 -0.860708 -0.005025 -0.901164 -0.007465 -1.403964 -0.03139 -1.243139 0.71322 10.678094
24.672314 199.692254 104.703492 733.666822 45.886784 543.9263 28.040712 631.110181 22.891503 484.473228 24.922407 487.942948 -43.883671 161.723141 -119.537263 714.433526 -63.382867 1150.576037 -51.267677 1480.956183 -30.902021 1313.984155 -30.750289 1218.952562 106.987273 -202.725394 0.075185 -0.049549 1.163802 -0.653062 0.644167 1.106368 0.508441 4.597758 0.101729 5.330699 0.242399 3.53953 0.029814 0.00327 -0.011474 0.003279 -0.070947 -0.907569 -0.090501 -0.893383 -0.067683 -1.209543 -0.073867 -1.167154 0.335368 11.618709
23.505506 197.954368 104.968357 642.59175 50.529722 756.249377 35.755159 955.691223 25.167064 793.87526 27.022012 764.897078 -43.805131 174.108866 -120.453967 715.935395 -70.251804 1163.830485 -57.8016 1463.510019 -38.805952 1287.392963 -38.852453 1201.272396 126.475236 -59.358805 -0.014131 -0.003798 0.000167 -3.016791 0.111855 17.453688 0.468148 33.551314 0.053904 38.007713 0.042451 30.995297 3.5e-05 0.228475 -0.001751 0.000788 -0.176651 0.037954 -0.195887 -0.051685 -0.449548 -0.135911 -0.473178 -0.064579 0.814787 42.689239
27.549369 190.467752 103.653445 552.83698 72.646495 854.184284 62.214921 1080.348189 48.972457 962.566986 47.65674 923.349076 -43.210801 171.257906 -120.004971 647.477111 -76.809868 1129.835326 -67.723151 1405.252172 -47.257217 1242.65531 -45.842624 1166.057727 192.444059 -17.859522 0.160401 -0.072157 -0.004144 -3.37423 2.001844 2.980604 3.640776 3.819658 3.925763 8.119488 2.907421 7.452282 0.00203 -0.011767 0.000419 -1.719764 -0.146298 -0.25194 -0.392717 -0.591601 -0.415955 -0.395568 -0.288954 -0.261928 6.897451 12.099363
31.699634 183.884917 105.82124 556.470593 88.570309 1005.77958 96.716885 1266.515659 60.540327 1196.109793 56.910302 1138.92193 -43.219186 163.271167 -126.550323 584.210191 -94.028325 1119.116342 -90.727462 1392.986162 -65.693309 1262.950706 -61.296485 1186.221501 252.362054 -0.908585 0.145537 -0.057883 0.011217 0.005951 0.788346 6.188138 3.79015 7.395619 0.612673 12.670443 0.410247 11.298055 -0.0 -0.095354 -0.086896 -1.625959 -0.869923 -0.025545 -1.678809 -0.026884 -1.514752 0.082198 -1.120399 0.086424 4.054128 10.711582
32.308401 198.061642 107.547 496.478421 116.34583 986.067498 128.92034 1259.393738 93.124646 1197.968263 84.658988 1133.188651 -42.576609 174.398885 -138.473791 534.053472 -123.77328 1145.700794 -126.948254 1460.32286 -93.256296 1352.417642 -86.908177 1267.063841 372.761839 -4.680963 0.002895 0.26319 0.006979 -1.710428 1.891154 -0.097542 2.309898 -0.01004 3.49445 0.000721 2.746114 -0.007233 0.002406 0.183404 -0.268355 -1.125389 -2.04068 0.15603 -3.034686 0.794667 -2.408049 1.530698 -2.229791 1.332348 11.704156 -1.464961
35.076527 187.425995 119.054208 470.658022 130.909672 1021.358456 148.767676 1331.845879 107.415997 1284.439286 95.935801 1211.624107 -41.294786 168.221068 -140.490089 514.941781 -122.925476 1121.510779 -126.269866 1441.685633 -92.195453 1343.464265 -86.884674 1263.198974 398.641764 -0.66296 0.05688 -0.146747 0.292367 -0.344735 0.429292 0.310235 0.710187 1.013094 0.509878 1.506503 0.352421 1.312225 0.009796 -0.055701 -0.007287 -0.174113 0.001457 -0.129051 0.000909 -0.059846 0.003034 -0.014868 2e-06 -0.002952 0.434247 1.820691
38.438345 184.495987 135.704215 507.417138 142.12688 1049.87028 158.848149 1339.616914 118.603028 1283.305868 107.175208 1226.936682 -40.511419 160.80757 -147.959408 534.240407 -168.718521 1232.417866 -190.898052 1580.923682 -144.133438 1357.961774 -129.277787 1293.750385 524.229579 -1.055292 0.076908 -0.011542 0.544672 0.691005 0.230517 0.196251 0.165211 0.011303 0.277026 -0.00025 0.311212 0.048077 0.003751 -0.083529 -0.096724 0.177504 -3.617578 2.614186 -6.654334 3.208739 -5.777833 0.038902 -4.197762 0.182526 8.585164 -0.045391
40.917681 183.58057 145.044742 528.855193 143.264954 1070.737039 157.385139 1339.188051 117.843215 1301.812838 107.220135 1243.980643 -40.34088 166.796002 -155.589238 565.37885 -168.076998 1310.709858 -183.723138 1676.430748 -136.281692 1486.855678 -125.895203 1397.299228 507.580014 -6.146056 0.038741 -0.001138 0.155423 0.221775 0.002269 0.102667 -0.003384 -3.4e-05 -0.001221 0.066247 5e-06 0.058784 0.00018 0.054737 -0.095905 0.44097 0.000611 1.205423 0.068715 1.400456 0.109948 2.921483 0.022421 1.992965 -0.13434 -2.107868
41.401949 189.095497 146.709727 543.92769 141.495868 1062.242062 148.393797 1320.692296 111.823995 1246.855254 104.180971 1194.39016 -39.581469 161.588549 -161.475448 491.704945 -163.998097 1262.372707 -176.041482 1627.850666 -132.507878 1466.372646 -121.151534 1383.801042 487.786676 -8.894756 0.001424 0.040808 0.004751 0.105889 -0.005495 -0.016916 -0.132222 -0.064307 -0.078891 -0.592601 -0.021847 -0.504327 0.003608 -0.041292 -0.054643 -2.570492 0.025052 -0.454064 0.082018 -0.357135 0.026494 -0.071034 0.045547 -0.032757 -0.196819 -0.253295
39.689203 187.179804 142.036365 527.624319 139.025075 994.068658 147.165633 1235.987898 110.318769 1151.776287 103.551643 1106.425044 -39.202473 161.440911 -152.3591 488.285464 -136.735119 1054.835114 -140.707488 1321.615871 -106.204928 1207.143081 -99.523541 1154.671592 433.00831 -0.649854 -0.01809 -0.004877 -0.037822 -0.124033 -0.010881 -1.130396 -0.002552 -1.40354 -0.0051 -1.885151 -0.000953 -1.682163 0.000912 -3.4e-05 0.132435 -0.005966 1.238312 -9.312625 1.976959 -15.940825 1.453542 -12.597394 1.062419 -10.362073 -1.630835 4.736164
39.141069 182.653897 132.602168 513.535396 136.42869 967.946552 145.004259 1209.432719 113.172086 1134.213985 103.87834 1083.275142 -37.614555 156.64058 -145.78888 478.664145 -103.461046 890.744086 -92.050085 1095.46914 -72.392957 959.835735 -72.383728 916.713986 366.593903 7.273149 -0.001906 -0.027694 -0.162086 -0.09533 -0.012237 -0.173901 -0.007995 -0.144188 0.018215 -0.067463 0.000257 -0.122376 0.016414 -0.036224 0.072402 -0.047868 2.315872 -6.932105 5.142668 -10.602597 3.229829 -14.158279 2.155864 -13.713498 -2.762941 12.271098
38.339077 177.066869 126.87654 493.384669 138.487258 958.600371 150.49858 1193.86617 123.381288 1133.007074 111.507179 1078.075626 -35.858557 152.883532 -140.063484 439.426555 -99.511589 772.755645 -90.381981 957.991105 -69.292701 831.482754 -68.866362 794.434938 377.600166 23.277998 -0.004151 -0.04339 -0.063178 -0.201651 0.007707 -0.022671 0.051083 -0.050414 0.220408 -0.000321 0.135147 -0.006254 0.020987 -0.022803 0.057343 -0.838856 0.038428 -4.189608 0.007626 -4.607208 0.033923 -4.604343 0.043801 -4.374635 0.081393 4.527746
35.867945 166.951074 112.077015 451.377114 139.975463 907.333267 158.218495 1142.089275 127.670279 1104.517588 114.152981 1056.340777 -34.87824 149.394282 -120.260084 416.040953 -109.347979 763.115459 -114.041754 943.919733 -86.461002 837.401888 -80.738434 804.03878 424.259814 18.458935 -0.041156 -0.148759 -0.458743 -0.934367 0.003977 -0.704423 0.096539 -0.573893 0.036639 -0.18138 0.015511 -0.110666 0.006793 -0.020139 0.754338 -0.319702 -0.231754 -0.030255 -1.373794 -0.052055 -0.949099 0.010497 -0.471805 0.028851 1.358697 -0.279145
36.402955 169.409905 110.282211 473.733501 142.921145 960.082829 164.100778 1202.713145 134.655839 1181.185606 118.358045 1130.82166 -33.442544 153.389007 -99.431217 421.963672 -104.555094 807.762369 -118.424067 1004.886232 -88.034629 925.432389 -78.588468 885.528476 440.446083 15.582446 0.00198 0.008987 -0.007244 0.270174 0.015336 0.745166 0.05368 0.783833 0.093027 1.286177 0.038028 1.268541 0.015087 0.026353 0.989618 0.02093 0.053703 0.634597 -0.04131 0.953872 -0.007096 2.199358 0.014507 1.966313 0.151507 -0.121749
36.370308 164.454566 107.896403 482.616774 146.377816 1017.27675 174.612581 1297.67971 140.342967 1320.669768 121.639084 1265.725204 -33.931088 153.102865 -105.788009 422.486646 -113.122379 889.125292 -128.859506 1126.376344 -93.442595 1061.401067 -83.544553 1011.498102 462.818407 14.151663 -7e-06 -0.036776 -0.013045 0.041258 0.020652 0.827323 0.163154 1.804097 0.058813 3.891307 0.022429 3.799927 -0.001771 -0.000134 -0.098476 0.000162 -0.16866 1.95173 -0.220287 3.465518 -0.080596 4.657959 -0.075767 4.187047 0.277105 -0.034444
36.660179 165.660727 108.643126 483.81879 145.812415 1037.520281 171.68289 1301.706172 138.196597 1303.334598 120.181986 1256.060416 -34.157631 152.568338 -103.765255 418.435303 -114.357623 899.690571 -130.589819 1127.593329 -93.691091 1064.331035 -84.802956 1012.34261 459.4644 12.093973 0.000575 0.002204 0.001288 0.000748 -0.000547 0.09972 -0.012393 0.003119 -0.00827 -0.057262 -0.00439 -0.01852 -0.000377 -0.000467 0.009763 -0.009759 -0.003354 0.031201 -0.00577 0.000329 -0.000165 0.002019 -0.004703 0.000176 -0.006099 -0.080787
37.21246 169.721221 116.44589 493.993611 143.569321 1043.22059 169.01936 1316.14262 132.534638 1305.226744 115.336078 1252.391248 -34.528272 154.529061 -103.05621 411.851827 -106.287931 847.957113 -115.782225 1066.167869 -82.658343 1036.233196 -76.328153 995.041416 424.526146 15.502692 0.002064 0.024581 0.135283 0.052939 -0.008694 0.007808 -0.010412 0.039806 -0.059212 0.000686 -0.049859 -0.002683 -0.001 0.006259 0.001215 -0.026101 0.147616 -0.765869 0.44539 -0.860127 0.345453 -0.187931 0.223023 -0.074559 -0.690708 0.21133
37.59712 172.493885 122.106403 489.90037 139.438342 1038.850045 168.416403 1298.226434 126.935494 1262.491303 113.857938 1250.319029 -34.048126 157.321959 -107.714578 411.222821 -94.049307 813.55173 -102.209986 1016.286531 -70.797407 938.76121 -65.371763 900.084295 387.329354 23.935023 0.000989 0.011232 0.067168 -0.008514 -0.030151 -0.004587 -0.000539 -0.06139 -0.060419 -0.355655 -0.004767 -0.000858 0.001681 0.012507 -0.051485 -0.00024 0.374179 -0.35626 0.422915 -0.597493 0.459066 -2.406736 0.424215 -2.380455 -0.852571 0.91202
38.356351 176.750073 121.633825 499.407467 130.218387 1015.395365 140.302439 1198.065639 110.96416 1090.07293 102.274474 1067.129715 -33.450369 159.97141 -109.269647 429.662998 -80.858876 801.986422 -79.133499 1010.559016 -55.12936 926.919652 -52.688745 885.674458 322.520924 6.609513 0.003795 0.025936 -0.000458 0.045682 -0.157668 -0.133903 -1.282786 -2.010227 -0.536721 -6.32674 -0.310627 -7.251706 0.002647 0.011062 -0.005572 0.202216 0.498077 -0.041397 1.474268 -0.008092 0.978526 -0.03758 0.683233 -0.05814 -2.964655 -5.389111
37.74748 172.896415 113.210896 499.103416 118.971887 966.222348 138.095856 1127.685801 108.145686 993.877546 94.916275 964.521524 -34.567405 158.128465 -102.34043 457.055905 -83.782529 785.47403 -84.180891 987.885557 -61.988473 834.587259 -57.714672 804.48774 333.88746 6.951657 -0.002436 -0.021237 -0.151097 -4.6e-05 -0.253919 -0.610198 -0.008745 -1.06513 -0.018128 -2.221379 -0.137334 -2.592759 -0.009173 -0.005339 0.11348 0.423218 -0.025961 -0.085881 -0.078016 -0.128626 -0.201028 -2.421544 -0.114458 -1.951023 0.09842 0.004317
33.86158 166.247285 103.572994 497.63414 111.085498 867.338446 126.420008 1027.547447 98.429836 918.953861 87.15846 884.001266 -35.678679 161.365263 -103.106438 535.174055 -86.777979 760.155202 -84.424864 890.896724 -65.351331 726.783451 -61.556174 706.616966 324.187164 11.258241 -0.105513 -0.065187 -0.21435 -0.001083 -0.135213 -2.668345 -0.257814 -2.327615 -0.228609 -1.467906 -0.165347 -1.754534 -0.008791 0.016396 -0.001428 3.079897 -0.026306 -0.207387 -0.000177 -2.505109 -0.044412 -3.726067 -0.06188 -3.172763 -0.071497 0.516574
34.45644 160.98842 106.403673 523.239812 108.168869 823.912574 126.734649 990.099671 96.539237 878.372965 83.899487 847.229329 -33.55449 158.285079 -93.650594 565.554888 -75.267054 737.672605 -72.952192 859.711253 -54.558044 706.966216 -51.166197 686.491506 296.245369 9.293482 0.00259 -0.042259 0.019081 0.321173 -0.0194 -0.55761 0.000196 -0.347548 -0.009167 -0.458186 -0.031048 -0.390568 0.032595 -0.014841 0.227348 0.419345 0.409358 -0.168743 0.418732 -0.277792 0.486751 -0.136963 0.47986 -0.145378 -0.629513 -0.094132
34.593518 161.163166 107.315574 535.311677 93.195753 811.738062 92.425266 993.461184 70.637913 878.013338 65.952412 844.988943 -32.974381 157.948855 -95.705393 553.261141 -68.799899 720.411749 -63.215042 855.366835 -43.874432 708.815957 -42.363086 684.950661 225.853231 9.046212 0.000136 4.7e-05 0.001945 0.068837 -0.557459 -0.045309 -2.702218 0.002848 -2.018678 -3.7e-05 -1.078601 -0.001483 0.002529 -0.000179 -0.011149 -0.067545 0.145228 -0.102171 0.348592 -0.005502 0.581504 0.001208 0.415202 -0.000866 -4.767086 -0.001667
32.997214 165.978487 113.663784 511.823976 82.522922 782.517863 76.019042 979.274529 54.12538 855.734523 53.192947 822.18053 -31.524431 159.812004 -117.069463 553.030818 -64.86759 621.957022 -57.139404 752.516294 -41.716611 607.411315 -39.563546 591.739613 190.8773 21.226517 -0.018853 0.035441 0.091203 -0.263453 -0.324424 -0.267803 -0.800875 -0.051011 -1.097552 -0.143148 -0.685186 -0.156027 0.0163 0.005462 -1.075267 -2.4e-05 0.057854 -3.615402 0.153451 -3.292863 0.027205 -3.912016 0.047846 -3.407212 -1.470348 2.558504
32.965722 170.321373 125.313301 544.99137 70.264594 743.013824 56.775396 920.822029 37.770261 773.656608 39.325649 752.656754 -28.788813 162.865707 -121.593466 565.884926 -51.981627 556.779264 -52.21472 659.096146 -31.832297 514.518379 -28.061895 512.757136 138.951362 26.334198 -8e-06 0.028043 0.284111 0.520596 -0.492544 -0.511569 -1.401726 -0.899297 -1.467112 -2.068583 -1.045165 -1.535369 0.062071 0.01445 -0.042881 0.073836 0.712696 -1.803369 0.110946 -3.094653 0.667208 -3.852263 0.985271 -2.827635 -4.113076 0.27506
30.633064 159.862493 123.899969 542.200733 58.852084 682.569915 44.691864 818.372664 29.723081 689.423912 31.685071 681.01077 -28.275523 152.752597 -117.182544 552.894581 -30.393174 513.027246 -13.338196 580.856239 -7.472374 458.725076 -10.636725 466.538459 67.001628 23.416066 -0.042793 -0.165689 -0.004008 -0.003582 -0.50536 -1.281969 -0.722071 -3.020074 -0.481447 -2.426741 -0.41225 -1.791334 0.002309 -0.162065 0.040745 -0.075419 2.879225 -0.89504 12.772232 -2.470897 8.459066 -1.600553 4.145087 -1.091273 -12.976645 -0.085656
31.171821 161.096358 122.525659 561.564229 42.010904 650.893668 24.719055 757.22284 16.526123 630.658801 19.489852 632.170623 -28.687905 155.063447 -121.856774 552.27472 -27.122432 526.058111 -10.935913 585.220826 -6.419022 474.138221 -9.718074 486.357564 43.544324 11.143618 0.002348 0.002372 -0.003832 0.169861 -1.415932 -0.376286 -2.935641 -1.187078 -1.92281 -1.308649 -1.474326 -0.908551 -0.001493 0.008674 -0.045705 -0.000174 0.093074 0.081711 0.119163 0.008168 0.039994 0.12734 0.020741 0.206129 -2.517426 -2.252428
33.433066 163.383981 129.071168 608.992692 22.866072 599.663121 7.42679 649.824164 4.555004 534.65641 7.674357 557.21802 -30.76199 157.610968 -123.734358 567.834365 -9.51358 497.150135 -0.80048 507.606066 -0.032872 429.579482 -0.789098 458.617336 5.361777 5.742441 0.039585 0.008064 0.085158 0.961245 -2.889095 -1.049801 -5.047267 -4.104811 -3.728714 -3.961225 -2.704276 -2.364022 -0.036191 0.010378 -0.007177 0.108076 4.509298 -0.40844 5.818968 -2.759662 5.53319 -1.099176 4.968756 -0.407252 -18.346327 -0.887113
32.67336 171.567167 133.141374 628.939499 19.842884 519.731219 5.9715 526.502782 3.276367 434.223419 5.70901 465.929189 -31.421607 164.456936 -127.100343 573.775749 -8.88388 462.985761 -0.94741 468.208719 -0.013479 404.344706 -0.599199 434.790721 3.710138 0.532468 -0.004365 0.099977 0.031592 0.160712 -0.107134 -2.857471 -0.07927 -6.482118 -0.105087 -5.219444 -0.145092 -4.080695 -0.003499 0.072768 -0.022585 0.015461 0.01078 -0.608025 -0.006186 -0.795635 0.004252 -0.381893 0.013049 -0.317777 -0.151616 -2.777673
32.67813 178.612484 118.875297 681.910742 12.516183 524.16312 1.436203 531.296376 1.252414 430.267372 3.228897 460.744584 -34.224304 169.50278 -128.62537 561.355202 -6.16389 487.038446 -0.032568 483.215237 0.159524 415.069763 -0.136765 451.139454 0.51798 0.136624 0.0 0.07088 -0.404109 1.070717 -0.840364 0.009408 -1.550643 0.010862 -0.477427 -0.009052 -0.350986 -0.014504 -0.059857 0.038121 -0.004547 -0.067955 0.24787 0.304531 0.628666 0.118354 0.265743 0.070191 0.163428 0.150861 -1.455554 -0.129656
33.962447 170.730162 110.71817 687.015401 8.844945 502.240264 -0.058178 508.168494 0.85805 411.464355 1.038132 448.960637 -34.618272 164.283698 -115.674181 538.415188 -0.339186 481.927214 3.618723 483.394887 5.815115 421.409209 2.3612 451.953482 -2.205656 -0.059375 0.012377 -0.088937 -0.144951 0.009518 -0.317844 -0.234151 -2.072503 -0.257327 -0.037173 -0.210042 -0.605324 -0.076325 -0.001127 -0.040805 0.343536 -0.239278 3.611221 -0.013481 4.337886 1.7e-05 4.048346 0.024023 3.634501 0.000367 -4.861378 -0.376132
31.415092 175.239696 101.551809 680.618075 5.602754 487.976918 -0.12972 479.457599 0.00553 396.677009 0.315268 436.409053 -37.513874 161.795462 -113.635571 505.808042 -0.852119 458.636866 2.036246 467.397957 4.080574 410.909344 1.457497 440.34539 -3.785672 -0.12542 -0.049646 0.029391 -0.198006 -0.014962 -0.368487 -0.102732 -0.014153 -0.41741 -0.725814 -0.135301 -0.209215 -0.088974 -0.058143 -0.009494 0.009062 -0.509223 -0.116081 -0.288403 -0.225932 -0.134582 -0.153203 -0.066232 -0.108472 -0.075509 -0.212093 -0.012205
30.752933 188.472596 95.350669 722.371577 11.90061 507.690269 1.379039 499.589303 2.208153 411.227656 3.76071 450.167559 -35.185834 163.50034 -114.439607 534.635599 -4.246802 457.439798 0.046502 471.865389 0.589613 403.009068 0.000196 428.645669 0.5157 0.041479 -0.003526 0.240805 -0.097672 0.621438 1.172266 0.195173 2.354665 0.207001 1.992679 0.131042 1.898243 0.106763 0.037285 0.004468 -0.001417 0.399439 -1.294302 -0.000782 -1.467314 0.010624 -1.567956 -0.038343 -1.423929 -0.078764 7.095847 0.311152
31.081835 200.594942 103.873601 758.686589 11.573 516.433932 1.610423 502.493426 1.497255 414.127241 2.984268 452.51234 -35.461336 172.638974 -112.574615 537.449282 -2.836713 441.849721 0.263346 452.695448 1.347112 389.295781 0.176308 416.847028 0.003966 0.383826 0.000875 0.188896 0.182392 0.445282 -0.002286 0.037326 0.008968 0.004208 -0.068834 0.005093 -0.044839 0.003045 -0.000537 0.124249 0.007661 0.003692 0.141769 -0.135145 0.088523 -0.198757 0.154283 -0.118684 0.164761 -0.082328 -0.429222 0.172951
28.841861 212.421202 112.970283 751.372503 20.404536 574.074187 6.819341 585.6079 5.207141 478.203534 7.538213 510.672494 -35.647 179.443338 -115.357587 514.419011 -2.424467 411.592887 0.502398 423.636979 1.988575 367.344417 0.377808 396.438788 0.759944 7.298827 -0.04188 0.169351 0.190889 -0.017713 1.243731 1.524392 1.801936 3.178988 1.119983 2.303562 1.036481 1.757551 -0.000242 0.065757 -0.01699 -0.25215 0.016176 -0.536512 0.03827 -0.48191 0.062259 -0.318489 0.037935 -0.256098 0.654118 4.33513
30.475248 215.93157 116.211628 739.740377 34.62704 646.224338 18.341171 713.380513 11.833345 587.565562 14.70534 605.854734 -33.351814 181.274182 -112.575627 488.39176 -2.141561 356.381284 0.673777 372.285219 2.443567 320.093594 0.568424 351.302486 3.522271 40.304621 0.022493 0.014384 0.022922 -0.045372 1.869609 2.134806 2.793152 6.299333 1.341072 5.625845 1.186299 4.064468 0.038184 0.004646 0.016978 -0.337816 0.008773 -1.987222 0.012553 -1.658299 0.023416 -1.625807 0.019398 -1.363536 1.010073 13.300302
30.020051 209.847216 131.818402 693.403569 42.071967 683.241248 25.868475 773.497957 16.304578 653.512154 18.978396 667.662594 -33.396682 174.905147 -120.05127 475.125379 -3.088899 358.979297 0.361953 367.255315 1.922397 315.99128 0.310634 349.873401 7.029855 60.648898 -0.001713 -0.043475 0.491499 -0.749283 0.362183 0.515439 0.645527 1.215831 0.35752 1.753326 0.272135 1.500751 -1.5e-05 -0.056949 -0.120149 -0.091335 -0.086506 0.004718 -0.048055 -0.017105 -0.031218 -0.013229 -0.038649 -0.001456 0.60003 2.071148
30.16503 204.889453 135.500293 694.018652 32.794422 700.885248 14.63197 781.598422 10.931931 663.619413 14.212089 679.028079 -33.32294 176.405693 -127.17407 474.708939 -3.597031 383.127415 0.254761 383.265096 1.306945 338.426707 0.0684 376.437038 4.679132 54.234888 0.000175 -0.029634 0.025357 0.000136 -0.577067 0.112462 -1.589945 0.021098 -0.535159 0.038781 -0.344015 0.047961 4.1e-05 0.003205 -0.102629 -9.1e-05 -0.019337 0.392993 -0.009387 0.170776 -0.059189 0.38469 -0.087505 0.485924 -0.238395 -0.179188
32.344798 200.792615 136.225893 691.928827 12.792583 632.690308 2.090183 674.26708 0.64455 592.476549 2.268433 615.973666 -37.10916 178.052919 -126.084674 499.162008 -1.279737 426.364012 1.502043 432.796368 3.923897 387.565997 1.240608 422.871183 -1.387788 21.661068 0.038017 -0.020687 0.000969 -0.001576 -4.622368 -1.744781 -5.661684 -3.961806 -6.267554 -2.016316 -5.124612 -1.53599 -0.101842 0.003827 0.002343 0.307046 0.585729 1.155502 0.519611 1.50455 0.701684 1.664921 0.726403 1.349887 -11.163445 -7.345665
32.206098 190.016 118.993603 630.255316 0.138192 588.378834 -4.878478 649.344116 -6.728744 528.014591 -2.656869 561.506036 -37.153543 173.703041 -123.955706 497.336478 -0.364079 435.765416 3.174632 446.375712 6.688419 399.591169 2.773383 430.250557 -26.834266 8.932874 -0.000149 -0.148612 -0.582422 -1.439169 -10.271575 -0.804276 -13.35518 -0.234665 -11.538393 -1.855788 -9.835263 -1.260451 -1.3e-05 -0.026897 0.009064 -0.001672 0.278641 0.051262 0.309326 0.104877 0.366406 0.091858 0.304176 0.031916 -16.017092 -2.773403
31.769744 180.350714 98.72822 670.441881 0.163597 542.728127 -4.583212 581.084526 -4.394304 468.834836 -1.671504 498.814233 -36.803919 166.191418 -112.342323 507.138979 -0.104643 448.46368 4.607976 452.254353 6.885903 396.590116 3.067545 426.828131 -22.281799 3.020727 -0.001488 -0.126137 -0.945195 0.620954 0.001071 -0.921591 0.004608 -1.894853 0.247728 -1.758207 0.113653 -1.85496 0.000826 -0.083013 0.285555 0.047832 0.078346 0.091184 0.13313 0.019229 0.001437 -0.005656 0.007412 -0.006833 0.211434 -1.56442
29.095941 175.362097 83.890315 697.958303 -0.145715 524.371656 -9.10108 543.361922 -7.621543 447.042132 -3.748421 493.652807 -36.807028 157.419014 -105.016667 499.473537 0.001501 454.113374 6.131141 462.877266 8.709152 407.286965 4.279069 436.094955 -32.625134 0.92548 -0.058758 -0.034983 -0.603794 0.276684 -0.618106 -0.157898 -0.767299 -0.632932 -0.4415 -0.259308 -0.413729 -0.013421 -0.0 -0.118923 0.123483 -0.029187 0.13121 0.017682 0.108567 0.061658 0.106947 0.071172 0.100584 0.049759 -0.983036 -0.602183
29.192732 177.42801 80.970344 762.486441 0.186338 502.813879 -3.265846 483.991209 -3.269466 395.112137 -1.591013 446.765929 -38.000547 147.636514 -104.106397 514.738646 -0.00707 446.950895 5.76818 448.906711 7.560617 390.036565 3.53024 419.475851 -20.773761 0.016406 8e-05 0.006049 -0.025861 1.426249 0.661611 -0.226244 1.463216 -1.716951 0.907347 -1.602612 0.455261 -1.169557 -0.009522 -0.156893 0.001981 0.114886 -0.015087 -0.028467 -0.005537 -0.107036 -0.04059 -0.186631 -0.035985 -0.161425 1.331756 -0.695447
33.101656 204.846967 86.219471 847.618865 6.118337 529.877283 0.175044 507.559066 0.681431 412.779042 1.35207 455.270729 -39.781857 166.343056 -114.739489 554.967416 -1.774073 428.523385 1.14417 424.961249 2.06388 366.863625 0.441999 398.070617 -0.373483 1.35322 0.122762 0.984591 0.082422 2.252214 4.169186 0.354682 4.953064 0.280128 6.936139 0.193192 5.876449 0.040094 -0.0204 0.557753 -0.258468 0.756716 -1.557152 -0.193958 -1.774343 -0.328135 -1.724065 -0.35481 -1.473949 -0.280267 15.576376 1.07163
31.614787 212.034799 84.369778 879.120187 17.840937 580.952203 6.864992 569.87466 7.197091 433.50929 8.424102 469.736233 -35.687937 170.938559 -114.367694 583.899336 -2.699612 426.860272 0.49499 429.341333 1.533353 336.883708 0.190254 367.494314 2.086444 6.083592 -0.017083 0.061971 -0.010028 0.287367 3.063642 1.17481 4.847615 1.803585 3.449381 0.253937 3.026365 0.113115 0.111121 0.031309 0.000302 0.367554 -0.096787 -0.001617 -0.134032 0.011229 -0.039337 -0.638868 -0.052281 -0.610845 4.225431 1.698366
31.31248 220.495491 90.848772 896.051551 37.935063 625.067057 24.259272 613.852528 21.873415 448.159909 22.257159 484.269767 -36.362616 175.10038 -119.850076 592.876319 -6.160339 364.364261 -0.078891 343.169163 0.152523 272.413156 -0.053049 310.36874 18.372888 21.760772 -0.000726 0.082757 0.119827 0.080746 3.745352 0.807106 5.314211 0.817216 3.976685 0.121732 3.295383 0.11071 -0.003159 0.025028 -0.064172 0.034241 -0.703843 -2.47203 -0.969103 -4.821221 -0.718671 -3.42046 -0.444229 -2.411362 8.07644 4.832745
29.684294 226.850239 94.885036 893.37634 44.759071 637.332091 30.096061 629.162394 27.198164 461.815433 27.374015 499.668975 -38.754173 184.596634 -128.648422 611.094226 -14.615513 389.862483 -3.123397 369.994856 -1.145918 290.905009 -2.485243 328.476756 39.50954 19.659946 -0.021734 0.045138 0.043862 -0.002 0.282043 0.059583 0.314292 0.094287 0.289749 0.102466 0.264472 0.120511 -0.038081 0.125376 -0.155806 0.13784 -1.798337 0.431134 -2.209499 0.504703 -2.134571 0.303595 -1.812096 0.256687 3.997203 -0.05331
26.674442 226.330656 93.161232 886.897418 46.230055 624.344819 32.511794 620.502011 28.185013 471.71016 28.424748 506.392543 -37.414495 188.244528 -128.479667 628.707228 -23.914236 435.756955 -9.365285 425.924624 -5.138384 323.814658 -7.241004 358.539902 57.392084 13.868464 -0.080428 -0.000298 -0.007901 -0.011789 0.011891 -0.066845 0.046623 -0.030009 0.008793 0.05244 0.009894 0.022467 0.011782 0.017846 5.5e-05 0.125114 -1.138904 1.276576 -1.67175 1.967542 -1.431193 0.881558 -1.24199 0.658081 1.664345 -0.50398
26.412744 214.141781 92.630753 846.924531 53.035609 650.573759 39.74104 654.721027 34.514193 507.321143 34.013111 535.95741 -35.793626 180.86241 -120.305255 707.296373 -34.3605 464.172851 -17.48762 454.456131 -12.642432 330.500942 -14.563878 361.270706 88.93429 18.871255 -0.000645 -0.168679 -0.000757 -0.460844 0.233566 0.269833 0.36257 0.459195 0.320268 0.647866 0.25059 0.419368 0.017946 -0.073828 0.134331 2.313469 -0.943938 0.448738 -1.257863 0.462448 -1.661055 0.034164 -1.266421 0.00518 3.440066 0.384483
27.726412 195.406854 89.78972 851.133233 47.40837 626.803595 31.608755 632.979098 29.088483 479.518421 29.484005 503.562222 -36.359274 168.726418 -112.864383 751.499784 -33.388036 472.782265 -17.096062 464.769536 -13.399348 348.709413 -15.049868 375.457586 81.972851 10.39512 0.01594 -0.428742 -0.022125 0.005216 -0.157753 -0.221184 -0.464965 -0.183562 -0.231846 -0.391728 -0.161731 -0.504898 -0.002217 -0.210714 0.118756 0.669864 0.00698 0.039556 0.002217 0.057858 -0.011002 0.244113 -0.003988 0.136608 -0.141837 -1.254309
27.739533 195.071718 90.240995 872.461556 41.813566 611.507745 25.705453 607.571593 23.995131 457.167283 25.213493 486.725823 -37.388067 171.145758 -111.678128 820.757308 -33.829262 569.51686 -18.029954 585.64122 -13.942879 431.240823 -15.318965 447.82067 74.520039 0.378387 2e-06 -0.000144 0.000566 0.131967 -0.175588 -0.094472 -0.304828 -0.260211 -0.244918 -0.266709 -0.166965 -0.143133 -0.007176 0.008611 0.003134 1.526129 -0.001448 4.498622 -0.012417 6.97758 -0.005403 4.378874 -0.001192 3.186389 -0.177567 -6.806957
29.145411 193.167165 88.305851 886.223195 36.128649 573.653112 20.504061 561.545443 19.548892 414.013109 20.359597 442.755908 -35.913223 173.585383 -106.966435 845.752165 -37.459717 635.82643 -21.090829 685.464916 -16.916529 507.725457 -18.513008 511.98594 72.835706 -4.7762 0.017375 -0.004672 -0.010487 0.053843 -0.207599 -0.604702 -0.29367 -0.906337 -0.227595 -1.069484 -0.259226 -1.040599 0.014839 0.008633 0.050773 0.187451 -0.092502 1.825327 -0.119928 3.925786 -0.143606 3.120259 -0.151111 2.147199 -0.009627 -7.84327
30.151282 194.490659 83.599369 930.893706 28.658478 541.947331 14.473532 511.390401 13.861184 372.510088 14.513242 404.622817 -34.978671 181.74805 -104.436464 882.8832 -44.11219 665.386986 -26.980943 719.137099 -22.893956 532.452986 -24.310557 533.689339 72.383068 -14.246265 0.008532 0.002259 -0.06444 0.549155 -0.432109 -0.450636 -0.523787 -1.172905 -0.487695 -1.095773 -0.493557 -0.858453 0.00616 0.093768 0.015139 0.398833 -0.271719 0.335817 -0.362215 0.403666 -0.451305 0.293958 -0.394257 0.225256 -0.000705 -2.524827
29.54229 196.136335 85.730579 928.902347 28.593804 530.281839 14.377274 498.347484 13.418511 365.558058 14.117199 398.381063 -35.00515 181.664651 -103.790393 877.325905 -36.913456 639.432788 -19.872101 680.210569 -16.482682 505.182079 -18.557351 513.525265 59.644969 -11.267322 -0.003107 0.003467 0.013412 -0.001066 -3.7e-05 -0.06346 -0.000161 -0.084242 -0.003592 -0.032742 -0.002739 -0.024259 -5e-06 -1e-05 0.001002 -0.008773 0.32042 -0.258153 0.542439 -0.541527 0.525445 -0.358426 0.387817 -0.194147 -0.615924 0.174506
29.62243 190.848726 88.289272 922.339616 30.240174 542.869355 15.93904 520.191698 14.742254 384.736085 15.40531 417.183944 -35.462968 175.48075 -103.834058 851.183488 -35.8723 596.266784 -18.961132 618.512862 -15.008368 458.973281 -17.004555 475.112386 59.500054 -3.272377 5.4e-05 -0.036126 0.018812 -0.011633 0.02304 0.073825 0.040254 0.234269 0.03113 0.245142 0.028115 0.216779 -0.001487 -0.053541 -5e-06 -0.197704 0.007447 -0.754177 0.010686 -1.466347 0.03453 -1.107955 0.033917 -0.746536 -8.8e-05 2.395413
27.028953 198.571902 86.249138 929.821968 30.249287 592.278673 15.790612 586.842228 14.005668 434.490624 14.940004 462.804302 -36.799688 174.540442 -104.147391 867.321243 -34.056369 561.414375 -18.029144 565.842957 -14.989624 411.451055 -16.3183 433.156787 57.973883 0.313804 -0.059395 0.076592 -0.011924 0.015114 1e-06 1.075824 -0.000347 2.008216 -0.009438 1.51228 -0.003568 1.183321 -0.012364 -0.001263 -0.000236 0.075773 0.023582 -0.524741 0.011743 -1.171731 6e-06 -1.298245 0.007067 -0.969543 -0.009914 5.612888
26.582415 197.353203 86.973146 921.582204 32.208398 623.569861 17.975884 638.333741 15.338754 474.049062 16.179858 495.852951 -37.019566 168.432415 -102.483567 864.037591 -32.907638 505.141755 -17.432528 480.154794 -14.932494 343.956774 -15.99892 372.929297 60.539771 10.410923 -0.00186 -0.001876 0.001513 -0.018336 0.030733 0.402723 0.070786 1.082517 0.030296 0.861609 0.024708 0.569827 -0.000327 -0.054393 0.006699 -0.003114 0.009854 -1.485536 0.005019 -3.515697 5.5e-05 -3.021286 0.001578 -2.253126 0.02778 7.109762
25.719658 194.179399 87.735796 879.904325 41.52953 621.381588 26.854401 641.151573 22.687827 479.77258 22.967766 500.12248 -37.263163 164.040692 -95.482485 833.772468 -31.080439 459.892634 -17.436012 429.522656 -14.104436 304.980262 -14.58809 333.615559 72.569296 19.713844 -0.007116 -0.012864 0.001665 -0.482179 0.59151 -0.001923 0.887978 0.003103 0.716904 0.017172 0.592977 0.009151 -0.000399 -0.029007 0.123836 -0.269774 0.026093 -1.061418 -0.0 -1.410171 0.011809 -1.171563 0.032555 -1.0946 0.544689 1.472416
27.422186 189.577914 90.150083 877.355742 38.308082 600.054211 23.39098 602.477458 20.429906 450.319329 21.052716 476.53283 -35.366133 158.882933 -92.915164 824.494377 -31.106464 451.78142 -18.466055 422.309754 -15.017975 301.412399 -15.112736 329.121561 70.4802 14.89571 0.027279 -0.027588 0.016384 -0.001848 -0.065019 -0.186212 -0.119509 -0.601485 -0.05916 -0.466466 -0.041676 -0.284928 0.024779 -0.041193 0.017493 -0.025956 -5e-06 -0.036084 -0.014779 -0.030538 -0.014332 -0.010496 -0.004634 -0.015237 -0.015255 -0.337017
27.652455 196.534716 87.74417 920.062349 28.826178 558.40503 14.553234 533.870013 14.891524 391.109923 15.639013 423.237134 -36.851014 164.015806 -99.988842 848.141625 -30.996193 463.998478 -16.493186 430.461257 -13.986179 306.8073 -14.871152 333.818739 57.74121 5.110238 0.000481 0.062677 -0.01627 0.507426 -0.672975 -0.748932 -1.043569 -2.072992 -0.43691 -2.085799 -0.401582 -1.579808 -0.015267 0.040799 -0.129737 0.167167 9.8e-05 0.081495 0.055712 0.03896 0.018358 0.023927 0.000973 0.016641 -0.634388 -2.556521
27.477335 200.098191 86.067006 901.998889 22.869835 522.110282 9.792055 495.779822 9.835936 363.6742 10.802289 395.658986 -37.812546 174.602027 -102.536915 858.281041 -34.107103 487.542906 -18.884877 450.103191 -16.029642 317.891128 -17.05429 348.391266 50.978645 1.539441 -0.000278 0.016008 -0.008092 -0.089541 -0.344287 -0.609746 -0.470108 -0.704783 -0.52233 -0.498797 -0.446138 -0.464509 -0.006192 0.165519 -0.01603 0.030124 -0.074369 0.29133 -0.080936 0.219094 -0.06964 0.098336 -0.074732 0.155658 -0.210526 -1.040077
29.348423 200.518128 81.851797 892.747386 19.606597 481.67981 7.597636 424.975011 7.942335 313.269062 8.797431 349.860691 -39.623555 184.303189 -109.960775 885.868883 -36.422701 550.951254 -20.056155 542.791032 -16.77962 388.682133 -18.532299 408.317059 47.810426 -4.062702 0.030813 0.00022 -0.052915 -0.023845 -0.125534 -0.814556 -0.139013 -2.726434 -0.101133 -1.879189 -0.102808 -1.408056 -0.02118 0.131135 -0.12972 0.218197 -0.038023 1.9376 -0.017619 4.335726 -0.008573 3.555191 -0.030706 2.376575 -0.050816 -10.603859
29.115107 200.53695 80.481616 895.743087 19.433108 411.915456 7.78369 347.110915 7.849214 250.066113 8.461441 288.631847 -39.621303 187.404208 -108.583554 904.110859 -36.056996 631.83722 -19.982229 664.382297 -16.490136 488.948847 -18.283169 498.004382 47.093215 -39.673734 -0.000466 0.0 -0.005783 0.002509 -0.000385 -2.727468 0.001125 -3.936292 -0.000275 -3.556731 -0.003271 -2.94258 0.0 0.012936 0.00434 0.092956 0.000923 2.768968 6.8e-05 6.139187 0.001259 5.746399 0.000843 4.448535 -0.00271 -18.344898
27.842786 201.994 74.502545 892.718179 19.086829 345.518196 7.655017 273.013587 8.183508 189.914296 8.495389 227.72341 -38.834696 188.007607 -109.576282 882.821214 -40.072464 738.52713 -23.340156 840.456761 -18.106925 647.017792 -20.435726 635.128794 50.636125 -135.853124 -0.014212 0.002637 -0.115375 -0.002558 -0.001556 -2.915832 -0.000536 -4.442779 0.003486 -4.131216 3.4e-05 -3.604915 0.003943 0.000485 -0.002259 -0.126828 -0.105972 4.159492 -0.130333 10.33634 -0.037799 11.051347 -0.059881 8.327553 0.06424 -28.696334
27.869966 203.857046 67.850793 888.725622 17.546344 272.445031 7.845507 180.384415 8.721892 124.777618 8.432546 163.23979 -38.645233 187.845005 -108.497735 878.101118 -39.949855 838.680649 -23.787726 973.092128 -17.983921 783.040499 -20.278966 762.949331 51.754072 -282.659166 7e-06 0.004276 -0.155493 -0.004474 -0.032404 -4.335602 0.001171 -9.562915 0.008575 -6.814968 -0.000117 -5.354478 0.000232 -3.5e-05 0.002667 -0.006326 9.4e-05 3.183113 -0.002125 4.856701 0.00021 6.483727 0.000302 5.855315 0.006103 -26.593264
28.551302 203.931773 59.440483 883.32283 11.645787 212.330865 4.645746 115.978757 6.30731 79.89471 5.436843 115.272202 -40.123946 182.81045 -108.571567 868.171229 -42.350944 937.459736 -30.501545 1118.675719 -19.237273 951.09111 -21.531214 916.031768 47.575056 -479.67049 0.004114 7e-06 -0.278144 -0.008236 -0.602554 -3.741639 -0.416779 -7.08296 -0.195231 -4.981852 -0.327391 -4.161777 -0.013881 -0.034193 -1.3e-05 -0.028233 -0.035033 2.7489 -0.41674 5.072339 -0.021108 8.161902 -0.018757 6.993271 -0.08795 -25.89701
27.440979 210.834336 55.107058 844.699965 9.854937 160.802733 3.714134 74.713063 5.563798 52.902909 4.707178 83.255187 -40.898505 178.084336 -96.207756 823.415124 -43.965719 1050.924644 -33.649886 1296.480585 -21.762885 1165.845652 -21.712169 1101.20679 49.334344 -722.052976 -0.01101 0.05744 -0.081998 -0.431682 -0.074712 -3.575032 -0.052071 -4.518479 -0.023307 -2.772043 -0.026277 -2.598742 -0.003702 -0.030947 0.373581 -0.592184 -0.015106 3.240013 -0.077302 6.553929 -0.077863 10.921154 -0.000379 8.517171 0.01597 -24.697545
25.412435 204.926739 42.656766 841.308005 9.510933 167.026788 4.364194 79.883042 6.712704 55.459915 5.409609 85.536205 -40.548758 175.741329 -90.041627 802.362038 -40.72605 1204.476199 -33.898945 1512.837409 -18.823073 1369.3849 -18.353579 1279.222713 48.017212 -873.678886 -0.038943 -0.041973 -0.796017 -0.003412 -0.003056 0.059089 0.026197 0.086471 0.053879 0.030173 0.024415 0.015413 0.000751 -0.007758 0.102099 -0.13632 0.061985 5.233098 -0.000459 8.343643 0.106612 8.183713 0.141018 6.665625 -0.008911 -7.220056
22.665007 207.453119 28.713323 820.806146 7.781462 162.922153 3.387053 66.080216 7.716785 47.025095 5.96751 76.847275 -41.592779 169.948815 -76.607683 777.111509 -35.214372 1385.063838 -29.859297 1723.540893 -17.03357 1618.275702 -15.368556 1511.647874 47.680197 -1113.577793 -0.078566 0.007739 -1.375303 -0.126448 -0.086703 -0.025532 -0.061837 -0.654089 0.034977 -0.347695 0.013687 -0.232633 -0.006635 -0.048534 0.542352 -0.201849 0.20028 6.304526 0.128102 6.866179 0.044682 10.385129 0.132374 9.695084 -0.000593 -14.533277
20.995268 193.358327 22.044408 778.496389 5.358823 126.208924 2.037352 46.053042 5.502807 32.872429 4.292124 56.794261 -45.41544 154.088884 -77.049829 755.166794 -38.275882 1391.320428 -35.037742 1752.821222 -20.344915 1657.346014 -17.776896 1538.212554 47.009401 -1223.395182 -0.03194 -0.247903 -0.440012 -0.559753 -0.225258 -2.340355 -0.170599 -1.802936 -0.186714 -1.263458 -0.137719 -1.51305 -0.084014 -0.388363 -0.000636 -0.15715 -0.063797 0.00705 -0.206936 0.123312 -0.146964 0.233016 -0.08761 0.115693 -0.002376 -2.581657
22.083157 202.914095 17.333522 789.666212 3.12679 130.323358 0.777293 50.50083 3.839347 36.737776 2.875373 61.341526 -45.405559 163.927575 -75.949628 785.535506 -34.0619 1466.283175 -31.268836 1837.925824 -17.123626 1767.44474 -14.760294 1641.32441 37.179452 -1294.547397 0.013739 0.115231 -0.282803 0.039781 -0.298815 0.032997 -0.297806 0.102499 -0.14929 0.107401 -0.141415 0.087549 1e-06 0.15223 0.003956 0.299327 0.122845 0.983408 0.1072 1.008677 0.138729 1.770161 0.14014 1.67239 -0.575845 -1.005513
19.133366 213.665896 14.558419 791.416498 2.29196 132.196356 0.493272 52.964011 2.990326 40.129005 2.045067 64.874551 -50.888081 170.664826 -76.23908 818.461503 -33.675096 1515.224845 -31.296206 1889.251597 -17.609468 1819.950944 -15.277794 1694.848499 35.112968 -1319.588243 -0.105691 0.138773 -0.120968 0.000969 -0.064694 0.006682 -0.032152 0.029325 -0.052978 0.074844 -0.070561 0.049458 -0.156202 0.067837 -0.000275 0.337979 0.001104 0.401718 -6e-06 0.353412 -0.003398 0.384269 -0.004458 0.429386 -0.029541 -0.119936
18.336525 199.631867 16.648909 762.807091 3.253664 119.990607 0.907393 47.471058 3.595087 33.886453 2.624479 56.987083 -50.084808 157.095142 -73.517462 773.163798 -34.081522 1470.244188 -31.544414 1846.627998 -17.772373 1773.987262 -15.350475 1644.995717 37.354107 -1317.51003 -0.008474 -0.23834 0.070097 -0.263336 0.084024 -0.29555 0.062619 -0.150322 0.027827 -0.263722 0.036087 -0.255525 0.003195 -0.281022 0.024733 -0.644718 -0.001219 -0.33887 -0.00049 -0.24316 -0.000375 -0.293932 -8.6e-05 -0.372089 0.034663 0.000819
17.981848 204.935954 12.805719 734.013651 2.757227 109.273385 0.722436 41.091 3.957761 30.879262 2.75143 51.537285 -50.696923 165.552268 -76.248657 787.806438 -34.984734 1525.459607 -32.387185 1879.368421 -18.607608 1822.083441 -16.267535 1701.673094 39.728641 -1378.55953 -0.001732 0.034771 -0.251803 -0.276967 -0.020535 -0.250632 -0.010529 -0.23011 0.008713 -0.069852 0.001499 -0.136923 -0.001859 0.110857 -0.024906 0.068679 -0.005906 0.508896 -0.005555 0.143848 -0.009589 0.321649 -0.013302 0.479963 0.036582 -0.691288
17.759409 206.182089 10.295047 762.004442 2.732283 111.583413 0.890057 40.459803 4.453754 32.12919 3.046701 53.116681 -51.331244 163.561394 -77.267528 786.37803 -36.050911 1514.720483 -33.454403 1868.150662 -19.513173 1800.466635 -16.873361 1682.118435 42.611698 -1351.565536 -0.000692 0.001889 -0.13684 0.26188 -5.7e-05 0.012081 0.008736 -0.002443 0.014636 0.012399 0.007523 0.011918 -0.001972 -0.006022 -0.003381 -0.000648 -0.008002 -0.018967 -0.00865 -0.01679 -0.010757 -0.064497 -0.005538 -0.056503 0.050489 0.133454
17.852873 205.506594 10.415962 753.975816 2.910043 107.16188 1.190614 38.379057 4.965382 30.527358 3.472134 50.729776 -49.573349 156.392786 -77.522423 769.968408 -35.916831 1494.699432 -33.848713 1859.611196 -18.834867 1806.326098 -16.098492 1682.614482 43.141635 -1367.205231 0.000123 -0.000554 0.000353 -0.02126 0.002801 -0.044691 0.021822 -0.027463 0.013906 -0.020479 0.013897 -0.027435 0.015314 -0.080317 -0.00021 -0.086511 0.000125 -0.066599 -0.001155 -0.009781 0.005999 0.00476 0.009106 3.7e-05 0.001637 -0.044984
17.379362 204.292152 9.703029 756.870898 2.485769 106.300467 0.946644 37.650681 4.827374 30.30619 3.32651 50.139408 -50.618609 156.996469 -77.789146 781.663412 -35.738018 1515.212084 -33.34851 1878.813685 -18.689048 1821.976329 -15.956369 1696.889478 42.513161 -1382.315875 -0.003182 -0.0018 -0.012636 0.002774 -0.016706 -0.001738 -0.01397 -0.003489 -0.000973 -0.000402 -0.00156 -0.001728 -0.005453 0.000581 -0.000229 0.044075 0.000223 0.069898 0.001862 0.049317 0.000283 0.033753 0.000315 0.030149 -0.002306 -0.041522
16.901088 212.387845 3.701372 793.314605 1.112552 107.286308 0.23583 36.973885 4.176516 30.614989 2.604991 49.642199 -51.195833 159.086378 -81.115758 794.937841 -36.143984 1530.970963 -32.932979 1877.226669 -19.353942 1811.566122 -16.949788 1695.612465 41.511786 -1371.177603 -0.003337 0.078653 -1.418656 0.428441 -0.272334 0.002275 -0.237494 -0.003069 -0.023555 0.000783 -0.044047 -0.001239 -0.001636 0.006909 -0.034824 0.055884 -0.001146 0.040763 0.001303 -0.000335 -0.005811 -0.014913 -0.014999 -0.00024 -0.005967 0.022528
16.217426 207.148978 3.501049 776.09761 0.930418 102.410991 0.127753 34.393456 3.312263 27.751778 1.99736 46.45899 -54.207457 151.026322 -83.389846 767.600649 -37.786747 1491.744584 -34.616519 1850.280501 -19.891024 1786.101065 -17.155409 1666.13417 39.437115 -1368.577739 -0.007057 -0.032711 -0.002786 -0.094441 -0.008135 -0.056682 -0.016435 -0.046666 -0.050037 -0.07027 -0.040288 -0.052734 -0.043033 -0.104761 -0.015719 -0.239155 -0.018254 -0.254535 -0.020983 -0.097398 -0.003675 -0.090125 -0.00062 -0.129246 -0.026591 0.001234
17.346726 211.286525 1.751787 784.100813 0.378373 102.180823 0.004928 34.20586 2.979225 27.547398 1.720498 46.016038 -53.440415 154.125289 -80.268617 784.406277 -34.862401 1493.806151 -32.530115 1853.143932 -18.437328 1793.316286 -15.554083 1670.557305 36.239366 -1376.336082 0.019004 0.020457 -0.29982 0.020527 -0.122124 -0.000129 -0.0825 -0.000257 -0.008821 -0.000378 -0.010323 -0.001061 0.002733 0.015736 0.029766 0.090991 0.058881 0.000712 0.032423 0.001107 0.027577 0.007272 0.039221 0.002932 -0.067591 -0.010964
15.607349 231.46042 0.042271 817.155318 -0.019816 113.124218 -0.3552 39.959538 1.251427 35.779257 0.477806 54.062604 -58.57262 165.332849 -82.052253 817.615424 -34.723807 1523.999611 -32.645837 1856.605109 -19.051587 1805.019177 -16.283213 1691.045472 30.0686 -1332.537695 -0.045936 0.459854 -1.249814 0.341206 -0.571367 0.278292 -0.4438 0.223519 -0.3689 0.537311 -0.384949 0.324006 -0.117635 0.196658 -0.0098 0.344242 0.000138 0.151048 -0.000103 0.001615 -0.005033 0.019031 -0.00835 0.062436 -0.287757 0.3541
16.185997 223.638092 -0.002476 795.466793 -0.149645 106.726767 -0.722953 36.484635 0.834495 31.801466 0.255688 48.430297 -56.200328 162.770789 -78.481188 812.148059 -32.336053 1522.269607 -30.467681 1858.263295 -17.37966 1805.694614 -14.804293 1686.256757 25.830776 -1358.231074 0.005266 -0.067231 -0.065208 -0.145854 -0.060551 -0.0931 -0.064658 -0.07902 -0.042093 -0.117168 -0.03444 -0.154873 0.02452 -0.010003 0.039724 -0.009171 0.042523 -0.000491 0.037597 0.00037 0.038385 6.3e-05 0.035198 -0.003395 -0.16087 -0.122672
16.469037 207.642719 0.030987 786.841761 -0.158949 131.902725 -0.79689 58.219985 0.922604 49.093453 0.313657 67.020852 -56.091174 148.11366 -79.296521 766.988439 -31.289204 1489.353184 -28.060032 1835.826468 -15.636467 1785.292045 -13.480372 1662.913029 24.155458 -1242.283646 0.001227 -0.296721 0.05098 -0.023507 -0.00014 1.331777 -0.0018 2.527944 0.002211 1.869764 0.002959 1.506605 5.3e-05 -0.345709 -0.002107 -0.645862 0.008613 -0.17989 0.049543 -0.068138 0.046051 -0.05796 0.031001 -0.081354 -0.028083 2.586122
15.940658 205.046041 0.001119 779.856536 -1.031184 138.683869 -2.755446 64.569577 -0.001535 54.235195 -0.146138 71.83451 -56.630693 147.804149 -78.333249 767.355934 -30.663158 1487.897468 -27.305886 1830.761589 -15.514616 1777.413952 -13.489434 1651.528171 15.20747 -1210.687335 -0.004307 -0.008169 -0.020331 -0.015572 -0.380429 0.084984 -0.588698 0.164282 -0.999414 0.128009 -0.887989 0.083462 -0.001291 -0.000162 0.002943 4.4e-05 0.003163 -0.000356 0.005136 -0.003498 0.000238 -0.00871 -2e-06 -0.019553 -1.030519 0.203502
17.539503 197.0702 -0.002687 793.663501 -1.101752 130.83378 -2.733545 57.018314 0.000548 49.330451 -0.114329 66.336923 -54.7025 147.284531 -78.400841 774.874471 -30.878898 1477.122784 -27.797766 1804.800897 -16.180386 1751.998818 -14.125128 1630.708637 16.369337 -1213.36025 0.038198 -0.079107 -0.007273 0.060576 -0.001168 -0.114347 4.4e-05 -0.234714 0.003919 -0.116207 0.00195 -0.109413 0.016699 -0.000457 -1.5e-05 0.018327 -0.000378 -0.019577 -0.002195 -0.092691 -0.006993 -0.091508 -0.007318 -0.066031 0.021383 -0.001474
16.956758 190.426131 0.005084 788.570839 -1.064866 130.236276 -2.95268 56.788197 -0.005633 46.509991 -0.156567 64.224474 -55.211796 140.898875 -79.220056 758.304926 -31.899254 1451.423428 -29.252148 1782.340626 -16.892758 1728.253121 -14.668107 1607.02201 16.281433 -1207.732117 -0.004923 -0.056964 0.015164 -0.008196 0.000314 -0.000684 -0.004224 -0.000233 -0.009697 -0.04151 -0.003313 -0.017091 -0.00118 -0.070756 -0.002129 -0.089539 -0.008293 -0.112764 -0.018541 -0.070316 -0.007673 -0.081009 -0.00512 -0.086645 -0.000118 0.006542
16.792807 188.530781 -0.001661 774.359213 -1.066724 127.697489 -2.904637 54.069222 0.001692 45.308816 -0.087047 62.830108 -53.60385 139.037726 -78.172169 750.305008 -32.105443 1448.054849 -29.134729 1776.066541 -17.138132 1722.041908 -14.783019 1601.379596 17.480392 -1208.696343 -0.000398 -0.00474 -0.012558 -0.064614 -1e-06 -0.012495 0.000197 -0.033349 0.013499 -0.007857 0.01013 -0.007651 0.011881 -0.006187 0.003488 -0.021211 -0.000332 -0.001957 0.000118 -0.005531 -0.000885 -0.005591 -0.000224 -0.004961 0.021296 -0.000192
16.837389 188.484707 -0.001086 774.499706 -0.696302 124.150552 -2.338066 51.548625 0.081497 42.46475 -0.002548 59.550685 -52.49747 138.933446 -77.667283 749.978673 -32.17671 1448.455206 -28.980633 1780.486036 -17.22693 1718.379945 -14.74555 1596.948792 19.678186 -1220.583368 3e-05 -3e-06 6.1e-05 6e-06 0.039353 -0.024978 0.030704 -0.030082 0.059704 -0.046089 0.059809 -0.043947 0.005769 -2e-05 0.000818 -3.5e-05 -4e-05 2.8e-05 0.000204 0.002746 -0.000115 -0.001949 2.4e-05 -0.003069 0.065053 -0.029083
16.430454 190.221791 -0.022843 778.127898 -0.739487 124.760374 -2.289651 51.661793 0.095512 43.628457 -0.001682 60.626248 -51.795802 141.666011 -75.416676 760.340419 -31.002432 1478.878521 -28.072031 1803.867655 -16.625132 1747.16611 -14.432608 1628.004339 19.240881 -1238.612854 -0.002489 0.003984 -0.013967 0.004239 -0.00065 0.000747 0.000253 6.2e-05 0.000556 0.007865 9e-05 0.004813 0.00236 0.013306 0.016545 0.035544 0.010914 0.158097 0.007236 0.076263 0.00535 0.119557 0.001678 0.149532 -0.002457 -0.066092
17.629033 187.485323 0.050181 771.167973 -0.397017 122.39585 -1.635237 51.042841 0.21229 42.325308 0.014392 59.236669 -51.32454 141.450425 -74.397783 755.810646 -30.000525 1467.308374 -26.985029 1803.773484 -15.387348 1745.434005 -13.174393 1623.077423 19.214379 -1244.156399 0.021096 -0.009913 0.140739 -0.015633 0.052827 -0.011311 0.054941 -0.001865 0.023013 -0.009879 0.025913 -0.008055 0.001077 -8.2e-05 0.003465 -0.006767 0.008228 -0.022719 0.010731 -1e-06 0.023939 -0.00043 0.028687 -0.003733 -9e-06 -0.006189
18.854066 185.854974 0.421401 776.508305 -0.284613 121.044423 -1.566702 50.480119 0.156308 40.965316 0.006442 58.182152 -51.71373 139.640768 -73.99393 746.768572 -31.092736 1456.723515 -28.584625 1810.258321 -15.946561 1751.401599 -13.213754 1623.062535 19.260443 -1256.65535 0.020573 -0.00356 0.180746 0.009214 0.009332 -0.003751 0.000734 -0.00156 -0.004276 -0.011104 -0.001576 -0.004735 -0.000735 -0.005825 0.00055 -0.027207 -0.009764 -0.019158 -0.023027 0.005818 -0.00499 0.005092 -2.9e-05 -0.0 2.8e-05 -0.031235
17.842045 184.766332 0.32401 765.586954 -0.393494 136.400425 -1.989432 64.122722 0.052136 50.674899 -0.008204 68.090009 -52.547622 141.930328 -73.293582 755.090303 -28.783248 1487.286878 -25.217743 1837.165953 -14.583355 1774.877336 -12.48373 1644.867351 16.379418 -1225.746501 -0.013958 -0.001599 -0.00639 -0.038674 -0.008798 0.458383 -0.025215 0.814922 -0.027897 0.515833 -0.029186 0.389307 -0.003335 0.009309 0.001665 0.023055 0.044556 0.158652 0.105451 0.099252 0.03045 0.078144 0.010371 0.072746 -0.116638 0.192433
17.469329 184.723151 0.05432 762.088521 -0.535508 132.574577 -1.970879 63.325367 0.10049 49.552452 -0.000521 66.175702 -51.855017 142.282186 -73.796461 758.818921 -28.576787 1472.972013 -25.547947 1809.390096 -14.449233 1750.406459 -12.374963 1626.808332 16.959703 -1210.93622 -0.001967 -3e-06 -0.112998 -0.004006 -0.010919 -0.02721 4.3e-05 -0.002494 0.007862 -0.006285 0.00459 -0.013647 0.002297 0.000218 -0.00086 0.004592 0.000372 -0.034611 -0.001074 -0.105786 0.00031 -0.084934 0.000238 -0.049842 0.00505 0.045009
20.998546 185.093554 1.386917 775.24551 -0.028808 121.702529 -0.820031 52.552764 0.479571 40.809738 0.159767 58.464056 -48.965658 138.8953 -70.64683 737.35356 -28.182735 1418.979833 -25.625795 1774.567228 -13.161934 1709.977867 -10.95291 1584.625544 18.666276 -1222.455328 0.162235 0.000185 0.892285 0.056302 0.315905 -0.232533 0.248327 -0.501824 0.141007 -0.423932 0.178538 -0.238794 0.041411 -0.020399 0.034343 -0.153988 0.001368 -0.504056 -5.9e-05 -0.169179 0.030025 -0.236177 0.043384 -0.277051 0.040898 -0.027265
20.392422 183.067864 1.385373 783.054676 -0.013934 130.057373 -0.776946 56.71743 0.531372 45.099386 0.193009 63.347188 -49.003411 142.374272 -72.599409 746.468085 -30.904606 1434.104306 -28.086149 1788.979459 -15.661461 1721.450064 -13.182053 1593.236599 21.962432 -1209.283478 -0.004438 -0.005573 -0.0 0.019567 0.002672 0.138669 0.000581 0.079394 0.001328 0.107163 0.00157 0.097916 -7e-06 0.021516 -0.013308 0.027994 -0.062725 0.040088 -0.05638 0.029144 -0.108582 0.019177 -0.103164 0.011667 0.133927 0.035674
19.849894 180.946026 1.703388 771.779531 -0.032807 138.331093 -1.063943 65.883016 0.315952 49.641863 0.085747 67.916206 -50.330062 141.081827 -75.31298 738.233002 -32.293801 1436.434459 -28.807428 1789.17535 -16.790755 1716.035204 -14.440806 1588.053105 21.713252 -1181.940195 -0.003657 -0.006184 0.016415 -0.040882 -0.00398 0.127559 -0.022509 0.343089 -0.027841 0.10896 -0.021463 0.079543 -0.008859 -0.002947 -0.024893 -0.022839 -0.01527 0.000946 -0.004572 5e-06 -0.019655 -0.004265 -0.028695 -0.004223 -0.000711 0.156338
20.025816 179.08685 3.893753 774.792178 -0.005555 155.967899 -0.983568 80.334154 0.189641 57.777359 0.042289 79.497173 -51.362893 139.042294 -76.373933 741.923875 -32.598108 1424.163944 -28.476443 1786.179408 -16.395392 1700.166446 -14.158974 1572.315285 20.111636 -1131.1069 0.000388 -0.0048 0.446385 0.002934 0.011363 0.528946 0.001578 0.71588 -0.016032 0.308518 -0.007601 0.455611 -0.005245 -0.007425 -0.00371 0.004602 -0.000714 -0.026317 0.000956 -0.001255 0.002355 -0.036857 0.001389 -0.039185 -0.030677 0.558643
18.677815 183.836909 7.421366 794.439978 0.013363 186.389794 -0.965211 108.896379 0.18102 72.127611 0.049259 96.721223 -53.805216 144.179668 -79.054198 765.352454 -33.185281 1461.062992 -27.277924 1827.72286 -16.710302 1728.78938 -15.039049 1596.282879 20.369764 -1094.677801 -0.023482 0.031086 0.563939 0.123006 0.036148 1.354323 8.6e-05 2.167993 -0.0001 0.79505 0.000266 0.843782 -0.028363 0.046597 -0.023111 0.182094 -0.002621 0.23596 0.012883 0.238788 -0.001498 0.119466 -0.013266 0.090648 0.000823 0.298135
16.883352 199.357837 12.53673 866.698548 0.372835 241.094794 -0.515675 162.509985 0.177155 104.438352 0.076931 133.778174 -54.760134 163.00608 -82.552651 814.83989 -35.870087 1483.372056 -29.2902 1860.704009 -18.230298 1739.209367 -16.905156 1602.058739 22.001667 -991.262454 -0.045304 0.314459 0.666682 1.572347 0.24503 3.514735 0.069879 5.348108 -2.1e-05 2.98153 0.003071 2.998288 -0.0042 0.577447 -0.037872 0.775098 -0.052211 0.084516 -0.035802 0.147458 -0.033077 0.015654 -0.054553 0.005215 0.031437 2.565106
18.934175 215.567013 22.408702 891.700334 0.607152 296.806187 -0.264522 213.556305 0.206806 144.159343 0.12219 178.173115 -54.893199 175.764797 -79.679669 841.422804 -34.644334 1514.104413 -28.987436 1899.501503 -17.511157 1781.709071 -15.93214 1641.413275 21.523968 -912.260977 0.058761 0.316729 1.423389 0.177753 0.028425 2.892845 0.04153 3.480558 0.001147 3.19383 0.005212 3.175163 -8.1e-05 0.240343 0.025441 0.213341 0.010654 0.15755 0.000786 0.20016 0.007236 0.256508 0.014419 0.238762 -0.002621 1.640096
19.59145 234.617213 31.86866 966.060979 4.980668 412.917348 1.110918 340.175921 2.452856 248.720355 2.004509 281.729881 -54.59283 195.547941 -79.522472 915.756499 -34.604842 1580.0955 -29.044779 1970.240763 -17.3897 1859.362909 -15.851352 1713.547227 32.904629 -747.992969 0.005607 0.403249 0.830742 1.488814 2.109876 9.562343 2.45962 14.671143 1.23521 14.16945 1.136888 11.810637 0.000412 0.527387 7.8e-05 1.572968 1.1e-05 0.703788 -2.8e-05 0.646614 0.000211 0.828163 0.000103 0.775554 1.203107 8.146447
19.428431 244.798302 33.715924 1045.125833 9.94522 642.303495 3.95129 615.632879 6.216357 456.62963 5.71562 485.192965 -55.157511 209.868544 -78.682815 953.506005 -33.692601 1611.032508 -26.477603 2007.397157 -15.930617 1871.968019 -14.720567 1727.328492 42.049778 -479.494013 -0.000341 0.108117 0.02602 1.554721 0.849832 25.233939 0.871953 40.552592 0.859519 31.337867 0.950487 27.481553 -0.001453 0.253004 0.002228 0.381212 0.006093 0.149966 0.059381 0.173549 0.031962 0.021291 0.02092 0.027598 0.559989 29.725486
20.579378 237.462041 37.521943 1032.075122 32.238579 818.348452 27.872609 837.213719 28.11683 648.627716 25.203019 656.898287 -49.843099 194.994804 -75.887099 897.784502 -33.771322 1539.919079 -26.051327 1911.991501 -15.217652 1770.986008 -14.115094 1635.680861 84.704623 -276.055365 0.016559 -0.055804 0.101745 -0.040998 6.372083 10.647711 10.835068 16.996617 7.891988 16.804069 6.914399 12.981111 0.134576 -0.273306 0.025285 -0.838763 -4.6e-05 -0.802577 0.00173 -1.161353 0.008161 -1.39987 0.006357 -1.249008 7.392588 27.904149
25.324773 243.555547 48.180992 922.611527 63.031584 1430.077354 103.362732 1670.942976 72.63603 1584.909807 31.466963 1535.479598 -46.671142 201.636755 -63.497851 902.135302 -29.917039 1609.279124 -25.652263 1980.506167 -13.674523 1846.067103 -11.785414 1726.712458 149.342706 -9.953756 0.245939 0.038598 0.665427 -3.067419 5.113661 84.81624 23.88565 142.623873 10.369346 205.714623 0.347252 183.742609 0.052138 0.055617 0.551702 0.005258 0.116733 0.763909 0.00154 0.603035 0.041239 0.779333 0.104987 1.232496 9.102735 181.170433
28.154833 270.525236 59.539969 1054.054336 142.364742 2122.641291 202.023651 2485.787859 193.907895 2499.38313 154.273542 2401.005351 -38.472128 215.468047 -55.356184 946.31121 -24.665149 1723.550049 -21.437502 2100.078542 -11.520907 1956.334745 -9.784484 1838.261863 299.959108 33.216294 0.074934 0.707929 0.600566 4.375133 15.939469 68.157702 16.376234 80.6495 29.18597 103.691558 46.391736 96.331446 0.395688 0.229388 0.279186 0.527954 0.253256 1.959549 0.189 1.752276 0.092211 1.599188 0.093009 1.745639 25.997172 79.536346
28.140666 245.022358 51.501134 937.783332 106.550054 1719.798484 136.633727 2020.905427 132.156269 1973.823868 109.726577 1895.820177 -37.232388 200.55054 -53.848771 898.142975 -22.931388 1651.422077 -18.717584 2021.643963 -9.725322 1880.266713 -8.334176 1763.465706 213.582699 1.135706 -2e-06 -0.631169 -0.291369 -3.396482 -2.590043 -21.175443 -6.372895 -24.041314 -5.900806 -30.981395 -3.785533 -29.80109 0.010152 -0.26754 0.010404 -0.629068 0.031588 -0.770827 0.092223 -0.746355 0.076011 -0.754172 0.058138 -0.77672 -7.316261 -22.068034
26.79661 237.544161 47.953131 926.454788 106.129265 1861.765253 146.17049 2202.906909 138.680359 2208.107267 111.243236 2110.009895 -35.703962 199.392007 -54.520452 860.918784 -25.487337 1653.560356 -22.519584 2023.944313 -11.806418 1904.286219 -10.18526 1782.739997 231.414356 11.23841 -0.016444 -0.057947 -0.063307 -0.034421 -0.000416 2.81476 0.160846 3.922988 0.07859 6.567761 0.005205 5.730407 0.016016 -0.001678 -0.002082 -0.393902 -0.067509 0.000692 -0.175643 0.000654 -0.100808 0.076223 -0.092743 0.05238 0.357413 5.228899
27.701875 232.022442 49.433699 928.089403 113.345386 2015.314779 155.827094 2371.539529 147.194413 2390.911184 119.518365 2292.389938 -33.580632 194.651372 -50.504896 853.910632 -22.300175 1670.464 -20.652042 2027.545035 -9.989592 1921.562285 -8.473305 1805.589504 233.875914 25.616925 0.007519 -0.032467 0.011255 0.00072 0.118662 3.041814 0.154428 3.109297 0.126813 3.634524 0.148421 3.779389 0.032544 -0.028518 0.076794 -0.01432 0.106401 0.04298 0.040412 0.0016 0.075854 0.039006 0.078703 0.07275 0.006511 2.920485
28.30951 230.450516 52.078922 952.767361 118.542667 2030.062504 161.597566 2388.537925 156.565915 2419.399825 127.585569 2314.853064 -32.991325 181.132327 -50.99452 834.24463 -22.799568 1639.66829 -20.547105 2000.116441 -9.977238 1886.502779 -8.46928 1772.731495 245.589858 33.102822 0.003296 -0.002671 0.034471 0.161902 0.05825 0.026882 0.052455 0.030351 0.144597 0.084361 0.13172 0.054761 0.002608 -0.243257 -0.001181 -0.114552 -0.002765 -0.143257 0.000134 -0.093396 4e-06 -0.161394 0.0 -0.150863 0.143114 0.479125
27.818762 225.031401 48.804253 943.586292 111.306111 1986.620828 152.699046 2331.128254 147.699312 2369.633449 119.806687 2272.89896 -34.835483 173.681438 -50.021302 825.182368 -23.407876 1632.951728 -21.801692 1991.951022 -10.896448 1884.215178 -9.046929 1770.750231 238.83036 27.786956 -0.002145 -0.032238 -0.053162 -0.022225 -0.113946 -0.234924 -0.125995 -0.349176 -0.129218 -0.258587 -0.122328 -0.191835 -0.025075 -0.078241 0.004688 -0.024745 -0.004004 -0.006892 -0.018588 -0.008351 -0.020249 -0.000694 -0.009527 -0.000554 -0.047163 -0.23249
27.014638 225.955539 46.492554 940.996395 106.097214 1965.945176 148.163862 2321.269227 144.121774 2341.687096 117.810736 2237.34601 -34.762137 172.461086 -50.440742 827.783709 -22.117594 1657.68793 -20.76591 2028.095003 -9.925455 1924.910487 -8.164014 1802.128157 229.69045 20.404913 -0.005896 0.000947 -0.028043 -0.00178 -0.062411 -0.054077 -0.034183 -0.010446 -0.02193 -0.082886 -0.008383 -0.140129 3.9e-05 -0.002151 -0.000876 0.002047 0.018288 0.092974 0.012604 0.162487 0.022653 0.217393 0.022662 0.137787 -0.089159 -0.568748
25.054878 230.620657 44.978982 951.910201 102.097332 1991.206493 139.591821 2348.314771 133.779001 2374.377722 108.378501 2269.376967 -37.227842 173.040027 -54.517591 829.748776 -25.574496 1646.609779 -23.744983 2010.94732 -12.317285 1897.370894 -10.450077 1780.206875 227.282346 26.71614 -0.036893 0.023834 -0.012523 0.031463 -0.038427 0.080631 -0.127706 0.078323 -0.192533 0.113303 -0.196751 0.113829 -0.042238 0.000485 -0.079207 0.001165 -0.12545 -0.018571 -0.099805 -0.0364 -0.128974 -0.099213 -0.140913 -0.067072 -0.006345 0.424564
23.850823 229.990909 41.616462 942.556677 99.414517 1964.542094 137.188461 2315.282673 132.561126 2339.535882 106.715376 2238.781845 -38.135367 167.320102 -54.664859 814.122721 -26.949124 1618.963933 -25.505395 1980.627922 -13.464096 1870.89691 -11.368184 1756.663574 230.519379 26.16203 -0.014824 -0.00043 -0.065308 -0.023091 -0.01786 -0.089869 -0.010435 -0.116984 -0.002784 -0.128765 -0.00643 -0.10382 -0.005464 -0.048067 -9.9e-05 -0.07427 -0.017991 -0.117025 -0.031472 -0.115152 -0.025519 -0.092998 -0.019325 -0.078359 0.011444 -0.002903
22.681468 238.889685 39.523029 973.106259 96.849173 2012.604049 135.262415 2368.394675 128.164822 2385.025802 102.440067 2281.880601 -39.192322 171.745843 -56.869031 824.630446 -28.75521 1638.557034 -28.167169 1998.273549 -15.091009 1897.438658 -12.751046 1782.230158 231.21347 27.84807 -0.014695 0.084452 -0.02701 0.243607 -0.016766 0.290414 -0.006808 0.30115 -0.037067 0.219002 -0.0437 0.205451 -0.007224 0.028885 -0.021782 0.033688 -0.029287 0.058924 -0.066043 0.039128 -0.046384 0.093473 -0.039675 0.092354 0.000522 0.026323
22.473136 250.581768 38.504965 995.097446 96.406576 2020.755914 134.407924 2371.279748 128.752285 2385.793466 103.033339 2282.890065 -41.851076 173.544785 -58.310343 834.133076 -28.870486 1656.999765 -27.805088 2011.803269 -15.414155 1910.318888 -13.085798 1797.730136 233.264311 26.392775 -0.000481 0.139665 -0.006642 0.12286 -0.000507 0.008238 -0.001354 0.000878 0.000672 6.2e-05 0.000856 0.000112 -0.043624 0.004686 -0.009018 0.027219 -0.000115 0.051605 0.001171 0.022824 -0.001712 0.021785 -0.002169 0.033555 0.004528 -0.019526
22.517463 255.14859 37.769529 989.269931 95.343335 2015.327088 132.897469 2365.99696 126.875197 2385.832188 101.425951 2286.160323 -42.323563 179.570392 -60.213163 835.823548 -29.313334 1651.179624 -27.696008 2005.004279 -14.938068 1904.191022 -12.716249 1795.367208 228.882672 27.12268 2.2e-05 0.02062 -0.003546 -0.008557 -0.002948 -0.003651 -0.004268 -0.002946 -0.006892 0.0 -0.006318 0.00117 -0.001326 0.051415 -0.015275 0.000856 -0.001685 -0.00512 0.000107 -0.005754 0.003734 -0.004922 0.002647 -0.000777 -0.020772 0.004978
21.256461 247.487362 38.2726 983.560096 96.648783 2012.854609 134.501505 2359.30933 129.107738 2377.217321 102.925915 2280.608908 -43.35448 174.250777 -60.496138 832.167979 -29.737771 1654.811981 -28.765663 1994.182783 -15.762771 1895.900111 -13.438737 1791.714338 235.094578 27.193936 -0.018167 -0.05839 0.001664 -0.008263 0.004438 -0.000759 0.004811 -0.004732 0.009736 -0.007791 0.005505 -0.003374 -0.006202 -0.039992 -0.000332 -0.004006 -0.001525 0.001995 -0.010133 -0.014641 -0.011079 -0.009044 -0.009981 -0.00186 0.041586 4.7e-05
21.661068 255.71959 37.678592 996.233246 94.17085 2019.395813 131.151338 2367.781501 125.074145 2383.494334 99.835964 2283.245779 -42.261039 176.001151 -60.76119 831.894783 -29.71512 1657.43968 -28.644855 2009.068453 -15.463758 1907.817459 -13.218564 1799.660183 228.495083 26.445041 0.001907 0.067342 -0.002323 0.040562 -0.01609 0.005306 -0.021125 0.007592 -0.032006 0.004138 -0.023546 0.000762 0.006983 0.004374 -0.00029 -2.2e-05 4e-06 0.001042 0.000127 0.027675 0.001432 0.018669 0.000909 0.00879 -0.046976 -0.005228
21.422712 255.756764 37.511428 995.711439 94.26504 2014.877579 131.42165 2365.762705 125.507141 2382.951366 100.217246 2281.752476 -42.531973 174.849578 -60.277192 823.223061 -29.809355 1644.074787 -28.809348 1999.39544 -15.581034 1903.764487 -13.266282 1794.475293 229.530948 26.866943 -0.000659 1e-06 -0.000186 -6.8e-05 2.4e-05 -0.00253 0.000139 -0.00043 0.000374 -3.1e-05 0.000363 -0.000244 -0.000433 -0.00189 0.000968 -0.022717 -7.5e-05 -0.027051 -0.000235 -0.011671 -0.000222 -0.002155 -4.3e-05 -0.00374 0.001171 0.001669
22.562061 247.915506 37.957754 962.28666 91.967412 1945.165001 127.810536 2291.745879 120.866316 2306.713517 96.491806 2207.53789 -42.92123 167.941641 -59.03664 809.795131 -28.772409 1626.650869 -27.831401 1979.949961 -14.272553 1890.918333 -11.913732 1783.461092 218.206816 20.643998 0.014759 -0.061041 0.00132 -0.285316 -0.014174 -0.613658 -0.025153 -0.588172 -0.043712 -0.619724 -0.035281 -0.61348 -0.000887 -0.069612 0.006449 -0.055208 0.009178 -0.046411 0.008443 -0.047511 0.028689 -0.021744 0.036353 -0.016953 -0.143227 -0.409301
22.348248 250.056687 37.52888 965.198415 93.682264 1953.86501 130.964509 2299.375945 124.618208 2317.918559 99.265641 2218.492967 -42.575793 169.577441 -59.762088 809.54717 -29.006373 1631.24134 -27.947459 1985.532008 -14.576254 1891.177012 -12.238547 1783.330705 224.434517 21.688596 -0.000509 0.004603 -0.001218 0.002199 0.00792 0.009706 0.019221 0.00634 0.028673 0.013574 0.019653 0.013558 0.000698 0.003964 -0.002215 -1.9e-05 -0.000474 0.003234 -0.000121 0.003929 -0.001599 9e-06 -0.002184 -2e-06 0.043812 0.01289
22.657459 250.543462 36.945911 977.817394 93.35521 1992.223705 131.52731 2343.594601 124.929535 2362.854336 99.308997 2262.48633 -41.169593 172.900099 -58.728689 817.210695 -29.326244 1627.914636 -28.756297 1972.6647 -15.526075 1878.137106 -13.05886 1771.657055 228.538873 27.791041 0.001062 0.000237 -0.002282 0.040978 -0.000286 0.186441 0.000603 0.210569 0.000194 0.215698 5e-06 0.215964 0.011807 0.016118 0.004506 0.018051 -0.000877 -0.001698 -0.005769 -0.020915 -0.014989 -0.022556 -0.013304 -0.019167 0.018595 0.377757
20.98298 236.588437 36.220997 953.766457 91.890033 1968.005256 128.490274 2314.432384 124.828558 2338.038402 99.479187 2239.112108 -41.91102 158.681571 -60.201139 792.139534 -30.952173 1588.527719 -29.989197 1936.320999 -16.281963 1837.736991 -13.759735 1730.452956 231.276011 30.078994 -0.032137 -0.199928 -0.003591 -0.14974 -0.005794 -0.074054 -0.017737 -0.091288 -2e-05 -0.065502 7.3e-05 -0.060685 -0.003308 -0.304992 -0.009115 -0.195297 -0.021933 -0.241165 -0.012939 -0.168956 -0.008983 -0.219628 -0.00916 -0.242402 0.008147 0.045246
21.482343 238.585401 36.391376 959.180479 95.166954 1987.671414 134.461829 2337.200945 130.485013 2367.550058 103.74182 2267.351475 -42.125453 159.140887 -59.95411 793.617828 -30.99762 1583.586471 -29.91906 1930.851562 -16.477697 1828.995403 -13.890358 1722.82311 239.700891 34.700595 0.002936 0.004196 0.0002 0.007661 0.028705 0.048887 0.067815 0.055723 0.062667 0.092544 0.04471 0.088481 -0.000274 0.000332 0.000254 0.000689 -1.7e-05 -0.003849 4.1e-05 -0.003868 -0.000585 -0.01042 -0.000309 -0.008429 0.075359 0.165071
20.025123 234.880681 35.059867 963.5725 91.705803 1991.099041 129.652559 2329.826224 124.406441 2352.370688 98.713296 2260.986794 -40.234079 164.19822 -58.327776 801.032836 -30.445839 1602.819873 -31.120693 1923.043248 -16.797839 1840.686598 -14.012495 1742.063175 232.632052 31.337834 -0.025588 -0.014494 -0.012408 0.005016 -0.032055 0.001476 -0.04379 -0.005827 -0.07249 -0.024409 -0.062458 -0.004473 0.02172 0.039553 0.011181 0.01724 0.002478 0.058048 -0.011829 -0.00791 -0.00154 0.018623 -0.000267 0.053419 -0.052898 -0.085674
21.163239 236.877136 36.018387 968.431912 91.968213 1991.195056 130.351325 2354.192018 124.697135 2360.341567 98.164736 2253.481576 -43.268848 162.281203 -57.405812 811.878509 -28.0768 1591.327435 -27.858828 1943.147391 -15.346833 1848.229192 -12.678061 1733.369553 227.53582 31.273936 0.015727 0.004224 0.006463 0.006111 0.000187 1e-06 0.000939 0.063375 0.00017 0.006741 -0.000764 -0.006239 -0.055165 -0.005628 0.003672 0.036465 0.04797 -0.020675 0.090268 0.052271 0.032766 0.007711 0.033379 -0.010873 -0.028221 -3.3e-05
20.862419 264.792613 35.943591 1003.030313 91.666651 1997.942105 130.250629 2350.965053 122.79354 2363.750567 97.780664 2259.261951 -45.316158 170.146005 -61.252207 820.53892 -30.923463 1620.705308 -30.316856 1986.643144 -16.90893 1896.553405 -14.199284 1780.084906 230.835503 25.694575 -0.001077 0.777282 -3.9e-05 0.303618 -0.000248 0.005706 -1.9e-05 -0.001107 -0.007321 0.00123 -0.000376 0.003702 -0.023661 0.093049 -0.062358 0.022973 -0.068713 0.134351 -0.051951 0.240717 -0.037847 0.311811 -0.043084 0.31058 0.011877 -0.273873
20.275719 255.8152 36.448569 974.383491 94.661172 1963.702071 132.639783 2310.608442 127.723354 2330.982927 102.330662 2228.587594 -42.877467 166.042997 -59.607873 807.702062 -30.218053 1597.669163 -29.253985 1952.322447 -16.114089 1863.120083 -13.581843 1750.604217 234.571019 26.177337 -0.004184 -0.077409 0.001761 -0.207514 0.024064 -0.147969 0.010857 -0.174693 0.048511 -0.114355 0.051734 -0.104831 0.033723 -0.025038 0.011186 -0.050603 0.004069 -0.082444 0.009483 -0.149523 0.009567 -0.148658 0.006862 -0.123082 0.014992 0.002247
20.261872 258.928946 35.360214 990.654712 95.376862 1993.611884 134.957295 2359.270825 130.087827 2369.744287 103.785049 2261.177539 -43.658029 167.850429 -58.198885 813.3632 -28.681265 1608.087625 -28.048098 1974.819944 -15.289492 1888.404258 -12.706898 1770.3028 234.57321 27.292744 -2e-06 0.009418 -0.008248 0.067367 0.001348 0.113032 0.010036 0.25355 0.010843 0.159812 0.005131 0.118282 -0.00352 0.004892 0.008426 0.009885 0.020052 0.01693 0.01269 0.064441 0.010828 0.085205 0.014564 0.055105 0.0 0.011635
19.658942 254.467826 36.002721 975.634564 95.188934 1976.10348 133.802718 2332.902766 127.832504 2348.730142 101.748678 2244.0972 -43.337723 165.145516 -61.621849 802.275596 -30.589501 1592.197084 -29.670624 1940.526877 -16.267391 1846.497627 -13.732023 1736.304252 235.302994 30.170923 -0.004553 -0.019383 0.002892 -0.057369 -9.3e-05 -0.038611 -0.00248 -0.074089 -0.009861 -0.046794 -0.010088 -0.032377 0.00059 -0.010986 -0.048903 -0.038046 -0.030726 -0.039451 -0.02281 -0.150183 -0.015155 -0.235109 -0.019881 -0.164821 0.000567 0.072125
18.338669 247.640416 35.100395 971.283281 97.374286 1964.474992 136.764463 2320.410086 133.498423 2336.764408 106.726213 2232.839037 -47.013446 153.484251 -65.626223 782.058575 -32.882443 1575.421707 -31.272769 1933.996041 -17.646255 1835.804505 -15.042609 1721.655825 248.216761 30.181859 -0.022944 -0.04642 -0.005726 -0.004862 0.012401 -0.017158 0.016211 -0.016769 0.061429 -0.015279 0.05943 -0.014155 -0.0748 -0.213462 -0.063023 -0.128996 -0.04143 -0.044421 -0.021063 -0.005504 -0.028043 -0.015526 -0.029862 -0.031027 0.17248 1e-06
19.01014 248.347402 34.758834 977.609028 96.764723 1981.554339 136.326228 2335.261191 133.220341 2354.251883 106.109493 2250.374461 -46.36316 152.901515 -63.094348 785.058131 -31.536915 1586.434297 -30.416542 1942.117308 -16.961422 1846.198483 -14.328588 1733.557909 245.252397 30.838271 0.006036 0.000504 -0.000835 0.010266 -0.000957 0.036962 -0.000352 0.023687 -0.000145 0.032596 -0.000894 0.034294 0.002264 -0.000554 0.024903 0.002871 0.014054 0.019178 0.005942 0.008508 0.006777 0.014671 0.00868 0.020499 -0.008904 0.003531
18.184365 235.618995 33.843407 952.905352 93.142478 1955.13513 131.509538 2300.350106 128.170085 2319.714735 101.589894 2219.299334 -46.043779 143.873439 -62.330394 762.801659 -32.607331 1562.233105 -32.653739 1899.127443 -18.841024 1811.94389 -15.752313 1706.311034 245.29347 31.320619 -0.009168 -0.167409 -0.006108 -0.158066 -0.034548 -0.088651 -0.043315 -0.131461 -0.048792 -0.127604 -0.04918 -0.108025 0.000552 -0.137352 0.002327 -0.16002 -0.008932 -0.093009 -0.039691 -0.240571 -0.049373 -0.160382 -0.033711 -0.107912 2e-06 0.001872
18.52922 236.554517 34.247391 952.713823 94.532706 1951.768106 133.203555 2295.300601 129.941841 2315.86922 103.342857 2216.002071 -45.920383 145.029524 -61.75513 764.974393 -32.153013 1558.361264 -31.738709 1900.899098 -18.217881 1811.779737 -15.289958 1704.365283 245.468816 30.896621 0.00162 0.000927 0.001198 -1e-05 0.005149 -0.001451 0.00542 -0.002774 0.006081 -0.001595 0.007497 -0.001226 8.3e-05 0.002313 0.001333 0.001545 0.001594 -0.002402 0.006502 0.000413 0.005239 -4e-06 0.003443 -0.000555 3.1e-05 -0.001445
19.316882 237.865891 35.405525 955.989384 97.322652 1962.316689 137.546698 2311.325925 133.511233 2330.235353 106.198663 2229.568034 -44.591824 146.237372 -61.298025 763.33216 -31.732631 1543.886459 -31.260338 1881.342052 -17.73932 1787.824497 -14.904361 1684.311959 248.582943 35.878155 0.008197 0.001812 0.009629 0.002811 0.020287 0.014214 0.034837 0.027874 0.024181 0.022211 0.019462 0.020699 0.009751 0.002504 0.000849 -0.000882 0.001383 -0.033769 0.001816 -0.050563 0.003185 -0.079712 0.002462 -0.059336 0.009815 0.186076
19.049922 240.767743 35.236765 957.315087 95.524657 1956.604716 134.754073 2310.487249 129.648215 2326.624921 103.057178 2223.972803 -45.074492 149.337607 -60.280062 774.061682 -30.825562 1565.871993 -30.714834 1912.69735 -17.226534 1824.696585 -14.357889 1715.800151 241.392248 30.455312 -0.000929 0.008797 -0.000202 0.000459 -0.008382 -0.004163 -0.01432 -7.6e-05 -0.028355 -0.0014 -0.023582 -0.003515 -0.001299 0.016259 0.004262 0.037441 0.006576 0.077718 0.002401 0.129568 0.00376 0.188177 0.005103 0.145808 -0.052767 -0.222034
]