08-14-20_Matthew_4KDepth.snake_below_blue_chair.0000000000 [ 26.540944 144.845465 71.485552 907.863888 165.681442 2007.877614 216.432067 2352.118897 219.079351 2383.071827 183.439914 2319.599619 -67.515236 133.20046 -107.947301 801.254687 -82.295124 1524.851365 -85.204119 1860.993269 -59.503824 1723.695554 -51.461489 1637.748383 506.934302 53.279839 0.0 0.0 0.0 0.0 0.0 0.0 0.0 0.0 0.0 0.0 0.0 0.0 0.0 0.0 0.0 0.0 0.0 0.0 0.0 0.0 0.0 0.0 0.0 0.0 0.0 0.0
27.008257 154.064173 72.476507 918.835695 170.284036 2028.353236 225.87679 2402.316601 223.970961 2426.201677 184.292912 2349.132839 -63.607377 141.635152 -100.706653 804.441756 -77.923468 1472.022132 -80.952646 1782.061319 -57.721192 1635.741851 -49.240401 1560.015126 509.093744 77.654572 0.002039 0.142191 0.003411 0.032951 0.031528 0.051936 0.100849 0.265003 0.027004 0.193399 0.000989 0.093411 0.058246 0.129461 0.125669 0.003163 0.059653 -0.465676 0.0544 -0.855187 0.013555 -1.151559 0.024497 -0.944934 0.002295 2.288803
26.331201 156.838702 73.30088 937.643702 169.13515 2078.944989 221.988653 2434.905357 218.393515 2467.574212 180.212021 2402.68676 -63.94777 146.210128 -110.856004 813.538639 -83.318722 1468.949071 -83.395289 1778.955947 -60.156657 1621.510701 -52.513105 1549.342287 507.790866 88.485963 -0.004297 0.01238 0.002331 0.095274 -0.001944 0.311594 -0.016878 0.109778 -0.035162 0.174887 -0.022845 0.301791 -0.000454 0.036359 -0.243589 0.025573 -0.090289 -0.001606 -0.018153 -0.001354 -0.025162 -0.031089 -0.052644 -0.018317 -0.000835 0.353448
26.894817 146.664175 71.320553 920.746246 165.360441 2062.44175 217.302105 2429.216918 213.526953 2461.738294 176.286806 2392.735416 -65.229193 139.915458 -111.682726 803.460693 -83.097651 1463.547643 -83.333412 1776.565448 -59.887762 1614.867639 -52.178203 1542.056256 499.579711 88.934178 0.002984 -0.170592 -0.013559 -0.076822 -0.021299 -0.032882 -0.025 -0.003326 -0.027417 -0.003455 -0.02161 -0.010325 -0.006356 -0.069249 -0.001536 -0.031406 0.000147 -0.004975 1.1e-05 -0.000804 0.000301 -0.006818 0.000536 -0.008586 -0.033465 0.000566
28.667924 142.699479 73.981369 929.819968 174.932186 2081.11156 229.650524 2440.242986 229.857418 2478.316561 190.884629 2412.980813 -65.839917 134.512635 -108.750446 812.839037 -80.376631 1468.157384 -81.036811 1771.068283 -58.155922 1608.327133 -50.250681 1539.488266 519.249757 93.677995 0.028299 -0.027162 0.024365 0.022245 0.134644 0.042061 0.170614 0.012483 0.300839 0.027817 0.290301 0.042645 -0.001423 -0.053189 0.019504 0.027208 0.022647 0.003624 0.016045 -0.004259 0.012705 -0.006636 0.018138 -0.00107 0.189898 0.061627
29.255887 145.664977 74.267204 949.683207 177.443174 2126.618426 234.793085 2498.387358 234.761486 2538.666075 193.376727 2468.90914 -63.713049 136.619097 -104.783343 828.792205 -77.242538 1474.080328 -77.697385 1772.302633 -55.309895 1594.597045 -47.676698 1529.42045 517.97165 109.260425 0.002984 0.015249 0.000276 0.104964 0.008947 0.246087 0.028471 0.34229 0.025882 0.362987 0.008081 0.320376 0.01746 0.008183 0.036854 0.077517 0.031162 0.005962 0.035131 0.000215 0.035699 -0.029429 0.033834 -0.016514 -0.000787 0.599125
29.990535 149.745712 76.305659 958.551837 180.601585 2137.085621 238.713943 2509.653929 237.694661 2545.5318 195.64714 2477.002823 -63.414665 140.489806 -101.944895 837.834704 -75.979447 1475.721143 -77.25946 1780.845457 -54.439722 1604.729232 -46.719693 1536.414923 519.642898 108.039222 0.004555 0.028187 0.013799 0.020609 0.013931 0.012848 0.016234 0.012673 0.009105 0.004636 0.006625 0.006622 0.00035 0.027035 0.019487 0.024531 0.005206 0.000456 0.000619 0.01027 0.00345 0.016044 0.004851 0.007979 0.001346 -0.003432
31.229019 144.506141 76.098783 939.637096 175.710514 2090.704756 231.376094 2452.364191 230.494041 2475.350762 189.577339 2411.595527 -62.269046 141.855919 -100.540974 843.823459 -73.350133 1477.553028 -73.887887 1788.93887 -51.668562 1605.56456 -44.368893 1534.467507 500.422042 93.768243 0.012529 -0.046653 -0.00014 -0.094241 -0.033571 -0.254418 -0.057273 -0.330735 -0.055375 -0.490513 -0.047822 -0.43758 0.005221 0.003305 0.004867 0.010664 0.02315 0.000568 0.037609 0.009175 0.036192 0.000109 0.03034 -0.000617 -0.181103 -0.505224
31.185533 142.09526 77.824635 939.106584 179.700608 2113.31861 236.956953 2480.70639 235.043584 2523.208829 193.798682 2457.127007 -62.415174 140.754226 -103.065468 837.490719 -72.414056 1480.761448 -72.311331 1789.281746 -50.397192 1609.492894 -43.203631 1541.371468 503.115181 102.274113 -1.5e-05 -0.01014 0.009676 -7.5e-05 0.022399 0.060822 0.033253 0.081419 0.022231 0.229111 0.023241 0.212906 -8.6e-05 -0.002147 -0.015651 -0.011926 0.003006 0.00174 0.008501 1.6e-05 0.007919 0.0024 0.007753 0.007748 0.003614 0.184613
33.122304 142.188281 79.711968 933.079091 177.410305 2067.093728 231.569795 2424.747149 230.333536 2445.074189 190.49021 2377.255392 -60.795297 140.399179 -99.497141 834.382534 -68.169956 1505.524733 -67.622192 1825.162551 -46.345466 1644.370133 -39.608061 1568.759804 483.317965 79.154073 0.029172 1.5e-05 0.011306 -0.009703 -0.007344 -0.255573 -0.030972 -0.31919 -0.023836 -0.614438 -0.014242 -0.659848 0.010649 -0.000224 0.031432 -0.002889 0.064077 0.102674 0.078588 0.1781 0.084883 0.186925 0.078094 0.120595 -0.19868 -1.479164
33.676964 141.892624 78.267374 923.659539 177.449844 2016.340004 232.166096 2359.663132 231.041661 2372.492566 191.473558 2311.857231 -60.280987 143.211238 -99.578551 844.352495 -68.80331 1510.818813 -68.69651 1832.783537 -46.627867 1653.921759 -39.991043 1577.34001 485.255462 64.638421 0.002303 -0.000154 -0.006605 -0.023894 2e-06 -0.315426 0.000383 -0.442701 0.000543 -0.54679 0.001266 -0.45607 0.001092 0.013941 -1.7e-05 0.029606 -0.001464 0.004646 -0.004233 0.007939 -0.000429 0.01383 -0.000921 0.0117 0.001938 -0.734544
33.554421 139.178467 76.048771 898.148512 174.049728 1906.305678 226.019784 2221.999429 229.276365 2200.478185 190.476225 2149.977321 -60.291955 142.256094 -99.304899 842.173171 -67.781289 1509.758605 -67.891844 1835.702097 -45.306449 1662.464612 -38.76961 1580.952832 478.422926 37.649547 -0.000112 -0.013105 -0.015949 -0.178626 -0.016445 -1.543593 -0.041227 -2.068635 -0.003385 -3.236345 -0.001302 -2.937551 -0.0 -0.001598 0.000188 -0.001408 0.003824 -0.000186 0.00237 0.001161 0.009497 0.011003 0.009472 0.002066 -0.024222 -3.624758
34.833021 137.735645 75.905169 884.538316 173.836692 1799.292295 224.924654 2069.703414 230.463275 2024.568348 191.435291 1990.935741 -59.812185 142.844768 -97.334648 842.17542 -65.992788 1500.507762 -66.313235 1826.182537 -43.531818 1653.646885 -37.233042 1571.413751 474.319682 18.750167 0.011954 -0.003759 -6.8e-05 -0.051955 -6.5e-05 -1.545534 -0.00133 -2.703051 0.001532 -3.663592 0.001204 -3.055312 0.000958 0.000608 0.009871 0.0 0.011956 -0.014214 0.009285 -0.012374 0.017727 -0.011723 0.015534 -0.014433 -0.008836 -3.260828
36.317271 133.694701 78.314734 794.638231 175.189911 1530.711401 223.109205 1755.313315 228.81198 1702.946484 192.268804 1682.453851 -58.029082 145.088893 -94.342312 840.844736 -63.243052 1503.872282 -63.485788 1837.973353 -41.249601 1667.890744 -35.117206 1575.982926 464.364468 0.18229 0.015483 -0.030082 0.018825 -2.408271 0.002623 -10.848846 -0.003678 -12.942249 -0.002969 -13.901201 0.000905 -12.975678 0.013491 0.008745 0.023359 -0.000526 0.029256 0.001884 0.030799 0.018971 0.030723 0.030541 0.030945 0.003317 -0.052791 -15.23491
36.701332 132.414308 78.260624 736.710824 176.306275 1334.045084 216.631692 1507.638381 228.882131 1425.637209 192.037788 1420.291822 -58.342572 146.206524 -93.045574 826.583886 -61.282859 1487.751936 -61.236021 1814.077023 -39.774714 1645.946407 -33.430791 1554.833825 459.483692 -7.911021 0.00101 -0.00308 -9e-06 -1.096022 0.001773 -6.758571 -0.04771 -9.413484 5e-06 -12.31421 -6.9e-05 -11.09534 -0.000422 0.002144 0.004487 -0.060985 0.015429 -0.043433 0.020293 -0.078181 0.013425 -0.072659 0.020748 -0.071433 -0.012893 -10.495059
37.804043 133.217452 84.711645 753.318676 175.610344 993.8736 213.434291 1076.567063 219.109877 916.441682 183.895182 933.063433 -58.551228 154.357284 -94.018905 836.058609 -61.974348 1496.630217 -60.810449 1820.847387 -39.683421 1642.86081 -32.773911 1547.381535 445.287582 -105.255937 0.008161 0.001214 0.127727 0.092558 -0.000688 -24.988212 -0.011886 -36.207152 -0.106596 -56.022582 -0.088194 -50.9892 -0.000186 0.110537 -0.002532 0.026997 -0.00194 0.013206 0.000742 0.006305 5.2e-05 -0.001447 0.003259 -0.008951 -0.111377 -55.4545
39.736381 135.687621 97.076548 855.525128 185.793223 778.867795 215.682458 753.527601 219.280016 552.265895 185.99639 591.135584 -58.36083 156.419099 -92.080968 853.789237 -62.801245 1494.438355 -61.890009 1819.141919 -41.50065 1633.683787 -34.462143 1538.792591 451.571265 -286.236189 0.024081 0.011346 0.421007 3.249762 0.143484 -13.086725 0.005889 -28.736292 3.3e-05 -45.866074 0.005968 -38.847884 0.000155 0.00684 0.010091 0.093021 -0.00274 -0.000803 -0.004749 -0.0004 -0.020341 -0.012852 -0.021198 -0.011952 0.022013 -44.343407
41.346511 135.993217 107.718166 884.197456 189.327607 512.097752 214.978192 420.508035 210.184438 274.861336 181.824556 324.910255 -56.125775 158.212722 -90.796171 866.288161 -61.001028 1499.120684 -59.602765 1823.026217 -39.501036 1642.178629 -32.885998 1544.850813 431.921618 -573.356354 0.015988 0.000172 0.276669 0.23629 0.016651 -27.863893 -0.000576 -48.221422 -0.096328 -47.905718 -0.023659 -39.539106 0.021819 0.005112 0.004513 0.045412 0.013089 0.003662 0.021532 0.002071 0.024685 0.011014 0.018446 0.005951 -0.21854 -49.369518
41.660539 131.820934 125.75941 881.760886 190.039828 290.453402 213.689682 177.355847 201.488919 94.054567 175.987946 137.581583 -55.444247 156.798172 -92.103848 868.056199 -60.471384 1503.593534 -58.187017 1852.111057 -38.397226 1659.929582 -32.332731 1555.458831 415.802212 -963.733661 0.000594 -0.032502 0.698084 -0.001681 0.000669 -31.213266 -0.001937 -51.678717 -0.091845 -47.344984 -0.047606 -39.636462 0.002082 -0.003176 -0.004675 0.000901 0.001155 0.003331 0.008508 0.11509 0.007821 0.047712 0.002347 0.018148 -0.153269 -50.398631
39.119891 125.392381 133.784517 821.984852 176.246606 157.610744 210.207771 59.769046 186.131843 21.354404 168.173295 50.776783 -54.593358 150.376126 -94.708789 843.863455 -60.586713 1484.526532 -57.836589 1841.069691 -36.850363 1657.004133 -31.574449 1556.423265 388.620678 -1302.144047 -0.039963 -0.080347 0.124098 -1.048946 -0.259797 -20.145571 -0.014301 -31.208505 -0.304334 -25.776852 -0.088733 -21.194372 0.00329 -0.06714 -0.018163 -0.170954 -5.5e-05 -0.060833 0.000529 -0.016505 0.015901 -0.00129 0.004499 0.000149 -0.459365 -25.413426
37.496535 117.421722 129.225879 748.837954 153.041141 74.737383 207.357407 9.162807 164.116049 0.112402 156.388164 9.62933 -49.21464 141.35063 -89.753351 818.810598 -56.795788 1464.999158 -54.059624 1836.110723 -34.167385 1659.991993 -29.204553 1560.03137 348.048801 -1632.785057 -0.0172 -0.130858 -0.039509 -1.704003 -0.818682 -15.282104 -0.009729 -22.127911 -0.692616 -18.368239 -0.214035 -16.181848 0.13944 -0.13965 0.066574 -0.188757 0.061231 -0.064641 0.063762 -0.003344 0.050698 0.001346 0.046221 0.002089 -1.118091 -18.684024
39.142784 112.660323 111.493584 710.572461 130.5369 37.14704 118.784073 0.491311 106.434417 -2.083905 99.025632 1.424534 -43.727725 141.405272 -84.25096 821.896334 -51.810345 1498.529252 -49.668996 1889.155222 -30.334613 1720.72604 -25.570578 1609.39605 250.411396 -1842.573551 0.017683 -0.049272 -0.654002 -0.501744 -0.894358 -6.503731 -12.257697 -5.410635 -6.2204 -3.164265 -6.52477 -3.646488 0.162103 5e-06 0.08702 0.002902 0.114486 0.18969 0.092965 0.377673 0.113974 0.545583 0.120678 0.384457 -8.018376 -6.337674
41.132084 108.684009 94.443944 572.203023 49.424647 33.307459 35.908151 0.799323 36.503575 -0.337574 32.574018 3.301196 -41.395238 141.274957 -78.368176 807.444599 -49.134849 1495.363402 -48.449173 1899.039648 -28.112943 1734.223068 -23.176967 1614.604413 128.685946 -1782.951906 0.024652 -0.035719 -0.706986 -7.484599 -19.316096 -0.104701 -24.073444 0.037293 -18.274658 0.744014 -18.009814 0.388604 0.031963 -3e-05 0.10644 -0.064092 0.035463 -0.001674 0.007583 0.012896 0.04224 0.026364 0.058801 0.004207 -20.07407 0.490271
51.150551 105.011353 100.624723 582.163353 18.073613 58.36898 5.380232 11.703483 6.789986 2.440931 6.775208 14.51599 -34.953223 139.335038 -71.594649 799.724794 -44.413649 1484.258997 -44.881417 1884.122036 -24.529699 1714.326007 -19.757323 1595.04645 57.131024 -1587.390712 0.545429 -0.031562 0.097944 0.042972 -7.722615 3.492032 -13.489522 6.385661 -11.8065 4.593989 -9.637562 3.972312 0.272263 -0.006706 0.153052 -0.018541 0.119211 -0.020692 0.068217 -0.029411 0.122092 -0.0574 0.136401 -0.059589 -14.329829 5.678418
50.469236 106.76113 103.573237 597.055322 8.483024 70.999764 0.292876 20.798272 0.455342 6.915104 0.616486 23.731014 -35.250212 142.620598 -70.900406 803.406291 -43.193955 1469.537607 -43.996828 1865.752181 -23.166122 1696.213843 -18.832409 1579.825884 30.117155 -1486.523356 -0.002284 0.007229 0.021289 0.094037 -1.792236 0.618073 -3.162537 1.298408 -3.728645 1.139152 -3.30424 1.126704 -0.000628 0.019144 0.001691 0.004227 0.008491 -0.036685 0.004402 -0.044995 0.019496 -0.048094 0.011086 -0.036484 -4.287371 1.655375
52.858568 102.415696 106.170041 601.703184 11.037937 78.781716 1.156598 23.108752 1.574231 7.117727 1.793752 22.454208 -34.822046 134.66822 -70.841046 788.138727 -42.389276 1446.348113 -42.300998 1835.890315 -22.710403 1660.527029 -18.464082 1545.381957 36.243134 -1450.212667 0.027629 -0.045141 0.016076 0.00901 0.167916 0.202294 0.285447 0.060833 0.336277 0.001463 0.307076 -0.017652 0.001308 -0.114057 1.2e-05 -0.073232 0.003783 -0.092212 0.016664 -0.120453 0.002264 -0.189706 0.001819 -0.189815 0.283362 0.224487
58.476636 102.413826 99.731411 619.62098 20.455239 65.659448 8.171202 20.665778 10.878511 4.208638 9.827226 19.878612 -30.817687 138.519385 -64.294854 794.597402 -38.701871 1445.540105 -38.68426 1833.994536 -20.579892 1659.108633 -16.360005 1544.76835 61.383548 -1496.193514 0.141837 -0.0 -0.100694 0.131441 1.440979 -0.597304 3.17937 -0.068222 4.176199 -0.379962 3.223929 -0.078424 0.122257 0.027147 0.158647 0.013178 0.083881 -0.000113 0.080801 -0.00049 0.052458 -0.000303 0.063622 -6.1e-05 3.292549 -0.358804
57.937945 103.626564 88.225213 635.072765 32.548305 63.875579 21.167846 15.57233 26.174653 1.382169 22.750898 13.927125 -29.686989 138.482979 -61.278054 793.57266 -36.737559 1436.486191 -37.225769 1826.97784 -19.706673 1661.620197 -15.246638 1548.887404 91.304462 -1567.155817 -0.001246 0.003569 -0.35252 0.095149 1.397988 -0.012284 3.035683 -0.35974 3.304609 -0.767095 2.67306 -0.528002 0.010566 -2e-06 0.036243 -0.000331 0.025578 -0.014222 0.014013 -0.006724 0.009465 0.00095 0.019616 0.002742 2.960366 -0.822029
59.147934 103.800777 88.226221 698.618726 38.729798 62.689725 27.397034 10.907921 31.065887 1.421697 27.190704 13.314435 -28.21274 137.483861 -58.571617 792.396391 -35.728719 1433.429933 -36.376563 1821.445392 -19.607441 1658.567514 -14.908388 1547.916866 100.034144 -1562.871143 0.006252 7.3e-05 0.0 1.514737 0.268546 -0.005556 0.401151 -0.414047 0.209362 0.000279 0.197741 -0.006891 0.018772 -0.001809 0.030562 -0.000436 0.007023 -0.001627 0.004899 -0.004195 0.000125 -0.001403 0.001897 -0.000152 0.199246 0.002933
60.095372 104.793655 90.113981 735.606595 33.318743 68.475761 19.912828 12.491565 24.052977 2.314004 21.275866 15.748575 -28.330191 139.034423 -59.459555 822.703935 -36.278739 1431.248788 -36.639106 1820.209046 -19.738808 1653.55163 -15.12349 1542.74822 87.370545 -1532.151044 0.003764 0.002363 0.009991 0.477028 -0.20348 0.12768 -0.595735 0.053651 -0.447955 0.108133 -0.362276 0.102114 -0.000122 0.004347 -0.00334 0.284387 -0.002101 -0.00083 -0.000472 -0.00021 -0.000219 -0.003798 -0.00077 -0.004322 -0.428352 0.152462
59.195527 103.662609 94.965176 747.001512 29.648647 119.451388 11.438914 51.023766 12.037616 21.750903 11.665892 45.045444 -29.131447 135.411012 -60.103135 819.462941 -38.176198 1426.490287 -38.927017 1814.405543 -22.809189 1650.660384 -17.439049 1538.870452 67.987008 -1293.447683 -0.003394 -0.003068 0.063589 0.04379 -0.107048 7.045699 -1.166903 13.023086 -2.058814 9.875943 -1.432905 7.524833 -0.005587 -0.02392 -0.001732 -0.003198 -0.024182 -0.003962 -0.034643 -0.004633 -0.110928 -0.001265 -0.082435 -0.00244 -1.213958 10.100748
55.90754 111.984969 92.730827 818.972124 17.26391 190.788209 3.911014 112.944817 6.684011 62.033861 6.491439 94.093706 -33.470539 142.437861 -63.835142 846.506714 -39.26273 1459.823394 -39.192546 1845.87017 -23.11689 1677.064353 -17.985437 1561.229662 54.661598 -1094.009764 -0.046971 0.16065 -0.013299 1.654724 -1.664283 8.313008 -1.972671 12.141446 -0.781777 10.31933 -0.752915 8.931734 -0.150557 0.088869 -0.056201 0.219516 -0.007623 0.192483 -0.000451 0.135241 -0.001031 0.104753 -0.004214 0.080633 -0.726032 8.344676
55.211087 114.282358 90.591028 876.663625 13.073424 230.108254 1.883768 149.386414 4.260496 85.379499 4.37648 121.780199 -37.443558 143.643034 -73.764462 850.523851 -44.097584 1467.971942 -42.281695 1858.652581 -25.255022 1683.89393 -20.247306 1566.356019 50.261498 -1010.933082 -0.002183 0.011663 -0.012489 0.981718 -0.290809 1.840659 -0.366175 2.543462 -0.2717 1.860346 -0.207778 1.782801 -0.111383 0.002539 -0.358722 0.004755 -0.140328 0.011339 -0.058585 0.022053 -0.047278 0.006939 -0.066965 0.004201 -0.092303 1.64005
53.133494 119.111187 87.94942 939.968012 15.061802 230.293554 3.579553 139.592384 6.452621 77.676161 6.059212 116.042828 -40.5748 145.175707 -82.077253 863.328507 -48.297859 1487.786192 -45.689316 1889.307557 -27.297882 1704.508746 -22.258621 1586.116664 60.29427 -1054.449527 -0.019922 0.049959 -0.019543 1.103323 0.070349 3.7e-05 0.269845 -0.166017 0.226675 -0.182068 0.136562 -0.069216 -0.062861 0.004067 -0.221865 0.047834 -0.095521 0.066414 -0.066023 0.125367 -0.039721 0.06271 -0.047613 0.061933 0.456171 -0.458484
51.625427 120.77551 91.435447 970.708438 24.233151 352.134714 11.717782 265.403622 15.024952 161.217273 13.46427 205.311225 -40.81465 145.782331 -84.775624 870.198756 -49.332419 1484.978755 -45.496776 1884.144287 -27.824956 1689.068027 -23.122364 1570.460509 83.743361 -806.624549 -0.010855 0.005774 0.033876 0.247304 1.085272 12.886857 2.344432 20.037181 1.784902 15.083346 1.458835 12.647752 -0.000353 0.000632 -0.021821 0.013614 -0.005482 -0.001326 0.000203 -0.003532 -0.00252 -0.035128 -0.008221 -0.038826 1.921554 16.57428
51.262727 131.620772 90.180646 1039.118444 35.404106 408.351988 21.715085 316.988882 25.255711 194.45791 22.020123 238.801898 -40.591545 150.562202 -87.789177 879.546505 -49.302323 1485.633901 -44.93498 1881.404875 -27.452596 1678.304818 -22.87374 1561.399471 105.37081 -730.204814 -0.000639 0.233114 -0.004335 1.164599 1.055586 2.080714 1.529724 2.289074 1.320897 1.556706 1.04692 1.26457 0.000306 0.038551 -0.026315 0.02497 5e-06 7.2e-05 0.001745 -0.000996 0.001254 -0.017201 0.000672 -0.013108 1.240748 1.901184
51.766851 136.916324 90.172156 1025.599509 31.814913 464.762083 15.320832 393.269695 18.078327 252.23784 16.815482 299.334988 -40.994887 158.433067 -90.122808 890.256728 -51.717802 1488.041858 -46.141547 1880.893267 -28.473167 1674.983863 -23.938551 1558.59398 91.927576 -627.230455 0.001233 0.052219 -0.0 -0.044259 -0.095892 1.824175 -0.55616 4.108109 -0.598526 3.752669 -0.350336 3.415413 -0.000997 0.100261 -0.015306 0.032408 -0.028882 0.000975 -0.007993 -3.5e-05 -0.009313 -0.001644 -0.012112 -0.001261 -0.458521 3.911427
51.626455 136.518862 95.484465 1043.513813 29.676371 510.644209 11.516294 445.5359 13.565066 289.352988 13.495783 335.115057 -46.654693 159.111488 -97.544577 893.931734 -53.103954 1490.454527 -46.286851 1868.061267 -30.05409 1647.578112 -25.310167 1532.088285 84.001612 -556.015969 -9.5e-05 -0.000289 0.076018 0.077552 -0.037198 1.079722 -0.271042 1.629944 -0.323514 1.273245 -0.182336 1.009719 -0.182927 0.000725 -0.146814 0.003785 -0.009166 0.000977 -0.000114 -0.021961 -0.021356 -0.113028 -0.019104 -0.113659 -0.178631 2.14499
51.281079 136.281275 105.197851 1010.273113 24.357072 571.049002 7.283119 551.007917 6.389397 370.753547 8.955799 406.929661 -46.50113 160.797064 -96.762261 896.303321 -52.467158 1484.166456 -44.118604 1858.088065 -28.855179 1640.908129 -24.815906 1524.460133 62.400953 -451.696921 -0.00058 -0.000103 0.235211 -0.269019 -0.262465 1.687904 -0.482804 5.597182 -1.33484 5.038152 -0.463811 3.483261 0.000127 0.004441 0.001575 0.001571 0.001921 -0.006646 0.026005 -0.013347 0.012201 -0.006764 0.002437 -0.009519 -1.60228 5.41413
51.449304 136.693025 107.144604 1009.1424 15.030775 662.192046 1.034589 674.36521 1.191485 470.860673 2.495891 496.491304 -46.335688 160.592982 -95.962775 896.413247 -51.529241 1485.631833 -42.073861 1856.292051 -27.601452 1647.292397 -24.368722 1528.474441 40.262326 -356.738631 0.000138 0.000311 0.008924 -0.000317 -1.120071 3.372588 -2.827705 6.224949 -2.062596 5.974909 -1.995962 4.450358 0.000147 -6.5e-05 0.001658 3e-06 0.00423 0.000362 0.024257 -0.000434 0.013922 0.006198 0.002033 0.002639 -2.415436 5.596238
51.316427 136.594017 107.047268 1009.612222 12.590012 704.129865 0.598664 727.531002 1.008504 512.419093 1.875269 533.236688 -45.788642 160.298534 -94.804698 895.481407 -51.395491 1475.725264 -41.424312 1840.43114 -27.126188 1628.039933 -24.148662 1507.743454 38.595449 -313.725607 -8.6e-05 -1.8e-05 -2.2e-05 5.5e-05 -0.108053 0.64377 -0.05925 1.008498 -0.007623 0.878628 -0.044283 0.65583 0.001624 -0.000135 0.003515 -0.000242 8.7e-05 -0.01657 0.002527 -0.034026 0.002064 -0.056584 0.000499 -0.070775 -0.017619 1.381153
50.933119 138.2275 107.255811 1025.720723 16.35974 742.176842 2.178141 771.745751 2.828487 542.936018 3.711653 563.510321 -46.498894 158.171265 -97.190511 881.755753 -51.336326 1441.650328 -42.155594 1804.518316 -27.19145 1590.460163 -23.916597 1472.509957 47.559681 -274.882681 -0.000718 0.004855 0.000101 0.063746 0.246489 0.500524 0.492971 0.652104 0.459098 0.44131 0.310428 0.417903 -0.002733 -0.007105 -0.014824 -0.053003 1.7e-05 -0.199004 -0.003199 -0.176925 -3.9e-05 -0.219401 0.00056 -0.208278 0.467622 1.283043
51.171782 137.408042 110.22288 1008.917848 19.913147 880.679084 5.190697 983.536169 6.166287 727.302887 6.779646 735.59253 -45.541575 156.32049 -97.744124 855.208208 -50.929631 1399.720383 -41.820427 1744.418405 -26.271929 1513.677691 -23.054458 1411.721878 57.894081 -142.502887 0.000279 -0.001218 0.020241 -0.069384 0.174471 5.921021 0.643938 12.824047 0.642227 13.451042 0.458614 11.447645 0.004979 -0.005446 -0.000786 -0.202887 0.000809 -0.309396 0.000669 -0.508921 0.007908 -0.949773 0.007913 -0.640656 0.507604 21.549361
52.847735 138.014267 121.077804 906.898471 38.444554 1077.293334 18.77206 1311.156152 12.342526 1039.58712 13.259553 1006.825 -44.027711 156.279208 -97.012311 830.778225 -51.372761 1341.460544 -40.862034 1677.512537 -25.111746 1420.346407 -22.35814 1329.074545 72.664633 -29.646441 0.013502 0.000667 0.254851 -2.718252 3.020478 9.896745 4.220409 23.508049 1.060884 27.81587 1.076597 21.240085 0.012794 -3e-06 0.001375 -0.177005 -0.00096 -0.619184 0.005555 -0.654137 0.013099 -1.484809 0.005339 -1.246378 0.838212 42.153891
55.060166 136.679854 139.159903 800.210653 57.177527 1198.016125 38.978131 1525.825356 21.866725 1273.59427 21.878991 1209.151033 -42.892573 153.001842 -103.483965 762.710626 -56.537255 1257.659411 -45.030604 1603.147527 -27.30355 1354.204252 -25.052402 1263.758304 98.039048 -1.236681 0.022683 -0.003241 0.628959 -3.337053 1.852907 3.204897 3.65029 8.133472 1.352555 11.86681 1.073568 9.255853 0.007413 -0.017365 -0.104474 -1.454454 -0.123655 -1.351314 -0.101215 -0.84295 -0.045846 -0.788489 -0.076617 -0.822824 1.896437 18.773093
58.814686 132.569087 144.87495 756.243804 76.290144 1228.724917 58.069227 1559.102769 35.118831 1313.826868 33.844933 1245.603699 -40.663882 153.356971 -113.968694 762.313141 -58.851947 1132.605849 -44.380566 1412.183257 -27.862698 1156.219714 -26.640651 1097.370942 125.54367 5.033377 0.061911 -0.031382 0.057502 -0.621113 1.375555 0.194307 1.896322 0.179489 1.562318 0.312813 1.299923 0.270673 0.029728 0.000206 -0.252914 -5.2e-05 -0.023219 -3.273509 0.002363 -6.053066 -0.002834 -7.819201 -0.024405 -5.869905 1.698226 11.259921
58.580968 129.429705 146.03951 749.735804 64.446497 1247.153717 42.465061 1571.73936 25.978273 1338.443483 26.794203 1267.388266 -39.982487 153.224579 -124.072927 771.245936 -49.640939 923.242943 -35.286175 1096.389836 -21.461546 862.07886 -21.013434 842.403069 94.664129 52.179882 -0.000233 -0.018809 0.002331 -0.014062 -0.499235 0.068587 -1.218362 0.025502 -0.687615 0.11424 -0.411302 0.094425 0.002879 -2.9e-05 -0.214546 0.026016 0.391713 -10.688302 0.520789 -19.956313 0.417125 -21.548642 0.33341 -16.829759 -2.175855 24.800854
61.105585 129.456627 157.189585 789.162132 62.082412 1191.170597 29.771585 1466.79767 13.442365 1239.803177 15.846607 1189.673458 -38.841717 148.824897 -139.37043 751.617761 -43.525762 743.709692 -26.830314 842.359475 -20.243283 634.39611 -17.348861 644.011005 66.677622 100.472913 0.02663 1e-06 0.20507 0.505131 -0.022087 -0.642762 -1.123998 -1.812722 -2.046346 -1.887615 -1.429297 -1.229335 0.008255 -0.032045 -0.444519 -0.126499 0.200907 -9.696198 0.578236 -16.714591 0.017797 -17.421928 0.175431 -13.299215 -2.445823 7.840299
61.346428 129.187125 162.013963 812.484252 25.082334 1157.42047 6.789396 1355.926197 1.58646 1124.657636 3.426747 1099.176574 -38.714702 146.002057 -164.347801 716.969703 -38.678477 549.610092 -16.455204 575.91193 -14.928371 430.383351 -13.972028 462.402142 26.247922 163.590058 0.000237 -0.00014 0.036459 0.16981 -8.242714 -0.242513 -8.126419 -2.178256 -5.792857 -2.805368 -4.535333 -1.789739 0.000104 -0.013514 -1.028795 -0.408779 0.143038 -14.648048 1.261797 -25.253285 0.403897 -19.727264 0.182567 -15.00659 -9.255979 7.654159
57.296756 121.24386 163.709007 822.429392 5.269348 933.864708 -0.225581 1069.673365 -1.820571 898.778472 -0.265245 910.964877 -42.76038 131.774471 -224.140566 583.722482 -38.559613 368.216353 -7.910686 360.042994 -5.739999 282.138013 -13.513635 328.044682 1.095255 173.782785 -0.069134 -0.126005 0.00441 0.030248 -7.358853 -11.983248 -9.490099 -16.950033 -6.806008 -12.647137 -5.598748 -8.830628 -0.100507 -0.364604 -4.62897 -6.843145 9.1e-05 -18.103324 1.547305 -25.234208 2.154717 -15.592376 0.003823 -11.502503 -16.619713 0.154007
53.871693 125.161084 149.436102 821.13866 0.241824 792.854676 -6.655887 868.676044 -10.549911 725.794113 -5.252559 759.630569 -44.903062 125.845785 -226.673688 475.203075 -13.142069 193.413199 -0.571254 156.04607 0.008607 130.954823 -0.608049 176.265677 -11.161194 240.157533 -0.052775 0.031139 -0.325443 -0.000507 -3.253513 -5.767321 -4.430802 -10.449384 -3.605356 -9.235934 -3.157112 -6.868584 -0.02619 -0.068228 -0.007117 -5.575248 6.679328 -27.8959 4.230346 -42.028755 6.193151 -28.659052 8.38864 -23.382015 -19.249118 5.356202
53.470745 124.901089 126.497492 824.279257 -0.77897 725.463038 -16.572897 784.943403 -21.887662 648.217004 -13.462237 684.978273 -44.771433 119.142739 -227.077513 381.36333 -12.840488 148.037938 -1.334013 120.348996 -0.002574 108.780408 -0.535081 149.134747 -21.415512 225.910564 -0.000749 -0.000135 -0.955107 0.002997 -1.888835 -1.496351 -2.223325 -2.121303 -2.045937 -2.191762 -1.896806 -1.930173 9.7e-05 -0.091717 -0.00018 -5.155747 0.00175 -3.028377 -0.159346 -2.314874 -0.020595 -1.027719 0.002331 -1.133021 -1.655989 -0.217805
49.922706 124.111902 115.553694 818.947903 -2.258945 695.280912 -23.147421 750.875736 -28.393392 621.122938 -18.201679 660.834092 -45.97614 109.253323 -233.248926 295.191476 -15.862722 112.508474 -2.697958 90.936169 -0.362075 87.583836 -1.55481 122.787398 -22.34281 242.229209 -0.060895 -0.001251 -0.247526 -0.008649 -0.384879 -0.320629 -0.547888 -0.377892 -0.422656 -0.289194 -0.356708 -0.216593 -0.007997 -0.214203 -0.041371 -5.510234 -0.159553 -2.433859 -0.237706 -2.057283 -0.303591 -1.147386 -0.265666 -1.279447 -0.009826 0.284508
47.423391 120.749833 113.951959 783.145414 -0.569296 659.992549 -14.786915 715.116839 -19.032808 598.097847 -11.561871 632.167776 -46.521455 103.049312 -230.624006 241.413085 -17.212188 89.138169 -3.484907 71.582293 -0.741661 76.413735 -2.249343 107.062686 -12.260243 246.946895 -0.03209 -0.023082 -0.005589 -0.400095 0.560195 -0.459494 0.932771 -0.436185 0.932933 -0.217435 0.750073 -0.31781 -0.001607 -0.090668 0.007427 -2.70163 -0.027541 -1.358856 -0.050286 -1.156515 -0.067325 -0.380848 -0.063939 -0.538517 1.501496 0.02275
45.580278 115.097116 126.887954 729.622839 -0.107806 631.799315 -12.062693 678.310385 -16.130794 570.532222 -9.319975 609.912652 -48.746599 93.277365 -242.005785 199.769668 -17.185467 64.633246 -3.207778 45.249055 -0.688387 52.339397 -2.261051 81.058918 -10.15458 277.263099 -0.018265 -0.067751 0.34766 -0.947126 0.181629 -0.307694 0.13856 -0.486194 0.119955 -0.325154 0.120695 -0.199395 -0.02599 -0.243345 -0.137067 -1.969767 1e-05 -1.965101 0.00574 -3.006375 0.000993 -2.270741 -1.5e-05 -1.805899 0.099123 0.87736
44.801749 119.714976 146.723877 701.149744 0.751075 650.161519 -4.505818 706.439996 -8.177116 603.353394 -3.741189 637.151985 -50.992392 92.852148 -239.689356 131.193048 -17.040705 44.387197 -3.040286 32.332223 -0.640527 41.633382 -2.220837 65.575678 -4.240454 328.003228 -0.003353 0.045412 0.719966 -0.283343 1.427986 0.131513 1.823709 0.28574 1.338071 0.45892 1.251373 0.297527 -0.025287 -0.000486 0.00557 -7.182595 0.000306 -1.896428 0.002245 -1.082846 0.000862 -0.611843 0.00018 -0.819734 1.271006 2.13055
44.264536 130.216142 168.64374 697.157016 10.154239 725.928041 0.741189 797.462994 -0.011943 684.58116 0.275197 716.106532 -52.213644 97.678784 -230.355881 121.885595 -14.148569 35.801722 -1.714929 24.632006 -0.123905 34.90623 -1.192689 58.190382 0.058911 410.319814 -0.00162 0.220707 0.7627 -0.0057 5.382057 2.087409 8.901957 2.757089 7.564043 2.563998 6.045736 2.305226 -0.007226 0.061145 0.092674 -0.171208 0.134381 -0.460929 0.188433 -0.522843 0.200998 -0.296202 0.158519 -0.220542 5.298984 4.60314
45.253706 136.524712 206.427367 680.296849 34.859339 851.090108 18.441525 941.10464 8.338685 784.205966 11.04582 834.095204 -44.564763 100.729145 -227.744368 116.599084 -13.671041 28.123626 -1.475687 19.010841 -0.045345 26.556361 -1.035037 47.110355 9.613855 522.140381 0.005465 0.074611 1.907962 -0.103189 7.385394 4.97467 11.788484 5.944047 8.981789 3.382568 7.834025 4.496688 0.302738 0.02345 0.007444 -0.0586 0.004099 -0.462785 0.008982 -0.363515 0.019337 -0.569818 0.005585 -0.584558 8.167625 6.729038
43.72812 131.036277 220.822027 650.784945 49.75397 921.077074 30.047489 976.047174 16.680687 892.290282 20.666157 874.471875 -44.573 96.049969 -229.333408 113.399458 -12.843906 23.707123 -0.979829 13.970223 -0.015991 19.825099 -0.886714 38.88285 17.729631 646.109794 -0.013079 -0.056298 0.242557 -0.3272 1.32128 1.382513 1.409442 0.318463 1.431664 3.487745 1.494456 0.477155 -0.0 -0.055641 -0.002762 -0.022257 0.012904 -0.188508 0.050587 -0.387464 0.00748 -0.491048 0.005732 -0.394493 1.232178 6.596158
49.186587 132.278813 229.25651 691.686455 42.087201 931.791023 19.607653 1033.102698 10.398041 966.144163 14.859615 941.78424 -45.41785 100.137663 -231.486265 118.923197 -12.265941 20.127115 -0.860686 9.181707 -0.004862 16.524088 -0.760178 35.746178 10.852576 729.965651 0.160473 0.002932 0.079038 0.623224 -0.320565 0.030976 -1.109875 0.81029 -0.738913 1.46805 -0.47774 1.247762 -0.003966 0.042589 -0.005029 0.065676 0.006653 -0.146437 0.00386 -0.500617 0.003218 -0.150199 0.004868 -0.065947 -0.839664 2.557398
49.514278 133.513161 222.938833 725.089827 31.823453 950.201081 9.749613 1081.723148 4.251593 983.04872 8.201592 979.908996 -47.207077 99.995399 -234.58316 117.564376 -14.741659 21.132978 -2.10824 10.772415 -0.247384 18.525295 -1.483531 37.651632 6.550099 731.675759 0.000544 0.002866 -0.044135 0.393831 -0.716117 0.090048 -1.704633 0.558973 -1.351779 0.073305 -0.982031 0.378219 -0.017283 -5.1e-05 -0.010289 -0.003904 -0.113711 0.012263 -0.274835 0.063505 -0.182886 0.057178 -0.1198 0.024738 -0.540238 0.001
47.964441 130.373035 196.772934 744.680909 11.9104 936.009079 1.101664 1059.057555 -0.068646 947.811297 0.322004 958.402366 -46.159889 96.833101 -229.155442 125.307096 -14.275301 25.769589 -2.038058 14.625222 -0.290841 23.042039 -1.536093 42.934352 0.076891 675.289435 -0.012321 -0.018684 -0.816418 0.130574 -4.796465 -0.053392 -4.296645 -0.11999 -5.400713 -0.321561 -5.273399 -0.119318 0.005873 -0.025405 0.031765 0.12345 0.003748 0.229742 0.000594 0.293935 -0.001757 0.246125 -0.000457 0.173338 -5.207631 -1.130339
48.280505 130.980129 183.149729 746.43747 5.346109 928.538149 -0.109776 1055.851101 -1.992502 939.704517 -0.346445 943.492734 -46.686006 94.965757 -229.217073 129.628941 -15.156608 29.010739 -2.581465 17.484529 -0.521301 26.301541 -1.982427 47.068145 -0.475477 651.581649 0.000519 0.000705 -0.244328 0.001035 -1.297274 -0.014967 -1.906958 -0.002431 -1.321479 -0.017409 -1.336452 -0.058442 -0.001491 -0.00909 -4e-06 0.036636 -0.013198 0.095967 -0.032073 0.127561 -0.033385 0.107775 -0.028424 0.094982 -0.934781 -0.211816
47.053057 126.091567 161.179132 772.395141 0.122745 872.629522 -6.964314 946.181582 -11.485287 806.38029 -6.041091 839.087552 -45.635103 90.6808 -232.689784 128.197618 -17.57187 29.839855 -3.719018 19.237561 -0.998431 27.646532 -2.794955 48.656586 -5.711047 535.405871 -0.007902 -0.046485 -0.701654 0.221832 -3.848719 -0.867917 -5.325361 -3.006055 -3.910248 -5.0975 -3.49416 -3.060116 0.005981 -0.049458 -0.013054 -0.003973 -0.089241 0.005841 -0.103543 0.041867 -0.076842 0.016769 -0.069604 0.01318 -2.890787 -5.699003
46.927784 125.806271 142.991841 801.72734 -0.165265 790.771395 -12.177756 842.192371 -16.14825 708.385975 -9.748329 745.490984 -46.783555 85.60656 -234.910005 121.86467 -18.159795 29.688061 -3.75297 19.709557 -1.214963 28.353514 -3.119437 49.211881 -8.504425 453.294737 -8.3e-05 -0.000162 -0.544223 0.273312 -0.572864 -2.015393 -0.723632 -3.025909 -0.396262 -3.173082 -0.441385 -2.766657 -0.007136 -0.073043 -0.005271 -0.080205 -0.004837 -0.000194 -7.7e-05 0.00286 -0.010617 0.004463 -0.008908 0.001575 -0.277155 -3.415546
49.613394 117.443554 138.087451 792.580797 -0.026228 716.105575 -10.490599 757.980137 -13.799251 631.185202 -8.028708 668.19343 -45.264934 82.107549 -235.950314 122.343366 -17.689348 32.44946 -3.492433 22.449096 -1.061842 30.333891 -2.925346 51.318519 -7.205345 384.778759 0.037362 -0.143794 -0.04279 -0.026237 0.059817 -1.850984 0.062873 -2.217454 0.092267 -2.226428 0.083367 -2.114823 0.012528 -0.036504 -0.001149 0.000469 0.003087 0.061389 0.004686 0.089104 0.005155 0.033423 0.003117 0.022075 0.053804 -2.805428
53.995571 116.171986 144.071689 777.507846 0.104744 700.173441 -7.567732 742.167424 -10.578603 620.576844 -5.684768 657.088343 -43.036543 80.62413 -232.415008 125.272937 -15.631259 36.710974 -2.66526 26.385794 -0.476056 34.261764 -1.944709 56.659179 -6.566447 363.208312 0.092714 -0.003461 0.063466 -0.072352 0.235801 -0.089615 0.238113 -0.083341 0.213682 -0.044952 0.201801 -0.046528 0.028123 -0.006761 0.013343 0.017331 0.063621 0.131417 0.055811 0.158932 0.115932 0.119532 0.099752 0.132157 0.014828 -0.311089
54.235327 114.664291 157.702797 761.909014 1.298944 695.362956 -4.612122 749.944721 -5.246769 635.960802 -2.191039 667.754235 -41.759355 78.92171 -229.382875 125.902961 -14.488547 38.679441 -2.077337 29.223302 -0.244469 36.880726 -1.502387 59.716387 -3.226134 366.543006 0.000266 -0.004924 0.308015 -0.079033 0.665972 -0.008291 0.36405 0.020269 0.92524 0.094177 0.817323 0.042935 0.009619 -0.009083 0.009954 0.00079 0.021684 0.025703 0.036582 0.072441 0.038232 0.048222 0.028497 0.040164 0.587313 0.007619
54.446055 114.454784 170.922273 758.238124 6.050617 719.869353 -0.191538 787.070668 -1.025315 668.715845 -0.068721 698.85774 -41.764323 77.962829 -229.920769 127.883187 -14.644102 39.653764 -2.217969 31.014448 -0.26539 37.282959 -1.535044 60.166412 -0.247425 390.203267 0.000204 -9.6e-05 0.265995 -0.004432 1.742632 0.212194 2.923878 0.448446 1.633294 0.411237 1.483691 0.353997 -0.0 -0.00293 -0.000315 0.007726 -0.000415 0.00606 -0.002303 0.026635 -0.000429 0.001091 -0.000176 0.000845 1.686688 0.369969
51.900223 123.761079 180.582521 756.334614 27.586861 784.909169 10.224331 823.611144 3.791984 706.072662 6.284099 728.332341 -41.04925 85.99812 -232.502159 131.351075 -15.403696 43.519155 -2.63045 35.212781 -0.257742 42.532867 -1.576708 66.422587 6.026947 402.014736 -0.030477 0.181852 0.132769 -0.001196 7.798164 1.406239 13.214685 0.414538 8.760891 0.507638 7.667126 0.30439 0.003087 0.197012 -0.007205 0.023197 -0.009603 0.089869 -0.017578 0.133206 5.6e-05 0.172844 -0.000279 0.154688 8.716682 0.088056
49.677649 130.383448 190.846585 695.27824 43.748539 940.393299 24.563246 1102.003849 12.533902 985.823071 16.06866 980.785574 -38.616522 95.722012 -229.198754 143.544254 -16.19216 50.429398 -2.711426 40.372838 -0.299712 49.278721 -1.732512 75.552769 16.709985 594.283915 -0.024318 0.086296 0.141846 -1.284616 1.854903 7.020392 3.092609 20.230359 2.537724 23.288266 2.255292 18.747715 0.037152 0.260351 0.011818 0.270552 -0.009839 0.254481 -0.000614 0.176338 -0.001582 0.248161 -0.00367 0.293877 2.666038 18.728416
49.606844 130.577763 194.764235 667.541083 52.388135 1118.997305 33.559393 1345.583173 18.374575 1210.043462 21.611219 1195.6994 -38.099266 99.216654 -225.866399 150.491122 -16.659928 53.995703 -2.662789 46.602718 -0.291987 51.123698 -1.71731 79.083454 23.299111 763.726122 -2.5e-05 7.2e-05 0.019901 -0.282293 0.388998 7.75948 0.700426 12.15044 0.556863 11.477592 0.409873 10.636667 0.001744 0.031327 0.012201 0.082075 -0.00333 0.060916 0.00022 0.223404 5e-05 0.016953 3.3e-05 0.040312 0.546314 10.612323
52.999153 132.936364 201.870677 726.992521 33.850967 1169.003726 14.205529 1397.129233 6.181453 1255.39614 9.452605 1244.093117 -38.874005 101.608819 -222.168345 158.745999 -16.770709 56.711999 -3.126273 49.789251 -0.422625 51.814893 -1.854497 81.645393 9.836683 797.119995 0.056093 0.010556 0.063668 1.267836 -2.01585 0.546534 -4.096676 0.484417 -3.241097 0.417175 -2.478351 0.479996 -0.003899 0.014248 0.015262 0.110199 -0.000184 0.033328 -0.018584 0.052685 -0.012042 0.002321 -0.002636 0.020419 -2.858015 0.357267
53.335108 135.481699 202.604223 761.314866 32.999816 1109.575895 8.517675 1300.295405 5.071426 1159.51837 7.263315 1159.473718 -40.134178 102.217519 -227.257276 182.278621 -17.971183 68.513843 -3.844733 62.322065 -0.612248 61.455064 -2.189425 91.479965 9.20786 687.088518 0.000531 0.012069 0.000665 0.395812 -0.005419 -0.775103 -0.723378 -1.738661 -0.054882 -1.904037 -0.143986 -1.490007 -0.01005 0.000909 -0.028812 0.812911 -0.020747 0.55737 -0.037123 0.702718 -0.017521 0.410973 -0.013894 0.279557 -0.010384 -4.084199
54.974131 134.362321 199.007136 786.160254 11.99592 1036.674354 0.4835 1180.523004 -0.130202 1038.326219 0.16735 1052.284816 -38.078887 102.092574 -228.319334 214.938605 -17.741555 89.706093 -3.755972 80.131968 -0.642131 79.954071 -2.259985 112.113743 0.194037 542.021986 0.012402 -0.002322 -0.016109 0.199465 -5.203116 -1.238478 -4.942457 -2.892956 -6.826814 -3.343894 -5.225655 -2.598886 0.027009 -3.8e-05 -0.001238 1.344961 0.000738 1.425686 0.000518 1.1177 -0.000356 1.215233 -0.00056 1.048293 -6.728574 -8.590806
56.356785 135.890156 194.548352 845.18994 5.817961 1015.309708 -0.247624 1082.610202 -1.730065 918.017057 -0.223683 958.635435 -38.164819 102.046146 -230.130136 239.543023 -17.944738 108.97856 -3.869585 95.406435 -0.686805 95.669535 -2.363811 131.420352 -0.236763 420.976662 0.008586 0.004319 -0.025259 1.068331 -1.105584 -0.111224 -1.423154 -2.119055 -0.911041 -3.702828 -0.777987 -2.181829 -4.8e-05 -5e-06 -0.003576 0.666497 -0.000578 0.936926 -0.000846 0.665816 -0.000751 0.704553 -0.001166 0.76649 -0.859475 -7.63776
57.982234 139.035898 192.397426 837.815036 5.079322 794.404194 -0.508768 832.76215 -2.018712 682.695123 -0.31679 727.971579 -38.548843 109.005193 -232.656781 296.606083 -18.003414 141.599686 -3.883104 127.38347 -0.553496 119.580147 -2.140375 158.456626 -0.458113 230.832243 0.011554 0.017998 -0.005978 -0.016158 -0.025062 -13.533187 -0.04651 -16.365454 -0.011129 -17.391912 -0.00808 -15.847485 -0.000961 0.114762 -0.006897 3.045297 -4.8e-05 2.132438 -1.2e-05 2.306774 0.007185 1.332155 0.005545 1.263565 -0.036198 -28.350848
60.04197 147.886987 189.907724 862.529035 5.650372 631.002075 -0.373323 635.596196 -1.270381 496.330881 -0.111676 540.189998 -40.296788 128.029968 -229.369696 411.648635 -12.646459 194.795514 -1.289742 173.452927 0.012844 153.001326 -0.460808 196.77954 -1.538702 98.190545 0.017974 0.136553 -0.008107 0.179615 0.015207 -9.396813 0.010461 -13.297585 0.086261 -14.822118 0.052286 -13.979827 -0.019378 0.764711 0.011693 9.405695 0.471773 4.232688 0.697043 3.548417 0.734973 2.056642 0.614928 2.07319 -0.317649 -27.921186
58.066775 138.653617 189.237403 839.868142 5.570773 510.578616 -0.330999 481.723896 -0.782878 358.330573 -0.024072 404.792968 -41.919509 128.640783 -223.858847 483.973769 -12.278428 305.048237 -1.018104 296.908267 0.038152 249.095939 -0.373486 293.666962 -1.166678 9.902653 -0.016517 -0.148805 -0.000593 -0.150828 -0.000282 -6.369405 0.001273 -10.646019 0.058713 -11.214884 0.032051 -9.750134 -0.016016 0.000727 0.033505 2.92505 0.002717 12.311073 0.016042 16.490693 0.006723 11.65132 0.004582 9.665264 0.025701 -45.728244
58.740017 128.884406 172.960767 822.56341 5.193956 418.495902 -0.25977 359.155717 -0.591455 258.773785 -0.008782 305.402604 -40.385565 132.469046 -191.112973 606.767183 -9.468427 374.250602 -0.342192 362.219123 0.195394 283.706228 -0.082403 324.022342 -1.466751 -0.573252 0.00194 -0.178422 -0.365908 -0.090067 -0.006597 -4.574527 0.00431 -8.980842 0.013397 -8.08364 0.003775 -6.989126 0.014296 0.028066 1.294024 6.933957 0.18231 3.534127 0.179809 3.243705 0.060866 1.125313 0.105026 0.746335 -0.017152 -15.241076
53.741052 126.214549 148.647455 799.555065 15.402129 281.621742 2.487555 205.081975 2.337137 137.013914 3.019919 182.26132 -37.552508 137.997041 -158.02752 739.715412 -24.887694 678.746826 -7.654671 779.145285 -2.966143 611.90607 -5.59989 624.174599 10.569125 -169.818454 -0.111139 -0.013972 -0.92035 -0.163185 2.707767 -13.50991 4.355047 -21.443573 5.280025 -19.194501 3.354399 -15.803429 0.051508 0.056499 1.571167 6.579559 -3.654505 44.986697 -4.75997 78.874273 -4.684123 62.30188 -4.323695 48.760417 19.910461 -150.658613
56.831101 117.052696 132.113378 786.750141 13.577274 168.843115 1.943628 90.542473 2.68172 48.97521 3.100454 82.141093 -32.625713 132.686192 -138.407867 787.774987 -35.56637 947.152455 -14.641205 1159.774525 -7.898419 936.823476 -11.785762 909.520674 19.78478 -557.401085 0.043186 -0.172587 -0.487271 -0.051683 -0.057513 -14.346102 -0.03351 -23.090933 0.011843 -22.156463 0.00053 -19.68916 0.173154 -0.052105 0.649978 0.756239 -0.950621 22.30741 -1.122912 37.727707 -1.184099 34.466727 -1.137702 26.778285 1.432784 -111.892015
61.388077 104.833686 147.862778 715.933481 28.084412 98.010604 9.936275 36.305706 11.018143 13.435635 10.826241 34.075085 -34.926693 136.646408 -136.006355 811.843354 -42.21347 1095.471902 -20.123693 1364.625652 -11.537745 1129.84895 -15.378769 1082.758864 45.105791 -896.868371 0.087861 -0.336698 0.443324 -1.669609 2.607377 -9.572428 3.090722 -12.179815 2.828327 -11.107315 2.339415 -10.405692 -0.0392 0.029117 0.010509 0.18108 -0.284553 5.392017 -0.435021 8.325403 -0.343763 9.033954 -0.238669 7.546234 5.144168 -40.175537
53.043249 102.584541 167.414177 598.281385 66.166247 64.655482 45.590017 18.177884 41.37503 4.676502 38.096029 18.979798 -37.15169 138.264713 -123.241035 806.079208 -41.972859 1227.519877 -22.41886 1542.241171 -12.873701 1301.389424 -15.211724 1235.649289 100.407144 -1150.040929 -0.304676 -0.012195 0.606808 -5.276862 8.03604 -3.456503 12.958937 -3.104181 9.690668 -2.258838 8.30519 -2.192786 -0.03435 0.004763 0.314472 -0.010268 0.000344 3.756099 -0.061957 5.43141 -0.036584 6.059227 0.000456 5.046771 10.918081 -15.717202
50.448659 95.825434 185.671051 482.456251 96.993995 23.185979 78.764575 0.046265 68.975719 -2.463248 63.007263 0.939987 -38.316715 138.560216 -115.021864 844.501798 -43.261516 1328.782947 -26.360143 1657.193388 -16.263881 1415.811958 -17.006325 1342.699508 152.226551 -1536.385251 -0.032529 -0.115163 0.472317 -6.224548 2.938787 -10.405019 4.506717 -16.390034 3.507453 -13.927793 3.117038 -11.47212 -0.008993 0.000158 0.141807 0.447265 -0.009742 2.006459 -0.159486 2.065721 -0.197897 2.41026 -0.05002 2.223262 5.371622 -27.92591
50.335179 92.905627 196.352596 406.708574 121.665512 10.79138 107.053189 -2.224498 91.532478 -10.870806 83.813138 -0.514605 -39.183628 139.216511 -111.160457 891.837568 -41.440502 1358.089392 -23.911263 1680.175293 -14.83061 1421.929851 -15.786657 1349.749572 180.051147 -1681.457235 -6.4e-05 -0.022587 0.149359 -3.232336 1.396311 -2.341385 2.165931 -2.912372 1.592893 -2.98466 1.481673 -2.845594 -0.004849 0.000775 0.032964 0.64535 0.019577 0.159831 0.059682 0.07913 0.03305 0.006595 0.022689 0.00923 1.167051 -3.271848
51.455118 82.024396 203.190047 390.583779 132.448055 3.718937 117.085328 -10.060514 104.254354 -27.38936 94.551135 -6.464072 -39.420722 137.010216 -106.939313 930.506937 -40.002088 1386.734258 -22.452739 1708.079787 -14.022693 1429.763385 -14.85084 1355.126304 194.74735 -1852.931997 0.006161 -0.338752 0.05851 -0.163074 0.228865 -1.840279 0.224625 -2.823597 0.41376 -3.749622 0.323521 -3.330969 -0.000358 -0.008811 0.040852 0.41032 0.012703 0.149472 0.022947 0.114908 0.011313 0.010759 0.014296 0.005344 0.288237 -4.162094
58.211663 78.148404 219.586926 383.965666 132.478514 0.252974 113.387525 -26.514788 101.387176 -48.981675 92.489685 -16.794615 -38.821623 137.67801 -101.439397 963.856714 -36.194026 1415.944284 -19.409362 1733.388661 -12.042373 1446.63964 -12.626393 1374.118848 183.313515 -2028.007765 0.208332 -0.046904 0.318086 -0.028275 2e-06 -2.032021 -0.029666 -3.910189 -0.019989 -3.115954 -0.01136 -2.420107 0.002294 0.000812 0.072595 0.29358 0.095217 0.15222 0.110773 0.093063 0.075337 0.049508 0.090189 0.066084 -0.172938 -3.950993
58.307293 75.922463 224.962022 384.867506 128.157804 0.561377 106.270295 -23.711622 94.151879 -43.50335 87.132086 -13.925858 -37.524425 136.791232 -98.780759 978.132968 -32.439716 1423.347541 -16.308165 1732.849456 -9.771065 1447.922846 -10.569319 1377.165877 164.584764 -1993.380355 3.9e-05 -0.01608 0.032497 0.000529 -0.035816 0.060657 -0.115335 0.078284 -0.133905 0.162396 -0.079919 0.134239 0.011021 -0.001433 0.017652 0.052476 0.102759 0.009652 0.134886 -4.2e-05 0.118571 0.000284 0.091394 0.001687 -0.504487 0.149088
57.802552 78.446869 222.924772 383.736781 125.507942 0.663906 102.203478 -21.127635 92.620427 -40.132215 84.89168 -12.33256 -38.906232 142.250051 -98.983109 988.011454 -32.040598 1425.557767 -16.250543 1720.339858 -9.687959 1432.83288 -10.41904 1365.026857 162.218415 -1952.559745 -0.001097 0.020642 -0.004633 -0.000832 -0.013841 0.004297 -0.039671 0.074517 -0.006279 0.067969 -0.01459 0.048383 -0.012492 0.0534 -0.000104 0.024816 0.001235 0.000857 5.1e-05 -0.022659 0.000177 -0.039522 0.000538 -0.026868 -0.008567 0.21115
58.817612 83.178086 223.329877 376.368232 124.337841 0.665043 102.949863 -21.500138 92.302564 -39.370329 84.719216 -12.204124 -37.8407 144.742687 -101.0117 973.297967 -31.616966 1361.272981 -15.660659 1644.911348 -9.182231 1372.779781 -10.032516 1312.011832 159.709996 -1877.109425 0.004418 0.069263 0.000184 -0.035717 -0.00274 0.0 0.001358 -0.001628 -0.000273 0.003651 -8.8e-05 0.000336 0.007397 0.010825 -0.010288 -0.05519 0.00141 -0.741538 0.005453 -0.845431 0.006778 -0.642781 0.003653 -0.524996 -0.009773 0.743315
57.84969 81.43188 222.790056 359.2514 131.942295 1.985592 112.699551 -12.891736 99.416418 -29.343999 91.363419 -7.620605 -38.649939 139.211096 -106.148424 924.351296 -32.824978 1278.28914 -16.300222 1555.803473 -9.433007 1285.840358 -10.400078 1231.849616 170.096328 -1703.677336 -0.004015 -0.009262 -0.000327 -0.199169 0.112846 0.352371 0.220508 1.094781 0.132027 0.735423 0.125399 0.537136 -0.004281 -0.053884 -0.063695 -0.631354 -0.011324 -1.304766 -0.0064 -1.240622 -0.001689 -1.421881 -0.003306 -1.26335 0.163585 4.202477
54.870326 82.678449 221.669419 362.038776 134.956049 0.885901 117.274894 -19.551422 103.290753 -37.519423 94.472329 -11.376968 -40.104013 135.781368 -114.829594 893.789885 -33.813143 1200.070573 -16.279534 1441.812373 -9.481159 1185.366837 -10.811988 1147.51485 175.359966 -1644.664781 -0.039381 0.004734 -0.001413 0.005386 0.017016 -0.218919 0.045518 -0.690881 0.037028 -0.501689 0.026007 -0.375073 -0.013425 -0.021389 -0.170587 -0.256874 -0.007327 -1.234621 7e-06 -2.168168 -6.1e-05 -2.043354 -0.004 -1.495061 0.040103 0.520071
54.763795 82.491574 223.304759 347.62604 135.396932 0.813529 118.231501 -19.909982 103.506643 -38.147367 94.674046 -11.648187 -39.930908 133.031562 -118.076395 874.795694 -33.915813 1115.520525 -16.020289 1326.588738 -9.438664 1064.268616 -10.853381 1037.012146 175.458169 -1505.40008 -5.2e-05 -0.000106 0.003005 -0.146371 0.000359 -0.001542 0.001943 -0.001629 0.000113 -0.002606 0.000108 -0.001597 0.000187 -0.014065 -0.022632 -0.102 -7.8e-05 -1.544119 0.00104 -2.398901 4.8e-05 -3.261732 -4e-05 -2.796639 1.4e-05 3.079959
56.255436 78.708248 229.096256 351.978924 131.184514 0.519989 112.769545 -22.214128 98.052918 -39.942095 89.864854 -12.664906 -38.676105 128.238384 -117.199256 879.199186 -32.247887 1012.570957 -14.517261 1173.846559 -8.536839 923.03287 -10.027457 908.731711 164.453802 -1346.995101 0.010021 -0.044403 0.037072 0.013542 -0.033284 -0.032709 -0.064582 -0.063064 -0.073796 -0.020627 -0.062676 -0.021268 0.010016 -0.043971 0.001635 0.005528 0.021027 -2.491627 0.037011 -4.669583 0.022636 -5.025103 0.016341 -4.233289 -0.178175 4.401829
56.971111 79.259531 230.392701 365.56877 105.028212 1.008019 80.452637 -19.564813 68.726748 -37.942626 65.046679 -11.155878 -38.542515 128.051146 -125.649546 843.120643 -36.988493 846.291515 -17.988041 962.260959 -10.915187 744.945408 -12.680629 748.387193 134.420225 -1119.133091 0.002262 0.000962 0.001829 0.128703 -1.452636 0.080032 -2.721712 0.084085 -2.598569 0.02567 -2.000967 0.047846 0.000116 -6.8e-05 -0.147065 -0.377922 -0.162485 -7.451973 -0.185829 -10.504812 -0.145945 -9.534311 -0.155529 -7.775793 -1.512852 10.549408
56.0001 80.750432 226.905812 352.619077 81.281937 2.164975 54.995612 -9.948604 46.554269 -21.488449 44.803425 -4.119049 -39.36255 128.229947 -132.473986 769.543242 -38.875194 706.702844 -19.653974 798.207309 -11.900034 613.777954 -13.901779 626.503387 105.528602 -864.954332 -0.004173 0.006946 -0.013294 -0.116758 -1.519494 0.218448 -2.413787 1.610544 -2.152356 2.323171 -1.881331 1.717404 -0.004316 6.2e-05 -0.09023 -1.67935 -0.023464 -6.286086 -0.036883 -7.660542 -0.021266 -6.346095 -0.028064 -5.413145 -1.745734 16.348604
56.583606 83.119876 219.562902 373.626467 54.163274 13.636506 29.141035 -0.213941 24.287816 -2.5725 24.240252 0.796906 -37.543633 130.762476 -135.599736 753.660137 -39.112621 644.728181 -20.136583 701.527478 -12.328877 545.60379 -14.404249 569.778903 71.225448 -623.10467 0.001512 0.017131 -0.060387 0.303894 -2.742599 4.934523 -4.070948 7.244725 -3.590274 9.190975 -3.133243 8.539486 0.021513 0.012382 -0.018224 -0.082812 -0.000361 -1.421782 -0.002927 -3.119458 -0.003795 -2.00613 -0.00446 -1.345618 -3.360602 19.785072
62.397093 80.805127 219.515565 408.01336 36.475347 53.236471 13.287523 15.684491 11.176034 7.394225 12.598092 24.796758 -34.772224 128.033947 -135.368706 747.110664 -35.353657 502.222498 -17.403348 493.157902 -11.184544 375.942703 -13.014677 414.289551 44.721156 -277.889217 0.142111 -0.016344 -3e-06 0.756762 -1.742632 12.985707 -3.073143 19.562071 -2.512889 18.689486 -1.888041 16.703066 0.053125 -0.014384 9.8e-05 -0.014291 0.094934 -8.887416 0.099634 -18.311597 0.027862 -15.752336 0.035234 -12.361819 -3.069957 68.758178
65.687802 77.610247 214.87543 440.191434 27.426494 83.220547 7.471494 37.666446 6.558309 21.559932 7.844405 45.331126 -34.51766 125.903831 -134.842791 732.732181 -28.850857 411.068726 -11.919802 378.961388 -7.922945 279.915589 -9.490797 319.424141 28.898067 -146.105497 0.042279 -0.03222 -0.024784 0.610584 -0.643928 3.334995 -0.831383 4.739044 -0.61174 3.701911 -0.560391 3.073728 0.000468 -0.008934 0.000512 -0.069854 0.330159 -4.560323 0.517285 -7.50885 0.280431 -7.067962 0.277594 -6.158652 -1.720545 21.000212
60.100455 75.965472 188.998219 437.978623 15.487816 104.631231 1.661562 57.7365 1.472401 39.07159 2.513853 67.781387 -37.94817 125.009827 -144.217746 730.370881 -26.630069 339.692933 -11.003547 287.457983 -6.932811 221.584234 -8.260521 265.448389 14.795167 -74.562854 -0.124153 -0.008808 -0.829862 -0.002788 -1.694097 1.224146 -2.086255 2.134972 -1.81574 2.583927 -1.476889 2.250318 -0.081245 -0.001593 -0.157519 -0.001905 0.044465 -3.400592 0.018319 -6.311876 0.033033 -3.403923 0.042684 -2.495938 -2.338586 11.919288
52.337068 77.743522 177.77871 433.198221 9.098491 151.571792 0.04769 113.165682 0.001206 83.828855 0.333765 118.867954 -42.187179 123.329387 -155.25953 682.630804 -28.101156 297.832096 -12.651991 254.271615 -7.023109 200.883167 -8.31519 244.516465 7.208401 -25.175467 -0.268336 0.010284 -0.17164 -0.013116 -0.844719 4.336843 -1.146263 9.238452 -1.389319 8.439506 -1.015639 7.127367 -0.112196 -0.005686 -0.203626 -0.80671 -0.019774 -1.375807 -0.057506 -1.017454 -0.000292 -0.507485 -9e-05 -0.429765 -1.34932 13.086035
52.252241 83.25584 182.084573 440.100023 11.538353 212.393231 0.380451 191.319852 0.026532 145.219375 0.656975 183.212008 -42.673585 131.718713 -158.020252 679.400429 -24.506678 304.397107 -9.798472 255.427532 -5.08963 193.706257 -6.308642 237.824066 5.851118 -3.486209 -3.4e-05 0.094393 0.025761 0.027273 0.144738 5.117854 0.158744 10.201035 0.016424 8.38039 0.054203 6.932294 -0.001394 0.138013 -0.012164 -0.003831 0.122942 0.035784 0.182084 0.001311 0.15531 -0.065273 0.138314 -0.04643 -0.070723 9.924873
52.415577 85.041177 182.036319 449.489335 13.024678 230.276278 0.817248 212.654865 0.186801 160.22436 1.055843 197.774526 -42.822219 133.266645 -158.221719 679.95627 -25.379514 301.724061 -10.630739 252.072962 -5.855271 188.604117 -6.898719 231.45371 8.133744 -1.156367 0.000127 0.00947 -3e-06 0.049552 0.04501 0.361369 0.08249 0.563774 0.072532 0.368784 0.04709 0.278415 -0.000129 0.004521 -6.4e-05 0.000114 -0.007636 -0.005894 -0.01696 -0.011087 -0.026813 -0.034047 -0.013188 -0.04324 0.187544 0.626938
52.662183 86.344265 179.708918 484.433871 13.002488 224.097646 0.950348 192.23211 0.31622 143.285144 1.137854 182.57625 -43.006518 133.650389 -158.471107 678.921379 -27.382747 293.624268 -12.257926 239.826134 -7.24657 181.176771 -8.113375 224.170729 10.590335 -2.220144 0.000289 0.004954 -0.007487 0.653988 -9e-06 -0.042011 0.005018 -0.515396 0.016934 -0.473067 0.001534 -0.303772 -0.000198 0.000276 -9.8e-05 -0.000394 -0.038042 -0.055102 -0.057913 -0.152478 -0.074081 -0.0746 -0.049221 -0.058212 0.161851 -0.171951
54.550163 83.825798 176.73359 522.154546 13.801908 200.21861 1.292838 152.502158 0.63141 109.905467 1.481195 149.186796 -42.03714 128.962642 -156.594779 677.614948 -27.975794 289.426298 -12.257571 233.624216 -7.622366 173.11609 -8.646925 215.588454 12.641414 -7.149088 0.016625 -0.018637 -0.012418 0.707016 0.011924 -0.672447 0.0263 -2.297053 0.053954 -2.209969 0.022602 -1.684475 0.005525 -0.041842 0.005587 -0.000629 -0.003177 -0.015113 0.0 -0.040622 -0.00475 -0.091708 -0.008495 -0.083753 0.09072 -1.401295
54.092409 85.743273 171.203543 511.58573 13.466895 177.121362 1.233925 126.904874 0.625447 92.226761 1.419494 129.872343 -42.35203 130.603442 -157.319567 676.867917 -28.278249 271.186105 -12.657208 208.594342 -7.841801 157.82393 -8.827369 201.289635 12.89653 -8.757592 -0.000964 0.010842 -0.04395 -0.054028 -0.002058 -0.707563 -0.000687 -1.174991 -1.4e-05 -0.774584 -0.000656 -0.669206 -0.000587 0.005186 -0.000837 -0.000206 -0.000813 -0.296812 -0.003205 -0.708922 -0.001557 -0.353501 -0.000932 -0.245295 0.001274 -0.081536
55.134937 84.554053 172.215936 500.99862 14.893916 173.688744 1.877 125.373626 1.202754 91.295008 2.015546 128.611918 -41.894892 129.171815 -157.155062 666.030742 -27.947679 261.951638 -12.505515 199.117974 -7.983206 149.7994 -8.729234 191.493518 15.383327 -7.206081 0.004975 -0.004152 0.001492 -0.055348 0.035924 -0.016794 0.067192 -0.004647 0.093544 -0.002365 0.052109 -0.003073 0.00124 -0.003945 4.3e-05 -0.043729 0.000972 -0.079981 0.000457 -0.110143 -0.000632 -0.10468 0.000274 -0.122178 0.109551 0.075575
55.316279 82.408118 172.207019 486.771191 13.521634 176.70562 1.198757 135.355946 0.555396 98.597378 1.409004 135.108565 -42.241048 126.489246 -156.35753 663.385736 -28.010641 254.19416 -12.8115 189.641112 -8.280542 143.798451 -8.795309 185.561423 13.124983 -4.251753 0.000149 -0.013791 -0.0 -0.102468 -0.033155 0.012988 -0.075712 0.191162 -0.123519 0.140459 -0.054142 0.080033 -0.000712 -0.014074 0.001014 -0.002631 -3.5e-05 -0.058299 -0.001849 -0.115527 -0.002718 -0.061334 -0.000125 -0.046667 -0.08959 0.387427
54.665035 81.464908 177.475729 478.783604 14.769455 175.578908 1.573738 141.840586 0.748391 104.991197 1.803601 140.270246 -42.547562 125.391046 -155.430025 661.436093 -27.331682 255.117457 -12.635502 192.109904 -8.235819 144.674786 -8.430833 186.356594 13.949534 -3.173963 -0.001928 -0.002714 0.039694 -0.033039 0.027532 -0.001802 0.025475 0.07586 0.014363 0.100426 0.024326 0.048379 -0.000554 -0.002394 0.00138 -0.001435 0.004165 0.000837 0.000609 0.007983 6.1e-05 0.001331 0.003856 0.00085 0.012559 0.078633
54.124767 82.323622 179.337081 488.198672 15.073417 175.968179 1.660379 148.050775 0.816321 106.367462 1.886387 140.451094 -43.736121 126.963163 -158.273831 668.763166 -27.169635 265.515982 -12.878663 204.813186 -8.188352 154.629698 -8.24903 196.793921 14.175486 -4.501012 -0.001342 0.002251 0.004855 0.045836 0.001548 0.000216 0.001161 0.066526 0.001475 0.004481 0.000929 5.8e-05 -0.008187 0.004897 -0.01289 0.02018 0.000241 0.103854 -0.001159 0.203332 6.9e-05 0.165597 0.000991 0.142187 0.000908 -0.115598
54.959637 82.984294 179.993007 506.381276 17.438153 194.419428 2.70659 167.201235 1.286394 118.996724 2.684767 155.750243 -43.990384 127.486956 -163.135551 670.612122 -23.668309 271.528874 -8.537901 205.207641 -4.391581 156.954201 -5.536009 200.346489 10.431626 -2.623021 0.003195 0.00132 0.000599 0.166218 0.086114 0.45987 0.127174 0.582199 0.053217 0.354146 0.070261 0.395373 -0.000368 0.000539 -0.036772 0.001276 0.120716 0.033662 0.444511 0.00019 0.586633 0.008671 0.26961 0.01589 -0.286473 0.251988
55.879288 88.99169 188.385132 515.34885 18.8103 196.640266 3.632365 167.948052 1.771232 119.642597 3.418587 157.64846 -42.587539 134.326327 -161.579609 686.854494 -21.409279 317.841076 -6.78688 277.383501 -3.165452 210.26386 -4.851487 254.531915 9.6724 -12.690352 0.003815 0.104956 0.095604 0.039354 0.02598 0.006306 0.067967 0.000832 0.038684 0.000874 0.044275 0.005749 0.011366 0.089348 0.003728 0.097175 0.05664 1.822405 0.100365 5.427799 0.100133 3.890131 0.022579 3.238833 -0.014341 -3.774385
55.277806 95.838213 188.089588 555.566307 27.201459 221.483187 8.528151 182.042591 5.216857 129.651269 6.936704 170.348133 -42.888552 140.05509 -160.317778 705.128864 -21.055122 393.55213 -6.255115 375.249609 -2.761088 280.553778 -4.439551 321.563385 15.56852 -28.764864 -0.001627 0.126849 -0.000116 0.755435 0.771617 0.738677 1.029055 0.283917 0.908529 0.200996 0.615943 0.245951 -0.00053 0.059811 0.002473 0.119961 0.001477 4.040303 0.010845 7.379516 0.013811 5.059178 0.009136 3.913007 0.698308 -3.243372
54.862202 100.426137 189.786342 610.064133 44.407254 251.324686 20.409759 206.491943 15.533403 140.505279 17.092218 183.090446 -42.919981 144.76334 -150.41801 742.749993 -21.411954 548.373149 -6.608103 580.889136 -2.849909 435.894454 -4.514527 463.181622 31.690272 -81.443283 -0.000784 0.053632 0.003809 1.274691 2.09779 0.94267 2.551739 0.770026 2.746311 0.218127 2.251534 0.22977 -6e-06 0.038918 0.157739 0.488849 -0.001499 12.810817 -0.004844 22.375561 -0.000703 17.043239 -0.000314 12.884268 2.834896 -13.405152
54.825388 109.027722 190.785657 678.017796 62.891969 317.586307 35.610034 277.383302 28.74476 184.456399 29.695921 227.925204 -42.883673 151.829473 -133.951546 797.103671 -21.211005 696.262292 -6.481223 784.543838 -2.559638 596.86673 -4.187974 606.536841 48.459711 -117.709122 -6e-06 0.176694 0.001312 1.79372 1.604197 3.871954 2.101625 5.221228 2.016883 2.985916 1.729548 2.45267 8e-06 0.084185 0.477147 0.959586 0.000474 8.817419 0.000615 15.272995 0.007793 12.622179 0.006129 9.649186 1.77393 -3.329859
56.22808 114.955903 196.525023 726.0138 90.027884 408.618461 61.521246 374.52924 52.957678 255.59093 52.245089 299.811299 -41.031532 159.848174 -119.918341 839.039382 -20.482259 863.846103 -6.144785 997.749783 -2.157395 778.027809 -3.568161 770.872711 76.492692 -141.751369 0.008859 0.078464 0.042527 0.820598 2.426918 5.728181 3.519878 7.278825 3.670246 5.787579 3.163703 4.918938 0.020442 0.103168 0.388155 0.537512 0.006369 9.026879 0.004483 12.798276 0.017182 11.987478 0.024805 9.838422 3.185187 -1.116308
56.184198 121.169773 178.082586 804.944773 126.772631 556.242836 107.159906 541.279 96.943401 378.357566 89.669007 417.153022 -43.466875 168.952337 -114.464221 905.758479 -22.409407 1041.958255 -7.665806 1217.764805 -3.041866 953.621041 -4.183974 927.116011 134.329919 -130.629805 -9e-06 0.081776 -0.454248 2.036059 3.136557 11.360187 6.291362 15.308795 6.598638 12.00071 5.023406 9.667525 -0.035102 0.126067 0.063468 1.276098 -0.043316 8.341233 -0.084014 10.951529 -0.075783 8.925786 -0.024498 7.203777 8.088725 0.227146
52.972426 121.147664 168.289105 669.290738 166.419248 673.714343 178.213057 768.466548 160.244279 617.829237 139.460725 629.485969 -45.756503 176.930475 -116.846107 866.331845 -23.17143 1219.70975 -11.115918 1492.321551 -3.481559 1209.28555 -5.884529 1147.084215 210.965647 -98.378869 -0.047261 -1e-06 -0.13848 -6.254474 2.692957 5.622622 8.987041 19.854383 7.911725 29.211382 5.475492 21.764415 -0.029383 0.092024 -0.012264 -0.438649 -0.00637 6.99584 -0.319604 13.943435 -0.014835 15.163455 -0.14465 11.696755 8.611748 2.282297
51.425706 120.882371 128.563118 596.492693 190.412066 784.157395 222.329268 931.878177 208.701102 827.669329 179.461622 828.499491 -46.659497 179.32854 -117.33435 868.574507 -38.078666 1405.80747 -25.230525 1726.247842 -13.096581 1448.819318 -13.009603 1361.093757 326.359069 -86.380601 -0.011458 -0.000145 -2.670156 -2.095123 0.807535 4.189401 2.436919 7.870553 3.195972 15.312131 2.518504 13.646435 -0.004412 0.008071 -0.000509 0.00145 -1.841775 6.603645 -2.852536 8.512162 -3.073101 10.814732 -1.394945 9.146829 12.536941 0.389995
47.87771 123.017351 115.679054 618.802253 211.730959 1122.244665 259.791139 1339.764611 252.803301 1262.783795 214.569736 1249.545445 -47.376569 181.558943 -113.327491 872.740276 -45.270749 1501.302811 -34.030425 1857.738401 -19.562862 1605.807701 -18.01801 1513.745174 413.01546 -20.583109 -0.063403 0.009344 -0.340062 0.204789 0.565489 30.218217 1.457641 36.919178 2.112076 45.784528 1.567179 43.102416 -0.002734 0.006892 0.034804 0.004983 -0.310876 1.568881 -0.657008 2.412898 -0.646533 4.036769 -0.406891 4.055689 5.095724 22.631478
45.085457 123.095306 116.562337 648.409746 229.496454 1326.692511 288.419335 1599.940205 278.396288 1556.415975 233.980935 1528.27148 -50.143713 175.446247 -116.922726 866.902286 -51.475729 1562.353493 -41.540593 1956.272528 -23.761512 1720.083003 -21.822821 1624.557933 464.824535 -4.090285 -0.041944 1.2e-05 0.00168 0.345926 0.357798 8.549016 0.748009 11.535923 0.616888 15.333246 0.42021 14.019055 -0.039267 -0.052335 -0.028071 -0.009796 -0.199188 0.608351 -0.374102 1.273016 -0.20393 1.96379 -0.182096 1.956997 1.530189 6.322288
45.75614 124.504188 119.203057 692.0632 238.660533 1537.826858 300.17077 1837.901038 290.71097 1803.408972 244.520566 1767.283618 -50.967453 172.920791 -116.272549 866.517292 -55.225969 1631.678784 -49.528497 2039.929663 -28.206218 1832.72051 -24.737016 1728.063566 500.023312 -0.118145 0.002476 0.004008 0.014789 0.710991 0.089701 7.791608 0.117323 8.245486 0.133252 9.090978 0.116089 8.678678 -0.003356 -0.009154 0.000906 -4.3e-05 -0.065925 0.752429 -0.350996 0.875742 -0.190423 1.78597 -0.09129 1.598148 0.64226 2.818111
47.166952 136.213719 117.867416 777.424915 240.580217 1729.770424 302.693507 2057.100995 297.939188 2035.11826 250.860658 1987.07913 -48.51649 177.085746 -107.316068 884.328085 -55.00127 1660.605239 -49.67097 2062.791225 -28.760356 1853.180881 -25.237113 1756.594625 511.835573 4.258848 0.01071 0.263086 -0.003762 2.481401 0.003845 5.642398 0.005278 6.172876 0.04438 6.999845 0.040573 6.439379 0.030196 0.024782 0.179461 0.090594 0.000229 0.127078 -0.000102 0.063696 -0.002695 0.056788 -0.002502 0.116803 0.068949 5.79567
48.027538 145.092411 118.380353 843.44726 239.562304 1921.320608 303.074 2276.742775 300.177172 2273.961576 252.344253 2214.450985 -48.722965 182.898384 -104.722095 907.437404 -52.630612 1707.593054 -47.272829 2108.202427 -27.313891 1904.240181 -23.823002 1805.542649 508.587797 16.390131 0.00389 0.140151 0.000557 1.345189 -0.001079 5.02819 0.000119 5.569367 0.004187 6.624386 0.002187 6.156789 -0.000219 0.046931 0.015867 0.149033 0.026111 0.327766 0.029666 0.247212 0.018659 0.346936 0.020384 0.336318 -0.005168 3.939332
48.292019 145.749372 118.217113 870.900453 233.399971 1957.477503 294.10726 2326.684147 288.619392 2325.554956 241.801186 2257.48594 -48.778357 182.77475 -99.570581 905.783234 -52.947919 1702.062831 -47.860596 2097.117024 -28.263513 1886.841158 -24.422597 1784.793173 497.519532 22.907932 0.000363 0.000742 -5.6e-05 0.219829 -0.040147 0.168525 -0.067322 0.270908 -0.113448 0.289374 -0.112486 0.207075 -1.6e-05 -2.1e-05 0.064961 -0.000755 -0.000477 -0.004485 -0.001816 -0.014611 -0.008113 -0.039926 -0.003726 -0.059959 -0.060883 0.544276
46.963314 145.672602 114.340031 887.500159 225.70035 1992.308307 283.589981 2367.39026 277.410205 2364.388434 232.166278 2298.116245 -52.108735 179.613846 -100.033429 897.012964 -55.80437 1664.39068 -51.250394 2055.060986 -30.529268 1842.503192 -26.32851 1743.439686 491.995232 32.496706 -0.009267 -1e-05 -0.032321 0.078354 -0.06457 0.153579 -0.095744 0.176501 -0.111 0.160776 -0.09794 0.181189 -0.054984 -0.013786 -0.000537 -0.021333 -0.03752 -0.210791 -0.057986 -0.212991 -0.043675 -0.263575 -0.0358 -0.242355 -0.015421 0.836063
47.162777 145.7003 112.984474 894.780215 222.60949 2021.548289 279.656769 2399.610076 275.995949 2403.074187 230.738796 2325.836653 -52.259911 177.55006 -100.843496 891.452771 -55.988146 1652.901643 -51.083262 2043.383984 -30.581523 1829.768371 -26.510553 1729.625902 490.320516 39.00463 0.000211 1e-06 -0.004042 0.014868 -0.010655 0.106505 -0.013733 0.108887 -0.001807 0.156961 -0.002201 0.083092 -0.000109 -0.005963 -0.001633 -0.008643 -0.000151 -0.019896 0.000136 -0.016635 -2.2e-05 -0.022081 -0.000314 -0.027472 -0.001428 0.296786
49.807884 150.57822 112.976365 923.401239 220.577102 2066.097944 276.290519 2437.705868 275.806849 2433.971035 230.672526 2360.018697 -52.161499 175.749151 -99.49185 894.833883 -55.523142 1650.990954 -50.085357 2036.795942 -30.376549 1823.066173 -26.459633 1723.620079 489.24689 44.061889 0.036083 0.040158 -0.0 0.225284 -0.00466 0.242772 -0.010191 0.150012 -3.2e-05 0.098679 -5e-06 0.124676 4.6e-05 -0.00459 0.00456 0.0032 0.00097 -0.000552 0.004922 -0.005319 0.000345 -0.006149 2.4e-05 -0.005223 -0.000588 0.154091
49.696556 149.683939 109.031643 926.535886 219.993585 2108.25552 277.355209 2466.605815 279.793741 2479.270633 234.181925 2414.893407 -52.129175 174.58974 -99.660233 894.409579 -55.705121 1645.893933 -50.164945 2020.470836 -30.649132 1805.704239 -26.857181 1711.819788 495.650166 53.270964 -6.2e-05 -0.001332 -0.035048 0.002656 -0.000386 0.212884 0.001024 0.085151 0.014305 0.208833 0.013247 0.315329 5e-06 -0.001918 -7.1e-05 -5e-05 -0.000149 -0.00394 -3.2e-05 -0.032844 -0.000609 -0.041535 -0.001482 -0.020266 0.020816 0.436634
49.618096 148.561788 105.267556 922.775924 217.241834 2104.376809 273.955328 2457.280056 280.344361 2473.570594 234.988028 2409.010452 -51.875879 172.434943 -99.730876 892.306129 -55.674429 1642.711511 -49.899588 2015.276248 -30.543267 1803.627168 -26.924964 1708.097769 495.956616 52.792892 -3.1e-05 -0.002111 -0.03306 -0.003822 -0.008659 -0.001786 -0.010483 -0.008831 0.000271 -0.00328 0.000693 -0.003587 0.000308 -0.00669 -1.3e-05 -0.001238 4e-06 -0.00154 0.000352 -0.003343 9.2e-05 -0.000598 -4.3e-05 -0.002025 4.7e-05 -0.001077
49.301193 148.165096 104.441154 921.648431 219.295727 2126.25534 277.566486 2474.135352 284.708859 2506.561705 238.97537 2442.13454 -50.651395 170.882533 -100.702167 890.226139 -55.829753 1636.111186 -49.40906 2002.968666 -30.320761 1793.814076 -27.005903 1698.718934 500.853077 59.476976 -0.000508 -0.000265 -0.001628 -0.000345 0.004832 0.056572 0.011822 0.028805 0.016856 0.109277 0.016773 0.113089 0.007312 -0.00351 -0.002353 -0.001214 -0.000108 -0.006643 0.001211 -0.018849 0.000407 -0.013384 -6.1e-05 -0.01291 0.012026 0.199148
49.522415 147.209093 103.602963 918.821784 220.873757 2121.643471 280.201068 2463.626029 288.242621 2499.28122 241.849199 2436.30144 -49.128457 170.753294 -99.673621 892.121324 -54.234537 1640.523043 -47.793736 2006.935984 -29.127329 1794.550032 -26.052087 1701.155562 500.626467 58.227308 0.000248 -0.001547 -0.001689 -0.002171 0.002829 -0.002504 0.006222 -0.011184 0.010898 -0.005294 0.008588 -0.003487 0.011623 -2.4e-05 0.00264 0.001008 0.011561 0.00297 0.013423 0.001963 0.01198 7.5e-05 0.008574 0.000873 -2.6e-05 -0.006634
48.815414 148.215089 102.383246 927.250317 220.589496 2124.936014 279.991583 2469.625317 288.774747 2501.070614 241.994566 2437.864491 -49.319148 170.490605 -99.856512 893.964882 -54.635204 1641.792669 -48.154104 2007.639915 -29.667377 1796.265408 -26.437409 1700.577396 503.560349 58.191473 -0.002542 0.001713 -0.003611 0.019241 -9.2e-05 0.001276 -3.9e-05 0.003648 0.000245 0.00032 2.2e-05 0.000251 -0.000185 -0.000101 -8.4e-05 0.000951 -0.000737 0.000246 -0.000677 6.2e-05 -0.00248 0.00041 -0.001414 -4.9e-05 0.004286 -6e-06
47.901139 147.897353 102.129857 921.481601 217.889258 2098.085854 276.866245 2463.046498 282.506567 2483.528952 236.027869 2409.327878 -50.257146 171.545932 -102.928637 902.038094 -55.057556 1651.853256 -47.591585 2021.119792 -29.397202 1806.059863 -26.392775 1707.993569 494.166244 53.8353 -0.004321 -0.00017 -0.000157 -0.009 -0.008314 -0.085358 -0.00877 -0.004387 -0.034389 -0.030866 -0.03724 -0.084002 -0.004418 0.001628 -0.023272 0.018145 -0.000813 0.015365 0.001652 0.022551 0.000618 0.013315 1.9e-05 0.008068 -0.044226 -0.084727
48.002592 146.814501 102.52756 917.970645 218.266868 2088.060887 276.702823 2445.703186 283.511694 2464.299423 237.373322 2394.66593 -49.869614 170.048989 -101.924375 901.447258 -54.794764 1652.752857 -47.431642 2021.675855 -29.273751 1806.024147 -26.252899 1709.008367 494.988087 51.04199 5.4e-05 -0.001989 0.000386 -0.003351 0.000163 -0.012004 -2.4e-05 -0.030638 0.000892 -0.037368 0.001912 -0.022374 0.00075 -0.00328 0.002462 -9.7e-05 0.000314 0.000122 0.000135 3.8e-05 0.00013 -0.0 0.000186 0.000151 0.000341 -0.037205
48.363952 146.269593 104.311813 914.599235 220.567896 2088.808869 279.341083 2451.494106 285.390345 2470.231394 238.698287 2399.378251 -49.857534 170.363537 -102.36648 902.143895 -53.911117 1651.837994 -46.745771 2021.10559 -28.780082 1805.915228 -25.665337 1709.418412 495.427788 51.917229 0.000678 -0.000507 0.007696 -0.003101 0.006033 6.7e-05 0.006259 0.003424 0.003102 0.003566 0.001844 0.002316 1e-06 0.000145 -0.000478 0.000135 0.003592 -0.000127 0.002498 -4e-05 0.002099 -2e-06 0.003325 2.5e-05 9.8e-05 0.00372
50.245146 146.572515 106.908804 913.445224 224.015742 2083.483305 283.316425 2457.235146 286.647168 2472.979521 239.963042 2396.182309 -48.403422 170.578249 -100.439518 901.904373 -52.752104 1652.832338 -45.580962 2022.453132 -27.890895 1807.072978 -24.746029 1710.548261 493.365869 52.11945 0.017946 0.000157 0.015966 -0.000364 0.01337 -0.003399 0.014044 0.003357 0.001381 0.000764 0.001671 -0.001065 0.01076 6.8e-05 0.009155 -1.6e-05 0.006297 0.00015 0.007348 0.000225 0.006976 0.000185 0.008383 0.000187 -0.00215 0.000197
52.410571 147.464922 111.010376 912.708581 228.895477 2089.286711 289.84169 2468.329876 289.157339 2485.060428 241.965637 2407.173591 -46.623757 172.192315 -99.463552 906.216686 -51.390065 1660.753164 -43.680441 2029.219057 -26.75713 1812.338444 -23.740219 1715.025974 491.835141 52.981103 0.022841 0.001354 0.038602 -0.000149 0.026288 0.004036 0.037145 0.012495 0.005471 0.014718 0.004161 0.012575 0.016666 0.0038 0.002382 0.005142 0.008907 0.009467 0.020235 0.005649 0.011762 0.00383 0.010433 0.002927 -0.001189 0.003532
53.239385 146.981379 111.649722 912.173306 229.896639 2086.265025 291.011662 2462.564939 292.598807 2477.308085 245.187807 2401.947346 -45.918122 171.248624 -97.613759 896.258353 -51.469699 1652.959075 -44.35476 2023.365416 -26.841553 1808.568974 -23.676168 1711.555927 496.683767 52.494231 0.003251 -0.000397 0.000918 -7.9e-05 0.001092 -0.001093 0.001178 -0.00337 0.010179 -0.006055 0.010656 -0.00284 0.00269 -0.001297 0.008681 -0.027509 -3.1e-05 -0.009166 -0.002583 -0.004228 -6.6e-05 -0.001962 4.3e-05 -0.001757 0.011891 -0.001124
]