08-10-20_David_4KDepth.alligator_above_chair.0000000001 [ 53.564931 202.958673 134.458097 1387.733928 300.299248 3181.446911 386.595836 3599.959517 385.886897 3694.22225 327.503398 3642.98309 -80.785786 231.82229 -69.76411 1607.748712 -25.008447 3415.496921 -27.959844 4176.246687 -9.763427 4099.075803 -5.630723 3837.662694 518.411534 -10.52296 0.0 0.0 0.0 0.0 0.0 0.0 0.0 0.0 0.0 0.0 0.0 0.0 0.0 0.0 0.0 0.0 0.0 0.0 0.0 0.0 0.0 0.0 0.0 0.0 0.0 0.0
56.164184 238.265116 136.180956 1472.934269 286.240021 3301.122947 372.214494 3738.850813 366.156601 3835.689338 310.086125 3780.875244 -78.683714 262.743769 -85.284631 1663.437595 -22.772283 3487.011224 -23.785226 4304.627583 -4.338283 4186.331221 -2.936908 3923.712399 450.206637 -7.666928 0.03079 1.414868 0.005484 1.269058 -0.168523 1.104776 -0.136293 1.314417 -0.258862 1.329013 -0.237942 1.280728 0.013855 0.96759 -0.778765 0.47406 0.052356 0.370476 0.168672 0.971751 1.085334 0.459466 0.43451 0.477028 -2.404295 0.225615
57.281056 260.628014 147.037532 1515.631365 311.729862 3367.581246 403.135555 3811.72334 397.682315 3928.622135 338.215772 3876.212465 -77.125188 277.644246 -81.581369 1694.42941 -20.441196 3567.150557 -20.620579 4381.426382 -3.94403 4250.843101 -2.175784 3990.471606 480.834198 -6.349233 0.005498 0.501461 0.208158 0.305018 0.543529 0.33116 0.616813 0.351664 0.650853 0.556187 0.610556 0.593538 0.007795 0.205469 0.041098 0.143024 0.062919 0.455229 0.11291 0.33952 0.009389 0.246637 0.056971 0.281575 0.503899 0.062077
59.410892 260.242388 144.316328 1496.298188 303.214308 3315.317766 390.862421 3734.462188 390.222577 3849.574135 333.070132 3808.081438 -72.901597 275.016008 -83.199342 1673.576374 -19.909637 3519.493537 -19.099982 4330.624374 -3.138627 4199.090236 -1.724879 3943.682303 463.35443 -7.592511 0.019438 -0.000143 -0.012708 -0.062049 -0.058963 -0.204366 -0.094861 -0.395527 -0.035314 -0.401684 -0.019722 -0.30204 0.059464 -0.006249 -0.007944 -0.064556 0.003501 -0.160246 0.029117 -0.14812 0.045942 -0.158486 0.026149 -0.137964 -0.161815 -0.055546
59.115484 252.214458 144.025762 1462.798675 301.454724 3281.94226 389.270379 3709.888133 384.608895 3827.701423 328.134939 3782.9272 -73.202831 261.653053 -79.401914 1641.593428 -19.605092 3505.096353 -18.998057 4316.784167 -3.148613 4175.928912 -1.788041 3920.70966 457.355919 -7.57905 -0.000368 -0.062885 -0.000146 -0.189628 -0.00256 -0.084424 -0.001624 -0.04056 -0.020336 -0.031158 -0.018418 -0.041677 -0.000311 -0.166393 0.044349 -0.154281 0.001174 -0.014754 0.000136 -0.011076 -8e-06 -0.032027 -0.000568 -0.033553 -0.019541 6e-06
57.92869 258.262599 147.583578 1507.830246 319.222408 3375.513039 416.057366 3821.664917 411.687456 3927.709123 349.469032 3880.122554 -78.939503 266.037696 -81.107116 1690.776108 -20.476918 3532.136047 -19.83845 4357.578379 -3.531159 4217.841852 -2.091286 3961.638493 491.474335 -5.168694 -0.006017 0.03583 0.021705 0.341335 0.254364 0.657603 0.445621 0.829493 0.460545 0.644837 0.335931 0.61642 -0.108192 0.018217 -0.009058 0.362965 -0.009483 0.051949 -0.009094 0.095925 -0.010963 0.104643 -0.01187 0.106262 0.61362 0.22995
58.390795 241.696927 145.404894 1453.688289 310.605051 3323.346208 402.278416 3768.571537 399.417231 3889.125396 339.315902 3838.041917 -77.474359 262.58235 -83.044358 1688.056719 -19.414851 3542.125611 -18.82615 4374.698164 -2.699749 4233.907138 -1.761915 3967.76799 467.792744 -7.320421 0.000918 -0.274519 -0.008101 -0.494948 -0.058955 -0.203126 -0.116012 -0.185695 -0.092816 -0.095225 -0.074836 -0.114716 0.006862 -0.011293 -0.011432 -0.001094 0.014141 0.007053 0.013254 0.016782 0.055718 0.015269 0.014103 0.002369 -0.29236 -0.186755
58.367842 238.546458 142.698482 1445.741803 303.489414 3301.771942 393.185657 3734.627558 393.606525 3854.452082 334.220054 3808.068196 -78.499512 258.720956 -83.524832 1666.76315 -21.050118 3494.802224 -20.582596 4317.809087 -3.485831 4185.140023 -2.2742 3923.568657 471.174629 -6.803878 -2e-06 -0.010334 -0.012712 -0.01089 -0.041227 -0.035128 -0.05197 -0.076781 -0.021289 -0.077629 -0.019277 -0.058751 -0.003369 -0.014301 -0.000693 -0.067577 -0.033056 -0.159127 -0.039162 -0.18616 -0.050152 -0.141242 -0.032643 -0.123781 0.00609 0.009448
60.568064 220.561788 142.914162 1399.508543 290.481744 3249.679107 374.884837 3657.730375 373.692487 3795.15075 317.102229 3756.865823 -76.0705 242.05252 -82.185018 1607.455 -20.635793 3399.885001 -19.86522 4196.290846 -3.386186 4077.018943 -2.102368 3826.596685 448.223381 -5.047856 0.020353 -0.352392 8.1e-05 -0.375653 -0.142448 -0.207107 -0.218058 -0.399963 -0.258462 -0.229862 -0.224981 -0.173281 0.019087 -0.277484 0.005416 -0.537189 0.002059 -0.65338 0.006362 -0.867234 0.000722 -0.707483 0.003375 -0.606692 -0.286515 0.130813
61.003123 227.645253 149.599214 1428.743054 310.844394 3326.783901 400.879723 3754.463025 400.449259 3903.443498 339.932131 3857.748089 -75.863995 245.454342 -82.435986 1616.508074 -20.341797 3417.978619 -19.594669 4220.363811 -3.278957 4102.357186 -1.98194 3850.977717 476.200445 -2.471506 0.000778 0.055977 0.0764 0.151097 0.344868 0.452018 0.43565 0.63123 0.462537 0.761691 0.396754 0.668299 0.00014 0.011869 -0.000191 0.012711 0.001055 0.024009 0.000928 0.034426 0.000863 0.039247 0.001776 0.038713 0.42345 0.455141
60.815376 225.137547 149.780214 1419.452276 309.786643 3291.212387 397.473855 3667.395919 399.492282 3836.571286 339.985982 3817.283917 -75.345779 244.859576 -80.046834 1617.674638 -19.501379 3443.021084 -18.923491 4254.445921 -3.029902 4129.904528 -1.770819 3874.183217 472.104432 -5.402237 -0.000145 -0.006944 5.5e-05 -0.015153 -0.000901 -0.095599 -0.007265 -0.510717 -0.000572 -0.288887 2e-06 -0.106668 0.000888 -0.000361 0.017566 0.00021 0.008865 0.045702 0.005848 0.068532 0.004918 0.046091 0.005943 0.034853 -0.008846 -0.565758
59.618825 221.126735 148.747176 1399.916628 311.587597 3238.087946 400.685461 3598.882786 404.97107 3764.236809 344.828738 3748.334222 -76.610917 240.190141 -79.071316 1618.452182 -19.367816 3425.197138 -19.215241 4236.190262 -3.118048 4107.890071 -1.836101 3851.798164 479.15864 -7.504572 -0.005944 -0.018024 -0.001787 -0.067683 0.00261 -0.216122 0.006461 -0.323009 0.018657 -0.3442 0.017123 -0.314195 -0.005267 -0.022476 0.00299 9.3e-05 0.000229 -0.023128 -0.001116 -0.019626 -0.000632 -0.029415 -0.000591 -0.032429 0.026156 -0.172371
58.487575 221.490639 149.826612 1425.824459 317.772965 3340.981357 410.617606 3718.427868 412.299631 3879.321742 351.16006 3863.195416 -79.587066 243.816539 -86.206244 1631.715863 -20.567563 3445.548796 -19.272295 4273.317088 -3.022115 4153.365568 -1.884553 3894.876784 485.919674 -4.676012 -0.005418 0.00015 0.001951 0.118771 0.030396 0.80465 0.060798 0.976587 0.032859 0.866435 0.028798 0.866701 -0.028356 0.013586 -0.154077 0.027064 -0.018026 0.030142 -4.2e-05 0.080992 0.000749 0.125165 -0.000315 0.119779 0.023683 0.332973
59.277734 216.699599 142.288798 1389.608809 300.155073 3222.441057 388.067091 3594.611779 392.858577 3737.116917 334.5333 3720.517708 -77.920522 242.984085 -83.510397 1621.732244 -18.595706 3418.346612 -17.549715 4251.322664 -2.302784 4120.513389 -1.342356 3859.091324 455.316769 -9.359084 0.002651 -0.026193 -0.09727 -0.232935 -0.251205 -1.07055 -0.318415 -1.048232 -0.234742 -1.327653 -0.201613 -1.342267 0.008817 -0.000712 0.021412 -0.015318 0.049673 -0.053902 0.040314 -0.028374 0.04881 -0.065222 0.045877 -0.082577 -0.497636 -0.804346
58.767247 214.213485 143.06013 1380.16845 302.957171 3181.588451 394.744938 3540.407451 402.446758 3690.199527 343.026961 3683.572089 -78.148667 241.9483 -83.148081 1617.704605 -18.947638 3414.443265 -18.060414 4243.278615 -2.57799 4112.182074 -1.539826 3853.625062 469.445357 -11.419569 -0.001104 -0.007172 0.001043 -0.016088 0.006509 -0.130305 0.028483 -0.205897 0.0578 -0.148187 0.053239 -0.092178 -0.000167 -0.001106 0.000394 -0.002504 -0.00165 -0.001115 -0.003662 -0.003809 -0.007765 -0.004216 -0.006773 -0.001937 0.107935 -0.102415
62.218682 215.356859 150.31247 1409.790059 320.163873 3227.281689 414.616452 3599.114139 422.69899 3721.664844 361.80904 3705.3286 -77.751195 247.147381 -82.513934 1639.399672 -18.548699 3365.974083 -17.138453 4188.047168 -2.384503 4030.442416 -1.415506 3775.239446 488.579221 -6.151968 0.049241 0.001522 0.089655 0.157254 0.237616 0.162891 0.24398 0.24137 0.248571 0.06679 0.250292 0.032031 0.000507 0.027634 0.001214 0.072255 0.002122 -0.173241 0.012076 -0.180905 0.003773 -0.410282 0.002616 -0.402712 0.191092 0.808146
64.257629 216.476001 144.019896 1380.828405 304.395339 3028.226467 387.608358 3337.467123 403.615837 3414.543573 347.120577 3422.036704 -74.730684 253.094993 -82.181235 1649.745859 -15.490584 3308.073078 -13.256472 4127.258492 -1.093085 3939.741433 -0.592932 3687.184014 446.717804 -18.777174 0.016436 0.00145 -0.067273 -0.150289 -0.199089 -3.167849 -0.454763 -4.936404 -0.220385 -6.611858 -0.152183 -5.632237 0.02992 0.035358 0.000336 0.016272 0.13765 -0.251166 0.248919 -0.222199 0.248678 -0.516107 0.176173 -0.519538 -0.937273 -3.433414
65.072256 215.128885 147.375255 1367.727831 329.616239 2770.200001 425.916505 3031.642897 446.652045 3077.276192 385.306128 3096.907438 -71.662952 252.306665 -83.470531 1626.519375 -11.836502 3265.580261 -7.497846 4047.352098 -0.023361 3796.444482 -0.018318 3565.201052 453.135869 -37.725291 0.002566 -0.002102 0.019319 -0.031221 0.501841 -5.743856 0.902448 -7.346586 1.089835 -8.76689 0.996092 -8.112883 0.032146 -0.000615 -0.005017 -0.082331 0.245407 -0.137341 0.814911 -0.39055 0.796847 -1.327255 0.402814 -1.025931 0.022888 -3.271859
69.365756 212.628964 148.866565 1299.58064 330.549056 2559.380622 424.273196 2812.379945 442.209628 2796.468185 382.262927 2807.808547 -67.084058 254.668107 -80.382456 1591.214496 -9.994623 3095.067114 -6.19192 3831.327975 0.002534 3576.607705 0.007829 3351.797412 440.095147 -47.92936 0.068577 -0.007305 0.003754 -0.87069 0.000659 -4.171267 -0.001588 -4.114732 -0.011101 -6.71618 -0.006033 -7.081485 0.075576 0.0055 0.029102 -0.193688 0.077838 -2.285928 0.062431 -2.96212 0.041282 -3.278083 0.050099 -3.292755 -0.095199 -0.609979
67.597589 217.907207 131.642997 1285.993182 294.889144 2408.074384 384.170669 2620.371022 398.317774 2492.832917 341.223517 2497.085587 -64.20107 249.35 -80.355311 1503.14172 -10.467349 3016.258104 -4.956633 3561.258824 -0.086387 3091.806019 -0.062613 2925.55005 410.136072 -32.213946 -0.011414 0.032356 -0.529271 -0.035702 -1.017418 -2.304892 -0.995247 -3.394132 -1.146786 -8.722367 -1.164908 -9.107789 0.031659 -0.028058 2e-06 -1.253635 -0.005461 -0.508165 0.068648 -4.934788 -0.11851 -17.64618 -0.114724 -14.488343 -0.527989 1.555933
75.710558 229.017052 122.182159 1360.022178 269.800846 2189.814852 347.661159 2339.024177 361.760064 2138.331812 308.231545 2130.80233 -62.5536 256.694543 -83.282545 1459.594984 -11.201814 2745.005976 -3.575663 3149.931672 -0.301925 2659.309803 -0.326191 2502.98291 382.964097 -28.370497 0.22983 0.138108 -0.176378 1.035777 -0.557592 -5.183258 -0.911258 -7.986845 -0.879673 -13.587906 -0.838529 -14.517875 0.010707 0.053301 -0.026184 -0.320045 -0.012451 -6.389096 0.112498 -12.616928 -0.065311 -16.285378 -0.10298 -16.471697 -0.465599 0.122036
75.96542 229.095444 123.382744 1363.489075 227.89488 1756.562399 283.881947 1860.494985 286.810471 1581.872033 242.868052 1568.820241 -56.359917 256.80791 -63.829427 1436.469248 -5.862095 2394.681098 -0.739148 3081.75543 0.019969 2337.75539 0.021875 2222.980667 282.044111 -73.574968 0.000214 7e-06 0.002935 0.002207 -1.767379 -23.854374 -3.228768 -27.352938 -4.345188 -41.852426 -3.889967 -42.93236 0.16141 1.3e-05 1.291848 -0.092334 0.856985 -11.953101 1.063384 -0.372944 0.477188 -10.356529 0.517011 -8.30203 -7.702288 -10.57023
62.105521 197.627695 117.547315 1265.223954 164.118645 1653.624586 187.385768 1644.627556 183.777191 1219.475783 156.444073 1211.446723 -61.06459 233.063533 -69.265812 1404.254474 -7.83561 2000.628284 -1.470001 2467.452522 -0.057593 2173.446297 -0.069505 2012.704324 190.341504 -136.872249 -0.697407 -1.161841 -0.070679 -1.837289 -5.222631 -1.553963 -9.984996 -6.65355 -11.417878 -23.539589 -9.46463 -23.063932 -0.094285 -0.575791 -0.111073 -0.182669 -0.142914 -17.699653 -0.124396 -34.106789 -0.145387 -2.993264 -0.169365 -5.222699 -8.986434 -9.744737
56.782582 196.622631 113.533043 1277.639251 129.992805 1186.54444 167.03634 1206.271182 141.573445 898.890873 133.392938 911.487202 -61.086949 221.42704 -66.379506 1337.934575 -8.247386 1799.434895 -2.026205 2106.857799 -0.131413 1752.039984 -0.105885 1658.486925 150.33147 -141.036237 -0.119221 -0.001281 -0.03487 0.030308 -1.986525 -38.6701 -0.584672 -33.902589 -2.7489 -24.398508 -0.918098 -21.298196 -2e-06 -0.148991 0.030711 -0.802091 -0.005272 -5.329804 -0.044526 -14.235063 -0.015012 -22.684818 -0.003815 -17.128411 -2.357629 -0.031197
50.156629 191.194722 130.216482 1254.693824 63.929802 921.022264 104.915357 883.197413 136.637768 619.540269 66.210278 654.103798 -63.693829 217.847205 -61.089325 1292.099034 -4.000517 1630.326434 -0.241484 2007.881887 0.304518 1609.259038 0.217435 1552.833429 124.041326 -231.800782 -0.205469 -0.037986 0.571619 -0.103956 -11.599659 -16.792832 -7.190089 -25.127938 -0.043785 -25.9177 -11.64595 -21.301855 -0.027234 -0.014587 0.109823 -0.399435 0.759856 -4.171584 0.868695 -1.190555 0.83602 -3.033887 0.626787 -1.738488 -1.262453 -11.216721
57.379531 182.539285 138.65846 1233.962592 53.829528 923.415004 25.942316 927.590299 24.244067 692.895287 21.37887 717.247592 -60.899678 209.871134 -57.467472 1278.032148 -2.362455 1538.279647 0.0019 1935.874883 0.998937 1545.056278 0.797081 1517.883526 15.400585 -168.592038 0.242845 -0.100241 0.132561 -0.08635 -0.433952 0.001552 -26.516937 0.544245 -45.770494 2.051593 -12.342861 1.454497 0.031335 -0.074375 0.055336 -0.038496 0.214463 -1.337244 0.286224 -0.657424 0.200379 -0.653457 0.181898 -0.198901 -52.027748 5.020761
60.698483 210.058121 119.569458 1475.249269 34.184355 821.853615 15.164406 731.030507 17.646957 507.136294 16.146789 550.480011 -64.238136 229.981147 -49.392345 1427.416807 -1.191798 1500.513303 0.378116 1720.465943 1.279157 1404.204442 1.082827 1356.25083 9.423856 -223.593081 0.046654 0.965644 -0.706525 10.766077 -2.220464 -2.957557 -1.438104 -11.688134 -0.522727 -14.464463 -0.366536 -11.016877 -0.04454 0.459955 0.305545 4.127376 0.198322 -0.234691 0.326409 -6.350795 0.0173 -3.365346 0.021844 -4.548468 -0.730218 -3.875896
59.861335 218.189823 110.763457 1498.935142 27.078805 737.762455 10.015569 607.599655 12.606344 429.169186 11.792823 478.709919 -65.772756 240.024355 -45.365605 1420.3354 -0.148311 1439.240194 2.136749 1621.872665 3.050864 1324.887699 2.416362 1314.301135 3.253943 -245.94419 -0.002907 0.077211 -0.168395 0.094317 -0.413461 -2.268658 -0.532042 -5.702731 -0.422873 -3.251847 -0.341335 -2.505477 -0.009057 0.107315 0.085597 -0.008805 0.49926 -0.638625 0.717156 -1.454483 0.379055 -1.152851 0.264068 -0.329498 -1.602657 -0.532285
64.743698 196.84886 140.374037 1360.745459 15.436347 678.044025 2.348157 552.976434 3.763161 413.200088 4.644847 463.193552 -60.939314 229.140194 -36.04311 1365.374602 4.567964 905.784311 20.443433 826.052738 15.842668 665.163451 12.685108 702.065764 -4.163224 -29.849168 0.095689 -0.549031 1.75174 -3.340854 -1.625161 -1.260016 -2.664627 -1.28615 -2.594208 -0.15138 -1.635527 -0.127812 0.09222 -0.126268 0.535543 -0.542229 6.362457 -61.482355 9.361637 -132.971964 4.989025 -112.53484 4.028654 -95.194517 -14.77839 104.431408
62.197903 195.517769 142.519111 1307.094402 13.007217 619.503329 1.048897 461.483484 2.476493 354.254425 3.612127 412.464609 -65.028125 211.06799 -45.056406 1221.628539 4.190463 600.98201 20.116982 481.75477 14.492087 379.337773 11.31487 425.784033 -4.987002 -0.428957 -0.02553 -0.002258 0.008133 -0.539524 -0.103916 -1.321246 -0.25828 -4.134245 -0.134102 -2.26706 -0.064837 -1.470659 -0.066377 -0.371122 -0.502419 -3.996691 -0.008139 -31.151092 -0.001314 -46.134259 -0.030081 -39.86871 -0.039148 -34.362911 -0.037157 23.12159
65.226016 201.174896 127.906915 1313.631784 11.926409 602.96928 1.489039 419.913245 3.280123 324.482252 4.014979 385.737274 -62.909459 210.851039 -40.310562 1231.140326 1.903683 604.256486 12.680523 500.784915 8.38498 388.014724 6.933376 425.233824 -1.176297 -2.838209 0.035985 0.040339 -0.395066 0.008154 -0.023436 -0.111817 0.038457 -0.980856 0.05637 -0.653279 0.010646 -0.4476 0.017544 -5.6e-05 0.132021 0.018443 -0.445318 0.004448 -0.854189 0.184308 -0.83022 0.04906 -0.533817 -0.000178 1.319253 -1.060387
70.025874 189.517435 141.27106 1291.277288 8.552049 614.840292 0.964379 490.25809 1.152806 367.349558 1.560635 420.363087 -58.243137 206.486718 -34.859304 1171.036827 5.340626 448.692302 20.02715 322.912714 12.9519 246.9927 11.805107 285.832358 -6.376567 11.905011 0.085196 -0.173956 0.331956 -0.095921 -0.27992 0.05786 -0.056755 2.722459 -0.543792 1.32935 -0.569251 0.744014 0.089898 -0.022821 0.197921 -0.752025 0.867206 -11.555042 0.835758 -19.434448 0.494479 -15.857025 0.644368 -13.79841 -2.07537 26.368865
68.943744 181.831549 129.81957 1208.222262 8.701977 549.979615 0.858503 348.560503 2.212424 290.532438 2.9297 378.356871 -53.998068 187.056199 -36.480639 1073.758957 3.592014 371.485557 14.748846 251.096444 11.267723 191.814424 10.378523 234.736006 -3.494361 10.209966 -0.004213 -0.079547 -0.241977 -1.380285 0.000651 -1.807221 -0.003077 -12.054766 0.171176 -4.500139 0.213798 -1.105359 0.080305 -0.479967 -0.018426 -2.108751 -0.172822 -3.641982 -0.402905 -4.510311 -0.058628 -3.483049 -0.045918 -2.513749 0.43016 -0.065056
71.805516 161.903594 112.644001 1198.296717 8.36142 484.056514 0.743254 302.419799 2.85592 244.649019 3.608548 315.768921 -52.785704 179.873477 -32.33307 1193.483344 2.31492 375.591686 11.168543 220.690516 5.948422 166.097917 6.115742 207.187756 -0.560989 7.581003 0.029096 -0.578145 -0.609104 -0.020469 -0.003399 -2.103544 -0.004152 -1.637258 0.041016 -1.97052 0.035337 -2.827475 0.006882 -0.070308 0.125106 3.1633 -0.139708 0.011284 -0.248488 -0.980827 -0.842365 -0.925079 -0.560355 -0.859475 1.255137 -0.195312
60.571682 164.446923 106.89956 1167.228349 6.857154 479.42967 0.336035 330.499317 2.1719 254.910528 2.792714 308.097718 -62.862193 190.491033 -39.764227 1277.349092 0.648758 406.361376 7.740448 248.929176 2.801227 184.952076 2.631301 215.649633 -0.03998 5.598945 -0.477526 0.009911 -0.075166 -0.204032 -0.074526 -0.01111 -0.07977 0.623182 -0.046747 0.105403 -0.052202 -0.047165 -0.439822 0.152223 -0.383992 1.423709 -0.5127 0.605625 -0.313344 0.849777 -0.585611 0.506674 -0.723987 0.084679 0.301447 -0.149887
63.392216 183.745518 93.452218 1206.624169 6.339535 464.867072 0.522029 320.946959 2.284261 243.748603 2.429426 292.496349 -56.88917 222.687756 -42.022572 1366.995645 0.050642 458.088781 4.147721 286.60307 0.748999 221.308206 0.742308 263.046552 0.417225 0.541724 0.032092 0.535224 -0.451793 0.326924 -0.010155 -0.112296 0.020401 -0.070038 0.001417 -0.124939 -0.012652 -0.202669 0.149056 1.256366 -0.031185 1.520001 -0.336885 1.549033 -0.555876 1.326795 -0.65325 1.63002 -0.578444 2.352224 0.715512 -2.657519
65.421796 190.737168 94.043411 1256.781496 7.555308 448.713008 0.663435 287.436964 3.021638 215.117345 2.975009 264.015216 -51.687158 228.656839 -41.31846 1449.084321 -0.293625 490.612903 0.678541 325.105286 -0.189075 245.592007 -0.027315 285.843039 4.722424 -1.009013 0.01599 0.065273 0.000932 0.510679 0.053291 -0.14283 0.008464 -0.923572 0.051488 -0.894105 0.027609 -0.729281 0.124689 0.039473 0.002974 1.196696 -0.58815 0.557672 -1.471027 1.212908 -1.690716 0.631936 -1.054411 0.473596 2.332292 -3.029393
65.971969 186.954149 98.1051 1273.152076 9.354708 482.986627 1.187 333.522047 3.477156 241.682008 3.328293 289.692744 -50.245991 227.870676 -41.977455 1476.297521 -2.700357 563.157637 -0.024359 388.40427 -1.287597 275.58902 -0.770633 320.152781 8.996621 -1.112495 0.001152 -0.018946 0.042933 0.052966 0.09601 0.63061 0.075614 1.712486 0.015984 0.773074 0.009908 0.595702 0.010188 -0.000677 -0.002607 0.126577 -1.213092 2.500065 -0.96003 2.81333 -0.489854 0.863968 -0.507778 0.972039 0.68281 -0.002525
67.186862 189.193128 98.042058 1295.480021 8.643525 476.916616 0.897721 326.157204 2.850745 237.780866 2.776839 286.722556 -50.326764 231.370382 -43.119596 1487.100921 -4.651208 532.306932 -0.5466 353.24368 -3.063277 252.889075 -1.986516 300.582122 11.824222 -0.232653 0.005542 0.006664 -1e-05 0.097045 -0.014056 -0.019192 -0.020168 -0.041113 -0.031081 -0.015871 -0.024956 -0.007653 -3.2e-05 0.013335 -0.007665 0.019693 -0.263569 -0.434498 -0.34018 -0.833928 -0.378838 -0.487745 -0.282578 -0.308591 0.192896 0.32765
68.0606 187.148247 99.590031 1275.302083 7.821384 465.963927 0.461719 319.906788 2.042409 232.936248 2.101452 280.320609 -49.455116 230.026254 -42.630882 1453.958509 -2.905409 503.984304 -0.086219 324.647512 -1.54933 238.984031 -1.01882 286.087567 7.149471 -0.038754 0.002822 -0.005556 0.006062 -0.079189 -0.020539 -0.063616 -0.071815 -0.030236 -0.067229 -0.024931 -0.046979 -0.03614 0.003807 -0.001958 0.001393 -0.186745 0.204431 -0.387112 0.198643 -0.603419 0.255531 -0.196584 0.160058 -0.179082 -0.584899 0.0815
68.882883 165.529491 107.908167 1209.633174 6.540431 468.26031 0.102335 334.00978 0.821489 241.094702 1.018657 287.853961 -50.66128 202.738209 -39.714066 1370.833754 -1.61255 487.444467 0.014739 315.668414 -0.538574 230.165853 -0.218308 275.651163 2.690375 0.126741 0.002469 -0.663227 0.166795 -0.867861 -0.057239 0.002822 -0.129313 0.152097 -0.273287 0.070212 -0.193911 0.049944 -0.007266 -0.861183 0.051676 -1.223315 0.188933 -0.137975 0.172252 -0.06296 0.260962 -0.082881 0.293906 -0.096956 -1.068356 0.305661
68.086566 169.302163 99.555415 1175.067465 5.44538 455.027087 0.074328 322.824248 0.814179 233.021495 0.904737 279.163887 -48.710567 204.826664 -39.201204 1271.600646 -1.079883 476.67896 0.178442 319.986323 -0.105881 232.628598 -0.010541 277.465008 1.507278 0.000166 -0.002315 0.021255 -0.168214 -0.250524 -0.050128 -0.094839 -0.002234 -0.095249 -1.6e-05 -0.06874 -0.003377 -0.066596 0.019149 0.005351 0.001667 -1.863941 0.053217 -0.060106 0.090614 0.014666 0.166858 0.006553 0.132908 0.002974 -0.170176 -0.11774
65.946893 173.370826 108.831577 1188.386837 3.970008 546.719277 -0.291961 431.199483 -0.040585 316.629975 0.031692 363.151177 -48.303742 211.971792 -44.89767 1304.805144 -2.225627 621.83469 0.0 487.790757 -0.406188 369.0402 -0.189869 412.383992 0.189983 -2.005961 -0.01708 0.024155 0.206562 0.037531 -0.116312 4.205227 -0.660913 7.828987 -1.218323 6.396134 -0.59777 5.514643 0.000853 0.061249 -0.193148 0.213977 -0.204919 9.632548 -0.17806 17.621726 -0.097303 15.667759 -0.110936 13.3222 -0.627013 -2.042596
59.677473 172.675314 102.822054 1194.904375 2.433794 606.320192 -1.182472 500.477244 -0.603748 370.446031 -0.058325 416.797743 -53.850565 212.602977 -45.858404 1336.859077 -1.361957 598.966656 0.254063 457.409713 -0.127072 343.250544 -0.042512 387.289589 -0.176854 0.518332 -0.156539 -0.000699 -0.085332 0.008912 -0.186992 1.541424 -0.299298 2.579253 -0.331263 2.110846 -0.176003 1.84715 -0.150703 0.000469 -0.005085 0.194478 0.105511 -0.214201 0.253607 -0.488387 0.078881 -0.467032 0.052696 -0.393838 -0.733441 4.563659
57.653286 168.488502 97.872159 1203.317641 0.869472 565.463322 -2.1452 439.003339 -1.07844 326.848866 -0.461371 374.297304 -57.665642 207.449771 -40.274468 1380.078106 -0.042884 531.875899 2.469501 374.663175 0.234881 279.85875 0.309552 325.024258 -2.31991 1.822453 -0.017462 -0.025692 -0.061051 0.014757 -0.393891 -0.7125 -0.142306 -2.013397 -0.068365 -1.364253 -0.191613 -1.142462 -0.065278 -0.031611 0.181192 0.34377 0.921494 -1.991938 1.139381 -4.12464 0.707478 -3.232957 0.581495 -2.726611 -1.215693 0.396938
49.485259 169.46468 96.727671 1195.1199 0.539336 612.735862 -3.20938 508.024197 -1.725694 374.00907 -0.958792 416.960819 -60.71483 212.836131 -41.691938 1353.852231 -0.556302 545.024765 1.295238 408.389207 -0.000349 308.124188 -0.002032 344.953489 -1.676964 3.189251 -0.311811 0.00141 -0.003366 -0.01401 -0.039228 0.948733 -0.106814 2.518523 -0.075722 1.588488 -0.089962 1.151015 -0.039276 0.034517 -0.012257 -0.125792 -0.290276 0.080276 -0.187818 0.726627 -0.253337 0.679779 -0.361745 0.296474 0.052052 0.189978
56.657788 169.580313 105.307555 1205.078654 1.177085 604.627087 -2.042 484.134019 -0.623827 358.289956 -0.204962 404.9959 -55.513594 215.047326 -37.597047 1320.685798 -0.042284 514.667111 3.039423 378.986567 0.330748 293.653684 0.162951 327.13201 -1.863046 3.212061 0.242616 2e-05 0.182264 0.02066 0.122879 -0.027006 0.131398 -0.287667 0.274397 -0.168728 0.277152 -0.087089 0.116436 0.005713 0.105811 -0.205653 0.291845 -0.434927 0.366399 -0.549177 0.352584 -0.174006 0.201378 -0.236325 -0.004894 4.1e-05
67.000945 170.967628 107.11166 1228.436188 4.021861 592.757172 -0.089583 457.367646 0.156515 345.191874 0.340166 401.771571 -50.660219 215.122328 -36.909509 1331.132714 -0.425746 505.186232 0.962858 355.274253 -0.008627 274.301322 -0.001798 309.485314 0.238634 4.069481 0.433324 0.002826 0.007661 0.112099 0.847361 -0.058836 1.276179 -0.380554 1.405285 -0.121947 1.073222 -0.006443 0.110986 7e-06 0.003172 0.020578 -0.199686 -0.04407 -0.580859 -0.382984 -0.44621 -0.3298 -0.198988 -0.244626 3.435226 0.050658
65.278401 193.27073 90.347588 1308.65202 7.025305 517.825018 0.248417 365.121602 1.388434 263.40929 1.614647 310.267101 -49.532818 226.144627 -37.179888 1439.783621 -5.504485 471.237898 -1.45102 297.251709 -5.210855 214.605972 -3.49786 256.674012 11.978853 2.497831 -0.011216 0.683475 -0.712913 1.26842 0.416117 -2.530759 0.636355 -5.189285 0.612617 -5.519921 0.472588 -5.904122 0.006343 0.137683 -0.000493 2.130985 -2.868525 -0.590337 -4.777881 -2.584799 -4.795434 -3.658072 -3.341028 -2.468499 8.836031 -0.190831
65.771886 185.361415 99.332164 1256.706696 6.990686 405.213161 0.519904 254.344235 2.02244 180.345992 1.858542 226.327428 -50.25254 224.665939 -36.16151 1454.210344 -5.251207 490.603134 -1.467942 315.630821 -4.793319 228.447243 -3.049522 271.408767 13.042861 -2.839816 0.000929 -0.082619 0.212906 -0.525968 -4.3e-05 -6.89515 0.049564 -9.985486 0.059442 -7.84332 0.008574 -6.60602 -0.002596 -0.002425 0.007071 0.035959 0.002983 0.194965 -4.9e-05 0.275638 0.008717 0.216258 0.015368 0.205607 0.022633 -10.664328
62.79586 180.944823 98.509093 1240.788726 7.577376 448.478701 0.565606 304.20444 1.991871 215.803625 1.802848 263.128729 -49.916599 221.505187 -38.198077 1423.685319 -5.691677 489.326787 -1.499524 320.691481 -4.642818 232.227131 -2.978557 275.840209 12.716759 -0.30112 -0.034448 -0.026627 -0.001712 -0.050728 0.011818 1.097065 0.000963 2.229897 -0.000116 1.59002 -0.000424 1.385472 0.000563 -0.011196 -0.027894 -0.16189 -0.008868 -0.000831 -0.000168 0.020124 0.0012 0.015507 0.000418 0.017942 -0.002064 1.291476
65.158543 185.124532 97.894332 1296.120054 8.410613 480.678154 0.506411 329.947241 1.904588 232.336505 1.989062 281.848947 -51.900266 225.375773 -39.764678 1467.446966 -6.133296 518.721682 -1.673901 344.773177 -5.211685 247.688349 -3.386811 293.388893 13.41742 -0.245549 0.021815 0.023862 -0.000962 0.603475 0.021727 0.558095 -0.001636 0.522718 -0.000978 0.305071 0.004575 0.321619 -0.019325 0.016763 -0.015741 0.331218 -0.008249 0.428672 -0.004795 0.435874 -0.016433 0.249118 -0.013106 0.270567 0.009394 0.002832
63.634762 178.478044 96.806005 1255.113796 6.399013 447.362417 0.175254 289.874975 1.27692 207.4029 1.318007 257.856331 -51.766422 223.261028 -42.118915 1451.993906 -5.615911 500.00372 -1.191212 325.237596 -4.312845 236.435173 -2.999362 280.672196 10.283231 -0.950545 -0.009014 -0.060752 -0.003042 -0.32957 -0.137254 -0.598194 -0.085845 -1.296717 -0.06253 -0.707448 -0.068799 -0.53356 8.6e-05 -0.004984 -0.03385 -0.040898 0.011397 -0.171976 0.040952 -0.284861 0.042507 -0.130805 0.011764 -0.140868 -0.208147 -0.229853
63.695066 178.368014 100.255915 1254.831485 8.966076 447.752182 1.018597 300.402857 2.349656 209.162809 2.083828 258.893172 -52.212998 222.842016 -42.283129 1462.199411 -5.477822 533.079516 -1.059761 361.934898 -4.013224 255.172107 -2.71894 302.805306 12.50444 -2.285072 1.4e-05 -1.7e-05 0.030201 -1.6e-05 0.215959 8.5e-05 0.348835 0.093892 0.162288 0.003718 0.087321 0.00104 -0.000959 -0.000197 -0.00016 0.01787 0.000859 0.529623 0.003842 0.980579 0.005393 0.357196 0.00688 0.41994 0.108514 -0.288032
64.224378 182.428975 102.570536 1280.572093 9.855573 467.919735 1.39071 317.372838 2.982251 222.185137 2.641075 270.232287 -52.922896 225.340608 -45.306408 1467.840632 -4.896689 538.818285 -0.860802 361.718232 -3.681034 259.75569 -2.41576 309.376376 13.289826 -1.466671 0.001095 0.022855 0.013207 0.130669 0.02103 0.222121 0.02891 0.233122 0.03766 0.196616 0.032975 0.121512 -0.002397 0.006965 -0.052192 0.005431 0.016289 0.015362 0.010333 -3.2e-05 0.007174 0.020401 0.008958 0.035267 0.01196 0.09035
64.132603 185.289117 102.749901 1329.063897 12.025501 544.761662 2.774972 394.266178 4.583085 274.856691 3.825858 326.021155 -53.844616 226.973515 -46.578754 1473.522 -3.291262 556.889957 -0.020075 384.45578 -1.370038 276.024369 -0.886652 325.495631 10.96471 -0.001238 -3.3e-05 0.011123 7.8e-05 0.450572 0.107861 2.919578 0.236722 4.166399 0.171309 2.798683 0.109456 2.6157 -0.003979 0.002948 -0.00881 0.005487 0.158932 0.149039 0.617965 0.346512 0.559677 0.247052 0.375339 0.204665 -0.111704 1.382702
64.488899 194.526072 109.165122 1382.264019 17.635991 568.95542 6.279856 413.393603 8.797148 285.607179 7.134641 339.378488 -55.76466 226.319089 -49.726814 1493.302603 -3.270997 695.90689 -0.004051 557.599522 -0.774793 400.838791 -0.465086 445.135531 14.793425 -9.740905 0.000493 0.112336 0.097125 0.521981 0.535447 0.262817 0.705834 0.226525 0.68093 0.103114 0.511361 0.134082 -0.016818 -0.000472 -0.051466 0.065942 3.1e-05 7.736916 0.00609 16.048047 0.084252 11.607497 0.067418 9.343646 0.286141 -9.522554
64.017045 201.732153 114.745491 1396.771899 31.919691 568.589097 18.930959 408.954206 21.548752 282.988152 17.460212 338.712847 -55.953988 228.936149 -54.909628 1487.926208 -0.938866 775.51837 1.649384 660.78736 0.545279 481.45091 0.380679 527.594746 15.238353 -26.211717 -0.000866 0.065528 0.069549 0.037869 2.103163 -5.9e-05 3.404055 -0.011983 2.809193 -0.006032 2.272457 -0.000327 -0.00016 0.007522 -0.128435 -0.004848 0.704993 2.155268 1.816913 4.377465 2.620039 3.69036 1.687308 3.501372 0.003296 -3.994785
62.442771 220.265785 125.016291 1415.271056 39.351145 551.352718 25.411714 404.47332 26.914789 257.005001 22.068034 314.235101 -57.798337 247.72212 -67.513032 1535.577462 -5.08088 1039.425695 -0.027151 1019.069875 -0.047445 763.848021 -0.120298 789.978453 29.222304 -134.709102 -0.009799 0.407184 0.220089 0.060849 0.3885 -0.132645 0.476143 -0.012342 0.297988 -0.625485 0.269486 -0.458973 -0.014953 0.370339 -0.650488 0.375522 -1.651559 19.289621 -2.099776 38.652199 -0.914413 32.442262 -0.92897 26.39005 2.256402 -42.077109
62.417811 230.006909 145.136641 1378.906338 58.048245 518.732949 38.930439 374.468106 38.847401 243.637226 34.209242 298.267167 -56.539317 250.022097 -76.608517 1513.775785 -9.886154 1178.514829 -0.677452 1203.968822 -1.068516 914.824572 -0.59895 928.198356 52.801424 -214.24716 -2e-06 0.105381 0.7503 -0.236644 1.811422 -0.497295 1.436217 -0.578122 1.091652 -0.1785 1.325271 -0.208177 0.006932 0.005314 -0.287294 -0.077938 -0.792358 4.365501 -0.433356 7.702734 -0.665646 6.803054 -0.182397 5.568621 3.462179 -9.185501
63.780816 230.357147 162.078457 1371.922388 58.488031 442.019631 37.018405 297.648306 36.101498 178.462358 32.364733 232.758072 -56.209354 251.034205 -89.790172 1508.64066 -13.568161 1269.772122 -2.090657 1347.076262 -1.233594 1030.940309 -1.126502 1031.269892 50.681943 -351.535455 0.007361 0.000133 0.467496 -0.008866 0.00083 -3.067566 -0.024072 -4.404506 -0.050318 -5.062061 -0.025557 -4.056205 0.000483 0.001022 -0.522929 -0.004362 -0.290815 1.70135 -0.387924 4.017153 -0.005926 3.46776 -0.082627 2.712751 -0.021707 -16.909322
66.760145 222.811409 171.230685 1252.666956 52.501487 388.759224 30.062521 259.41775 30.113786 158.011111 27.425869 211.836437 -55.751975 247.112149 -101.789566 1461.351214 -12.228353 1298.470199 -1.561491 1400.511023 -0.675937 1062.762559 -1.082641 1064.808864 39.813029 -401.192575 0.034003 -0.062827 0.125678 -2.710749 -0.161568 -1.708994 -0.361616 -1.313399 -0.271284 -0.6221 -0.204331 -0.492536 0.000934 -0.01544 -0.376154 -0.376505 0.034817 0.160344 0.038539 0.519646 0.083243 0.241848 0.000435 0.268343 -0.655077 -1.639715
65.643269 210.818325 172.245348 1210.409236 47.977239 402.834627 25.662921 275.795268 24.067829 171.48044 22.579504 223.978989 -54.986595 232.320242 -105.027601 1406.164394 -8.994208 1289.630086 -0.514041 1395.704846 -0.040156 1081.396575 -0.290584 1079.78521 26.074179 -391.625924 -0.004711 -0.165881 0.001499 -0.362524 -0.101908 0.125148 -0.173949 0.250635 -0.338381 0.275422 -0.235401 0.169189 0.002645 -0.228241 -0.02535 -0.531099 0.247876 -0.015098 0.283695 -0.00413 0.386589 0.080972 0.251444 0.052293 -1.448336 0.057721
66.516375 213.117703 187.618704 1141.009448 43.180715 382.089657 19.38033 266.349666 16.618814 170.894298 16.51464 224.798272 -55.305684 234.845513 -106.060442 1404.913907 -4.631753 1325.642159 0.073221 1461.590243 0.429972 1134.448057 0.119979 1133.36623 11.702525 -424.727332 0.002884 0.006236 0.328524 -1.024356 -0.126279 -0.274185 -0.440297 -0.08229 -0.687704 -0.000502 -0.473301 0.000748 -0.000462 0.006825 -0.002527 -0.000278 0.717212 0.247953 0.975274 0.759716 0.73293 0.635167 0.784002 0.648701 -2.840549 -0.671372
67.943127 205.266048 195.317129 1092.883161 34.19258 364.546438 11.889797 248.920995 10.47325 164.133077 10.932326 220.266139 -53.176125 235.981261 -105.783473 1406.296716 -3.905888 1325.85224 0.397445 1453.889645 3.252245 1140.288371 1.051499 1144.771919 2.053036 -439.183818 0.00757 -0.073681 0.077391 -0.518469 -0.52383 -0.206129 -0.910404 -0.294841 -0.706235 -0.068231 -0.573676 -0.023076 0.020904 0.00137 0.000181 0.00034 0.030912 8e-06 0.129484 -0.01017 1.317159 0.007497 0.461103 0.028552 -3.952356 -0.120964
64.963541 195.479433 189.94321 1051.82643 22.269927 342.268424 4.586709 231.089681 3.65683 152.935715 4.166898 208.859485 -57.219586 234.752353 -106.089233 1426.12314 -3.670052 1266.222311 0.675608 1370.819851 2.98979 1065.739353 1.145688 1078.926333 0.033556 -411.235633 -0.033403 -0.119517 -0.037482 -0.393016 -1.273151 -0.351176 -1.706937 -0.331311 -1.75286 -0.19778 -1.6005 -0.151628 -0.074075 -0.001604 -0.000221 0.069392 0.003672 -0.685975 0.036681 -1.221733 -0.00552 -1.25999 0.00202 -0.975086 -1.561648 0.459369
65.884371 193.190775 187.743148 1067.782483 19.125545 341.692057 3.169367 228.665131 2.779342 151.42037 3.208216 207.109346 -55.539177 231.625217 -108.084329 1422.600164 -3.145135 1228.0771 0.602072 1281.340286 1.874649 989.964451 0.709816 1028.729524 0.088779 -367.04437 0.00324 -0.006738 -0.006408 0.060058 -0.119596 -0.000243 -0.130602 -0.006393 -0.060098 -0.003772 -0.062574 -0.003682 0.012522 -0.010484 -0.009293 -0.002178 0.020245 -0.291694 -0.002118 -1.509877 -0.129544 -1.397037 -0.051921 -0.597839 0.013173 1.255618
63.283207 189.609676 189.632329 1047.888166 17.609818 339.973343 2.329616 227.913686 1.966313 154.387944 2.532087 209.384754 -57.614009 229.646098 -110.883932 1402.052574 -2.408105 1172.067712 0.796305 1134.396663 1.950199 890.85118 0.783242 951.549426 3.3e-05 -303.520358 -0.026194 -0.016751 0.004729 -0.093538 -0.031283 -0.002167 -0.064497 -0.000618 -0.070163 0.014399 -0.039958 0.006216 -0.019024 -0.004246 -0.017898 -0.074736 0.049127 -0.653602 0.013555 -4.47326 0.000746 -2.6133 0.001807 -1.504594 -0.085381 3.015663
64.349972 194.458658 192.482923 1037.268405 17.052321 340.037968 1.043885 217.838847 0.631079 146.440417 1.279723 198.145535 -56.402032 227.80095 -108.781154 1373.855931 -1.18255 1052.107907 1.78 967.225321 3.470557 749.018851 1.836764 816.797037 -1.141774 -233.079821 0.004458 0.030611 0.010633 -0.027044 -0.004484 3e-06 -0.254622 -0.11387 -0.369479 -0.105 -0.211604 -0.155012 0.006442 -0.003721 0.010065 -0.143209 0.215626 -3.237342 0.195194 -6.659286 0.217574 -6.145051 0.221147 -5.141708 -1.154112 4.643524
64.72068 196.25756 195.758207 1005.489061 19.426277 305.552305 2.910877 187.274819 2.029397 128.407724 2.595668 181.637658 -57.760234 231.238122 -111.015274 1390.143452 -2.858338 929.435602 0.135867 854.622983 0.14983 630.714635 0.031793 686.271949 1.076386 -189.952329 0.000532 0.004141 0.013816 -0.247212 0.077328 -0.921723 0.468434 -1.154606 0.397107 -0.592197 0.230265 -0.35894 -0.00808 0.012869 -0.011355 0.047989 -0.363863 -3.80081 -0.932317 -3.483116 -2.178176 -5.08131 -1.385247 -5.678062 4.435357 2.204134
65.952992 200.792531 202.892445 1009.391216 25.658452 305.40177 6.049562 187.648586 4.555284 127.68523 5.343353 181.579744 -57.692938 232.505613 -112.435464 1391.459387 -8.43625 919.723387 -0.543362 857.057563 -0.548903 630.2827 -0.883949 682.361729 8.266723 -190.595771 0.005811 0.025899 0.063842 0.003779 0.432822 -1.9e-05 0.567696 0.000186 0.503734 -0.001019 0.490647 -5e-06 2e-05 0.001732 -0.004513 0.000311 -1.473457 -0.025506 -1.222643 0.001731 -1.27229 -7.4e-05 -1.251027 -0.005586 3.377144 -0.000544
65.13497 205.655298 201.204233 1018.602803 35.98291 308.383613 14.959685 190.691731 11.869787 126.625768 11.810924 179.647557 -57.548381 233.795433 -114.267703 1379.736021 -14.248334 927.486283 -2.572242 886.38556 -2.050321 653.999532 -2.593623 699.450015 23.786593 -205.079671 -0.002552 0.02909 -0.003526 0.020921 0.870785 0.007243 1.982998 0.012239 1.718576 -0.002207 1.265924 -0.005168 9.1e-05 0.001784 -0.007404 -0.024798 -0.757203 0.016312 -0.751152 0.246694 -0.477501 0.219008 -0.449285 0.105666 4.00784 -0.265184
62.934991 211.810412 194.245187 998.610571 48.287628 324.090369 26.510123 211.625161 20.828456 140.250834 19.872261 192.495906 -57.943208 239.136 -122.382992 1380.755315 -21.150299 945.065711 -5.348466 913.40217 -4.278169 658.081082 -5.181589 700.22817 43.985996 -190.725397 -0.018897 0.045378 -0.061237 -0.099072 0.903173 0.19506 1.64102 0.544975 1.251187 0.348033 1.042704 0.221862 -0.000675 0.030155 -0.139187 0.000188 -0.679386 0.082519 -0.502474 0.202785 -0.405106 0.006348 -0.44334 0.000216 3.080179 0.260372
67.326371 215.814395 203.104923 1000.034291 56.185538 351.014649 35.217662 241.65106 27.98191 160.017249 26.005987 211.868796 -56.753886 246.928537 -123.313038 1416.183832 -23.517529 997.091497 -7.391648 963.423009 -5.944613 708.594444 -6.659225 747.46864 59.721224 -195.150979 0.074042 0.018746 0.098785 0.000507 0.298959 0.537106 0.617244 0.99558 0.527036 0.65131 0.411875 0.464339 0.006166 0.062469 -0.00176 0.224394 -0.062771 0.696949 -0.164904 0.666692 -0.13674 0.933825 -0.09256 0.770968 1.200683 -0.025379
66.575987 229.170511 202.185836 1054.749551 64.785334 375.654298 42.46009 254.925469 34.655877 174.137496 32.478021 228.09729 -58.732206 253.543333 -127.899432 1422.232843 -31.867079 1029.769395 -12.499487 1014.402644 -10.183357 740.974415 -10.869509 774.742074 82.411202 -196.693011 -0.002103 0.200485 -0.001042 0.728614 0.306066 0.417857 0.338368 0.177456 0.356566 0.29847 0.359212 0.299402 -0.016946 0.043716 -0.04187 0.006446 -0.632989 0.26344 -0.667004 0.657124 -0.566978 0.361691 -0.513152 0.244349 1.822799 -0.003034
67.636799 235.874145 201.148436 1077.465892 59.796329 381.252643 38.519465 270.472103 32.879333 175.821381 30.547681 233.617657 -60.067421 258.338373 -127.302689 1426.236138 -29.621164 1046.194392 -10.693311 1022.421088 -8.543806 754.298109 -9.342717 789.794853 74.944156 -201.774145 0.004192 0.048319 -0.001334 0.121012 -0.099935 0.020704 -0.095936 0.230065 -0.02337 0.004051 -0.029568 0.033003 -0.007504 0.022459 0.000698 0.002813 0.041031 0.064978 0.070436 0.015783 0.071909 0.059362 0.057748 0.072415 -0.177268 -0.032398
67.393977 234.518804 191.893928 1108.24009 55.048667 408.153876 28.966132 297.453778 24.729961 191.538226 24.285701 247.011903 -59.905707 256.369957 -128.479599 1422.903003 -27.960537 1063.147913 -9.823228 1069.233816 -7.700733 781.244025 -8.565633 810.209387 60.030608 -199.120582 -0.000218 -0.001953 -0.108968 0.216657 -0.098175 0.4585 -0.679612 0.6413 -0.579315 0.336363 -0.358733 0.186673 0.000109 -0.003764 -0.002708 -0.00195 0.023951 0.068132 0.018458 0.523917 0.021892 0.236444 0.016868 0.13024 -0.826439 0.008782
66.422976 234.272235 185.201584 1172.308514 44.214346 447.561881 16.924081 333.924055 17.451845 214.555767 18.868976 269.986211 -61.72525 253.488384 -132.722652 1412.97315 -27.468275 1065.215988 -9.492083 1075.61231 -7.607053 790.19793 -8.534209 818.431833 48.102953 -181.245293 -0.003523 -6.5e-05 -0.059389 0.900128 -0.593042 0.907904 -1.608155 1.054196 -0.632633 0.652846 -0.3413 0.510717 -0.013611 -0.008143 -0.034465 -0.017385 0.002186 0.001005 0.002839 0.009484 0.000287 0.025509 2.9e-05 0.020756 -0.659852 0.420257
65.358752 226.943613 177.55562 1206.420859 24.760857 469.062137 5.585724 347.775194 6.113502 230.224906 7.001564 286.997246 -64.1043 243.723664 -132.457727 1407.600816 -25.15648 1033.131243 -8.74139 1019.436949 -7.207825 750.929799 -7.776508 785.779594 26.597629 -149.571294 -0.004297 -0.058229 -0.080587 0.244608 -2.800129 0.252189 -3.064163 0.140732 -2.906994 0.276089 -2.882513 0.259831 -0.022492 -0.095894 0.000132 -0.005116 0.050803 -0.24531 0.01546 -0.753261 0.00538 -0.50036 0.017609 -0.332337 -3.162494 1.519803
62.22818 225.209816 157.303643 1232.152136 13.957794 475.573847 1.374982 347.064832 1.660425 233.250109 2.010404 291.583485 -66.841062 241.595099 -131.356676 1405.707129 -15.587034 1024.386229 -3.194288 998.595125 -2.289579 745.719167 -2.950243 784.109826 7.849581 -144.849195 -0.038413 -0.003324 -0.612971 0.135759 -1.537637 0.022444 -1.418046 -0.000363 -1.401796 0.009873 -1.508376 0.018177 -0.028602 -0.004668 0.002298 -0.000637 1.139731 -0.018584 1.367325 -0.107628 1.372655 -0.009071 1.147067 -0.000888 -5.54875 0.03787
61.666822 208.910224 148.452616 1193.751254 8.641492 451.117299 0.07091 326.443602 0.141464 219.163965 0.319008 277.013841 -63.950344 226.919729 -127.259853 1373.919559 -11.533858 976.01887 -1.447511 953.412876 -0.6966 701.349095 -1.204141 739.442442 1.465899 -136.394578 -0.001272 -0.306102 -0.128137 -0.303953 -0.634208 -0.322776 -0.821391 -0.315761 -0.832579 -0.219343 -0.727745 -0.186696 0.031949 -0.229896 0.032452 -0.181766 0.304581 -0.584817 0.34121 -0.522977 0.460375 -0.680399 0.384764 -0.654918 -2.531177 0.127108
60.729786 211.011794 137.54544 1222.712715 7.490242 457.333867 0.047305 329.842446 0.136959 222.806515 0.229773 279.244559 -64.829143 227.500937 -124.430043 1380.259461 -6.761531 972.467492 -0.022762 948.358579 0.018465 700.921227 -0.062256 738.139723 0.054846 -133.361204 -0.003587 0.005259 -0.20806 0.173559 -0.041132 0.02127 -0.002381 0.008801 -3.6e-05 0.015011 -0.007304 0.004473 -0.002999 0.000372 0.015909 0.007297 0.633392 -0.003236 1.107239 -0.006716 0.941895 -6.5e-05 0.718803 -0.000574 -0.953651 0.017056
56.52874 217.907295 126.284133 1225.448942 1.907484 463.725428 -1.636198 335.251462 -1.328869 228.296098 -0.833417 285.657446 -66.696702 227.549666 -126.505402 1360.422927 -3.848942 911.949016 0.190597 864.640402 0.599448 655.060414 0.11303 702.842528 -3.713353 -109.928463 -0.07528 0.055431 -0.240449 0.001529 -1.837959 0.022177 -2.239922 0.021995 -2.319057 0.033403 -1.938397 0.036401 -0.01326 3e-06 -0.008582 -0.071787 0.407583 -0.972033 0.345092 -1.933943 0.407496 -0.775754 0.343057 -0.432371 -4.67078 1.131106
60.407113 217.638931 130.782311 1244.093117 5.519907 547.134533 -0.077139 437.343053 0.025825 294.782602 0.089951 348.396273 -66.349498 226.975491 -113.728357 1393.110742 -12.962134 923.628925 -2.09565 883.565187 -1.492839 650.604773 -1.975501 694.385822 1.911356 -69.517595 0.064334 -8.3e-05 0.039358 0.070379 0.937665 3.447046 1.002801 6.774959 1.725192 4.242626 1.470969 3.111599 0.000453 -0.000363 0.34002 0.194029 -2.684435 0.03716 -3.550248 0.102436 -3.984248 -0.007603 -3.033607 -0.025592 10.952949 4.609421
60.716409 230.576668 137.446054 1261.312574 11.309658 660.28735 0.230145 552.042782 0.924942 384.659043 0.3173 434.291982 -65.719255 236.437006 -114.206991 1428.636039 -16.488563 917.93236 -3.827642 851.631853 -3.847153 620.001456 -4.091719 661.988218 8.544834 -27.953446 0.000395 0.186763 0.082788 0.059175 1.027254 5.313717 0.573766 6.671073 0.641663 5.970655 0.069366 4.727567 0.001504 0.096598 -0.000503 0.223637 -0.21189 -0.008811 -0.258878 -0.293864 -0.547006 -0.368603 -0.381028 -0.386971 2.373562 9.306279
65.968967 243.058141 153.141144 1295.726747 24.521375 706.952112 16.150717 626.366288 13.583556 437.70137 9.640153 482.460572 -59.615696 249.875941 -110.830651 1442.096652 -18.325679 1000.431479 -4.04819 965.133048 -3.660444 702.588615 -4.090345 736.982965 31.346744 -31.193056 0.108936 0.164488 0.424168 0.231594 2.524675 0.796581 12.524957 2.346167 7.419352 1.7124 6.459557 1.266327 0.148704 0.185723 0.02533 0.031558 -0.048505 1.774756 -0.003089 3.548923 0.002322 2.581034 0.0 2.011571 7.159164 -0.088788
72.538935 244.576399 168.230035 1335.106599 71.70605 749.001233 53.659286 673.4427 49.512936 465.229418 44.539778 509.32011 -57.789501 255.33428 -114.879547 1464.674535 -22.196068 1057.768613 -6.163949 990.158938 -5.074165 749.18525 -5.503493 791.325618 86.288002 -33.664029 0.155907 0.002364 0.354419 0.294747 12.362511 0.607333 10.932641 0.852785 11.228901 0.419727 12.737427 0.363774 0.014204 0.029487 -0.036318 0.087686 -0.185261 0.798801 -0.221576 0.16016 -0.115167 0.747984 -0.104647 0.966447 13.618442 -0.047088
76.748135 243.278517 179.688463 1332.146732 102.046266 793.287241 77.262603 731.340928 71.211967 504.152249 66.73531 547.966493 -55.915562 254.884644 -116.498637 1460.41511 -30.118823 1095.240703 -11.441938 1102.309178 -9.281639 795.520925 -9.33086 817.771719 131.912035 -33.081427 0.059352 -0.001726 0.188738 -0.001642 2.669475 0.635956 2.145243 1.193646 1.966096 0.781734 2.236088 0.706545 0.015443 -0.000198 -0.005665 -0.003101 -0.603405 0.326117 -0.809754 3.007626 -0.630416 0.695109 -0.502246 0.21734 4.823132 0.002543
80.261248 242.848732 200.253696 1332.61559 116.605328 759.389427 89.552436 694.06419 80.674981 472.870009 75.920438 518.600733 -55.504312 254.799198 -110.709578 1461.32615 -35.957529 1174.837411 -17.313229 1224.676416 -14.797254 886.619818 -13.729571 891.297594 164.574135 -64.490335 0.039308 -0.00019 0.556978 4.1e-05 0.485251 -0.37007 0.453333 -0.487508 0.295074 -0.500925 0.296007 -0.40434 0.000759 -7e-06 0.073762 0.000142 -0.258468 1.395896 -0.605787 3.219639 -0.640227 2.468611 -0.423408 1.582311 1.804586 -5.193576
82.278687 247.446106 206.612728 1358.903561 110.965667 742.591295 84.417197 684.479795 77.051503 455.335083 72.315335 496.171413 -55.175042 260.099426 -107.56641 1484.409641 -45.030724 1216.046505 -27.375387 1283.336829 -22.902541 966.438206 -20.423576 959.517588 183.970118 -95.043142 0.012521 0.021555 0.049697 0.12838 -0.069892 -0.093938 -0.075808 -0.033318 -0.041627 -0.165643 -0.043845 -0.247906 0.00049 0.02728 0.022632 0.090445 -0.509844 0.355165 -1.147539 0.686104 -0.881608 1.719842 -0.662436 1.257702 0.540098 -2.952967
84.133648 242.861178 210.237672 1345.170188 112.255536 658.935635 83.869571 576.317949 77.902476 359.649744 73.282918 405.56551 -54.975943 255.31228 -107.560723 1453.472631 -61.804041 1296.57094 -45.716999 1400.45392 -38.609151 1062.830569 -33.363416 1048.879568 226.197515 -185.958187 0.010339 -0.021438 0.015762 -0.034875 0.003727 -2.498887 -0.000891 -4.648085 0.002337 -5.63658 0.003215 -4.563557 0.00018 -0.022232 0.0 -0.162894 -1.324942 1.290656 -2.338714 2.556635 -2.039088 2.290661 -1.579703 1.989029 2.179479 -15.113756
82.713409 237.813036 205.180661 1342.825095 107.077365 590.406724 80.953396 465.805427 76.084849 291.783822 70.958285 343.58567 -55.517058 250.083079 -111.680018 1435.819615 -61.324861 1310.079177 -44.281272 1407.663879 -36.723651 1076.650769 -32.311416 1066.742277 218.527248 -247.454169 -0.006045 -0.026509 -0.030781 -0.001023 -0.061134 -1.880889 -0.0258 -5.876247 -0.010728 -3.544758 -0.018733 -2.568305 -0.001325 -0.027053 -0.038702 -0.053929 0.000932 0.035002 0.011453 0.009256 0.0236 0.044637 0.008426 0.075411 -0.06615 -4.384951
83.406448 223.247936 197.69507 1313.69357 106.816011 544.10995 81.357939 415.921209 77.995621 253.695684 71.572964 303.246069 -54.540347 233.965526 -107.077056 1393.553939 -57.046627 1317.455294 -39.810171 1429.923633 -33.233472 1091.582061 -29.024449 1070.077324 213.053752 -292.795616 0.001446 -0.230116 -0.069549 -0.159734 -0.00016 -0.945021 0.000504 -1.412246 0.011848 -1.331378 0.001325 -1.259113 0.004334 -0.268411 0.048432 -0.315704 0.077338 0.010353 0.118947 0.087311 0.087117 0.051412 0.088137 0.002603 -0.03471 -1.906044
78.140448 224.709092 190.991205 1291.369604 93.295211 421.198779 69.375684 265.001379 67.808674 147.901122 61.331489 198.440476 -55.889046 237.970976 -116.835025 1419.143068 -52.07475 1303.346218 -34.743022 1390.874252 -28.522454 1066.540019 -25.339173 1055.990167 184.287248 -420.105027 -0.085852 0.002383 -0.057817 -0.095654 -0.457299 -7.857014 -0.477007 -16.935558 -0.356302 -14.185519 -0.395186 -11.069406 -0.008236 0.016998 -0.212725 0.116404 0.113325 -0.037978 0.172398 -0.270301 0.179951 -0.145294 0.125055 -0.046671 -1.04268 -11.459526
73.36407 194.429651 172.580477 1280.801182 84.691129 361.480212 64.22113 202.375557 65.431824 106.997754 57.098501 153.889993 -59.172278 210.307768 -114.424114 1418.247745 -45.1808 1249.9026 -27.790444 1291.447571 -24.664617 994.451877 -22.352165 995.464879 170.441966 -449.056752 -0.075309 -1.095155 -0.466445 -0.021712 -0.208088 -2.281595 -0.099476 -4.214754 -0.021202 -3.303265 -0.075673 -2.827946 -0.046852 -0.85436 0.012567 -0.000141 0.244646 -0.559392 0.387702 -1.843377 0.140095 -1.261114 0.093633 -0.893051 -0.270298 -0.482324
67.749886 191.776452 163.060039 1248.303912 79.890341 321.597482 59.89685 179.461942 60.269141 90.221008 52.614614 132.221509 -61.089371 201.283631 -117.498465 1391.515194 -44.875707 1204.836371 -24.784857 1256.374133 -22.976765 952.728173 -22.862168 955.656397 157.671436 -456.583778 -0.111724 -0.009114 -0.135051 -0.208792 -0.070034 -1.165307 -0.075352 -0.68813 -0.106063 -0.714867 -0.091665 -0.821705 -0.015281 -0.098939 -0.020378 -0.127172 0.000517 -0.413717 0.085981 -0.241423 0.029908 -0.447074 -0.002876 -0.406146 -0.248616 -0.03128
64.731134 179.499313 163.21169 1170.4511 71.415419 319.860309 51.544345 187.058807 50.003429 100.494064 44.410034 142.365382 -61.45698 190.732723 -116.883608 1327.544559 -24.750803 1111.386767 -9.10349 1203.985781 -7.46265 899.517339 -7.975293 883.020993 96.100681 -398.692343 -0.034398 -0.203042 3.5e-05 -1.253254 -0.237535 -0.002352 -0.31345 0.078738 -0.478878 0.276885 -0.347519 0.187433 -0.000551 -0.142012 0.000806 -0.752615 2.971884 -1.885912 3.846463 -0.557815 4.250291 -0.764471 3.831351 -1.43526 -7.582496 1.96151
67.246773 185.005337 161.886075 1206.090464 58.559346 365.356374 39.117505 206.72335 37.805656 119.593379 33.53861 171.893821 -61.043073 197.250977 -116.608224 1381.01867 -22.902084 1049.595861 -7.525192 1190.052795 -7.350044 887.844141 -7.500833 855.746728 78.494759 -355.731203 0.023978 0.041588 -0.002703 0.267245 -0.637373 1.512061 -0.855699 0.491307 -0.851338 0.830291 -0.761837 1.390352 0.000699 0.054758 0.000162 0.527911 0.035875 -0.883602 0.075071 -0.040544 0.000428 -0.038119 0.007275 -0.213925 -0.889944 1.224218
66.189909 186.469387 165.700929 1206.955672 49.137105 414.751788 26.950734 265.50491 25.198231 181.470528 23.751547 241.854205 -62.794726 201.475805 -116.933232 1401.011839 -20.123372 948.579409 -5.351251 912.155664 -5.619767 664.476939 -5.842399 700.864892 54.617847 -151.446262 -0.004185 0.002885 0.022213 0.000155 -0.412962 1.565397 -1.129946 3.672759 -1.274294 6.427361 -0.842168 5.957671 -0.012389 0.022383 -0.000226 0.071842 0.089823 -2.555044 0.184841 -18.448974 0.115934 -16.154478 0.103465 -7.724486 -2.158954 42.961304
70.616473 188.68713 170.771754 1208.305137 48.633098 524.607263 24.722848 410.990179 23.619965 277.998425 22.73282 334.87396 -61.45469 203.946924 -116.604298 1399.333955 -19.132167 817.163497 -4.810678 722.831262 -5.437677 504.819356 -5.299629 558.279963 51.723717 -33.580874 0.071633 0.006555 0.038212 0.000377 -0.001299 6.445764 -0.04805 15.82903 -0.025519 10.253989 -0.011164 7.550951 0.007226 0.007531 0.000232 -0.000503 0.012516 -4.897124 0.014388 -10.998466 0.001499 -10.951233 0.013228 -8.099171 -0.03939 42.398979
71.267306 180.637152 173.00843 1201.267025 39.413387 643.880625 15.442108 568.023995 15.085823 391.977626 15.298769 443.632768 -59.906122 198.745636 -115.301514 1369.787246 -20.337603 735.728653 -6.060459 628.536713 -6.392019 429.695492 -5.881579 482.589538 41.117483 -0.866152 0.001493 -0.087741 0.007276 -0.010279 -0.484047 6.103352 -1.086937 12.676172 -0.952557 9.7665 -0.733645 7.634334 0.00988 -0.033592 0.003659 -0.157637 -0.018412 -2.136723 -0.072078 -3.293815 -0.038558 -3.024426 -0.015155 -2.755693 -0.607821 23.660712
72.97994 178.846121 177.208869 1187.434445 41.028096 785.295631 17.699928 758.542284 17.140008 538.828523 17.183713 576.575398 -56.60329 194.526737 -115.163693 1336.219738 -25.353036 744.996979 -8.670795 670.458549 -9.059303 458.333114 -8.33674 499.816878 51.121311 3.254287 0.010167 -0.004462 0.025191 -0.040051 0.016208 7.013619 0.076997 13.752174 0.065537 11.65714 0.054737 8.698918 0.046824 -0.02263 4.1e-05 -0.208207 -0.276105 0.029007 -0.233117 0.676638 -0.231961 0.461881 -0.213578 0.15106 0.544091 7.478241
72.577115 177.739691 169.477949 1188.171508 42.847497 812.662144 18.596811 777.614717 19.040454 547.843995 19.129977 586.039111 -59.719243 189.391337 -120.918548 1291.819448 -28.447601 777.697493 -10.392353 709.925627 -11.334066 494.180952 -10.595359 534.484835 59.755176 1.382709 -0.000557 -0.001717 -0.086208 0.000114 0.019735 0.234356 0.011083 0.118403 0.049947 0.037399 0.052193 0.038518 -0.041741 -0.034348 -0.070152 -0.375095 -0.089072 0.351169 -0.077894 0.564324 -0.127265 0.674805 -0.135211 0.581167 0.336667 -0.394482
71.081451 176.038239 167.599165 1183.834385 50.804649 767.317133 25.774037 720.967793 25.609745 503.060903 24.919313 545.517891 -59.394492 187.853174 -121.150288 1286.62424 -26.757161 774.973362 -9.124399 713.572042 -9.544436 491.801565 -9.150975 532.314908 66.422733 0.063716 -0.007786 -0.004091 -0.005236 -0.003965 0.338652 -0.650829 0.584325 -1.071019 0.485907 -0.954623 0.382099 -0.725768 0.000443 -0.003136 -0.000111 -0.005234 0.025888 -0.00239 0.041231 0.00467 0.076842 -0.002871 0.052897 -0.002207 0.176288 -0.852791
73.796512 177.084794 176.350598 1184.299555 48.765037 690.616669 23.383831 700.131804 21.859535 487.639512 21.654799 503.156093 -56.269877 190.033994 -124.7197 1285.982068 -29.559463 786.601854 -11.323232 732.766386 -10.570734 503.031492 -10.229287 543.075467 62.832329 -0.119579 0.025443 0.001551 0.111353 4.6e-05 -0.020892 -2.018966 -0.058144 -0.152756 -0.148371 -0.120033 -0.11455 -0.855964 0.042213 0.006293 -0.025911 -8e-05 -0.069764 0.043297 -0.118569 0.12737 -0.026198 0.063385 -0.030022 0.053837 -0.049876 -0.35787
75.201809 178.392374 180.346152 1194.061829 57.253541 594.169131 30.993638 522.805244 29.824294 347.895586 28.615035 388.942228 -57.431511 187.660181 -131.270752 1292.901538 -32.075359 798.249409 -12.538503 748.959474 -11.631776 511.225567 -11.33531 550.699871 78.707085 -15.668444 0.006627 0.002405 0.022379 0.020035 0.340368 -3.625223 0.535107 -12.924521 0.617394 -11.76903 0.48418 -7.341514 -0.005934 -0.00746 -0.083838 0.009283 -0.05137 0.042801 -0.030967 0.088486 -0.025368 0.0331 -0.028382 0.026574 0.893057 -13.050418
73.113817 182.967795 173.67861 1211.635103 60.889119 560.223887 37.554298 455.705657 35.328605 299.188673 32.816817 348.169351 -58.809338 194.045284 -126.436025 1320.751648 -34.598391 846.224412 -14.958855 812.52112 -13.745234 558.581246 -13.101262 591.744688 93.146505 -40.160766 -0.014698 0.028967 -0.062792 0.064186 0.055952 -0.499193 0.31468 -2.303326 0.232927 -1.835722 0.143864 -1.128527 -0.008166 0.053408 0.045355 0.148384 -0.047755 0.699948 -0.106728 1.294207 -0.08816 1.048629 -0.063893 0.73755 0.607686 -5.659231
72.112527 182.733817 164.929659 1277.176546 61.029568 518.622044 39.296126 372.868524 39.99862 238.274317 35.598582 292.338874 -61.45712 189.373291 -128.673978 1330.622588 -37.094565 861.882164 -16.692423 799.126018 -15.989171 563.749043 -15.178336 601.328657 106.566235 -69.010623 -0.003452 -7.5e-05 -0.113046 0.863148 8.1e-05 -0.802412 0.019742 -4.151242 0.144901 -3.463077 0.056577 -2.437896 -0.02915 -0.028465 -0.009816 0.018375 -0.043469 0.071767 -0.04751 -0.055667 -0.084791 0.011898 -0.076381 0.038495 0.451381 -3.880943
70.99886 185.988343 156.5956 1285.000521 60.247394 495.560201 39.436516 356.855384 40.129232 223.19958 35.720169 274.951366 -61.707831 190.013863 -128.571228 1340.355698 -37.550317 880.978398 -17.477776 832.177264 -16.845534 585.106199 -15.913303 620.65094 108.974702 -85.545908 -0.004333 0.014363 -0.108029 0.011946 -0.002522 -0.26224 0.000125 -0.175718 0.000106 -0.246285 0.000104 -0.266527 -0.000255 0.000541 2.1e-05 0.017734 -0.001391 0.10462 -0.009026 0.334854 -0.011169 0.198531 -0.008688 0.152774 0.013457 -0.887062
71.008905 184.529911 156.263709 1264.977394 58.686947 472.309466 37.838867 332.052732 38.354431 203.676498 34.444755 256.719373 -61.857659 189.347619 -127.642129 1332.569462 -37.403522 864.872645 -17.30626 815.324702 -16.936294 571.78007 -15.951274 609.041821 106.26452 -92.937228 0.0 -0.00287 -0.000176 -0.078615 -0.010237 -0.279312 -0.016517 -0.446628 -0.02007 -0.446676 -0.011593 -0.312697 -9.1e-05 -0.000585 0.001685 -0.011341 0.000144 -0.074291 0.000423 -0.086196 -0.000122 -0.076754 -2.3e-05 -0.0548 -0.017063 -0.15311
69.306098 186.712178 154.2121 1267.023105 54.780557 478.272357 34.121167 380.511532 33.869835 243.045782 30.307405 291.810702 -62.796757 190.794795 -129.765925 1348.217577 -34.704071 827.81372 -14.979956 769.372448 -15.351223 535.730303 -14.373454 575.174365 94.825592 -57.09197 -0.010333 0.006414 -0.006779 0.000826 -0.067263 0.018702 -0.096099 1.649659 -0.139365 1.738174 -0.132314 1.123606 -0.003537 0.002755 -0.008762 0.04567 0.050547 -0.405724 0.083917 -0.66639 0.038931 -0.58687 0.041075 -0.484388 -0.325613 4.345027
71.128998 192.274093 154.251925 1284.279719 50.123371 526.688664 29.08829 403.305872 29.356948 266.14455 26.571291 318.867455 -62.045082 193.744502 -131.775429 1344.25896 -33.454679 811.362804 -14.050875 736.0695 -14.592257 520.522775 -13.673112 575.723561 85.344089 -42.263403 0.011831 0.040815 3e-06 0.058361 -0.103428 1.166961 -0.200683 0.331513 -0.161262 0.524193 -0.122837 0.599684 0.002263 0.011313 -0.00772 -0.00291 0.011452 -0.082553 0.014871 -0.368404 0.00962 -0.109482 0.008745 0.000131 -0.249657 1.112797
72.512235 188.369179 155.424228 1295.420167 39.127347 660.674443 16.934479 554.205645 18.523063 383.42556 17.768403 434.615869 -61.45726 187.76814 -131.072509 1333.582939 -30.908814 728.143505 -12.295351 611.796967 -13.32207 426.53141 -12.319293 485.754268 63.262678 -1.147858 0.00666 -0.02003 0.002219 0.024055 -0.679966 7.583908 -1.633805 11.965345 -1.241804 10.675367 -0.882616 8.943584 0.001399 -0.046812 0.00094 -0.021282 0.05037 -2.25089 0.058553 -5.741156 0.028914 -4.675677 0.035281 -3.819705 -1.64969 29.481092
71.930324 184.836097 155.664041 1277.930722 32.13713 766.247442 10.478999 709.598827 11.737377 493.918632 11.961057 534.098791 -59.838095 182.030046 -129.693215 1308.436838 -32.096291 719.551304 -13.052313 624.11712 -13.856835 426.403397 -12.622327 475.178259 51.100517 2.479815 -0.001172 -0.016724 9.2e-05 -0.059433 -0.343658 3.910849 -0.770926 9.589697 -0.770633 6.985581 -0.572719 5.121779 0.010808 -0.044521 0.003648 -0.11967 -0.011191 -0.025498 -0.011305 0.061408 -0.005261 -1e-05 -0.001841 -0.058201 -0.648542 7.001974
73.872005 185.268104 158.64253 1270.193335 31.974673 812.399475 10.251794 766.067941 11.146404 537.253497 11.530782 576.357014 -60.22024 181.912896 -130.222264 1303.64448 -32.896765 734.349255 -13.321026 649.329687 -14.136129 442.68041 -12.94643 488.590156 50.387672 4.574285 0.012929 0.000252 0.014113 -0.011747 -0.000206 0.674776 -0.001245 1.080843 -0.007632 0.910973 -0.003941 0.804356 -0.000608 -1.9e-05 -0.000538 -0.004396 -0.00493 0.075309 -0.001369 0.249612 -0.001393 0.152439 -0.002054 0.093325 -0.002504 0.318113
74.23536 185.739687 159.979099 1271.582155 38.426299 826.079634 15.126874 780.372953 16.109399 544.069213 15.919723 584.135422 -59.704873 182.523984 -129.521673 1306.13908 -34.424713 753.115996 -13.900334 678.940948 -15.1094 457.764424 -13.751224 500.115682 62.421578 3.724365 0.000446 0.0003 0.002803 0.000379 0.296241 0.057111 0.472637 0.066164 0.455664 0.02148 0.353136 0.026068 0.001107 0.000512 0.000945 0.001192 -0.017342 0.118391 -0.006165 0.330104 -0.016199 0.126351 -0.012133 0.06718 0.643694 -0.043638
71.490189 184.094883 159.670753 1268.150585 41.458423 811.511539 15.082073 754.382254 17.124465 527.82464 17.916344 571.589243 -60.996419 183.712797 -131.532095 1318.360423 -32.004508 774.551129 -11.858147 696.404164 -13.081184 472.775007 -12.264647 516.702299 60.139461 1.515471 -0.025859 -0.003658 -0.000149 -0.002318 0.057565 -0.064801 -3.3e-05 -0.220089 0.015505 -0.1231 0.05896 -0.068101 -0.00691 0.001929 -0.007741 0.028455 0.044102 0.150389 0.081082 0.110873 0.073056 0.121076 0.042507 0.135292 -0.021249 -0.488345
73.821911 184.749237 159.727849 1281.073386 49.524932 814.48841 23.514061 753.384606 25.296105 529.106887 25.015392 570.844199 -59.313535 185.098014 -127.02066 1318.137088 -27.234794 812.52078 -8.95983 742.587234 -9.478205 516.513175 -9.149533 558.060425 65.742789 0.075844 0.018709 0.00058 5e-06 0.032755 0.35829 0.002725 0.932317 -0.00033 0.794508 0.000778 0.591005 -0.000243 0.011771 0.002601 0.039363 -9e-06 0.192331 0.454264 0.202742 0.741292 0.289576 0.967344 0.227789 0.796049 0.124771 -0.913262
71.096528 186.071509 151.347547 1266.219342 60.336255 812.916019 39.763288 772.111569 38.159185 536.665666 35.145681 573.679666 -60.148105 187.5956 -125.222907 1321.044096 -27.634968 890.044396 -9.159776 888.577257 -8.889211 617.466016 -8.713058 638.965785 83.883436 -2.831876 -0.025629 0.002357 -0.112902 -0.04331 0.53326 -0.00076 2.121928 0.11495 1.317419 0.026805 0.859033 0.003512 -0.002915 0.008369 0.006406 0.001601 -0.001459 1.765873 -0.001103 6.546225 0.009446 4.502618 0.005333 2.737271 1.103755 -3.834607
72.716925 197.358981 148.942935 1322.327567 70.400859 813.456697 50.291294 754.451178 50.467288 512.100719 45.424679 549.535475 -60.564724 192.13188 -124.215579 1328.416432 -24.897448 1106.138375 -6.982651 1190.922311 -5.420386 862.753991 -6.171721 859.289595 88.966502 -45.468477 0.009129 0.166177 -0.009628 0.60816 0.38798 9e-05 0.617516 -0.102158 0.858812 -0.287728 0.658376 -0.259527 -0.000719 0.027097 0.002034 0.010257 0.071376 11.730946 0.147488 22.096855 0.426808 20.464864 0.218551 16.288241 0.074756 -25.605764
74.721668 204.75092 139.230507 1338.849109 83.232455 850.268863 68.281271 794.377147 67.522533 548.003329 59.345213 581.606206 -59.139683 199.303222 -116.428267 1297.116786 -22.049054 1313.838967 -5.745156 1492.104657 -4.062702 1141.810912 -5.456749 1099.956292 104.710689 -107.769765 0.01363 0.067948 -0.163717 0.051286 0.536791 0.407309 1.372676 0.514695 1.239162 0.608132 0.928913 0.454735 0.008483 0.065697 0.126033 -0.186572 0.08649 8.929686 0.060302 16.958157 0.097692 19.518887 0.022001 14.837497 0.64099 -13.236427
75.358817 221.899411 133.594443 1433.521781 132.768595 1042.345785 131.797325 1021.939148 126.308247 732.963567 109.394543 752.244242 -59.147339 208.095688 -109.634316 1306.916195 -25.703126 1577.119628 -8.383082 1842.283936 -7.522805 1505.929025 -7.865721 1438.982876 195.481433 -137.663324 0.001352 0.344767 -0.058222 1.616943 5.756848 9.77194 10.349433 14.311739 9.129369 13.423643 7.593333 10.959796 -0.0 0.09489 0.102114 0.018438 -0.140013 12.013495 -0.248452 18.438991 -0.52876 25.15633 -0.219605 22.737055 14.052327 -1.827308
83.330692 218.556767 147.697718 1249.285881 210.831826 1380.597403 246.402621 1570.549797 233.589051 1342.507097 197.28011 1304.433339 -54.896511 211.588311 -101.497457 1241.227574 -27.499429 2113.229285 -16.275734 2683.359866 -6.78112 2376.320285 -6.198373 2194.192777 319.969051 -146.586154 0.200363 -0.012684 0.353774 -6.333473 8.985147 23.726746 17.782375 58.712063 16.361428 91.526319 12.862689 75.513814 0.079249 0.014533 0.156852 -0.846834 -0.030333 39.1489 -1.29724 78.842356 0.019242 98.827742 0.099185 79.357519 15.258486 -0.140082
81.658534 222.603265 146.567681 1233.371798 264.53526 1837.165442 342.381903 2073.681149 329.734853 1940.367765 277.708111 1914.275034 -59.819884 227.278662 -78.200313 1434.38015 -11.721455 3189.256487 -7.904803 4031.039939 -0.704088 3894.358624 -0.303033 3594.662524 360.912681 -336.913028 -0.008474 0.018558 -0.00217 -0.051006 3.043248 32.555889 7.875587 34.898871 8.265524 54.898719 6.858809 58.300694 -0.105699 0.28057 1.516593 6.980966 3.313597 110.326219 1.49517 136.640068 3.115081 186.521319 3.760375 171.958455 1.232152 -39.036427
80.567302 223.03407 181.306364 1174.494416 366.442934 2199.098571 480.505803 2502.018322 482.172849 2477.366826 411.385649 2446.458737 -56.162308 239.467014 -79.80901 1332.101482 -48.030388 2638.727262 -52.017 3214.25942 -29.355495 3042.512603 -22.296938 2858.171603 749.473066 -29.007079 -0.00367 0.000208 1.845498 -0.719945 8.283801 16.260084 11.675055 20.092715 14.438722 32.759001 13.090412 32.595658 0.057686 0.159167 -0.008189 -1.891302 -12.29719 -26.060607 -19.366452 -46.186054 -20.966983 -52.501918 -17.401235 -42.167282 70.204352 168.204524
79.098402 217.762142 181.252916 1157.59649 384.879667 2291.083652 498.048145 2596.699097 501.561515 2603.754724 427.650994 2565.913467 -62.788397 255.380095 -81.353047 1393.295844 -55.600271 2898.486249 -66.10711 3508.220411 -38.508146 3435.093464 -29.333862 3210.157979 818.020765 -57.496891 -0.006757 -0.031527 -4e-06 -0.061221 0.226244 0.942294 0.157252 0.879164 0.191087 1.572131 0.157673 1.423623 -0.184695 0.255929 -0.007397 0.687097 -0.276847 6.096198 -0.843361 6.430247 -0.620034 11.907294 -0.48179 10.21688 1.499539 -4.826143
74.482894 209.544604 188.872212 1144.365188 417.095807 2353.364395 546.436258 2696.785401 553.389711 2749.700383 471.834963 2695.025699 -67.08811 260.358267 -80.51504 1462.90833 -57.442849 3190.579158 -70.314866 3892.843772 -41.57041 3885.347866 -30.441991 3607.512957 898.305714 -97.910491 -0.06937 -0.079023 0.078433 -0.038026 0.647338 0.417602 1.121447 0.946273 1.273891 1.989752 1.085844 1.584554 -0.071193 0.024027 0.002169 0.848437 -0.015018 7.009894 -0.064907 10.000937 -0.058573 13.859897 -0.010272 11.58939 1.878781 -5.346743
80.44109 219.122759 196.515831 1203.814747 427.14873 2436.187585 551.688246 2779.344493 552.415643 2816.557737 472.268534 2773.546157 -61.595463 288.283202 -76.29332 1575.437322 -53.818071 3386.639744 -66.919931 4096.574712 -37.547285 4069.985727 -26.626317 3799.719273 878.002564 -115.029663 0.114615 0.107021 0.075808 0.752672 0.059855 0.716162 0.012559 0.622373 -0.000429 0.401532 0.0001 0.563747 0.117276 0.711127 0.056841 2.084542 0.059062 2.922838 0.041999 2.598002 0.102354 2.142948 0.127704 2.494149 -0.116036 -0.689257
81.425694 210.970236 190.277203 1201.292022 422.97991 2449.467066 532.022307 2801.192177 535.983628 2838.655072 459.675361 2781.193431 -63.547162 289.561889 -75.802228 1571.433362 -50.9649 3494.43648 -61.823911 4253.5821 -34.227163 4249.373882 -24.267287 3936.169746 841.099691 -141.805023 0.002995 -0.077274 -0.050315 -0.001323 -0.010221 0.018047 -0.178452 0.042767 -0.124048 0.043172 -0.085088 0.005264 -0.01522 0.001415 0.000793 -0.002547 0.038852 0.844406 0.100896 1.47623 0.076832 1.934275 0.054702 1.203493 -0.396131 -1.399497
81.685144 213.258776 193.145544 1209.789071 424.755831 2478.165825 535.189361 2817.353361 532.485446 2851.385998 459.035343 2810.136436 -61.088672 292.670589 -79.830524 1571.042106 -45.990327 3368.71275 -53.613276 4073.730212 -25.932328 4050.414319 -18.169169 3783.02215 793.437667 -104.949671 0.000206 0.006173 0.010729 0.014973 0.00186 0.083572 0.004699 0.023243 -0.005727 0.014242 -0.000223 0.074911 0.02425 0.008299 -0.052142 -2.4e-05 0.127702 -1.151642 0.292367 -1.942432 0.574593 -2.385037 0.440435 -1.519362 -0.695044 2.767887
80.440448 214.137507 188.111333 1198.897419 397.329844 2507.502394 503.199145 2832.086177 507.622987 2863.567108 437.83905 2828.800937 -59.360321 283.1474 -80.03137 1519.054604 -45.788158 3281.885577 -52.087052 3974.753699 -25.591982 3919.130361 -18.535199 3662.8229 761.171792 -82.639919 -0.004778 0.000903 -0.033238 -0.024625 -0.457613 0.086312 -0.492887 0.01921 -0.297195 0.012982 -0.250506 0.030889 0.012401 -0.078755 -0.000126 -0.437347 0.000223 -0.566812 0.011019 -0.608607 0.001124 -1.081407 -0.001825 -0.970259 -0.334875 1.331357
79.974965 214.230758 187.089379 1214.644114 396.915777 2568.123742 502.257228 2913.199069 513.720056 2967.275669 441.563354 2913.936476 -61.831925 284.693371 -82.416018 1524.943303 -45.163734 3313.808217 -51.018529 4054.029866 -23.707298 3980.574427 -16.915941 3691.517618 758.14359 -74.288677 -0.000675 1e-05 -0.001392 0.051369 -0.000108 0.362032 -0.000441 0.572611 0.018199 0.922364 0.007886 0.631098 -0.025206 0.002104 -0.017504 0.005696 0.002143 0.077252 0.005537 0.391396 0.036038 0.23896 0.037 0.05598 -0.003018 0.222371
78.902278 209.931237 187.334531 1223.8103 401.949008 2630.139165 510.615116 2995.028545 523.084257 3055.804261 448.151076 2999.553307 -63.328877 286.223382 -84.394142 1541.464839 -44.634025 3371.451493 -50.821432 4142.170688 -22.458021 4061.889535 -15.656366 3759.700637 762.31347 -71.463783 -0.003621 -0.021792 8e-05 0.017228 0.015856 0.369936 0.034484 0.5667 0.042289 0.650642 0.024389 0.619822 -0.008952 0.00205 -0.011729 0.044509 0.001562 0.248518 0.000191 0.473941 0.016906 0.411088 0.024363 0.311964 0.005718 0.027378
76.073099 221.970626 187.822867 1268.371343 405.412838 2772.865026 517.60355 3168.714153 526.16639 3237.539861 453.087402 3179.914379 -64.464442 277.079518 -84.691458 1568.142989 -47.878865 3426.746849 -54.317223 4203.599257 -24.995929 4132.114612 -17.72933 3852.390064 780.526813 -54.496029 -0.025826 0.167833 0.000318 0.398415 0.00743 1.885453 0.023749 2.447594 0.004527 2.624576 0.013519 2.632674 -0.005045 -0.074219 -0.000261 0.114442 -0.056923 0.224885 -0.058132 0.226074 -0.067914 0.300931 -0.064419 0.564342 0.107509 1.148076
72.936665 226.380337 179.589722 1289.082179 396.409594 2794.683812 506.989862 3228.072389 509.256486 3281.108456 434.342663 3202.595381 -66.876201 278.461632 -88.115963 1569.301181 -51.973419 3432.850015 -59.871665 4209.415761 -29.842656 4134.984887 -21.417029 3856.240745 785.655958 -49.320948 -0.033012 0.021686 -0.092258 0.083862 -0.050548 0.042753 -0.054975 0.27541 -0.13809 0.145601 -0.19799 0.0403 -0.022145 0.001719 -0.033935 0.000214 -0.083986 0.002715 -0.135171 0.002011 -0.214601 0.000498 -0.174083 0.000962 0.008399 0.129064
70.365056 228.384725 175.018757 1316.285125 379.00757 2844.339202 487.179732 3286.974301 487.164208 3332.832183 415.028719 3261.632396 -67.316345 273.460894 -88.633203 1576.703523 -54.837481 3455.236557 -65.836628 4242.315378 -33.324523 4179.157677 -23.300118 3902.345382 775.318202 -47.82716 -0.023076 0.004417 -0.029461 0.142018 -0.195294 0.218629 -0.197391 0.266269 -0.244941 0.202253 -0.219619 0.269595 -0.000722 -0.022655 -0.000757 0.008709 -0.038406 0.036379 -0.141601 0.064034 -0.096036 0.117345 -0.039667 0.136987 -0.034232 0.011485
67.453589 235.353741 166.479383 1320.649624 358.439236 2906.051513 463.671906 3409.88046 458.405214 3452.383084 386.319071 3350.16297 -70.696236 273.197687 -90.927189 1598.525769 -62.057806 3502.353228 -76.467932 4270.135107 -41.510749 4190.676731 -29.372904 3915.719459 775.80539 -35.741902 -0.030756 0.052368 -0.106783 0.003612 -0.286894 0.331153 -0.290635 1.127932 -0.437446 1.053285 -0.514451 0.59273 -0.041393 -6.3e-05 -0.014654 0.074989 -0.223204 0.159538 -0.397678 0.045459 -0.449093 0.007927 -0.351243 0.011439 7.7e-05 0.878466
67.166148 256.390476 165.668092 1414.559205 350.460753 3040.236932 458.431759 3583.143605 444.369885 3620.216683 373.548012 3506.372139 -70.037297 273.926817 -84.259823 1624.199993 -61.475812 3563.197644 -78.887984 4323.033876 -45.628178 4280.073763 -31.745895 4020.91755 774.784214 -27.604896 -0.000307 0.45018 -0.000991 1.612603 -0.044899 1.514224 -0.01489 2.146763 -0.109109 1.991636 -0.107329 1.77965 0.001543 0.000486 0.126921 0.10227 0.001371 0.261983 -0.01885 0.162822 -0.097331 0.471744 -0.046084 0.697217 -0.000336 0.52478
64.091082 259.011437 158.645383 1444.839259 335.054174 3103.75583 439.481158 3673.027972 423.779056 3710.327431 354.101532 3577.014086 -73.595062 274.40854 -88.694098 1621.549344 -64.674607 3577.434749 -80.161636 4337.947116 -45.407647 4303.368449 -32.452074 4033.782528 746.623614 -21.973662 -0.036026 0.006664 -0.076044 0.160332 -0.173149 0.32835 -0.2 0.556734 -0.244222 0.553864 -0.259901 0.352262 -0.04407 0.000212 -0.056853 -0.001082 -0.040562 0.014193 -0.0051 0.012839 0.000267 0.03161 -0.003884 0.010274 -0.260643 0.320842
60.393123 263.282869 149.580552 1441.970126 326.455125 3059.577432 429.489304 3589.779751 414.185465 3620.468087 345.442417 3510.765229 -75.025706 271.549402 -91.847928 1613.199308 -63.620403 3573.224236 -79.487927 4362.554732 -43.150287 4339.41704 -30.829798 4059.590839 724.709812 -32.534773 -0.054938 0.017467 -0.133326 -0.001426 -0.055892 -0.158336 -0.057448 -0.477122 -0.054919 -0.550759 -0.053594 -0.309618 -0.006886 -0.007487 -0.027549 -0.010777 0.004331 -0.00124 0.001422 0.034799 0.028775 0.075179 0.020798 0.041149 -0.163199 -1.032904
60.86382 267.783788 150.212079 1457.598358 324.438769 3095.05385 424.539655 3620.866192 411.803565 3657.441993 345.785925 3549.554953 -74.690293 276.657118 -92.208731 1623.593988 -63.497614 3585.254326 -78.450195 4371.796294 -42.552111 4342.404768 -30.580172 4059.113101 719.105451 -29.377879 0.000914 0.019074 0.000665 0.042117 -0.003123 0.102247 -0.014343 0.06701 -0.003434 0.09392 8.5e-05 0.106557 0.000376 0.023795 -0.000354 0.016691 5.9e-05 0.010109 0.003409 0.004889 0.002088 0.000514 0.000507 -1.4e-05 -0.010877 0.080537
62.023815 278.656415 147.534778 1465.44931 311.823109 3089.015051 411.808161 3599.080884 397.976913 3622.8757 332.233707 3520.776892 -72.547007 280.468425 -93.832263 1617.44762 -64.254619 3549.16931 -75.259711 4277.744926 -43.036269 4223.555861 -31.9526 3958.783284 702.756885 -23.026191 0.005475 0.108178 -0.012037 0.010543 -0.125083 -0.002948 -0.09691 -0.032867 -0.118051 -0.082059 -0.135454 -0.058567 0.0156 0.013037 -0.007084 -0.005828 -0.002243 -0.091257 0.033115 -0.511352 -0.001369 -0.824528 -0.015062 -0.62775 -0.093991 0.386356
62.28979 278.668952 151.306046 1483.501993 319.313787 3145.946379 422.063221 3689.337102 405.123898 3716.858239 338.171707 3597.511269 -73.706933 278.537527 -94.535661 1619.230153 -66.593302 3568.373852 -79.377219 4292.162459 -46.111509 4245.369303 -34.0427 3986.621452 724.591398 -17.559929 0.000285 0.0 0.023797 0.055257 0.044453 0.259925 0.063061 0.558866 0.031802 0.60173 0.026298 0.413606 -0.0046 -0.003335 -0.001313 0.000491 -0.020902 0.025909 -0.054828 0.012128 -0.053058 0.028093 -0.033105 0.048768 0.167014 0.369791
62.70445 278.491272 150.927524 1482.561115 318.221083 3147.248002 419.742998 3685.707839 404.11246 3714.718567 337.124651 3598.410448 -74.419841 278.054578 -99.296643 1601.632439 -67.373917 3539.451719 -80.859359 4282.881843 -45.321816 4226.236458 -33.739358 3960.653007 720.100938 -16.491879 0.000688 -2.8e-05 -0.000237 -0.000149 -0.000936 0.000135 -0.003198 -0.000893 -0.000632 -0.000308 -0.000812 5.6e-05 -0.001716 -0.00021 -0.058479 -0.048074 -0.002274 -0.058843 -0.006855 -0.005022 0.00341 -0.021605 0.000679 -0.042427 -0.006979 0.016754
63.184147 279.063809 150.95916 1481.823817 319.392822 3153.413383 421.345218 3699.733461 405.875021 3731.07511 338.44798 3609.867196 -74.487318 279.746585 -99.838703 1608.518608 -67.398332 3565.251946 -80.695326 4318.569337 -44.946768 4266.734333 -33.650958 3993.956717 720.953389 -17.958249 0.000914 0.000294 2e-06 -9.2e-05 0.001077 0.003017 0.001526 0.013318 0.001918 0.017966 0.001296 0.009105 -1.5e-05 0.002566 -0.000738 0.007386 -2e-06 0.046846 8.3e-05 0.074034 0.000779 0.096556 5.8e-05 0.069717 0.000252 -0.031222
60.294964 277.796719 150.117273 1479.797594 318.707396 3152.551894 420.175644 3693.923377 405.123178 3731.744319 339.584294 3618.525937 -75.756827 277.615147 -99.284348 1607.5721 -68.656451 3531.275293 -82.832115 4283.575814 -46.197032 4239.247028 -34.035328 3975.500036 724.929335 -16.172427 -0.033805 -0.001442 -0.001177 -0.000693 -0.000368 -5.9e-05 -0.000813 -0.002283 -0.000349 3e-05 0.000952 0.005186 -0.005364 -0.004075 0.000772 -0.000139 -0.005817 -0.081337 -0.013961 -0.071177 -0.008576 -0.044413 -0.001091 -0.021372 0.005467 0.046752
60.919541 276.539649 152.533516 1480.225017 323.599749 3165.141846 426.689115 3713.000808 410.968912 3749.25972 344.455172 3636.311585 -75.880868 276.344022 -98.469579 1606.951762 -68.104617 3528.785013 -81.831414 4281.783072 -46.079985 4236.700811 -33.79533 3974.47788 732.275649 -14.889914 0.001609 -0.001425 0.009645 3.1e-05 0.018632 0.012545 0.025049 0.024568 0.020937 0.020505 0.017342 0.021801 -5.1e-05 -0.001458 0.001678 -6e-05 0.001113 -0.000439 0.003041 -0.000188 7.4e-05 -0.000382 0.000425 -6.6e-05 0.018518 0.026488
59.693682 276.643139 148.127588 1483.542169 315.694678 3166.303882 417.596999 3713.364378 401.869187 3749.103151 336.781973 3634.98578 -76.504526 272.988473 -97.751255 1606.5186 -68.846924 3530.920042 -81.685575 4274.101857 -47.647441 4235.738321 -35.125119 3978.285701 726.269502 -14.842755 -0.00623 1e-05 -0.032284 0.001856 -0.048876 0.000107 -0.048958 9e-06 -0.050937 -2e-06 -0.043215 -0.000121 -0.001276 -0.010249 0.001315 -2.9e-05 -0.002012 0.000323 6.5e-05 -0.003448 -0.013108 -5.5e-05 -0.01283 0.000912 -0.012366 3.7e-05
57.62523 280.822202 144.947275 1502.467477 308.147416 3170.06209 410.234819 3723.603922 390.244242 3762.283887 326.494973 3641.078069 -77.692447 269.23907 -96.024151 1622.809927 -65.751585 3542.649584 -79.164467 4282.170375 -44.728092 4248.064582 -32.158894 3996.255974 699.206172 -14.743444 -0.018236 0.015664 -0.017256 0.059975 -0.045655 0.001115 -0.032738 0.007049 -0.085308 0.011565 -0.079777 0.002551 -0.004576 -0.012963 0.007697 0.041094 0.035596 0.009725 0.019759 0.003804 0.046142 0.008955 0.065415 0.020248 -0.256928 0.000167
58.540009 282.219215 143.781369 1506.875436 303.840484 3180.709676 403.518369 3751.898161 385.244121 3775.644872 321.989138 3649.266787 -76.894151 270.823445 -100.089296 1622.921581 -68.397508 3558.133988 -81.738431 4316.881289 -45.048525 4270.232871 -32.874958 4009.63174 693.766966 -15.215792 0.003602 0.001733 -0.002354 0.003228 -0.015155 0.008926 -0.027718 0.053546 -0.01612 0.011841 -0.015654 0.004599 0.002061 0.002324 -0.042137 2e-06 -0.026096 0.016883 -0.020589 0.070057 -0.000572 0.028846 -0.003942 0.011174 -0.010619 -0.003724
59.142159 281.484323 144.839655 1504.539442 303.820952 3178.266285 401.894758 3749.677253 384.776772 3773.009077 321.599726 3646.693484 -76.653077 270.997287 -98.86395 1636.844194 -68.100682 3559.918323 -81.466092 4321.896267 -44.969189 4271.731793 -32.715621 4008.303309 692.828451 -15.473698 0.001541 -0.000479 0.00194 -0.000906 -0.0 -0.000469 -0.001636 -0.000329 -0.000142 -0.00046 -0.000118 -0.000454 0.000189 2.8e-05 0.003773 0.029732 0.000323 0.000224 0.000227 0.001456 3.5e-05 0.000132 0.000194 -0.00011 -0.000318 -0.001084
59.868068 274.631137 150.119463 1487.721129 314.815226 3179.03281 414.731759 3762.311673 397.346002 3798.709318 331.515747 3665.711873 -78.011992 272.494913 -103.823976 1630.738002 -70.377006 3591.833841 -83.987518 4366.517298 -45.919535 4310.081133 -33.621713 4037.898919 713.420631 -16.14061 0.002214 -0.042229 0.047258 -0.047265 0.097702 4.6e-05 0.100902 0.010625 0.101004 0.043617 0.07528 0.024732 -0.00597 0.002063 -0.060698 -0.005705 -0.018711 0.071214 -0.019214 0.114581 -0.004969 0.085686 -0.006188 0.05443 0.150777 -0.007035
59.817256 273.216307 149.887611 1481.6148 313.81873 3172.664819 413.43493 3755.185098 395.935518 3792.338204 330.118111 3660.443519 -78.018099 273.13326 -104.010877 1627.412292 -71.721243 3600.06609 -86.21056 4368.920207 -47.652173 4322.250896 -34.859515 4048.578516 718.303454 -17.321116 -1.1e-05 -0.001827 -9e-05 -0.006279 -0.00079 -0.003192 -0.001015 -0.003378 -0.001254 -0.002674 -0.001476 -0.001894 -0.0 0.000373 -8.4e-05 -0.001697 -0.006358 0.004712 -0.014519 0.00033 -0.016043 0.008578 -0.011188 0.007052 0.008326 -0.02083
58.58772 269.997768 148.337749 1473.650132 312.863664 3163.389972 413.749854 3745.89439 396.636767 3785.969503 330.721165 3654.341529 -77.341421 270.871118 -103.792033 1619.913069 -75.062676 3567.799561 -90.190325 4330.029754 -51.516962 4277.85837 -37.952503 4010.857337 734.045464 -15.016451 -0.006384 -0.009535 -0.004027 -0.010733 -0.000728 -0.006788 6e-05 -0.005754 0.00031 -0.002676 0.000275 -0.002545 0.001474 -0.004703 0.000115 -0.008659 -0.038038 -0.072625 -0.044899 -0.086934 -0.075337 -0.114575 -0.065723 -0.088275 0.085316 0.08223
57.778446 273.206455 152.08127 1477.031382 321.055885 3217.590873 425.701018 3815.927727 403.916697 3860.805881 336.16358 3726.879901 -79.949967 273.342036 -109.590696 1610.942077 -82.89272 3578.549985 -101.35483 4345.147565 -58.321767 4298.420507 -43.143083 4033.798428 769.205145 -11.744035 -0.002814 0.009477 0.023325 0.001937 0.052937 0.230199 0.085078 0.324312 0.033101 0.366208 0.022208 0.356441 -0.021632 0.005609 -0.078804 -0.012455 -0.194192 0.008086 -0.325647 0.013173 -0.210991 0.02465 -0.166284 0.032711 0.411233 0.200838
57.878345 273.360858 146.660927 1477.569754 316.28484 3195.002283 416.883537 3780.835661 400.63392 3825.644731 333.575061 3695.306627 -79.879739 276.104587 -106.284612 1612.552514 -77.883485 3600.867586 -94.903326 4386.167633 -53.021329 4335.891054 -39.211243 4059.608308 745.148938 -15.965513 4.3e-05 2.2e-05 -0.049177 4.9e-05 -0.017858 -0.039785 -0.046138 -0.081052 -0.006697 -0.080422 -0.005002 -0.067155 1.5e-05 0.006945 0.025317 0.000402 0.078054 0.034688 0.106067 0.096357 0.126234 0.081306 0.093912 0.041154 -0.191084 -0.323453
57.948471 273.736061 144.977129 1484.951652 307.717533 3199.607161 402.430257 3787.319992 387.211354 3824.641658 322.689646 3694.184573 -78.578218 275.1465 -103.976109 1614.569685 -74.83831 3551.287763 -90.630404 4338.41547 -50.411199 4278.934413 -37.200135 4004.436639 717.049026 -12.744023 2.1e-05 0.000129 -0.004861 0.009197 -0.058816 0.001658 -0.127493 0.002778 -0.114349 -6.6e-05 -0.090284 -8.5e-05 0.005345 -0.000833 0.012673 0.00063 0.030362 -0.171849 0.04921 -0.130682 0.032939 -0.188286 0.02647 -0.188736 -0.270031 0.181314
57.827478 266.418834 146.084604 1478.418519 310.134408 3248.557244 406.477333 3854.632299 389.790578 3900.163386 324.449076 3759.928697 -78.433197 271.4999 -103.221646 1603.736816 -75.203308 3537.414791 -90.95885 4315.664219 -51.171185 4270.691713 -37.948831 3992.749146 723.422706 -8.405601 -6.3e-05 -0.049564 0.002107 -0.007202 0.004727 0.185801 0.010124 0.296458 0.004281 0.369179 0.002392 0.289932 6.7e-05 -0.012163 0.001374 -0.018232 -0.000444 -0.013575 -0.000297 -0.029906 -0.002843 -0.003973 -0.00373 -0.00854 0.014101 0.449752
57.487491 266.005128 144.521762 1476.992669 307.370918 3240.151479 401.640042 3816.518706 388.228205 3867.892925 324.110757 3758.03901 -78.18914 269.989051 -102.308474 1601.622897 -73.458497 3508.50991 -89.894973 4282.985603 -49.91622 4239.134873 -37.034581 3967.052788 716.560549 -8.504529 -0.000501 -0.000161 -0.004202 -0.000344 -0.006184 -0.005445 -0.014478 -0.094683 -0.001569 -0.06703 -8.8e-05 -0.000237 0.00019 -0.002108 0.002029 -0.000697 0.01024 -0.059289 0.003129 -0.062097 0.00779 -0.058511 0.005574 -0.041477 -0.016351 -0.000289
59.452891 264.520912 150.063382 1476.055232 318.195352 3315.794483 417.135735 3976.892182 402.596717 4042.81248 336.19265 3883.788706 -78.436733 268.376168 -103.539573 1582.446017 -73.408339 3510.228435 -88.626245 4290.462402 -49.433992 4225.342573 -36.698444 3950.438864 734.179344 -2.015038 0.016517 -0.002076 0.052128 -0.000149 0.093657 0.436402 0.146645 1.650264 0.130542 1.934125 0.110543 1.034704 -0.000196 -0.002416 -0.003681 -0.057749 9e-06 0.00021 0.004508 0.00326 0.00117 -0.011237 0.000766 -0.017431 0.106991 2.240207
59.419071 262.223463 150.120048 1478.495754 318.512486 3315.765995 417.213163 3975.640217 403.072369 4036.533246 336.356165 3876.330844 -78.003622 262.535121 -102.601325 1577.649898 -72.586662 3498.729365 -86.896231 4274.193821 -49.171581 4209.528295 -36.439286 3937.212396 733.808902 -1.814841 -5e-06 -0.00501 5e-06 0.001008 7.9e-05 -0.0 4e-06 -9.9e-05 0.00014 -0.00244 2e-05 -0.003584 0.0006 -0.032132 0.002135 -0.00364 0.002312 -0.009433 0.008526 -0.015451 0.000349 -0.014825 0.000459 -0.011089 -4.7e-05 0.005236
59.460245 262.590463 151.452717 1478.756351 319.927364 3313.341593 419.800883 3964.590058 403.301682 4021.069112 336.44734 3865.079487 -76.45042 258.725942 -99.913997 1581.119444 -70.775542 3480.803815 -85.649912 4247.822558 -48.62013 4192.004557 -35.695201 3925.859517 731.983091 -1.778998 7e-06 0.000128 0.002945 1.1e-05 0.001568 -0.000443 0.004 -0.007689 3.3e-05 -0.014839 6e-06 -0.008176 0.00781 -0.013918 0.017831 0.001905 0.011441 -0.023019 0.004501 -0.040803 0.001555 -0.018275 0.003838 -0.008196 -0.001137 0.000179
59.223687 263.17485 153.240885 1477.857537 324.789934 3278.600856 427.661594 3909.369808 408.274664 3957.048605 339.896746 3809.784258 -76.307377 259.237777 -98.481113 1584.722589 -69.259413 3488.01371 -84.373993 4258.646926 -47.450938 4202.9771 -34.684867 3934.341702 734.099563 -3.706763 -0.000236 0.000325 0.005247 -0.000137 0.018337 -0.091546 0.036457 -0.193633 0.015236 -0.256871 0.008796 -0.199196 6.7e-05 0.000253 0.005174 0.00205 0.008208 0.00373 0.004788 0.006887 0.007115 0.007171 0.007252 0.004577 0.001528 -0.349878
58.70777 262.922441 151.503335 1470.563942 323.715131 3226.860134 425.224974 3830.866815 407.67054 3885.004207 339.925537 3747.521951 -76.705479 262.43218 -99.298603 1589.110512 -70.55603 3483.137101 -84.923865 4249.077426 -48.477181 4191.27058 -35.824265 3922.740975 737.307595 -5.809166 -0.001129 -6.1e-05 -0.004954 -0.009021 -0.000891 -0.205761 -0.003481 -0.398107 -0.000224 -0.33094 1e-06 -0.256484 -0.000518 0.00978 -0.001689 0.003033 -0.006012 -0.001706 -0.000893 -0.005382 -0.00549 -0.008163 -0.009207 -0.008564 0.003497 -0.235153
57.064456 260.459069 147.509294 1453.904872 313.859066 3161.329249 412.365957 3737.207646 396.206214 3789.006792 330.231399 3662.431514 -78.943528 262.990679 -102.643713 1582.597532 -72.436831 3484.0465 -87.346757 4242.3674 -49.027239 4194.08528 -36.1647 3922.583811 723.97991 -10.283881 -0.011663 -0.005797 -0.026676 -0.047449 -0.076185 -0.336121 -0.098714 -0.579565 -0.081752 -0.600459 -0.070119 -0.488574 -0.016091 0.000297 -0.027707 -0.006687 -0.01237 5.9e-05 -0.017039 -0.002651 -0.001552 0.000472 -0.000805 -2e-06 -0.060779 -0.634616
]