11-08-20_Ishan_4KDepth.white_lion_in_grey_box.0000000004 [ 63.903974 385.222829 136.65449 1736.30301 355.202916 3054.865615 462.572369 3389.75152 483.775657 3337.499835 412.444878 3290.750776 -77.637555 359.870878 -103.868316 1845.032618 -54.051911 3259.768598 -52.248708 3799.949645 -32.540179 3591.326603 -26.776404 3408.944948 767.251256 -4.650835 0.0 0.0 0.0 0.0 0.0 0.0 0.0 0.0 0.0 0.0 0.0 0.0 0.0 0.0 0.0 0.0 0.0 0.0 0.0 0.0 0.0 0.0 0.0 0.0 0.0 0.0
56.038644 381.034341 129.152441 1696.636345 348.208167 3043.506894 460.016375 3425.909501 472.392633 3345.320644 393.095366 3298.956895 -90.510034 373.043145 -125.021156 1822.023905 -62.382498 3289.873119 -59.804164 3905.49939 -35.548527 3659.605131 -28.798152 3443.718858 767.115715 -7.053929 -0.258165 -0.011448 -0.105889 -0.229176 -0.034779 -0.010578 -0.003541 0.095912 -0.067759 0.004576 -0.232426 0.00511 -0.493448 0.118379 -0.979517 -0.072184 -0.298399 0.069186 -0.255013 0.722948 -0.066491 0.32148 -0.036787 0.088231 -6e-06 -0.249344
54.297677 375.562115 124.008668 1685.074769 336.136259 2998.321435 443.117062 3372.508533 458.092864 3329.721197 385.557484 3270.690421 -84.956715 361.793848 -114.862363 1787.074551 -58.151104 3239.893968 -56.256822 3824.041942 -32.816544 3586.153044 -26.3079 3390.529948 736.127879 -4.755719 -0.013736 -0.01979 -0.052261 -0.019764 -0.106483 -0.168968 -0.158123 -0.209733 -0.109886 -0.018228 -0.036487 -0.06081 0.0879 -0.08611 0.215203 -0.169223 0.074296 -0.191274 0.054224 -0.42923 0.054609 -0.372311 0.056296 -0.20698 -0.319425 0.225779
53.778899 364.451077 125.691909 1658.23473 340.337323 2928.667764 451.774706 3268.210998 465.031839 3216.700717 390.21198 3175.319668 -84.781112 344.941754 -119.288192 1751.417064 -61.118911 3235.464955 -61.075862 3794.610628 -36.463001 3611.335269 -29.175183 3415.92679 761.928757 -11.413729 -0.001245 -0.083419 0.005673 -0.107737 0.013045 -0.409297 0.04188 -0.819086 0.02608 -0.975692 0.013963 -0.705559 9.1e-05 -0.200947 -0.041831 -0.179665 -0.03693 -0.001515 -0.099005 -0.056848 -0.09603 0.044053 -0.074138 0.047382 0.222199 -1.434389
49.613646 358.747599 122.298143 1649.344245 337.071465 2942.606147 448.629428 3327.544062 460.101264 3270.541458 384.024884 3208.89507 -91.199013 331.910246 -120.382346 1733.910576 -64.363074 3225.601729 -64.481863 3807.31715 -39.426672 3609.250186 -31.638084 3406.782765 768.899515 -8.342782 -0.083934 -0.02249 -0.023223 -0.011948 -0.007873 0.016545 -0.005494 0.266875 -0.013139 0.223429 -0.024722 0.088289 -0.117068 -0.12546 -0.002498 -0.043967 -0.041944 -0.007528 -0.046206 0.010619 -0.057891 -0.000301 -0.049893 -0.006128 0.015871 0.240133
51.787094 355.480665 122.034359 1672.90564 346.413324 2929.546815 460.512783 3282.576048 476.481956 3208.231635 396.85403 3162.148028 -86.230208 336.104569 -112.850832 1740.918983 -60.52929 3223.170592 -60.279321 3804.930256 -36.808149 3598.629629 -28.964528 3400.288862 778.155499 -11.204587 0.023296 -0.007472 -0.000142 0.08355 0.063845 -0.014522 0.077667 -0.152958 0.143259 -0.29964 0.105393 -0.171504 0.069588 0.013168 0.121635 0.007068 0.058856 -0.000458 0.070801 -0.000374 0.044984 -0.007825 0.059002 -0.003098 0.027689 -0.210624
51.246596 357.740155 121.681554 1662.860771 342.805547 2917.645194 456.416822 3287.222399 467.959576 3214.230696 389.870368 3159.034016 -86.966976 334.841566 -116.789222 1735.040048 -61.097524 3196.740645 -59.867146 3770.159367 -34.636581 3543.53443 -27.844578 3355.36959 757.221528 -8.028202 -0.001418 0.003579 -0.000255 -0.015124 -0.009443 -0.012113 -0.009148 0.001643 -0.038453 0.002802 -0.030997 -0.000767 -0.001567 -0.001189 -0.033775 -0.004972 -0.001327 -0.054405 0.000707 -0.079802 0.03301 -0.212507 0.011041 -0.149339 -0.142718 0.264111
50.723451 358.769388 122.893824 1646.358006 339.693921 2932.844513 450.784283 3341.214947 461.249322 3266.247214 384.390335 3197.695783 -88.955146 339.927735 -127.784998 1747.748154 -65.168599 3226.387146 -61.841674 3825.341326 -35.954849 3564.170454 -29.748531 3368.435996 754.763092 -6.500372 -0.001342 0.000739 0.003004 -0.041149 -0.007093 0.019744 -0.017486 0.219904 -0.024229 0.208763 -0.019393 0.117572 -0.011235 0.019169 -0.247304 0.023185 -0.065647 0.068418 -0.016018 0.200453 -0.01231 0.029957 -0.03148 0.012696 -0.001999 0.080557
50.445103 351.146099 125.44625 1624.301846 349.460118 2990.274148 462.747499 3371.38539 478.464515 3322.528807 398.002121 3271.294145 -87.311443 347.928494 -127.706514 1742.206722 -65.796057 3237.388265 -63.872531 3831.524622 -37.754145 3598.669318 -30.416378 3392.074921 785.023562 -5.510892 -0.000383 -0.040932 0.013117 -0.07437 0.069203 0.278421 0.078336 0.067802 0.157701 0.240384 0.118415 0.418682 0.007664 0.046532 1.2e-05 -0.004399 -0.001503 0.009362 -0.016405 0.002497 -0.021964 0.08308 -0.003707 0.041328 0.297374 0.040826
45.642271 362.5627 120.999507 1664.161867 347.623151 3017.362034 461.691066 3406.138488 478.175641 3356.544968 400.557331 3304.589218 -87.217845 338.147046 -119.488588 1727.048328 -62.310302 3209.14358 -61.829066 3793.830805 -36.405149 3561.395414 -29.272203 3379.480355 778.459968 -3.033627 -0.120107 0.091317 -0.040121 0.241584 -0.00242 0.061069 -0.000604 0.089102 -4.4e-05 0.086622 0.004088 0.084291 2.5e-05 -0.069731 0.136639 -0.033116 0.047432 -0.061876 0.016611 -0.093165 0.01227 -0.097021 0.010967 -0.011712 -0.013777 0.366991
46.112926 359.447437 119.737411 1652.931692 340.681365 2997.096668 452.637113 3376.931971 469.990242 3327.501428 392.67241 3277.129035 -88.00186 337.400715 -116.919053 1728.815402 -62.016117 3219.990142 -61.761501 3806.376423 -37.285834 3574.059797 -29.799072 3383.335243 772.032403 -4.405557 0.001207 -0.006721 -0.003308 -0.01901 -0.035006 -0.034142 -0.044829 -0.062879 -0.035332 -0.0631 -0.03919 -0.057285 -0.001754 -0.000412 0.013965 0.000452 0.000348 0.00915 1.8e-05 0.010354 -0.005263 0.011239 -0.00235 0.001099 -0.013323 -0.127599
45.93444 345.555091 114.908361 1611.830709 329.635934 2945.089523 438.038126 3333.94751 454.270127 3280.648237 378.302381 3231.448262 -87.979999 333.869054 -117.83241 1713.076739 -62.463356 3231.236837 -62.632163 3833.006832 -36.955548 3606.752245 -29.205132 3408.039142 750.361173 -7.724503 -0.000173 -0.13689 -0.049697 -0.258726 -0.091009 -0.227593 -0.119653 -0.137663 -0.133696 -0.166102 -0.133932 -0.160308 1e-06 -0.00929 -0.001777 -0.035984 -0.000803 0.009803 -0.003047 0.046416 0.000735 0.074421 0.002989 0.044931 -0.154252 -0.462886
47.118742 373.029675 115.31137 1662.179309 329.669483 2949.200599 441.378254 3324.778192 451.286069 3260.603769 374.448267 3213.548802 -89.995311 348.679027 -119.033528 1727.411976 -62.54469 3182.011746 -62.319995 3757.933047 -36.562443 3536.99117 -29.351168 3342.576685 744.754105 -5.621223 0.007537 0.525428 0.000353 0.38716 1e-06 0.001434 0.006343 -0.006313 -0.004917 -0.030711 -0.009867 -0.024856 -0.011411 0.160693 -0.003045 0.029865 -2.6e-05 -0.188917 0.00039 -0.371246 0.001051 -0.340628 -0.000182 -0.317411 -0.010514 0.16678
46.774546 370.793372 113.286378 1655.255 326.238481 2934.834549 433.203308 3322.297932 443.559077 3256.073889 370.034412 3201.797015 -90.258661 347.70517 -123.297285 1734.132966 -63.342586 3204.381694 -62.200395 3785.431868 -35.605446 3544.686243 -29.255178 3352.99667 730.505876 -6.126861 -0.000631 -0.003362 -0.008969 -0.007226 -0.008974 -0.017538 -0.038208 -0.000463 -0.033362 -0.001574 -0.013084 -0.010764 -0.000192 -0.000681 -0.037513 0.006525 -0.002529 0.039178 5.7e-05 0.050123 0.006345 0.004181 7.9e-05 0.008108 -0.068807 -0.010886
45.93743 370.64877 113.689713 1650.520175 321.516785 2948.305658 426.320075 3334.993836 437.016532 3271.912926 365.172286 3221.007945 -90.908491 345.993776 -122.65646 1714.075031 -63.070205 3201.316424 -62.051185 3783.49032 -35.250884 3533.823144 -29.081539 3350.911997 720.502941 -5.04151 -0.003779 -1.4e-05 0.000358 -0.003391 -0.017209 0.015423 -0.027562 0.012106 -0.024305 0.019215 -0.016077 0.02873 -0.001165 -0.002111 0.000835 -0.058338 0.000293 -0.000733 9e-05 -0.000249 0.000887 -0.008336 0.000258 -0.000324 -0.034479 0.052863
51.663464 367.693502 119.822998 1655.267368 316.342297 3019.065141 422.209932 3431.030784 427.591584 3394.449472 357.502997 3321.204478 -82.682839 336.294842 -98.884457 1721.857641 -53.305468 3247.102711 -55.46138 3804.947904 -33.762351 3605.114392 -26.528908 3415.295233 701.657886 -3.170895 0.168112 -0.005914 0.08056 0.003409 -0.020989 0.419538 -0.009954 0.681609 -0.051371 1.126287 -0.040696 0.767319 0.194996 -0.06894 1.279096 0.008814 0.410389 0.162552 0.184915 0.030338 0.016055 0.355975 0.058616 0.306323 -0.124863 0.215881
49.571251 367.605501 115.445052 1635.022345 247.859857 2988.275827 323.806077 3387.885463 319.243069 3353.416375 263.243798 3307.178717 -86.865785 347.165109 -103.655023 1729.145527 -57.417735 3265.246469 -57.270185 3866.649712 -33.18844 3630.826284 -27.021206 3429.315702 558.297285 -5.511452 -0.021622 -5e-06 -0.040737 -0.062284 -4.171596 -0.078902 -6.518499 -0.136498 -7.901234 -0.12476 -7.198275 -0.014839 -0.051607 0.08645 -0.05619 0.007695 -0.076391 0.025275 -0.014512 0.248134 0.00246 0.045682 -0.002263 0.01436 -8.182519 -0.321429
49.627165 368.544798 110.819294 1675.963675 282.760889 3110.164015 375.945476 3553.488568 380.761552 3518.085971 316.207887 3454.561439 -88.117586 341.263706 -115.458117 1729.034739 -60.536571 3251.043815 -60.066035 3837.438566 -34.622691 3562.177652 -28.543245 3391.570536 645.018645 -0.13729 1.6e-05 0.000599 -0.04729 0.253136 1.149034 1.218198 1.945191 1.975711 2.708453 1.973365 2.425637 1.606409 -0.004478 -0.025295 -0.318133 -2e-06 -0.04124 -0.015478 -0.033314 -0.055379 -0.015169 -0.327592 -0.02085 -0.104437 3.129014 3.909011
51.437675 365.942095 107.778181 1647.753522 136.730728 2929.066788 149.637418 3441.370841 122.987009 3278.653415 100.197675 3217.962118 -93.915654 360.590939 -127.158879 1739.20539 -65.271225 3177.724631 -59.498721 3827.448455 -36.115896 3544.584396 -30.083604 3319.498185 292.396355 -5.184208 0.016218 -0.004611 -0.021155 -0.119719 -26.237998 -2.715874 -51.218012 -0.898602 -70.94965 -4.218622 -60.409522 -4.196077 -0.092363 0.266161 -0.282312 0.014913 -0.089124 -0.418111 0.001346 -0.00651 -0.015762 -0.021777 -0.020239 -0.387015 -68.850435 -3.634205
55.813097 370.115479 110.775878 1640.693006 89.226485 2503.579347 81.050923 3041.981 63.858336 2532.918222 53.966406 2409.943775 -91.865009 368.716571 -133.686637 1728.586414 -66.404712 3118.565981 -57.834549 3782.120353 -34.682059 3472.899881 -29.5362 3239.577436 192.662412 -74.01521 0.089287 0.011831 0.020559 -0.00758 -5.049972 -16.68782 -10.431665 -12.313373 -9.602622 -48.044599 -7.095275 -58.307066 0.011318 0.045268 -0.081693 -0.016259 -0.004879 -0.277927 0.011802 -0.135005 0.014521 -0.366143 0.002513 -0.486926 -10.363973 -40.022372
49.380993 372.822258 104.307187 1713.00421 59.643588 2010.419192 41.836309 2278.321495 35.366665 1811.768828 31.251407 1761.701521 -92.317053 370.577513 -135.693245 1784.092957 -65.479179 3183.160733 -55.457607 3876.814402 -33.696822 3527.486394 -29.160987 3275.478108 138.106783 -283.173779 -0.19683 0.004931 -0.097296 0.779665 -2.968905 -27.02006 -6.424852 -55.091882 -4.178562 -60.267706 -3.08314 -50.673753 -0.000555 0.002342 -0.007474 0.438578 0.003248 0.331067 0.024938 0.585415 0.007098 0.212826 0.001199 0.098915 -4.530105 -67.643368
50.29104 369.557477 104.87641 1740.943107 39.725936 1717.083261 19.897511 1873.747088 18.78203 1451.545372 17.742283 1421.94019 -90.599992 361.795662 -132.077481 1775.779689 -64.660754 3124.405691 -54.14437 3829.682314 -33.909912 3449.110714 -28.705594 3194.536352 103.165578 -425.596 0.004155 -0.007179 0.000774 0.113 -2.016612 -11.559966 -4.029802 -19.75772 -2.602298 -19.942709 -1.899261 -18.181747 0.008059 -0.052653 0.024413 -0.009707 0.002573 -0.273658 0.007868 -0.144129 -0.000336 -0.440253 0.001792 -0.506322 -2.54351 -14.456802
49.487942 359.869295 105.837059 1783.917483 37.037846 1531.793403 16.76922 1641.162383 16.609679 1238.4635 15.607019 1233.432713 -90.899909 355.885572 -131.368631 1833.033871 -63.79724 3111.059255 -52.121257 3831.808718 -33.358596 3440.577508 -28.379704 3187.800149 97.045895 -550.588677 -0.003232 -0.064342 0.00219 0.261977 -0.04708 -5.288027 -0.133692 -7.703611 -0.066733 -8.452636 -0.068428 -6.699615 -0.000248 -0.024335 0.000954 0.4542 0.002902 -0.014283 0.01926 0.000295 0.002259 -0.005284 0.00093 -0.003555 -0.093549 -8.035229
54.75171 348.844772 105.83289 1758.688935 30.814643 1418.11823 12.299301 1501.542082 13.024075 1120.436337 12.397744 1125.860893 -83.446517 368.526719 -122.748763 1846.741724 -56.925726 3120.988984 -46.185284 3820.801633 -29.165333 3519.030328 -24.630261 3248.199525 81.168966 -668.144743 0.132986 -0.085752 -0.0 -0.089833 -0.285988 -2.191056 -0.34573 -3.102973 -0.217724 -2.954585 -0.184495 -2.45364 0.159391 0.110304 0.146239 0.025532 0.195721 0.007911 0.179377 -0.007916 0.140772 0.442197 0.132767 0.283419 -0.708636 -5.682836
52.836556 351.863978 102.85155 1757.463334 19.634847 1313.121568 4.203333 1373.209793 4.451867 1022.887891 4.686097 1040.074356 -86.587634 367.479232 -126.037427 1856.055028 -57.156256 3152.527464 -46.86521 3849.216901 -28.656595 3556.356854 -24.108755 3295.442255 55.698315 -764.665156 -0.017047 0.006505 -0.021297 -0.000214 -1.254336 -2.018932 -2.122362 -2.86588 -2.246832 -2.220997 -1.83956 -1.699547 -0.029016 -0.000745 -0.021737 0.011712 -0.000233 0.079276 -0.002484 0.052635 0.002238 0.09846 0.00279 0.17054 -2.390895 -3.254718
54.930654 362.17976 107.419703 1780.703093 14.868072 1211.727017 1.784425 1206.930202 2.505883 887.709879 3.003844 926.723313 -86.133153 372.011442 -125.396252 1862.502413 -57.892585 3157.625793 -49.823281 3865.483779 -29.140423 3590.004383 -24.049644 3328.179488 48.736945 -907.346014 0.020348 0.07452 0.049628 0.076324 -0.330865 -2.036756 -0.510338 -5.363599 -0.277673 -4.788036 -0.186261 -3.269057 0.000598 0.013889 0.000818 0.005589 -0.002356 0.00206 -0.04526 0.01715 -0.002025 0.079213 3.6e-05 0.080902 -0.232271 -6.09895
55.075381 361.402929 103.674322 1757.35289 10.200179 1160.256261 0.381657 1143.751096 0.941976 843.415929 1.223908 880.676431 -88.904333 374.237227 -128.294008 1870.211448 -59.905199 3221.148333 -52.162059 3924.068967 -31.31118 3683.289564 -26.258763 3408.616436 43.1149 -1001.62672 9.5e-05 -0.000417 -0.033229 -0.077053 -0.438432 -0.55851 -0.51558 -0.849184 -0.375087 -0.566763 -0.392949 -0.58666 -0.021938 0.003319 -0.01655 0.007961 -0.017194 0.3163 -0.026821 0.220313 -0.038987 0.598249 -0.048526 0.480223 -0.172218 -2.329598
51.097278 356.577662 97.624772 1716.557957 7.278037 1143.613824 -0.000169 1141.378328 0.133217 840.965381 0.313744 876.090334 -94.175709 375.271085 -130.644997 1872.099028 -63.130999 3223.165178 -56.742211 3933.333076 -34.323615 3708.788915 -28.410418 3428.720603 38.733507 -1017.637036 -0.074552 -0.016215 -0.090923 -0.23954 -0.246004 -0.060111 -0.397904 -0.001232 -0.366709 -0.001783 -0.298307 -0.005986 -0.075904 0.000713 -0.010673 0.000476 -0.042295 0.000316 -0.096356 0.005461 -0.069167 0.043981 -0.042359 0.029557 -0.117353 -0.063472
50.803884 361.458114 94.26041 1720.70626 7.575046 1128.263132 0.04469 1098.862195 0.384668 813.636397 0.486348 857.399958 -94.275572 386.752307 -130.600854 1880.419723 -63.664245 3232.967744 -57.307539 3937.124506 -35.595808 3729.452945 -29.671208 3450.246729 43.381171 -1059.172778 -0.000422 0.016586 -0.029496 0.002503 0.00297 -0.051862 0.050361 -0.40348 0.065141 -0.225711 0.01884 -0.100762 -2.6e-05 0.086497 4e-06 0.009225 -0.001121 0.007442 -0.001401 0.000913 -0.011575 0.028703 -0.013686 0.033681 0.131634 -0.415394
51.837807 357.970851 90.81162 1746.935412 8.893654 1129.486946 0.282759 1088.586476 1.043057 797.274823 1.144209 839.208934 -94.117355 380.632694 -132.694363 1877.212207 -64.284627 3239.035332 -57.324055 3944.016195 -36.589334 3721.017627 -30.741563 3440.185246 49.98792 -1073.485535 0.005208 -0.008452 -0.032137 0.0992 0.052874 0.000332 0.102625 -0.024136 0.16087 -0.083092 0.1386 -0.097525 6.6e-05 -0.024401 -0.008323 -0.001369 -0.001504 0.002844 -1e-06 0.003013 -0.006838 -0.004775 -0.009483 -0.007346 0.234038 -0.048029
56.113183 356.776345 93.346802 1797.225234 10.743051 1125.396349 0.811074 1066.262457 2.509205 774.281757 2.403741 817.619685 -87.792081 376.541588 -122.646097 1873.541976 -59.529115 3259.544338 -52.930528 3963.846998 -33.645322 3743.283953 -27.990834 3457.011376 54.530927 -1112.653685 0.084696 -0.000998 0.017451 0.356811 0.087283 -0.00371 0.136047 -0.11564 0.316682 -0.168212 0.231095 -0.140665 0.110003 -0.011052 0.197788 -0.001796 0.09136 0.032362 0.087573 0.024865 0.061729 0.033211 0.064451 0.020524 0.09878 -0.350908
54.241824 350.696345 80.956507 1828.093644 11.775226 1119.489643 1.797746 1043.928593 5.104823 757.986373 4.427478 801.733585 -88.331058 369.491595 -127.9684 1860.61685 -61.634249 3276.568103 -53.952964 3994.931268 -34.358194 3755.001743 -29.019311 3453.517186 65.950185 -1138.82739 -0.015868 -0.026126 -0.440938 0.13142 0.023668 -0.007771 0.19378 -0.118192 0.456082 -0.086652 0.306647 -0.077924 -0.000825 -0.033312 -0.056521 -0.022369 -0.018289 0.02217 -0.00489 0.060703 -0.003737 0.009156 -0.009278 -0.000883 0.542382 -0.152141
46.721893 328.294863 81.938856 1783.104176 15.920104 1104.152337 3.177713 1039.223161 5.988962 738.082559 5.499564 783.60719 -90.468814 353.231021 -136.145623 1826.668054 -65.571189 3206.726755 -57.705661 3906.043994 -35.896294 3625.405416 -31.029387 3356.546004 71.209754 -1091.883776 -0.280437 -0.369639 0.002962 -0.280258 0.311917 -0.052894 0.195199 -0.005314 0.035288 -0.132407 0.058061 -0.10363 -0.01278 -0.182947 -0.126618 -0.156286 -0.060938 -0.376194 -0.063079 -0.500014 -0.016839 -1.137912 -0.033652 -0.69044 0.100879 0.494001
45.820511 334.708733 86.295421 1742.394563 17.984376 1151.486026 4.723097 1110.935947 6.955681 803.68288 6.499004 844.842715 -88.655594 369.122647 -131.359819 1886.282214 -63.905642 3206.829364 -54.173891 3892.820343 -35.852061 3607.461763 -31.472714 3332.593036 74.390997 -1005.704725 -0.00439 0.031024 0.056418 -0.235049 0.0629 0.496694 0.152611 1.196226 0.036148 1.396241 0.041697 1.151744 0.009178 0.174827 0.042814 0.478606 0.010713 1e-06 0.055759 -0.011211 1.4e-05 -0.022258 -0.001572 -0.042886 0.034758 1.771073
51.21204 338.526278 90.667064 1776.386577 20.983089 1242.017695 6.663963 1218.842063 8.830132 892.065424 8.384428 922.538748 -82.078711 369.499729 -124.825761 1880.958669 -58.245866 3188.133997 -48.845486 3855.957596 -31.669304 3554.623874 -27.699616 3293.07147 73.944564 -885.253041 0.149904 0.010824 0.054006 0.164188 0.115553 1.712744 0.166624 2.500234 0.111684 2.304819 0.119905 1.708627 0.126722 9.6e-05 0.08334 -0.003761 0.131191 -0.027328 0.137891 -0.087683 0.12968 -0.194907 0.120418 -0.117873 -0.000672 3.840211
52.293956 330.746205 96.537363 1801.137425 18.329992 1274.310578 4.242332 1273.332007 5.536219 940.405545 5.597873 965.10731 -86.404978 361.108605 -138.725075 1839.972177 -60.024744 3157.966431 -48.377839 3841.786411 -29.921734 3521.86416 -26.384783 3272.026802 61.199226 -822.50016 0.005655 -0.045222 0.092062 0.08562 -0.089626 0.207221 -0.272247 0.595767 -0.382711 0.637711 -0.280482 0.480046 -0.055553 -0.048188 -0.366771 -0.225742 -0.013379 -0.071704 0.001125 -0.013044 0.024798 -0.075829 0.015985 -0.03373 -0.602345 1.153344
56.865975 331.835975 99.225144 1875.187315 38.561649 1676.570346 20.47147 1770.49566 20.870042 1361.121685 19.107824 1343.860818 -84.928369 360.434987 -134.463626 1860.298312 -59.015575 3149.466362 -46.807734 3812.742016 -30.675536 3492.092014 -26.761632 3243.441667 102.149916 -492.864096 0.095788 0.000896 0.018452 0.745846 3.718914 27.546303 6.075479 40.87659 4.90825 38.779891 4.021096 31.276403 0.006363 -0.000314 0.033239 0.055828 0.004278 -0.005727 0.01295 -0.055103 -0.004689 -0.063187 -0.001336 -0.062706 5.21634 41.973825
63.826808 347.55692 109.79889 1728.401054 83.212445 1936.838254 76.398574 2190.25613 64.013421 1823.444119 55.176016 1773.660414 -77.82942 361.377775 -120.401312 1812.978448 -54.20952 3109.540116 -43.668151 3790.773234 -25.708505 3445.245113 -21.825494 3206.577906 170.85612 -255.821015 0.200897 0.181913 0.267614 -2.99079 8.481392 9.385525 17.775388 22.305918 11.781813 33.737766 9.344065 29.769471 0.15489 0.000616 0.388244 -0.304804 0.102047 -0.127346 0.054489 -0.031737 0.219206 -0.158177 0.25139 -0.105344 8.786897 38.516136
60.936662 352.342785 107.149663 1625.641362 95.000146 2022.080825 92.507342 2337.266357 78.916468 2010.66347 67.362762 1938.501965 -81.928713 366.688517 -126.129118 1797.699304 -57.924018 3119.766712 -47.371728 3803.615596 -27.601107 3464.336228 -23.797292 3218.296865 199.859568 -196.509648 -0.03348 0.016363 -0.016176 -1.574523 0.39027 0.917818 0.769911 2.387366 0.779081 4.573685 0.607505 3.661767 -0.052601 0.019369 -0.066548 -0.032328 -0.061539 0.008394 -0.075363 0.010858 -0.033606 0.026374 -0.04263 0.010688 1.136304 3.905429
61.219418 358.064345 95.756538 1605.59943 105.24493 2008.700852 110.048984 2275.890493 99.542094 1961.152723 81.748724 1906.042322 -80.83567 387.791208 -118.005355 1793.509891 -57.64066 3149.747685 -50.860022 3816.595297 -28.830947 3501.608977 -24.166268 3255.847375 235.515803 -221.69693 0.000327 0.023041 -0.320113 -0.062156 0.26224 -0.022207 0.760994 -0.408306 1.195927 -0.308601 0.695586 -0.137031 0.00367 0.295177 0.1352 -0.002444 0.000347 0.071685 -0.061956 0.011054 -0.013403 0.099719 -0.001419 0.108899 1.462538 -0.759165
61.570438 357.386926 99.391103 1626.045608 99.764033 2128.687864 98.791008 2433.365894 87.389879 2113.614275 72.787592 2040.726865 -79.118177 391.889479 -120.567558 1791.901044 -56.617865 3171.157899 -47.779314 3836.941594 -26.982088 3510.597124 -23.099068 3267.145562 211.489657 -176.258317 0.000502 -0.000321 0.033849 0.064681 -0.073279 1.740217 -0.303664 2.63369 -0.395418 2.853251 -0.260034 2.298742 0.009221 0.010771 -0.013759 -0.000361 0.004578 0.036261 0.04812 0.027045 0.030631 0.00576 0.01205 0.009785 -0.646159 2.602606
71.100348 355.185729 125.615206 1630.382751 118.54098 2141.513149 116.480367 2507.745056 98.37473 2162.618951 83.364756 2073.818765 -77.769118 390.259431 -126.64361 1798.707543 -56.213018 3156.895677 -45.655036 3846.365535 -25.585107 3515.436719 -21.815275 3266.773194 224.297828 -163.511239 0.342715 -0.0034 1.533412 0.002888 0.809025 0.01926 0.728019 0.559851 0.325069 0.280801 0.35864 0.133076 0.0058 -0.001699 -0.074681 0.006451 0.000726 -0.016072 0.024151 0.005779 0.018566 0.001667 0.018351 -1.1e-05 0.188262 0.239199
68.915735 334.348539 127.34802 1592.88855 116.472905 2126.124241 109.853734 2477.959313 94.01301 2129.895569 81.215961 2046.315417 -77.783889 380.176286 -118.335999 1797.565618 -53.357397 3145.827699 -44.533414 3830.992616 -24.441335 3502.242467 -20.366967 3257.582819 214.325163 -169.75368 -0.017044 -0.314914 0.005935 -0.21808 -0.009099 -0.027746 -0.097028 -0.088974 -0.04945 -0.124733 -0.014028 -0.091798 -1e-06 -0.065985 0.140902 -0.000181 0.037218 -0.009718 0.006975 -0.015391 0.013077 -0.012404 0.024871 -0.006473 -0.113385 -0.058469
67.34525 343.604121 135.105101 1569.205554 110.265186 2108.441353 103.362368 2509.071697 82.348123 2164.785419 70.406661 2071.486167 -81.424565 404.21695 -124.637971 1806.726374 -54.168319 3165.69953 -44.359245 3876.720509 -23.207308 3523.336874 -19.592585 3273.556133 192.987193 -164.6204 -0.009051 0.063183 0.114659 -0.08869 -0.084995 -0.036921 -0.098838 0.097051 -0.386193 0.141724 -0.385793 0.076931 -0.041632 0.368495 -0.08174 0.011642 -0.003058 0.031283 0.000171 0.135647 0.015982 0.031668 0.007504 0.019533 -0.559303 0.039405
64.15628 351.478351 119.156857 1540.648931 100.843436 2140.532964 97.792805 2565.67797 77.000133 2228.966068 64.447262 2124.019514 -82.845514 409.576771 -123.381222 1835.021326 -51.303703 3159.13988 -40.439977 3856.48689 -21.414381 3496.835659 -18.34334 3246.750507 179.628065 -142.13697 -0.038673 0.044603 -0.500659 -0.131115 -0.210351 0.121192 -0.07712 0.315717 -0.089769 0.468777 -0.131742 0.328907 -0.006146 0.017651 0.003184 0.109922 0.038909 -0.003402 0.090619 -0.02647 0.036035 -0.050021 0.020575 -0.055101 -0.239555 0.825058
63.124274 365.693229 115.248142 1582.891336 92.610447 2192.68172 86.970478 2614.309789 69.931836 2261.147212 58.697632 2156.284093 -80.578002 424.31715 -119.527358 1853.619162 -53.161304 3217.709209 -43.804342 3925.881178 -24.057537 3581.249659 -20.262006 3321.021051 176.023214 -151.093793 -0.004184 0.140889 -0.032591 0.285654 -0.175269 0.313808 -0.317226 0.228293 -0.170112 0.115324 -0.134298 0.121606 0.015732 0.13029 0.030574 0.046885 -0.016517 0.268976 -0.067206 0.309396 -0.076885 0.503383 -0.047708 0.419951 -0.01827 -0.136826
65.088509 365.395795 121.044358 1578.792411 95.60157 2209.915027 91.222637 2661.881593 76.005011 2313.413102 63.764823 2206.343363 -78.379468 423.409437 -119.412695 1837.009603 -51.505796 3180.880446 -42.193993 3896.790144 -22.39753 3528.092481 -18.977928 3279.576337 180.921011 -127.685365 0.015047 -6.1e-05 0.071101 -0.002657 0.023769 0.033729 0.050741 0.214466 0.126423 0.298587 0.104879 0.287214 0.015205 -0.000486 2.8e-05 -0.037376 0.013093 -0.10599 0.015078 -0.054092 0.029669 -0.198733 0.021016 -0.130116 0.033604 0.984514
66.300227 359.907967 124.557001 1559.101122 106.304339 2230.310261 106.445977 2682.434287 84.155627 2364.341772 70.599244 2261.450208 -75.054878 413.05592 -108.81112 1817.734564 -48.931921 3165.097917 -41.444147 3869.88604 -21.594375 3517.599876 -17.583165 3276.441866 191.009328 -114.166228 0.005588 -0.020761 0.025121 -0.061785 0.283869 0.046841 0.58708 0.03952 0.207528 0.277249 0.173929 0.339863 0.036023 -0.064079 0.246368 -0.050828 0.032985 -0.019626 0.003361 -0.046599 0.007332 -0.007813 0.026614 -0.000749 0.136844 0.378145
64.625196 360.032589 119.091932 1559.922372 104.843084 2282.015847 108.697929 2746.144375 84.808116 2443.878021 69.853801 2331.173436 -77.382785 409.090905 -112.224531 1818.792127 -51.047866 3179.736913 -43.281356 3877.800909 -23.076414 3531.227123 -18.941386 3291.675057 196.362034 -99.77082 -0.010715 1.1e-05 -0.061299 0.000108 -0.005056 0.29625 0.011786 0.373865 0.00126 0.657878 -0.001978 0.529284 -0.017776 -0.009561 -0.026358 0.000154 -0.022393 0.016888 -0.019922 0.004043 -0.024592 0.013173 -0.025262 0.017665 0.036984 0.484869
64.753962 359.926964 116.940644 1565.874115 106.789646 2271.140604 107.587553 2724.64632 85.984965 2410.467861 69.55194 2300.002495 -79.963238 398.547754 -116.021511 1813.856926 -54.287927 3191.479835 -46.309725 3893.248026 -26.020305 3547.712864 -21.45133 3304.200332 206.606645 -109.540596 6.4e-05 -8e-06 -0.009804 0.005666 0.008952 -0.012988 -0.00285 -0.04224 0.004055 -0.114975 -0.000327 -0.104902 -0.021161 -0.06882 -0.031584 -0.003352 -0.049843 0.010822 -0.051197 0.015353 -0.088339 0.019196 -0.078058 0.011892 0.130245 -0.22813
65.820717 364.378256 123.459557 1576.958197 105.397121 2261.754642 102.619438 2712.793857 81.244862 2376.314474 68.228088 2263.388842 -82.460233 402.981907 -125.458667 1825.903636 -55.94681 3179.106746 -44.812482 3875.65473 -26.010364 3516.885819 -22.332584 3271.967136 199.19452 -111.426629 0.004358 0.013678 0.088403 0.019546 -0.004569 -0.009717 -0.058717 -0.012918 -0.067192 -0.121843 -0.00636 -0.146884 -0.019195 0.012265 -0.184475 0.019936 -0.012483 -0.012016 0.012302 -0.019921 1e-06 -0.067259 -0.00887 -0.078996 -0.067698 -0.008049
74.31118 379.536777 136.040487 1612.867516 107.740685 2226.790494 99.984074 2616.599041 80.298525 2218.000009 69.204908 2129.241754 -77.16775 405.495412 -118.297812 1835.440856 -53.496987 3172.379789 -42.825066 3884.908357 -23.932982 3531.028068 -19.868647 3285.507434 191.9078 -151.950165 0.257451 0.154456 0.30515 0.20213 0.012885 -0.136181 -0.01714 -0.868222 -0.002772 -2.728472 0.003471 -2.048845 0.087761 0.003907 0.105205 0.012421 0.027422 -0.003562 0.022538 0.005517 0.043223 0.014189 0.07199 0.013979 -0.067886 -3.136177
71.228466 377.083654 124.84907 1610.289517 104.587399 2055.916542 96.558447 2356.523851 80.113294 1988.50193 69.112117 1924.793333 -76.546917 399.69698 -112.572085 1825.742928 -53.419153 3169.995979 -42.494741 3878.858074 -22.819609 3532.746784 -19.159864 3288.505754 188.446739 -220.353017 -0.032652 -0.003977 -0.24015 -0.001031 -0.023416 -3.410172 -0.029856 -6.805122 -0.000107 -6.265137 -3.1e-05 -5.158535 0.001254 -0.020878 0.071012 -0.012844 2.8e-05 -0.000448 0.000639 -0.002357 0.013259 0.000209 0.006437 0.000684 -0.015747 -6.337734
65.235066 375.391179 112.603138 1605.491478 92.77744 1942.54838 85.817136 2228.132061 71.955603 1882.685881 62.22376 1827.092233 -75.754129 398.888265 -114.105925 1823.538294 -52.551986 3165.360822 -42.272936 3874.256675 -22.62731 3522.37319 -19.215006 3278.671504 175.283885 -254.710627 -0.131677 -0.001903 -0.315985 -0.003579 -0.35366 -1.607482 -0.316588 -1.798138 -0.218966 -1.446472 -0.180766 -1.27231 0.002063 -0.000409 -0.005189 -0.000666 0.003548 -0.001696 0.00029 -0.001365 0.000407 -0.007626 -4e-05 -0.007363 -0.23825 -1.244036
67.52606 386.437873 121.487276 1643.921807 100.883304 1923.882897 89.907463 2160.902684 78.037528 1770.506194 68.464318 1720.209821 -75.002217 409.828319 -123.938253 1829.403027 -53.225599 3147.229611 -40.128628 3865.225489 -22.878415 3507.533076 -20.246126 3240.826349 185.423338 -294.021198 0.019769 0.080094 0.168645 0.227263 0.169714 -0.045055 0.047612 -0.514926 0.123356 -1.722774 0.149083 -1.610582 0.001875 0.074 -0.203147 0.004708 -0.002145 -0.026039 0.027905 -0.005269 -0.000693 -0.015664 -0.013474 -0.109845 0.142538 -1.409895
67.057357 391.156958 118.402274 1872.003865 95.642836 1822.864363 80.029024 1939.779421 76.76777 1535.106389 67.93615 1517.857749 -75.93872 395.16652 -118.889595 1813.883073 -50.03045 3125.724511 -37.831167 3826.523311 -21.952097 3487.975339 -19.104932 3223.305612 180.822573 -395.160714 -0.000816 0.01432 -0.019838 7.40577 -0.069882 -1.362061 -0.287361 -5.966214 -0.005208 -8.392317 -0.001023 -6.328839 -0.002905 -0.133533 0.052489 -0.033057 0.049447 -0.036862 0.03386 -0.097368 0.009571 -0.027339 0.016551 -0.023745 -0.028898 -7.461657
62.722292 378.796177 101.977878 1885.35764 89.148693 1705.616787 76.694465 1753.281164 78.123904 1383.99262 66.703956 1382.821629 -74.531822 385.183055 -118.308509 1797.877223 -51.198093 3155.439382 -40.459613 3830.863125 -24.442808 3543.006844 -20.971733 3270.444993 189.963912 -498.231995 -0.072423 -0.099226 -0.612887 0.02373 -0.114147 -1.948542 -0.035478 -4.712054 0.005937 -3.913997 -0.005638 -3.144892 0.006577 -0.063865 0.000712 -0.035466 -0.006734 0.070288 -0.044135 0.00123 -0.066905 0.215369 -0.043502 0.171099 0.112702 -5.965617
56.305339 369.17212 98.719337 1802.918458 86.29066 1334.816301 73.934006 1354.686848 75.348676 1005.50626 65.173555 1026.755254 -81.074804 377.924193 -118.18063 1792.890494 -56.377146 3142.83167 -46.496496 3831.74747 -28.237756 3560.461393 -23.909689 3287.513567 195.839942 -781.755069 -0.1731 -0.061919 -0.026455 -0.921442 -0.023281 -22.695465 -0.025297 -25.665669 -0.025094 -30.165717 -0.00888 -26.453409 -0.137621 -0.034525 3.5e-05 -0.003463 -0.124741 -0.012619 -0.209807 5.1e-05 -0.136866 0.021445 -0.096263 0.022212 0.04475 -31.795752
54.204517 329.167952 130.602148 1505.792559 94.276151 1030.028393 77.406538 1036.360026 72.499039 751.670543 66.14763 777.58563 -78.565326 363.526334 -113.539394 1747.346992 -56.260309 3111.305942 -46.995262 3810.813345 -29.644071 3564.22739 -25.024605 3281.203031 194.861322 -1042.291519 -0.01997 -1.146754 2.227166 -13.368122 0.176664 -19.723214 0.039844 -21.28461 -0.027465 -18.430776 0.003613 -17.287297 0.019725 -0.139806 0.046485 -0.29296 6.1e-05 -0.079458 -0.00133 -0.028671 -0.017087 0.000995 -0.012703 -0.003031 -0.001226 -18.702656
54.156344 305.063853 205.791229 1008.587882 101.754089 600.200374 73.914429 602.007481 63.074465 440.049133 61.736864 477.246646 -68.26103 392.726389 -100.175124 1750.438378 -52.394693 3052.567216 -45.612195 3730.521364 -29.730523 3533.545712 -25.453826 3251.131158 179.412998 -1479.655209 -1.1e-05 -0.458206 8.510614 -49.649926 0.142682 -57.685061 -0.0403 -58.625137 -0.327978 -41.464103 -0.076087 -36.472503 0.362025 0.563939 0.418265 0.001366 0.068785 -0.279882 0.010328 -0.427443 -6.3e-05 -0.066314 -0.001825 -0.069219 -0.318954 -38.213993
61.755693 265.884695 285.492659 740.526027 96.351338 380.669907 56.4207 346.883858 45.027444 251.501229 47.720457 299.168569 -69.701595 378.268762 -112.070894 1758.186547 -54.853417 3116.65501 -45.792797 3814.810331 -28.189 3570.626246 -24.785361 3290.808219 144.470318 -1926.852413 0.24938 -1.345846 6.508125 -20.663068 -0.073686 -24.882372 -1.17935 -34.940186 -1.517071 -26.199634 -0.901135 -20.697818 -0.007521 -0.135566 -0.333624 0.008555 -0.028188 0.332891 -0.000178 0.470811 0.020517 0.096772 0.004447 0.120322 -1.890441 -29.480995
58.923346 243.673883 314.769964 479.197782 101.889777 216.714866 66.763651 191.509603 51.049144 150.066595 53.65361 192.686157 -71.274703 353.490179 -128.513112 1700.173328 -57.580896 3096.906775 -47.848597 3791.725243 -26.776743 3551.520067 -23.796797 3298.591619 151.769915 -2241.498277 -0.033242 -0.484296 0.714413 -28.32391 0.077381 -22.939552 0.434982 -22.906934 0.188894 -13.022161 0.173775 -11.664589 -0.008777 -0.419642 -0.562512 -0.486614 -0.033087 -0.031382 -0.022569 -0.035031 0.018146 -0.025628 0.010059 0.004597 0.089948 -11.892407
55.387408 214.817856 331.495779 405.95608 96.1697 129.372886 54.789116 97.416698 37.969285 78.627416 41.590242 118.978584 -79.889275 338.339321 -133.556554 1716.447573 -61.853955 3104.973634 -53.678281 3802.96754 -29.173896 3550.183887 -25.406546 3319.497155 133.707795 -2572.133897 -0.054701 -0.908955 0.216474 -3.035382 -0.082617 -11.202532 -0.591262 -15.750657 -0.966183 -11.444398 -0.767048 -8.841188 -0.245664 -0.16592 -0.048534 0.038759 -0.076464 0.005246 -0.167509 0.008321 -0.051375 -0.000126 -0.02634 0.033019 -0.571966 -11.368667
53.471181 224.012085 339.286039 244.06659 90.468303 41.680239 47.26156 21.763664 32.018705 18.549289 37.155832 41.521426 -76.851717 344.956921 -138.171794 1713.078959 -60.113163 3063.732655 -51.115558 3731.313586 -27.025141 3473.298922 -23.971487 3271.93986 117.876152 -2984.197834 -0.016867 0.096328 0.045238 -20.482151 -0.087103 -24.18866 -0.278006 -27.090313 -0.253427 -20.796533 -0.124956 -19.92746 0.029436 0.032046 -0.039197 -0.001654 0.012423 -0.13786 0.03134 -0.340736 0.041094 -0.420836 0.020858 -0.171565 -0.49862 -15.300634
46.257617 191.804683 334.71713 84.372679 62.21116 6.430323 22.888366 2.85161 14.817414 4.064228 21.800607 14.654664 -84.001503 332.777687 -146.463932 1753.371762 -67.439345 3028.42819 -57.75353 3684.612932 -32.933219 3439.62521 -29.135082 3240.21255 91.931405 -3207.220241 -0.261227 -1.249201 -0.015486 -41.437164 -2.637628 -15.368089 -4.370297 -8.859452 -3.273088 -5.248203 -2.034749 -6.841212 -0.158979 -0.109442 -0.120811 0.234183 -0.210569 -0.102297 -0.202554 -0.147047 -0.29179 -0.082015 -0.251626 -0.077288 -1.61034 -4.018073
47.654353 190.378099 333.147588 77.709995 51.653953 2.21129 14.8632 0.05167 8.871236 0.471253 14.401693 7.045383 -77.063066 341.587065 -136.886266 1726.118574 -60.995162 3033.326065 -54.168626 3650.578628 -30.404775 3447.693845 -26.235647 3264.231576 72.122802 -3367.549078 0.010387 -0.002663 -0.001844 -0.136998 -0.490471 -1.099913 -0.862849 -2.135573 -0.758428 -1.767608 -0.764148 -1.37787 0.149518 0.057542 0.161916 -0.106732 0.16177 0.001979 0.057428 -0.078958 0.050488 0.004726 0.075965 0.044348 -1.200278 -1.955138
40.7488 182.681529 332.23827 72.819633 52.859694 -2.358275 16.723706 -16.497882 9.373495 -12.456031 13.994472 -1.315853 -83.079939 344.335267 -139.802251 1745.719641 -62.507739 3130.930866 -54.361073 3795.821274 -31.092968 3568.284127 -27.51556 3361.836375 74.610264 -4002.387672 -0.270124 -0.079402 -0.000621 -0.079459 0.006955 -9.136764 0.054841 -18.39612 0.006915 -17.772876 -0.00292 -14.450797 -0.113073 0.005505 -0.015366 0.055332 -0.009263 0.772785 -0.000171 1.41662 -0.003851 1.036426 -0.015241 0.718919 0.021086 -27.393072
36.20335 179.178911 305.964513 36.225804 36.653467 -40.896752 7.266528 -88.024563 3.351364 -82.421321 6.689283 -44.053976 -90.421765 341.713652 -135.016574 1763.301762 -65.789289 3168.515862 -58.190836 3833.607989 -35.685373 3623.706282 -31.381894 3407.985904 60.908609 -4799.142988 -0.134364 -0.016952 -0.541053 -6.323487 -1.47928 -23.613665 -1.942714 -28.306466 -1.515221 -30.794827 -1.332995 -30.142413 -0.155406 -0.005009 0.041672 0.044048 -0.041974 0.112124 -0.065176 0.093575 -0.158099 0.213547 -0.12704 0.157301 -0.694433 -36.137176
28.455517 169.921775 253.711064 7.612216 24.318081 -96.585479 2.54082 -167.483208 0.585365 -145.082504 2.332292 -89.176355 -89.689101 339.866417 -130.41925 1740.070535 -63.06372 3208.890005 -56.609972 3868.401906 -33.921645 3680.869551 -28.857965 3483.441745 43.419142 -5287.498864 -0.465875 -0.122758 -2.44463 -10.626056 -1.260846 -11.783665 -1.213643 -12.669255 -1.135465 -8.799535 -1.121863 -7.873672 0.00149 -0.002503 0.039816 -0.077025 0.02883 0.127802 0.010885 0.078591 0.022349 0.223674 0.052897 0.413104 -1.476411 -11.82908
27.529287 156.252012 227.283964 3.713973 22.343402 -174.2494 2.698124 -287.166684 0.591931 -267.24263 2.188393 -185.262608 -88.113949 348.18937 -117.700068 1791.160334 -55.778726 3273.0204 -49.953538 3930.476128 -29.013532 3756.27254 -24.108375 3552.938569 37.893774 -6027.34765 -0.007662 -0.286572 -0.726535 -0.691987 -0.041802 -11.374194 0.002362 -16.035722 1.8e-05 -18.511828 -0.002291 -17.370535 0.006977 0.05034 0.326222 0.369603 0.223494 0.317253 0.208099 0.24704 0.191676 0.382254 0.213382 0.343211 -0.187947 -24.214317
30.909543 139.162224 230.382568 0.065687 28.019317 -229.808848 6.072865 -376.589213 2.450113 -356.011548 4.961743 -258.911083 -83.447824 314.357149 -118.419462 1684.094988 -57.419451 3178.046862 -51.05187 3825.855242 -30.290639 3678.740264 -24.957026 3466.754182 49.970432 -6323.571609 0.097843 -0.494739 0.01049 -2.791817 0.320862 -3.838039 0.675226 -6.051174 0.633477 -6.353984 0.559766 -6.148384 0.063466 -0.864367 -0.001096 -1.649621 -0.011891 -0.699145 -0.005972 -0.705619 -0.013753 -0.404264 -0.00734 -0.529085 0.833907 -3.552823
31.818947 125.919147 208.38469 2.849406 40.543065 -230.812615 16.975122 -395.833972 10.042109 -391.224833 12.96486 -284.830163 -80.892378 296.806495 -115.573365 1597.810922 -55.311757 3129.465901 -52.864461 3773.872804 -30.146995 3620.805578 -24.205431 3407.778523 74.987919 -6392.407739 0.006592 -0.331009 -0.551786 2.049835 1.153511 -0.001094 2.741572 -0.239777 2.571678 -0.830169 1.885617 -0.618107 0.019869 -0.252051 0.017309 -1.134436 0.019705 -0.18709 -0.01581 -0.177783 0.000171 -0.22991 0.005746 -0.252977 2.529944 -0.186319
29.596094 125.886978 215.637992 1.104012 45.407487 -228.086241 21.144597 -380.905379 12.339678 -375.44595 15.748575 -274.330913 -83.569834 301.473042 -123.737408 1650.838864 -62.444844 3098.815997 -58.499154 3732.594935 -35.042752 3557.888668 -29.052136 3354.303156 88.971674 -6244.866482 -0.04024 -2e-06 0.062042 -0.40615 0.137763 0.008099 0.228711 0.143474 0.118239 0.16239 0.135257 0.09858 -0.021796 0.0182 -0.139298 0.432818 -0.216241 -0.075416 -0.142641 -0.113494 -0.184096 -0.27572 -0.220996 -0.211448 0.59741 0.861308
25.447782 130.115226 200.315443 0.00176 41.357013 -231.692827 17.915486 -379.612897 10.78858 -368.680148 14.07146 -273.3462 -85.562282 299.020852 -118.076654 1668.087193 -58.348991 3083.937682 -53.055014 3667.768439 -33.753693 3522.547237 -27.384588 3319.045926 82.707934 -6170.431839 -0.156539 0.03492 -0.282315 -1.017611 -0.094597 -0.014146 -0.133705 0.001098 -0.052071 0.030759 -0.047199 0.000885 -0.011736 -0.005007 0.066267 0.04482 0.069461 -0.017902 0.132923 -0.283942 0.012078 -0.088203 0.024641 -0.093138 -0.114304 0.223135
29.446409 135.477536 209.933915 0.350393 49.52468 -186.326815 20.616438 -319.171187 12.199752 -310.06146 17.430487 -220.490291 -81.774917 293.085139 -113.143681 1623.429956 -56.645765 3045.664709 -53.364886 3640.080434 -32.147234 3505.653576 -25.355257 3317.143135 83.954474 -5900.870248 0.145829 0.054138 0.11277 0.302486 0.367764 2.468988 0.09478 2.618877 0.043354 2.536003 0.179597 2.836763 0.042865 -0.029753 0.052627 -0.302955 0.012614 -0.119489 -0.000451 -0.052452 0.019583 -0.020304 0.039057 -0.000273 0.004662 3.010136
30.442682 139.016361 221.389613 5.120767 57.805452 -159.637352 29.028977 -279.29394 18.947871 -277.035666 23.630858 -193.106074 -81.405634 297.829216 -114.054103 1647.387229 -56.529322 3063.5258 -53.000672 3665.293629 -31.559982 3519.423877 -25.013961 3333.972289 99.415705 -5771.307324 0.008287 0.022813 0.152155 2.792146 0.319917 1.031018 0.717954 1.330039 0.739774 0.929631 0.470836 0.90755 0.000418 0.019044 -0.001824 0.087739 6e-05 0.02611 0.000624 0.04351 0.002707 0.013496 0.001156 0.021291 0.652985 0.719106
35.348093 138.536994 244.603712 46.640567 73.599102 -106.701399 43.433793 -226.129547 31.767527 -231.157688 34.630618 -150.21113 -80.047847 292.793271 -111.676931 1655.044516 -53.190469 3081.102956 -49.732068 3712.08016 -28.033895 3549.800341 -21.923984 3353.604146 119.486177 -5592.657387 0.183131 -0.000414 0.57858 20.852728 0.95258 5.313627 1.446192 2.803901 1.646996 2.075091 1.047799 2.690243 0.005709 -0.02147 0.012517 0.008877 0.050814 0.02514 0.052011 0.148359 0.104408 0.065264 0.101819 0.028815 0.922043 1.404341
37.49617 139.34327 264.698151 99.218673 76.082041 -75.451335 46.790609 -190.945285 35.026418 -199.375427 34.19251 -119.931526 -85.808191 282.965491 -123.040557 1651.585821 -59.451329 3061.935197 -56.121712 3744.296361 -30.107408 3539.232929 -23.891739 3332.642585 130.081641 -5418.651304 0.031679 0.00117 0.396566 9.806086 0.020595 2.700646 0.062467 1.486715 0.079548 1.174697 -0.001394 1.702346 -0.100061 -0.083883 -0.275241 -0.001809 -0.17413 -0.029904 -0.193025 0.069597 -0.036986 -0.007876 -0.042276 -0.032858 0.225018 1.37495
42.737465 149.61919 277.611373 169.065392 93.093473 -43.327149 66.088889 -148.820061 50.977113 -162.037217 48.034974 -89.294512 -85.676779 284.28058 -113.948078 1661.618982 -54.993225 3027.638391 -51.487361 3705.001342 -28.63267 3500.315368 -22.742484 3291.937354 156.01949 -5168.581467 0.171378 0.182771 0.153764 9.251682 0.857465 4.42655 1.661885 2.621525 1.492096 1.933914 1.173518 2.255247 5e-05 0.001524 0.174489 0.015191 0.086864 -0.096581 0.099839 -0.103641 0.018515 -0.107577 0.014163 -0.125059 1.178185 2.95373
40.995574 154.073791 272.034732 305.508964 106.738282 -15.334635 82.761011 -101.176028 66.107982 -122.799254 59.942619 -57.46013 -88.869717 275.540735 -113.449988 1614.274393 -59.095046 2949.129063 -57.771741 3633.196739 -32.296036 3427.967466 -25.400537 3210.862818 190.816696 -4848.38276 -0.01812 0.032672 -0.028291 20.037261 0.466388 7.109635 0.936638 4.581968 0.981795 2.715579 0.658589 3.4944 -0.029206 -0.068227 0.000546 -0.34214 -0.07376 -0.515662 -0.180883 -0.351314 -0.110231 -0.377753 -0.073434 -0.505423 1.749973 5.118987
49.927001 164.864064 297.887131 450.587391 131.385848 -0.641167 115.247374 -50.119256 94.170966 -73.221293 82.243872 -24.319889 -85.876559 267.396021 -118.355062 1569.358795 -60.280709 2868.808712 -57.511988 3570.317456 -30.235487 3339.460465 -24.333191 3126.0201 231.126742 -4401.660247 0.439735 0.18258 0.586651 14.049222 1.279035 9.704579 2.683126 8.87524 2.475874 6.373294 1.759811 7.01575 0.025636 -0.061094 -0.051902 -0.316857 -0.005888 -0.554463 0.000293 -0.274441 0.033959 -0.578789 0.011455 -0.567993 1.929908 10.793328
50.746292 175.447984 265.093953 561.07562 155.708366 4.927548 146.903852 -14.71605 126.624359 -35.511151 110.348571 -6.548795 -80.454027 263.822522 -113.552415 1530.638411 -59.905891 2769.16421 -56.212437 3468.295713 -30.749958 3220.289817 -25.0998 3007.367251 282.173256 -3932.132837 0.003334 0.164623 -0.955899 6.051556 1.032153 9.123643 1.918383 10.519287 2.398089 6.748673 2.061671 5.62856 0.088413 -0.01202 0.049735 -0.241827 0.000584 -0.880618 0.007425 -0.73942 -0.00217 -1.082573 -0.005945 -1.147801 2.544537 13.237142
51.271433 187.975408 250.705858 823.733112 188.891053 46.389787 182.667672 0.092992 156.792873 -4.657959 138.226448 1.399031 -79.114624 253.95113 -116.098438 1405.912062 -58.058736 2473.562886 -55.470658 3112.919292 -29.044362 2842.233282 -23.813752 2650.665542 320.80314 -3077.013003 0.001352 0.215978 -0.200715 25.13735 1.601359 21.079088 1.946222 17.148682 1.610227 14.446786 1.568209 14.001575 0.005622 -0.094108 -0.014114 -2.649994 0.014463 -8.340097 0.002463 -9.60192 0.024331 -11.79921 0.016909 -11.255041 1.238691 52.358113
51.738207 189.46238 229.945444 951.206919 197.912524 72.849493 193.292192 3.571528 170.924766 -0.757437 149.91724 5.809281 -78.550904 251.223967 -122.507186 1443.056076 -57.075263 2392.107438 -50.495662 2967.501327 -28.791275 2650.89877 -22.825617 2484.467389 340.017744 -2741.275121 0.001058 0.002929 -0.448554 4.583417 0.105219 2.972819 0.150153 2.511916 0.304841 1.658744 0.237262 1.506605 0.001008 -0.007361 -0.086082 0.242147 0.0042 -0.681864 0.11685 -1.73914 0.000554 -3.333254 0.010469 -2.690199 0.279409 9.694769
51.081515 197.068526 206.760117 1093.835099 180.847741 131.003256 178.825795 26.200153 163.259971 3.656134 141.722559 25.479484 -76.273589 247.99979 -130.395563 1420.568355 -55.778904 2255.763 -40.817049 2804.724924 -22.032012 2466.770408 -20.178544 2316.404778 305.241067 -2280.491351 -0.002097 0.074844 -0.615906 4.97975 -0.384616 8.470859 -0.281303 10.42489 -0.087911 7.741808 -0.115152 6.956278 0.016749 -0.010412 -0.123054 -0.088298 0.007446 -2.00025 0.514387 -2.295598 0.451481 -3.313445 0.081546 -2.942559 -0.937838 21.184824
55.689997 203.485317 195.813752 1148.365051 174.143316 166.903867 171.546089 47.329441 157.959642 12.061927 136.95357 42.56677 -72.07872 259.289603 -121.913037 1515.775006 -46.543817 2229.27281 -30.567351 2719.620545 -16.795372 2349.565906 -15.810419 2223.707462 277.7694 -2024.936325 0.099502 0.051401 -0.148849 0.663178 -0.063316 2.171092 -0.075634 3.101231 -0.043732 2.436491 -0.040809 2.18035 0.05932 0.125644 0.14263 1.543874 0.417606 -0.078231 0.739681 -0.65557 0.354753 -1.426284 0.266072 -0.946418 -0.647597 7.591115
56.13158 200.716861 171.690856 1193.702859 153.887035 193.683362 146.223389 67.167565 139.770187 21.750347 121.365767 55.285473 -74.72481 255.200671 -128.899496 1532.487727 -42.121391 2140.011797 -23.940389 2569.298574 -13.060605 2178.596483 -13.413948 2066.756625 238.282138 -1764.983861 0.000872 -0.009481 -0.792565 0.438866 -0.626023 0.995783 -1.010576 1.731704 -0.556151 1.417762 -0.470737 0.830101 -0.023849 -0.016249 -0.097324 0.045816 0.110359 -0.911861 0.404347 -2.136662 0.234517 -3.22879 0.098424 -2.871695 -1.512962 8.925643
51.955287 201.044555 155.060181 1218.908029 125.39178 270.451126 114.370371 132.815576 109.938088 59.67844 95.558798 103.786628 -72.972863 255.6118 -113.035862 1563.821843 -31.571335 2042.008207 -16.076593 2395.995288 -9.068168 2008.169013 -9.569975 1911.128134 182.154876 -1375.476474 -0.080713 0.000134 -0.423501 0.131666 -1.457511 6.392712 -1.954063 11.082121 -1.788392 9.37251 -1.540566 7.574341 0.010391 0.000165 0.520647 0.158552 0.759097 -1.148491 0.78027 -3.025318 0.363134 -3.470169 0.323725 -3.045526 -3.763265 24.248675
56.253201 205.685472 161.694718 1295.305826 114.296568 386.918892 95.07185 241.79303 96.75288 127.854542 86.226334 181.911208 -68.860871 251.564943 -117.434317 1528.372143 -25.664431 1898.156878 -9.48808 2214.89558 -4.604202 1823.831014 -5.894871 1746.393356 143.569392 -985.900737 0.085388 0.026478 0.069489 1.160993 -0.256937 10.399694 -0.891002 16.201683 -0.420983 12.831412 -0.239713 10.889169 0.059619 -0.016146 -0.041975 -0.203209 0.305621 -2.626807 0.86358 -3.557855 0.749263 -4.436349 0.443026 -3.711711 -2.293504 32.357443
52.801035 243.960913 165.672389 1344.89235 99.377792 490.075189 81.134119 357.501194 77.339848 217.406061 68.868043 275.43112 -73.287357 264.877681 -131.614891 1537.377876 -22.038028 1873.817525 -5.717202 2109.205841 -2.452707 1684.054629 -4.105476 1638.543281 107.338297 -691.297588 -0.054654 1.63203 0.024166 0.465692 -0.521452 6.088003 -0.552096 11.276208 -1.085757 11.815841 -0.974438 9.663837 -0.068937 0.171615 -0.404041 0.013227 0.138042 -0.078528 0.475004 -1.291828 0.335969 -2.785895 0.161394 -1.718583 -2.629667 26.076523
53.988827 266.859734 182.340751 1369.114055 95.934516 575.700965 63.329304 447.218205 61.472635 287.100554 59.752366 347.762634 -66.816553 282.843082 -120.943193 1572.944267 -15.879961 1775.565947 -2.719677 1917.215206 -1.048488 1531.561763 -2.325506 1497.151622 78.577689 -492.4463 0.006606 0.513507 0.399401 0.108088 -0.030354 3.445209 -1.101402 5.016849 -0.909847 4.837122 -0.323433 4.211842 0.149509 0.294714 0.225564 0.203357 0.503392 -1.322843 0.55045 -4.579921 0.293932 -3.617839 0.251238 -3.189369 -2.238058 16.821544
56.558949 257.226353 178.287702 1370.43986 70.20645 692.788601 41.078202 607.088031 37.230715 412.610853 36.389147 469.113646 -70.181481 286.671993 -123.317208 1601.308279 -14.379172 1717.291478 -1.914958 1904.465955 -0.487787 1519.220477 -1.472604 1484.272546 46.241565 -348.358113 0.02988 -0.088544 -0.022777 0.000321 -2.004172 5.415433 -2.398606 12.191426 -3.023255 11.348699 -2.881926 9.063933 -0.041331 0.012871 -0.011537 0.126728 0.037241 -0.486156 0.070397 -0.021266 0.105976 -0.024962 0.097002 -0.027817 -4.261296 12.438156
57.571127 247.930335 170.688732 1306.951749 62.848016 826.543616 33.401711 791.294767 29.598493 563.926242 33.212103 605.077998 -69.639853 292.748091 -116.060357 1635.593839 -11.236592 1652.185641 -0.689396 1821.225103 -0.18233 1415.762169 -0.921751 1395.020863 34.426986 -192.640074 0.004488 -0.085541 -0.082744 -0.752842 -0.203631 5.89904 -0.396656 12.185724 -0.437249 11.79446 -0.072548 8.639495 0.001049 0.031859 0.110023 0.181583 0.193499 -0.629054 0.306386 -0.930016 0.073666 -1.824022 0.064227 -1.383634 -0.869862 22.894982
54.675965 250.724261 157.812998 1357.057861 39.753967 1160.920869 13.295868 1226.854424 10.494866 951.424403 12.534029 965.02917 -75.424286 301.797471 -115.935625 1688.651368 -12.920922 1645.775446 -1.215371 1717.526633 -0.977158 1326.369699 -2.015436 1315.1399 17.876756 -31.071601 -0.037343 0.007827 -0.252431 0.471253 -2.632829 28.330255 -4.549994 47.561983 -4.843836 50.382129 -4.940179 41.816727 -0.115373 0.068873 3.4e-05 0.423447 -0.05879 -0.00623 -0.07406 -1.5197 -0.315295 -1.457468 -0.211215 -1.177486 -2.687502 68.977897
60.456507 249.246478 168.521618 1373.292402 38.964363 1205.825105 15.417431 1276.914341 12.465836 982.701711 14.203597 990.538777 -70.923796 312.419757 -120.759658 1726.865527 -9.235101 1576.693583 -0.036562 1680.202168 -0.04717 1309.281495 -0.690847 1284.527725 14.046653 -23.386137 0.145206 -0.002184 0.175748 0.048265 -0.00396 0.426022 0.078486 0.500495 0.084751 0.252914 0.052177 0.166388 0.069216 0.091858 -0.049164 0.213784 0.308733 -0.740558 0.830334 -0.205013 0.594944 -0.055396 0.346319 -0.180242 -0.230597 0.545041
60.992882 261.426528 153.044533 1437.842635 38.433763 1303.657608 15.55098 1405.637182 13.777871 1075.743483 15.238353 1072.019024 -69.87363 321.82755 -112.866726 1723.906399 -9.604118 1652.593416 -0.206866 1800.373311 -0.143033 1404.084503 -0.813018 1361.213825 16.728532 -21.833069 0.001184 0.145274 -0.372675 0.74121 -0.001819 1.907731 0.000288 3.090177 0.032818 2.10382 0.018189 1.610045 0.003916 0.069777 0.133367 -0.001269 -0.003614 0.892082 -0.069492 2.075147 -0.025924 1.656679 -0.004971 1.111596 0.117078 0.026678
62.883933 260.194602 161.343382 1423.349115 39.640553 1278.660823 16.192088 1380.522326 14.386089 1061.088449 15.674059 1061.105146 -68.041325 320.423622 -103.587978 1690.09042 -9.252299 1719.985359 -0.378512 1901.431613 -0.140292 1504.173249 -0.651724 1447.588781 17.367685 -38.555653 0.014435 -0.001455 0.109551 -0.036709 0.009327 -0.120987 0.006475 -0.113197 0.006568 -0.050255 0.003071 -0.02792 0.012172 -0.001534 0.198967 -0.167479 0.003282 0.673391 -0.025731 1.37969 1.3e-05 1.722806 0.008908 1.328395 0.005991 -2.361548
59.223871 260.986385 140.52054 1401.754417 37.874513 1314.3705 15.846607 1441.686764 14.354727 1103.168599 15.159068 1091.828826 -71.998687 311.913002 -119.192775 1626.917719 -14.250787 1740.185407 -1.757013 1937.173248 -1.137162 1535.677899 -2.352425 1476.818351 23.572395 -35.685622 -0.054866 0.000601 -0.719045 -0.082535 -0.020121 0.245898 -0.001863 0.662872 -1.7e-05 0.409126 -0.004301 0.219234 -0.055926 -0.057275 -0.547195 -0.601619 -0.537674 0.058963 -0.504513 0.166401 -0.478618 0.16326 -0.527755 0.146079 0.472911 0.055496
55.927953 270.465536 137.092834 1406.834335 37.47442 1334.920831 16.352701 1453.555347 14.199868 1138.935206 14.930744 1136.782263 -72.620995 314.396357 -120.649578 1614.700934 -15.289771 1769.415128 -2.172357 1978.787669 -1.421597 1603.63012 -2.752291 1546.446159 24.607341 -39.65519 -0.047178 0.084543 -0.021162 0.004594 -0.001062 0.079705 0.003978 0.024327 -0.00042 0.285297 -0.000866 0.453425 -0.001339 0.004923 -0.004424 -0.023021 -0.018277 0.121722 -0.022013 0.221122 -0.015858 0.73552 -0.015685 0.801894 0.011117 -0.104647
61.373788 285.553995 135.372798 1387.968413 48.217159 1411.976075 26.416359 1596.034031 21.704865 1253.99255 21.808567 1222.480545 -67.566082 324.938082 -113.963094 1615.012793 -14.540708 1840.435742 -2.161854 2104.779313 -1.059202 1699.753581 -2.135381 1622.417128 32.353612 -33.82947 0.126482 0.204762 -0.005429 -0.063677 0.676049 1.08098 1.20086 3.330164 0.793127 2.767708 0.649527 1.556974 0.091166 0.086915 0.095302 1.5e-05 0.009406 0.698701 1.3e-05 1.944094 0.026612 1.39882 0.039089 0.910803 0.529176 0.23129
60.627547 293.689842 132.085153 1378.449101 52.406861 1413.878686 33.428517 1603.715094 25.256969 1278.10822 24.299038 1244.262573 -68.958097 329.066199 -115.393376 1642.676723 -14.897919 1945.764677 -2.106847 2256.315911 -0.947155 1836.962342 -2.109019 1753.80307 35.9862 -50.540145 -0.002282 0.057139 -0.020207 -0.016378 0.087262 0.000641 0.412235 0.009219 0.13453 0.114841 0.06731 0.096173 -0.007097 0.013029 -0.00446 0.117462 -0.002167 1.465365 0.000354 2.633544 0.003131 2.662545 8.2e-05 2.557417 0.096613 -1.671457
58.199294 288.552968 124.539573 1366.033434 56.735073 1419.042925 42.536871 1622.720367 32.501395 1292.171238 28.604578 1252.29675 -75.636723 327.5692 -127.903477 1634.944017 -18.219814 1969.700285 -3.744533 2272.022396 -1.815018 1854.852682 -3.28117 1766.738164 49.677481 -50.711735 -0.024814 -0.022661 -0.110956 -0.028084 0.085855 0.004707 0.548029 0.055976 0.456122 0.038472 0.175493 0.012927 -0.15432 -0.001706 -0.321842 -0.009122 -0.167024 0.073161 -0.233851 0.027239 -0.139881 0.043348 -0.128991 0.023763 1.101189 -0.000145
57.049779 301.870994 111.072808 1509.380199 65.563129 1463.140418 49.604242 1610.063975 45.50136 1252.615482 40.1939 1227.136494 -77.409056 330.094611 -131.126561 1651.699914 -24.862634 1976.074599 -7.367765 2252.260537 -4.9931 1827.249179 -6.865913 1740.617825 80.640293 -54.081714 -0.005733 0.150225 -0.385171 3.575325 0.319041 0.337366 0.271439 -0.024775 1.090918 -0.307443 0.983154 -0.127661 -0.010263 0.004849 -0.020053 0.042713 -0.515204 0.005149 -0.607282 -0.04316 -0.787299 -0.103469 -0.654301 -0.097264 3.73173 -0.0542
57.213139 302.318952 113.076233 1537.858179 74.824853 1446.856605 59.17856 1559.625059 56.297914 1197.781773 50.083121 1183.76671 -73.293991 328.898521 -128.285569 1639.263078 -32.526648 1973.15475 -13.748527 2241.309775 -10.316478 1821.478208 -11.737316 1737.671779 114.813819 -65.121597 0.000117 0.000166 0.008953 0.133073 0.305842 -0.045561 0.422152 -0.40134 0.574146 -0.613597 0.543283 -0.390122 0.056193 -0.001085 0.015557 -0.0235 -0.514045 -0.001079 -0.987118 -0.013343 -0.955316 -0.004564 -0.649133 -0.001248 3.010666 -0.512324
60.175428 308.553412 96.369359 1628.378332 89.449131 1393.959153 81.875634 1447.531633 85.070366 1112.633206 73.282102 1110.904955 -71.58189 325.156337 -134.160307 1611.625876 -36.420255 1925.155266 -14.159311 2184.118776 -11.053368 1780.995122 -14.488116 1698.90466 157.452818 -78.246072 0.037383 0.031815 -0.667393 1.294214 0.652249 -0.492532 1.838073 -2.089898 2.958972 -1.569576 2.200931 -1.157066 0.010117 -0.010706 -0.06576 -0.11748 -0.110029 -0.295518 -0.003023 -0.369563 -0.012709 -0.227473 -0.144665 -0.218668 3.35952 -0.601998
58.513926 317.143731 80.072007 1661.814819 85.718769 1427.069355 78.893913 1499.717079 85.222166 1161.795322 72.64934 1148.423628 -77.292731 323.84941 -140.908356 1594.022051 -50.277853 1921.210095 -26.798214 2172.841954 -23.213654 1775.383861 -24.157069 1690.174959 197.392393 -64.805486 -0.01163 0.058972 -0.754281 0.169903 -0.039725 0.194313 -0.027653 0.462047 6.8e-05 0.531385 -0.001372 0.311541 -0.109574 -0.001316 -0.082785 -0.048336 -1.114646 -0.002023 -1.998868 -0.014594 -2.230227 -0.004427 -1.229123 -0.011243 2.254862 0.632813
63.654163 310.077413 94.229048 1559.699914 89.866549 1439.086886 79.542725 1541.538088 81.243465 1196.171636 71.297601 1175.733643 -74.961752 312.016489 -134.828048 1532.006629 -54.863482 1858.210622 -34.476176 2123.308649 -29.138589 1738.619054 -27.822409 1650.880276 207.69228 -50.566844 0.108186 -0.039806 0.575881 -1.618815 0.048997 0.025194 0.001328 0.287559 -0.047554 0.250596 -0.006347 0.160459 0.017844 -0.11011 0.067047 -0.615204 -0.100046 -0.525108 -0.482945 -0.285561 -0.336356 -0.192329 -0.129392 -0.231084 0.130966 0.882
62.383722 306.478102 103.164428 1498.124341 82.190799 1375.512727 67.051109 1484.091829 62.003256 1135.781681 55.754868 1120.951143 -70.929468 315.783538 -115.344079 1542.235085 -56.51216 1790.489134 -38.475345 2000.736792 -34.395728 1624.393132 -31.682186 1561.179027 188.760169 -43.591693 -0.006403 -0.010506 0.202342 -0.620038 -0.171299 -0.718075 -0.53319 -0.545402 -1.298007 -0.782082 -0.95428 -0.653453 0.055735 0.011302 0.759882 0.017016 -0.012203 -0.628525 -0.109699 -1.821898 -0.217874 -1.940422 -0.125315 -1.252761 -0.452298 0.258711
62.546246 306.883415 126.396955 1489.386538 66.762288 1370.784762 49.907293 1477.004122 46.626768 1130.593775 41.219747 1115.144701 -72.275703 337.444838 -112.933921 1597.905273 -62.319524 1891.872009 -45.949025 2135.63375 -42.525015 1758.382995 -37.815735 1674.853845 178.209158 -69.035729 0.000106 0.000134 1.178638 -0.012778 -0.801195 -0.00407 -1.263297 -0.008483 -1.093771 -0.005938 -1.095492 -0.007539 -0.006328 0.359247 0.012724 0.493515 -0.141989 1.395903 -0.331455 2.200242 -0.430774 2.654673 -0.271188 1.997191 -0.151711 -2.911711
61.166543 315.270144 127.418925 1508.617277 53.011303 1382.092947 34.520847 1501.171404 32.76057 1134.091138 29.800146 1119.405685 -70.605955 339.867077 -101.180644 1530.646106 -65.416879 1896.14252 -60.583187 2153.173667 -60.3733 1827.942013 -50.37168 1738.671991 182.08023 -82.41315 -0.007694 0.05653 0.002057 0.061679 -0.791981 0.023226 -1.413876 0.098058 -1.22035 0.0027 -0.924116 0.004063 0.009757 0.004331 0.322827 -0.723069 -0.037558 0.002407 -1.009923 0.035867 -1.559764 0.674634 -0.898421 0.596614 0.020797 -0.591968
62.811259 312.014594 133.590585 1521.170053 51.564203 1382.718121 30.85575 1497.177683 28.778835 1119.32492 28.291753 1107.289242 -71.43708 354.366844 -102.798363 1609.65072 -68.533974 1911.848679 -60.026314 2141.243948 -60.35385 1797.51912 -50.669638 1712.18109 172.485274 -79.938722 0.01091 -0.008448 0.072976 0.026004 -0.010013 7.1e-05 -0.102816 -0.00266 -0.128949 -0.048381 -0.019586 -0.032966 -0.002432 0.151438 -0.006415 0.993969 -0.036273 0.03239 0.001286 -0.01657 2e-06 -0.127648 -0.000439 -0.101682 -0.129849 0.018858
57.805271 312.528492 127.334568 1522.883382 45.304322 1363.700373 21.822988 1490.11168 21.889029 1091.723067 22.187476 1083.504878 -77.349703 363.708983 -125.404796 1760.744726 -59.309633 1871.977045 -38.213808 2114.506874 -40.23268 1693.76187 -38.181391 1628.412727 121.473349 -65.838707 -0.103927 0.000211 -0.075009 0.000482 -0.202476 -0.065846 -0.780196 -0.008357 -0.470623 -0.172292 -0.370444 -0.129111 -0.117527 0.060773 -1.122488 3.388457 0.333218 -0.210077 2.452147 -0.08399 2.033049 -1.54212 0.882006 -1.050448 -4.459995 0.683499
55.228095 316.67431 125.691909 1554.695866 49.110703 1332.78292 26.154409 1416.248433 27.486647 1034.248285 26.962865 1033.424961 -78.768384 379.288437 -130.011222 1903.150516 -53.896501 1687.817224 -27.297509 1778.221185 -32.73342 1363.995116 -35.731248 1327.937018 120.211131 -22.77746 -0.029384 0.013659 -0.005332 0.164425 0.076759 -0.177253 0.195921 -0.938745 0.318321 -0.777046 0.232536 -0.59245 -0.006446 0.163356 -0.041542 2.768512 0.129493 -4.766787 0.915907 -14.552757 0.3864 -17.834014 0.040621 -15.309425 -0.003296 11.165834
58.87687 323.326069 129.204876 1643.066652 66.707753 1398.252327 43.274611 1476.945481 46.720019 1086.131996 43.628142 1079.432885 -80.833313 371.579766 -134.415664 1905.081178 -44.89132 1628.957805 -18.684642 1668.375924 -20.869552 1254.045318 -23.675704 1227.750437 130.04038 -6.031865 0.058354 0.034568 0.024209 1.221305 1.344622 0.784841 2.143899 0.636759 2.535844 0.634868 1.995389 0.500975 -0.013359 -0.039571 -0.036684 0.000489 0.411298 -0.5223 0.813835 -1.750864 1.329391 -2.309799 1.236085 -1.964483 0.193109 5.366581
61.607205 318.827011 114.938266 1636.372783 78.992628 1476.52815 69.652289 1561.223303 76.363568 1220.830978 66.377514 1191.013229 -79.298326 337.286204 -158.2059 1824.197075 -39.623705 1442.505466 -11.173006 1495.479802 -12.938732 1092.875082 -17.206946 1087.938781 152.168754 3.54091 0.030941 -0.015761 -0.417194 -0.006832 0.51883 1.065862 3.123882 1.169145 3.62301 3.93576 2.378009 2.743448 0.007357 -0.830014 -0.968681 -0.877249 0.164319 -5.664492 0.960339 -4.727684 0.943376 -5.540568 0.515011 -4.224476 0.868895 18.815781
67.288815 316.646733 120.077068 1560.756083 101.684957 1469.991883 98.558083 1559.687202 103.941772 1291.435362 90.098138 1246.293996 -73.615722 308.611104 -182.067362 1662.866119 -38.409194 1315.115907 -9.570934 1382.03467 -11.025959 996.94752 -15.500814 995.756955 182.674681 19.02766 0.125281 -0.00374 0.056189 -0.894347 1.430694 -0.00725 2.502242 -0.000378 2.121563 0.992324 1.808391 0.626994 0.105625 -0.63684 -0.837667 -3.734033 0.009452 -2.94398 0.061957 -2.23714 0.076457 -2.202806 0.044529 -2.040041 1.392517 6.152087
58.132016 308.37032 107.608451 1512.314206 106.362483 1460.183466 97.262566 1553.532975 101.691569 1242.742929 89.491077 1219.815708 -68.161639 297.819444 -148.114894 1573.130788 -51.796231 1314.575579 -20.088574 1356.453004 -21.943832 990.2349 -25.665216 999.804536 218.112968 14.322903 -0.334709 -0.0548 -0.341662 -0.381827 0.052589 -0.016416 -0.004286 -0.006083 -0.012312 -0.467838 -0.001026 -0.142151 0.104946 -0.096028 1.750296 -1.244435 -0.99889 -5.6e-05 -1.927475 -0.119489 -1.860192 -0.011338 -1.27459 0.004105 1.56983 -0.333517
60.33357 308.591 113.278892 1513.510497 88.180094 1429.718535 67.069657 1529.314158 68.11785 1187.04649 63.122475 1166.258625 -70.142288 299.458749 -164.262766 1580.603994 -60.789488 1325.570327 -26.460798 1386.564463 -28.501544 1017.337396 -31.950073 1009.863748 184.743485 6.542413 0.020459 3.9e-05 0.072795 0.000236 -0.851547 -0.160583 -2.797497 -0.095133 -3.352085 -0.63843 -2.295246 -0.601139 -0.014183 0.00225 -0.417649 0.008854 -0.359762 0.022894 -0.438215 0.165279 -0.428055 0.182952 -0.343812 0.025175 -1.384412 -1.504908
60.880934 310.184374 120.726517 1553.932853 67.429115 1364.274039 46.159727 1457.646374 46.975079 1097.38891 44.096713 1079.785798 -79.719897 309.847913 -155.05506 1687.988885 -62.823069 1338.368253 -31.870376 1406.743123 -33.383938 1044.639727 -32.851245 1029.428578 159.560358 0.649594 0.001236 0.002052 0.118547 0.266352 -1.389811 -0.766568 -1.947453 -0.859906 -1.958648 -1.76008 -1.701537 -1.665221 -0.306363 0.088578 0.132782 1.764464 -0.016729 0.030742 -0.251381 0.072886 -0.192896 0.180761 -0.006266 0.093854 -0.922209 -3.068944
59.644785 316.517136 119.58119 1548.105414 51.201974 1351.840995 27.53498 1442.203717 28.301265 1079.745647 27.894515 1065.09927 -81.362671 315.385407 -153.969268 1718.15165 -80.374921 1386.701851 -55.087104 1455.081249 -54.385598 1104.750953 -51.046291 1079.977555 161.151664 -0.143119 -0.006339 0.031997 -0.002729 -0.005474 -1.115068 -0.028456 -2.392333 -0.041119 -2.352982 -0.071491 -1.846907 -0.050282 -0.008377 0.024522 0.001908 0.133554 -1.079741 0.428672 -3.156604 0.408261 -2.549692 0.840719 -1.996762 0.605755 0.003948 -1.40253
58.545664 319.969157 113.461796 1540.738069 48.383105 1344.414124 22.245294 1436.284689 22.437378 1071.555579 22.986223 1058.623683 -75.625371 327.842943 -149.437268 1646.027417 -82.891201 1534.032556 -59.633139 1651.974384 -55.658598 1294.969696 -52.225876 1250.366662 148.773638 -10.569416 -0.005111 0.009361 -0.080357 -0.008786 -0.039904 -0.010229 -0.281841 -0.006086 -0.339985 -0.01559 -0.237296 -0.009873 0.104873 0.120645 0.033849 -0.77322 -0.019392 3.718271 -0.090109 6.244804 -0.007363 7.550918 -0.006737 6.237567 -0.24728 -8.252711
56.52641 320.671201 102.478921 1559.60811 39.156956 1337.391104 19.077716 1430.972795 19.94034 1065.965666 19.4717 1050.663998 -76.957303 339.657999 -151.805017 1685.492945 -76.702138 1594.600853 -47.776636 1735.632982 -46.425763 1341.526255 -46.520642 1292.245588 127.218235 -15.822272 -0.017718 0.000385 -0.279479 0.057426 -0.487545 -0.009196 -0.121583 -0.00492 -0.073631 -0.007309 -0.14571 -0.015019 -0.005813 0.104574 -0.009305 0.233765 0.120052 0.586336 0.6564 1.033152 0.418381 0.411092 0.164952 0.344914 -0.843043 -0.528032
58.925817 323.156966 120.046372 1573.568883 47.230751 1355.629255 22.424053 1446.034402 23.085263 1079.015221 24.199361 1066.090021 -80.423503 335.525338 -172.175968 1648.905407 -71.778446 1596.85971 -40.860701 1747.18629 -37.731076 1360.311248 -40.184982 1310.497528 119.842833 -16.273402 0.024936 0.004799 0.694523 0.031103 0.378116 0.061759 0.13513 0.039425 0.115092 0.039696 0.256653 0.05621 -0.038175 -0.012648 -0.641066 -0.200739 0.081659 0.000799 0.27022 0.019163 0.450352 0.065304 0.231786 0.063997 -0.110112 -0.003171
57.656816 327.494877 117.196158 1569.80463 46.044305 1336.665124 24.261855 1436.127021 23.677937 1076.426062 23.451672 1062.153091 -79.75428 342.616198 -173.347518 1668.515916 -68.408106 1584.171679 -39.156434 1724.540249 -33.391377 1322.66376 -36.549397 1280.781131 113.305919 -12.670125 -0.006907 0.014461 -0.017122 -0.002254 -0.007546 -0.066791 0.036187 -0.017028 0.003756 -0.001555 -0.005866 -0.003641 0.001398 0.037073 -0.001986 0.057963 0.04052 -0.025304 0.018151 -0.073861 0.132522 -0.264148 0.086173 -0.170397 -0.091657 0.225168
53.319525 325.35929 103.993431 1565.158119 53.576622 1346.788165 33.268255 1443.758754 33.490301 1081.534569 31.669036 1066.166701 -80.793822 336.91806 -176.387643 1661.471991 -66.405003 1571.335307 -33.244881 1690.530048 -29.492647 1283.977273 -34.142757 1247.613057 125.838898 -8.678537 -0.08479 -0.003493 -0.394385 -0.003443 0.285167 0.019094 0.709354 0.010112 0.848393 0.006047 0.615962 0.003784 -0.003366 -0.023891 -0.013214 -0.00745 0.014882 -0.026109 0.241742 -0.169356 0.120975 -0.287099 0.040978 -0.217563 0.328637 0.376476
52.931656 332.381912 61.429461 1736.84002 50.498034 1341.863788 38.096912 1373.718297 46.890471 1052.054741 39.98098 1050.203068 -81.175357 330.660141 -160.653944 1668.365212 -71.513222 1571.246706 -43.702858 1676.143029 -41.746452 1265.74238 -42.453681 1231.29342 177.124455 -9.87141 -0.000708 0.037491 -5.569704 4.466178 -0.045543 -0.00451 0.163544 -0.870712 1.124832 -0.203671 0.483757 -0.060207 -0.000449 -0.029332 0.367439 0.007135 -0.094632 -1e-06 -0.713985 -0.030741 -1.061799 -0.065206 -0.452214 -0.05372 4.372354 -0.038394
49.720257 348.906783 59.625545 1788.480576 59.038518 1328.795767 47.722598 1271.240192 55.266994 959.283119 48.813415 981.800184 -79.669135 324.386272 -138.70247 1575.832674 -84.64972 1520.296087 -62.219905 1598.147833 -61.561318 1255.292237 -57.075533 1237.477827 233.486942 -19.872048 -0.050246 0.200437 -0.013441 0.378248 0.333455 -0.031972 0.541527 -1.985987 0.344001 -2.140654 0.440376 -1.151642 0.007053 -0.030045 0.805923 -1.319897 -0.553505 -0.419878 -1.631101 -0.929074 -1.918094 -0.021659 -1.079908 0.007746 3.886687 -1.731665
53.315434 352.203952 63.157144 1887.678564 68.647413 1322.792743 63.558328 1236.567162 74.018594 920.567562 62.367716 949.850734 -76.382476 316.14048 -107.34157 1583.82557 -83.028498 1412.312053 -71.240238 1398.661567 -77.358038 1095.691484 -67.201764 1110.480451 302.716425 -7.619668 0.062742 0.007753 0.0508 1.33863 0.362068 -0.006795 1.132507 -0.239707 1.367095 -0.398716 0.829308 -0.26424 0.034615 -0.053078 2.006822 0.01011 0.007838 -1.98876 -0.305183 -6.646894 -0.901056 -5.423648 -0.413234 -3.43706 4.487908 2.881279
52.050365 364.460522 52.542351 2027.876241 65.381113 1324.87555 61.901639 1235.780453 76.441196 924.0322 63.618216 947.908922 -76.314094 315.284432 -71.884886 1675.56669 -83.955238 1390.983845 -73.024909 1337.555028 -85.000012 1052.007569 -72.239223 1069.793063 322.655384 -4.148425 -0.007595 0.104815 -0.487953 2.510716 -0.039806 0.000819 -0.010939 -0.000125 0.019505 0.003254 0.006206 -0.000993 1.5e-05 -0.00058 3.542233 1.29136 -0.002572 -0.081136 -0.011039 -0.682416 -0.179948 -0.444309 -0.091022 -0.379679 0.317941 0.523606
51.561806 368.467106 47.937118 1947.568733 63.728941 1341.503987 63.130241 1270.813493 77.655517 960.972299 63.408162 974.144051 -76.013949 310.956007 -59.876047 1689.955406 -82.537704 1351.074295 -82.223928 1283.207436 -101.369352 1025.22751 -85.404946 1045.414699 356.472207 -1.039627 -0.001152 0.010951 -0.10559 -0.811224 -0.010572 0.051851 0.006036 0.244829 0.004785 0.361989 -0.000174 0.179057 0.000296 -0.014959 0.548391 0.030758 0.006035 -0.290449 -0.272776 -0.563572 -0.720274 -0.172634 -0.550733 -0.140488 0.842469 1.034589
50.352349 362.147319 50.862104 1865.015665 63.474818 1347.26725 62.978028 1298.427887 76.589059 997.31887 62.198279 1001.902719 -78.015994 317.019021 -65.88529 1706.06877 -97.541221 1415.992281 -102.484955 1378.292648 -127.408631 1095.76784 -108.120459 1101.273646 401.563954 -2.316571 -0.007177 -0.027333 0.043307 -0.893857 -0.000254 0.006177 -9.2e-05 0.148405 -0.003687 0.337332 -0.005827 0.194981 -0.013012 0.029269 -0.143652 0.038227 -0.626107 0.761623 -1.114596 1.699058 -1.486713 1.173344 -1.337768 0.726875 1.342329 -0.252413
52.998459 368.061849 49.636319 1963.40969 52.227082 1428.570706 61.608421 1369.655991 74.582002 1081.611606 58.688499 1075.309529 -77.697911 319.39229 -68.887731 1726.908626 -98.517908 1498.563171 -100.426556 1461.772319 -118.374906 1241.650537 -101.438977 1221.974598 380.878566 -5.518731 0.03388 0.023954 -0.007476 1.264617 -0.548011 1.190932 -0.007528 0.950935 -0.013324 1.709578 -0.050962 1.29747 0.000325 0.004425 -0.033448 0.063255 -0.002433 1.169873 0.010441 1.227148 0.166072 4.556849 0.106542 3.137539 -0.273477 -0.684209
55.045395 344.758679 59.379564 1644.532561 71.709583 2086.277276 81.377295 2392.269527 83.420058 2147.094602 66.882148 2018.919069 -84.410242 345.299191 -74.142231 1758.834417 -104.882392 1759.167396 -105.076596 1796.345741 -124.183694 1535.288083 -108.046904 1499.082836 411.166135 51.179713 0.019392 -0.38101 0.436272 -14.119125 1.540876 62.084103 1.373193 141.656859 0.247378 180.87259 0.267608 147.39103 -0.139027 0.505063 -0.09655 0.146207 -0.099598 10.44033 -0.052616 17.22406 -0.069564 15.568473 -0.104245 14.14691 0.579306 90.310766
52.089246 351.502153 60.66886 1620.847365 104.663242 2646.521319 144.015604 3071.918753 143.245406 2913.505667 113.794473 2771.336395 -81.931356 345.251123 -75.597331 1749.706289 -115.061629 2161.85953 -123.592115 2334.302415 -139.337923 2097.190177 -118.34793 2043.040198 565.139642 66.942021 -0.040792 0.032657 0.006924 -0.085901 3.105893 33.276369 8.878694 42.432984 8.03756 58.371849 6.196607 59.461072 0.018472 -2e-06 -0.00707 -0.011874 -0.235679 20.733194 -0.750842 35.180319 -0.436095 43.722996 -0.234471 42.016468 12.218058 1.056395
56.767851 364.004479 66.668716 1652.071047 137.533137 3098.860126 194.332755 3631.637303 189.102792 3591.047995 151.074744 3413.01508 -77.028431 326.874513 -83.148516 1563.301679 -114.619362 2353.473695 -127.828663 2648.203157 -131.626037 2456.681479 -112.079791 2365.079723 636.265522 107.338544 0.100588 0.109237 0.141428 0.148941 2.24085 17.834191 3.762351 23.407933 3.178903 35.384107 2.636718 33.379874 0.07563 -0.251265 -0.179698 -5.248134 0.000426 4.067533 -0.035696 9.897795 0.109766 14.21164 0.085269 11.779195 2.107254 4.746391
56.766325 363.120963 69.173376 1630.940675 146.756369 3037.267317 203.402681 3524.144998 198.36458 3463.827901 160.832892 3317.13009 -72.51929 325.112701 -75.737789 1529.364973 -108.455521 2524.277213 -126.285673 2880.56626 -126.214549 2725.78858 -106.195223 2617.664754 641.03763 44.158797 -0.0 -0.000537 0.023092 -0.068001 0.149654 -0.309134 0.103428 -0.807406 0.11071 -1.147169 0.152681 -0.683076 0.067995 -0.00238 0.172919 -0.186204 0.085174 2.991419 0.004685 4.885036 0.056794 6.9916 0.079337 6.406132 0.008915 -13.802882
57.186091 351.821045 77.776477 1628.291504 160.903048 2778.369515 216.431015 3234.042508 209.710988 3166.322665 172.200605 3024.67297 -65.980732 327.056982 -68.378826 1541.789906 -88.978589 2342.36525 -98.970478 2617.880057 -100.005055 2416.541874 -83.858272 2326.049374 599.351391 50.577017 0.000773 -0.089305 0.252048 -0.001077 0.325416 -5.765604 0.202197 -6.229352 0.157772 -6.678126 0.194068 -6.747031 0.154428 0.002898 0.188006 0.025134 0.963051 -3.401064 1.662292 -6.278452 1.523428 -9.307079 1.317193 -8.608268 -0.700681 0.217663
65.636122 330.427695 82.226143 1414.55091 137.999212 2494.076725 169.050047 2933.204439 163.815183 2760.387223 135.697688 2610.293371 -73.137111 340.174162 -92.426469 1554.239963 -78.821029 2245.636318 -81.683905 2549.040362 -65.85907 2221.767639 -60.356397 2119.792057 437.411738 29.200591 0.291021 -0.335499 0.061884 -7.516251 -0.878812 -7.67018 -2.922971 -7.341805 -2.830372 -13.918118 -2.171461 -15.25681 -0.184188 0.128949 -1.808271 0.025033 0.30772 -1.019782 0.828966 -0.458601 3.55282 -4.091333 1.927872 -4.787057 -12.725369 -2.917247
69.945793 346.639229 89.736524 1635.717262 111.595187 2161.227428 117.894596 2424.481536 118.312399 2097.390808 98.242232 1995.753508 -81.417788 339.147498 -135.191162 1759.962724 -66.249763 1940.21286 -28.775478 2143.41707 -26.657144 1696.509171 -30.780936 1622.579668 257.288207 21.238986 0.068512 0.19411 0.164084 8.028641 -1.40054 -11.914432 -4.596723 -24.206809 -3.693624 -45.456019 -3.017909 -41.180111 -0.221989 -0.000776 -4.053396 6.391085 0.545715 -11.15759 13.495608 -17.564225 8.716102 -35.365956 4.932312 -33.176938 -23.757677 -0.632311
71.774608 363.581794 111.985158 1797.081206 113.449226 1871.547171 104.377813 1999.818429 110.835609 1607.823041 95.855719 1556.732266 -79.416733 349.738846 -137.49092 1834.73256 -49.497041 1670.09982 -19.955035 1766.571813 -22.229807 1330.141255 -24.415175 1291.580807 232.339866 13.151989 0.0118 0.202114 1.230696 3.794677 0.007637 -10.417539 -0.411371 -20.427643 -0.122011 -32.485562 -0.014672 -27.231808 0.012449 0.081424 -0.009698 0.777692 1.218777 -10.118714 0.804918 -18.202569 0.200889 -22.255753 0.36831 -18.858932 -0.636018 -0.964344
71.444939 360.813494 130.509117 1813.667557 97.868031 1664.439315 75.06438 1768.385055 79.055363 1357.122416 71.703526 1320.802337 -78.98892 347.757743 -138.288614 1826.81581 -55.442561 1514.594754 -26.753523 1584.227667 -30.774752 1172.327698 -31.556366 1148.595932 208.479175 6.75933 -0.000379 -0.00529 0.708551 0.038096 -0.575212 -6.070515 -2.410492 -7.113736 -2.678266 -10.617994 -1.7498 -9.688293 0.000578 -0.002813 -0.001154 -0.008559 -0.168562 -3.798835 -0.497413 -4.96509 -0.693306 -4.981067 -0.457428 -4.192781 -0.64624 -1.054105
70.497014 349.335557 129.956382 1774.515253 79.902062 1568.151958 55.808644 1683.578669 58.083581 1287.190656 54.27607 1255.251057 -76.630587 345.823943 -138.870645 1779.937794 -50.557562 1430.515346 -21.888164 1490.123414 -25.119274 1093.993598 -26.898063 1074.480373 159.597027 7.850449 -0.003165 -0.092763 -0.000586 -0.213611 -0.910177 -1.434347 -1.424327 -1.041901 -1.613027 -0.924873 -1.211241 -0.834157 0.017871 -0.002696 -0.000611 -0.304656 0.112622 -1.200428 0.243939 -1.440578 0.286853 -1.354191 0.185908 -1.23582 -3.260322 0.040802
57.650389 325.163645 117.686683 1645.385196 43.355971 1429.083724 22.960854 1533.505933 22.878957 1165.224601 22.477657 1148.353942 -73.104491 333.400469 -122.697722 1748.86991 -36.209304 1345.608098 -10.048758 1388.6922 -12.163304 1025.94351 -14.547755 1022.703558 68.405937 4.431166 -0.645555 -0.433261 -0.304143 -2.438743 -5.542588 -3.22804 -7.175808 -3.502254 -8.054603 -3.034749 -6.896762 -2.37823 0.041524 -0.113626 0.500469 -0.136765 1.194578 -1.29874 2.275576 -1.787451 2.323552 -1.092487 1.882884 -0.639249 -19.03039 -0.485575
57.163376 329.562783 112.490962 1644.482527 26.648466 1453.991465 9.176543 1552.585173 9.390401 1189.490082 9.884598 1174.30772 -77.884695 352.769187 -125.256793 1864.721203 -17.605767 1421.922433 -1.681568 1463.875791 -2.748969 1108.352402 -4.804849 1102.082403 22.300851 1.432948 -0.001033 0.014779 -0.058648 -0.000124 -2.022965 0.107595 -3.106292 0.058978 -2.954339 0.125032 -2.550673 0.14501 -0.075688 0.273418 -0.013206 1.857567 3.317841 1.05238 3.508972 0.990959 3.347405 1.591569 2.631388 1.483256 -12.591217 -0.824419
57.935314 333.622091 108.045665 1713.669116 24.164657 1521.105426 6.991505 1575.996886 7.414742 1322.435508 8.381184 1271.314149 -80.847729 360.454791 -115.898725 1894.219507 -18.437916 1464.318471 -2.864579 1476.340806 -4.337836 1098.194265 -6.246457 1113.085961 23.09523 10.408961 0.002589 0.012423 -0.044806 0.712787 -0.060742 0.757094 -0.148329 0.087598 -0.116536 3.520582 -0.061976 1.924654 -0.027658 0.041411 0.181639 0.115746 -0.009607 0.311395 -0.156621 0.026423 -0.180409 -0.023382 -0.09443 0.02733 0.006951 4.117791
58.85565 331.85161 108.702776 1705.504539 19.845964 1683.352208 4.880584 1911.637844 3.947215 1556.75061 4.762481 1478.857662 -76.069928 352.439682 -115.282634 1857.734034 -18.319964 1573.804387 -3.048991 1692.097884 -3.518983 1327.404052 -5.161216 1302.90771 14.920105 9.133224 0.003626 -0.002355 0.000996 -0.009748 -0.212406 4.110042 -0.189174 16.188179 -0.542053 9.550403 -0.507965 7.842385 0.072754 -0.045059 0.000821 -0.177404 0.000189 1.973432 -0.002876 7.354601 0.042788 10.85401 0.051738 7.468578 -0.889427 -0.041685
57.164367 337.348164 104.721668 1720.825683 27.258377 2136.136752 11.404105 2491.790846 8.69818 2071.941404 8.625205 1941.642684 -81.344768 355.246728 -118.946273 1906.954775 -16.342772 1843.754251 -1.782474 2016.867034 -2.512634 1596.353132 -4.38706 1538.979882 20.560752 30.960265 -0.012328 0.022574 -0.037134 0.034255 0.58687 26.93282 1.363738 38.384965 0.926421 36.758805 0.569359 31.451417 -0.088403 0.005567 -0.028654 0.321778 0.056436 10.67823 0.168956 14.246287 0.084545 12.396254 0.031435 9.822089 0.451236 6.462133
62.030575 335.458305 114.726848 1709.570713 42.75048 2201.714754 23.604151 2590.950201 18.222104 2152.510204 17.368033 2020.465745 -76.811122 349.802385 -116.875875 1857.788755 -16.031766 1943.471105 -1.614352 2189.769109 -1.536359 1742.033073 -3.096016 1667.021102 30.340654 21.692149 0.099374 -0.002654 0.228199 -0.018464 1.735621 0.49572 2.194587 0.967344 1.740996 0.768375 1.514444 0.784139 0.064993 -0.021021 0.009089 -0.321058 0.001494 1.31299 0.004163 3.554831 0.11946 3.180093 0.112212 2.557875 0.948362 -0.822126
67.795422 335.026244 126.787262 1711.16609 48.341488 2206.981468 27.37626 2612.196702 20.77262 2173.167039 20.195603 2038.25661 -71.38661 346.274334 -117.281607 1842.48912 -14.773006 1960.501855 -1.22565 2236.224901 -1.22348 1772.95611 -2.528276 1694.653916 32.078734 20.346905 0.128055 -0.000139 0.301316 0.000372 0.171743 0.003146 0.139743 0.043379 0.0835 0.049323 0.106573 0.038992 0.099311 -0.008941 -0.000352 -0.03163 0.025729 0.037148 0.026726 0.24381 0.017793 0.136025 0.028728 0.113572 0.024203 -0.021529
70.826197 337.247344 135.379039 1705.671435 51.807342 2177.710483 29.793574 2571.738212 22.614865 2127.273488 21.922338 1997.335506 -68.459534 334.623137 -114.101213 1742.411481 -19.753852 1993.511553 -4.093721 2292.775503 -3.307047 1842.165486 -4.629547 1748.927241 43.217971 10.25229 0.033136 0.003669 0.140824 -0.004418 0.059989 -0.097704 0.051129 -0.157883 0.039129 -0.244891 0.035411 -0.207476 0.030636 -0.099692 0.021859 -1.397178 -0.361158 0.137792 -0.83943 0.353069 -0.50754 0.662547 -0.315376 0.42772 0.828516 -1.713048
69.79025 336.942458 136.110851 1704.184179 51.934667 2285.848552 30.494599 2720.786935 23.092824 2267.868053 22.158792 2117.629302 -68.903563 323.642318 -115.064698 1702.200049 -19.651146 2033.003988 -3.851597 2360.051997 -3.305725 1902.524685 -4.715678 1801.149315 43.872931 16.033604 -0.003816 -6.9e-05 0.000986 -0.000324 7.8e-05 1.310116 0.004076 2.09918 0.002499 2.249289 0.000634 1.758665 -0.000718 -0.091594 -0.002025 -0.234717 0.000134 0.193677 0.00369 0.48641 0.0 0.486485 -0.000397 0.384117 0.002463 0.643651
65.870438 340.213299 136.012124 1543.582716 90.070757 2387.849624 85.06234 2915.265782 59.895281 2593.814442 51.090376 2423.070947 -73.343344 318.728466 -131.401289 1619.965847 -19.182387 2089.969514 -3.607982 2453.875696 -2.119029 2042.025715 -3.493191 1951.691216 84.546051 32.955935 -0.056642 0.0079 -1.8e-05 -3.973287 5.216612 1.113193 13.695426 3.356364 8.606624 10.938672 5.955751 10.284799 -0.069304 -0.018795 -0.542018 -1.017935 0.002829 0.393554 0.003979 0.914401 0.131389 2.467534 0.091538 3.020644 6.611214 3.015528
63.680416 336.004591 112.961414 1526.248198 129.884095 2309.526412 150.788135 2738.98779 132.816263 2486.392944 108.899738 2348.859845 -76.856994 316.963625 -133.040637 1615.713268 -24.352865 2130.219076 -7.357689 2553.603028 -3.564446 2186.335838 -4.945771 2076.280322 179.89698 9.643966 -0.018512 -0.013097 -1.069348 -0.048942 3.633251 -0.653019 9.343154 -2.748505 14.329175 -1.135846 10.809303 -0.577085 -0.041103 -0.00245 -0.005081 -0.002795 -0.308127 0.191942 -0.661029 0.993167 -0.186871 2.463304 -0.125955 1.927293 17.788785 -6.944556
64.258298 351.855481 107.590521 1523.291626 192.568273 2431.735507 248.627114 2857.656038 241.398915 2852.783096 198.320929 2748.837493 -75.046204 334.328921 -138.53096 1652.21956 -44.80905 2159.720288 -25.62667 2667.301635 -16.52089 2345.379335 -17.094854 2258.650324 384.22301 24.823656 0.001305 0.182656 -0.065406 -0.001433 6.151525 1.575271 12.16846 1.258231 16.099544 12.586226 13.301649 15.715832 0.010793 0.231545 -0.055504 0.203913 -3.094412 0.101439 -5.521433 1.238186 -4.737655 2.791728 -3.650711 3.837841 38.304208 3.522607
64.646951 375.763477 130.736509 1603.287381 299.094654 2482.546738 402.304239 3065.489388 409.159625 3205.381168 342.845718 3142.903178 -70.30637 332.827597 -119.190953 1554.570134 -51.272927 2339.686089 -40.402574 2759.559605 -23.841771 2609.610972 -21.468946 2518.685675 630.537113 30.600084 0.000586 0.392889 1.126616 1.023542 11.679007 0.262688 18.400747 3.647387 22.00245 10.269684 19.655453 13.1932 0.077302 -0.001689 0.726682 -1.487098 -0.217674 3.600548 -1.674495 0.784261 -0.669474 7.050273 -0.248868 7.082246 30.347877 0.30184
63.370483 343.900399 132.575264 1530.002325 322.479392 2637.283207 425.34396 3178.825124 432.048351 3219.152748 364.928805 3151.543627 -61.407273 310.328838 -109.51633 1465.066688 -57.644416 2453.239154 -55.053266 2854.956934 -31.518508 2700.182638 -26.046125 2599.534908 696.955114 22.793905 -0.006364 -0.705714 0.00642 -0.857156 0.440044 2.338832 0.320747 1.028619 0.311451 0.01476 0.344588 0.00593 0.300973 -0.393644 0.204716 -1.326753 -0.186521 1.345328 -1.131004 0.810516 -0.534845 0.772518 -0.220976 0.638601 1.662577 -0.573712
66.851929 353.744499 138.988954 1562.507577 334.894466 2814.526953 442.723175 3293.785011 450.628639 3242.991225 381.032596 3171.753037 -66.245687 326.808673 -114.283824 1522.948046 -66.786495 2572.519032 -65.501898 3005.942926 -40.780957 2819.084193 -33.377223 2695.985634 762.533679 14.839587 0.046546 0.069456 0.075748 0.170835 0.117245 2.881947 0.173988 1.020981 0.195579 0.04397 0.173844 0.032295 -0.091728 0.213165 -0.050785 0.560668 -0.336294 1.415676 -0.45365 1.945141 -0.595771 1.280897 -0.453955 0.878432 1.474051 -0.850228
65.896079 360.443022 146.545023 1576.519158 373.609762 2938.976593 499.812214 3347.443235 499.043628 3341.936785 423.315862 3270.526119 -71.050047 326.771392 -108.146677 1559.085353 -70.380906 2712.432197 -74.535424 3192.123013 -50.107336 3024.481861 -39.868785 2891.081792 865.415076 7.919708 -0.003441 0.031414 0.099995 0.031272 1.058564 1.346095 1.73052 0.216771 1.234919 0.743423 1.112149 0.757239 -0.084085 -1e-06 0.084682 0.211865 -0.047103 1.852347 -0.291671 2.796909 -0.479773 3.610915 -0.28823 3.407344 3.254148 -1.077487
67.469451 366.428672 151.528427 1596.905442 385.1117 2902.770202 508.733384 3299.719691 513.172251 3254.324906 435.645976 3182.461968 -70.491109 332.045998 -106.216661 1561.67811 -71.067482 2768.637606 -76.180438 3282.72426 -50.10991 3128.713376 -40.043227 2963.357394 884.000202 1.236072 0.009281 0.024646 0.041661 0.065482 0.087188 -0.112202 0.039457 -0.171319 0.098609 -0.581858 0.088502 -0.600935 0.001104 0.021115 0.008689 0.001077 -0.001666 0.288186 -0.008978 0.633914 -0.0 0.882874 -0.00019 0.446154 0.098723 -2.8982
64.485357 363.786739 150.869535 1559.141838 375.555878 2809.429659 494.458318 3204.698526 500.966869 3138.243136 424.778189 3067.956725 -67.7206 331.843901 -100.552928 1557.455272 -71.565249 2849.175978 -80.452156 3380.711587 -52.290681 3237.990942 -40.87358 3051.993904 876.960491 -0.780259 -0.033746 -0.004779 -0.000718 -0.225938 -0.060024 -0.762669 -0.10157 -0.694105 -0.07345 -1.054043 -0.068637 -1.048934 0.027771 -3.1e-05 0.077584 -0.002859 -0.000869 0.577339 -0.05826 0.720502 -0.023224 0.937884 -0.004261 0.653067 -0.014071 -3.980466
62.997801 371.503938 143.664752 1558.758469 353.000066 2726.825565 466.043188 3112.893353 466.702493 3035.539051 395.81313 2967.570163 -67.371128 340.771034 -93.255836 1598.42711 -66.108176 2929.366478 -74.89014 3496.830725 -48.318532 3305.641208 -37.139158 3118.645867 815.356699 -5.755103 -0.008679 0.040499 -0.088133 -2.4e-05 -0.349243 -0.616284 -0.420403 -0.667077 -0.606827 -0.854327 -0.511361 -0.834903 0.000452 0.059244 0.13742 0.265974 0.108196 0.55644 0.099606 0.980337 0.078443 0.349705 0.089434 0.35998 -1.121623 -2.297215
62.034049 374.012989 142.296192 1551.480122 349.265154 2722.0478 460.467761 3093.459723 460.656053 3007.117201 390.015847 2943.678084 -69.110977 349.001202 -100.666282 1640.556118 -63.75083 3006.96162 -68.657241 3592.902371 -41.965252 3356.510781 -32.657383 3168.832258 780.697175 -9.598928 -0.003714 0.004222 -0.003275 -0.008516 -0.009932 -0.002095 -0.016776 -0.030426 -0.019712 -0.066842 -0.021384 -0.048284 -0.01109 0.049102 -0.141641 0.273995 0.021398 0.507154 0.135382 0.650954 0.223818 0.194213 0.14404 0.200296 -0.376373 -0.488928
62.286873 376.11596 144.437508 1570.058746 351.065796 2764.358882 466.379862 3145.343973 462.7734 3067.501142 389.110931 3006.785779 -71.111254 351.033633 -103.896565 1654.541883 -64.299299 3043.147825 -67.750916 3638.221111 -42.495402 3394.193193 -33.034031 3202.495538 785.737991 -8.263776 0.000257 0.002948 0.007996 0.055288 0.002315 0.163154 0.018856 0.215748 0.002427 0.300127 -0.000526 0.334654 -0.014268 0.00295 -0.025507 0.029681 -0.001175 0.108217 0.003011 0.142012 -0.001664 0.105172 -0.00108 0.088932 0.008111 0.049968
59.399959 370.869013 142.172645 1556.530024 355.070821 2735.835267 470.135237 3140.818742 470.172717 3052.509586 394.400874 2985.36525 -74.847231 349.960257 -112.270504 1652.525329 -65.7613 3031.541489 -68.678825 3623.967855 -41.174336 3377.690219 -32.653466 3190.642117 789.620654 -8.227593 -0.03425 -0.018428 -0.008949 -0.029269 0.011358 -0.073961 0.007529 -0.001629 0.029343 -0.018362 0.017858 -0.038287 -0.047821 -0.000822 -0.162257 -0.000615 -0.008217 -0.011088 -0.003156 -0.013987 0.01043 -0.020109 0.001102 -0.010989 0.004785 4e-05
62.297976 360.247279 143.536185 1560.377695 363.195136 2784.288312 473.116826 3180.33857 481.607603 3096.122356 405.849804 3035.722627 -71.702971 350.625246 -116.878517 1653.687606 -62.244826 3025.573525 -62.247365 3616.792212 -36.208981 3358.837273 -29.721326 3176.323669 781.926566 -5.348425 0.03451 -0.077161 0.003254 0.002375 0.045949 0.212653 0.004712 0.12354 0.068693 0.154676 0.081902 0.210586 0.033734 0.000316 -0.046337 0.000204 0.04831 -0.00294 0.158061 -0.003556 0.159467 -0.026381 0.068956 -0.0161 -0.018835 0.308816
63.260639 356.330763 141.294015 1558.329029 346.898067 2780.952968 452.079572 3179.323516 456.565566 3094.260714 383.972323 3032.39416 -71.388171 352.798406 -112.442606 1674.173588 -59.163475 3054.69332 -58.488077 3645.032912 -33.668283 3394.824532 -26.92617 3206.975856 738.199803 -6.96455 0.00369 -0.010703 -0.008825 -0.000673 -0.187038 -0.000999 -0.239205 -8.1e-05 -0.334275 -0.00028 -0.303053 -0.000913 0.000346 0.003357 0.042907 0.063055 0.039109 0.069731 0.05854 0.054913 0.046204 0.095881 0.069003 0.073595 -0.629035 -0.106522
69.073769 346.511621 143.460928 1550.686681 353.475947 2801.499764 460.95955 3194.231476 474.745302 3115.55269 401.344091 3051.271495 -70.121773 348.345543 -104.782306 1674.396504 -56.053414 3054.193924 -55.940881 3639.368075 -33.20046 3414.762305 -25.989879 3222.397748 759.037475 -6.858278 0.12774 -0.068593 0.008245 -0.009393 0.03089 0.037812 0.043183 0.017435 0.177456 0.036503 0.192162 0.029288 0.005667 -0.01414 0.13511 7e-06 0.041983 -2e-05 0.028354 -0.002203 0.001636 0.029188 0.008284 0.018496 0.14501 0.000409
67.103636 336.636179 138.248594 1534.865392 343.055443 2759.183883 444.624482 3142.353854 465.56747 3066.624075 392.777537 3002.546563 -72.54391 342.525626 -114.178711 1660.133819 -58.60337 3033.173746 -58.80367 3616.956747 -35.198104 3391.51951 -27.761418 3198.745454 756.78973 -8.177576 -0.014252 -0.071382 -0.048225 -0.040562 -0.077953 -0.161011 -0.147339 -0.212365 -0.044791 -0.193625 -0.046207 -0.196088 -0.020563 -0.024514 -0.20171 -0.030503 -0.028359 -0.036292 -0.035718 -0.034609 -0.029178 -0.039686 -0.029201 -0.043562 -0.001667 -0.057992
65.798572 328.099742 135.834506 1523.444469 338.903638 2748.361571 438.565473 3119.721767 461.130791 3055.156188 388.41731 2992.605714 -74.024953 339.152766 -115.103255 1647.082662 -61.477121 3017.565687 -61.712794 3593.280021 -37.257087 3376.344551 -29.708492 3179.623646 760.53585 -8.025061 -0.006408 -0.054814 -0.010632 -0.021325 -0.012638 -0.010633 -0.020784 -0.040898 -0.010621 -0.010741 -0.012168 -0.008242 -0.007483 -0.008344 -0.001864 -0.025752 -0.034392 -0.020131 -0.035117 -0.038875 -0.029261 -0.017013 -0.032993 -0.028663 0.004624 0.000718
64.063695 332.725063 132.710773 1524.395437 336.768409 2787.237957 438.289157 3118.364606 460.492062 3084.633822 387.285483 3039.767966 -72.57351 342.974857 -116.710199 1634.765194 -64.525281 3042.023408 -65.165279 3604.361448 -40.186229 3392.34952 -32.254013 3192.286681 772.747691 -7.313778 -0.011589 0.016187 -0.018168 0.000148 -0.003374 0.136516 -4.4e-05 -0.000148 -0.000221 0.070763 -0.000826 0.184365 0.007185 0.010708 -0.00557 -0.023115 -0.036875 0.049358 -0.046982 0.00853 -0.055414 0.018922 -0.052309 0.012583 0.048631 0.0165
60.251928 337.178388 127.908263 1553.74583 326.375006 2791.79542 426.347397 3145.829036 444.812021 3089.636224 373.183377 3036.991393 -75.100947 341.671013 -114.024378 1634.381311 -66.539954 3030.81002 -67.682493 3591.453767 -42.146732 3372.695107 -33.891207 3185.639983 760.800849 -6.202158 -0.058452 0.014802 -0.044252 0.139933 -0.081453 0.001861 -0.08247 0.060207 -0.135801 0.002026 -0.130766 -0.000634 -0.02163 -0.001242 0.015632 -2.3e-05 -0.015485 -0.010353 -0.02385 -0.011577 -0.023345 -0.028551 -0.020265 -0.003463 -0.046536 0.04579
67.609449 344.232524 137.175895 1578.196832 344.221797 2827.775483 449.684217 3172.601702 464.266086 3112.66589 391.660603 3067.03668 -69.527237 340.154374 -108.855331 1622.889646 -61.344467 3037.808692 -62.823589 3594.403441 -37.67325 3389.92573 -29.706835 3207.995652 766.441981 -5.913641 0.211862 0.036514 0.162053 0.095446 0.237523 0.115185 0.310893 0.056721 0.20818 0.042756 0.223221 0.073945 0.10744 -0.001687 0.059949 -0.020271 0.105581 0.004036 0.090483 0.000605 0.125456 0.021951 0.137803 0.039084 0.010418 0.003436
66.256361 344.239159 134.235362 1581.930114 343.228569 2827.152693 448.38555 3172.184405 462.979605 3107.73525 389.916269 3063.610916 -69.968028 340.556179 -112.090582 1627.361557 -62.861389 3036.597564 -63.827141 3588.687047 -38.061381 3374.47007 -30.237453 3200.486182 766.534061 -5.490231 -0.006839 0.0 -0.01593 0.002205 -0.000718 -3.4e-05 -0.000939 -1.4e-05 -0.000892 -0.001954 -0.001947 -0.000957 -0.000696 0.000119 -0.023688 0.003076 -0.009263 -0.000121 -0.003976 -0.002275 -0.000995 -0.017657 -0.002349 -0.0044 3e-06 0.007863
57.104176 337.41013 117.29697 1569.886814 319.29632 2795.323499 419.769864 3138.774736 436.744192 3072.430499 366.220702 3029.011094 -77.886747 330.979305 -126.071288 1611.992 -70.943324 3024.846383 -71.17284 3586.267265 -43.327992 3367.339818 -35.325913 3193.37184 755.195786 -6.756231 -0.339971 -0.034209 -0.570971 -0.023009 -0.432391 -0.090094 -0.471736 -0.088435 -0.382586 -0.100842 -0.371373 -0.098246 -0.212205 -0.068292 -0.410706 -0.036462 -0.244301 -0.011391 -0.199997 -0.000408 -0.170577 -0.003771 -0.197759 -0.003958 -0.042241 -0.065613
52.101034 330.071437 113.595546 1520.239613 311.836161 2788.285306 411.274192 3130.035773 429.124981 3092.152369 356.339764 3047.371835 -82.499587 332.303459 -129.379802 1601.596897 -74.274909 3030.157384 -74.97677 3592.938813 -46.862191 3377.744259 -38.244212 3188.675527 759.604778 -6.306322 -0.114668 -0.040344 -0.029671 -0.398852 -0.044092 -0.004436 -0.043426 -0.006091 -0.033523 0.031547 -0.067564 0.02774 -0.066348 0.001322 -0.021426 -0.016813 -0.038222 0.002329 -0.049512 0.0031 -0.069272 0.008025 -0.057903 -0.001728 0.006416 0.00775
52.398058 340.582358 116.169994 1545.872649 314.65936 2748.327512 415.008562 3126.124743 427.467108 3064.865366 358.14206 3001.046647 -85.351303 322.690074 -131.374507 1599.815994 -74.576391 3010.242748 -75.09387 3591.339105 -46.836896 3365.0498 -38.040718 3184.902935 757.296814 -7.010967 0.000422 0.082372 0.014423 0.107149 0.006361 -0.14419 0.008439 -0.001222 -0.001604 -0.060466 0.002273 -0.177406 -0.024226 -0.070552 -0.00763 -0.000495 -0.000305 -0.032828 -4.6e-05 -0.000178 3e-06 -0.01195 0.000271 -0.001117 -0.001756 -0.018655
55.164948 339.210178 120.466135 1535.569054 318.278289 2736.246186 419.231489 3137.94196 430.782599 3059.281374 360.495531 2981.454573 -83.076354 321.621212 -126.58023 1594.088922 -71.661086 2993.892833 -71.650187 3587.802293 -44.999251 3355.900971 -36.232226 3168.504119 754.241142 -6.861088 0.035593 -0.001385 0.039002 -0.017226 0.010346 -0.013306 0.010688 0.011147 0.006404 -0.002546 0.003854 -0.032081 0.015365 -0.000887 0.044556 -0.005135 0.029062 -0.022261 0.040412 -0.000871 0.018388 -0.006227 0.022021 -0.021164 -0.003089 0.00081
]