11-07-20_Kanksha_4KDepth.lion_below_blue_bed.0000000003 [ 38.454311 228.404183 86.77437 1102.771506 215.947073 2261.644941 293.886712 2574.292414 295.958699 2625.157692 245.69785 2565.849761 -43.684538 217.04711 -81.018783 1207.269617 -126.327875 2628.566363 -166.48815 3048.748017 -138.190992 3097.908919 -114.457015 2972.876487 838.618854 -19.559119 0.0 0.0 0.0 0.0 0.0 0.0 0.0 0.0 0.0 0.0 0.0 0.0 0.0 0.0 0.0 0.0 0.0 0.0 0.0 0.0 0.0 0.0 0.0 0.0 0.0 0.0
38.551952 222.61696 88.065167 1090.808861 219.133876 2253.984403 297.947213 2584.032242 299.075069 2638.382514 248.790485 2577.305993 -47.679415 208.006447 -82.686633 1186.648743 -131.002505 2647.369838 -176.119942 3062.018972 -148.817916 3100.088253 -123.125662 2975.635633 869.830082 -18.604112 6.2e-05 -0.037131 0.004765 -0.032619 0.011671 -0.006498 0.013929 0.009195 0.008161 0.016614 0.009671 0.012759 -0.08738 -0.096156 -0.008496 -0.088814 -0.042463 0.033508 -0.135417 0.014411 -0.196806 0.000383 -0.158199 0.00064 0.285119 0.011951
39.406652 223.909505 90.802419 1082.941469 221.339774 2252.292218 298.535179 2590.358613 297.999481 2642.854655 248.672792 2578.086447 -49.241071 198.887502 -82.76356 1144.86489 -128.580961 2607.876905 -173.334491 3041.113834 -145.404894 3101.732884 -120.016072 2975.238 859.72436 -18.356949 0.004685 0.001871 0.020946 -0.014237 0.005524 -0.000318 0.00029 0.003867 -0.000969 0.001894 -1.4e-05 5.9e-05 -0.012582 -0.102196 -1.8e-05 -0.374441 0.011295 -0.148396 0.011101 -0.035803 0.019796 0.000218 0.019885 -1.3e-05 -0.029524 0.000826
34.584403 221.514324 85.70696 1074.587053 220.515494 2218.367757 298.387103 2547.90778 299.696133 2603.216112 250.308691 2540.638653 -52.237507 197.71686 -87.869392 1165.526152 -135.069977 2644.661308 -180.453668 3080.003634 -151.169047 3136.90098 -125.557227 3009.259137 876.563564 -24.863406 -0.157308 -0.00644 -0.073563 -0.016175 -0.000769 -0.128715 -1.8e-05 -0.175361 0.002408 -0.149754 0.002682 -0.136983 -0.044249 -0.001728 -0.076408 0.092386 -0.079866 0.128805 -0.071636 0.123542 -0.056021 0.099125 -0.062524 0.096704 0.081659 -0.492553
35.865946 228.010699 88.937775 1075.189718 225.239782 2184.507663 304.363518 2495.749911 307.027839 2554.907094 257.035866 2500.000894 -49.850464 209.710211 -84.826231 1188.997998 -131.288918 2692.277738 -176.536974 3136.089148 -146.591928 3192.017272 -121.069672 3062.196421 877.920616 -35.424538 0.011657 0.046944 0.029887 8.4e-05 0.025036 -0.130202 0.02963 -0.269697 0.0443 -0.226227 0.044602 -0.163814 0.027911 0.176561 0.026815 0.116996 0.026838 0.212422 0.021486 0.253025 0.035181 0.239999 0.040831 0.230786 0.000525 -0.932248
36.749301 227.287738 90.873089 1073.959164 224.54079 2191.994617 304.014848 2520.04782 304.668483 2587.478392 254.98638 2526.440725 -49.385601 209.535113 -84.338191 1200.199628 -132.557901 2730.722245 -179.965179 3170.930331 -154.064321 3229.005777 -127.068964 3100.424114 892.038899 -35.486789 0.005373 -0.000574 0.010415 -0.000352 -0.000543 0.006404 -0.0001 0.058853 -0.00455 0.103153 -0.004102 0.069539 0.001089 -3.7e-05 0.000704 0.026259 -0.003052 0.136271 -0.016484 0.096235 -0.092872 0.106538 -0.072534 0.118567 0.056309 -2.7e-05
38.76742 226.177793 92.625934 1071.310921 226.894499 2186.309362 306.555741 2506.121265 307.407702 2564.035526 257.410025 2505.376544 -46.510682 212.235945 -81.694303 1202.114175 -129.333975 2729.351318 -175.113237 3169.979199 -149.304759 3227.154034 -123.527384 3099.411277 885.186184 -38.090364 0.026971 -0.001358 0.008372 -0.001635 0.006136 -0.003691 0.005287 -0.019294 0.006129 -0.053341 0.005732 -0.04409 0.043104 0.008648 0.021052 0.000763 0.019844 -0.000172 0.033151 -7.1e-05 0.037339 -0.000266 0.025027 -8.3e-05 -0.013212 -0.046079
38.615263 220.47186 91.969699 1066.087296 225.355551 2197.142972 304.237292 2522.315788 304.623748 2578.348844 254.357068 2518.791869 -48.433243 207.294155 -82.506949 1187.230704 -129.363937 2667.226524 -175.108425 3105.377186 -149.322894 3157.333402 -123.293182 3031.599249 880.501678 -29.297426 -0.00015 -0.036448 -0.001166 -0.006383 -0.002618 0.013388 -0.0044 0.026078 -0.006332 0.01992 -0.009106 0.017911 -0.019467 -0.029107 -0.002011 -0.046356 -2e-06 -0.357599 0.0 -0.332533 -1e-06 -0.38179 0.000111 -0.375029 -0.006214 0.576126
40.144714 220.909458 94.296408 1072.535273 231.463503 2201.675319 311.991326 2524.141557 313.603154 2579.377981 262.82097 2520.069364 -47.269879 209.476964 -79.967716 1204.673139 -126.418332 2673.392828 -170.677908 3106.913912 -145.813206 3155.178228 -120.456649 3028.698149 887.09606 -28.980954 0.014852 0.000217 0.014532 0.00972 0.040835 0.002335 0.048787 0.00033 0.065214 0.000103 0.069263 0.000162 0.007071 0.005716 0.019843 0.063598 0.016961 0.00356 0.028385 0.00019 0.020869 -0.000368 0.016505 -0.000694 0.012301 0.000859
39.512238 217.276537 94.588696 1067.738076 232.375573 2204.560573 313.340382 2527.755219 314.47901 2583.130318 263.16083 2523.586091 -48.494447 208.289968 -80.031477 1199.555248 -126.170759 2676.736139 -170.629165 3114.059396 -145.96468 3164.326033 -120.551458 3036.704312 888.942595 -29.461419 -0.002511 -0.01506 0.000226 -0.005376 0.000897 0.000945 0.001455 0.001292 0.000611 0.001364 0.00011 0.001226 -0.00783 -0.001686 -1.3e-05 -0.005447 0.000121 0.001045 3e-06 0.004104 -3.9e-05 0.006621 -1.9e-05 0.005284 0.00096 -0.001975
40.480544 218.106982 96.612925 1068.177903 236.714423 2204.012081 318.120505 2526.056359 318.696117 2582.149499 266.903844 2523.367515 -47.680608 206.459654 -78.487524 1196.00961 -123.91994 2678.55711 -167.807728 3119.635875 -142.954709 3172.03636 -117.73001 3043.139605 888.542433 -30.315805 0.005861 0.000792 0.010715 4.5e-05 0.020067 -3.4e-05 0.018093 -0.000286 0.014044 -9.3e-05 0.013216 -5e-06 0.003443 -0.004039 0.007519 -0.002624 0.010129 0.00031 0.011761 0.002494 0.015679 0.004691 0.016705 0.003406 -4.5e-05 -0.006106
41.491972 220.672541 98.828572 1073.576932 241.830846 2203.169328 324.949149 2517.773994 326.760833 2573.481087 274.46976 2518.743109 -47.362498 209.621919 -78.262259 1204.340709 -122.117535 2704.504414 -164.733603 3152.224265 -139.362338 3209.390074 -114.614129 3074.972681 892.916581 -35.069962 0.00624 0.007501 0.012559 0.006805 0.027352 -8.1e-05 0.036257 -0.0068 0.050385 -0.007287 0.052871 -0.002121 0.000532 0.012017 0.000162 0.014458 0.006602 0.062536 0.014209 0.084665 0.022857 0.109326 0.020894 0.082816 0.00537 -0.173065
42.500647 221.896304 101.147012 1074.723439 249.014855 2159.32032 334.611579 2461.005224 338.200206 2504.040144 285.147928 2454.527971 -45.815589 211.730699 -75.048476 1203.890025 -116.642983 2699.02408 -159.127202 3151.228096 -133.127413 3199.648631 -109.033821 3066.625725 895.703485 -42.576298 0.006057 0.001692 0.01344 0.000306 0.052575 -0.220377 0.07078 -0.323653 0.098403 -0.474865 0.101885 -0.414592 0.012842 0.005277 0.033688 -4.2e-05 0.062771 -0.002779 0.04853 -7.9e-05 0.071341 -0.007403 0.069629 -0.005672 0.002171 -0.363684
42.265496 219.364139 102.518266 1057.601324 252.43781 2110.277673 339.17494 2401.989704 344.286382 2455.56488 291.136741 2405.87651 -44.356784 212.756051 -74.003467 1204.428001 -116.359139 2706.159304 -158.633371 3158.215306 -133.104582 3207.883571 -108.947575 3073.788865 905.531571 -50.190489 -0.000326 -0.007265 0.004616 -0.068745 0.011683 -0.281673 0.015453 -0.358109 0.027138 -0.236905 0.031119 -0.243501 0.011801 0.001238 0.003663 6e-05 0.000173 0.00471 0.000384 0.003869 1e-06 0.005292 1.7e-05 0.004178 0.026813 -0.31301
43.297199 219.666691 102.278814 1046.674689 254.991139 2038.302357 342.399329 2303.577343 348.606464 2336.241483 295.448677 2291.569257 -44.328445 213.033046 -72.085045 1198.2505 -111.663893 2683.270944 -151.539946 3136.584847 -126.426776 3208.960573 -102.554057 3065.366625 894.905561 -69.106071 0.00622 0.000104 -0.00014 -0.028369 0.006424 -0.624411 0.007627 -1.029212 0.013468 -1.485899 0.015849 -1.390978 5e-06 9e-05 0.012597 -0.007941 0.048345 -0.048602 0.081121 -0.037164 0.085925 9e-05 0.096657 -0.005777 -0.031357 -1.509167
43.81598 212.133754 99.521638 1018.291989 248.35501 1984.350025 331.185043 2211.825001 339.197773 2231.619944 287.355015 2192.568684 -41.882123 213.597682 -67.32373 1200.357188 -102.039583 2654.975164 -138.19919 3087.74275 -117.007946 3152.224265 -94.879288 3010.223454 854.646855 -79.292753 0.001545 -0.065713 -0.018836 -0.195067 -0.043747 -0.361824 -0.093358 -0.932294 -0.064355 -1.198274 -0.056203 -1.092998 0.034716 0.000374 0.081332 0.000925 0.216829 -0.074992 0.307294 -0.191634 0.182282 -0.253025 0.149226 -0.25025 -0.463255 -0.35004
42.675142 212.030112 102.656998 985.902235 266.252399 1857.091828 356.259658 2066.562885 366.12535 2072.939138 310.613245 2049.94812 -42.176224 208.596925 -66.312847 1183.026299 -98.170406 2575.334655 -132.927636 2974.762372 -113.135693 3021.915096 -91.705232 2890.460721 886.308191 -89.159048 -0.007524 -1.3e-05 0.024313 -0.261742 0.311318 -2.108465 0.457452 -2.46672 0.514203 -2.925754 0.452491 -2.397913 -0.000514 -0.029617 0.003823 -0.063012 0.037391 -0.606367 0.051253 -1.052838 0.032578 -1.375282 0.026999 -1.215502 0.287923 -0.289185
45.940662 213.019127 112.041807 956.888941 287.497902 1749.721498 384.926209 1951.232274 397.262362 1951.470822 338.433067 1929.055006 -39.396026 213.559441 -61.290465 1186.946482 -91.3796 2583.309357 -124.802987 2998.886093 -107.823667 3053.942923 -86.303727 2918.460765 919.014934 -122.92237 0.060188 0.001151 0.20521 -0.216652 0.407709 -1.598495 0.55457 -1.655621 0.635272 -1.83355 0.596489 -1.836958 0.047392 0.029169 0.098877 0.003242 0.121683 0.006164 0.128092 0.04871 0.063862 0.084415 0.081971 0.067483 0.296296 -2.704805
46.192697 208.317582 111.124451 899.121952 287.061673 1535.986937 381.515828 1698.407201 391.638899 1671.134 335.059193 1665.66975 -38.792809 214.04794 -60.561384 1182.427537 -91.563217 2580.187814 -125.950451 2991.943838 -107.320637 3046.559501 -86.123583 2906.384406 908.988491 -204.95191 0.000345 -0.026232 -0.001885 -0.899196 -0.000166 -6.959061 -0.007587 -8.767632 -0.020043 -10.86328 -0.008451 -9.662096 0.002327 0.000279 0.002181 -0.004309 -9.2e-05 -0.000944 -0.002625 -0.004022 0.000588 -0.004468 9.4e-05 -0.012519 -0.027497 -10.427122
43.488648 207.32814 105.054602 846.394689 268.95327 1309.483589 357.611422 1434.808188 368.112737 1387.085422 314.957591 1386.679656 -38.781264 211.213061 -56.781864 1166.621588 -88.673498 2579.789693 -122.090135 2985.622535 -105.630881 3043.642372 -83.968674 2903.300739 868.124513 -321.327855 -0.040775 -0.001178 -0.085231 -0.796555 -0.294957 -9.029314 -0.386652 -11.10805 -0.364338 -13.219843 -0.310893 -12.776834 1e-06 -0.009449 0.060883 -0.053177 0.023167 -1.5e-05 0.030041 -0.003342 0.006704 -0.000699 0.013651 -0.000818 -0.469887 -13.028335
43.226631 187.345219 100.752117 773.36319 262.818458 1122.739714 344.886295 1221.907716 357.081176 1172.183621 308.353154 1182.121553 -37.422042 212.873872 -52.122677 1166.213233 -82.446702 2518.951613 -113.926637 2941.315232 -99.168867 2971.719639 -78.295904 2818.261744 832.60804 -411.12891 -0.000396 -0.506208 -0.044978 -1.647256 -0.035388 -7.179608 -0.115262 -8.544311 -0.08391 -9.038612 -0.03499 -8.157611 0.012123 0.003252 0.099711 -3.6e-05 0.113329 -0.362972 0.141224 -0.165614 0.101973 -0.429988 0.09919 -0.631998 -0.370886 -5.525762
43.3307 188.398958 98.883212 795.51151 247.009468 939.670532 304.497052 976.921837 301.607699 893.358168 264.672939 902.155174 -36.184166 226.646588 -49.050071 1208.36833 -76.698067 2537.143385 -104.998221 2977.51979 -93.397486 3020.213478 -73.599869 2848.551791 730.680034 -628.373095 6.3e-05 0.001478 -0.008748 0.156345 -0.245165 -8.141106 -1.257248 -13.690353 -2.34009 -18.905708 -1.667237 -18.888555 0.01041 0.215842 0.046668 0.374212 0.10386 0.032727 0.18214 0.11073 0.086506 0.196238 0.072609 0.080953 -3.326445 -22.954228
50.106197 195.00887 132.129341 862.489824 241.530529 735.727683 259.440503 720.413029 238.887198 581.147173 218.100028 606.21335 -39.223934 229.895012 -45.529066 1227.358456 -68.833868 2542.116411 -91.752271 3040.696074 -80.90621 3092.701928 -63.754543 2895.460017 597.839863 -992.569569 0.245984 0.056981 2.404822 1.353415 -0.030724 -12.459102 -1.802808 -19.494326 -3.651463 -33.432721 -2.251686 -29.316787 -0.061293 0.011557 0.065563 0.074029 0.212637 0.002435 0.446389 0.331606 0.448163 0.429808 0.353302 0.19154 -6.658102 -41.443994
49.828372 188.038828 138.520999 883.057657 232.153472 557.686507 193.532999 496.165969 173.588524 369.126426 160.599478 409.571463 -40.618512 219.003486 -43.312104 1201.815779 -64.100339 2430.899652 -82.916491 2917.328076 -74.199724 2943.048803 -59.3156 2760.11666 474.770367 -1227.606125 -0.000386 -0.06342 0.075483 0.12118 -0.092823 -12.312474 -4.820409 -20.84587 -5.201485 -23.954477 -4.390806 -19.21532 -0.01218 -0.132149 0.027666 -0.134294 0.084303 -1.243784 0.223626 -1.277378 0.145056 -1.855569 0.080079 -1.61968 -7.083785 -12.476002
54.347275 181.363994 187.141479 812.152815 170.827606 375.813161 137.013634 299.925249 117.421915 217.555579 111.538588 264.233849 -38.176345 217.565865 -43.613104 1250.620014 -63.916459 2612.866033 -82.270848 3194.804182 -72.36958 3223.783113 -56.952667 3015.01266 374.158246 -1766.403467 0.098056 -0.06031 3.649903 -1.483502 -4.693635 -17.888552 -4.867899 -24.56623 -5.471672 -19.917457 -4.458862 -15.861107 0.037855 -0.002367 -0.000521 0.485658 0.000132 3.283513 0.001262 6.301622 0.011427 6.393285 0.024014 5.627895 -5.983187 -48.879567
54.658778 181.382376 206.277529 618.094314 100.044756 204.276562 70.603351 147.75524 57.195377 111.518382 57.05275 149.662209 -37.92383 218.818378 -44.572005 1251.01527 -63.610895 2698.102304 -84.855109 3300.884256 -74.337901 3382.784707 -58.111204 3171.103859 261.944692 -2265.901398 0.000445 0.0 0.465668 -13.226258 -9.411802 -25.942376 -10.907843 -26.65542 -10.714996 -17.552237 -9.047198 -16.173433 0.000419 0.001797 -0.005214 3.1e-05 0.000366 0.684027 -0.019981 0.866246 -0.013205 1.913639 -0.005833 1.969599 -9.975901 -31.057017
52.802507 178.994973 223.647273 452.504479 72.49366 102.219688 42.475782 56.56249 33.016459 44.565081 34.858002 74.61047 -40.072124 220.907774 -48.059432 1229.706472 -64.361687 2669.61058 -87.125076 3242.636868 -74.890501 3330.848388 -58.600404 3130.428277 207.357836 -2604.856452 -0.016034 -0.007908 0.351028 -12.883433 -2.213896 -17.490461 -3.554112 -21.48005 -3.300644 -15.089481 -2.72006 -12.930608 -0.029592 0.004964 -0.065671 -0.09152 -0.002202 -0.075617 -0.014981 -0.259251 -0.001023 -0.200891 -0.001025 -0.131279 -3.185442 -11.80822
53.011824 168.201046 213.727324 353.314595 35.963606 41.04356 11.284015 12.508234 9.583201 8.70159 11.513422 25.206729 -41.165998 230.075344 -50.733682 1269.120368 -65.979279 2670.226857 -84.521993 3229.351938 -70.861315 3301.006511 -55.334855 3092.302184 132.562773 -2970.744942 0.000207 -0.167826 -0.11251 -6.128042 -6.337074 -13.718509 -9.974075 -15.873097 -7.024199 -13.882051 -6.304735 -13.083448 -0.007365 0.093189 -0.036202 0.310856 -0.010038 3.6e-05 0.019739 -0.013635 0.055702 -0.067141 0.046807 -0.116799 -8.330924 -12.018329
55.413938 156.332563 217.846853 281.276758 29.727761 19.278994 8.079116 1.329391 6.420562 1.490203 8.154888 12.355156 -38.947436 238.769201 -46.386499 1289.277143 -60.33644 2676.221173 -77.8676 3213.231195 -65.877501 3279.591015 -51.484068 3080.990467 113.430561 -3141.263368 0.026612 -0.217093 0.019662 -4.102071 -0.296643 -4.063206 -0.267072 -5.682054 -0.31561 -2.989811 -0.288871 -2.266952 0.030725 0.080613 0.097341 0.079406 0.126103 0.00336 0.136399 -0.020169 0.090854 -0.034847 0.069432 -0.010364 -0.745136 -2.379103
49.341462 137.754603 209.326886 176.273432 22.91438 4.580699 4.690355 -0.905055 3.880403 -0.098323 5.335806 3.277403 -39.732999 240.967833 -50.225333 1295.82244 -68.892679 2721.904442 -87.535926 3242.095186 -75.762793 3323.178872 -60.201925 3131.57225 113.93548 -3359.429386 -0.176153 -0.587386 -0.084974 -12.21158 -0.442784 -5.064878 -0.457863 -4.42823 -0.318106 -2.354089 -0.297832 -2.905764 -0.003922 0.005038 -0.076297 0.008286 -0.283565 0.193308 -0.282813 0.064531 -0.345376 0.143873 -0.340764 0.205918 0.000561 -3.661904
41.420015 126.855661 185.219997 117.681058 24.182504 -0.629404 6.600644 -15.950107 5.457362 -9.281657 6.915919 -0.764841 -40.684941 221.578822 -52.458221 1206.626032 -72.595092 2612.82216 -91.708714 3134.330318 -79.361607 3194.192399 -63.077873 3002.44107 126.44132 -3547.842448 -0.346343 -0.224552 -0.737156 -5.898635 0.017076 -8.606047 0.162771 -9.256288 0.134121 -7.469377 0.102321 -7.208753 -0.005634 -0.406553 -0.02428 -1.590148 -0.04845 -1.115351 -0.048578 -0.910706 -0.041751 -1.276522 -0.033551 -1.359364 0.325535 -2.570196
34.757674 113.162829 162.44343 52.400863 12.069008 -22.323149 0.743464 -60.665911 0.359387 -44.531684 1.097496 -20.625424 -46.323152 215.540235 -54.432422 1203.366644 -68.386811 2609.385657 -83.461655 3132.042574 -70.653844 3189.748963 -56.413358 2992.393123 81.091335 -3988.057514 -0.291896 -0.3909 -0.746886 -13.026657 -2.083759 -15.455814 -2.913603 -14.402586 -3.015818 -13.152411 -2.503355 -13.44667 -0.182873 -0.041712 -0.018233 -0.002204 0.062822 -0.001131 0.194244 -0.000418 0.252938 -0.001546 0.185998 -0.008421 -5.01554 -12.868729
24.486618 97.981515 130.971603 13.039697 3.8863 -76.04256 -0.343089 -141.754207 -1.081438 -108.504564 -0.304107 -69.322549 -54.361469 208.917289 -65.628251 1206.385457 -75.942615 2595.058898 -92.473808 3079.59545 -78.674832 3152.806245 -63.994204 2963.42099 61.308292 -4431.086631 -0.897128 -0.546477 -1.692724 -13.160875 -2.258041 -15.964024 -2.096651 -16.951543 -2.687668 -14.01264 -2.557036 -14.322396 -0.321389 -0.051673 -0.523153 0.001891 -0.197913 -0.019719 -0.230972 -0.221419 -0.215574 -0.107589 -0.238882 -0.070468 -1.380887 -11.664538
16.145208 100.059125 121.166624 0.365663 1.712517 -114.814553 -2.001953 -181.534327 -3.514914 -140.629195 -1.54269 -97.927625 -57.463857 213.72593 -67.81692 1203.151824 -73.599306 2494.88288 -87.283932 2918.037672 -75.221814 2986.828994 -62.269281 2827.058251 46.216074 -4423.660884 -0.865431 0.010898 -0.190717 -9.038146 -0.439222 -3.979693 -0.687517 -2.456774 -0.697038 -2.079842 -0.476916 -2.464342 -0.043043 0.027356 -0.01795 -0.00217 0.018361 -0.985886 0.074935 -2.17633 0.038743 -2.243902 0.011783 -1.605858 -1.064447 0.003114
15.806912 113.902463 117.282639 -0.724702 2.139102 -141.571565 -1.736343 -204.661846 -2.698134 -166.626883 -0.951644 -125.3115 -55.559701 219.864354 -67.821681 1216.840631 -71.733863 2594.43557 -84.654875 3061.218538 -73.169177 3112.760998 -61.627791 2936.909244 47.766049 -4719.762363 -0.001791 0.448302 -0.031634 -2.119923 0.023696 -1.400032 0.009448 -0.693123 0.053922 -1.10184 0.071037 -1.685903 0.016041 0.043454 -0.0 0.038716 0.011973 0.973773 0.020101 1.714569 0.014197 1.300133 0.001661 1.046878 0.012782 -4.795747
17.838571 123.82083 124.623265 -1.743104 4.384564 -154.574077 -0.203136 -224.327957 -0.938317 -182.78853 -0.087223 -138.965977 -50.155996 230.242361 -65.900821 1223.765678 -72.3889 2514.46934 -85.647706 2957.653395 -74.711878 2997.833195 -63.80262 2822.735236 58.904634 -4661.120995 0.061396 0.206999 0.111401 -0.219935 0.398626 -0.285581 0.751684 -0.451012 0.454184 -0.373966 0.462655 -0.35298 0.138197 0.119658 0.013797 0.009825 -0.001489 -0.625867 -0.002894 -0.891075 -0.008047 -1.080874 -0.018856 -1.131753 0.583141 0.18329
18.603289 123.285836 128.251209 -2.061877 8.352874 -155.963098 0.244664 -226.617874 -8.6e-05 -186.488189 0.374204 -143.558537 -51.487447 216.826756 -71.774053 1206.462886 -80.61546 2555.801366 -96.098986 3015.266637 -84.232907 3063.566048 -71.545031 2887.75097 84.062972 -4761.76702 0.008025 -0.000579 0.026026 -0.013377 0.633933 -0.003107 0.893671 -0.005814 0.920459 -0.018533 0.822753 -0.03733 -0.008721 -0.201332 -0.125334 -0.061597 -0.221318 0.168469 -0.300747 0.277868 -0.285418 0.35643 -0.221629 0.370125 2.230992 -0.537516
16.541101 125.037885 126.502318 -1.35703 12.024508 -142.977016 1.554743 -210.743861 0.385807 -172.499795 1.423716 -131.917786 -53.853145 199.297837 -72.103518 1164.183715 -82.179668 2551.931634 -97.414345 3045.328538 -85.151365 3072.056844 -72.179963 2882.722814 97.000511 -4700.481332 -0.060554 0.006181 -0.006003 0.073445 0.33351 0.282194 0.565893 0.288168 0.3974 0.272641 0.338111 0.24606 -0.026567 -0.36936 -0.000377 -0.377043 -0.007515 -0.001466 -0.00447 0.074557 -0.00249 0.005875 -0.001402 -0.002191 0.462805 0.198472
17.408148 123.134128 119.846618 -0.571417 14.435778 -129.986553 4.020905 -196.714035 1.850668 -158.614153 3.461147 -120.835716 -51.028747 196.810979 -72.51929 1126.186511 -85.27731 2466.366336 -100.27967 2951.372974 -87.758352 2949.120324 -74.233922 2757.404562 115.09718 -4475.611991 0.011074 -0.007302 -0.089926 0.167277 0.110096 0.309286 0.575058 0.241613 0.546503 0.291283 0.445183 0.243066 0.038036 -0.007807 -0.000598 -0.315208 -0.028653 -0.729525 -0.020766 -0.736087 -0.019654 -1.25515 -0.014408 -1.392398 0.773435 2.755738
20.316642 118.622957 128.467033 -0.037777 17.337542 -130.249064 6.522061 -187.787539 4.059074 -161.289935 6.168833 -117.524084 -46.896879 200.717621 -65.135162 1125.62151 -80.419708 2328.211349 -94.312615 2765.406312 -86.396889 2763.216401 -72.155709 2593.643539 127.909476 -4259.690207 0.112286 -0.042093 0.149678 0.315349 0.132782 -0.000132 0.300976 0.103632 0.428137 -0.011191 0.3885 0.023006 0.087209 0.019196 0.198194 -7.1e-05 0.071218 -1.99087 0.09151 -3.025546 0.005322 -3.025857 0.014752 -2.506421 0.337993 2.669017
21.378815 114.9993 132.147087 1.306046 20.363578 -70.174989 7.088006 -115.581054 4.6854 -89.91221 6.78036 -62.221832 -47.30849 194.670749 -67.097094 1133.563891 -84.940399 2408.53713 -100.331844 2860.767658 -91.625168 2875.35675 -76.374923 2702.63498 137.749706 -3982.185239 0.013531 -0.028105 0.025984 1.788065 0.121637 9.214988 0.011772 8.718416 0.022459 10.354189 0.014448 8.718856 -0.000899 -0.046242 -0.014555 0.013961 -0.061806 0.681131 -0.093092 0.808226 -0.07679 1.115238 -0.059938 1.121579 0.182308 4.673138
25.284835 112.858684 147.829005 5.124747 21.56115 -34.164807 6.779956 -61.183769 4.578263 -41.640459 6.702948 -24.447111 -47.537199 196.760059 -69.150128 1167.092323 -86.23126 2542.495084 -100.070394 3034.216744 -91.402165 3065.274554 -77.474516 2881.353597 136.89317 -3821.448258 0.163766 -0.010055 0.43953 1.256566 0.017108 6.410945 -0.003422 8.578206 -0.00062 9.176434 -0.000222 8.66525 -0.000276 0.005576 -0.015469 0.244325 -0.004867 1.812553 0.000171 2.552263 0.000136 3.036545 -0.00393 2.860726 -0.001336 1.655582
25.641668 112.349778 157.885787 17.034874 23.065678 -18.103222 7.211522 -42.098125 4.948767 -24.241954 6.805277 -10.677724 -49.220369 198.06441 -74.047775 1191.811692 -92.565883 2705.127186 -108.307216 3215.780939 -98.138872 3265.379643 -83.248117 3081.031823 147.16332 -3852.326433 0.00125 -0.000575 0.165459 3.47279 0.025369 2.528986 0.006657 1.778752 0.007207 2.33885 0.000388 2.811401 -0.014641 0.002155 -0.083779 0.129523 -0.11225 2.520718 -0.162858 2.637802 -0.119757 3.163342 -0.103735 3.344515 0.185721 -0.062125
25.187282 129.955227 170.826749 24.638396 28.437397 -5.615713 10.486526 -16.735481 7.462732 -7.448979 9.946836 -1.440414 -51.562448 211.670252 -74.737538 1232.107153 -95.116315 2753.154545 -114.107516 3265.143611 -102.441876 3323.21117 -84.999078 3139.158437 165.203658 -3645.3316 -0.002031 0.640437 0.254833 0.699524 0.280898 3.553371 0.305657 5.747549 0.25727 4.815085 0.297208 4.274582 -0.027217 0.225963 -0.001599 0.334961 -0.01733 0.2113 -0.075645 0.187991 -0.046161 0.253814 -0.009111 0.271598 0.521383 2.857894
28.826626 131.746557 186.349841 47.128603 35.099124 -0.522076 15.019823 -8.406448 10.817849 -2.004045 13.375707 0.13963 -46.628315 216.03108 -74.082247 1221.604998 -99.719923 2776.710905 -120.615274 3287.053582 -108.032097 3381.10079 -89.555933 3198.998964 187.221722 -3547.736295 0.122745 0.006131 0.33748 3.615016 0.350202 2.713272 0.406089 1.419707 0.310527 1.725647 0.253433 2.476981 0.12405 0.022232 0.001443 -0.022475 -0.054395 0.050173 -0.090232 0.036633 -0.074252 0.249934 -0.05949 0.282493 0.688471 0.662115
34.106407 138.02407 208.077288 63.620641 41.384539 -0.151616 19.00011 -8.560243 13.789068 -2.068121 16.136109 0.325555 -44.685648 223.907007 -72.473158 1240.41986 -106.943443 2906.751702 -135.587937 3453.943486 -117.715071 3570.152917 -94.709195 3388.354184 212.081583 -3744.075705 0.221865 0.073048 0.598895 1.234826 0.258705 0.111002 0.233646 -0.000697 0.180042 -0.000504 0.129381 0.038771 0.020667 0.070504 0.008834 0.071893 -0.126281 1.487898 -0.43788 2.066201 -0.207762 2.571286 -0.072074 2.722096 0.774615 -2.643798
35.907651 139.344466 215.811505 83.259103 45.642271 0.235315 21.753432 -4.116896 15.529222 -0.571439 18.099875 1.790074 -43.555889 222.972386 -72.487976 1237.640541 -108.319188 2872.659839 -140.947273 3412.599322 -122.414974 3522.697941 -97.935618 3350.906821 225.145328 -3613.00248 0.023174 0.003143 0.070565 1.318795 0.104216 0.764701 0.093114 0.804207 0.051688 0.465343 0.056367 0.588845 0.007232 -0.000977 -1e-06 -0.001559 -0.004396 -0.100552 -0.051938 -0.12447 -0.045998 -0.158751 -0.02702 -0.104041 0.195207 1.167689
36.803738 141.327883 230.195153 104.004676 50.865845 0.30064 25.606729 -5.617465 18.236915 -1.261676 20.569212 1.244462 -43.616135 224.988663 -75.827918 1238.531883 -115.211544 2899.334121 -150.883739 3443.500249 -131.18745 3588.807379 -104.760892 3415.345742 247.24981 -3724.648587 0.005522 0.007008 0.231996 1.152672 0.141469 0.003996 0.157015 -0.116353 0.10874 -0.134915 0.078924 -0.049454 -2.1e-05 0.004538 -0.037611 0.00016 -0.106285 0.061636 -0.169211 0.069637 -0.151772 0.307287 -0.114944 0.306851 0.517444 -0.849425
36.375341 140.776078 226.618771 131.004347 56.760487 0.94075 32.154771 -4.782194 23.0694 -1.33219 24.745911 1.328889 -43.987894 216.037388 -79.162558 1203.166503 -119.04699 2854.318739 -154.63585 3391.665301 -132.721348 3539.58718 -106.938758 3371.487832 266.457848 -3678.256931 -0.001254 -0.00054 -0.014 1.556118 0.161545 0.17776 0.372354 0.033597 0.283654 -0.000959 0.192894 0.001385 -0.000789 -0.090849 -0.035877 -0.256128 -0.0314 -0.176098 -0.023041 -0.19655 -0.004458 -0.16993 -0.011203 -0.141711 0.359229 0.145362
38.653126 147.301748 228.136631 209.322746 72.607078 2.793291 47.826253 -3.892412 37.62768 -1.065942 37.601213 1.492802 -43.956867 222.180784 -79.082341 1205.413877 -122.45415 2864.416237 -160.768722 3415.539767 -137.111398 3562.700615 -109.26541 3389.158476 318.393994 -3687.016441 0.034584 0.073921 0.002533 9.13416 0.974215 0.49195 1.550361 0.045755 1.771771 0.014826 1.339706 0.004765 5e-06 0.043064 2e-05 0.001048 -0.024036 0.008915 -0.059631 0.041867 -0.035714 0.03761 -0.012519 0.023093 2.310587 -0.005209
40.912191 158.680745 223.702186 270.190156 76.418477 6.69636 55.193993 -3.139302 44.189697 -0.567315 41.491205 2.322853 -42.004453 211.031708 -77.653311 1146.787279 -122.002953 2639.43183 -159.425164 3155.456457 -137.479947 3257.759723 -109.741687 3096.726333 337.556748 -3344.307857 0.032077 0.211657 -0.021761 3.878818 0.048747 0.839823 0.263799 0.040446 0.263572 0.077976 0.095718 0.091378 0.022175 -0.143489 0.006515 -0.730722 0.000416 -4.60034 0.002819 -5.149131 -0.000247 -6.820322 -0.000518 -6.595867 0.279967 8.356819
41.557191 166.637539 216.63485 417.991003 91.536926 14.975412 70.79841 -0.942525 62.158611 -0.383069 57.238569 3.267979 -43.415764 212.585596 -78.295798 1107.719682 -124.148892 2503.369989 -165.463854 3037.620126 -140.830184 3115.975561 -112.760114 2961.83551 390.112377 -3185.456638 0.002522 0.09732 -0.056718 16.058985 0.681825 1.643716 0.970054 0.641553 1.529031 0.01803 1.26394 0.080466 -0.01166 0.00285 -0.001323 -0.33852 -0.009354 -1.800192 -0.056125 -1.121144 -0.020165 -1.577194 -0.020475 -1.501824 1.900387 1.932493
41.98711 170.373262 201.443742 471.085101 102.944904 30.359207 86.022442 0.271222 74.846715 -0.091899 68.036311 5.917179 -42.902332 207.814103 -76.700311 1037.897575 -121.526304 2309.312156 -161.632877 2801.423102 -138.865868 2850.052565 -111.917236 2708.762639 417.611128 -2882.512242 0.001106 0.020706 -0.27608 1.58676 0.334875 2.689965 0.740717 2.224951 0.58879 0.099715 0.466209 0.390337 0.001527 -0.027079 0.008212 -1.136367 0.013998 -3.914009 0.022435 -4.779197 0.006898 -5.929422 0.001581 -5.650004 0.46823 7.566994
42.783145 171.591605 187.716852 579.419881 100.609298 67.268819 83.408734 10.791067 73.175499 3.861815 66.845302 20.510566 -41.333136 188.059916 -72.803205 939.426445 -121.708119 2119.500077 -163.149331 2570.753514 -142.624869 2614.548727 -115.211224 2486.286841 420.120176 -2417.443832 0.003738 0.00217 -0.24217 5.601019 -0.0134 7.245993 -0.020161 7.640726 -0.009435 5.145182 -0.005258 4.394617 0.014617 -0.493176 0.050802 -2.453463 -6.8e-05 -4.069396 -0.00354 -4.95451 -0.0251 -5.077025 -0.023887 -4.765902 0.003757 20.444187
43.935174 171.604957 170.47644 647.748928 102.799994 114.480802 88.078088 43.102064 79.780045 22.832082 71.845675 47.973647 -37.841616 177.30735 -60.83332 826.815417 -116.338372 1601.209535 -157.244591 1934.635678 -141.605219 1886.873522 -113.091191 1799.030371 433.962505 -1494.585136 0.007653 0.0 -0.415145 1.903765 0.011797 6.23907 0.063582 10.759976 0.142657 7.913771 0.090171 5.747727 0.077024 -0.158255 0.537154 -3.59355 0.060572 -36.275472 0.054416 -45.132936 0.001829 -59.205341 0.009844 -55.468261 0.11218 110.410566
45.487972 159.102993 141.094641 844.258105 103.877185 280.463034 82.154545 188.392495 74.823873 119.68061 68.511623 157.59705 -35.82373 180.219223 -60.176168 897.479846 -112.59909 1344.799452 -135.693453 1571.659255 -127.473833 1418.843773 -109.952025 1363.56919 397.623955 -714.368845 0.013483 -0.236394 -1.388476 12.997523 0.002807 36.571778 -0.103091 51.271305 -0.079461 37.964952 -0.039604 31.668365 0.027643 0.011858 0.001784 1.44858 0.030539 -11.179721 0.793823 -18.838514 0.371329 -33.299995 0.022092 -30.122978 -0.794338 142.377046
44.329675 151.397047 115.642772 837.139389 87.366032 419.649829 66.027171 352.932765 59.917425 245.461065 56.089968 277.057691 -38.529861 169.407965 -71.064517 902.250061 -79.507271 1041.131676 -71.928656 1142.247607 -66.011625 938.940556 -61.144776 912.115701 251.710553 -224.248823 -0.007469 -0.095637 -1.264711 -0.01507 -0.714086 13.97508 -0.880227 25.612611 -0.82709 22.347685 -0.62071 16.738602 -0.049262 -0.167194 -0.452454 0.006322 2.871625 -19.403454 10.034177 -34.187456 10.021512 -49.356326 7.109095 -45.229451 -16.606618 138.126887
46.310495 149.433771 113.910478 855.807582 75.243786 555.058549 47.311401 525.450888 53.058878 380.403991 53.56685 407.325819 -36.628103 162.457485 -80.856304 911.721514 -40.150568 707.476303 -24.465946 680.127404 -23.963171 507.827534 -23.167212 527.182321 148.337095 -9.187452 0.021647 -0.006406 -0.006536 0.102931 -0.452475 9.451469 -1.555962 17.108239 -0.208376 14.720658 -0.029031 12.51224 0.024064 -0.072792 -0.315885 0.024727 6.657625 -32.127872 12.494599 -59.566003 10.429894 -65.725198 9.037716 -52.429214 -13.58672 142.655765
44.800153 152.452625 113.224722 813.87699 42.927908 676.689442 21.498867 717.164427 19.759442 545.638179 21.443739 555.318228 -37.979386 163.413162 -88.698252 914.316612 -31.100214 585.589437 -14.321234 545.165735 -14.54189 377.569125 -14.769203 404.34926 68.203523 15.427309 -0.012519 0.015095 -0.001035 -0.526582 -4.50449 6.020028 -5.024956 14.878071 -8.059882 14.860649 -7.226415 11.443854 -0.012238 0.001401 -0.181443 0.001844 0.57713 -5.757463 1.350164 -7.455455 1.17037 -9.634139 0.941212 -8.133982 -15.372902 48.425486
44.439671 166.866753 109.389432 851.362959 22.28889 720.5399 5.780211 749.545355 5.184099 593.68614 7.528267 600.833414 -37.551632 171.544059 -90.832694 915.464319 -20.98227 561.529765 -6.675785 506.495291 -6.880743 363.457809 -8.327621 394.501023 24.009791 28.101725 -0.000728 0.325494 -0.03304 0.421974 -3.351932 0.688268 -4.983967 0.357485 -4.701515 1.013598 -3.560655 0.896265 0.001211 0.098701 -0.012689 0.00036 0.992247 -0.252341 1.441408 -0.711213 1.416733 -0.134373 0.916443 -0.060707 -11.279951 1.886076
40.423604 168.342771 103.303839 849.412575 11.558892 662.553154 1.213801 659.119099 1.072753 517.742013 2.124429 541.423091 -39.718498 161.313326 -94.080524 845.02117 -13.065624 445.99863 -2.704903 380.007441 -2.891517 278.792047 -3.712675 318.16016 7.486703 36.685771 -0.095081 0.00325 -0.087079 -0.001118 -1.745765 -1.216094 -1.696456 -2.905358 -1.540388 -2.597675 -1.654379 -1.546052 -0.030388 -0.157263 -0.028525 -1.409902 0.933157 -6.645773 0.881899 -9.07016 0.851322 -5.605068 0.91955 -4.100646 -4.682007 0.571191
40.331946 162.825622 82.957854 844.620799 0.017869 541.322267 -6.836473 497.301386 -5.256317 376.10914 -2.55554 408.915635 -38.407125 160.468677 -92.681529 829.150876 -4.579054 409.122733 -0.005267 335.183365 0.009641 259.032445 -0.086191 300.168808 -5.716176 10.883721 -5.2e-05 -0.04596 -1.114565 -0.006777 -10.667812 -6.119561 -13.811564 -11.377531 -11.078272 -11.292366 -9.340039 -9.283218 0.011007 -0.001109 0.00524 -0.075223 2.17494 -0.79548 2.471449 -1.406041 3.23508 -0.363105 2.667498 -0.2618 -26.286504 -7.605623
39.554736 160.881198 75.519822 841.473983 0.915393 499.41133 -2.007802 443.260235 -0.887253 327.438034 -0.256373 360.84497 -36.789348 155.121568 -91.540519 772.406737 -6.342762 414.041004 -0.336595 353.952148 -0.188764 268.324516 -0.608937 305.2167 -0.257527 2.939973 -0.003781 -0.00584 -0.174645 -0.002937 0.677471 -0.844231 1.434475 -1.553785 1.824457 -1.685543 1.19306 -1.502445 0.017404 -0.045302 0.003534 -1.005555 -0.143347 0.014693 -0.257651 0.255634 -0.283723 0.08187 -0.236937 0.021046 3.547126 -2.510367
37.253703 157.900542 62.56548 825.228427 2.173745 440.858354 -0.215341 360.687379 -0.000698 274.073036 0.042144 310.661464 -38.435204 146.895617 -88.761079 693.695377 -2.978803 366.28789 0.106433 302.241541 0.192026 238.429925 -0.000402 276.700146 -0.215887 1.24094 -0.034475 -0.013935 -0.608993 -0.079176 0.267911 -1.824892 0.908057 -4.251741 0.838163 -2.371901 0.506407 -1.877801 -0.018007 -0.112045 0.021425 -2.114433 0.628156 -1.462524 0.821575 -2.040671 0.761566 -0.882543 0.578045 -0.69914 0.001835 -0.360792
37.649913 160.514738 61.592796 865.425421 4.648779 428.651099 0.088013 336.600201 0.009377 247.556756 0.029056 283.063258 -39.456319 145.708574 -91.566411 679.103721 -6.740948 308.197536 -0.339079 234.093365 -0.299265 179.904734 -0.817976 218.139201 0.414588 5.387409 0.001048 0.010731 -0.00381 0.47793 0.464769 -0.085695 0.578694 -0.416159 0.015194 -0.674394 -0.001213 -0.641773 -0.006693 -0.002408 -0.021822 -0.07755 -0.757618 -2.506185 -0.825453 -4.347164 -0.970735 -4.114079 -0.782109 -3.477367 1.228819 1.457101
37.281867 159.321323 65.567859 895.573267 6.957159 510.141261 2.680861 448.327115 4.201769 324.359756 3.028729 355.551467 -39.42409 132.358277 -91.189906 705.359491 -8.699885 304.855989 -0.882364 232.311067 -0.979469 160.012046 -1.590141 197.405205 9.238579 28.733927 -0.000904 -0.002227 0.062146 0.258081 0.231881 3.54349 1.797378 7.99232 3.814162 5.180422 2.464483 4.127352 7e-06 -0.320666 0.000388 0.248987 -0.124767 -0.009107 -0.127476 -0.003405 -0.195921 -0.582581 -0.127155 -0.517594 5.738985 9.237492
39.261534 163.734175 68.6891 940.148569 24.561415 579.547294 14.793379 507.398072 16.727362 358.490583 15.688269 386.825454 -37.413401 131.26645 -91.560708 703.697354 -10.153346 284.045967 -1.33486 206.397737 -1.363871 143.232352 -2.068481 178.818861 27.644024 48.523423 0.025605 0.030141 0.036287 0.541272 5.374537 2.212601 4.879162 1.82726 4.16196 0.853512 4.930698 0.65903 0.026312 -0.002261 -0.000376 -0.00098 -0.05611 -0.367797 -0.046664 -0.765983 -0.031744 -0.464599 -0.031405 -0.459385 4.920657 2.57754
42.409148 151.347033 73.968143 938.821843 35.0838 713.649585 23.041581 700.214922 24.288873 529.551747 23.308606 540.454629 -36.636905 125.121211 -97.130643 731.974867 -13.41146 284.094791 -2.406949 205.483012 -2.787457 137.971556 -3.7283 173.748135 43.53284 126.919646 0.060678 -0.243589 0.097709 -0.000468 0.935496 6.971882 0.910018 15.492696 0.703023 16.631257 0.751788 12.814977 0.004071 -0.073657 -0.082227 0.278509 -0.226323 2e-06 -0.156874 -0.001016 -0.251722 -0.049214 -0.242713 -0.036466 1.796092 18.489883
41.110756 151.589772 77.058409 913.320749 33.061889 770.88777 18.868251 794.965906 19.16023 611.594121 19.128934 615.331515 -37.345146 125.940083 -98.556426 726.890795 -14.294765 280.436683 -2.738839 204.99509 -3.181379 130.346902 -4.043586 165.102011 37.956468 177.248544 -0.010093 9.7e-05 0.031619 -0.175563 -0.030002 1.103855 -0.208305 3.005249 -0.303749 2.953028 -0.20633 2.427976 -0.00339 0.001335 -0.005194 -0.008859 -0.014084 -0.011852 -0.010714 -0.00029 -0.013013 -0.108355 -0.006398 -0.110326 -0.191021 4.192708
39.633198 153.810073 79.792877 892.823077 14.099915 777.523303 3.429439 805.820481 3.405067 636.233498 4.457201 640.881597 -38.212629 128.57819 -101.364251 718.847018 -13.875812 284.587883 -2.545773 206.729007 -2.978937 133.99363 -3.825322 168.209085 12.75377 186.270842 -0.01352 0.008071 0.023837 -0.116316 -3.979871 0.014218 -6.209493 0.036802 -6.410809 0.243286 -5.118704 0.259858 -0.00498 0.013672 -0.019719 -0.022377 0.003116 0.01525 0.003528 0.003651 0.003327 0.025156 0.003028 0.014482 -6.706235 0.111981
41.148217 155.747862 77.905106 895.601451 12.359745 727.136686 0.442063 731.729771 0.246862 580.166766 1.222366 590.968649 -36.235599 130.990635 -100.48062 703.021417 -11.375682 290.007423 -1.486357 214.668757 -1.749098 143.524616 -2.53204 179.517121 3.310169 146.566743 0.014208 0.006065 -0.011299 0.002158 -0.057285 -0.843886 -1.408961 -1.786161 -1.818263 -1.29281 -1.011235 -1.011619 0.026255 0.011211 0.001934 -0.088073 0.124073 0.025559 0.141666 0.074805 0.162752 0.163713 0.132937 0.183917 -3.068996 -2.37663
41.034968 153.132662 68.2467 858.280692 0.833896 678.585182 -2.537999 710.681302 -1.633127 526.226549 -0.543423 556.889394 -35.304306 130.229814 -97.014131 696.443645 -10.633751 294.394976 -1.300595 218.944303 -1.476534 146.035548 -2.199181 181.69526 -0.003945 117.833445 -7.8e-05 -0.011071 -0.319486 -0.397118 -6.772819 -0.838698 -5.098509 -0.153584 -3.149883 -1.315661 -3.395834 -0.506008 0.006062 -0.001108 0.030425 -0.015459 0.012509 0.016471 0.006198 0.02108 0.011536 0.010887 0.011723 0.006567 -3.542671 -1.565911
40.460144 158.644257 63.471304 875.373323 0.007365 653.561219 -5.26969 673.858076 -3.073697 480.337271 -1.396685 505.784583 -36.510742 136.913604 -98.107874 711.870036 -4.901544 308.882047 -0.005224 231.286979 -0.013572 175.613898 -0.291513 212.461513 -2.678783 75.07631 -0.002027 0.048721 -0.086594 0.084263 -0.684525 -0.235054 -0.493465 -0.489762 -0.22587 -1.046591 -0.197706 -1.229546 -0.010134 0.083626 -0.003065 0.084491 1.09621 0.173971 1.140966 0.169213 1.206988 1.362875 0.889332 1.202578 -2.477122 -4.798084
39.172399 162.472451 52.740243 891.859462 1.209208 529.286783 -0.707914 457.4245 -0.103751 343.835297 -0.005982 375.65811 -36.883224 137.613815 -96.465285 691.159215 -5.727582 315.275965 -0.100982 237.569149 -0.082819 178.83807 -0.477023 216.536955 -0.001178 26.726431 -0.010413 0.02282 -0.496518 0.0769 1.027834 -6.546484 2.11471 -20.896709 2.048026 -11.382538 1.219856 -9.658131 -0.000945 0.000893 0.006934 -0.15287 -0.032146 0.032751 -0.06027 0.042089 -0.029339 0.014664 -0.022725 0.019359 2.567617 -12.214308
38.749683 158.430292 51.153791 890.275046 6.509098 602.147592 0.886226 557.131071 1.596626 424.712346 1.911059 447.410198 -36.970696 133.299331 -97.065155 676.920488 -6.544959 308.723782 -0.132804 231.924488 -0.173338 167.050669 -0.665058 204.566311 2.822115 59.039892 -0.001147 -0.025459 -0.012113 -0.000704 2.107297 2.348441 3.178276 4.911274 2.514382 4.267339 2.13088 3.133507 -5.2e-05 -0.034358 -0.00093 -0.074099 -0.02725 -0.034401 -0.002176 -0.033934 -0.016526 -0.200907 -0.015586 -0.170178 2.938604 6.3201
38.653867 157.586051 52.637185 910.543241 8.444459 650.467038 3.048096 623.289624 4.597209 475.997038 4.468534 494.087277 -37.019675 130.005105 -98.708559 679.101702 -7.555079 304.274305 -0.30929 228.315732 -0.362574 164.859396 -0.940351 202.71538 7.541896 80.597265 -5.9e-05 -0.001128 0.010601 0.114063 0.125771 0.932305 0.647194 1.855439 0.775339 1.461212 0.535063 1.157778 -1.6e-05 -0.020608 -0.006898 0.001754 -0.036229 -0.016149 -0.036755 -0.014148 -0.034523 -0.007233 -0.02378 -0.004206 1.137073 1.674063
38.759627 155.458115 57.655639 935.015138 17.170324 681.393155 7.841334 650.498962 9.299079 473.21666 9.394675 490.787717 -37.86505 126.688957 -102.540959 698.721291 -10.966269 301.111758 -1.032044 223.287569 -1.335453 154.036357 -2.179523 191.412613 17.682505 87.280535 7.2e-05 -0.007232 0.114232 0.162254 1.532084 0.359104 1.111672 0.290642 0.819621 -0.004072 0.904749 -0.005527 -0.004772 -0.021421 -0.036494 0.139694 -0.31684 -0.008261 -0.211377 -0.027993 -0.306337 -0.183715 -0.256647 -0.162103 2.128114 0.133084
40.538283 156.795112 69.455637 932.158224 20.999584 779.786961 8.905176 795.590189 9.430371 607.204938 9.892396 614.938284 -38.241042 125.593229 -104.019934 717.758818 -11.173325 300.838973 -1.36674 224.706859 -1.639883 156.035646 -2.606636 192.395359 18.93529 147.625072 0.01995 0.002862 0.548894 -0.002186 0.192564 3.316614 0.033825 7.297169 0.00046 8.340458 0.006423 6.991899 -0.000929 -0.00238 -0.005295 0.127938 -0.000968 -6.2e-05 -0.023464 0.002248 -0.015615 0.006446 -0.019096 0.001258 0.021437 7.883183
38.735956 158.73909 76.552445 926.186483 18.240683 818.511979 6.133591 852.118788 6.117629 670.051782 7.202017 672.97194 -41.254846 127.608663 -111.11578 734.862015 -13.329838 304.84527 -1.764638 228.040221 -2.228776 151.453964 -3.313423 189.299231 15.731478 184.38096 -0.020491 0.005988 0.172574 -0.009595 -0.097106 0.469201 -0.257602 0.96996 -0.357014 1.547112 -0.213038 1.308172 -0.057149 0.008021 -0.117053 0.10069 -0.095081 0.01325 -0.025383 0.012271 -0.045084 -0.034136 -0.042343 -0.012557 -0.148361 2.040867
39.43457 165.085086 80.732168 933.992215 14.395903 843.420775 3.403571 879.421003 3.163957 703.577666 4.171182 707.512926 -40.38708 131.219675 -110.477967 744.0132 -13.175064 312.49372 -1.706166 235.742983 -2.11309 153.733573 -3.178967 192.834783 10.448401 199.546818 0.003122 0.062187 0.055546 0.016377 -0.22726 0.186675 -0.399085 0.215258 -0.482514 0.409191 -0.411279 0.432191 0.004612 0.025191 0.000918 0.028314 0.000452 0.047382 0.000493 0.06397 0.001541 0.008514 0.001392 0.016356 -0.538601 0.299657
39.360194 164.399842 71.036935 939.906429 13.093 837.441042 3.276669 862.25405 3.269272 683.750497 4.071044 691.137434 -39.648546 130.892078 -109.871976 726.672742 -12.645208 315.041163 -1.578407 243.955327 -2.016942 160.710988 -3.013479 199.851226 10.421945 181.479682 -3.5e-05 -0.000713 -0.309989 0.009333 -0.030894 -0.010637 -0.001205 -0.084606 0.000862 -0.141688 -0.000608 -0.095866 0.003408 -0.000205 0.000833 -0.102232 0.005437 0.005171 0.002486 0.070302 0.001119 0.077423 0.002212 0.062689 -1.7e-05 -0.428586
39.71031 161.457346 70.571702 939.332728 13.806204 834.712793 4.156854 860.376715 4.271231 683.607427 4.859591 688.009849 -39.464107 130.793899 -107.941728 736.331657 -12.026513 329.90361 -1.428478 259.541511 -1.801856 169.081048 -2.785835 207.307028 11.621472 172.732417 0.000775 -0.013286 -0.000764 -8.8e-05 0.009457 -0.002226 0.052294 -0.001023 0.066865 -7e-06 0.034881 -0.003546 0.000215 -1.8e-05 0.008553 0.031885 0.007759 0.171272 0.00374 0.2413 0.006062 0.106232 0.00447 0.06827 0.032661 -0.108023
39.082843 165.182974 67.651114 937.903257 8.019017 749.353462 1.043617 728.707351 1.309181 586.071865 1.734537 606.018328 -40.407575 135.14792 -106.389224 751.09445 -11.121285 372.902939 -1.10398 309.812031 -1.440328 216.57511 -2.333211 255.051867 5.495889 90.106229 -0.002498 0.021248 -0.030859 -0.000544 -0.78125 -2.301517 -1.034819 -5.464368 -0.851008 -3.751838 -0.787531 -2.600164 -0.005572 0.035645 0.005623 0.073263 0.017707 1.316632 0.020876 2.223636 0.02022 2.935651 0.02005 2.471759 -1.13358 -13.324985
40.036024 167.297666 65.31674 945.172541 12.03592 661.690124 3.476978 585.575302 4.688781 443.634149 4.852209 479.972091 -40.34531 137.244527 -104.910107 763.564869 -10.513817 391.238892 -1.021721 326.575108 -1.22176 238.632541 -2.085007 278.716216 10.697424 31.526975 0.005742 0.006725 -0.020493 0.014031 0.406401 -2.725745 0.7108 -7.817151 1.042777 -9.899183 0.784562 -7.339625 2.4e-05 0.008069 0.005177 0.051336 0.00853 0.220022 0.001592 0.220816 0.008988 0.534719 0.006977 0.524832 0.858144 -15.035327
39.877103 177.841579 62.468867 963.690918 18.7271 617.922874 7.677726 530.178489 8.128526 385.676286 9.121555 424.776838 -42.162638 145.21133 -101.866674 816.21421 -15.357879 472.227473 -3.623827 408.669428 -3.780942 292.613896 -4.760543 330.574522 22.997026 6.414477 -0.000158 0.161094 -0.031738 0.089828 0.736507 -0.748716 0.821208 -1.376065 0.470181 -2.027724 0.668172 -1.685195 -0.020017 0.112376 0.022399 0.877567 -0.457532 3.806541 -0.797151 4.597528 -0.704143 2.74971 -0.544513 2.210908 2.325106 -9.499999
40.39208 183.388009 58.401271 1062.309084 22.132706 567.293062 14.185856 457.921677 18.454121 324.567078 15.843902 366.763624 -42.18896 160.726781 -102.441997 971.766875 -33.928033 630.032975 -17.501207 580.339491 -17.513727 418.866665 -17.975227 447.920196 71.923399 -6.004887 0.001652 0.042583 -0.068462 2.401607 0.142173 -1.081891 0.991101 -2.645504 2.087357 -2.633796 0.922078 -2.128801 -4e-06 0.393681 -0.00081 6.77932 -3.632319 11.354623 -5.19753 15.01301 -5.019733 11.291424 -4.23476 8.89481 13.58103 -24.831972
40.762498 190.411737 55.681635 1113.069257 28.273368 516.958809 22.721227 379.827945 28.527802 274.16353 23.159266 318.926316 -41.532411 169.983861 -99.349927 1063.397274 -28.017708 693.399174 -12.309086 628.939499 -13.404279 467.931983 -14.124321 498.711335 81.041908 -25.743967 0.000845 0.065994 -0.032421 0.592298 0.375438 -1.168964 1.000535 -3.647831 1.092686 -2.125359 0.69217 -1.670725 0.002574 0.129585 0.023691 2.063811 0.282601 1.517864 0.455643 0.976993 0.274319 1.358398 0.231829 1.363571 0.272026 -6.88204
38.110231 188.800953 49.372952 1105.454959 40.170248 386.940583 40.027501 261.586627 43.012772 193.848886 35.768419 234.526837 -41.143974 166.616612 -67.597491 956.988692 -101.039978 1143.500345 -126.682584 1314.97887 -122.251018 1242.056346 -104.469298 1191.437013 310.292824 -454.536313 -0.044607 -0.003421 -0.189594 -0.013067 1.041889 -9.399883 2.433757 -10.992774 1.481746 -6.942812 1.364838 -6.473153 0.000913 -0.016843 3.047378 -2.80408 -22.645119 55.998405 -60.014538 125.081211 -54.693904 185.261614 -41.767636 148.482829 74.180369 -263.932707
40.248485 183.642437 52.510384 1095.815589 50.650632 376.276887 51.222534 251.229069 54.796617 180.484015 46.192454 220.323554 -38.178076 156.403892 -66.65144 857.031738 -139.324977 1536.551601 -183.187724 1832.10892 -178.466498 1848.317085 -150.627521 1758.508717 431.044411 -873.653164 0.02918 -0.035726 0.048319 -0.021106 0.606725 -0.0745 0.689336 -0.104609 0.71244 -0.23866 0.665583 -0.221812 0.055468 -0.161485 0.003333 -2.75603 -3.068578 28.97874 -5.195437 42.778194 -5.301125 60.050699 -4.210778 55.017494 9.900327 -67.860809
40.940408 183.439672 56.332088 1098.682203 57.873539 400.723403 56.659583 266.936759 61.360807 182.403375 51.59785 223.048312 -38.317047 154.039094 -72.854834 902.417469 -169.531882 2138.034148 -226.864872 2566.720882 -220.499562 2644.765221 -182.136937 2513.329225 514.497694 -1438.047863 0.002948 -5.6e-05 0.067115 0.001872 0.24063 0.384672 0.137095 0.238136 0.185623 0.005076 0.149507 0.008373 -0.000126 -0.009007 -0.137991 0.585469 -1.480701 49.561725 -2.332792 61.774477 -2.220375 71.152979 -1.49517 67.216032 3.689982 -69.956113
41.028554 179.293501 59.96828 1057.987486 60.487376 399.921516 59.71413 267.995681 62.853025 186.658184 53.396154 229.826694 -38.844986 147.697501 -74.09928 900.384205 -152.864076 2133.606365 -202.739312 2578.569486 -189.006085 2651.283004 -156.283529 2510.677628 469.846304 -1430.981814 4.7e-05 -0.023697 0.056858 -0.383973 0.028865 -0.000402 0.040094 0.001048 0.008964 0.024527 0.015402 0.05073 -0.001806 -0.066648 -0.005269 -0.001147 0.431149 -0.002295 0.677952 0.013643 1.212816 0.004011 0.988972 -0.0007 -1.01325 0.008701
41.956217 177.550457 62.067291 1043.848866 64.528058 348.781542 66.045771 210.891547 67.340946 148.73489 56.362423 192.217731 -38.900469 145.949486 -76.965042 938.603978 -146.950308 2451.904928 -195.645806 2944.292879 -179.023283 3076.346485 -145.237764 2913.932293 465.960196 -1872.217662 0.005185 -0.004257 0.018053 -0.047554 0.065317 -1.748594 0.159491 -3.416835 0.077375 -2.150913 0.04009 -1.679033 -2e-05 -0.005203 -0.027185 0.397205 0.05833 11.060523 0.063157 12.122387 0.135417 15.794355 0.20239 15.009338 -0.008069 -29.602417
42.422967 185.158514 62.561708 1010.99676 68.595372 271.421631 70.998157 135.172797 72.901444 93.769109 60.748925 134.860026 -41.669042 157.293327 -80.014308 1009.347094 -147.181252 2682.957877 -195.365113 3218.665784 -180.472485 3388.511357 -145.487416 3209.331319 482.779287 -2354.915946 0.001291 0.079801 0.000981 -0.26263 0.062149 -4.843587 0.089512 -8.385205 0.110278 -6.311382 0.082179 -5.068514 -0.047582 0.212252 -0.029618 1.285001 -9.1e-05 5.200968 0.000101 6.110525 -0.002921 7.541061 -0.000107 7.129484 0.149095 -27.650198
41.734746 184.509669 67.254594 1006.542273 71.918193 227.35388 75.085864 100.287608 78.144136 67.136109 64.664205 103.457651 -42.702597 156.981831 -80.585226 1095.997319 -142.301952 2803.648928 -188.055502 3366.764647 -173.011096 3537.470449 -140.230929 3347.194599 483.704603 -2629.943533 -0.002814 -0.000569 0.084852 -0.004917 0.039294 -1.950548 0.057202 -2.598588 0.091013 -2.219451 0.061131 -2.077955 -0.006331 -0.000154 -0.001015 1.783899 0.041124 1.327605 0.069682 1.665498 0.078757 1.602038 0.048357 1.449578 0.000443 -7.592774
42.601115 175.909674 65.417843 943.895012 81.30999 222.67815 88.876403 108.030982 92.984812 70.83317 77.161101 103.69168 -38.71359 158.505099 -78.307982 1126.514977 -130.612979 2837.313189 -172.747223 3357.333734 -158.979115 3546.185372 -126.752566 3365.523855 495.131714 -2614.646256 0.00445 -0.102617 -0.012715 -1.006362 0.288096 -0.024291 0.580977 0.143964 0.644722 0.049543 0.551653 0.000132 0.09778 0.003677 0.016319 0.209531 0.250435 0.100452 0.324899 -0.006614 0.296672 0.005361 0.340437 0.025024 0.066703 0.022309
44.905139 159.674745 68.361577 906.753263 82.579352 207.516824 87.626849 97.050181 92.522821 60.268909 77.38399 90.296322 -35.605446 144.172798 -70.653644 1060.958561 -117.55507 2683.969391 -154.610057 3236.616431 -144.001943 3419.468488 -114.784186 3219.974583 467.379402 -2571.799875 0.030338 -0.392937 0.032391 -0.372747 0.004916 -0.267248 -0.004423 -0.294187 -0.000575 -0.426329 0.000161 -0.463044 0.065022 -0.33952 0.196788 -0.982551 0.343773 -2.129836 0.502829 -1.105095 0.370407 -1.152691 0.296705 -1.608624 -0.400178 0.176985
40.669393 169.234076 64.68127 945.756271 76.311178 224.697566 80.118843 106.500531 83.387615 63.295583 69.139174 92.817747 -39.88689 155.091355 -70.093126 1098.848364 -112.711004 2684.367441 -148.76804 3245.658013 -135.287996 3387.110808 -107.645491 3182.683224 431.102947 -2524.362861 -0.104894 0.138944 -0.050913 0.410633 -0.123687 0.341607 -0.168107 0.219496 -0.23736 0.037074 -0.232151 0.01736 -0.121506 0.199246 0.001116 0.332379 0.050958 1.5e-05 0.056254 0.006306 0.135972 -0.076913 0.114585 -0.1086 -0.732634 0.220786
39.394829 150.680708 64.978243 916.928934 77.022834 222.639905 80.650677 104.040422 84.640782 60.536014 70.073167 90.49892 -39.503883 134.045727 -65.337937 1014.511615 -101.748498 2487.506421 -132.696491 3015.028697 -122.44518 3154.62482 -97.268444 2960.494654 410.69201 -2341.162178 -0.010146 -0.538452 0.00034 -0.223083 0.001651 -0.004732 0.00088 -0.014373 0.004673 -0.030752 0.003133 -0.014666 0.000924 -0.766949 0.083507 -1.683462 0.280368 -3.747994 0.459215 -4.249369 0.320177 -4.132452 0.262921 -4.019411 -0.247488 3.450233
41.272956 161.450908 66.328768 931.660392 78.813144 239.649954 80.45948 118.824548 85.165061 73.167953 70.991126 107.440646 -39.692508 146.904647 -62.050622 1018.08639 -93.09077 2458.873171 -120.273222 2991.191083 -105.345358 3088.378371 -84.947431 2899.81652 379.948998 -2210.819604 0.021866 0.18587 0.006945 0.058699 0.010284 0.31305 -0.000113 0.490906 0.000809 0.598051 0.002987 0.726357 -0.000225 0.294427 0.042422 0.003144 0.192449 -0.082876 0.305236 -0.047304 0.642733 -0.351491 0.417036 -0.314142 -0.597926 1.866513
39.148602 164.246494 65.066198 917.04066 73.183453 224.408265 73.3363 106.967298 78.069545 67.398577 65.208302 101.868239 -40.89336 147.33915 -63.754638 1015.194617 -94.609856 2458.129594 -121.219512 2989.522907 -105.873977 3091.997918 -86.017357 2906.841682 365.773477 -2246.387712 -0.028063 0.011998 -0.006066 -0.057808 -0.104293 -0.250369 -0.165047 -0.311551 -0.154288 -0.118448 -0.12282 -0.07419 -0.008948 0.000321 -0.011541 -0.002056 -0.006147 -5.6e-05 -0.001854 -0.000233 -0.000661 0.00106 -0.003348 0.00425 -0.134744 -0.141917
38.501119 159.637089 65.870922 917.406026 70.303871 228.078116 69.092496 109.593441 73.336606 69.966831 61.921618 104.463084 -39.151287 144.709129 -59.890299 981.476924 -88.795562 2306.336228 -111.985663 2796.39632 -99.605616 2841.626696 -82.127858 2661.542101 343.87774 -2019.809662 -0.0027 -0.032801 0.002473 3.6e-05 -0.028897 0.014882 -0.063238 0.015924 -0.073994 0.024011 -0.042492 0.016317 0.018959 -0.011842 0.060402 -0.284715 0.092185 -2.418642 0.182881 -3.224058 0.095634 -5.284601 0.044992 -5.405617 -0.337868 6.021037
38.302696 163.929253 66.017872 923.930014 63.540273 224.39264 59.797251 105.150294 63.801001 68.129657 54.043848 104.014645 -39.651999 148.760334 -60.631446 1010.143342 -88.901748 2343.068027 -111.59588 2846.749285 -99.118183 2873.109023 -81.750341 2689.869979 321.964325 -2056.379525 -0.000256 0.028469 8.2e-05 0.011558 -0.171003 -0.01501 -0.335613 -0.04597 -0.331922 -0.012221 -0.267886 -0.000482 -0.001591 0.027964 -0.002279 0.206316 -3.2e-05 0.145099 0.00034 0.224651 0.000598 0.086718 0.000435 0.074978 -0.360692 -0.164048
38.661205 167.520159 60.946527 949.372257 58.92481 235.063963 53.221468 115.213783 59.281589 76.652659 50.3999 114.532593 -40.910094 151.395434 -58.512832 1009.132554 -86.90162 2298.908947 -108.958276 2797.469978 -97.188748 2810.891968 -79.897427 2631.18042 308.279474 -1959.186196 0.000835 0.019452 -0.101323 0.17278 -0.087005 0.123943 -0.191462 0.229907 -0.083001 0.251083 -0.063586 0.253244 -0.009824 0.011567 0.018838 -0.000253 0.011378 -0.210047 0.015772 -0.215131 0.009482 -0.340524 0.01062 -0.323674 -0.148591 1.176413
35.374676 172.74879 58.235859 959.54159 51.215111 242.976838 46.31374 122.597518 52.731153 84.669902 44.679114 121.48813 -40.945748 150.470429 -57.717162 1007.913729 -87.565764 2238.49278 -108.11891 2724.804063 -98.023114 2725.532165 -81.567856 2543.475858 294.544001 -1849.430414 -0.072982 0.040174 -0.03083 0.027088 -0.270167 0.065494 -0.239987 0.114655 -0.191697 0.19934 -0.172262 0.102512 -8e-06 -0.001417 0.002723 -0.000368 -0.001264 -0.402243 0.001623 -0.478115 -0.001783 -0.658072 -0.008641 -0.7433 -0.156503 1.581786
31.631748 198.137564 46.319501 979.431401 45.179798 236.099392 42.783613 118.215234 48.827741 81.213866 40.29448 116.270557 -41.080417 166.876223 -59.638939 1031.624989 -90.842977 2288.424579 -113.679671 2781.274216 -102.319146 2821.438913 -84.271478 2633.403024 292.511844 -1945.281459 -0.10462 0.870006 -0.681284 0.102017 -0.189122 -0.049368 -0.069961 -0.039877 -0.075041 -0.036006 -0.113199 -0.057256 -0.000111 0.424347 -0.015736 0.137836 -0.030102 0.275382 -0.069719 0.289586 -0.046066 0.829173 -0.02204 0.781118 -0.003517 -1.210749
31.296606 205.001405 45.723004 976.329497 43.793178 232.780351 41.798151 113.308139 47.775236 77.542997 39.105278 112.34485 -42.01187 176.563822 -61.150089 1053.399781 -92.965961 2298.189394 -117.173575 2789.05143 -104.68794 2819.319336 -86.036872 2631.029997 293.905616 -1961.729251 -0.000892 0.058436 -0.001933 -0.00246 -0.010806 -0.011747 -0.005741 -0.052008 -0.005734 -0.042446 -0.008906 -0.033708 -0.005221 0.136659 -0.009453 0.113705 -0.012261 0.010395 -0.026441 0.005429 -0.013554 -0.000398 -0.00915 -0.000535 0.001656 -0.034621
28.708596 219.10626 42.427083 977.594864 41.549353 226.75455 40.26331 104.560762 46.463622 71.519271 37.848693 104.70587 -44.929267 184.798012 -63.153638 1086.777384 -96.173792 2432.433925 -121.193788 2956.582482 -108.895197 3007.744796 -90.155686 2814.883339 297.621467 -2151.66132 -0.055836 0.234613 -0.061639 0.00041 -0.029502 -0.039509 -0.014355 -0.175673 -0.009128 -0.121762 -0.01026 -0.134466 -0.048962 0.093827 -0.016148 0.26029 -0.027205 1.905164 -0.033904 2.442952 -0.041442 3.047284 -0.048149 3.104317 0.011671 -4.38731
26.83513 215.010442 35.133103 924.629485 40.694789 175.681202 41.696864 69.405823 45.982525 51.620887 36.625253 81.668984 -48.886068 181.464105 -67.783251 1080.91543 -100.280326 2456.393147 -125.856283 2986.817592 -112.357549 3057.530046 -93.307186 2865.599551 302.096589 -2314.588378 -0.031605 -0.019322 -0.343735 -0.737525 -0.00444 -3.254029 0.012538 -3.589054 -0.001252 -1.618338 -0.01005 -1.429219 -0.083479 -0.015174 -0.081872 -0.007926 -0.042925 0.05871 -0.044001 0.076906 -0.027093 0.204328 -0.02707 0.226406 0.016697 -2.972747
22.258284 214.443155 32.655305 845.797061 36.314541 146.283651 38.066971 51.151318 40.289789 39.899539 31.450114 67.261242 -53.179167 173.541723 -78.140395 1059.442431 -115.144185 2469.892503 -143.439083 2990.231776 -129.171544 3086.394219 -108.22442 2898.384204 313.742922 -2424.451307 -0.213809 -0.000375 -0.045299 -1.755971 -0.124674 -1.344906 -0.082637 -1.390043 -0.188024 -0.753701 -0.196994 -0.698552 -0.090329 -0.08841 -0.368021 -0.107716 -0.5134 0.018496 -0.57462 0.000975 -0.585962 0.067802 -0.55284 0.093238 0.110134 -1.273621
22.601431 205.274161 33.542338 793.085799 33.803196 113.89343 34.509852 31.252207 35.935373 24.15783 27.76302 47.864554 -55.993454 164.143768 -84.890856 1026.910153 -120.881191 2457.850043 -148.686409 2972.344829 -132.78659 3068.123121 -111.85816 2881.340159 306.877463 -2547.784126 0.001312 -0.100163 0.005943 -0.847893 -0.044988 -2.024051 -0.087223 -2.438743 -0.124476 -1.964333 -0.114906 -1.645765 -0.03628 -0.1308 -0.139815 -0.253652 -0.069734 -0.014715 -0.047132 -0.026829 -0.024945 -0.027121 -0.03 -0.025131 -0.037975 -1.529827
23.601487 202.574954 32.011556 751.6895 30.992975 103.900271 30.730328 26.668562 32.423355 20.526226 25.45115 43.066344 -55.4237 159.232258 -87.133588 1000.996763 -122.111738 2429.166977 -148.75241 2948.23478 -131.534078 3031.400701 -111.124011 2837.521468 294.567938 -2553.035295 0.010824 -0.008932 -0.017875 -0.554761 -0.060969 -0.229382 -0.109571 -0.181652 -0.090277 -0.14782 -0.050243 -0.126683 0.001457 -0.037301 -0.01462 -0.165572 -0.003116 -0.084175 -7e-06 -0.049091 0.002968 -0.110545 0.001209 -0.167875 -0.12598 -0.002703
20.760071 198.121204 23.186868 727.654639 25.691372 94.369061 26.574241 21.539374 28.691992 16.634952 21.893323 35.780897 -59.564899 157.924285 -97.255453 995.570571 -138.094455 2476.490537 -168.917707 2987.116964 -150.525782 3090.43175 -126.92334 2900.83537 310.654215 -2653.594832 -0.091092 -0.024753 -0.709977 -0.19526 -0.24847 -0.229225 -0.150911 -0.273642 -0.114014 -0.204296 -0.13387 -0.337307 -0.074595 -0.002697 -0.278025 -0.007374 -0.491319 0.228264 -0.64068 0.127359 -0.640103 0.284616 -0.524884 0.349296 0.213817 -0.971181
19.675225 196.31635 18.396503 722.052976 22.451158 90.552512 24.146318 21.18252 26.997726 17.113737 20.395544 34.89704 -59.345902 148.901402 -99.134621 967.372697 -141.464178 2429.672289 -172.193488 2935.652196 -153.489493 3045.0483 -129.651744 2858.226094 309.232973 -2605.600296 -0.014555 -0.004129 -0.276844 -0.010822 -0.109164 -0.039389 -0.058144 -0.00149 -0.025779 0.003396 -0.026532 -0.005527 0.000202 -0.132698 -0.008991 -0.202543 -0.02031 -0.223392 -0.015729 -0.223601 -0.014446 -0.16785 -0.014507 -0.157628 -0.001629 0.219
14.090785 198.519746 11.425452 720.984598 16.080131 96.34145 17.752729 24.177287 20.427212 19.271222 14.616698 37.746162 -69.223256 146.20083 -112.507715 951.350864 -154.107234 2390.702803 -184.397875 2885.019438 -165.104845 2986.421819 -141.102642 2803.092546 301.680785 -2525.893095 -0.464997 0.006148 -0.826206 -0.000395 -0.530365 0.089676 -0.490689 0.098969 -0.457363 0.064021 -0.480199 0.055894 -0.379976 -0.012357 -0.422927 -0.066894 -0.270527 -0.157524 -0.20891 -0.220226 -0.211807 -0.284934 -0.242252 -0.268469 -0.046682 0.619081
14.394546 192.995721 8.741231 742.065128 9.876167 98.036923 9.510345 25.081588 13.030228 20.081442 8.831124 38.767495 -70.600647 130.356906 -116.801848 894.244342 -159.15773 2335.92113 -190.001786 2846.049048 -168.123211 2938.242163 -144.140522 2759.13191 274.762922 -2472.508254 0.00162 -0.038972 -0.179436 0.151879 -0.752325 0.007395 -1.275802 0.008301 -0.82793 0.008342 -0.724981 0.006817 -0.006784 -0.45422 -0.04021 -0.883708 -0.040715 -0.317471 -0.041941 -0.132498 -0.01367 -0.195903 -0.016177 -0.173723 -0.628827 0.285093
13.644784 194.954022 6.052494 741.551159 6.871615 98.858557 6.266032 25.883999 10.106469 21.677216 6.493232 38.992124 -73.972654 127.477063 -120.947782 883.132582 -163.769413 2340.209111 -193.763087 2855.490091 -171.145602 2958.101071 -147.456164 2779.637051 264.430861 -2473.32633 -0.010026 0.004943 -0.246389 -8.9e-05 -0.271713 0.001714 -0.33719 0.006317 -0.18548 0.030502 -0.179385 0.000324 -0.039329 -0.016084 -0.036152 -0.034734 -0.032931 0.001966 -0.018433 0.007817 -0.013463 0.033443 -0.018851 0.037956 -0.099001 -6.8e-05
11.468809 181.073691 3.455938 719.13598 6.018814 89.712021 5.968325 21.730087 9.987746 18.541845 6.343767 33.969117 -76.870372 114.712292 -127.443013 859.139165 -171.331002 2311.477802 -200.861794 2824.43034 -177.594857 2929.375188 -153.89369 2747.866319 271.814958 -2481.801074 -0.094447 -0.25627 -0.361401 -0.171998 -0.028241 -0.221955 -0.003623 -0.181542 -0.000351 -0.122399 -0.00087 -0.173109 -0.027835 -0.336622 -0.084937 -0.165219 -0.085325 -0.088731 -0.063853 -0.084923 -0.059638 -0.070079 -0.068768 -0.091306 0.050842 -0.007247
8.774322 157.042104 0.446839 707.657207 2.383895 65.730659 2.445972 9.611101 6.293306 8.66539 3.496077 20.530088 -85.785831 84.379687 -142.456357 780.337821 -187.94411 2181.166764 -218.957092 2683.413591 -194.237046 2790.321086 -169.040515 2613.119226 270.455831 -2487.993089 -0.180128 -0.855104 -1.417421 -0.046175 -0.8269 -1.861037 -0.772738 -2.437896 -0.424704 -1.855918 -0.421076 -1.682959 -0.244519 -2.324225 -0.417887 -1.894886 -0.384306 -1.890261 -0.390159 -1.805514 -0.372616 -1.690553 -0.355417 -1.693686 -0.001703 -0.003857
9.29003 163.809156 2.465493 744.648053 2.527574 82.201769 1.915643 17.006447 4.649036 13.364418 2.377053 28.185709 -88.997032 85.014136 -144.148251 778.706947 -189.638731 2147.499514 -221.261302 2639.828095 -196.32253 2744.194719 -171.357139 2575.100238 261.393762 -2374.547051 0.007363 0.07137 0.813115 0.471163 0.002102 0.919824 -0.032361 1.047982 -0.124245 0.506993 -0.107591 0.605296 -0.029501 0.001188 -0.004994 -0.000853 -0.003803 -0.13093 -0.00603 -0.178437 -0.005568 -0.192219 -0.007883 -0.139302 -0.077209 1.323563
9.253078 153.017251 1.988474 735.082586 2.142084 78.033263 1.788376 14.276112 5.53981 12.500436 3.037698 26.605653 -81.718547 73.655924 -138.497078 753.74441 -185.866188 2075.787677 -218.821199 2544.754185 -195.298553 2655.37198 -170.240871 2489.278511 266.623374 -2303.491807 -3.7e-05 -0.183853 -0.025618 -0.030917 -0.015939 -0.054231 -0.002187 -0.119379 0.039013 -0.014434 0.040453 -0.022787 0.15523 -0.407054 0.0565 -0.203324 0.018951 -0.608881 0.006765 -0.871797 0.001339 -0.730615 0.001824 -0.727226 0.025898 0.539664
9.160877 155.779478 2.378248 731.957773 2.820033 96.054 2.390471 24.589042 5.936681 20.535516 3.403483 37.379357 -81.59499 73.730782 -138.191342 752.092378 -186.093462 2075.229108 -218.884246 2545.277694 -195.738026 2654.121742 -170.387344 2488.133419 269.851955 -2207.73645 -0.000231 0.012354 0.01743 -0.003328 0.04653 0.935225 0.043603 1.393249 0.006864 0.992051 0.010395 0.913552 4.7e-05 1.9e-05 0.000169 -0.000906 -6.9e-05 -3.8e-05 -5e-06 2.7e-05 -0.000247 -0.000147 -3.1e-05 -0.000132 0.009715 1.016366
9.645521 160.25356 5.862904 735.255672 3.180688 97.979273 2.31307 26.063832 5.350107 21.17377 2.952536 38.799417 -81.407624 77.434544 -137.429144 761.995886 -185.196636 2091.933809 -217.569382 2558.528535 -195.744113 2662.020594 -170.336308 2500.707855 265.816763 -2208.368034 0.006246 0.031671 0.772969 0.003706 0.010848 0.009552 -0.000637 0.021474 -0.015252 0.004884 -0.016017 0.013237 0.000108 0.045381 0.001054 0.032389 0.001083 0.033482 0.001981 0.017201 -0.0 0.005868 4e-06 0.015847 -0.015199 -4.5e-05
9.400596 166.149466 7.983038 745.881455 3.585442 107.513933 2.915191 31.594146 5.571392 25.829443 3.219329 45.151878 -80.789536 82.975716 -136.559258 768.407892 -184.042158 2125.589992 -216.164526 2595.534718 -193.960271 2698.336991 -168.879054 2534.562373 265.2775 -2196.164381 -0.001575 0.053254 0.163284 0.038116 0.012117 0.221318 0.034788 0.265835 0.002242 0.231141 0.005769 0.240685 0.001178 0.095735 0.001381 0.013432 0.001805 0.134292 0.002275 0.132854 0.004083 0.123023 0.00313 0.113811 -0.000274 0.016906
10.340691 193.959275 13.948443 805.196932 7.660097 140.111245 6.054195 47.303816 7.704571 39.750021 5.1166 64.732668 -75.645484 105.882011 -129.864328 830.264967 -178.277037 2247.50091 -210.191265 2731.952074 -188.460813 2837.46654 -163.700542 2666.701393 272.375872 -2205.534034 0.022397 1.075428 0.826889 1.13457 0.764159 2.154927 0.567212 1.579823 0.1725 1.494492 0.218782 1.758665 0.084599 1.394283 0.084131 1.197159 0.045869 1.699617 0.041845 1.74686 0.039545 1.748625 0.040319 1.678778 0.04686 -0.009972
14.827603 207.364188 24.559288 859.025434 11.690987 144.02569 8.854804 48.427518 9.880551 37.736275 6.795174 64.413819 -71.043365 111.651737 -119.119839 876.291644 -169.690394 2333.639538 -205.481987 2835.261288 -183.237987 2952.982536 -157.363305 2779.74704 278.218298 -2323.082501 0.403185 0.223936 1.490771 0.870757 0.424479 0.026965 0.265405 0.006595 0.135147 -0.026171 0.118863 -0.000394 0.07221 0.07653 0.231938 0.620794 0.105961 0.809899 0.026677 0.958623 0.036695 1.152352 0.062549 1.173305 0.030998 -1.525849
13.747312 206.730292 24.319786 866.878243 15.674012 142.040201 13.294911 47.769674 9.5711 35.448097 7.102771 61.526108 -77.152357 113.108687 -119.967495 877.572206 -166.87938 2321.376631 -201.651313 2821.610515 -178.880159 2920.264249 -153.575018 2747.317063 271.205835 -2312.228667 -0.020428 -0.000485 -0.000587 0.017865 0.29142 -0.00689 0.449592 -0.002249 -0.002462 -0.03578 0.003404 -0.033111 -0.125967 0.004722 -0.001503 0.000467 0.011739 -0.016152 0.018022 -0.016471 0.026223 -0.091133 0.023078 -0.095142 -0.044753 0.012707
17.704743 226.669111 27.751778 1009.227418 29.565556 170.784762 28.661797 60.947457 31.62692 39.427533 23.953923 69.136548 -73.811771 136.396318 -114.470216 998.666513 -163.356555 2410.936983 -200.106538 2946.437562 -177.380376 3042.487945 -150.505015 2855.263955 358.807097 -2389.217002 0.249964 0.458892 0.113223 5.408154 2.185607 1.323426 2.915394 0.801606 6.401215 0.105823 4.969208 0.221823 0.036965 1.089157 0.064461 3.911851 0.018791 0.847553 0.00297 1.350857 0.003157 1.252794 0.015498 1.040022 6.120062 -0.630402
24.0876 213.120922 36.07722 1005.593015 49.001492 229.598499 51.935183 104.112783 56.394467 68.481088 44.572483 104.564053 -70.606106 131.966944 -106.172006 988.316489 -148.508904 2388.930619 -181.86788 2929.422933 -160.079081 2989.88662 -135.059379 2801.67202 406.500646 -2153.38 0.490296 -0.208733 0.545288 -0.003278 2.441984 4.343238 3.43337 5.744084 3.556405 3.984796 3.175482 3.651224 0.035583 -0.036556 0.1561 -0.026956 0.353643 -0.050447 0.435682 -0.024635 0.443804 -0.229342 0.418019 -0.253862 1.487563 6.126079
29.874509 201.285153 55.129891 1050.380976 74.670359 413.470198 79.960573 280.633653 80.961226 190.965753 66.294792 232.03597 -65.340298 132.991554 -93.404514 984.420539 -134.435428 2352.159657 -168.288486 2871.317288 -148.614682 2931.028436 -123.851541 2743.962105 448.957101 -1625.697357 0.311192 -0.169054 2.012196 0.487895 2.693192 26.847513 3.011824 42.883595 2.214801 30.732674 2.148859 25.070753 0.102022 0.001981 0.408806 -0.003847 0.35022 -0.142596 0.26341 -0.291028 0.212958 -0.292554 0.242698 -0.300283 1.054209 37.022213
30.39646 207.189986 54.530971 1102.624445 105.470074 575.925375 125.682286 456.043541 127.317215 332.251416 105.136848 373.375231 -63.736792 139.118984 -90.042419 1002.842305 -129.031354 2337.392285 -161.876596 2849.245655 -142.257089 2905.311892 -117.595076 2718.577473 538.734305 -1272.575787 0.00226 0.042682 -0.001636 0.633947 2.652537 13.428404 5.147197 21.188089 5.224184 19.436892 4.458283 16.729678 0.00996 0.068998 0.030812 0.085386 0.055428 -0.023251 0.062266 -0.04258 0.069487 -0.056657 0.081074 -0.058982 4.088657 21.592353
29.988577 229.27447 47.493771 1124.108606 137.042451 936.255458 180.272198 860.630767 191.474548 731.881984 157.509441 772.865005 -65.640903 152.753408 -91.328327 1036.020614 -130.342207 2455.864683 -167.783253 2944.469147 -144.979856 3030.832005 -119.355254 2859.313148 669.680769 -783.981815 -0.001378 0.55908 -0.242986 0.103645 2.063965 43.557974 4.909491 63.701679 6.522609 77.890376 5.274603 71.868513 -0.014013 0.318631 -0.004559 0.269972 -0.003312 1.464333 -0.05292 0.782583 -0.012905 1.327213 -0.006538 1.775733 7.115771 58.882678
28.817923 231.176221 48.726168 1091.76147 155.445927 1163.789817 207.97 1166.243765 223.615363 1060.958367 187.83659 1074.531954 -60.547237 160.847179 -86.361103 1073.523226 -121.175613 2454.122245 -156.633791 2904.761575 -135.855347 3012.508803 -109.450658 2837.926936 708.064129 -497.913272 -0.011653 0.003927 0.007893 -0.236113 0.579551 12.362763 0.989262 23.172692 1.246218 30.459785 1.334192 24.796461 0.102846 0.104464 0.069442 0.333379 0.167094 -0.000309 0.191647 -0.134779 0.14827 -0.027778 0.214477 -0.04014 0.534775 32.327241
28.407209 219.97502 51.173744 1001.108971 171.537501 1411.105182 234.733723 1518.251849 252.132774 1468.857466 211.036297 1454.089197 -58.005156 166.431781 -84.295391 1095.520039 -117.957446 2465.099864 -153.095416 2880.559542 -132.253929 2976.270339 -106.447392 2814.805545 749.601981 -263.397585 -0.001474 -0.139073 0.029988 -1.964224 0.396191 11.904682 0.809743 23.178833 0.855468 33.100696 0.675256 28.648906 0.027258 0.047651 0.012503 0.11154 0.021655 0.012249 0.020212 -0.050623 0.024189 -0.109642 0.02089 -0.047287 0.591954 37.020436
28.436698 221.767846 63.446043 965.480831 206.648713 1597.305861 285.973253 1765.840615 304.071595 1751.397607 255.521754 1725.723863 -56.228526 175.246719 -80.479905 1115.763013 -110.248851 2509.491495 -146.166959 2929.612951 -123.302845 3022.538007 -98.941662 2867.343222 814.63607 -172.34205 8e-06 0.003638 0.658889 -0.322759 1.633409 5.767822 2.527214 9.346197 2.430355 12.418761 2.125646 11.623403 0.013816 0.113727 0.044181 0.092658 0.130232 0.198072 0.080214 0.207075 0.156808 0.17843 0.13719 0.242889 1.352499 9.620029
30.92638 229.821995 76.051162 985.138237 225.143181 1736.81816 311.190649 1936.069216 326.742947 1927.205382 275.568934 1896.350423 -52.787696 186.276293 -78.287571 1126.515777 -106.749675 2495.37801 -142.501891 2902.00499 -117.240686 2977.092762 -94.488667 2838.214305 835.430013 -113.695178 0.052231 0.071829 0.570673 0.099051 0.396258 2.920139 0.532685 3.915967 0.407534 4.203504 0.378497 4.02112 0.054314 0.168288 0.015137 0.025782 0.028215 -0.0199 0.023268 -0.065351 0.076401 -0.172119 0.051263 -0.074357 0.131027 6.076802
30.837543 229.014707 70.494912 1003.885065 206.520894 1765.117582 276.28715 1957.538948 294.082728 1955.730279 249.74471 1919.531887 -53.214033 193.985839 -79.658707 1149.396822 -111.18151 2528.298556 -148.219225 2930.044304 -122.55766 3005.828223 -99.3873 2848.960273 796.335481 -112.398051 -6.4e-05 -0.00071 -0.10537 0.088348 -0.401876 0.114347 -1.037768 0.059194 -0.859685 0.104776 -0.635139 0.070414 -0.000857 0.078161 -0.005952 0.115021 -0.045067 0.107867 -0.056224 0.067404 -0.058953 0.069007 -0.061896 0.010152 -0.468389 0.003721
32.011083 225.48925 73.167851 1015.815158 210.450675 1868.155041 283.313616 2102.098136 296.805879 2095.883448 250.644139 2055.389298 -52.520448 192.951092 -78.555553 1143.649905 -108.762132 2484.777567 -145.414525 2877.637968 -120.404713 2933.63089 -97.693806 2799.888195 795.294322 -70.260997 0.010957 -0.013673 0.024868 0.035235 0.018519 1.461335 0.044115 2.574613 0.006275 2.42481 0.000808 2.322389 0.002275 -0.001384 0.003846 -0.007202 0.013307 -0.188917 0.013395 -0.236452 0.009539 -0.438815 0.007276 -0.213151 -0.000341 4.926675
32.729464 227.253412 74.926355 1028.78095 209.789888 1919.594561 282.108379 2148.898769 296.012227 2158.555386 250.072616 2115.146362 -50.559893 199.947886 -78.266899 1166.46239 -109.489822 2541.28403 -146.666341 2925.990132 -120.411057 2958.681058 -98.405297 2843.987314 794.01113 -62.940476 0.003986 0.003437 0.010441 0.041112 -0.00052 0.349303 -0.001285 0.25763 -0.000531 0.461634 -0.000326 0.428133 0.018646 0.062305 0.000266 0.11264 -0.001213 0.317652 -0.002683 0.201423 -0.0 0.053249 -0.001291 0.17229 -0.000518 0.201314
34.340867 224.417819 77.260717 1029.038294 209.791442 1940.63243 282.016884 2181.164815 295.261424 2192.514818 249.260405 2150.591191 -49.001993 200.273687 -77.630937 1169.945232 -108.376578 2554.272642 -145.448165 2944.702023 -119.161737 2973.648061 -97.78585 2861.392863 789.570407 -59.395824 0.01936 -0.008901 0.017904 1.6e-05 0.0 0.057328 -7e-06 0.120219 -0.000477 0.132526 -0.000661 0.147261 0.012189 0.000133 0.001297 0.002596 0.002844 0.016554 0.00254 0.029821 0.003257 0.018881 0.000978 0.02655 -0.006226 0.051363
34.827815 220.443363 78.658813 1042.558053 208.386239 2027.464251 280.540001 2303.602232 291.597633 2324.752787 245.629278 2272.719087 -49.782059 196.208799 -79.538791 1165.833441 -110.768601 2579.60563 -148.093568 2993.511919 -122.243242 3038.078412 -100.065981 2912.329229 791.442992 -47.652461 0.001714 -0.017755 0.006268 0.044117 -0.002361 0.950162 -0.001939 1.671627 -0.011437 1.935974 -0.013321 1.686301 -0.00308 -0.020838 -0.01158 -0.003619 -0.013055 0.062503 -0.01192 0.200603 -0.019668 0.345274 -0.013139 0.224687 0.001109 0.646082
37.311425 225.843468 84.496075 1079.006606 215.480122 2158.193183 289.862189 2473.36457 295.882619 2519.389589 249.148999 2449.912825 -46.976876 203.118514 -75.88632 1194.564025 -112.610222 2667.926574 -151.834761 3090.416507 -127.613511 3156.38699 -104.5696 3021.310924 812.127675 -35.858664 0.042766 0.032672 0.104455 0.313117 0.059366 2.042 0.076182 3.017433 0.015627 3.911816 0.012519 3.325336 0.040672 0.059785 0.042922 0.17486 -0.007592 0.743315 -0.023334 0.771795 -0.057719 1.129895 -0.049564 1.000904 0.133413 0.836979
37.060412 217.589868 83.86968 1069.62658 205.796359 2079.016737 277.690232 2355.714622 285.01911 2382.911214 238.74415 2328.146064 -46.868434 199.851731 -76.96431 1186.463753 -118.663145 2661.264435 -160.373932 3090.802544 -135.740324 3160.322595 -111.494717 3025.125362 814.147721 -54.784793 -0.000424 -0.076819 -0.001165 -0.020475 -0.111314 -0.73981 -0.130537 -1.433354 -0.101589 -1.900124 -0.11096 -1.551839 6.3e-05 -0.013242 -0.003801 -0.013779 -0.079223 -0.004164 -0.116799 1.2e-05 -0.125422 0.001226 -0.111008 0.001203 0.001255 -1.997882
38.40598 219.941782 82.14401 1075.16607 202.975487 2132.11054 272.918458 2424.880989 280.486892 2456.888284 235.262949 2395.820528 -46.283647 202.462734 -75.739448 1178.745243 -114.916987 2615.370158 -155.040439 3032.879625 -130.353503 3096.854367 -107.161448 2963.865858 793.266592 -36.995344 0.011997 0.006321 -0.008969 0.007154 -0.009733 0.334716 -0.020677 0.500381 -0.018162 0.565408 -0.012783 0.484769 0.001836 0.008473 0.004912 -0.012594 0.030042 -0.19959 0.045097 -0.273948 0.054531 -0.321896 0.042942 -0.31331 -0.135634 1.74054
38.366318 216.756547 82.715795 1070.413104 203.082498 2156.223479 273.35465 2453.699723 279.972234 2491.595073 234.459112 2433.360308 -46.421418 199.757958 -75.984747 1171.632494 -115.794989 2594.128943 -156.398227 3003.847905 -132.684201 3064.337753 -109.206727 2938.938141 798.132205 -29.59992 -1e-05 -0.011617 0.000992 -0.005264 1.4e-05 0.067793 0.000174 0.08512 -0.000236 0.121712 -0.000688 0.14591 -0.000102 -0.009094 -0.000198 -0.010762 -0.001671 -0.043305 -0.00296 -0.06981 -0.010326 -0.085806 -0.009667 -0.052635 0.007438 0.411906
39.365729 216.33115 83.771017 1063.897834 204.085014 2154.442246 274.942966 2460.339967 280.698759 2511.921697 235.151974 2443.220386 -45.046844 199.506741 -76.14439 1172.822853 -119.806883 2650.692853 -162.452015 3076.474427 -140.449116 3158.564685 -115.4017 3023.773205 818.25689 -36.991139 0.006425 -0.000209 0.003344 -0.009944 0.001234 -0.000368 0.002301 0.004486 0.000471 0.041288 0.000511 0.009968 0.010329 -7.9e-05 -8.4e-05 0.000302 -0.03416 0.305022 -0.057475 0.43376 -0.110397 0.713431 -0.085449 0.60353 0.125285 -0.411462
37.544291 208.547686 81.7276 1052.648348 201.443234 2127.608617 271.769953 2423.187722 278.186286 2459.957707 232.560784 2400.160194 -46.720059 191.519336 -77.673902 1156.29207 -121.105483 2612.876697 -163.563224 3038.429625 -140.836904 3121.933404 -115.873059 2982.478225 814.896378 -39.391986 -0.021571 -0.0713 -0.012616 -0.029896 -0.008605 -0.084078 -0.009208 -0.141323 -0.005647 -0.27156 -0.007178 -0.191418 -0.015255 -0.081587 -0.007605 -0.058664 -0.0035 -0.135847 -0.001894 -0.118352 -0.000267 -0.106828 -0.00048 -0.14196 -0.003457 -0.037741
38.025573 209.297566 84.088604 1055.62509 208.073161 2156.175321 279.745887 2462.992957 284.869195 2504.860138 238.592213 2440.642852 -47.487733 188.855748 -80.606523 1138.218807 -125.58528 2618.038033 -169.866071 3050.412553 -144.454485 3136.340498 -119.054338 3000.798166 835.036055 -35.455621 0.001533 0.000673 0.01681 0.002101 0.053672 0.095251 0.057676 0.162139 0.039661 0.203056 0.038607 0.169277 -0.003128 -0.009326 -0.02717 -0.07118 -0.040679 0.002546 -0.059577 0.011791 -0.022937 0.016583 -0.021541 0.028047 0.122921 0.103582
37.861969 210.346927 83.459041 1064.728344 209.120141 2204.511877 281.219681 2513.714713 287.990296 2564.110679 240.752575 2503.833451 -47.434105 188.215988 -80.540179 1138.327398 -125.397721 2618.909122 -169.425886 3051.370599 -144.192837 3139.006156 -118.782839 3004.962632 839.742395 -29.049791 -0.000176 0.001312 -0.001183 0.019541 0.001314 0.267904 0.001936 0.25848 0.008502 0.346298 0.004868 0.403806 1.5e-05 -0.000543 1.4e-05 3e-06 7e-05 7.2e-05 0.000286 7.5e-05 0.000119 0.000566 0.000155 0.001444 0.006613 0.31886
38.297015 211.779358 85.452324 1080.847824 210.541996 2229.74422 282.549647 2543.400408 287.991105 2579.81028 240.624595 2517.549988 -47.49336 187.275798 -80.228891 1142.216182 -124.983571 2608.141423 -168.810123 3038.332046 -143.753568 3128.758719 -118.469606 2996.15599 838.683239 -26.455341 0.001243 0.00243 0.011762 0.060553 0.002409 0.071791 0.001569 0.08713 0.0 0.023958 -1.7e-05 0.018734 -1.8e-05 -0.001177 0.000301 0.003316 0.000343 -0.011091 0.000561 -0.013958 0.000335 -0.008377 0.000207 -0.006462 -0.000334 0.060669
38.327268 214.877789 85.479215 1091.930258 210.143653 2255.06127 282.130004 2584.1798 287.653967 2614.705688 240.025278 2548.627199 -47.540035 188.841168 -80.119269 1148.802189 -124.799458 2609.641421 -168.256244 3045.262095 -142.655337 3117.493608 -117.464935 2986.016953 835.453099 -22.093073 6e-06 0.011251 2e-06 0.028264 -0.000189 0.071459 -0.000156 0.162161 -9.9e-05 0.11721 -0.000374 0.095319 -1.1e-05 0.003257 3.7e-05 0.009466 6.8e-05 0.000216 0.000455 0.003947 0.002106 -0.010158 0.002139 -0.008592 -0.003116 0.196381
38.642306 216.707759 85.443619 1096.606155 210.017694 2266.389151 282.083151 2600.826331 287.187113 2628.024884 239.345001 2563.976371 -48.466392 188.530781 -79.802461 1148.303042 -122.125505 2588.6816 -163.198364 3021.893471 -136.518235 3079.544511 -112.234129 2951.099359 819.716852 -17.887644 0.000645 0.00388 -4e-06 0.004995 -1.9e-05 0.01419 -2e-06 0.026722 -0.00019 0.016919 -0.000483 0.023041 -0.004469 -0.000128 0.000314 -5.4e-05 0.014479 -0.042256 0.038593 -0.045004 0.067464 -0.116196 0.059567 -0.10268 -0.074807 0.221792
36.723724 216.784454 82.342389 1088.09233 205.430725 2234.885971 276.748434 2556.954388 281.667456 2603.930218 234.277526 2535.117845 -47.619056 199.602897 -82.336332 1196.294709 -125.925568 2712.636462 -164.774763 3147.502473 -138.244949 3223.620671 -115.271051 3086.062099 814.572275 -33.042014 -0.024424 7e-06 -0.028663 -0.016589 -0.025323 -0.110242 -0.025464 -0.18659 -0.02678 -0.055482 -0.02711 -0.081664 0.003736 0.157957 -0.019801 0.491223 -0.02911 1.449348 -0.003788 1.278833 -0.005426 1.646843 -0.020271 1.508757 -0.008097 -2.306874
38.311181 216.487928 87.155233 1081.778627 211.934825 2230.215681 283.805025 2554.442846 287.008556 2606.532913 239.786167 2536.536659 -46.269699 202.938124 -81.312731 1194.062859 -126.564606 2705.013414 -167.209944 3141.772506 -140.701125 3213.69342 -117.016264 3078.535421 829.617264 -31.755837 0.016794 -0.000101 0.068344 -0.009186 0.050682 -0.002442 0.044418 -0.000617 0.025083 0.00065 0.032006 0.000198 0.009697 0.013817 0.003201 -0.001042 -0.000809 -0.005363 -0.008931 -0.00261 -0.010814 -0.007655 -0.006556 -0.004595 0.068835 0.012766
36.693244 218.037007 87.153452 1084.460182 211.872527 2253.183359 284.809441 2592.876516 286.004702 2646.35574 238.211941 2570.018287 -48.53235 200.653533 -84.180782 1186.996383 -130.57354 2698.069486 -172.217735 3138.621462 -145.869712 3221.994783 -121.619232 3086.110773 840.381077 -28.301075 -0.017452 0.002761 -0.0 0.00166 -5e-06 0.05883 0.000887 0.143489 -0.000879 0.150953 -0.002592 0.109764 -0.027005 -0.006466 -0.024854 -0.010486 -0.031253 -0.004462 -0.036944 -0.00079 -0.046614 0.005354 -0.044397 0.004654 0.034689 0.09945
]