01-31-21_Dhruva_4K+Depth.alligator_above_bed.0000000005 [ 72.365574 366.649369 150.928916 1635.263368 308.937151 3241.361477 396.218435 3595.060995 412.510852 3607.354006 357.035337 3565.969116 -66.308527 341.342219 -143.132429 1356.887258 -217.797326 1970.470945 -256.196483 2250.003221 -216.249101 2087.969373 -188.375724 2058.835582 1226.104413 206.409212 0.0 0.0 0.0 0.0 0.0 0.0 0.0 0.0 0.0 0.0 0.0 0.0 0.0 0.0 0.0 0.0 0.0 0.0 0.0 0.0 0.0 0.0 0.0 0.0 0.0 0.0
74.313595 382.557704 158.980618 1640.141623 321.876525 3245.375156 411.737889 3646.898293 424.384067 3673.482061 366.831774 3614.917345 -62.740657 347.030632 -138.612702 1315.614837 -216.076988 1961.732418 -262.323564 2224.407951 -218.024509 2090.508533 -189.38133 2063.932976 1250.770731 221.628067 0.012936 0.168914 0.104613 0.003633 0.132721 0.001242 0.149065 0.185526 0.084228 0.30031 0.066293 0.166829 0.049331 0.023504 0.036255 -0.318712 0.003411 -0.00971 -0.036202 -0.073208 -0.003629 0.000771 -0.001338 0.003151 0.122825 0.270639
72.044161 382.46561 159.109308 1591.338372 322.652921 3207.799849 412.772624 3626.540666 421.871849 3683.291011 365.18174 3615.300809 -63.856526 342.172053 -140.082319 1264.280033 -222.323936 1953.904794 -276.8716 2236.24745 -228.239545 2113.467673 -198.145787 2081.657594 1270.717028 216.609409 -0.017596 -6e-06 2.6e-05 -0.368545 0.000468 -0.109397 0.000649 -0.02849 -0.003729 0.006539 -0.00186 1e-05 -0.004918 -0.017126 -0.003875 -0.510781 -0.04451 -0.007824 -0.196296 0.015712 -0.116927 0.062694 -0.099123 0.037891 0.078894 -0.028738
71.677182 391.056114 161.259051 1643.663352 322.755819 3234.203687 420.293677 3854.071494 433.5356 3988.17232 375.087748 3869.094628 -63.490252 347.336215 -144.835709 1268.865679 -225.442353 1986.538339 -281.394529 2276.733247 -227.482417 2154.897792 -197.375896 2122.668066 1289.099941 279.92975 -0.000469 0.047703 0.007213 0.423196 8e-06 0.054111 0.033951 3.461098 0.079523 6.060731 0.066282 4.304277 0.000527 0.019339 -0.039654 0.004151 -0.010859 0.135133 -0.018322 0.181602 0.000629 0.201072 0.000749 0.20002 0.066008 4.05396
76.371225 406.934951 168.656667 1659.267416 343.40914 3333.217588 444.004201 3828.117032 449.82516 3961.334994 389.117633 3865.278481 -59.994546 355.660382 -141.986573 1281.546826 -221.316186 1998.307654 -277.801388 2295.055596 -221.614136 2184.262237 -192.424462 2153.236451 1302.906204 262.538695 0.074434 0.157998 0.082948 0.036859 0.320238 0.746435 0.32529 -0.043844 0.150206 -0.045301 0.128797 -0.000941 0.04949 0.049285 0.014151 0.031527 0.019055 0.01738 0.011544 0.036715 0.038342 0.09936 0.031449 0.109268 0.03677 -0.278843
74.032338 405.517197 164.60694 1643.967604 322.534625 3334.339691 418.251582 3813.908618 414.555042 3916.461912 355.888945 3819.363594 -59.843074 351.056024 -136.325185 1272.798951 -226.101515 1989.312016 -286.177905 2268.639765 -233.840821 2170.924867 -201.723856 2144.40937 1271.099297 255.630764 -0.018187 -0.001237 -0.024606 -0.035433 -0.327244 9.4e-05 -0.384657 -0.013208 -0.71988 -0.127803 -0.7414 -0.137169 9.6e-05 -0.014999 0.057588 -0.014979 -0.025591 -0.010147 -0.06221 -0.076451 -0.164142 -0.020422 -0.109719 -0.009065 -0.196526 -0.046048
71.339934 382.321663 152.768068 1585.322009 306.015498 3227.500772 394.506824 3656.204965 399.617978 3753.507671 344.373205 3667.787571 -62.416068 342.356978 -142.49008 1286.008786 -234.575035 2015.835789 -291.685783 2300.039656 -241.227621 2192.048755 -209.647637 2158.69662 1261.809025 208.702997 -0.024935 -0.341535 -0.220886 -0.532561 -0.21711 -0.869825 -0.346926 -1.664848 -0.137031 -1.731238 -0.094694 -1.534472 -0.027078 -0.054568 -0.068164 0.034098 -0.077936 0.087827 -0.02625 0.107905 -0.057432 0.051137 -0.07632 0.023718 -0.017038 -2.377458
71.350154 402.327851 163.66737 1659.400834 338.341843 3439.959933 439.682607 3907.295945 439.331476 3996.27764 377.072427 3908.146217 -61.559635 352.899677 -140.287118 1323.815182 -231.010043 2029.510524 -289.717599 2303.843259 -239.312082 2196.929104 -207.382213 2171.447284 1327.1413 267.149486 0.0 0.25509 0.187763 0.845741 0.811391 3.385874 1.224152 4.168973 0.94049 3.803442 0.74142 3.813842 0.002958 0.079938 0.008581 0.27385 0.013649 0.023113 0.003331 0.001571 0.003818 0.002713 0.006153 0.018773 0.824463 3.60298
73.058937 411.423369 169.367704 1686.385993 347.179103 3497.43382 449.515494 3958.607023 448.419502 4013.031563 384.149057 3942.145163 -63.289751 363.818572 -159.201046 1358.653309 -239.3308 2063.917541 -288.999043 2332.013843 -239.327112 2191.042563 -209.548141 2169.452245 1342.93802 273.568933 0.01011 0.050833 0.048788 0.108825 0.056964 0.23808 0.054368 0.167359 0.046519 0.017523 0.032894 0.073624 -0.011988 0.083177 -0.597843 0.226237 -0.073607 0.144605 0.000446 0.085592 -0.0 -0.003948 -0.005626 -0.000458 0.046729 0.038107
71.619011 401.389289 176.752054 1683.674418 367.328538 3586.493393 480.928045 4090.871609 475.632601 4213.621756 404.782175 4113.877596 -60.545197 350.938549 -142.968963 1350.241996 -232.12087 2087.814268 -292.167994 2362.882585 -244.595881 2250.750397 -211.181964 2227.724822 1402.394959 305.212847 -0.007166 -0.061937 0.07878 -0.001091 0.284168 0.559853 0.530408 1.086723 0.400796 2.445855 0.269858 1.830642 0.030418 -0.116059 0.436296 -0.013059 0.055134 0.068774 -0.00864 0.101481 -0.028683 0.401323 -0.003172 0.386139 0.643919 0.865686
71.528546 405.227799 155.90441 1682.386619 321.672095 3438.647879 420.271071 3921.005627 423.985097 4009.80649 360.513751 3900.807013 -62.900005 354.528996 -139.535489 1388.904331 -234.670534 2109.606891 -292.434679 2411.585575 -253.408486 2296.449274 -219.479006 2269.700959 1332.958747 237.213928 -2.9e-05 0.009133 -0.653906 -0.000246 -1.51437 -1.555892 -2.043636 -1.800932 -1.483778 -2.526139 -1.281423 -2.832744 -0.022462 0.009137 0.020865 0.272868 -0.006963 0.056573 -6.1e-05 0.248409 -0.077979 0.22964 -0.079932 0.195894 -0.881452 -4.279069
72.162341 400.580116 160.173965 1673.694394 328.502143 3443.984345 427.468094 3926.468659 429.433719 4014.866465 366.398209 3905.799253 -61.075536 351.876277 -146.561908 1384.55834 -230.275736 2084.53307 -286.688948 2395.476278 -246.600827 2273.923205 -211.540542 2240.271462 1326.876186 245.777832 0.001398 -0.013403 0.028838 -0.011256 0.035876 0.002069 0.030551 0.001902 0.017393 0.001595 0.023818 0.001596 0.013425 -0.004981 -0.086296 -0.003405 0.020771 -0.07495 0.028504 -0.026993 0.046346 -0.055513 0.073111 -0.096021 -0.006955 0.075929
74.110106 389.901027 154.93952 1631.735967 307.554027 3331.552075 394.869056 3775.097167 398.579764 3856.235748 343.255955 3771.210358 -58.79037 344.376468 -144.563826 1339.645384 -225.023443 2033.73062 -277.742281 2347.40169 -232.818638 2219.286558 -200.618411 2180.98346 1240.649739 224.678893 0.012969 -0.072138 -0.043478 -0.266316 -0.34505 -0.932907 -0.646399 -1.48772 -0.575049 -1.598649 -0.377442 -1.179858 0.021785 -0.040394 0.006857 -0.370257 0.030296 -0.313359 0.07091 -0.243652 0.198144 -0.332198 0.144743 -0.397537 -1.4483 -0.473358
74.267564 382.049346 159.805524 1622.556619 321.826267 3347.437718 415.545313 3798.481188 416.477769 3896.81619 357.57772 3810.464169 -58.892101 345.055897 -141.346661 1379.754841 -223.586486 2050.190468 -275.837932 2354.880079 -232.655872 2219.807039 -200.505721 2181.422594 1271.696082 234.385557 8.4e-05 -0.039932 0.037617 -0.012946 0.161844 0.018892 0.263802 0.0361 0.196537 0.106202 0.14635 0.101618 -4.4e-05 0.000335 0.018101 0.295811 0.002301 0.03317 0.003276 0.005947 2.8e-05 3.1e-05 1.6e-05 2.2e-05 0.191835 0.102632
74.458461 388.759166 175.542659 1642.13334 353.231805 3482.287088 455.708711 3979.289734 451.405734 4098.547095 386.254288 4000.850631 -59.279249 352.440633 -141.708935 1396.205804 -224.064008 2086.095009 -277.28146 2381.142066 -233.349891 2228.510356 -201.309677 2197.812299 1333.864178 282.670089 0.000123 0.029205 0.369458 0.058696 0.730931 1.331395 0.926226 2.101897 0.703123 2.54534 0.552982 2.320505 -0.000634 0.039094 -0.000232 0.048746 -0.000255 0.155836 -0.001884 0.072814 -0.000517 0.008514 -0.000804 0.03067 0.741764 2.259429
76.566474 387.928022 185.419117 1640.735378 371.913845 3502.94851 481.430639 4022.20025 472.994576 4160.796267 403.615717 4049.790516 -58.225306 356.690843 -137.857809 1455.6139 -222.463934 2106.421858 -274.016596 2408.272552 -233.426835 2270.635157 -201.662655 2242.214404 1370.980293 284.025374 0.014713 -0.000445 0.135143 -0.000298 0.240694 0.030557 0.353065 0.115061 0.252132 0.234584 0.190826 0.148754 0.004727 0.012737 0.026527 0.618851 0.002867 0.049276 0.009668 0.076843 -6e-06 0.197208 -0.000155 0.222025 0.254667 0.001621
83.737197 381.438062 195.554276 1637.106091 386.608961 3479.076687 497.961154 3937.054194 490.380307 4086.0316 420.241378 4000.327542 -57.973656 359.905253 -132.550009 1663.745373 -228.474992 2350.387371 -280.918798 2596.828792 -257.43422 2404.087897 -223.163517 2373.637741 1458.421792 221.729236 0.160461 -0.027373 0.134838 -0.002009 0.14236 -0.040809 0.139514 -0.455448 0.15689 -0.33891 0.167772 -0.151961 0.000272 0.007209 0.052098 6.951272 -0.040066 6.68234 -0.042926 3.552983 -0.587437 1.905275 -0.544439 1.871333 1.351494 -3.851316
79.831216 374.265074 176.309124 1493.953477 299.687672 2770.166277 370.826887 3185.822492 361.057071 3183.318621 308.838785 3075.25578 -63.940049 376.075561 -132.632576 1750.5602 -215.275169 2183.972674 -262.270084 2298.563588 -238.041321 2031.908305 -207.618842 2033.922815 1185.431069 128.691153 -0.046644 -0.034043 -0.498334 -3.274194 -5.526659 -40.339385 -9.352448 -39.72603 -9.87864 -56.26753 -8.561359 -60.733246 -0.146084 0.177661 -1.3e-05 1.10389 0.196365 -3.054806 0.320217 -9.094761 0.379664 -15.640486 0.280554 -13.11135 -14.13158 -12.576691
80.235352 374.283351 165.058666 1385.023688 272.224599 2270.242796 332.593738 2611.633763 323.342575 2529.371314 278.220187 2456.02744 -60.952715 376.640253 -128.297924 1683.932086 -209.952137 1925.613224 -221.67927 2054.583563 -231.88691 1781.553339 -195.9111 1779.627748 1102.875028 65.357596 0.00051 0.0 -0.185441 -2.061487 -0.659765 -24.853258 -1.039815 -28.504328 -1.039937 -37.553002 -0.799014 -34.77066 0.035732 0.000212 0.036007 -0.646343 0.033318 -8.129249 1.705263 -6.842529 0.040302 -8.226815 0.169876 -8.487894 -1.489687 -10.626347
79.206687 370.870735 161.716395 1364.037602 245.877453 1777.991211 288.643088 2005.612308 275.515506 1820.992364 237.594506 1778.219929 -64.81086 379.157972 -122.021651 1694.645573 -209.574717 1782.273439 -199.467595 1871.6088 -225.145775 1566.979325 -186.086958 1569.340141 998.782358 9.535728 -0.003318 -0.007814 -0.017093 -0.080104 -0.670352 -30.039518 -1.556639 -39.943451 -1.91288 -58.06087 -1.602333 -54.602915 -0.059194 0.004194 0.078695 0.016986 0.00017 -2.771656 0.58614 -4.26596 0.049718 -6.882025 0.126348 -6.608686 -2.579378 -24.964083
76.715137 374.372147 160.571153 1451.502225 213.952026 1597.439265 236.852918 1734.548497 223.729466 1485.278744 193.780759 1472.295423 -65.094039 380.209177 -121.436761 1738.87008 -179.297013 1683.505544 -175.61453 1737.770669 -199.497986 1430.464172 -171.279592 1444.443027 845.760659 0.515289 -0.019908 0.008225 -0.002035 1.35887 -1.109611 -4.832325 -2.558313 -9.83545 -2.693114 -17.088078 -2.230796 -14.42817 -0.000309 0.000728 0.000703 0.284823 1.180509 -1.407631 0.759227 -2.482256 0.77525 -3.110327 0.306901 -2.589103 -6.358233 -5.617662
79.328955 374.152078 162.997633 1510.019048 2.85601 1468.147449 -3.84374 1637.719558 -7.081009 1301.445008 -2.783567 1295.270752 -66.108418 380.875832 -125.762552 1797.162442 -103.200816 1610.585043 -83.83011 1670.924093 -78.683027 1336.496788 -71.360274 1339.742903 38.555764 -0.232886 0.021893 -3.2e-05 0.009098 0.578175 -167.369218 -2.727669 -301.042361 -1.390426 -310.41526 -6.070155 -243.014375 -5.667408 -0.003921 0.000292 -0.037852 0.480515 10.441967 -0.807211 16.777911 -0.655514 27.604834 -1.59605 21.528504 -1.969336 -523.157465 -1.441007
75.293325 356.809052 165.495674 1554.924901 8.825705 1188.335982 -0.094013 1233.214911 -0.326712 955.348247 0.019682 996.867631 -65.67476 366.46661 -128.378818 1698.255275 -37.343216 1369.816917 -16.668882 1391.658721 -13.510874 1098.456099 -14.512538 1127.632259 9.635601 -4.991901 -0.052674 -0.205772 0.009498 0.328985 1.640539 -14.777588 2.735486 -28.639496 4.365713 -26.696211 3.271374 -19.506881 0.000714 -0.138922 -0.013467 -1.399631 16.385257 -9.740998 25.736589 -12.759156 26.984194 -11.663348 21.510752 -9.13407 -9.642281 -3.068359
72.482394 337.353966 167.432069 1550.778222 25.704849 822.655554 5.606423 762.266075 4.640814 544.248159 5.895855 601.943574 -66.011141 356.303873 -117.210419 1692.76289 -61.581944 1332.728956 -46.397136 1356.493177 -41.84749 1039.999197 -37.650169 1055.455259 74.359898 -79.564468 -0.026737 -0.272684 0.005631 -0.002768 4.406583 -33.527306 7.152436 -56.369963 7.430218 -57.450055 5.234243 -49.542907 -0.00043 -0.071452 0.254078 -0.004448 -3.015456 -0.254497 -7.446295 -0.225 -7.802243 -0.799139 -5.412327 -1.19348 30.460377 -44.697721
68.315851 332.593738 161.48893 1550.803807 31.530723 625.647176 11.400442 473.341921 11.772936 318.228738 11.646845 391.00007 -64.946152 352.697766 -98.912494 1704.030642 -28.397902 1257.94352 -12.273624 1250.448651 -11.705339 952.592035 -12.170685 978.105752 46.956452 -169.653826 -0.061662 -0.016912 -0.053696 0.0 0.297273 -13.461799 1.017406 -34.254612 1.630515 -30.141857 0.969455 -22.665376 0.00433 -0.009171 0.775985 0.018689 6.342582 -1.079648 10.943996 -2.157719 9.288213 -1.918028 7.008316 -1.471584 -3.135523 -16.852923
71.077682 307.409897 151.46482 1479.321859 14.44477 370.197243 1.490014 204.890136 2.980944 128.340326 3.008567 194.075674 -65.24065 327.993189 -92.051858 1676.296769 -13.616308 1117.328469 -3.270663 1060.392117 -2.603404 817.168268 -2.924969 866.295179 11.155918 -297.818416 0.027363 -0.495678 -0.160581 -0.843262 -3.292755 -33.320945 -4.647442 -55.389892 -2.905764 -42.383068 -2.81644 -34.136175 -0.000333 -0.448454 0.123278 -0.113773 2.686124 -4.165828 2.872605 -7.828921 3.268141 -5.188986 3.162696 -3.392189 -12.337166 -17.912307
71.083512 281.224579 143.801168 1439.4462 8.908752 339.44119 0.063549 196.635001 0.510338 124.521082 0.615064 185.120721 -69.263828 323.009868 -83.374824 1681.205744 -14.478521 1083.567074 -5.155964 1017.848675 -4.309924 785.524146 -3.966505 833.225423 7.786417 -284.53962 0.0 -0.582713 -0.099472 -0.2724 -0.665651 -0.666804 -0.938133 -0.084869 -1.024471 -0.028845 -0.902998 -0.105753 -0.060182 -0.019074 0.214725 0.003589 -0.013234 -0.258963 -0.213608 -0.435497 -0.213933 -0.312427 -0.079161 -0.321771 -0.302096 0.15141
68.095075 263.534339 123.726667 1348.01372 5.174536 344.806989 -0.036338 184.134958 0.12331 132.349877 0.147353 194.637444 -69.188745 308.838523 -62.956224 1632.05356 -10.737308 1043.096131 -3.41266 939.377393 -3.645634 762.073466 -3.509798 817.170057 5.109902 -259.253036 -0.032087 -0.287308 -0.754229 -1.499958 -0.50409 0.021039 -0.195995 -0.205233 -0.131932 0.119329 -0.160316 0.119263 2e-05 -0.15894 1.431578 -0.364606 0.279082 -0.385121 0.179213 -1.573712 0.027783 -0.177684 0.013963 -0.078097 -0.280801 0.588236
64.047141 258.3903 121.42034 1329.052163 3.448241 304.278464 -0.556076 150.219604 -0.090646 103.005812 -0.048254 163.197603 -73.276795 308.993517 -64.200736 1656.452199 -10.280192 999.35151 -3.329381 859.222852 -3.793527 695.116997 -3.53971 758.874747 2.711367 -262.955206 -0.062015 -0.02535 -0.010849 -0.067153 -0.174571 -1.266525 -0.308114 -1.724555 -0.425404 -1.836469 -0.364252 -1.383848 -0.058665 1.9e-05 -0.00609 0.090513 0.004972 -0.468509 0.000514 -1.786929 -0.00147 -1.539105 -6.3e-05 -1.078493 -0.376856 -0.013123
64.980886 248.31448 120.488444 1325.210656 2.315945 379.090369 -0.86734 227.756556 -0.336792 158.60721 -0.235283 222.519901 -72.246316 313.447113 -59.319457 1687.883708 -10.940407 681.515842 -3.845785 458.271036 -8.2252 361.945841 -7.475943 434.042907 5.23322 -41.356974 0.003379 -0.100189 -0.001795 -0.00278 -0.112306 4.107366 -0.03445 8.038329 -0.077988 5.976839 -0.070433 4.589103 0.003649 0.015933 0.096487 0.147707 -0.010273 -30.323338 -0.018607 -62.492778 -0.846884 -53.878496 -0.727277 -45.077593 0.410881 95.74534
69.563274 261.136092 133.689256 1391.204042 5.654567 431.755456 8e-06 273.706033 0.090241 188.675708 0.147104 255.817249 -69.232083 318.747141 -46.9491 1703.117068 -5.718499 513.867794 -1.110717 286.258526 -5.244557 223.283962 -4.469416 291.133639 6.710697 -1.456274 0.078058 0.16137 0.343026 0.80175 0.732925 1.712127 0.872615 2.109634 0.775701 1.304146 0.754467 1.160332 0.032113 0.022217 0.722451 0.034217 0.839588 -11.814386 0.822943 -20.142949 0.333923 -16.664235 0.384546 -14.220876 0.091735 27.292028
66.567963 267.842996 129.452084 1428.297449 3.934235 431.169036 -0.110359 268.140016 -0.000934 183.320133 0.001557 252.22241 -73.533459 330.757587 -44.980621 1862.507815 -4.17033 455.691025 -0.659848 224.837863 -3.474911 171.493163 -3.036068 235.345237 3.361902 0.197169 -0.032957 0.04252 -0.034116 0.244011 -0.155585 -0.000199 -0.112246 -0.028589 -0.109537 -0.038554 -0.118395 -0.012719 -0.064813 0.111056 0.021078 3.564328 0.12194 -1.746974 0.058368 -3.704015 0.181466 -3.411961 0.138137 -2.964157 -0.572977 2.725135
68.17158 273.147691 128.33803 1444.139829 3.347437 436.13211 -0.247408 270.818197 -0.00358 186.147497 7e-06 255.446918 -71.750776 339.281702 -41.702907 1851.518681 -4.167227 456.863063 -0.523861 234.258778 -3.118637 184.084168 -2.671179 245.234708 2.910898 0.00575 0.009543 0.026008 -0.002407 0.043688 -0.023682 0.014201 -0.02729 0.006654 -0.000857 0.010818 -0.001353 0.01024 0.010937 0.054223 0.061991 -0.016257 1e-06 0.000753 0.007837 0.096671 0.009632 0.222994 0.011676 0.101765 -0.016234 -0.135579
69.527734 278.069984 132.107418 1491.954315 3.173793 432.580759 -0.384812 256.479625 -0.03072 178.659327 -0.004773 248.197041 -72.05509 339.266606 -41.545972 1812.202946 -3.612376 407.562596 -0.366046 196.719427 -3.079625 154.374761 -2.611373 213.187059 2.495185 0.886585 0.006678 0.021978 0.027278 0.389357 -0.002312 -0.007259 -0.015112 -0.194987 -0.013326 -0.076861 -0.005148 -0.052183 -0.000322 -0.0 0.000148 -0.210956 0.019812 -1.407013 0.014105 -1.638002 0.000123 -1.306445 0.000339 -1.121576 -0.016007 0.749541
70.236418 274.437717 132.860504 1523.928526 4.083199 457.192709 -0.079437 267.576609 0.055952 184.138921 0.111552 255.108842 -69.891119 337.648141 -42.459624 1831.749082 -3.742192 439.442111 -0.359558 225.51015 -2.867485 169.953749 -2.459517 230.732866 3.724537 0.284247 0.001797 -0.01194 0.00107 0.169499 0.057206 0.34046 0.114573 0.117503 0.169589 0.041383 0.162473 0.047461 0.016496 -0.001935 -0.004969 0.052423 -0.001146 0.600152 2.9e-05 0.982725 0.003785 0.374381 0.002274 0.346882 0.122703 -0.166821
69.247161 266.011156 129.967254 1525.559479 4.995711 469.681332 0.005453 272.639568 0.578857 186.149896 0.601185 257.203697 -69.542744 324.887586 -44.225404 1797.322014 -4.480057 440.3205 -0.544315 226.717034 -3.671354 170.320362 -3.140105 230.170284 7.165816 0.351639 -0.003508 -0.065697 -0.015925 0.000436 0.045974 0.084139 0.126514 0.023726 0.274875 0.005461 0.194804 0.004283 0.000435 -0.122897 -0.017986 -0.163299 -0.033175 0.000439 -0.019084 0.00161 -0.049601 0.000197 -0.041514 -0.000343 0.558006 0.003581
69.299052 268.040471 129.983834 1517.519427 4.994592 470.177757 0.003943 273.399786 0.458299 187.281426 0.496186 258.053632 -69.458717 327.041244 -44.521442 1792.044864 -2.985844 434.855103 -0.023422 220.710528 -1.685651 168.200505 -1.556022 229.918239 3.901825 0.512465 1e-05 0.003856 1e-06 -0.010621 -0.0 0.000131 -0.000122 0.000529 -0.007031 0.001714 -0.005035 0.000701 2.5e-05 0.003557 -0.000494 -0.003879 0.151053 -0.017066 0.341917 -0.040319 0.381617 -0.006637 0.275235 -6.9e-05 -0.492243 0.015098
69.083082 267.718295 129.875536 1513.79283 5.311683 457.458347 0.027965 270.115259 0.52405 183.819332 0.488128 253.766275 -69.611056 326.114524 -44.169215 1800.461704 -1.618284 428.107982 0.166529 215.361626 -0.730875 165.304608 -0.644024 226.700386 2.492691 0.491282 -0.000169 -9.7e-05 -2.3e-05 -0.002291 0.004879 -0.087206 0.010906 -0.009924 0.002203 -0.01615 -3.3e-05 -0.017957 -8.3e-05 -0.000657 0.000699 0.00986 0.207791 -0.026377 0.314857 -0.032806 0.196616 -0.012573 0.197932 -0.011338 -0.157195 -0.000224
68.598136 270.00335 119.94791 1494.720171 4.959274 336.343813 0.043572 153.727292 0.783902 105.161969 0.589128 166.894626 -73.601659 329.136375 -44.086898 1843.415408 -1.834486 353.100973 0.053008 145.193949 -1.097396 108.833815 -0.947439 160.912121 3.736291 -0.031504 -0.000854 0.004855 -0.197333 -0.060457 -0.006048 -9.293945 0.001723 -16.293353 0.026072 -10.910786 0.004745 -9.067764 -0.05561 0.006968 3.8e-05 0.253176 -0.006776 -3.609199 -0.031629 -6.893561 -0.037116 -5.879361 -0.029191 -5.623816 0.125403 -0.771602
64.226289 271.080893 120.519393 1466.285914 5.62159 364.403743 0.064156 172.292287 0.862722 117.91453 0.678531 185.268672 -74.894319 332.88284 -42.88824 1859.54154 -2.837386 365.995801 -0.0326 156.324738 -2.460162 109.695548 -2.100294 163.824566 6.236599 0.148442 -0.071968 0.001073 0.000679 -0.136529 0.020749 0.562025 0.001985 0.529016 0.001888 0.36481 0.003157 0.479658 -0.005626 0.010601 0.00826 0.035114 -0.108915 0.115624 -0.168748 0.205521 -0.271362 0.001699 -0.226457 0.013061 0.318513 0.316716
65.459165 277.041123 121.906587 1475.513015 5.231257 373.551698 0.03237 187.613805 0.661616 129.454525 0.47646 196.173567 -75.006656 340.063907 -42.921504 1877.299754 -2.848581 387.815506 -0.036009 174.793623 -2.469388 126.543819 -2.088356 182.384458 5.687398 0.016548 0.00586 0.032406 0.003969 0.014471 -0.007022 0.056703 -0.005384 0.326273 -0.013324 0.269322 -0.017814 0.15591 -4.2e-05 0.038316 -6e-06 0.042196 -1.1e-05 0.315861 -8.5e-05 0.515473 -9e-06 0.601564 1.7e-05 0.497846 -0.012654 -0.065865
65.581615 274.113742 124.810245 1468.794531 5.271633 399.103584 0.02717 209.389714 0.666025 142.821652 0.51889 211.023786 -75.039543 338.459329 -43.72272 1873.346033 -2.52423 397.678095 -0.001509 185.168531 -1.819911 135.28193 -1.510163 191.763287 4.687851 0.102224 5.7e-05 -0.007774 0.017087 -0.007665 7.8e-05 0.422619 -0.000227 0.597661 7e-06 0.328321 0.000905 0.270879 -4e-06 -0.001897 -0.003705 -0.002084 0.009799 0.061919 0.022774 0.149545 0.049456 0.145852 0.046754 0.117569 -0.04826 0.036514
65.964998 283.520727 128.462709 1490.637011 5.312563 417.02472 0.023589 226.987973 0.612146 158.015157 0.488978 227.907297 -73.762619 347.876353 -48.904115 1884.571982 -3.146361 428.650976 -0.038552 209.711333 -1.933827 149.337098 -1.62264 208.88326 4.722009 0.122536 0.000559 0.079351 0.026338 0.080607 7.9e-05 0.196786 -0.000127 0.354996 -0.001136 0.383912 -0.000444 0.324833 0.005479 0.064607 -0.145033 0.016768 -0.034231 0.580675 -0.024805 0.763437 -0.001729 0.347251 -0.00202 0.365943 6.2e-05 0.00092
67.072342 293.674878 133.806924 1507.935905 5.063416 432.049404 -0.005494 240.253099 0.152951 168.226982 0.204684 238.750182 -68.737817 357.723865 -68.212384 1877.036473 -5.949541 499.846794 -0.633349 285.745751 -2.372984 200.999723 -2.124299 271.448292 3.730844 -1.457338 0.004609 0.089324 0.054455 0.049899 -0.002992 0.132944 -0.051852 0.188339 -0.153122 0.159861 -0.060935 0.125985 0.088619 0.06872 -1.602582 -0.007548 -0.442717 2.733618 -0.359383 5.869003 -0.022448 3.830167 -0.033734 4.092099 -0.058312 -2.425042
71.652659 293.350711 171.870066 1504.762787 12.3149 473.277732 0.752232 303.379564 1.127363 205.383485 1.61767 278.203684 -64.279275 355.58305 -95.755664 1847.530986 -9.488979 676.438127 -1.144515 483.953576 -2.543481 337.629029 -2.217214 416.750287 7.057539 -16.349713 0.075635 -9e-05 2.379085 -0.001671 1.585221 0.93925 0.886305 3.677552 0.449816 1.852245 0.671509 1.507728 0.074743 -0.003213 -2.329907 -0.116871 -0.411202 13.331046 -0.075069 25.958302 -0.002957 17.616885 -0.000994 15.513947 0.525717 -8.044456
74.366785 292.553438 219.852688 1500.705639 26.267561 477.37817 4.946089 328.409674 4.818839 216.936217 6.256934 289.934446 -64.909074 356.112857 -137.903652 1834.140035 -17.818412 711.886416 -2.894447 533.818231 -3.00621 356.222083 -2.497379 435.267611 15.43726 -17.181786 0.025226 -0.000542 2.949833 -0.002738 2.611228 0.008843 1.840546 0.496014 1.284623 0.158044 1.511694 0.12112 -0.001535 0.000197 -3.83281 -0.024353 -1.30135 0.452627 -0.398776 1.222267 -0.019325 0.249163 -0.008332 0.201247 1.619066 -0.010325
72.691971 295.045563 257.391377 1332.265516 38.142655 460.664368 11.568519 308.294335 8.332163 210.002319 10.550763 284.516697 -65.007266 362.011784 -170.658285 1776.05574 -25.999695 710.288561 -6.107903 535.434696 -4.976385 364.312496 -5.87905 449.605223 26.187066 -21.118759 -0.009537 0.005285 1.478635 -5.01191 1.10415 -0.148913 1.38597 -0.31783 0.477983 -0.05631 0.557721 -0.025548 -3.7e-05 0.024228 -1.743419 -0.467288 -0.770539 -0.000898 -0.593069 0.001222 -0.246948 0.045422 -0.712953 0.116164 1.412062 -0.202881
74.017517 288.014471 288.030252 1123.853224 44.653021 317.443986 16.619956 189.810238 11.19216 134.868193 13.726877 209.084716 -63.616125 355.312677 -180.446222 1638.689496 -25.951697 653.882015 -6.517571 472.248068 -5.106103 332.347031 -6.444387 422.132164 31.417565 -43.786158 0.005988 -0.042395 0.861244 -8.858316 0.256358 -13.294303 0.456308 -14.297086 0.210608 -8.283921 0.208654 -5.797793 0.007523 -0.031282 -0.136458 -2.764061 2.2e-05 -1.166665 -0.006648 -1.983006 -0.000834 -0.733737 -0.012974 -0.433018 0.237956 -4.08685
78.290419 284.626998 317.151586 962.79908 52.736131 223.237249 23.007346 105.135198 16.649906 81.491056 19.987665 146.086622 -57.60677 351.854474 -189.423165 1498.377202 -26.878004 620.870728 -7.483083 449.4537 -5.036266 327.329216 -6.632058 417.242505 40.000467 -82.174265 0.059949 -0.010019 0.701065 -6.224607 0.336021 -8.270408 0.518169 -12.415884 0.540168 -6.687587 0.586414 -5.631756 0.149042 -0.008456 -0.108954 -3.139461 -0.008121 -0.427506 -0.033331 -0.281904 0.00024 -0.019084 -0.001347 -0.014242 0.517615 -5.992172
81.392781 270.928607 363.85177 789.302287 62.571892 108.821566 29.486982 24.424807 22.003345 19.6227 24.906699 62.180653 -57.358313 340.028515 -200.460485 1477.571816 -22.485429 598.017239 -5.673462 424.955966 -4.336173 312.544087 -6.038205 404.715622 45.875157 -175.540368 0.03014 -0.168907 1.603132 -8.611171 0.42026 -20.334405 0.401442 -28.210967 0.372518 -21.136896 0.270301 -17.649736 0.000268 -0.101075 -0.156261 -0.072728 0.195824 -0.214264 0.125047 -0.343235 0.026184 -0.170838 0.013925 -0.095462 0.201177 -17.507217
91.291363 268.84556 398.866718 718.65606 59.957987 67.673863 24.982759 7.309008 18.88454 5.819255 22.422614 35.462578 -53.991761 335.903863 -198.623393 1428.806588 -9.796271 571.716932 -0.03519 400.29016 0.156631 306.804168 -0.039524 404.239001 15.601463 -228.116105 0.283936 -0.004019 0.804159 -1.655759 -0.027884 -4.863547 -0.186552 -5.011457 -0.11912 -4.070058 -0.065234 -3.726539 0.050904 -0.012585 0.004228 -0.409137 2.598482 -0.295705 4.815006 -0.368701 6.141048 -0.026598 5.10069 -0.00014 -7.970749 -3.438607
82.460611 268.462738 375.818939 553.559315 48.338214 39.650029 16.805535 0.976761 12.529661 1.845085 15.827796 22.77517 -61.036693 333.699665 -212.809349 1263.161584 -4.908223 524.786325 0.751147 363.863083 2.258874 297.810547 0.596701 404.080289 4.148437 -252.773402 -0.224552 -0.000136 -0.342925 -10.757875 -0.625183 -3.723301 -0.807878 -2.94193 -0.649488 -1.110861 -0.572801 -1.398809 -0.215937 -0.003628 -0.244634 -5.101154 0.836216 -1.004781 1.111502 -0.868731 1.225868 -0.066894 0.943365 -1.6e-05 -3.659942 -0.632559
86.803522 267.354502 380.414919 455.569394 36.333473 25.955068 11.011951 0.265589 7.925899 1.126736 9.427388 19.16143 -60.057397 330.80019 -215.916593 1163.563717 -0.909637 517.771579 5.356519 372.813166 9.524265 307.375829 4.632408 413.816296 -0.073356 -271.282601 0.055723 -0.001146 0.013966 -4.76885 -0.855336 -1.445322 -0.610007 -0.22369 -0.524797 -0.088126 -0.824484 -0.155991 0.00396 -0.006326 -0.01126 -2.044714 1.591892 -0.023599 2.095917 0.054371 2.506477 0.075597 1.903955 0.057949 -5.325086 -0.326966
85.287713 256.988471 337.012703 392.000992 20.084834 23.462988 0.482452 0.376141 0.098727 1.417684 1.573596 19.283338 -55.525185 310.73858 -214.691114 1026.255108 -0.094789 518.536803 8.283303 397.56453 15.094599 349.584925 8.321809 447.149385 -12.751812 -306.478415 -0.006676 -0.102476 -1.314055 -2.3872 -2.390471 -0.062876 -6.884527 0.009594 -6.255443 0.016689 -3.297764 0.000193 0.088892 -0.313751 0.001744 -4.309083 0.417148 0.000283 0.31771 0.397719 0.638459 1.357349 0.536485 0.645503 -10.890821 -1.073019
78.259253 245.998316 325.406382 404.783254 9.0503 31.298941 -0.745851 2.247605 -1.596393 4.013856 -0.051129 26.781277 -61.148784 289.321761 -232.174451 962.091417 -2.438362 497.82842 2.02994 395.798545 6.395938 348.867705 2.606011 445.154897 -14.383083 -278.040266 -0.151094 -0.120081 -0.101686 0.102535 -2.170433 0.563528 -2.428032 0.784815 -2.489116 0.660637 -2.192018 0.614316 -0.135605 -0.382317 -0.342143 -1.035547 -1.57163 -0.210988 -2.112119 -0.001965 -1.839164 -0.000368 -1.614018 -0.002229 -0.049078 0.6922
73.803578 274.504076 403.733916 470.825817 20.678407 54.370412 -0.142689 17.195785 -0.72382 27.929958 1.124592 72.554648 -69.339993 315.692719 -260.120383 938.124965 -5.625053 512.010419 0.836892 419.705448 4.019089 364.358061 0.837508 465.689078 -8.154122 -190.530687 -0.065293 0.781157 4.219356 2.494173 2.368459 3.16514 0.236084 7.009673 0.170328 10.767711 1.655299 11.17457 -0.257348 0.574993 -0.793839 -0.151144 -0.656414 0.09959 -0.26004 0.350497 -0.274841 0.168235 -0.488824 0.231492 0.877896 8.2441
75.96064 286.245567 406.182968 492.128508 17.960168 103.160371 0.021213 56.790712 -0.202543 72.23745 0.822543 131.245212 -68.070091 330.015887 -297.035635 926.021238 -5.515147 496.835611 1.274913 402.786178 4.502618 371.309809 0.941999 470.3105 -6.615107 -115.995896 0.015535 0.122941 0.003703 0.23566 -0.095733 7.745979 0.273935 11.486549 0.160583 10.332249 -0.02357 8.633775 0.005868 0.158878 -1.224284 -0.039295 0.000542 -0.114134 0.045926 -0.174039 0.013729 0.032846 0.00307 0.011409 0.080405 9.199976
78.765316 295.696817 465.236232 514.040757 51.601875 161.954754 11.864531 96.313399 6.468832 107.559085 15.004627 177.155037 -64.320283 339.484952 -311.068797 890.530005 -5.068769 511.400847 1.186929 446.837555 3.938788 409.944346 0.783543 509.137924 0.312204 -97.535629 0.025422 0.076753 2.003227 0.23863 8.675974 6.601585 10.882384 5.189183 8.960669 3.503665 8.800949 3.436314 0.053115 0.066966 -0.161942 -0.346742 0.009417 0.105212 -0.001573 1.142759 -0.018851 0.955861 -0.007291 0.769904 9.801514 0.799462
83.69335 301.961926 481.661758 550.151701 65.102359 181.764121 20.855178 106.297456 13.386042 115.382043 22.391324 186.710712 -62.665187 342.912713 -336.193852 921.842241 -13.511838 517.455072 0.003579 448.126345 0.892443 406.192939 -0.086128 507.093611 7.365808 -88.597518 0.074761 0.032839 0.142475 0.612848 0.783506 0.571306 1.259454 0.246142 1.243904 0.137295 0.736793 0.125495 0.010787 0.008609 -0.487829 0.27051 -2.029065 0.017813 -1.060159 0.000928 -1.081488 -0.008622 -1.389228 -0.002056 4.645104 0.214728
90.054297 307.961986 509.456519 546.875589 85.994196 175.257884 35.14289 97.556203 26.272112 104.215621 37.557038 171.349376 -56.949428 353.216066 -348.841989 909.006192 -16.946034 550.463579 -0.019591 490.881937 0.447405 435.350621 -0.44213 534.918234 19.862617 -113.559973 0.116477 0.029513 0.389813 -0.004892 1.451308 -0.059289 1.853402 -0.187499 2.15191 -0.284087 1.950024 -0.329664 0.136641 0.076254 -0.116774 -0.044997 -0.194226 0.510255 -0.039916 0.973894 -0.07607 0.505277 -0.137977 0.371564 3.037169 -1.547105
89.278629 305.493858 500.986346 524.604669 92.160831 156.865576 41.721424 84.66184 30.003136 90.784926 40.402536 154.506686 -56.391513 353.143536 -341.172652 911.611552 -14.164559 594.792733 0.015275 541.700786 0.736276 470.075531 -0.176439 572.310105 21.339285 -147.698153 -0.001678 -0.004965 -0.035502 -0.231478 0.106758 -0.509655 0.282034 -0.456797 0.123819 -0.46307 0.051947 -0.43557 0.001373 -4e-06 0.042623 0.001864 0.12459 0.85824 0.069462 1.25129 0.03579 0.66613 0.059968 0.631555 0.02647 -2.239993
89.331689 300.367114 480.401023 504.175135 78.609658 126.44829 31.996854 59.030732 21.886463 63.69226 30.154424 119.765785 -57.7264 343.072886 -342.664082 877.500519 -15.146957 575.771902 -0.010616 520.424325 0.65753 457.744275 -0.230874 557.780256 14.956896 -179.941192 8e-06 -0.021691 -0.21592 -0.202865 -0.538513 -1.637571 -0.644225 -2.304448 -0.638744 -2.394352 -0.748216 -2.209136 -0.007808 -0.072839 -0.001626 -0.325208 -0.016468 -0.154548 -0.051359 -0.213126 -0.002226 -0.081948 -0.003654 -0.093411 -0.565552 -1.590381
76.048927 305.744721 428.596062 499.288193 57.127195 80.303198 18.564104 21.432521 12.068884 29.442479 17.721576 74.673733 -68.915834 341.277855 -361.268441 877.997001 -18.193364 597.668269 -0.278839 548.942567 0.161911 481.001313 -0.755052 580.230584 9.435021 -272.436472 -0.534274 0.023856 -1.477418 -0.0119 -1.710747 -5.215366 -1.817018 -9.324589 -1.450259 -6.52624 -1.642509 -5.300857 -0.495288 -0.002354 -0.245892 7e-05 -0.139472 0.204311 -0.180639 0.380335 -0.166873 0.288136 -0.150888 0.221468 -0.633245 -9.556962
66.609062 289.847271 389.611728 488.329588 49.597693 53.732095 14.681167 7.099412 9.323633 11.156167 13.521371 43.474027 -76.363047 327.80884 -355.104067 898.218715 -17.217975 596.501282 -0.195502 543.266336 0.266096 470.478298 -0.579633 565.549785 6.4395 -336.738166 -0.312667 -0.212204 -0.929252 -0.0608 -0.265937 -2.660119 -0.227536 -3.861441 -0.176877 -4.351428 -0.283619 -4.193947 -0.191003 -0.135582 0.026523 0.115113 0.013436 -0.00057 0.007378 -0.01475 0.012874 -0.058192 0.011578 -0.094056 -0.285189 -3.403203
69.689105 276.817253 382.339378 463.85944 50.127169 40.432548 16.26143 2.995889 9.700653 6.058926 14.64579 31.914438 -71.065522 315.950277 -326.209306 871.701155 -9.476517 563.188332 0.329858 514.945028 2.699162 452.800206 0.104721 543.049631 2.165826 -354.102597 0.034806 -0.149827 -0.034256 -0.314479 0.001406 -0.943926 0.040379 -0.871625 0.003736 -0.771931 0.022452 -0.891508 0.095208 -0.109231 0.612995 -0.198659 1.147169 -0.478568 1.033249 -0.379055 1.27028 -0.169257 1.177098 -0.228355 -1.136234 -0.218264
73.345232 240.332235 347.531252 413.493348 18.173107 28.713323 0.709264 0.475911 0.18482 2.613738 1.333635 23.868524 -65.369402 277.283941 -295.335683 817.801207 -5.422302 522.189414 1.313078 475.130446 5.136533 412.616907 1.132824 500.034375 -3.372676 -349.550433 0.046735 -1.288619 -0.830486 -1.446873 -7.935836 -1.000356 -10.178451 -1.083683 -7.207505 -0.713658 -7.14039 -0.583305 0.118958 -1.261455 0.767257 -0.86 0.562217 -0.77462 0.326685 -0.800869 0.388727 -0.933405 0.548691 -0.88732 -10.943917 0.014725
72.123309 239.870812 313.142163 426.090213 3.70565 39.490397 -3.464142 4.0475 -4.369674 7.016318 -1.423652 33.465022 -65.493746 278.985253 -288.11523 871.931 -3.864569 538.787431 2.272394 489.508361 6.733893 425.548045 1.993276 513.657913 -21.952516 -323.279771 -0.005132 -0.000222 -0.89561 0.094505 -5.46618 0.856841 -7.308363 1.747624 -6.351832 1.065287 -5.513103 0.808837 -5.9e-05 0.002602 0.04468 0.867234 0.131575 0.129838 0.130718 0.107157 0.107966 0.099756 0.120751 0.091551 -8.116041 0.513065
72.641517 244.605996 336.951102 453.758494 9.976071 55.786494 -0.165013 10.10862 -0.763857 14.126752 -0.000332 46.657034 -66.281446 279.550773 -287.104291 899.562835 -4.947375 501.44532 1.470189 418.330759 5.021963 363.913225 1.195444 459.100666 -9.702992 -234.639673 0.000928 0.023141 0.436134 0.435145 1.521486 1.403981 2.117034 1.363209 1.479599 1.231487 1.38053 1.093487 -0.002354 0.000286 0.000888 0.215514 -0.06678 -0.670467 -0.086985 -2.794581 -0.125317 -2.409654 -0.101424 -1.531129 2.466121 7.086403
80.12978 232.554285 356.192947 473.540414 13.780105 102.044068 0.02485 45.032504 -0.179681 46.747543 0.287671 92.649025 -59.704919 273.221775 -272.813402 927.391258 -4.003784 451.283347 2.057668 340.324073 5.824188 288.378188 1.610454 381.825749 -8.049833 -102.910557 0.183633 -0.15222 0.267131 0.211026 0.306544 6.93085 0.317935 12.469519 0.202591 9.47815 0.307535 7.811136 0.171765 -0.036233 0.182404 0.211956 0.049873 -1.321452 0.049259 -4.021072 0.029709 -4.388221 0.030861 -3.558024 0.077139 26.764777
75.378067 233.374703 363.544858 476.539141 17.045872 122.290596 0.350005 59.070237 -0.003635 61.962454 0.865259 115.178629 -64.754586 281.834988 -283.598012 936.728156 -5.705393 427.573405 1.002527 306.332711 3.641549 260.429875 0.749474 355.782412 -3.875286 -68.330335 -0.072614 0.000722 0.03755 0.004732 0.173479 0.915507 0.188332 0.950801 0.132203 1.069995 0.155113 1.224772 -0.102482 0.066833 -0.104526 0.023383 -0.150273 -0.319884 -0.187658 -0.893992 -0.255077 -0.712103 -0.162663 -0.45991 0.75455 3.527889
80.617654 237.269012 373.069738 490.524056 22.515229 140.201073 1.708791 67.752977 0.565606 71.761581 2.939094 129.371124 -58.358689 284.078918 -281.156613 936.297224 -10.699334 397.566075 -0.001423 270.436423 0.541842 231.304202 -0.019693 322.404364 0.000255 -45.39347 0.088019 0.016112 0.061584 0.101125 0.379896 0.611752 0.512077 0.297574 0.659925 0.359517 0.614947 0.412179 0.16625 0.004449 0.005277 -5e-05 -0.778607 -0.545809 -1.079487 -1.11812 -1.374018 -0.863322 -1.01214 -0.821875 3.938409 2.337073
80.89597 243.894213 373.007342 503.349107 23.634654 150.081746 1.985382 78.304316 0.687181 81.578704 3.253255 139.908654 -59.945849 290.090206 -290.452691 931.940315 -13.75832 381.968788 -0.26166 263.717442 0.111921 230.227755 -0.314533 320.303868 0.244449 -37.713906 0.00024 0.045614 -3e-06 0.082751 0.013579 0.168208 0.010369 0.381619 0.005913 0.314578 0.007974 0.206258 -0.010647 0.031469 -0.075596 -0.00508 -0.192052 -0.156054 -0.224492 -0.04226 -0.161245 -0.001255 -0.176822 -0.003432 0.228914 0.355577
79.070256 245.51397 376.473467 537.607166 23.290567 155.40985 1.964441 77.170499 0.636365 80.79117 3.076529 142.098209 -61.745903 293.671712 -287.658617 936.705535 -10.023909 394.513039 0.013641 266.675203 0.772162 232.497479 -0.000214 325.66443 -0.006561 -39.181054 -0.010419 0.00268 0.008015 0.563872 -0.001262 0.046467 -5.6e-05 -0.004134 -0.000976 -0.00191 -0.002468 0.0085 -0.013314 0.010987 0.006752 0.006076 0.295028 0.101334 0.394789 0.008247 0.296133 0.005567 0.298337 0.022243 -0.331108 -0.013998
78.761507 241.390581 373.9942 568.781839 23.799211 147.258636 2.310469 68.625192 0.846845 70.678847 3.204811 129.692129 -63.489445 291.10013 -290.479001 974.352233 -11.972603 384.396996 -0.066562 247.276616 0.175906 210.840394 -0.113159 303.006038 0.250832 -37.372106 -0.000302 -0.01746 -0.004095 0.439291 0.002747 -0.109781 0.014027 -0.250642 0.015011 -0.337933 0.00131 -0.28329 -0.012137 -0.005654 -0.00688 0.370845 -0.086489 -0.065693 -0.140468 -0.36622 -0.210972 -0.529291 -0.10353 -0.408457 0.33853 0.021376
79.1982 238.28269 374.042615 590.937931 27.014019 144.66776 4.154752 66.620835 1.869088 67.792379 4.489676 127.024757 -63.747261 289.974435 -287.686014 981.524354 -12.114751 384.689438 -0.103168 249.811875 0.184099 211.937775 -0.107038 304.166808 0.879992 -39.998921 0.000604 -0.010068 2e-06 0.211662 0.101798 -0.011497 0.268633 -0.014853 0.199723 -0.030088 0.108035 -0.013858 -0.000261 -0.00109 0.006746 0.01315 -0.000419 5.6e-05 -0.003994 0.006465 9.3e-05 0.001424 8.5e-05 0.00111 0.191186 -0.044604
77.574282 237.282968 374.336743 618.077865 30.46903 142.803595 5.575797 65.155945 2.757098 64.600234 5.726783 123.500291 -64.583611 287.363402 -298.883373 976.359668 -21.004883 379.005017 -2.4094 246.148851 -0.491315 208.720477 -1.905559 300.911552 5.576163 -41.084696 -0.008411 -0.001051 5.8e-05 0.304656 0.103925 -0.006044 0.104324 -0.008142 0.086028 -0.038489 0.075177 -0.024793 -0.002725 -0.005904 -0.106886 -0.006812 -1.215469 -0.021156 -1.515427 -0.013527 -1.276913 -0.012304 -1.109341 -0.008757 2.025815 -0.00727
77.498599 242.349125 373.126383 641.105164 37.807305 149.500411 9.486556 68.38235 5.263781 65.66778 8.910033 125.315536 -65.862988 289.734593 -303.30046 985.805198 -23.163626 387.927553 -3.070583 258.938298 -0.777971 216.675777 -2.504817 310.047238 10.089006 -43.776022 -1.8e-05 0.026757 -0.00098 0.210573 0.395501 0.076724 0.516548 0.038982 0.401755 0.004374 0.350343 0.006622 -0.006274 0.004871 -0.0162 0.022735 -0.052786 0.051904 -0.040034 0.161948 -0.032793 0.074392 -0.040902 0.068307 0.66411 -0.042688
75.132097 248.876422 363.61089 674.934318 45.908065 152.608097 15.545363 68.657933 9.704681 65.915774 13.614571 125.238916 -65.502525 296.281995 -305.00285 1024.817035 -24.75887 401.140524 -3.625178 272.141407 -1.057197 223.63212 -3.167287 316.726074 17.168052 -46.723808 -0.018347 0.043369 -0.061452 0.434866 0.392859 0.015984 0.744313 0.000277 0.673944 0.000234 0.496778 -1.2e-05 0.000495 0.036577 -0.002382 0.378506 -0.026559 0.110634 -0.023007 0.164146 -0.021367 0.054954 -0.038819 0.035586 0.935312 -0.048021
76.172999 254.881837 365.138002 705.937648 52.81234 155.197633 21.042242 68.111233 14.030104 61.248312 18.020667 118.65123 -62.497702 309.284177 -291.093926 1125.513626 -27.93117 485.977027 -5.349197 362.600778 -2.486042 285.199211 -5.25107 377.340129 28.327907 -82.114625 0.00358 0.035797 0.0016 0.348087 0.24173 0.010893 0.415279 -0.001093 0.39746 -0.085687 0.308339 -0.088986 0.035274 0.139602 0.162293 2.359025 -0.095584 4.065844 -0.167153 6.478909 -0.300872 3.738452 -0.261974 2.651833 1.389951 -4.956102
74.654393 279.891257 347.172106 852.47638 67.572794 157.723607 36.605128 58.421315 27.056105 49.690968 28.318645 106.985608 -62.815558 332.9457 -285.998956 1221.055077 -29.308138 694.765658 -5.769211 607.385314 -2.638277 484.222024 -5.806968 575.424552 46.591895 -223.677849 -0.007645 0.585121 -0.226604 6.904865 0.908318 0.010195 2.140471 -0.371575 2.119558 -0.603648 1.158747 -0.301763 -0.000403 0.436026 0.022491 1.94581 -0.016565 18.606464 -0.007936 31.394834 -0.002262 26.18577 -0.013982 20.818814 2.260298 -34.74102
70.353057 296.927781 295.665301 995.358817 77.19189 164.953389 49.402692 51.643373 40.51233 37.417375 38.747976 88.501438 -62.463733 343.436975 -260.549596 1329.382256 -30.226475 834.586226 -6.19962 765.848047 -3.202272 596.632889 -6.751119 677.986445 66.49455 -335.222978 -0.063809 0.251644 -2.066792 5.532419 0.319931 0.081004 0.957438 -0.208896 1.353456 -0.869011 0.81588 -0.875842 0.000494 0.081369 0.592831 2.301581 -0.007083 6.40494 -0.007741 9.173455 -0.027295 5.861359 -0.035542 4.203174 1.765161 -11.244166
64.237754 316.527794 237.39775 1165.567766 85.883188 197.077689 62.284051 58.923643 56.878291 42.410176 51.374427 93.94162 -66.977821 344.874617 -242.20138 1420.565772 -44.339914 1090.917234 -15.28045 1094.228707 -10.618013 850.206729 -15.862247 908.152248 116.64646 -512.84109 -0.139 0.313192 -3.194097 6.713824 0.231772 1.428068 0.745321 0.239945 1.384953 0.15629 0.888888 0.081127 -0.078735 0.001501 0.334926 1.51216 -1.347831 17.138194 -2.013896 29.215844 -2.158078 22.394046 -1.916707 16.788618 7.000681 -18.808697
61.809524 352.4972 210.988763 1356.947637 86.837956 222.812565 66.127417 64.688269 63.081992 46.921863 56.511398 99.667849 -67.603323 352.608108 -239.947162 1537.413867 -52.242074 1342.671115 -19.632047 1424.40981 -13.673377 1133.595398 -19.768293 1167.858082 135.493563 -719.256344 -0.023391 0.967628 -0.778391 7.270345 0.002639 0.789381 0.057529 0.134489 0.160518 0.114003 0.122368 0.084699 -0.001454 0.042875 0.00527 2.308807 -0.323813 13.056954 -0.27226 21.736353 -0.192917 20.345547 -0.21475 16.308466 0.705384 -17.413595
61.110011 380.825698 174.492174 1450.234571 84.065595 227.428975 66.86114 59.342527 66.804519 32.721673 57.962946 79.152668 -68.697597 354.533093 -243.630341 1533.121178 -73.801428 1701.672971 -39.493244 1948.500148 -26.075214 1618.795939 -32.228495 1610.507062 176.352893 -1191.21462 -0.00199 0.547374 -1.731602 1.550462 -0.022488 0.023667 0.002024 -0.115255 0.053354 -1.276149 0.009203 -1.1807 -0.004393 0.00262 -0.014027 -0.003001 -1.857518 21.24161 -3.435679 40.965945 -1.984257 43.103883 -1.515016 35.48805 2.688362 -59.213367
50.323297 379.840259 129.670952 1483.075473 71.27893 221.779385 55.577562 56.10162 56.624279 28.189475 47.766626 72.067132 -76.082145 321.203179 -259.332795 1488.812669 -131.853716 1936.852157 -107.519557 2350.486199 -72.632881 2083.331222 -73.865499 2023.858774 257.51915 -1626.843432 -0.523304 -0.000638 -3.320534 0.183847 -0.52714 -0.035528 -0.521039 -0.045501 -0.420543 -0.168847 -0.492804 -0.166091 -0.188449 -0.82248 -0.245174 -0.32485 -8.363558 7.608459 -16.68558 18.835552 -11.669761 29.260095 -8.511744 23.582626 7.659668 -33.874379
49.850927 382.410359 98.656749 1505.305264 59.873925 214.75863 49.353562 53.273966 54.020145 28.782481 43.364174 71.918749 -79.54012 319.606969 -266.745435 1482.430072 -195.294055 2243.052595 -186.660301 2738.191458 -142.315533 2492.208303 -134.607013 2398.50273 371.697084 -1985.334411 -0.001114 0.004333 -2.116167 0.082682 -0.496829 -0.05646 -0.184751 -0.036557 -0.03065 0.003086 -0.106401 -7.6e-05 -0.038423 -0.001988 -0.052226 -0.006855 -6.210102 11.230499 -10.845195 14.791087 -11.608431 18.305553 -9.04519 15.897709 10.446108 -17.833259
28.552831 411.66605 49.436297 1513.341226 31.570832 206.685473 26.785997 51.451912 30.934534 30.190602 22.895838 71.742243 -110.815027 302.786222 -301.954987 1390.572618 -323.967947 2273.405369 -355.812487 2788.039501 -285.336678 2649.608165 -256.559147 2549.085201 504.17286 -2114.13715 -2.948206 0.539108 -8.418791 0.010696 -4.490295 -0.077332 -3.421353 -0.015852 -3.196792 0.016814 -3.240678 -0.000108 -2.586773 -0.22734 -1.090999 -1.468838 -16.19535 0.101994 -27.046495 0.224826 -24.624463 2.409705 -19.496089 2.29206 10.076477 -2.023949
15.645613 415.074984 26.723534 1536.254421 14.24469 203.838834 12.011119 48.548504 17.254847 33.09425 11.168304 73.688206 -142.357915 266.643813 -354.829385 1238.95082 -415.253999 2318.922472 -463.872791 2895.057836 -372.049151 2791.532455 -334.712877 2669.280141 549.549448 -2216.733056 -1.926631 0.007028 -3.465607 0.086081 -3.402472 -0.00987 -2.92346 -0.042158 -1.982427 0.066648 -2.082417 0.01302 -1.972654 -1.148159 -2.131785 -4.374996 -5.658082 0.225578 -7.154094 1.00772 -5.743998 1.85126 -5.1879 1.384412 0.977482 -1.215391
7.544597 412.149267 13.883251 1490.185653 6.704677 192.054845 5.506415 44.418237 8.524183 38.103295 4.677404 79.426003 -169.796007 224.858822 -405.551225 1062.833192 -514.180702 2220.763777 -588.003419 2769.813361 -479.950284 2749.854004 -432.87908 2641.542576 616.399191 -2140.567159 -1.460981 -0.005174 -2.08357 -0.350652 -1.403928 -0.175417 -1.252454 -0.091794 -1.523435 0.176422 -1.390443 0.107547 -1.208232 -1.779392 -1.693608 -6.747581 -5.279751 -1.061335 -7.349931 -1.384682 -6.860167 -0.15674 -6.303044 -0.072435 1.917995 0.665743
5.068554 426.167176 5.663613 1498.378933 2.972932 212.500133 2.851288 58.087965 6.076185 51.311965 2.689163 99.085577 -187.325721 202.010985 -442.369202 977.833517 -569.411178 2173.498678 -648.690563 2713.626386 -533.323816 2730.405954 -483.70539 2635.045962 653.25208 -2033.112564 -0.245419 0.117208 -1.812224 0.011231 -0.748432 0.516959 -0.432963 0.915553 -0.206687 0.980992 -0.273387 1.085862 -0.430492 -0.611894 -0.799723 -1.77101 -1.408459 -0.254201 -1.48992 -0.287872 -1.406684 -0.034508 -1.410292 -0.003999 0.534959 1.38348
3.196142 425.103056 1.929196 1462.806882 2.084688 229.508012 2.512851 70.804579 5.405673 67.945927 2.162651 118.530402 -198.908517 179.751189 -475.525754 895.65318 -623.475201 2093.279121 -711.699088 2637.440849 -598.519195 2565.665591 -546.333297 2479.604824 717.686003 -1798.56295 -0.214896 -0.000665 -0.981842 -0.213667 -0.07861 0.327341 -0.010687 0.628848 -0.019595 1.165741 -0.028653 0.870476 -0.173718 -0.649515 -0.599042 -1.803285 -1.225775 -0.754169 -1.459951 -0.542371 -1.879222 -2.562839 -1.905699 -2.362579 1.51503 7.185519
0.990472 391.452196 0.431936 1385.610918 0.45671 216.056049 0.650738 65.548892 2.447743 62.636031 0.476587 110.43587 -217.714559 142.59775 -509.989954 808.032759 -667.472709 1945.21968 -771.140828 2456.649868 -652.78965 2441.200893 -592.934809 2352.637814 735.183914 -1721.770087 -0.628137 -0.693683 -0.535438 -1.04625 -0.589888 -0.203109 -0.606084 -0.101327 -0.578336 -0.108004 -0.608779 -0.143126 -0.424661 -2.148283 -0.602803 -2.254647 -0.74997 -2.71499 -1.191882 -3.209177 -1.177435 -1.547261 -0.953511 -1.668315 0.105374 0.837683
0.275616 373.277686 -0.081371 1333.927309 0.011649 202.579196 0.061131 61.074837 1.112338 59.250157 0.004352 104.208532 -234.574944 116.364347 -529.457933 754.208731 -684.375318 1851.569335 -787.271846 2344.733359 -668.359841 2344.776075 -608.348016 2258.864483 724.004448 -1658.564359 -0.221119 -0.215997 -0.888258 -0.491156 -0.322478 -0.216982 -0.31297 -0.079067 -0.259949 -0.047037 -0.389854 -0.090354 -0.314369 -1.332176 -0.182325 -0.927477 -0.105674 -1.15515 -0.083488 -1.304521 -0.091753 -0.971452 -0.098885 -0.953523 -0.042826 0.590964
0.017401 336.371251 -1.009689 1278.629279 -0.083483 185.932259 0.00093 53.926873 1.297124 49.562523 0.01034 89.455389 -240.42705 85.573474 -563.221573 644.670369 -724.049997 1740.753356 -828.861016 2221.17993 -703.375785 2245.181587 -640.544396 2163.625528 765.083696 -1627.580372 -0.154512 -0.960339 -0.517791 -0.585292 -0.157502 -0.356808 -0.046982 -0.222357 0.007096 -0.432105 0.001276 -0.562758 -0.036051 -2.361255 -0.52177 -4.295261 -0.558919 -1.709633 -0.535211 -1.671982 -0.446994 -1.080645 -0.415079 -1.025611 0.566731 0.146072
-0.083156 314.259614 -3.492177 1219.292414 -0.759601 166.54276 -0.245809 44.853709 0.594024 41.406398 -0.068702 77.685932 -252.863483 66.875178 -592.349754 591.414005 -753.932118 1661.739496 -859.898262 2132.27843 -731.079822 2186.025376 -667.737447 2104.030664 773.352582 -1625.716103 -0.176634 -0.37584 -0.74633 -0.704858 -0.339443 -0.533708 -0.276976 -0.417575 -0.135559 -0.36637 -0.132348 -0.414895 -0.156793 -1.151047 -0.367171 -1.147801 -0.302112 -0.917567 -0.285237 -0.907819 -0.267553 -0.394883 -0.282639 -0.416121 0.022222 0.000534
-0.547464 285.015085 -8.109097 1211.19177 -2.582892 160.596456 -1.425067 42.790592 0.034788 39.975364 -0.677658 74.148955 -266.739886 48.299309 -636.298599 534.421863 -782.261279 1569.775582 -885.263327 2034.703921 -753.026361 2110.843951 -689.509679 2026.690574 763.297578 -1569.848555 -0.203889 -0.71399 -0.958267 -0.013499 -0.541088 -0.054046 -0.487163 -0.024286 -0.341307 -0.012583 -0.31482 -0.041202 -0.185323 -1.507871 -0.786278 -1.443455 -0.261233 -1.30884 -0.184344 -1.142564 -0.162278 -0.657767 -0.17464 -0.724088 -0.032898 0.488399
-1.303731 268.370114 -11.483024 1184.750455 -2.743527 164.401371 -1.415322 46.785716 0.026704 43.55876 -0.765691 78.426809 -275.520353 36.285381 -655.122657 499.882309 -785.932649 1499.266079 -884.955307 1962.673947 -750.007075 2046.384982 -688.424689 1958.194335 758.98427 -1492.824012 -0.161525 -0.250384 -0.292696 -0.145906 -0.002423 0.022274 1.7e-05 0.089136 -0.000534 0.076895 -0.002687 0.059982 -0.071093 -0.857542 -0.137199 -0.576868 -0.004298 -0.810065 2.7e-05 -0.649018 0.003033 -0.499757 0.000427 -0.588735 -0.006111 0.968716
-1.714687 268.436614 -13.907247 1235.72828 -3.562882 168.240859 -2.201144 47.651885 -0.000255 44.74962 -1.135605 80.271234 -289.404192 30.048894 -682.281546 484.202481 -810.292522 1471.184808 -910.306923 1940.605648 -772.112066 2024.093139 -710.405482 1933.812558 771.225245 -1466.921171 -0.028107 4e-06 -0.115995 0.536883 -0.053454 0.022159 -0.086408 0.003972 -0.032175 0.00803 -0.036332 0.010719 -0.170633 -0.293816 -0.275788 -0.124925 -0.185888 -0.132737 -0.179009 -0.062385 -0.160518 -0.061041 -0.17271 -0.076372 0.048962 0.113349
-1.514781 271.220559 -14.007676 1237.652912 -3.428159 171.775137 -1.915544 49.460104 0.000368 47.013038 -1.061498 82.552597 -283.218716 30.03795 -676.489596 482.274812 -800.508277 1495.316382 -892.707494 1983.756643 -755.579942 2072.227648 -698.565793 1974.81756 756.634785 -1494.991643 0.006193 0.007181 -0.000181 0.000749 0.001298 0.018369 0.009919 0.016836 0.001235 0.027919 0.00125 0.015983 0.033409 -1e-06 0.012345 -0.001922 0.029716 0.098153 0.085897 0.237244 0.089455 0.282816 0.049746 0.215095 -0.069668 -0.133017
-1.434775 277.818178 -15.052551 1264.575699 -3.256417 184.002943 -1.811165 56.595353 0.002687 53.573481 -0.995937 90.195363 -281.449424 30.318201 -674.515359 489.032674 -794.023391 1515.350136 -883.243646 2014.148572 -748.556946 2100.247077 -692.810565 1998.797147 751.396193 -1482.947851 0.001085 0.039642 -0.018791 0.144842 0.002207 0.210192 0.001462 0.240297 0.001067 0.21417 0.001045 0.16915 0.002772 0.000651 0.001442 0.023509 0.013187 0.066656 0.025216 0.115521 0.016396 0.094081 0.011903 0.072356 -0.009099 0.024355
-1.275546 279.090495 -13.50082 1244.64 -3.206914 180.501392 -1.788503 55.356139 0.007393 51.60226 -0.942647 88.609356 -279.62886 29.961883 -671.896492 482.948902 -793.061963 1512.84761 -882.98309 2008.725697 -747.870224 2096.026164 -692.361 1993.040536 752.580227 -1489.875621 0.004681 0.001453 0.042196 -0.079196 0.00019 -0.016819 7.1e-05 -0.006859 0.001166 -0.018474 0.000733 -0.007034 0.002954 -0.001053 0.002547 -0.01904 0.000291 -0.001034 1.9e-05 -0.003655 0.000158 -0.002123 7.3e-05 -0.004151 0.000466 -0.008072
-0.764711 308.679379 -11.579003 1263.429047 -2.386215 190.236095 -1.185157 60.428101 0.049896 57.805905 -0.661776 96.646322 -271.319417 42.138645 -653.285139 536.33115 -776.73504 1576.095323 -868.957673 2058.93511 -734.414834 2142.065947 -677.378509 2042.146384 746.571661 -1496.098988 0.064986 0.745238 0.073741 0.070379 0.06054 0.127827 0.061852 0.111143 0.018877 0.176021 0.024776 0.174416 0.062665 1.03568 0.130699 1.398841 0.084908 0.647583 0.056142 0.309893 0.061072 0.25008 0.081943 0.298806 -0.012041 -0.006485
-0.361917 348.297263 -7.799196 1316.660561 -1.648266 212.833348 -0.855391 72.41649 0.162086 67.832873 -0.378534 109.825623 -260.291718 61.938082 -613.742809 604.516437 -735.190379 1656.513817 -827.498031 2135.315341 -696.082536 2213.342919 -639.564978 2112.306 717.488494 -1506.224414 0.074465 1.195633 0.372209 0.549185 0.068063 0.633933 0.026822 0.542044 0.032122 0.400755 0.039301 0.421053 0.114391 1.900666 0.617183 2.039445 0.57089 1.000451 0.506691 0.695526 0.513678 0.583269 0.542984 0.592463 -0.288893 -0.017074
3.4e-05 383.629135 -4.14573 1357.616293 -0.348962 220.384428 -0.058778 75.77042 1.04775 67.266766 0.001027 110.837742 -245.30906 88.295377 -570.302886 694.518706 -686.69095 1777.029248 -771.547892 2278.135718 -648.211693 2353.941576 -596.288762 2244.016164 701.380982 -1625.364043 0.368972 0.853275 0.57244 0.313631 0.480413 0.065813 0.465713 0.03796 0.385637 -0.001186 0.41899 0.002321 0.222042 2.330162 0.797124 3.121606 0.827382 2.115664 0.979139 2.311457 0.85262 2.164598 0.75794 1.991535 -0.091432 -2.267123
0.405838 396.778753 -0.98339 1372.10718 0.322052 213.725669 1.0109 68.738509 4.701076 56.894385 1.354469 99.324382 -231.745066 115.113679 -544.04822 777.027767 -648.737322 1895.567927 -734.526778 2417.485154 -609.433604 2425.431354 -558.460808 2312.056702 721.185949 -1739.376413 0.398438 0.110791 1.090868 0.038463 1.341486 -0.051072 1.557197 -0.17119 1.310109 -0.434011 1.28091 -0.315607 0.19287 1.775669 0.309329 2.314947 0.539441 1.913507 0.45508 2.068155 0.597982 0.534701 0.619761 0.508088 0.137869 -1.932178
3.094055 421.365406 0.32613 1432.456796 0.823446 188.055257 1.064558 49.100511 3.909883 39.822281 1.271067 79.815879 -202.947974 147.193907 -490.704136 881.92886 -585.874773 1987.631022 -675.398328 2510.30611 -553.818292 2468.355343 -498.542302 2358.016818 650.795133 -1881.135232 1.258745 0.369519 2.442151 0.649388 0.115561 -0.8209 0.000694 -1.647869 -0.036425 -1.518679 -0.001325 -1.065413 0.954909 1.969097 1.375926 3.319936 1.60142 1.091472 1.240389 0.874275 1.33025 0.188249 1.699672 0.226162 -1.806924 -2.776302
6.423765 425.871546 2.346459 1437.99825 2.229301 201.988367 2.258945 58.211413 5.3333 45.107812 2.424616 87.490399 -183.412387 173.517578 -459.524834 989.329642 -530.252466 2064.486096 -580.254202 2590.401842 -482.43321 2490.834814 -444.500944 2377.111976 589.215237 -1865.551369 0.601434 0.011983 0.923016 0.005349 0.342981 0.248938 0.222034 0.387462 0.110258 0.164629 0.184644 0.176112 0.494206 1.082136 0.511672 3.084674 1.386833 0.728907 3.60985 0.628905 2.461705 0.050949 1.549701 0.038502 -1.529997 0.03241
12.12467 444.16435 6.908037 1447.009872 6.157972 184.144623 6.481906 44.125849 10.68573 35.771128 6.138611 76.938846 -158.384905 210.581435 -412.243113 1111.33868 -459.062672 2164.304566 -491.656043 2675.14453 -408.057908 2551.638971 -378.904651 2446.768008 550.810237 -1983.175029 0.897823 0.192328 1.20231 0.014074 0.977017 -0.412512 1.087807 -0.973994 0.920659 -0.540722 0.847328 -0.3389 0.917527 1.792431 1.283144 3.5462 2.564686 1.178246 3.667791 0.68196 3.11141 0.366614 2.617011 0.502937 -0.647074 -1.79781
17.929162 414.593574 18.18706 1397.488285 8.853669 157.74161 7.601481 29.35367 11.058264 23.090375 7.130343 59.282163 -141.270493 225.097795 -365.610938 1186.986013 -395.351144 2187.979786 -423.002711 2694.972322 -347.730845 2544.941662 -322.435081 2432.364696 482.810065 -2083.207711 0.565857 -0.509276 2.677525 -0.431108 0.244022 -1.021044 0.044572 -1.500199 0.003191 -1.382159 0.037113 -1.149158 0.489132 0.241902 1.399052 1.24527 2.378717 0.064394 2.580163 0.036605 2.4115 -0.0044 2.277069 -0.021259 -2.239235 -1.230584
26.058842 407.280228 25.825505 1373.557253 8.050882 155.113477 5.331346 29.435866 9.10939 23.165405 6.254996 59.290814 -121.852563 247.08629 -324.631618 1237.459585 -347.962849 2209.539015 -375.434372 2699.682455 -305.288972 2548.267627 -280.232398 2433.968682 419.868665 -2085.504433 0.757774 -0.032539 0.6679 -0.103337 -0.019073 -0.011039 -0.200801 5.7e-05 -0.094384 6.1e-05 -0.028653 0.0 0.717479 0.512254 1.217534 0.525452 1.512105 0.052848 1.418245 0.002056 1.380677 0.001086 1.479469 0.000264 -2.197042 -0.000633
35.584145 382.89948 39.133238 1339.023809 10.627357 142.098244 5.992609 29.049534 10.047814 21.306917 7.280031 55.320446 -108.348036 270.268346 -284.382393 1318.492659 -300.842281 2213.688406 -319.179919 2706.946313 -259.105453 2518.919604 -236.198406 2406.032048 371.201164 -2076.889013 0.740389 -0.37622 1.377751 -0.219829 0.178553 -0.285113 0.019324 -0.001276 0.022998 -0.03885 0.03887 -0.068791 0.396457 0.519641 1.331474 1.284846 1.713368 0.001946 2.281676 0.00488 1.892736 -0.084989 1.880726 -0.080626 -1.498459 0.008916
42.68698 381.133535 46.244403 1348.620194 12.835128 138.11046 6.006391 28.148935 11.002281 19.450336 8.622404 51.881911 -98.548615 322.893167 -255.4121 1466.254075 -266.175668 2248.698188 -280.688473 2745.733493 -224.808638 2507.517467 -204.552842 2400.178153 335.277655 -2085.279875 0.322945 -0.002041 0.296662 0.017132 0.104104 -0.028377 8e-06 -0.00709 0.02165 -0.042308 0.056758 -0.05516 0.232199 2.339028 0.777966 3.922947 1.060724 0.137337 1.236204 0.137956 1.216902 -0.012933 1.13753 -0.003565 -0.913922 -0.008458
48.848652 345.337791 59.963849 1220.481645 11.431497 139.452173 4.032986 34.184233 7.492787 22.566662 5.983829 56.488706 -84.268085 326.146063 -229.190182 1469.439014 -226.692085 2238.605725 -229.933875 2727.116436 -184.175037 2489.58319 -168.213105 2384.118416 265.964106 -2038.096769 0.20762 -0.882426 0.889832 -3.19756 -0.040628 0.003243 -0.195863 0.292867 -0.336021 0.115726 -0.240302 0.097961 0.558608 0.008152 0.709956 0.001728 1.584058 -0.01135 2.528702 -0.031665 2.023533 -0.032183 1.77555 -0.026954 -4.008735 0.269963
51.821501 349.467138 65.115537 1217.110319 11.785537 130.062607 4.597234 29.342611 8.804398 18.824055 7.039625 51.426519 -78.537645 345.25212 -217.409928 1467.595384 -208.989749 2199.083477 -211.225362 2662.264163 -164.062297 2409.73164 -149.83347 2313.675714 248.879055 -2002.593622 0.043905 0.012271 0.106137 -0.002331 0.0027 -0.16361 0.018465 -0.184768 0.052865 -0.169553 0.042867 -0.118796 0.100881 0.271907 0.155395 -0.000579 0.359783 -0.175997 0.39687 -0.390209 0.581299 -0.650774 0.531516 -0.528168 -0.283561 0.155976
54.216717 346.208564 70.045528 1203.803373 11.280892 127.880558 3.654778 28.004174 7.563207 16.901578 6.237477 48.504783 -74.491485 365.451967 -210.49149 1483.844768 -189.297427 2184.751431 -186.481108 2635.874126 -142.693285 2375.115785 -131.656538 2281.980256 215.959424 -1991.301978 0.027055 -0.007632 0.08994 -0.036572 -0.005521 -0.00923 -0.053995 -0.015621 -0.047129 -0.051764 -0.024253 -0.042721 0.053501 0.287121 0.055933 0.044731 0.487117 -0.023428 0.770508 -0.065725 0.745202 -0.125215 0.587492 -0.1093 -1.167141 0.015962
56.306591 333.431106 72.978209 1183.578561 12.495526 127.374556 4.451213 27.569348 8.712635 16.672594 7.223564 47.904047 -71.346529 390.595265 -200.200983 1603.760566 -174.623844 2188.619692 -168.376955 2629.188428 -130.809101 2358.02854 -120.298717 2267.903392 207.040386 -1978.14369 0.01976 -0.120121 0.03007 -0.085669 0.031045 -0.000502 0.039221 -0.001701 0.040638 -0.000781 0.036166 -0.001872 0.033914 0.418202 0.128942 2.329512 0.295945 0.001711 0.46212 -0.004245 0.258317 -0.030844 0.256128 -0.021776 -0.09404 0.021809
57.497931 329.26826 86.21543 1174.077435 14.964873 128.329016 5.390813 29.284604 9.096316 16.927869 7.857281 48.301608 -67.002067 389.070427 -193.271725 1607.333246 -159.854429 2183.211463 -145.020911 2605.901667 -113.450495 2293.590263 -107.656313 2213.738745 186.79575 -1916.433897 0.006236 -0.013075 0.551303 -0.019144 0.111252 0.001781 0.044954 0.02588 0.004134 0.00097 0.013321 0.000821 0.06823 -0.001491 0.061019 0.001987 0.326242 -0.003345 0.871519 -0.051792 0.617586 -0.446349 0.350844 -0.327326 -0.520669 0.488928
67.987352 317.799103 107.670661 1165.949855 21.585512 120.940571 9.157305 25.4513 14.262917 13.385759 12.434247 43.826555 -58.500978 380.719799 -175.365649 1559.193146 -150.573539 2144.141229 -145.431057 2568.455411 -108.821939 2273.539228 -99.371613 2196.428353 201.878722 -1938.023585 0.439178 -0.101652 1.190763 -0.014115 0.604623 -0.109522 0.496026 -0.134393 0.57854 -0.207657 0.522929 -0.10875 0.288246 -0.045295 0.435139 -0.365954 0.138767 -0.17638 -0.00029 -0.135499 0.048197 -0.044015 0.165832 -0.033973 0.292767 -0.060465
68.191119 327.835658 115.892052 1220.741115 26.868457 107.043784 14.312686 13.153621 19.540276 7.354626 16.839908 35.071709 -59.776649 388.835559 -176.760454 1589.398385 -152.961368 2102.212505 -148.029816 2514.369364 -111.540666 2236.293817 -102.116906 2162.874662 224.45193 -1987.155918 0.000152 0.078015 0.15122 0.629004 0.288861 -0.423934 0.573211 -2.01111 0.414492 -0.896267 0.333417 -0.48724 -0.00688 0.042796 -0.002762 0.144887 -0.009392 -0.207008 -0.011507 -0.287771 -0.016772 -0.153802 -0.018703 -0.129134 0.598019 -0.307512
68.55929 338.187327 153.270327 1304.58974 35.02215 111.328216 18.076477 13.867431 21.918347 7.886246 19.374952 34.4191 -58.984534 402.909221 -178.685937 1661.571969 -153.086492 2101.458848 -146.798468 2474.460153 -113.656032 2189.269453 -104.591666 2126.914332 235.397269 -1934.362116 0.000496 0.08045 2.607974 1.392398 0.53945 0.042034 0.219429 0.00943 0.068259 0.009275 0.088836 -0.003064 0.002642 0.125093 -0.005215 0.801248 -2.6e-05 -6.8e-05 0.002571 -0.159634 -0.009935 -0.249839 -0.014815 -0.150726 0.130279 0.355387
73.700281 354.723236 163.46414 1466.925623 40.302653 130.120359 21.821428 18.048776 25.43245 7.65359 22.848404 35.867427 -60.417444 422.776626 -182.319504 1788.198646 -157.076615 2093.128726 -149.336078 2440.494886 -117.066948 2139.184542 -107.910767 2083.99142 251.628666 -1890.928441 0.092923 0.197338 0.164082 4.758332 0.185318 0.732415 0.176146 0.275085 0.130578 -0.001742 0.143112 0.014924 -0.008598 0.239056 -0.018287 2.324752 -0.025667 -0.008271 -0.010873 -0.117362 -0.025214 -0.289778 -0.025922 -0.218768 0.270552 0.246588
72.165987 347.630874 201.270016 1512.032011 48.83049 164.116774 24.692746 32.63952 27.044263 11.55337 24.80121 46.15424 -62.240123 411.154955 -184.329165 1796.403466 -155.807972 2122.933076 -149.843758 2454.667798 -115.611494 2119.940662 -107.824967 2070.617206 254.488269 -1818.492694 -0.008069 -0.03581 1.964642 0.341513 0.408889 1.970587 0.088708 2.145392 0.024759 0.400072 0.040032 0.647621 -0.013543 -0.080984 -0.005508 0.00939 0.002572 0.105348 -0.000431 0.020517 0.004552 -0.043475 1.7e-05 -0.021527 0.008079 0.707312
76.666593 337.001542 245.010882 1552.080501 60.743629 250.342358 29.074661 89.481041 29.426294 38.927315 28.265953 90.962317 -66.423024 406.361136 -190.161209 1859.318188 -159.35503 2133.490182 -149.32843 2434.729478 -119.852165 2059.786603 -112.006731 2021.799673 268.052278 -1532.385528 0.068063 -0.082518 2.148737 0.261732 0.649536 9.068554 0.178855 14.035072 0.050262 8.066457 0.113227 7.52803 -0.068012 -0.014055 -0.045415 0.541419 -0.019961 0.013092 0.000444 -0.040653 -0.03819 -0.432887 -0.039778 -0.291177 0.176076 12.23665
81.044484 341.869137 280.353543 1598.844403 95.099981 523.124473 56.215119 355.887258 50.048032 215.869388 50.67422 295.224452 -63.109358 414.523975 -184.445713 1825.17401 -161.691838 2155.542943 -147.885827 2466.51168 -124.431838 2076.043769 -115.184163 2039.956315 332.309761 -953.026608 0.060774 0.017451 1.190145 0.347038 3.834163 49.698321 4.433475 88.464041 2.722046 71.458593 3.247238 58.441134 0.042392 0.040586 0.043604 -0.15821 -0.008505 0.056694 0.003501 0.103047 -0.042932 0.031952 -0.02222 0.040582 3.448684 68.468461
78.991781 353.087813 277.311534 1628.790736 121.899283 850.187611 80.826346 741.318341 71.863814 506.930209 73.650143 590.93018 -65.845092 421.764917 -185.459863 1769.728922 -173.814688 2144.150199 -162.455965 2467.404114 -136.679854 2080.34416 -125.330383 2043.681856 406.759062 -533.410402 -0.013165 0.090557 -0.008297 0.138926 1.661209 39.514579 2.228073 69.926179 1.967818 61.193327 2.141491 50.79354 -0.029022 0.031348 -0.00139 -0.427597 -0.219089 -0.015093 -0.342213 8.1e-05 -0.287418 0.002225 -0.214107 0.001699 3.759346 60.457619
78.86321 352.077505 249.469171 1568.256405 178.317628 1300.92362 164.088103 1346.881897 146.162996 1040.728701 136.339452 1083.542058 -66.068539 420.220179 -181.20405 1725.305306 -180.712863 2140.657474 -177.760114 2466.879499 -147.506833 2082.820468 -132.425968 2041.071129 587.336584 -178.960206 -5.2e-05 -0.000724 -0.736302 -0.573144 5.348866 47.752826 14.587362 89.732572 13.050418 94.969242 9.575821 74.100152 -0.000189 -0.001417 0.024699 -0.282334 -0.067117 -0.001424 -0.344392 -2.8e-05 -0.206319 0.000736 -0.097683 -0.000834 16.538532 94.441047
88.961667 352.58494 219.338891 1411.677536 247.199764 1903.214483 279.410124 2183.090455 254.847724 1987.557946 225.608754 1954.538491 -56.942231 404.524988 -162.180991 1561.006875 -176.991291 2137.492619 -181.774648 2475.668378 -148.060566 2101.323461 -130.86078 2064.16938 791.407444 -1.582963 0.304101 0.000183 -0.969238 -4.116515 5.612281 57.116225 15.255879 100.473839 15.00913 151.824515 11.181196 127.531007 0.339013 -0.149356 0.527331 -4.109601 0.01936 -0.001171 -0.022414 0.007814 -0.000519 0.040912 0.004652 0.064982 15.186116 146.88088
87.622162 347.792757 179.366136 1317.347556 267.051489 2156.14709 322.257651 2546.102608 300.606924 2447.115923 258.427764 2368.254862 -60.448721 396.800956 -159.335016 1570.418937 -184.118741 2147.871315 -192.173357 2473.607946 -159.830993 2144.134882 -140.794042 2095.722455 898.827256 10.007912 -0.005081 -0.016395 -2.008824 -1.630766 0.383313 7.887585 1.527624 13.952963 1.888065 23.875892 1.113891 19.84307 -0.052381 -0.037227 0.012596 0.014145 -0.070346 0.012568 -0.144611 -0.000429 -0.225069 0.215862 -0.181669 0.119668 3.41689 19.551317
87.200422 361.043423 159.797612 1388.91044 290.287338 2522.765582 367.954252 2860.31418 369.549571 2847.995265 319.117627 2796.774725 -49.948399 389.625435 -140.983719 1439.855656 -181.201081 2158.933266 -202.860693 2497.696662 -163.0385 2246.128523 -142.697628 2192.253733 1023.508871 35.679996 -0.000509 0.123862 -0.564987 0.946351 0.48457 14.3854 1.51437 9.138439 3.555686 15.196582 3.19757 17.806903 0.500499 -0.032736 0.561212 -2.832764 0.011651 0.014206 -0.144595 0.058362 -0.015933 1.184907 -0.006391 1.086698 4.04765 7.894667
84.797522 366.943088 148.735617 1482.400238 304.611993 2797.688139 390.657288 3112.493968 411.03646 3123.333314 356.03435 3084.532524 -50.310232 385.445721 -142.424417 1492.488261 -180.928547 2169.800397 -203.511846 2486.072858 -165.73446 2254.835121 -144.690057 2203.305579 1098.778223 70.588327 -0.016786 0.023906 -0.198369 1.522416 0.172488 7.107752 0.339794 5.326055 1.10326 6.351298 1.010043 7.043856 -0.000653 -0.01127 -0.003662 0.472389 0.000103 0.013641 -0.000522 -0.013555 -0.011054 0.008421 -0.006907 0.013894 1.335177 5.897187
87.210887 366.252299 151.458879 1492.035356 314.310546 2808.232733 400.286821 3097.873421 422.072037 3112.43511 367.672129 3083.471646 -48.151374 383.149816 -138.071201 1521.313723 -178.060236 2217.25815 -201.113609 2543.725967 -166.987812 2273.275778 -146.656957 2217.576435 1120.024578 65.7773 0.016931 -0.000325 0.012352 0.015606 0.075993 0.009917 0.058621 -0.01721 0.073093 -0.009523 0.093578 -9.1e-05 0.02367 -0.003429 0.033782 0.137853 0.011459 0.256699 0.007107 0.33043 -0.002361 0.03755 -0.006639 0.023034 0.101726 -0.084894
84.759874 366.1221 146.517966 1489.469005 307.727885 2826.969356 385.618463 3145.392611 401.567299 3168.144965 349.956689 3123.774869 -48.722965 366.483384 -136.198206 1451.074996 -178.556966 2224.936623 -205.082573 2557.779534 -167.634354 2310.295438 -146.850542 2252.928871 1088.110025 67.580634 -0.017467 -1.2e-05 -0.040967 -0.001105 -0.034831 0.031149 -0.136899 0.180843 -0.255275 0.247083 -0.218696 0.130844 -0.001686 -0.185293 0.006395 -0.83 -0.000346 0.006636 -0.019391 0.019357 -0.000625 0.149499 -6.4e-05 0.139784 -0.230645 0.012193
83.034581 365.701607 148.522124 1520.186742 310.262376 2921.616744 396.795257 3247.381398 417.089842 3277.398429 361.575411 3232.882509 -50.339746 365.135098 -138.467198 1467.658064 -186.17714 2222.280824 -213.566497 2556.674849 -176.246368 2312.136521 -154.123069 2258.320182 1135.592866 83.976812 -0.00887 -0.000121 0.006807 0.156763 0.005197 0.779212 0.079834 0.813604 0.147175 0.926002 0.094868 0.936448 -0.013194 -0.001242 -0.009372 0.04711 -0.079611 -0.000793 -0.085972 -0.000119 -0.107855 0.000367 -0.087877 0.003222 0.50701 0.889517
82.254035 368.624157 146.741206 1545.157141 310.861839 2994.983693 399.651937 3334.645673 424.694412 3365.063804 367.771797 3318.122788 -50.870394 368.622554 -140.444101 1483.78909 -189.50685 2221.088494 -215.964416 2554.925322 -178.797022 2320.38037 -157.384914 2266.70541 1154.614274 96.802838 -0.001843 0.005816 -0.005371 0.101707 0.000289 0.454899 0.005123 0.578499 0.03435 0.578517 0.026322 0.554588 -0.001391 0.008288 -0.007006 0.044082 -0.014756 -0.00016 -0.006693 -0.000299 -0.009162 0.007335 -0.017078 0.007769 0.078993 0.455567
73.795795 365.845867 133.829471 1556.325444 293.649904 3037.483139 377.145348 3362.180597 403.185342 3384.48118 350.051808 3349.314681 -57.513073 364.103421 -155.707845 1474.749775 -203.27298 2214.344963 -230.106175 2561.490643 -190.294058 2330.098973 -169.373211 2272.859461 1147.460536 98.112893 -0.229396 -0.005255 -0.297254 0.020108 -0.245083 0.149709 -0.326117 0.056607 -0.27946 0.02793 -0.218749 0.072962 -0.203752 -0.013936 -0.39361 -0.013809 -0.241311 -0.005126 -0.224224 0.004212 -0.179107 0.010155 -0.219991 0.004171 -0.011115 0.004403
74.58751 371.281383 133.636815 1564.989167 290.357516 3056.463113 371.763967 3389.148587 398.547278 3429.641894 346.238842 3391.64187 -56.361931 355.28487 -158.326701 1374.019312 -208.988629 2170.110677 -240.026386 2527.235164 -191.462424 2323.137804 -169.616252 2265.64903 1142.483513 107.416738 0.002112 0.020041 -6.9e-05 0.012024 -0.009281 0.029557 -0.019335 0.053862 -0.013416 0.149653 -0.01044 0.13289 0.005818 -0.054053 -0.01092 -1.781436 -0.039623 -0.223143 -0.104674 -0.115299 -0.001788 -0.005207 -8.7e-05 -0.005728 -0.005409 0.21069
76.615873 374.215376 136.098613 1565.77588 293.824181 3031.947625 375.83292 3374.28085 401.386841 3409.808935 348.715534 3361.613642 -54.622605 353.522622 -155.278321 1387.167448 -205.825262 2169.265547 -235.722942 2522.498245 -188.487735 2319.161142 -166.724111 2261.662374 1139.989097 104.773642 0.013606 0.005774 0.011234 9.9e-05 0.010286 -0.049357 0.011073 -0.016342 0.00504 -0.028756 0.004413 -0.06676 0.01363 -0.002191 0.014816 0.031304 0.012062 -8.2e-05 0.019464 -0.002222 0.011645 -0.001703 0.012435 -0.001755 -0.001363 -0.016462
77.883696 378.381218 138.41509 1572.517605 297.591648 3064.674312 381.702942 3409.003414 403.784578 3457.813611 351.021461 3415.81183 -52.008661 353.293757 -154.324258 1376.474954 -204.356734 2146.695804 -233.935441 2492.742449 -185.750653 2299.484842 -163.865308 2245.986293 1137.269653 117.727553 0.005202 0.01153 0.009774 0.007241 0.012 0.087839 0.022743 0.08887 0.00357 0.167778 0.0038 0.216711 0.032044 -3.7e-05 0.00147 -0.020685 0.002629 -0.059013 0.003402 -0.088272 0.010009 -0.041913 0.012361 -0.027258 -0.001624 0.377405
78.761507 377.971529 140.573537 1574.855976 299.36541 3066.845063 384.528242 3412.065038 403.926041 3477.314313 351.201165 3435.303596 -50.306977 350.58278 -149.880533 1358.833141 -199.338986 2154.375986 -228.591048 2493.179182 -182.225916 2314.399551 -160.265331 2260.920049 1128.759707 117.951555 0.00246 -0.000111 0.00835 0.000869 0.002635 0.000384 0.005209 0.000687 1.2e-05 0.027417 2.3e-05 0.027728 0.014152 -0.005221 0.032458 -0.056892 0.031185 0.006857 0.030878 1.9e-05 0.016882 0.024106 0.019992 0.024742 -0.015979 0.000106
79.452964 377.007672 142.194607 1575.008547 302.790267 3072.078814 388.091867 3425.621861 408.203971 3504.513944 354.285388 3459.301444 -49.806496 349.466191 -151.006985 1360.273766 -197.449509 2152.149201 -225.430181 2499.763524 -181.229084 2318.725432 -159.859554 2261.800705 1133.412584 122.009471 0.001511 -0.000615 0.004647 4e-06 0.00974 0.002231 0.008218 0.013439 0.011267 0.052982 0.006742 0.041764 0.001251 -0.00089 -0.002109 0.000382 0.004499 -0.000576 0.011003 0.004341 0.001367 0.00202 0.000257 8.6e-05 0.004785 0.034314
79.318497 377.388991 142.63633 1577.425114 304.664633 3099.218651 391.025882 3452.41548 409.689928 3531.660494 355.466392 3487.455954 -50.0111 349.312664 -151.099215 1361.501591 -197.732198 2151.56082 -225.74226 2496.597286 -181.467959 2314.119981 -159.422455 2258.147118 1136.485659 128.198428 -5.7e-05 9.6e-05 0.000343 0.000926 0.002892 0.059677 0.005525 0.052188 0.00135 0.052368 0.000983 0.057054 -0.00021 -1.7e-05 -1.4e-05 0.000277 -0.000101 -4e-05 -0.000108 -0.001003 -7.9e-05 -0.002289 0.000299 -0.001477 0.00208 0.076554
79.427995 382.555839 142.940599 1587.146357 305.966702 3169.492949 393.105883 3541.659141 411.660245 3633.079258 356.976323 3583.935008 -49.8633 351.682539 -151.441567 1360.88706 -198.234145 2153.37917 -226.559644 2499.195998 -180.611998 2316.625962 -158.936656 2261.593068 1137.619031 147.469192 3.8e-05 0.017565 0.000162 0.014931 0.001388 0.393911 0.002759 0.569393 0.002363 0.717841 0.0016 0.65819 0.000109 0.004006 -0.000194 -6.9e-05 -0.000318 0.000384 -0.000739 0.000676 0.001012 0.000678 0.000371 0.001314 0.000282 0.674394
79.20186 382.15642 142.918794 1588.873153 307.269667 3198.762309 393.703616 3565.692205 413.447898 3644.515814 358.735971 3593.050642 -49.893651 349.800379 -148.698983 1356.172466 -195.218513 2153.393 -224.454787 2499.047013 -178.316513 2318.869373 -157.107618 2263.979272 1134.809851 149.210749 -0.000161 -0.000104 -1e-06 0.000469 0.001384 0.067263 0.000227 0.040633 0.001937 0.008986 0.002163 0.005789 -5e-06 -0.002525 0.012531 -0.00409 0.011557 0.0 0.004912 -2e-06 0.00734 0.000543 0.005293 0.000629 -0.001736 0.005112
79.330972 379.076268 144.549135 1592.504384 308.329082 3199.457804 394.441832 3565.641308 413.767797 3643.504396 359.220107 3591.650588 -50.945328 347.198539 -147.544551 1355.505483 -194.08514 2154.194365 -223.49826 2499.260063 -177.018173 2327.634456 -155.563291 2267.527162 1132.060096 146.794641 5.3e-05 -0.006232 0.004623 0.002072 0.000912 3.8e-05 0.000346 -0.0 6.2e-05 -7e-05 0.000163 -0.000136 -0.005484 -0.004856 0.002249 -8.2e-05 0.00165 7.5e-05 0.001021 5e-06 0.002372 0.008267 0.003814 0.001389 -0.001668 -0.009861
]