01-30-21_Raj_4K+Depth.snake_below_black_chair.0000000001 [ 37.044956 159.946005 66.535433 974.360048 149.968476 2120.702704 193.33827 2411.334148 205.313873 2426.633276 171.805683 2367.499885 -49.67286 138.573337 -133.103963 856.765133 -37.577789 1424.569533 -20.853 1760.559901 -10.665904 1531.542635 -13.184671 1463.402851 309.571617 102.534682 0.0 0.0 0.0 0.0 0.0 0.0 0.0 0.0 0.0 0.0 0.0 0.0 0.0 0.0 0.0 0.0 0.0 0.0 0.0 0.0 0.0 0.0 0.0 0.0 0.0 0.0
36.093118 160.628258 65.969548 947.762119 149.95344 2120.615144 194.462897 2412.778207 205.631365 2439.837265 171.961034 2384.203253 -48.534676 145.193518 -132.586931 879.474385 -37.236279 1445.929915 -20.832863 1780.734785 -9.941047 1559.110065 -12.318728 1498.753304 305.997877 98.191077 -0.006194 0.000726 -0.001208 -0.184037 -0.0 -1e-06 0.001631 0.000216 0.000123 0.017913 3.5e-05 0.029358 0.006596 0.077234 0.000503 0.14852 0.000779 0.079476 5e-06 0.057469 0.012752 0.122948 0.014705 0.210944 -0.010374 -0.047002
36.575779 161.300457 63.94105 964.423047 147.540135 2132.455959 192.074134 2419.571045 203.370379 2448.634363 169.857448 2391.520058 -47.687276 152.158681 -138.000192 887.597113 -37.665933 1430.215529 -19.965447 1776.114018 -9.573276 1535.097281 -12.122989 1471.653516 301.191507 106.159232 0.001603 0.000702 -0.015838 0.072585 -0.009789 0.016483 -0.007381 0.004774 -0.006249 0.007915 -0.006473 0.005605 0.003731 0.081587 -0.054153 0.018669 -0.001232 -0.04293 0.009222 -0.003001 0.003466 -0.093178 0.000784 -0.123622 -0.019023 0.155409
38.07234 167.817843 65.627237 996.678226 147.755385 2178.346382 191.117093 2500.296542 200.296716 2499.565203 167.51769 2434.079251 -47.194424 156.951065 -132.997122 948.768502 -40.696766 1436.481673 -22.664865 1756.461726 -12.090967 1505.993559 -14.404746 1446.46599 310.810872 125.182957 0.015003 0.064537 0.010972 0.265276 7.8e-05 0.244269 -0.001195 0.662319 -0.011702 0.262117 -0.008113 0.187678 0.00128 0.037152 0.046187 1.019126 -0.058634 0.006848 -0.085552 -0.054665 -0.146793 -0.139267 -0.098314 -0.108704 0.075603 0.783506
38.214877 167.659899 65.976229 985.391747 148.329473 2167.360583 193.975296 2499.540171 204.682695 2493.717152 170.26117 2432.18935 -46.954532 155.354758 -132.324953 937.796474 -40.356555 1434.965784 -22.881352 1754.27762 -12.119669 1503.944863 -14.382676 1445.128822 316.415344 124.465351 0.000133 -3.7e-05 0.000463 -0.032134 0.000557 -0.013886 0.010607 -5.7e-05 0.023751 -0.003425 0.011142 -0.000367 0.000306 -0.00408 0.000851 -0.031906 0.000714 -0.0004 -0.000514 -0.000679 -1.7e-05 -0.000697 8e-06 -0.000309 0.025039 -0.001031
38.185553 167.439011 66.190006 979.819998 149.866596 2162.277472 197.134132 2490.841804 210.810709 2484.771625 175.415932 2430.624299 -46.714763 155.424377 -132.374804 947.657895 -39.560884 1433.70007 -22.426255 1753.814053 -11.976234 1499.656141 -14.116056 1442.69201 323.280092 123.700878 -6e-06 -7.3e-05 0.000173 -0.007898 0.003962 -0.002984 0.012757 -0.007581 0.045193 -0.008037 0.038436 -0.000252 0.000307 8e-06 -5e-06 0.025789 0.003961 -0.000279 0.002286 -3.1e-05 0.000427 -0.003062 0.001247 -0.001028 0.036835 -0.001177
37.213041 163.829602 65.138048 965.848868 149.774232 2158.790224 199.194351 2489.161046 212.651475 2483.794512 176.476316 2429.132605 -46.89239 154.546474 -132.55447 936.473598 -39.603147 1427.947863 -22.412398 1746.269064 -12.025893 1497.741167 -14.234928 1440.409719 325.81735 124.033228 -0.006272 -0.019664 -0.004213 -0.050161 -1.4e-05 -0.001407 0.005355 -0.000284 0.004001 -9.6e-05 0.001598 -0.000229 -0.000169 -0.001243 -6.1e-05 -0.033196 -1.1e-05 -0.005781 2e-06 -0.008132 -5.1e-05 -0.000612 -0.000249 -0.000903 0.004959 0.000223
39.276475 163.73959 67.334489 974.346652 151.568931 2178.681337 199.173994 2527.990468 210.067451 2524.76986 174.62408 2453.242401 -46.169933 156.182133 -131.456023 940.731294 -38.918278 1430.877421 -21.760077 1749.028445 -11.585149 1500.330446 -13.761282 1442.81902 320.316936 132.548911 0.027837 -1.2e-05 0.01821 0.01861 0.005344 0.045609 -1e-06 0.150259 -0.007898 0.167614 -0.004886 0.059529 0.002804 0.004305 0.002285 0.004828 0.002987 0.001501 0.004817 0.001089 0.004114 0.001118 0.004007 0.001007 -0.023412 0.141352
39.595382 163.087213 67.710545 964.649627 152.333498 2074.44827 199.860663 2372.931556 211.320922 2360.406144 176.064021 2307.023273 -45.663575 157.375343 -126.852304 942.06193 -39.783662 1425.824234 -22.962853 1721.454021 -13.532661 1477.310407 -15.251851 1422.45876 331.806551 102.986274 0.000645 -0.000651 0.000524 -0.024248 0.000962 -1.277432 0.000591 -2.453547 0.001864 -2.765825 0.002956 -2.246206 0.001396 0.00227 0.041028 0.00047 -0.004758 -0.004469 -0.016177 -0.109547 -0.075614 -0.088985 -0.038315 -0.072339 0.101224 -1.862607
42.358004 168.118728 70.116981 948.140528 159.147278 1908.015326 206.187481 2147.269157 221.800956 2130.035312 186.791759 2095.544006 -44.96731 162.620712 -117.163962 938.75628 -39.309503 1390.850912 -25.248462 1657.536745 -15.188648 1433.130037 -16.168328 1383.492638 353.073309 68.817006 0.046577 0.03822 0.02101 -0.071246 0.074536 -3.479257 0.049293 -5.636397 0.126809 -5.913192 0.158616 -5.082183 0.002675 0.042994 0.192407 -0.002905 0.001421 -0.217132 -0.054209 -0.604586 -0.047779 -0.335347 -0.013369 -0.270573 0.330265 -3.432177
45.789207 164.127885 69.622843 916.773541 142.861153 1607.768549 186.357326 1812.655387 202.240759 1714.203848 166.859977 1678.760739 -43.954298 162.473971 -105.290123 938.526371 -40.826684 1364.512039 -25.853713 1636.537468 -16.190505 1403.78948 -17.05813 1350.979869 332.875662 15.490256 0.066807 -0.023969 -0.000874 -0.263808 -0.439443 -12.843949 -0.501199 -14.162765 -0.451377 -22.556427 -0.562123 -23.082542 0.00577 -3.3e-05 0.317119 -1.4e-05 -0.014363 -0.125891 -0.003584 -0.066934 -0.015997 -0.15173 -0.011917 -0.193295 -0.297423 -19.008165
44.472338 163.90781 70.886806 835.381087 132.824506 1245.319093 167.222816 1423.317408 163.020616 1305.517252 136.753171 1279.176026 -44.177415 162.418134 -99.275262 921.442339 -41.693439 1349.196483 -27.915989 1615.148373 -17.981899 1383.372035 -17.986373 1322.754589 289.287697 -1.12735 -0.009607 -7.4e-05 0.005685 -1.891474 -0.182758 -23.116002 -0.518126 -23.507096 -2.111747 -27.783469 -1.496409 -27.11402 -0.000282 -5e-06 0.088447 -0.078461 -0.004552 -0.043219 -0.039563 -0.070348 -0.046987 -0.074785 -0.012296 -0.148984 -1.528737 -24.975342
43.90069 167.324034 69.985778 845.556301 115.798709 1020.604451 133.899812 1141.360205 123.6167 973.861486 105.588616 966.662984 -46.352202 170.618109 -99.672491 928.529794 -43.691196 1347.356076 -29.954673 1633.279557 -19.005852 1388.578034 -18.636905 1314.481141 239.564611 -36.685735 -0.001849 0.017617 -0.002882 0.030797 -0.583651 -11.170157 -1.849484 -15.546115 -2.721338 -24.257481 -2.012196 -21.849699 -0.026126 0.100965 -0.000397 0.013576 -0.023374 -0.000628 -0.035921 0.0506 -0.014176 0.004889 -0.005778 -0.012978 -2.34269 -24.9511
45.241197 175.108031 75.900704 980.068532 90.23839 821.555466 91.378233 780.202627 90.591823 576.815153 79.773391 605.339445 -46.592383 172.499678 -101.529345 911.323993 -46.502024 1346.924444 -33.725892 1628.232819 -21.743175 1415.58926 -21.238135 1337.739453 201.098817 -185.15973 0.01008 0.088482 0.119959 4.962181 -1.591614 -10.785389 -4.049401 -34.244915 -2.56106 -51.6929 -1.806436 -42.0884 -0.00031 0.005159 -0.008568 -0.080454 -0.04381 -3.5e-05 -0.111766 -0.003905 -0.092044 0.130096 -0.084935 0.101982 -1.682062 -57.009538
45.722037 177.003106 80.83342 1003.042017 63.670998 591.780212 56.138458 479.064965 57.019079 327.135029 51.062602 370.001621 -44.385252 174.650704 -100.600988 942.16493 -44.979382 1352.392215 -32.002114 1617.741764 -20.094692 1408.593885 -20.321022 1337.038878 144.812541 -378.083303 0.001271 0.0051 0.07764 0.133073 -2.310333 -18.803114 -4.270985 -36.536642 -3.8686 -35.166108 -3.189028 -28.817795 0.026777 0.006664 0.002132 0.256605 0.012673 0.005538 0.022608 -0.016954 0.032489 -0.008664 0.010121 -9.2e-05 -4.610138 -34.070841
45.552919 166.8763 88.904164 1009.273621 54.798293 429.525868 45.113317 313.686969 45.189254 201.750609 40.516503 245.795586 -43.903376 168.154281 -100.14309 936.611316 -44.549604 1357.261852 -31.518173 1628.093324 -19.725834 1414.638116 -20.021815 1348.992879 124.62759 -547.924217 -0.000157 -0.149143 0.191984 0.009649 -0.332726 -12.970998 -0.602045 -17.441837 -0.686914 -15.077536 -0.609262 -12.656211 0.001315 -0.061562 0.000522 -0.008208 0.001032 0.004376 0.001844 0.016507 0.001708 0.00647 0.00111 0.0266 -0.757136 -15.708673
43.021842 146.101607 88.603409 951.901558 35.276333 223.018225 24.561237 112.546221 26.810126 66.466509 23.931874 101.80887 -42.387142 151.949357 -105.04947 928.466771 -44.188469 1376.965925 -30.590226 1669.068882 -18.873999 1443.359499 -19.731659 1375.157284 90.673648 -890.35828 -0.036171 -0.690247 -0.000255 -0.839359 -2.14095 -33.538126 -3.100118 -50.44451 -2.385313 -36.616957 -2.170425 -31.223857 0.013322 -0.410442 -0.058667 -0.017783 0.000735 0.070999 0.006933 0.254622 0.0094 0.144321 0.001059 0.125652 -2.694199 -41.358929
47.769633 154.652824 87.072786 954.990782 20.343732 106.557683 10.192527 26.504722 14.564605 11.099192 13.235126 30.01303 -38.640416 160.218777 -104.701357 949.40605 -44.005566 1419.858093 -30.566363 1749.349526 -18.193745 1552.995734 -19.465204 1464.834675 65.315054 -1301.51543 0.124224 0.121591 -0.006668 0.002502 -2.042 -21.262397 -3.109423 -29.817133 -1.853653 -23.24353 -1.572542 -21.267069 0.086671 0.109549 0.000289 0.116746 0.00019 0.328917 5e-06 0.942815 0.006242 2.006459 0.000906 1.416208 -2.075035 -38.908276
48.566281 156.165447 85.208081 816.283859 18.54739 68.666724 9.313553 8.994369 13.788537 2.439618 12.775363 14.281787 -35.359257 159.410338 -103.758455 926.586506 -43.533469 1453.718969 -31.119064 1804.031196 -17.8632 1629.715196 -19.03247 1531.687028 63.040103 -1506.045604 0.003294 0.003681 -0.010092 -5.439359 -0.041508 -4.145864 -0.019814 -4.619114 -0.010623 -3.131545 -0.004064 -2.887585 0.072779 -0.001022 0.002132 -0.138793 0.001273 0.199507 -0.002476 0.420763 0.001515 0.924798 0.002432 0.74583 -0.020162 -7.459899
47.216087 180.408192 70.775141 801.313571 12.104712 73.104848 5.359707 10.917865 9.845584 4.78269 8.878409 18.388758 -37.482339 183.246056 -108.277071 969.472219 -45.328477 1518.532417 -35.048398 1875.35354 -18.47438 1717.507859 -19.303838 1616.841678 55.293362 -1541.024919 -0.009517 0.874214 -0.669167 -0.069274 -0.684732 0.069484 -0.542738 0.093121 -0.331229 0.390635 -0.353547 0.259169 -0.030947 0.83003 -0.048153 0.485064 -0.018131 0.706751 -0.116774 0.691332 -0.00514 1.151533 -0.00096 1.151751 -0.253844 -0.200782
53.224773 195.798155 77.010908 708.670605 9.049582 51.034112 2.883829 3.145219 6.916531 0.728487 6.709277 9.218661 -29.379075 199.179294 -87.861738 976.506435 -34.521127 1569.612403 -27.710189 1934.449544 -12.689354 1783.678582 -12.935581 1674.484797 38.34262 -1712.313042 0.17989 0.31492 0.131616 -2.844669 -0.221775 -1.977739 -0.38059 -2.343173 -0.257899 -1.778013 -0.151663 -1.567471 0.492854 0.332063 1.06537 0.012713 0.734748 0.422477 0.430496 0.458363 0.541654 0.625353 0.635219 0.504809 -1.54706 -4.512286
60.724259 182.047658 74.674428 661.099043 15.72415 46.915862 7.36123 2.030365 12.640376 0.390475 12.350464 8.474676 -21.774371 185.526593 -78.069492 902.030038 -28.607064 1572.393281 -22.587549 1940.734573 -9.564463 1788.498221 -9.852916 1680.293056 44.195601 -1736.03553 0.247055 -0.250286 -0.017996 -0.82632 0.916072 -0.086613 1.030174 -0.1215 0.856367 -0.052274 0.853953 -0.015649 0.568433 -0.242334 0.289191 -1.476925 0.277635 0.001231 0.261541 0.005097 0.220492 0.003251 0.209463 0.005028 0.207786 -0.081599
65.599186 145.413303 70.895187 600.93832 19.615439 28.356339 11.493792 -5.9e-05 18.067304 -0.736645 16.856447 1.94702 -21.793121 146.946407 -90.030316 818.080432 -32.489639 1465.441324 -24.831437 1836.697691 -10.734965 1680.837463 -11.168523 1579.780871 56.65559 -1751.94967 0.094099 -2.055668 -0.049066 -1.434732 0.214891 -2.323943 0.458452 -2.052285 0.483351 -2.199764 0.34968 -2.297568 -4e-06 -2.24601 -0.426065 -2.049792 -0.12349 -1.883293 -0.053121 -1.432948 -0.033775 -1.670872 -0.041208 -1.549827 0.772665 -0.036305
51.234906 158.381455 64.456641 596.833821 16.621147 18.923724 9.127676 -1.464002 14.465007 -4.130852 12.908734 0.098267 -34.188641 163.507962 -108.917093 881.910274 -44.313564 1472.851918 -35.495951 1836.378142 -18.443701 1673.782424 -18.473586 1579.102678 65.576016 -1844.215989 -0.886377 0.276913 -0.153224 -0.007033 -0.123924 -0.950481 -0.136194 -1.445497 -0.200056 -1.378675 -0.262951 -1.170466 -1.389558 0.442063 -0.898523 1.198738 -0.91561 0.009345 -0.950104 -1.4e-05 -1.036706 -0.007419 -0.914236 -7.3e-05 0.32594 -1.183827
40.575939 156.573597 68.781113 542.225438 19.189096 14.603028 11.418441 -2.877122 16.042006 -5.348907 14.166242 0.007692 -38.167802 163.699703 -107.337001 881.160098 -45.805664 1467.357691 -36.451988 1825.791573 -19.924906 1664.281499 -19.900356 1571.267025 71.723615 -1858.332156 -0.620836 -0.005189 0.070198 -1.309761 0.092192 -0.279576 0.128102 -0.236438 0.040787 -0.07858 0.029219 -0.050972 -0.109498 5.6e-05 0.005773 -0.00016 -0.012353 -0.005133 -0.006352 -0.015302 -0.028601 -0.013521 -0.026533 -0.009744 0.137699 -0.026909
43.913329 147.742561 83.318286 636.979578 25.980035 36.260217 14.547141 0.334099 22.661034 -0.195708 20.491054 3.66963 -35.45697 161.968521 -103.707582 893.465954 -41.864149 1454.434922 -31.227687 1811.410358 -16.443696 1622.242832 -17.024838 1535.410465 77.712044 -1658.074783 0.06594 -0.128162 0.696302 3.813114 0.513409 4.841121 0.189184 5.172082 0.570196 3.498328 0.582013 3.341301 0.049923 -0.004601 0.031211 0.042667 0.088647 -0.028578 0.201937 -0.028431 0.166994 -0.268874 0.112134 -0.206931 0.120037 5.706903
45.232939 149.824861 92.821767 642.975587 30.342394 86.578594 19.031196 21.19547 23.643087 7.427082 21.655576 25.637865 -35.016894 164.17233 -102.617325 914.660344 -40.945633 1458.574761 -29.109961 1818.938039 -15.707397 1612.574056 -16.544228 1524.423364 77.89248 -1401.12473 0.009767 0.007286 0.256563 0.014044 0.169194 10.778852 0.300747 16.207394 0.010415 10.034045 0.016091 9.908374 0.001374 0.007446 0.002881 0.124222 0.005094 0.002942 0.037175 0.007804 0.008432 -0.01445 0.003441 -0.019726 0.000105 10.810048
49.350924 151.763967 118.191581 789.265447 30.260499 149.248538 16.75209 62.734519 18.76421 31.91986 17.859774 60.681581 -33.796647 171.294179 -100.738657 957.291113 -39.727852 1481.792383 -27.838666 1849.614207 -15.030798 1636.594133 -15.892623 1543.511058 67.383164 -1211.393199 0.089687 0.006234 1.530639 7.49065 -5.5e-05 8.479569 -0.072654 11.000225 -0.281588 8.552694 -0.182733 7.433549 0.01082 0.075606 0.008678 0.485488 0.009192 0.091667 0.014192 0.128258 0.007447 0.088788 0.006546 0.059379 -0.380623 6.898641
49.355698 165.742287 137.942782 895.315714 29.396814 216.517923 13.89649 112.872171 14.937009 64.828615 14.844363 104.485565 -34.28982 180.508199 -101.267538 959.713123 -36.457638 1508.368646 -24.807385 1883.654036 -12.522489 1670.721508 -13.516856 1575.143974 54.812634 -1077.338722 0.0 0.307849 0.762669 3.341431 -0.006252 6.239085 -0.133321 7.309556 -0.218019 5.76891 -0.139311 5.914526 -0.001786 0.120682 -0.000692 0.00153 0.070218 0.118106 0.087341 0.15519 0.114409 0.176081 0.096117 0.160432 -0.648298 3.929259
49.069526 170.295859 126.792497 964.6624 27.866379 299.422133 13.249918 189.904275 13.370999 118.253991 13.717581 163.979778 -36.549289 188.176412 -101.276236 979.295047 -36.274682 1519.715596 -24.822735 1889.368959 -12.62057 1679.311491 -13.497754 1581.473316 51.972302 -906.307301 -0.000416 0.030854 -0.234922 1.293197 -0.020455 6.704322 -0.007701 9.963141 -0.043349 7.968444 -0.022235 6.6752 -0.036043 0.079754 -0.0 0.098881 0.00023 0.02126 -2e-06 0.004328 -0.000191 0.011013 7e-06 0.006345 -0.037781 7.386982
49.65799 178.209636 125.798717 1018.956665 35.683343 395.700247 18.256113 295.320626 18.292345 188.944632 18.51506 234.000811 -39.660595 200.593253 -101.371572 1018.511494 -37.096271 1517.99569 -25.242233 1877.324805 -13.325377 1667.502505 -14.014458 1566.339506 62.842865 -733.83296 0.001754 0.089864 -0.001955 0.743192 0.482597 6.6998 0.400276 11.58939 0.384794 8.244066 0.359026 6.208201 -0.063537 0.19834 -2.2e-05 0.384942 -0.0046 -0.000487 -0.001758 -0.019256 -0.009575 -0.020834 -0.004853 -0.03638 0.515764 9.093763
53.289585 193.242723 130.153099 1071.620358 43.639245 440.054509 25.122411 333.637224 24.349895 218.655822 24.620175 265.339247 -38.121638 217.045002 -96.453752 1061.435244 -36.256699 1482.297429 -24.093422 1832.411002 -13.230876 1647.067422 -13.997081 1546.677515 73.478984 -665.488465 0.064074 0.304328 0.037042 0.66343 0.399989 1.17779 0.546873 1.168223 0.432446 1.08431 0.434227 0.984366 0.015226 0.324162 0.061136 0.442955 0.004805 -0.212381 0.013377 -0.271896 0.000168 -0.062994 5e-06 -0.062094 0.41556 1.670009
52.170626 180.146975 126.344758 1069.476288 64.67988 581.821557 47.879978 497.437639 47.279714 339.370033 45.088139 381.436549 -37.53297 205.774385 -91.409801 1024.802533 -35.133385 1441.884572 -23.061098 1771.125726 -13.11788 1580.549255 -13.422223 1487.599514 110.205609 -455.14483 -0.005936 -0.229722 -0.028274 -0.001074 2.063186 9.8816 3.637831 16.301979 3.76928 13.213104 3.072652 10.505141 0.00229 -0.150241 0.067725 -0.321646 0.008838 -0.279271 0.011301 -0.521176 0.000242 -0.685511 0.006027 -0.575185 3.709082 19.917829
51.95735 180.556331 110.986011 1088.061659 67.96455 750.128527 56.274482 703.890268 53.701385 511.986749 49.804771 546.959016 -36.84338 200.900739 -89.169742 978.184978 -32.506493 1457.667538 -20.74701 1787.633467 -10.945198 1575.334647 -11.303445 1482.838137 113.134615 -291.158302 -0.000218 0.000232 -0.497488 0.08005 0.040675 10.676535 0.338836 17.872774 0.204393 17.683081 0.117292 14.874554 0.003197 -0.029204 0.013894 -0.542562 0.051029 0.042956 0.061162 0.038287 0.098288 -0.004308 0.090948 -0.003816 0.019207 18.23941
55.802722 179.453638 105.954764 1079.397636 71.440758 902.784567 59.423711 956.836762 55.151977 726.639322 51.318348 734.793669 -36.486795 201.997897 -86.584417 983.651881 -31.118565 1482.776396 -19.591899 1817.971923 -9.88561 1575.313592 -10.163338 1479.11875 111.737094 -162.154045 0.068632 -0.001689 -0.05835 -0.017316 0.043348 7.064428 0.042868 19.376263 0.009666 18.741315 0.011328 13.837826 0.000867 0.001494 0.019016 0.007617 0.01514 0.107206 0.016542 0.12764 0.026966 -0.0 0.030297 -0.002335 -0.004343 18.743612
54.274972 174.125147 114.690907 885.503822 68.576762 1030.929974 54.442932 1206.722725 47.392735 993.664281 43.58158 969.468322 -38.031087 206.202715 -84.937707 940.491273 -34.576131 1420.468387 -23.764098 1744.013394 -12.7161 1496.707234 -12.445935 1404.882853 109.206727 -51.335216 -0.010602 -0.040153 0.173015 -9.589992 -0.029294 4.250709 -0.108987 14.479065 -0.29398 20.850115 -0.315898 16.234521 -0.016003 0.021657 0.007905 -0.48413 -0.09105 -0.668689 -0.201215 -0.767894 -0.177936 -1.005848 -0.115519 -0.955596 -0.01449 31.015012
55.881917 178.806347 125.863104 882.894535 59.991499 1162.972747 45.380861 1393.865911 31.284103 1165.630952 30.484166 1122.884115 -36.415974 206.466591 -81.489388 920.948462 -34.537379 1401.548448 -24.29422 1737.170414 -12.891671 1496.256687 -12.412503 1399.193489 84.340654 -20.612866 0.011722 0.031047 0.259579 -0.001925 -0.286965 3.977184 -0.412181 6.742326 -1.666729 6.858621 -1.167238 5.631968 0.017522 8.4e-05 0.035728 -0.10259 1.1e-05 -0.063424 -0.002924 -0.006726 -0.000602 -3.4e-05 2.2e-05 -0.005772 -1.603985 6.889157
52.54719 183.584931 116.74272 899.933912 51.657037 1202.920071 37.885445 1426.822134 23.920678 1203.237212 23.787174 1158.057693 -36.554766 206.489373 -82.417154 925.47355 -35.214832 1411.392016 -24.357778 1748.928986 -13.274707 1506.065034 -12.982185 1409.2248 72.834689 -16.977234 -0.051292 0.031507 -0.171494 0.081429 -0.311515 0.337273 -0.338045 0.192533 -0.493285 0.298522 -0.414784 0.271216 -0.000132 1e-06 -0.002626 0.005545 -0.00329 0.017223 -4.2e-05 0.019831 -0.002804 0.016022 -0.006391 0.017915 -0.421711 0.176228
51.298794 185.431454 111.633033 910.411589 44.678994 1199.724946 30.456792 1413.838344 19.898495 1186.440348 19.871278 1146.076082 -36.043575 206.41966 -86.710086 919.420635 -34.870214 1360.646519 -22.714409 1688.25876 -12.211538 1442.514069 -12.470992 1355.858158 63.286384 -12.501173 -0.007504 0.00462 -0.057169 0.030321 -0.253058 -0.002124 -0.404939 -0.029673 -0.18499 -0.059033 -0.175971 -0.031153 0.0018 -6e-06 -0.054492 -0.00993 0.000847 -0.464518 0.028695 -0.535491 0.022185 -0.684939 0.005134 -0.515041 -0.335299 0.341809
51.197795 184.353523 111.093665 912.548684 42.747752 1211.436558 27.885513 1440.059332 18.282608 1216.513803 18.335504 1164.874468 -36.636148 204.906346 -86.123805 938.228207 -33.204684 1346.760385 -18.3827 1635.920968 -11.438692 1366.135434 -12.164469 1289.026753 58.643896 -4.337687 -5e-05 -0.001571 -0.000653 0.001253 -0.021333 0.028443 -0.056689 0.120459 -0.034209 0.188195 -0.030879 0.076459 -0.002416 -0.002784 0.000994 0.09521 0.020378 -0.035611 0.228922 -0.412044 0.012631 -1.038715 0.001907 -0.844489 -0.088413 2.111175
51.26772 186.502597 115.597844 919.6932 42.172198 1212.125832 26.71919 1427.569718 17.790947 1193.247788 18.050688 1141.891678 -37.255632 205.163244 -85.266357 998.682712 -28.067768 1271.360904 -13.005561 1494.963988 -8.97211 1215.111349 -10.204957 1162.531701 52.031403 -0.099243 2.4e-05 0.006227 0.044752 0.013929 -0.00195 9.8e-05 -0.012457 -0.027199 -0.003351 -0.112318 -0.001115 -0.114494 -0.002597 8e-05 0.002145 0.943677 0.215712 -1.085943 0.46401 -3.174653 0.149588 -4.421861 0.08599 -3.265609 -0.197714 3.124703
47.505027 192.758063 113.629599 920.845181 33.773262 1235.260658 19.975915 1473.179505 11.607334 1236.990378 12.013598 1176.966162 -40.745756 208.021491 -86.075522 1071.337843 -26.185236 1172.429333 -11.311021 1420.81818 -8.425676 1067.505733 -9.528367 1066.267907 39.81175 6.240842 -0.071695 0.051592 -0.00845 0.000361 -0.465855 0.109348 -0.489466 0.358594 -0.657685 0.3937 -0.612379 0.265279 -0.078121 0.009886 -0.001911 1.275445 0.032671 -2.003337 0.059115 -0.942884 0.008583 -4.777464 0.011602 -2.079829 -0.816537 7.914073
46.427956 189.523753 110.505158 917.627375 22.862139 1214.016842 10.369845 1437.080842 5.446409 1213.435826 6.363088 1158.771583 -41.38753 204.010344 -89.564676 1070.755763 -19.11327 913.291567 -4.751456 949.475473 -4.263671 719.019621 -5.855315 734.919861 19.347859 64.318228 -0.006175 -0.013682 -0.021778 -0.002816 -1.060982 -0.092131 -1.560546 -0.223891 -1.151757 -0.113211 -0.890282 -0.070866 -0.002507 -0.019525 -0.03466 -7.9e-05 0.55544 -16.160731 1.400442 -47.336905 0.701969 -34.318097 0.444929 -30.739845 -3.652055 30.489136
45.625037 185.733432 111.241979 909.833838 10.39585 1111.43545 1.594864 1249.962447 0.252485 1082.760433 0.854553 1054.063044 -43.214837 203.624016 -103.934905 1066.130112 -14.86821 710.680825 -2.144903 665.197732 -2.486408 507.885293 -4.158957 548.429261 4.323547 107.516467 -0.003502 -0.019143 0.001224 -0.016619 -2.424801 -2.26366 -3.831199 -6.523126 -3.353569 -3.721352 -2.55391 -2.478726 -0.019736 -0.000183 -0.53434 -0.005007 0.266195 -12.688675 0.511561 -25.221814 0.238174 -18.303258 0.144722 -13.622291 -5.379181 5.518507
44.954521 183.92509 115.162542 903.494621 4.700533 1092.083892 0.002246 1223.7809 -0.713079 1076.521301 -0.077773 1051.370077 -44.467847 202.498356 -116.965655 1066.827157 -10.172309 629.115001 -0.436339 553.798655 -0.561766 421.634989 -1.566195 474.473911 -0.009012 150.715683 -0.002482 -0.004423 0.033948 -0.011081 -1.115534 -0.084975 -1.47741 -0.138554 -1.814191 -0.009014 -1.447927 -0.001722 -0.008953 -0.00156 -0.384672 0.000114 0.444257 -2.48514 0.646399 -5.100824 0.684466 -4.010239 0.620747 -2.676969 -4.727334 3.639002
44.004301 173.322642 122.35642 876.708276 1.242149 1026.294825 -1.77447 1134.453678 -4.155275 1005.750658 -1.684545 996.994382 -48.844028 191.731387 -130.879667 1023.194639 -6.501086 550.197837 0.004013 466.506403 -0.0 354.900011 -0.266783 409.62816 -4.154181 165.760014 -0.005075 -0.157365 0.108968 -0.201536 -1.109976 -1.02183 -1.902976 -1.692414 -1.425658 -1.202996 -1.038406 -0.721853 -0.102674 -0.147058 -0.390874 -0.455499 0.409194 -2.643449 0.524042 -3.741005 0.561364 -2.872897 0.540176 -2.38131 -3.776226 0.357784
42.464906 172.858484 109.857982 831.862979 -0.429738 894.782533 -10.8085 964.806989 -14.843904 860.40871 -8.890259 872.443598 -50.369522 184.478338 -141.597417 924.937444 -4.793802 472.575184 0.233854 395.425575 0.371722 308.967114 9e-05 366.443505 -19.913626 138.186227 -0.013704 -0.000311 -0.336595 -0.588634 -3.133117 -4.506793 -3.824121 -6.866022 -3.291792 -5.668437 -2.835027 -4.153695 -0.011729 -0.069923 -0.21087 -2.479458 0.129778 -2.949813 0.176599 -2.935907 0.372049 -1.590952 0.27665 -1.202441 -5.877171 -1.253321
38.340774 163.426725 105.642766 732.462761 -0.881133 786.728574 -12.457419 859.327335 -18.512316 772.375429 -11.636554 786.677082 -53.288193 164.957599 -154.945381 781.533769 -5.747485 423.504494 0.264687 365.191194 0.607356 294.999083 -0.001222 351.079868 -25.82596 112.701702 -0.105312 -0.132292 -0.041229 -3.161233 -0.08017 -3.475367 -0.058505 -3.052208 -0.202334 -2.374931 -0.184544 -2.218288 -0.041098 -0.545675 -0.300561 -6.036155 -0.043229 -1.344602 0.000954 -0.601143 0.028778 -0.161542 -0.001973 -0.164502 -0.383726 -1.297681
37.649547 162.838933 107.62292 713.658661 -0.156345 730.943324 -8.844733 780.344481 -13.092289 700.013208 -7.639984 722.287475 -52.372649 159.542439 -161.968218 695.10694 -3.676289 386.570287 0.996056 331.056626 1.904621 279.898437 0.297598 337.516997 -24.98407 94.626148 -0.003144 -0.000529 0.009193 -0.122261 0.295155 -1.025599 0.308577 -1.903404 0.468222 -1.779237 0.418851 -1.374423 0.003967 -0.045186 -0.077823 -2.531423 0.230425 -0.842419 0.233819 -0.837252 0.3609 -0.198356 0.336954 -0.133583 0.006975 -0.789447
38.689673 160.853756 109.921089 701.443651 0.057648 659.65801 -5.33553 672.955705 -8.055009 598.913996 -4.126359 631.546744 -51.785936 154.328553 -165.881976 639.948965 -2.536832 369.934667 1.788759 315.724755 3.12698 275.165384 0.812857 333.644954 -21.219488 62.16707 0.007086 -0.006088 0.012139 -0.05272 0.403866 -1.828324 0.441072 -3.973073 0.6087 -3.940397 0.536861 -3.044371 0.001652 -0.043308 -0.023361 -1.139915 0.105379 -0.182932 0.115205 -0.181746 0.150736 -0.02018 0.126779 -0.011169 0.153621 -3.396603
40.812898 154.306414 118.412262 716.199525 0.001726 590.841146 -7.499331 572.529575 -9.218426 491.891851 -4.914379 533.342262 -53.023412 145.451256 -172.249729 621.296158 -2.732786 356.695289 1.400569 296.630002 2.631533 258.708876 0.692974 316.411527 -21.700561 37.139339 0.028357 -0.068017 0.157938 0.076797 -0.039422 -1.894984 -0.18371 -4.055389 -0.039224 -5.262823 -0.034409 -4.146883 -0.007306 -0.131469 -0.059965 -0.137938 -0.003645 -0.120622 -0.023712 -0.297783 -0.021353 -0.253694 -0.00478 -0.228475 -0.002696 -3.205548
40.375868 157.972302 133.175214 759.777113 1.909543 639.664017 -1.693391 625.128753 -3.759311 530.578904 -1.121844 572.478661 -56.273812 139.347773 -189.304398 552.430213 -6.833699 341.93317 0.06258 300.422589 0.565426 256.594377 -0.012856 312.332531 -7.240635 49.220536 -0.001176 0.021518 0.433513 0.643445 1.796436 0.968956 2.065507 1.155592 1.204049 0.73216 1.340196 0.69276 -0.048343 -0.065409 -0.402462 -2.022024 -0.923561 -0.15598 -0.87104 0.012046 -0.757338 -0.004338 -0.894606 -0.013231 3.871227 0.849217
43.202417 154.487645 141.696022 732.852065 38.76742 771.461802 22.302399 815.707854 15.207423 700.45405 16.53063 722.884626 -52.466769 136.98531 -199.54808 598.662691 -14.868302 321.215571 -0.791599 273.896631 -0.289884 215.397272 -1.713212 266.977369 19.69654 138.996403 0.047809 -0.019432 0.132101 -0.242866 23.469052 6.168374 36.28671 12.65954 34.08883 11.77721 26.265208 8.761526 0.066663 -0.010099 -0.13495 0.928815 -1.54209 -0.323701 -1.299325 -0.612901 -1.665021 -1.801352 -1.429247 -1.778196 50.821517 22.79049
41.06086 157.624363 159.081115 629.526197 47.592407 870.924375 32.053521 850.719594 18.761009 739.154776 20.520096 775.031771 -51.048037 141.929121 -223.041458 563.746354 -24.360514 315.694466 -3.717098 273.897124 -2.215138 211.635046 -5.640473 261.012866 33.86928 159.762503 -0.027218 0.015762 0.502855 -3.923885 0.45209 3.014483 0.881799 0.36784 0.186389 0.520286 0.215411 0.907978 0.009723 0.043818 -0.653549 -0.524525 -1.165738 -0.023931 -1.077982 0.0 -0.902358 -0.016573 -1.136507 -0.03369 1.908967 0.722578
43.003313 160.264501 161.067762 678.263504 25.502536 1086.564591 10.707368 1226.479285 4.605366 1141.745858 7.017597 1119.677913 -52.183026 147.050615 -236.684987 553.369801 -24.098689 324.3604 -3.479113 277.702747 -2.572509 226.232926 -6.483484 277.415367 14.06187 351.513328 0.022445 0.010964 0.006164 0.90846 -3.417771 11.913897 -5.709096 34.269649 -4.775914 43.590748 -3.537546 31.60909 -0.00624 0.045387 -0.202497 -0.048193 0.000707 0.058668 0.003936 0.013128 -0.013357 0.243404 -0.029344 0.249898 -4.284138 37.319508
42.335275 143.723912 156.895886 651.122701 23.186926 1056.619563 4.675548 1214.542534 3.004216 1143.046886 6.51853 1114.762971 -52.470439 140.989876 -238.145525 532.857698 -19.125988 344.541464 -1.716865 300.268882 -1.107735 250.200256 -4.074953 301.302202 7.760443 323.685318 -0.002615 -0.450336 -0.02737 -0.277083 -0.055095 -0.209209 -1.2319 -0.029186 -0.170358 0.00037 -0.009203 -0.005406 -0.000395 -0.06377 -0.002246 -0.19369 0.28699 0.304505 0.307965 0.4407 0.304058 0.603229 0.27838 0.49318 -0.929602 -0.573703
42.170921 143.074104 151.234497 658.35068 7.39557 953.749522 0.011317 1083.307904 -0.150398 1003.424885 0.187018 994.30546 -52.509563 140.163671 -230.418939 537.78235 -19.520151 343.685223 -2.295409 301.587618 -1.40042 249.432457 -4.17637 300.211252 0.632951 252.284038 -0.00016 -0.000736 -0.052014 0.019949 -4.39238 -2.633641 -4.226804 -3.750591 -4.498976 -4.545824 -4.497307 -3.44272 -7e-06 -0.001214 0.06371 0.011326 -0.00201 -0.000533 -0.04193 0.001445 -0.017136 -0.00059 -0.000623 -0.000989 -3.960798 -4.442842
39.791256 139.912496 143.707763 647.765463 2.580958 822.301196 -0.920945 890.444719 -2.846198 817.170312 -0.606948 831.457832 -55.379912 138.636492 -232.357765 555.761326 -18.430392 334.842765 -2.175442 293.012082 -1.179428 243.454723 -3.615764 295.065425 -0.361265 168.56232 -0.034553 -0.017662 -0.096054 -0.042894 -1.238644 -4.871029 -1.136443 -9.445313 -1.688066 -9.552374 -1.46779 -7.27704 -0.038189 -0.004183 -0.004061 0.147806 0.01565 -0.057619 0.00161 -0.061843 0.009483 -0.03625 0.020193 -0.022242 -1.95059 -8.411719
39.600934 144.790449 139.025497 648.304569 0.001257 741.340331 -7.298795 793.520609 -11.88655 743.880377 -6.384261 774.975519 -56.154045 135.486833 -219.996768 509.875815 -6.731914 319.332853 0.087431 288.13931 0.873 227.436661 -0.000201 278.710146 -19.202206 148.673327 -0.000228 0.041791 -0.038774 0.000112 -2.468283 -2.097367 -3.034458 -2.791648 -3.099782 -1.721398 -3.054249 -0.993268 -0.002687 -0.018095 0.168919 -0.988356 2.884801 -0.183889 3.135111 -0.020429 4.081851 -0.272518 3.562061 -0.233148 -14.295802 -0.624081
38.420461 147.88677 126.264977 677.542647 -0.024064 694.769586 -8.413811 709.799217 -12.142318 637.911549 -6.788805 677.430013 -54.808619 131.455339 -201.398992 496.415073 -5.140695 288.642176 0.361 251.385732 1.46248 211.455852 0.086692 262.487221 -22.032824 114.819567 -0.008931 0.016379 -0.307069 0.322424 -0.036323 -0.755306 -0.039612 -2.333075 -0.001361 -4.069336 -0.006213 -3.279346 0.008157 -0.030445 0.410595 -0.090033 0.107114 -0.775129 0.093114 -1.253321 0.075617 -0.29104 0.09524 -0.243204 -0.09727 -2.183828
39.060786 147.832701 119.165836 686.122838 -0.045513 634.748508 -8.888269 639.937204 -11.471232 559.574691 -6.517586 598.114319 -54.433785 130.530635 -203.034849 493.123223 -6.150874 288.301924 0.142102 250.960738 1.031402 213.564929 0.008112 265.168684 -19.38201 81.748185 0.002646 -5e-06 -0.102694 0.026994 -0.003388 -1.355516 -0.006507 -1.809233 0.009538 -2.565058 0.002764 -2.468386 0.000643 -0.001632 -0.003308 -0.005475 -0.045278 -0.0001 -0.050117 -0.00018 -0.037539 0.005233 -0.041766 0.006813 0.084922 -2.802005
42.967595 157.738279 131.026861 793.980059 4.00481 649.27501 -0.300316 631.870182 -0.403488 531.524876 -0.013214 574.339419 -55.123386 130.689011 -207.452089 526.509484 -10.0134 282.105076 -0.064794 241.832051 0.002005 202.993575 -0.58857 251.736653 -0.462375 77.56751 0.093089 0.160595 0.281309 3.935086 4.904183 0.082174 5.920992 -0.025585 7.57193 -0.36061 5.943858 -0.241077 -0.00217 4.8e-05 -0.023768 0.546737 -0.468267 -0.033662 -0.398806 -0.084559 -0.942462 -0.134161 -0.734881 -0.174548 13.857145 -0.054863
44.107717 156.4068 138.638949 786.313179 20.470985 741.618196 7.242672 770.355311 5.454257 661.34412 6.517799 687.131953 -54.187623 130.480111 -211.859687 545.224049 -13.331644 281.11184 -0.452819 228.309427 -0.192575 186.368149 -1.437504 237.384985 7.696565 145.562771 0.007464 -0.002822 0.107458 -0.018598 6.366968 3.068777 10.492626 6.855219 8.824713 7.085118 7.117966 5.052705 0.004005 -8.4e-05 -0.023166 0.163409 -0.237029 -0.000876 -0.175034 -0.194515 -0.233877 -0.355108 -0.186431 -0.210597 11.931844 10.612595
42.810752 157.369735 141.256466 760.708949 26.341295 873.521212 11.941028 965.388231 6.770337 846.630713 8.649519 852.172205 -53.686142 132.701092 -214.285549 553.972319 -16.327668 289.530447 -0.957403 235.94125 -0.58428 191.316719 -2.515365 243.247932 11.33244 233.026044 -0.009677 0.001478 0.012239 -0.211898 0.36953 5.395049 0.584243 10.992023 0.07105 11.426479 0.15055 8.873171 0.001166 0.009372 -0.006905 0.034813 -0.151709 0.062103 -0.093362 0.062734 -0.105982 0.03242 -0.149793 0.035761 0.350583 10.241606
42.279369 154.264658 148.087547 715.301427 19.641926 1014.732801 7.391194 1153.208709 2.882453 1065.885296 4.509045 1046.515221 -52.123236 137.514754 -216.045448 569.187471 -17.113195 315.929088 -1.157913 262.434305 -0.803448 213.746059 -3.037958 265.799465 6.729517 325.003089 -0.001659 -0.01547 0.080648 -0.698617 -0.490638 5.287602 -0.543028 8.34187 -0.817593 12.609455 -0.668396 9.972325 0.011543 0.042879 -0.003599 0.103063 -0.009227 0.575777 -0.009525 0.704668 -0.017416 0.621461 -0.024644 0.499778 -0.596351 7.632243
42.59209 149.275701 151.274375 690.847104 12.735938 996.415177 2.339835 1136.431205 0.267948 1054.456689 1.259695 1040.324458 -50.84421 137.935782 -209.121606 590.477837 -16.601299 318.674517 -1.535303 262.103792 -0.858028 216.502311 -2.901915 269.195452 2.084947 315.360109 0.000576 -0.041002 0.016963 -0.212659 -0.745074 -0.083421 -1.413776 -0.06147 -1.392736 -0.0308 -1.002181 -0.009183 0.007944 0.000322 0.056381 0.195452 0.003886 0.005939 -0.026572 -0.000104 -0.000897 0.008829 0.001558 0.010778 -1.322953 -0.072609
43.058599 144.384503 150.281194 691.821275 8.292827 960.696454 0.493297 1088.756985 -0.064682 995.422002 0.153287 987.684363 -50.453655 137.844093 -205.512405 644.438237 -18.685492 337.844383 -2.702777 271.135852 -1.951514 217.598748 -4.246507 270.2268 1.305624 282.209101 0.00127 -0.040737 -0.001636 0.000343 -0.474745 -0.325974 -0.684426 -0.510764 -0.595928 -0.85025 -0.534131 -0.683293 0.000753 -1.5e-05 0.015709 1.179479 -0.061605 0.279933 -0.163976 0.076498 -0.221528 0.001385 -0.127595 0.000986 -0.090779 -0.920258
41.404404 143.768791 144.977273 709.034806 5.954703 892.835009 0.063382 973.912638 -0.461946 875.522169 -0.000799 882.055958 -50.487827 137.561099 -197.995295 675.86978 -17.964488 354.133611 -2.419152 284.294851 -1.952755 225.521294 -4.146337 278.199011 0.515157 212.33903 -0.0162 -0.000658 -0.047643 0.105763 -0.193161 -1.242687 -0.203034 -3.199606 -0.180913 -3.845855 -0.176223 -2.98605 -6e-06 -0.000145 0.070026 0.374186 0.007093 0.191752 0.007859 0.1559 -0.0 0.070829 0.000598 0.057947 -0.180535 -4.960522
44.297695 143.409388 136.008649 751.774643 5.898432 777.927892 0.045887 809.828376 -0.363296 704.782441 0.001919 723.298146 -53.080588 133.730954 -182.770399 708.541769 -18.181595 384.558281 -3.026697 311.25721 -2.477638 249.311318 -4.3658 300.255971 0.943446 115.737655 0.048852 -0.000225 -0.143169 0.625367 -0.000134 -3.956066 -0.00141 -7.562994 0.005918 -9.250631 0.005196 -7.869282 -0.032459 -0.027039 0.304505 0.385582 -0.000652 0.62682 -0.033995 0.610645 -0.031202 0.596337 -0.00283 0.420678 0.064296 -14.544413
44.681026 145.920396 134.253594 765.571946 5.736073 629.97403 -0.008806 601.417089 -0.108932 490.331207 0.044753 527.539436 -53.932345 134.556535 -177.146667 733.535249 -20.971514 433.723765 -5.178197 375.389101 -3.770159 294.109918 -5.616815 338.927339 2.597387 24.937942 0.000826 0.010896 -0.005699 0.062731 -0.001133 -7.795684 -0.094898 -15.473815 0.074361 -19.397994 0.028137 -15.413289 -0.00339 0.00127 0.043938 0.216605 -0.099527 1.47836 -0.287108 3.001478 -0.135158 1.849703 -0.078698 1.170905 0.410022 -33.227769
43.499419 147.320557 119.588751 779.352769 11.862806 558.837803 1.450209 515.385249 1.137982 390.524765 1.96227 426.668431 -57.733193 139.238595 -159.045257 826.65449 -32.641274 503.21412 -14.180356 450.564871 -12.937596 329.260959 -14.335854 361.73603 21.749624 2.611941 -0.007917 0.003343 -0.423959 0.061464 1.100889 -2.130237 1.685032 -3.318623 1.951081 -5.67261 1.414343 -5.346605 -0.064705 0.040036 0.487666 2.78137 -1.285474 2.580517 -2.220446 3.428247 -2.739678 0.991849 -2.005877 0.371344 9.314754 -11.408454
44.934781 146.954427 119.196549 864.222618 15.036321 444.733456 2.894264 362.41211 3.705065 254.258309 4.190951 298.221669 -56.537613 142.922072 -146.855959 898.22729 -34.485696 562.507167 -15.634487 522.636536 -14.309823 372.945873 -15.671723 403.091157 32.577692 -11.332159 0.011649 -0.000228 -0.000322 2.192689 0.187859 -6.507836 0.247016 -13.43203 0.736322 -14.563536 0.417795 -11.470808 0.006255 0.024044 0.242951 1.485572 -0.025344 1.650708 -0.035482 2.672348 -0.034576 1.360156 -0.02975 1.118879 1.090015 -24.825081
41.825901 145.22469 119.701542 863.462139 18.234574 358.043029 5.206434 256.37177 5.72443 171.721317 5.88622 217.983586 -56.893801 154.943972 -139.557105 963.764377 -36.591029 723.375574 -18.177961 729.655684 -16.204706 552.504465 -16.982809 569.398662 41.191816 -108.184243 -0.055718 -0.00512 0.000534 -0.000167 0.154077 -4.6945 0.336989 -9.153716 0.218765 -8.072595 0.14362 -6.274166 -0.000559 0.242701 0.093016 1.153722 -0.031187 10.102282 -0.0958 17.229923 -0.058891 17.586339 -0.026331 14.325813 0.504665 -49.488948
39.573107 159.235041 125.993467 867.176606 18.77299 269.331404 5.516742 163.114007 5.712828 104.764369 6.071954 148.039896 -53.239994 164.113682 -134.492242 952.307463 -36.90462 869.808284 -18.195652 949.408988 -15.92429 756.158572 -16.638088 756.401824 40.713042 -298.007403 -0.03118 0.322529 0.080577 0.003986 0.003917 -6.303643 0.004491 -10.497627 -6e-06 -8.230021 0.001442 -6.744942 0.060626 0.131796 0.046807 -0.034253 -0.000669 6.743734 -4e-06 14.442595 0.001224 15.943443 0.001767 13.254584 -0.001399 -47.083276
39.348453 156.246796 125.334654 842.07579 17.30936 165.645461 5.444239 70.064934 5.463309 40.275716 5.611024 73.603142 -51.483041 158.378304 -125.716034 923.249101 -35.517616 974.960352 -18.072777 1100.588175 -13.134248 908.97717 -15.02352 895.628207 35.539395 -566.579624 -0.00032 -0.014153 -0.000863 -0.184316 -0.029697 -12.538587 -0.00024 -19.369941 -0.002786 -15.125344 -0.009096 -12.873294 0.014739 -0.051005 0.148042 -0.225117 0.013283 2.999279 0.000208 5.582034 0.134252 7.027327 0.041194 5.877171 -0.175716 -42.772151
39.315408 134.860579 131.198988 699.331477 19.812628 112.940699 6.803816 38.910693 6.45256 18.567084 6.690177 43.281199 -44.150401 145.757072 -117.755816 892.010949 -28.777301 1092.648886 -13.495302 1291.563456 -7.172439 1084.06961 -9.594976 1053.247925 27.230968 -818.890251 -7e-06 -0.786633 0.067038 -6.623757 0.084498 -5.030943 0.075693 -4.548138 0.041135 -4.150841 0.047427 -4.00153 0.281527 -0.261995 0.130163 -0.268803 0.354284 3.352139 0.333638 7.635356 0.894877 7.705977 0.605973 6.384381 -0.552291 -23.168101
49.951179 132.27703 124.262218 679.362832 24.703114 80.220723 12.179191 18.955345 12.887755 8.128373 12.117781 25.983498 -35.906901 144.050656 -105.257099 852.729611 -18.764029 1191.951621 -6.982415 1464.960603 -1.569083 1255.653592 -3.214924 1200.612238 23.450604 -1061.728297 0.63587 -0.012493 -0.094198 -0.144618 0.269449 -2.791419 0.776967 -3.54972 1.102002 -2.125541 0.800171 -2.194675 0.425548 -0.005024 0.35052 -0.442249 1.066472 2.159173 1.06331 5.459117 2.032081 6.300051 1.701864 4.822726 -0.141186 -15.744341
42.945718 137.789793 121.497 651.39513 24.02983 55.153438 11.873771 5.955183 12.12467 1.102365 11.189429 12.646989 -40.3377 148.639243 -97.679962 882.058613 -16.748895 1315.183564 -6.722932 1623.39033 -1.446744 1417.324879 -2.53799 1350.426528 21.947881 -1339.372589 -0.264522 0.056271 -0.015557 -0.293922 -0.004651 -2.341102 -0.001939 -3.661288 -0.011643 -3.243941 -0.018496 -2.375115 -0.128852 0.035971 0.141505 0.247941 0.057219 3.03041 0.002457 4.066331 0.002482 4.893708 0.039966 4.402855 -0.024877 -16.106313
35.916652 132.905371 105.101893 598.352679 18.561203 25.902834 7.289716 0.101642 8.467095 -0.847109 7.954871 2.445301 -42.764005 136.275291 -94.088213 840.945331 -15.339011 1413.777608 -6.921281 1789.50892 -0.904012 1596.406715 -1.61899 1503.574582 14.904407 -1670.801907 -0.313878 -0.044071 -0.593896 -1.126135 -0.352541 -5.461819 -0.556347 -4.500809 -0.327439 -3.882165 -0.275228 -3.970115 -0.035428 -0.268395 0.033639 -0.49058 0.030989 1.781623 -0.001442 4.045204 0.06351 5.325402 0.102856 4.111988 -0.679362 -18.30132
38.246129 121.358938 106.14609 503.83311 19.031144 19.591055 7.829821 -0.291687 9.083323 -2.885844 8.591173 0.663819 -39.539481 125.832011 -89.654671 815.097678 -15.75598 1419.036414 -7.332021 1776.462948 -1.333359 1598.099701 -2.192204 1509.055094 17.376951 -1736.806982 0.036594 -0.262304 0.002581 -4.060311 0.002937 -0.439973 0.00965 -0.737699 0.010822 -0.605894 0.012239 -0.560993 0.06319 -0.208131 0.053496 -0.201728 -0.002796 0.004881 -0.005919 -0.023864 -0.041582 0.000449 -0.043353 0.004985 0.09483 -0.639316
38.352881 114.981531 99.3955 466.578242 18.733962 16.618498 8.776299 -0.683421 10.235121 -3.364318 9.434581 0.357759 -39.099389 123.677212 -91.503626 831.045911 -17.574318 1468.842389 -8.775805 1834.632991 -2.064008 1659.453645 -3.013955 1561.492034 21.491599 -1812.255977 7.4e-05 -0.08606 -0.110885 -0.715386 -0.001169 -0.12222 0.026995 -0.082146 0.034367 -0.018341 0.019742 -0.046925 0.001231 -0.009305 -0.009436 0.077257 -0.049637 0.429523 -0.064835 0.468552 -0.079498 0.577832 -0.065263 0.447776 0.218403 -0.80207
39.434046 108.29847 107.125972 448.012793 20.372347 15.362832 9.547327 -0.7153 11.047246 -4.434843 10.23268 0.137896 -37.684995 122.360903 -92.659553 816.762116 -17.669925 1437.676293 -8.380649 1808.952006 -2.08958 1635.785966 -3.162293 1546.887321 22.746009 -1810.566966 0.007514 -0.100039 0.144734 -0.188451 0.034336 -0.02466 0.016229 -0.000363 0.015501 -0.07382 0.0162 -0.051432 0.013028 -0.003521 -0.003628 -0.06191 -0.00013 -0.167099 0.004551 -0.090504 -7.9e-05 -0.084996 -0.001782 -0.03431 0.017789 0.000394
39.627644 109.531239 103.612427 456.711914 20.763439 15.2317 10.621646 -1.089157 12.028601 -3.94686 10.922316 0.196389 -37.377899 124.639435 -97.176291 819.514301 -19.497168 1404.150838 -11.518782 1753.458369 -3.389895 1576.549451 -4.14698 1492.97601 28.189665 -1738.260938 0.000237 0.003488 -0.029292 0.041823 0.001859 -0.000281 0.028633 -0.039154 0.020877 0.014217 0.011244 0.005157 0.000628 0.01051 -0.053741 0.002315 -0.044943 -0.197759 -0.248999 -0.432254 -0.156522 -0.546217 -0.066631 -0.47809 0.291726 0.73668
35.794874 128.150045 79.873507 471.883127 20.168237 14.333936 11.370636 -1.395579 13.925435 -2.885185 12.273603 0.567503 -40.190537 137.52419 -95.142359 823.022983 -22.752405 1451.0104 -13.287567 1808.655413 -4.789888 1639.225914 -5.969752 1551.661609 35.049492 -1779.653395 -0.097448 0.730376 -1.54212 0.123941 -0.004328 -0.013633 0.012758 -0.018967 0.069407 0.082994 0.039393 0.096206 -0.05101 0.31682 0.010756 0.003748 -0.125591 0.384561 -0.063141 0.427681 -0.120697 0.61085 -0.165563 0.565637 0.373159 -0.243524
32.118481 129.470124 82.876441 429.229199 19.214902 12.996277 10.725749 -1.998261 12.370308 -3.49844 10.995639 0.318113 -45.389615 143.191837 -112.385603 832.213201 -28.967062 1429.398971 -16.979174 1766.262432 -7.378026 1597.991048 -9.319975 1516.98845 38.85524 -1751.02845 -0.099581 0.003382 0.027706 -1.010073 -0.01154 -0.032755 -0.009413 -0.053941 -0.046025 -0.029525 -0.03512 -0.03584 -0.158071 0.057221 -0.717601 0.025513 -0.374737 -0.081075 -0.225975 -0.251366 -0.278437 -0.26263 -0.371558 -0.195895 0.098054 0.11604
32.99379 137.557184 98.081368 406.289047 23.196341 9.821285 13.257687 -3.460527 13.949156 -5.316451 12.582991 0.03089 -43.26179 154.163474 -110.128784 851.689081 -28.430754 1446.476871 -16.905352 1794.303855 -6.773936 1613.756679 -8.531632 1535.00527 40.164355 -1804.323865 0.005884 0.122489 0.639926 -0.314984 0.187296 -0.221975 0.134023 -0.199497 0.047398 -0.189513 0.053492 -0.150745 0.02554 0.202481 0.011445 0.112632 0.002506 0.050708 8e-05 0.110423 0.012899 0.038695 0.017415 0.05318 0.010845 -0.399477
36.033628 140.637995 99.068224 425.584687 29.331053 6.225381 19.015701 -7.487845 20.465484 -10.474273 18.466259 -0.59112 -38.523719 159.785256 -98.069326 871.221675 -27.513528 1460.006271 -16.688575 1824.276503 -6.955461 1634.412637 -8.46451 1543.702149 51.282786 -1906.56827 0.066967 0.017059 0.00247 0.223815 0.359469 -0.408093 0.517808 -0.767628 0.622556 -0.866119 0.562481 -0.892268 0.13736 0.050338 0.349553 0.110724 0.00752 0.031489 0.000699 0.124134 -0.0012 0.065679 0.000133 0.012284 0.678423 -1.408813
36.394612 136.340147 105.89986 379.958874 32.608318 4.375645 23.736212 -8.804716 24.186813 -12.524851 21.514236 -1.172776 -39.336714 157.18144 -98.028838 869.676096 -27.490022 1459.83387 -16.434344 1818.41085 -7.227777 1625.945142 -8.722772 1533.490528 57.858259 -1923.880021 0.0009 -0.033347 0.113882 -1.293156 0.086762 -0.162624 0.26141 -0.053306 0.155338 -0.091596 0.116353 -0.098662 -0.004245 -0.010695 4e-06 -0.000686 5e-06 -5e-06 0.000976 -0.004723 -0.002614 -0.010996 -0.00194 -0.016944 0.198258 -0.039121
35.165401 130.206688 115.450688 388.908139 38.612596 4.325245 24.753739 -9.495976 27.674525 -15.136589 25.665759 -1.798441 -40.336905 150.371594 -96.209042 848.797732 -26.212083 1421.170488 -15.372972 1768.295323 -6.524207 1579.234373 -7.965752 1491.27499 61.072834 -1903.590766 -0.010558 -0.070577 0.206145 0.052084 0.253547 -0.000146 0.010677 -0.01306 0.117408 -0.123574 0.183008 -0.066622 -0.006278 -0.075401 0.008525 -0.126834 0.015208 -0.259445 0.017713 -0.350139 0.01801 -0.340388 0.017179 -0.294608 0.043451 0.053777
36.003579 112.210261 140.522377 395.964813 62.494498 4.146883 49.019685 -9.069532 45.886461 -14.25513 41.808787 -1.429589 -40.610421 141.214461 -97.331119 834.762561 -25.229687 1402.916428 -14.23531 1744.847117 -5.895016 1554.425136 -7.384471 1472.033567 84.675332 -1866.39511 0.004936 -0.668928 1.230802 0.031723 2.860979 -0.001878 4.105053 0.004898 2.290066 0.01322 1.959532 0.021143 -0.000462 -0.143823 -0.003253 -0.058504 0.009381 -0.058995 0.021865 -0.078253 0.015948 -0.098209 0.01101 -0.06247 1.923794 0.183495
38.190783 109.824311 140.809106 501.790873 73.450784 11.887824 63.448132 -4.933173 60.354406 -13.543363 53.074856 -0.738749 -41.442996 136.157655 -100.865823 828.173894 -25.848955 1379.624881 -14.147807 1720.855354 -5.924561 1532.862485 -7.466624 1452.037287 104.098187 -1834.573251 0.032246 -0.01282 0.000146 6.259126 0.442221 1.992283 0.929349 0.624877 0.989737 0.009114 0.671216 0.112996 -0.004224 -0.046099 -0.031522 -0.013052 -0.003754 -0.097484 0.000135 -0.083044 -3.7e-05 -0.075301 -0.000227 -0.068373 1.001865 0.136809
43.184005 110.264685 151.664488 537.516855 80.195901 22.671477 69.641743 -0.819092 65.567955 -6.752204 58.014009 0.037785 -40.666238 135.076558 -102.760656 855.92511 -25.087887 1372.394219 -12.384379 1706.354368 -4.822019 1515.661531 -6.57346 1438.322051 105.95231 -1724.740749 0.153339 0.000441 0.201522 0.614218 0.148127 1.725506 0.144194 1.731955 0.107974 1.169925 0.109855 1.110679 0.003674 -0.002155 -0.008816 0.228663 0.005686 -0.009499 0.058667 -0.030678 0.056707 -0.048528 0.028438 -0.032541 0.008183 1.694997
41.53122 105.4481 147.95252 528.082801 79.084514 24.288374 66.862066 -0.260615 62.897168 -5.290837 55.790568 0.214021 -41.253812 129.019574 -102.721023 842.58663 -25.127161 1360.033169 -12.646798 1691.578379 -5.024889 1501.905646 -6.642039 1424.863132 103.477719 -1685.480954 -0.016124 -0.053781 -0.022995 -0.041762 -0.003877 0.027844 -0.028305 0.155656 -0.027766 0.088994 -0.021722 0.071954 -0.002107 -0.069467 4e-06 -0.052375 -1.5e-05 -0.02796 -0.001376 -0.032127 -0.00209 -0.031354 -0.000178 -0.031633 -0.01462 0.225994
42.156446 104.507805 150.115228 521.311123 78.491221 26.627947 66.555757 -0.016497 61.947887 -3.15148 55.246435 0.810591 -42.1602 128.473451 -108.520646 853.081063 -24.847895 1341.649823 -12.306849 1661.354646 -4.768297 1447.815796 -6.385782 1380.976584 101.089772 -1586.063729 0.002336 -0.002106 0.007846 -0.021849 -0.001117 0.053779 -0.000352 0.145974 -0.003609 0.275563 -0.001333 0.191585 -0.004925 -0.000579 -0.079629 0.032475 0.00078 -0.062545 0.002316 -0.136223 0.003362 -0.495972 0.002521 -0.343239 -0.013938 1.510917
41.478536 109.246345 146.975237 537.452875 76.86316 26.70391 65.466157 -0.007109 59.747851 -3.137824 52.829624 0.855749 -42.771645 130.493047 -108.119653 867.540855 -20.512753 1298.774776 -7.919943 1611.398326 -2.360266 1427.499004 -3.873068 1346.331254 85.858553 -1564.491089 -0.002747 0.052529 -0.016594 0.123054 -0.008531 5.4e-05 -0.004496 0.001947 -0.019888 1.5e-05 -0.027026 0.000612 -0.002201 0.007875 0.000371 0.06076 0.207631 -0.348124 0.481459 -0.381297 0.419033 -0.071779 0.31248 -0.220061 -0.621499 0.073858
39.228974 112.155021 145.381895 548.225624 75.503973 33.480023 64.718954 0.363641 58.211117 -0.937342 51.405277 2.61249 -44.523828 128.969681 -116.11822 869.366934 -19.946329 1213.434788 -6.279184 1484.050498 -1.822445 1298.166086 -3.64263 1230.804054 80.633228 -1368.86948 -0.031357 0.019107 -0.004342 0.053448 -0.006062 0.382678 -0.002144 0.47244 -0.01001 0.645172 -0.009732 0.477831 -0.017587 -0.004472 -0.1427 0.00096 0.003965 -1.449922 0.095116 -2.620676 0.034721 -3.070155 0.003534 -2.590715 -0.082018 6.530131
39.709258 110.291287 148.367224 544.198935 72.104631 37.185631 60.618822 0.8913 55.897201 -0.33021 49.855766 3.831946 -46.7157 126.763303 -117.6113 869.422119 -15.565039 1166.59614 -2.9605 1346.713575 -0.591395 1131.496631 -2.130428 1104.209973 67.987696 -1170.48597 0.001461 -0.007808 0.01517 -0.007421 -0.039148 0.097225 -0.067081 0.116322 -0.023463 0.154862 -0.011856 0.116428 -0.026332 -0.009518 -0.004769 1e-06 0.271312 -0.460933 0.61657 -3.333471 0.337512 -5.723318 0.201573 -3.43421 -0.538955 7.761074
37.159175 112.023574 146.435224 550.857101 63.428383 38.08823 51.48086 0.637354 48.191088 -0.54406 42.839616 3.362023 -50.917849 127.345128 -123.157543 900.644811 -16.713786 1051.339348 -3.288516 1172.632208 -1.16048 961.831495 -3.073791 953.229578 64.308142 -1008.126814 -0.042311 0.006749 -0.006331 0.020242 -0.277993 0.005412 -0.373068 -0.021241 -0.285651 -0.026558 -0.265909 -0.015365 -0.090472 0.000666 -0.063889 0.275394 -0.020447 -2.99673 -0.008615 -6.02152 -0.095008 -6.887045 -0.086215 -5.54715 -0.05118 6.058258
36.781828 110.90226 144.960049 552.343498 62.563123 40.751197 51.012356 0.865786 47.619961 -0.225943 42.094316 4.332053 -51.157585 126.386166 -122.488714 896.020684 -14.704586 902.589906 -2.116869 985.946403 -0.731808 802.209755 -2.40804 805.097484 60.158322 -829.361825 -0.000963 -0.00282 -0.003734 0.001001 -0.002971 0.044986 -0.001071 0.017459 -0.001702 0.068785 -0.00327 0.061393 -0.000282 -0.001812 0.000911 -0.005951 0.06431 -5.670253 0.128508 -8.087962 0.049194 -7.236642 0.040577 -6.250882 -0.069199 8.716489
39.313614 115.546261 139.826566 586.662331 57.596728 52.895539 47.042263 3.031251 44.715297 0.08266 39.22987 8.062894 -49.111371 124.921407 -122.803514 886.637744 -11.942655 795.149434 -0.802038 823.37476 -0.315148 654.163404 -1.631383 671.745708 52.538289 -639.539202 0.042129 0.047625 -0.046271 0.517139 -0.102678 0.790793 -0.080405 0.657028 -0.045698 0.581927 -0.050462 0.574814 0.020881 -0.004269 -0.000202 -0.024694 0.143521 -3.403065 0.312907 -7.318518 0.086482 -7.544302 0.075367 -6.032831 -0.257911 12.316804
38.152411 111.899392 129.298254 591.98221 52.220277 71.459349 42.929001 9.79323 40.403218 3.219799 35.130276 18.002276 -48.425984 121.868881 -124.135676 866.638185 -12.151832 672.425299 -1.044184 677.782838 -0.455495 532.78409 -1.959824 559.404803 49.43856 -453.167717 -0.008704 -0.029239 -0.206016 0.012006 -0.13169 1.393418 -0.094073 1.927557 -0.109294 2.270669 -0.113095 1.969491 0.002408 -0.018879 -0.003593 -0.114071 -0.000908 -5.14033 -0.015948 -7.076902 -0.012887 -6.222541 -0.015051 -5.136195 -0.047121 16.01101
38.167507 118.152834 111.995629 673.883142 42.604539 94.961633 34.995876 18.527757 33.790791 8.937792 28.572262 29.132927 -48.117588 124.77855 -127.574056 857.741898 -13.673862 625.950757 -1.86198 622.612139 -0.632823 493.106811 -2.195558 522.677824 43.67209 -369.269815 1e-06 0.085008 -0.621165 2.652256 -0.488803 1.667876 -0.404867 1.380565 -0.295249 1.428584 -0.338465 1.333064 0.000493 0.017163 -0.023485 -0.022949 -0.044889 -0.83203 -0.117437 -1.170866 -0.014544 -0.767565 -0.006692 -0.623455 -0.178734 4.290457
38.940555 127.930779 100.056799 745.448509 35.43291 118.364206 28.185393 28.649257 28.0762 16.610505 23.277078 42.027209 -45.421063 129.818619 -128.022954 840.648923 -13.80151 606.240206 -1.974789 591.153409 -0.925108 464.45952 -2.513134 497.945725 39.194151 -305.400937 0.003875 0.194336 -0.336353 1.805378 -0.330234 1.287557 -0.368133 1.098539 -0.264491 1.179363 -0.271098 1.177978 0.038876 0.049892 -0.000394 -0.086016 -0.000297 -0.157658 -0.001659 -0.407747 -0.027664 -0.428613 -0.010722 -0.299702 -0.121078 3.029933
38.644381 127.294148 105.067676 756.48379 33.423899 145.844589 25.065859 47.253734 24.416412 29.761959 20.260584 61.565761 -45.6701 129.502273 -135.213132 833.113937 -16.554243 573.651685 -3.152475 538.68713 -2.081333 419.991296 -4.043538 459.205332 40.755192 -226.148571 -0.000565 -0.000794 0.061213 0.040541 -0.029314 1.433005 -0.091452 2.315373 -0.127736 1.903996 -0.104624 1.859257 -0.00034 -0.000193 -0.098217 -0.016961 -0.12507 -0.450132 -0.137084 -1.218843 -0.231224 -1.118589 -0.181108 -0.784324 0.015241 5.941344
37.84686 129.921731 98.344346 765.072321 29.880699 182.607581 20.773163 81.04985 20.266809 53.818464 16.890063 91.162303 -46.470976 133.351981 -133.261828 833.249338 -17.500883 550.321576 -3.91112 509.990088 -2.67116 391.136328 -4.589799 430.477581 37.653387 -154.779973 -0.004158 0.013421 -0.111143 0.024239 -0.099235 2.063888 -0.201442 4.531082 -0.193098 3.536862 -0.153213 2.895136 -0.003481 0.028193 0.007091 6e-06 -0.01316 -0.242155 -0.040858 -0.392721 -0.036743 -0.513404 -0.017299 -0.463929 -0.061377 6.745329
37.310478 135.90843 93.642576 790.254899 28.396536 232.08936 19.287762 121.191689 19.042066 83.379342 15.866829 125.914532 -47.409272 135.695328 -137.952023 825.591806 -19.678265 535.137102 -5.26147 490.775965 -3.624939 376.145091 -5.63003 416.222607 39.283423 -105.333919 -0.001914 0.067421 -0.057582 0.203881 -0.018902 2.962674 -0.027548 4.023798 -0.019084 3.222463 -0.015985 2.79983 -0.004689 0.010205 -0.040558 -0.017674 -0.063814 -0.106213 -0.099941 -0.184467 -0.072662 -0.146464 -0.053078 -0.120006 0.017269 4.742937
42.287431 134.775592 95.779754 869.795452 29.307751 276.941427 19.63527 156.088364 19.979751 106.862464 16.677376 152.856265 -46.308143 130.661825 -137.650526 815.827874 -17.799194 501.43551 -4.338233 438.500317 -2.882888 334.895993 -4.446536 379.638853 38.04149 -63.405125 0.155747 -0.002371 0.012057 1.90667 0.007195 1.979868 0.001551 2.2047 0.011268 1.454922 0.010095 1.304943 0.006469 -0.047565 0.000165 -0.02904 0.047137 -0.548007 0.044499 -1.471526 0.042444 -1.197485 0.069742 -0.841276 -0.009974 5.292291
44.420124 131.677946 94.397957 872.544128 26.373977 296.82806 16.379563 175.427142 18.084866 122.408973 15.400538 168.77876 -43.895675 127.742823 -134.736291 799.573773 -16.518685 478.793907 -3.621173 419.767666 -2.405617 321.132786 -3.866479 362.949363 33.682188 -47.009114 0.026232 -0.018006 -0.00502 0.002168 -0.077341 0.344735 -0.147458 0.564539 -0.047194 0.527699 -0.025422 0.394362 0.032266 -0.016487 0.01559 -0.081776 0.023898 -0.261526 0.032366 -0.204455 0.02158 -0.144389 0.020262 -0.18757 -0.1326 1.224152
44.929667 135.428561 94.021332 890.724162 26.064015 336.153198 16.149328 212.676769 17.680324 152.08127 15.275977 201.199414 -43.309711 130.49332 -132.568058 801.186357 -15.73266 459.513973 -3.189784 396.629763 -2.08883 300.467324 -3.432685 343.706107 31.923362 -25.018701 0.001453 0.026334 -0.000376 0.093724 -0.000916 1.222755 -0.000815 1.791717 -0.002288 1.608495 -0.000253 1.423225 0.001969 0.014648 0.008794 0.000812 0.00958 -0.198099 0.013675 -0.327947 0.011178 -0.343613 0.012902 -0.262059 -0.023581 3.438983
43.77054 138.642318 87.704645 903.993831 20.71306 397.248106 10.524314 281.90879 12.601139 206.721893 11.14708 256.652813 -44.780128 132.353271 -134.853104 779.942926 -15.762794 435.990903 -3.15762 368.955359 -2.092113 281.784909 -3.397515 327.262899 24.962237 -5.801468 -0.007574 0.018843 -0.109815 0.049057 -0.307063 2.54914 -0.599855 4.869516 -0.429011 4.1849 -0.324587 3.370564 -0.012273 0.006581 -0.009763 -0.142716 -1.4e-05 -0.309005 8.1e-05 -0.500351 -1e-06 -0.299804 9.1e-05 -0.201514 -0.427525 6.724925
43.079096 138.272353 86.126958 892.803664 20.389138 456.942628 9.543792 363.130391 11.876935 264.888061 10.773158 310.360759 -46.469757 131.337549 -135.106833 773.033866 -15.655588 431.234758 -2.872372 369.005049 -2.032777 277.17398 -3.283038 320.266693 23.736851 -0.139249 -0.002752 -0.000247 -0.00716 -0.034846 -0.001276 2.088408 -0.023968 5.134034 -0.010715 3.600717 -0.003189 2.549359 -0.015644 -0.001956 -0.000119 -0.015369 0.000183 -0.013042 0.006751 2e-06 0.000427 -0.019018 0.000981 -0.037796 -0.015419 4.143109
41.661847 138.466707 86.569498 878.581251 23.893516 505.480874 11.904065 437.993717 13.954989 322.46141 12.928272 361.524297 -47.16642 129.442725 -132.210885 762.31166 -15.986859 449.944631 -2.931507 400.256055 -2.169459 294.801739 -3.562849 332.519499 27.128951 0.620029 -0.011852 6.8e-05 0.000567 -0.057097 0.13888 1.224753 0.130266 3.505578 0.08372 2.828547 0.098183 1.950865 -0.002592 -0.006884 0.015687 -0.03744 -0.001734 0.198654 -0.000301 0.635044 -0.002223 0.2717 -0.005721 0.115003 0.113231 1.346946
40.652746 135.385489 90.903887 852.021877 26.631423 471.771524 14.095439 390.654579 15.731171 286.372342 14.574206 330.018269 -46.555285 126.440181 -130.743188 752.16839 -15.133644 458.809335 -2.484801 412.873504 -1.70429 303.42753 -3.107921 340.031923 27.79123 -0.246643 -0.006186 -0.017335 0.052937 -0.203814 0.074237 -0.581558 0.092515 -1.353304 0.053184 -1.070544 0.049296 -0.718065 0.001993 -0.017617 0.004096 -0.033968 0.011698 0.043238 0.018452 0.097899 0.028031 0.06219 0.01553 0.041958 0.003993 -1.648787
40.506715 135.590158 90.996997 847.425561 25.973716 410.065822 13.884139 308.4706 15.214165 227.126018 14.412462 274.834655 -46.586809 127.449405 -131.983515 747.563974 -15.625462 464.232181 -2.802823 424.879174 -1.87687 315.501961 -3.355337 350.511414 27.778411 -7.24511 -0.000131 7.7e-05 2.4e-05 -0.006216 -0.004112 -2.161547 -0.000798 -4.847274 -0.004319 -3.429307 -0.000451 -2.522592 -5e-06 0.002006 -0.002928 -0.007068 -0.003932 0.01593 -0.009572 0.08603 -0.004161 0.117789 -0.004737 0.079521 -1e-06 -4.818211
39.148079 138.079606 88.602174 855.928249 25.585439 393.858088 14.310409 283.837259 15.543506 207.238206 14.20454 256.34209 -47.848102 128.82358 -135.17841 752.589384 -16.432991 475.228673 -3.259612 436.136903 -2.194057 327.865176 -3.737029 363.468604 29.417177 -13.773579 -0.011588 0.011323 -0.015967 0.021222 -0.001462 -0.163397 0.003223 -0.512457 0.001763 -0.455531 -0.000755 -0.322001 -0.008423 0.003684 -0.019104 0.008417 -0.010172 0.06436 -0.017233 0.0736 -0.012376 0.118799 -0.010278 0.117582 0.023482 -1.03959
38.864789 138.964993 87.999512 858.932324 24.097372 389.771868 13.161329 277.797812 14.627045 201.299191 13.221641 250.788632 -48.177434 130.819804 -134.967335 768.983148 -17.780842 488.725341 -4.300921 444.631395 -2.901712 337.17992 -4.558554 373.871218 30.558487 -17.426158 -0.000514 0.001415 -0.001028 0.002631 -0.02229 -0.010654 -0.024042 -0.032473 -0.013922 -0.043171 -0.017618 -0.030408 -0.000565 0.007674 8.2e-05 0.088318 -0.02656 0.094491 -0.072053 0.040963 -0.049376 0.065235 -0.040779 0.073385 0.01086 -0.214543
40.243948 139.656687 91.736743 871.458319 23.826668 380.949179 12.530864 270.346547 13.806869 194.793767 12.507918 244.675963 -48.08522 133.181543 -139.271091 779.348942 -19.698577 494.405436 -5.298943 453.642136 -3.432685 343.62434 -5.245745 380.21522 31.008307 -20.978721 0.012023 0.000859 0.038858 0.045337 -0.000765 -0.0505 -0.007737 -0.050647 -0.011831 -0.053426 -0.009901 -0.037708 4.4e-05 0.010564 -0.033773 0.034699 -0.049095 0.016409 -0.052019 0.045195 -0.022293 0.030502 -0.024113 0.026686 0.001643 -0.164664
40.258998 139.823747 93.669572 872.996499 23.497242 374.342509 12.484657 259.514817 13.544789 190.214146 12.085973 241.685436 -48.21807 134.992958 -138.111196 806.35761 -18.571296 492.978829 -4.866163 447.224255 -3.120511 337.341048 -4.793698 375.692769 29.667864 -20.930918 1e-06 5e-05 0.010075 0.000678 -0.001147 -0.028895 -4.3e-05 -0.110726 -0.001256 -0.027238 -0.00362 -0.009194 -9.2e-05 0.006118 0.002425 0.23003 0.016606 -0.001031 0.009217 -0.022861 0.00744 -0.028989 0.010182 -0.013529 -0.014808 2.7e-05
38.422974 139.110337 91.001432 863.74117 23.612724 403.908911 12.569421 303.756437 13.750008 221.065404 12.471055 269.122894 -48.461952 134.613029 -135.195944 803.893098 -17.20932 481.60878 -3.78493 426.650333 -2.700239 322.506901 -4.332127 362.609802 28.636848 -9.54939 -0.021425 -0.000912 -0.019276 -0.024662 0.000142 0.561829 0.000143 1.740147 0.000771 1.158753 0.003019 0.737417 -0.000308 -0.000268 0.015548 -0.001886 0.025931 -0.066327 0.067833 -0.242223 0.015192 -0.166765 0.01168 -0.115926 -0.009117 2.2047
39.937725 142.832444 93.172738 858.180637 17.378865 427.694506 6.554951 319.348404 7.931051 233.698654 7.678254 287.138529 -50.092444 136.453893 -133.501729 802.409988 -15.927977 463.451047 -3.073331 397.924952 -2.362556 301.260508 -3.824191 344.877993 18.950985 -4.28346 0.014642 0.02457 0.0128 -0.008978 -0.476785 0.340228 -0.970371 0.19511 -0.795464 0.175508 -0.578317 0.291813 -0.013488 0.006251 0.005341 -0.000685 0.024783 -0.174451 0.037017 -0.500499 0.011274 -0.361946 0.015831 -0.222242 -0.996139 1.041536
40.180599 142.369365 91.341657 860.590899 19.268082 454.965423 8.099866 373.449752 9.660484 270.98669 9.145116 315.394087 -49.812091 137.224557 -132.132767 807.321303 -16.103706 467.222722 -3.167521 404.598239 -2.441388 300.350792 -3.894917 342.245708 21.814747 -0.755088 0.000368 -0.000376 -0.009086 0.00169 0.048729 0.421386 0.08166 2.115646 0.085217 1.379375 0.064071 0.662882 0.000393 0.001085 0.003528 0.007492 -0.000482 0.007643 -0.000711 0.027746 -0.000647 -0.000688 -0.000324 -0.005042 0.100713 1.441666
40.226934 141.345457 89.314226 862.030384 20.524903 465.028754 9.371816 387.84896 11.03263 279.618893 10.198047 321.742548 -49.548089 137.214433 -131.789319 807.031559 -16.093112 467.761805 -3.206519 405.210521 -2.537506 296.359153 -3.987235 336.733408 24.152265 -0.243321 1.3e-05 -0.001848 -0.011377 0.000601 0.019853 0.05504 0.046361 0.136186 0.045543 0.06767 0.028679 0.031629 0.000351 -0.0 0.000223 -2.6e-05 2e-06 0.000155 -0.000119 0.000231 -0.000928 -0.013351 -0.000541 -0.022376 0.059472 0.141137
40.414812 140.602796 89.50822 859.000627 22.829205 441.572873 11.952977 346.723352 13.214924 252.181802 11.992824 299.668273 -48.781396 136.651703 -122.252468 811.387083 -15.763646 468.446576 -3.140813 409.293465 -2.501705 299.441111 -3.949667 338.464428 27.216165 -2.028157 0.000219 -0.000978 0.000105 -0.002667 0.061281 -0.30348 0.156789 -1.152128 0.098403 -0.70825 0.072699 -0.392194 0.002989 -0.000578 0.179072 0.005861 0.001704 0.00025 0.00034 0.010234 0.000127 0.007971 8.9e-05 0.002219 0.091455 -0.866496
39.928007 140.622374 89.295751 860.059771 26.464723 426.215842 15.620208 322.712452 16.963827 236.180544 15.143245 286.251416 -48.877067 136.693443 -121.626068 813.911849 -15.851685 469.21254 -3.155471 410.962025 -2.531537 301.456276 -3.998157 341.052989 32.601783 -3.977351 -0.001475 1e-06 -0.000126 0.000326 0.134246 -0.135895 0.244959 -0.430742 0.233756 -0.262212 0.183498 -0.153635 -4.7e-05 3e-06 0.000804 0.001961 -0.000123 0.000313 -1.7e-05 0.001697 -8.8e-05 0.003379 -0.000148 0.00493 0.242936 -0.325123
40.373596 145.041584 90.586717 913.303996 36.934028 427.081965 26.465213 326.645341 28.259932 237.209521 24.784649 286.971801 -48.593077 136.804826 -121.762637 833.87195 -17.764258 474.734912 -4.262797 414.880347 -3.466694 304.191341 -4.994765 343.891004 51.522438 -4.159455 0.001236 0.034185 0.004633 0.799494 0.870395 0.00044 1.421327 0.01191 1.433504 0.001118 1.181539 0.000453 0.000414 2.3e-05 -3.8e-05 0.120896 -0.054452 0.016154 -0.083111 0.009296 -0.073347 0.006176 -0.055393 0.00588 2.155365 -0.002038
40.636406 143.669324 93.775747 934.989075 51.678974 450.285937 41.97869 339.955979 44.28635 240.65409 38.720599 289.881571 -49.457799 135.512227 -119.989889 848.412267 -17.48929 500.438575 -3.991747 450.250776 -3.209092 331.57533 -4.718953 368.310261 71.338172 -7.269388 0.000426 -0.003261 0.027583 0.127214 1.235369 0.306894 1.781321 0.132906 1.792364 0.012415 1.547958 0.007339 -0.003813 -0.003068 0.0065 0.062839 0.001072 0.338808 0.004451 0.723353 0.004972 0.590021 0.003916 0.418755 1.608533 -0.431263
37.99015 145.864673 93.713073 881.163283 60.051022 478.38577 54.006259 374.210707 52.373813 266.02603 46.013329 317.60617 -50.736484 137.939212 -121.371874 839.817186 -19.106808 505.882175 -4.552804 467.509172 -3.501729 350.073889 -5.309527 378.831211 82.960514 -5.759794 -0.044544 0.008323 -1e-05 -0.7978 0.314105 0.425221 0.75655 0.82198 0.338929 0.635647 0.314412 0.632979 -0.00816 0.01077 -0.003957 -0.02188 -0.035764 0.014723 -0.01844 0.162286 -0.006384 0.251053 -0.017404 0.07408 0.438341 0.087748
39.614738 148.459661 95.515919 879.028114 109.089158 692.135488 114.36285 684.012207 110.613833 520.41943 96.036125 541.74074 -50.497018 137.842973 -121.810918 842.627635 -21.492151 583.848206 -5.350603 586.325133 -3.909847 428.608402 -5.963463 451.647645 156.116142 4.45144 0.017007 0.01144 0.008588 -0.001295 7.264729 19.681967 11.190107 46.36385 10.760602 42.281191 9.09921 29.74411 0.000283 -1.7e-05 -0.000396 0.002347 -0.070135 2.792664 -0.032187 6.719455 -0.011245 3.970447 -0.018983 3.198434 11.467558 20.338302
42.372358 149.483248 97.749075 784.380068 142.292353 919.579687 167.987526 1024.521108 161.791899 896.658286 136.956639 883.888027 -48.362377 140.242857 -117.964891 860.927878 -20.631651 650.584705 -4.793841 670.669234 -3.555674 490.378195 -5.383384 509.309215 213.317534 60.836388 0.046389 0.001758 0.012902 -2.694923 2.202435 16.129094 5.139033 34.275337 4.850713 50.859001 3.621581 41.666118 0.023049 0.010356 0.030847 0.098297 0.00879 1.80529 0.01529 2.832929 0.008406 2.078282 0.014837 1.731532 4.455263 32.375246
41.828368 147.830527 86.415284 764.92807 175.626931 1272.490312 224.49024 1414.388611 242.049089 1355.077594 204.666322 1338.941583 -47.311606 142.414245 -115.821993 871.247537 -22.265371 768.212774 -5.656778 826.399679 -4.438144 613.357763 -6.501633 621.324683 312.038704 145.089683 -0.001757 -0.004594 -0.349081 -0.122117 1.752434 28.594792 4.088477 31.36243 8.05528 47.157414 6.777256 47.077387 0.00577 0.00834 0.009821 0.030741 -0.031121 4.884496 -0.035688 8.121849 -0.048859 6.872662 -0.052724 5.562546 9.358847 18.02469
43.275395 139.291139 86.482784 795.762524 220.726379 1677.734455 286.870636 1817.741171 321.335762 1837.056865 275.211263 1841.115982 -45.202598 143.119309 -114.031698 879.061514 -21.378787 871.249824 -5.228817 972.703566 -3.883985 749.677214 -5.930525 753.871401 395.875626 239.651062 0.012303 -0.127015 1.3e-05 0.304627 2.574202 27.964792 3.819122 25.266885 5.607015 36.596726 5.21359 39.900405 0.024042 0.000871 0.006972 0.017442 0.009006 3.241043 0.008416 5.958617 0.018471 6.833902 0.013125 6.402587 4.981852 11.801626
44.238763 133.536992 86.885007 795.165402 183.454123 1856.757154 235.492844 2127.05219 249.678778 2143.598927 209.984353 2092.925437 -44.054095 141.60224 -113.535457 884.678189 -20.245643 985.607491 -4.767841 1136.172619 -2.915791 901.217133 -4.999788 890.605513 306.557932 264.997304 0.005303 -0.060686 0.000467 -0.000112 -1.722234 4.536679 -2.532808 12.145226 -4.513983 11.820636 -4.404356 8.06716 0.007389 -0.004042 0.000541 0.008943 0.015427 3.5248 0.010634 6.345179 0.069282 6.969836 0.039699 5.694408 -5.701721 0.636916
47.175876 151.955235 83.808664 894.550052 168.229726 1985.90067 216.282848 2330.899474 216.743297 2337.437527 179.678556 2251.539555 -42.974354 161.012924 -110.42184 939.849234 -21.312833 1130.348278 -6.547384 1309.863231 -3.469103 1071.844757 -5.201716 1051.364086 275.054164 243.61006 0.047196 0.594737 -0.027724 2.925305 -0.329687 2.170732 -0.4086 4.663068 -1.16429 4.194453 -1.180295 2.896424 0.006698 0.623173 0.021645 0.834337 -0.013705 4.956261 -0.14081 6.174594 -0.02402 7.391664 -0.001999 6.665332 -0.853848 -0.449872
45.096184 152.618184 79.419336 922.847264 172.510168 2079.815831 225.601502 2402.342602 232.926332 2416.442252 195.112762 2358.886945 -40.239713 163.15093 -114.477613 929.39399 -24.700892 1192.31362 -8.896836 1426.05944 -4.401917 1190.08775 -6.253267 1165.088895 301.369559 214.906012 -0.02344 0.000722 -0.059027 0.22031 0.026887 1.084831 0.098269 0.539209 0.291298 0.656535 0.317931 1.249887 0.044946 0.007051 -0.036573 -0.02924 -0.124903 0.826721 -0.179751 2.468574 -0.055471 3.092703 -0.048368 2.919497 0.601 -0.899348
39.769001 144.366885 74.385188 898.450065 166.898323 2087.047811 220.085007 2420.526059 224.046254 2479.033507 186.897349 2418.022955 -42.650849 155.598308 -116.028445 910.307642 -28.190899 1258.128716 -11.444297 1504.026923 -6.221158 1283.30053 -7.949879 1251.209654 304.9354 195.068971 -0.167365 -0.114647 -0.082408 -0.163414 -0.046397 0.006276 -0.034142 0.034278 -0.086289 0.400148 -0.08835 0.366053 -0.035075 -0.089491 -0.005217 -0.09901 -0.115268 0.884005 -0.160149 1.037513 -0.156935 1.757045 -0.101697 1.535229 0.010486 -0.480199
40.208866 153.753232 76.9332 944.609325 169.584427 2161.400062 222.97924 2508.582674 224.747157 2554.32054 187.516501 2485.821143 -42.505194 160.13625 -115.628799 894.400488 -26.945721 1343.387801 -11.400805 1626.293419 -5.09863 1429.043842 -6.632227 1386.437955 297.548155 162.246201 0.00121 0.147802 0.021454 0.578118 0.010722 0.650671 0.009453 0.786611 0.000547 0.563089 0.000512 0.468695 0.000125 0.032613 0.000345 -0.070106 0.014062 1.397467 4.1e-05 2.388702 0.055795 3.918468 0.059654 3.468759 -0.04529 -1.510734
38.531156 145.769881 73.389394 913.465761 163.23286 2120.987904 216.074272 2457.963812 223.15764 2523.685501 185.763814 2455.128944 -41.462721 154.695522 -113.626358 871.560905 -28.156857 1395.789242 -13.52889 1697.857009 -6.075553 1506.413876 -7.564158 1453.182688 302.875736 130.502035 -0.017875 -0.106411 -0.041778 -0.26102 -0.060613 -0.190686 -0.0543 -0.25796 -0.00282 -0.09241 -0.004115 -0.095328 0.006471 -0.047015 0.008745 -0.147701 -0.013312 0.501275 -0.090996 0.770414 -0.042787 1.0198 -0.030622 0.784519 0.023636 -1.726179
42.02149 155.648647 76.829824 979.367233 166.435549 2247.019432 219.068412 2582.697438 225.975161 2633.420153 188.402639 2566.192756 -40.65552 161.510215 -112.170172 874.768016 -27.024522 1468.309263 -13.339045 1801.291229 -5.488695 1597.554808 -7.038487 1535.876913 301.899888 128.764324 0.075653 0.161928 0.039403 1.147571 0.015557 1.818593 0.010301 1.543534 0.008838 1.167618 0.009305 1.22843 0.003967 0.073442 0.004696 0.002945 0.011619 0.918264 0.000671 1.529083 0.0149 1.338361 0.009465 1.144113 -0.000787 -0.005823
42.175101 155.335294 76.210615 963.992545 166.733116 2215.369396 218.059626 2520.816265 227.412481 2590.77029 191.695487 2543.712439 -38.869322 161.115952 -113.082634 863.622055 -26.972367 1454.347407 -14.46342 1802.2901 -5.509115 1615.122741 -7.110716 1552.732668 303.7126 114.725954 0.00014 -0.000158 -0.001253 -0.060819 0.000133 -0.112242 -0.001164 -0.375175 0.002278 -0.174098 0.014263 -0.04945 0.020062 -0.000241 -0.001848 -0.035732 2.5e-05 -0.033349 -0.022745 0.000138 -1.9e-05 0.048034 -0.000184 0.045995 0.002713 -0.405026
41.526688 156.016735 77.747568 966.572736 171.589028 2252.811039 224.170818 2559.961726 233.265949 2650.092949 196.459184 2599.234057 -39.072522 159.786009 -115.153651 864.732068 -27.344802 1466.380178 -14.884233 1805.032345 -5.467099 1614.665487 -7.084737 1555.98004 310.155402 127.603074 -0.002512 0.000746 0.007672 0.001724 0.03485 0.156876 0.042227 0.150803 0.037189 0.335755 0.029233 0.299706 -0.000265 -0.002756 -0.009396 0.000356 -0.001277 0.024786 -0.003017 0.001042 8e-05 -3.2e-05 2.4e-05 0.001696 0.033811 0.34238
43.388316 152.209785 76.207597 957.242427 158.019727 2207.324218 204.243765 2513.161293 212.302205 2581.940516 178.65845 2521.495933 -38.991379 150.420788 -116.641696 826.893059 -26.470457 1452.548368 -14.116728 1794.280374 -4.726868 1601.034236 -6.39648 1534.391392 280.385979 116.637254 0.020409 -0.023511 -0.007702 -0.022626 -0.279428 -0.231955 -0.463689 -0.215876 -0.49344 -0.443895 -0.422594 -0.590108 4.2e-05 -0.141401 -0.004776 -0.423253 0.007103 -0.032772 0.010158 -0.016059 0.026911 -0.028891 0.01758 -0.075408 -0.750821 -0.246294
43.492657 144.49525 79.887251 966.316285 170.924922 2270.277444 223.150873 2594.525437 229.722249 2665.879325 193.091372 2601.37868 -38.276177 143.374272 -120.061197 821.37814 -25.683367 1446.758662 -13.093971 1794.782337 -3.948743 1600.257789 -5.69445 1535.363287 293.90766 135.232054 6.3e-05 -0.100309 0.043377 0.021402 0.253247 0.44257 0.418412 0.648096 0.343393 0.671343 0.28028 0.622857 0.00331 -0.084516 -0.024701 -0.009226 0.00594 -0.005781 0.019228 3.5e-05 0.034966 -9.4e-05 0.020398 0.000154 0.159205 0.687339
44.185181 141.832564 82.947539 955.393476 171.17734 2265.391002 222.70857 2591.410473 225.396712 2669.820925 188.895805 2604.300692 -38.069692 138.85161 -121.369379 813.977149 -25.513674 1438.443217 -12.918994 1791.798607 -3.790719 1598.547931 -5.548582 1532.716636 287.648204 136.620211 0.002735 -0.012381 0.02876 -0.031042 9.3e-05 -0.002632 -0.000219 -0.000936 -0.020556 0.001456 -0.023042 0.00082 0.000279 -0.03624 -0.003544 -0.016747 0.000281 -0.011983 0.000589 -0.001241 0.001613 -0.000457 0.000946 -0.001142 -0.033687 0.003544
45.235905 141.242511 85.526834 961.547579 176.002496 2302.266443 229.680875 2636.574029 231.767025 2697.885894 194.11927 2633.137534 -37.191919 135.71352 -121.024751 782.845866 -24.558313 1412.184153 -12.474886 1770.039234 -3.332253 1587.818674 -5.023486 1522.060315 290.680076 146.25842 0.006173 -0.000615 0.019745 0.009879 0.033532 0.148853 0.053732 0.195083 0.044385 0.073369 0.03562 0.079387 0.005119 -0.017934 0.000245 -0.303493 0.009115 -0.120948 0.003884 -0.066465 0.01477 -0.018064 0.013048 -0.018587 0.007947 0.164244
45.349186 137.626051 81.784296 916.287232 174.363938 2164.391637 226.643178 2465.583743 234.316392 2533.393411 196.890509 2476.222697 -38.536854 142.544657 -121.812694 807.083035 -28.019506 1420.948268 -14.74365 1772.737769 -5.292812 1579.012911 -7.232185 1509.878575 310.041938 112.275872 7.1e-05 -0.023451 -0.041863 -0.545521 -0.003832 -2.128436 -0.010111 -2.866032 0.006972 -2.586793 0.009821 -2.410094 -0.011944 0.083864 -0.001278 0.184749 -0.114049 0.013556 -0.09472 0.001028 -0.225782 -0.012243 -0.200667 -0.024472 0.312107 -2.243117
42.580421 136.296096 78.353561 915.901344 162.894461 2177.433454 211.695748 2500.797276 213.258776 2568.576847 178.780365 2500.079573 -36.953266 140.170798 -117.506606 784.542169 -24.779219 1438.003335 -12.373768 1803.18598 -3.740463 1611.249745 -5.458601 1539.894987 273.48593 111.107487 -0.043603 -0.003229 -0.036754 -4.1e-05 -0.195083 0.019587 -0.254929 0.12484 -0.495636 0.121315 -0.436776 0.057186 0.016612 -0.009966 0.038743 -0.159622 0.099523 0.050871 0.103755 0.129632 0.134383 0.162877 0.124543 0.147717 -1.14618 -0.003056
42.798273 136.187285 80.480119 911.894477 164.009317 2157.043918 212.754747 2490.737689 212.344067 2551.247575 177.387283 2479.404485 -37.9068 140.454979 -119.213665 797.541433 -25.096844 1433.03572 -12.16977 1794.05517 -3.715582 1597.337782 -5.491125 1526.579807 272.237286 111.158383 0.000278 -2.2e-05 0.014236 -0.004392 0.001901 -0.047957 0.001321 -0.010137 -0.000983 -0.029328 -0.002724 -0.042922 -0.006073 0.000144 -0.006155 0.053405 -0.001011 -0.004298 0.000848 -0.011588 4.2e-05 -0.03016 -4.8e-05 -0.028909 -0.001428 6e-06
45.162973 136.692328 81.306443 912.11138 161.352619 2127.384003 211.312258 2471.742763 208.187699 2518.560339 174.333559 2434.788006 -38.333246 144.783779 -116.132736 810.323063 -25.938733 1440.08851 -12.589906 1798.401933 -4.236907 1594.9429 -6.067872 1521.862198 271.823999 105.032243 0.031791 0.000467 0.00211 1.3e-05 -0.010847 -0.102665 -0.002453 -0.036354 -0.02054 -0.105375 -0.013257 -0.202543 -0.001193 0.032849 0.020167 0.050804 -0.006944 0.008656 -0.003565 0.00263 -0.017106 -0.000898 -0.014398 -0.00365 -0.000157 -0.086815
44.988976 137.792802 80.271715 918.449271 159.960554 2137.513286 208.305022 2480.141774 207.500081 2532.728039 173.925821 2457.246964 -37.719946 143.628676 -116.205909 801.650552 -25.335422 1441.8427 -12.382177 1807.237677 -3.923755 1615.701289 -5.695233 1541.837651 268.4915 102.625597 -0.000168 0.002206 -0.003313 0.010972 -0.003016 0.012029 -0.010776 0.007123 -0.000569 0.019869 -0.000239 0.051554 0.002473 -0.002313 -1.2e-05 -0.023329 0.00355 0.000534 0.000864 0.010826 0.006011 0.067107 0.005904 0.065121 -0.010277 -0.013946
44.625981 137.812114 79.416255 920.641891 156.438855 2166.350641 203.081649 2505.613435 201.95622 2575.726079 168.904383 2500.996987 -37.610607 143.097133 -115.973686 798.849373 -25.379514 1442.757891 -12.451424 1806.400323 -3.947298 1620.098515 -5.734974 1545.555822 262.372318 110.27445 -0.000735 1e-06 -0.002291 0.001307 -0.0196 0.096611 -0.033162 0.065066 -0.037532 0.180961 -0.036776 0.193022 7.9e-05 -0.000493 0.000116 -0.002451 -1.9e-05 0.000145 -9.7e-05 -9.7e-05 -3.5e-05 0.002988 -6.9e-05 0.002239 -0.035269 0.137444
41.268515 137.109653 74.278094 921.832107 152.174342 2168.499825 198.747065 2488.001116 199.178032 2558.247251 166.154076 2493.207902 -39.343555 141.81567 -120.689583 793.909689 -25.571783 1434.572262 -12.800088 1800.428446 -3.881542 1615.481357 -5.676387 1539.50183 258.669571 107.870401 -0.065644 -0.000897 -0.085911 0.000384 -0.029466 0.000533 -0.02338 -0.031059 -0.009621 -0.029754 -0.011288 -0.006074 -0.019515 -0.002882 -0.046991 -0.00766 -0.000363 -0.011644 -0.002407 -0.004944 0.000276 -0.003294 0.00015 -0.00594 -0.013157 -0.013247
41.097228 136.710447 73.658226 919.638069 154.098873 2166.739053 201.477413 2487.575687 204.362358 2558.28373 170.594831 2493.157009 -39.14394 141.227494 -120.789987 789.50509 -25.224718 1434.330487 -12.427711 1803.818291 -3.612625 1615.881223 -5.453687 1539.579242 262.317771 107.774592 -0.000178 -0.000291 -0.001299 -0.001307 0.006047 -0.000358 0.009313 -1.8e-05 0.033303 0.0 0.029282 -0.0 0.000254 -0.000611 -2.1e-05 -0.006126 0.001186 -1e-05 0.002748 0.001594 0.004826 2.5e-05 0.002228 1e-06 0.012773 -2.1e-05
43.615544 133.902571 78.107784 910.671305 158.070082 2143.341184 202.952729 2475.676385 205.794991 2532.036961 172.97472 2460.344993 -38.978465 140.481187 -121.7531 809.83092 -27.413322 1438.137372 -13.605907 1808.586971 -4.710269 1597.230108 -6.631644 1516.813413 272.774024 107.205076 0.03744 -0.014568 0.065241 -0.021964 0.025261 -0.06351 0.002691 -0.014264 0.002502 -0.067667 0.008243 -0.108675 0.000175 -0.000989 -0.001912 0.129165 -0.045519 0.002523 -0.026674 0.003148 -0.072697 -0.054132 -0.057545 -0.084788 0.102173 -0.000754
43.116583 133.520737 77.127281 909.480589 154.921269 2136.64312 199.155488 2478.165825 201.274413 2539.644008 168.95164 2463.081109 -39.728904 140.070115 -122.509363 809.265505 -27.96495 1436.649527 -14.026063 1804.995373 -5.006841 1593.878794 -6.98358 1514.116241 269.771378 109.651666 -0.001435 -0.000273 -0.003097 -0.000389 -0.01584 -0.005241 -0.01793 0.000626 -0.025102 0.005705 -0.023668 0.00076 -0.003578 -0.000301 -0.001171 -9.9e-05 -0.002747 -0.000385 -0.003195 -0.001785 -0.004527 -0.00176 -0.004549 -0.0012 -0.008309 0.013802
42.209636 132.987155 75.124296 900.839799 151.961775 2121.254456 196.120308 2472.686974 198.659012 2535.631658 166.608918 2450.651617 -39.120189 139.881759 -122.343102 802.821676 -27.77439 1437.667027 -14.062205 1808.42652 -4.934179 1597.306099 -6.878616 1516.140984 266.210093 107.925999 -0.00482 -0.000534 -0.013176 -0.020622 -0.014271 -0.027809 -0.011653 -0.003032 -0.008552 -0.001586 -0.008178 -0.01572 0.00235 -6.3e-05 5.6e-05 -0.012879 0.000326 0.00018 -2.3e-05 0.001629 0.000266 0.00184 0.000397 0.000676 -0.011831 -0.006843
40.660879 132.263457 73.559938 898.160123 150.406753 2122.468015 195.661314 2471.872559 197.170621 2538.867593 164.52696 2457.176349 -38.901733 138.241235 -123.247784 794.641255 -28.068905 1438.63628 -14.576914 1810.699359 -4.961916 1610.185235 -6.93198 1531.899547 264.689521 105.268901 -0.014474 -0.000987 -0.00823 -0.001996 -0.003999 0.000174 -0.000269 -6.7e-05 -0.002798 0.001032 -0.006545 0.004337 0.000306 -0.004838 -0.001666 -0.020946 -0.000777 0.000163 -0.004626 0.000714 -3.9e-05 0.025857 -0.000103 0.040737 -0.002178 -0.016559
]