01-30-21_Raj_4K+Depth.snake_below_bed.0000000006 [ 43.189646 201.093745 74.629881 1094.987833 161.319912 2304.591595 209.812335 2624.55305 215.96319 2663.856858 180.526618 2584.226159 -44.051246 176.573405 -114.187054 981.208794 -26.85125 1697.759998 -13.303258 2099.471378 -6.069222 1858.512536 -8.084657 1749.250307 294.440385 72.285635 0.0 0.0 0.0 0.0 0.0 0.0 0.0 0.0 0.0 0.0 0.0 0.0 0.0 0.0 0.0 0.0 0.0 0.0 0.0 0.0 0.0 0.0 0.0 0.0 0.0 0.0
38.300261 197.225697 71.193056 1056.481425 162.971913 2314.341485 215.61506 2635.088645 224.346481 2671.597028 186.373275 2610.906114 -39.995755 176.238851 -118.327051 938.551935 -27.200806 1657.522913 -14.720635 2065.9912 -5.100407 1855.669608 -6.978761 1766.821843 297.100665 74.132275 -0.146814 -0.018782 -0.040506 -0.344616 0.004208 0.01029 0.039576 0.010552 0.079814 0.005614 0.046587 0.068509 0.097901 -0.000159 -0.03686 -0.473974 -0.00113 -0.241273 -0.035867 -0.134552 0.042095 -0.001088 0.04065 0.043907 0.005982 0.011645
38.608522 190.773719 70.735633 1033.314597 162.886093 2242.257164 214.627365 2578.70236 223.730536 2611.70169 186.106635 2536.593996 -43.05723 171.432753 -120.11724 916.482281 -29.516702 1595.022407 -16.520211 1981.017352 -6.453832 1759.200646 -8.207619 1676.012478 306.182245 83.941968 0.000618 -0.053648 -0.000737 -0.128414 -1.1e-05 -0.570214 -0.001134 -0.304913 -0.000423 -0.33952 -9.5e-05 -0.536433 -0.056445 -0.033221 -0.00672 -0.131288 -0.047301 -0.600556 -0.051874 -0.892184 -0.079542 -1.287448 -0.0498 -1.197818 0.068359 0.304676
39.200233 185.98436 69.967031 1045.41836 165.827245 2270.722495 217.95613 2573.071995 233.1549 2618.515955 195.026517 2555.328299 -40.908722 166.70818 -124.429378 918.474019 -28.368179 1598.868713 -14.567676 1978.717937 -5.60679 1755.461154 -7.705365 1673.565401 311.073528 85.992482 0.00225 -0.030442 -0.002099 0.035238 0.013158 0.089773 0.012808 -0.003077 0.09721 0.004439 0.104393 0.034464 0.027492 -0.033008 -0.038021 0.001081 0.011395 0.002316 0.061377 -0.000668 0.029782 -0.001989 0.007928 -0.000894 0.01938 0.012372
39.5276 190.207405 69.541303 1056.45682 163.900942 2267.661982 216.620463 2561.594719 231.582312 2600.081953 193.096508 2546.423227 -41.747877 163.974053 -123.998247 894.970644 -27.049409 1598.691636 -14.277666 2006.523189 -4.784723 1793.244855 -6.641317 1709.332653 302.942025 74.723522 0.000681 0.023704 -0.00065 0.028986 -0.005627 -0.001032 -0.002053 -0.012827 -0.002661 -0.032558 -0.004799 -0.007772 -0.00426 -0.011303 0.000374 -0.152316 0.015694 -5e-06 0.001458 0.097001 0.032568 0.201151 0.039513 0.189088 -0.053846 -0.395561
42.055267 183.836182 72.875593 1034.2387 162.194882 2248.98353 214.199178 2549.691621 224.341125 2599.884098 186.717472 2540.843555 -40.597887 165.842596 -122.185387 894.572514 -25.76962 1598.078018 -13.151535 2002.680045 -4.283793 1795.732169 -6.087356 1711.252141 290.625914 74.183398 0.039167 -0.054266 0.039037 -0.118061 -0.004463 -0.038622 -0.006804 -0.01386 -0.057508 -4e-06 -0.053572 -0.00306 0.00803 0.005293 0.006675 -4.4e-05 0.015507 -5.9e-05 0.023127 -0.001842 0.013846 0.000862 0.01206 0.000539 -0.127789 -0.00098
41.686858 187.689903 73.113817 1035.163409 165.426518 2239.122261 218.980024 2535.807242 230.106175 2584.887655 191.837621 2529.582956 -39.635862 167.497478 -115.231633 907.237215 -26.206926 1611.50504 -14.213617 1997.365607 -4.832928 1796.084032 -6.543358 1720.792551 301.635027 71.597978 -0.00081 0.019987 0.000194 0.000207 0.015939 -0.010834 0.026383 -0.018954 0.036569 -0.021688 0.034628 -0.012504 0.005768 0.004108 0.101857 0.04451 -0.00184 0.028086 -0.020618 -0.00353 -0.016553 1.7e-05 -0.008234 0.01326 0.102329 -0.022928
41.464103 182.52487 72.123967 995.964989 166.233528 2095.343191 218.683234 2354.839296 232.230401 2385.877606 194.153818 2343.271148 -40.168737 166.876916 -115.807304 901.617275 -26.102279 1596.41124 -13.944548 1986.689371 -4.723551 1784.711588 -6.451546 1702.048569 303.194485 43.554709 -0.000298 -0.036032 -0.003373 -0.378277 0.000982 -2.385313 -0.000101 -3.349313 0.00488 -3.985391 0.006949 -3.563085 -0.001779 -0.000576 -0.000717 -0.00873 0.000105 -0.03551 0.001286 -0.014305 0.000626 -0.018059 0.000324 -0.051323 0.00201 -3.466894
41.460188 182.80908 71.097131 983.406632 168.287868 1959.185141 220.858521 2167.071727 233.13506 2167.085046 194.0095 2144.823828 -40.593899 166.831106 -115.940759 905.730136 -27.722866 1594.10677 -15.26475 1977.342905 -5.729294 1772.568627 -7.43142 1690.486181 311.958795 19.803184 -0.0 0.000111 -0.003681 -0.039839 0.006308 -2.286856 0.005383 -3.900107 0.000879 -5.260075 -2.7e-05 -4.389458 -0.001119 -3e-06 -3.8e-05 0.00468 -0.024402 -0.000832 -0.029851 -0.011019 -0.048497 -0.020725 -0.034623 -0.019703 0.062437 -4.620446
41.530068 182.627556 70.566595 952.404584 164.208455 1706.780839 211.680312 1860.090081 227.357115 1818.964985 191.699613 1814.210306 -40.613042 168.167962 -112.267283 907.950993 -28.58163 1586.598111 -16.469593 1967.581944 -6.401396 1759.119647 -7.944704 1676.27505 310.057996 0.500507 2.9e-05 -4.5e-05 -0.000993 -0.248265 -0.025026 -8.699428 -0.097389 -11.717312 -0.03625 -15.23056 -0.006917 -13.828693 -2e-06 0.002667 0.029568 0.00136 -0.006549 -0.008863 -0.02288 -0.012076 -0.018633 -0.025608 -0.00857 -0.029993 -0.002904 -14.00714
42.528008 180.465358 68.780026 905.183282 149.62269 1366.062954 178.314603 1534.259479 170.227417 1429.587144 145.02694 1403.798859 -41.978883 172.998317 -108.093377 899.417054 -30.40747 1557.352714 -17.837639 1938.402243 -7.19877 1732.870546 -8.847551 1656.907568 247.438417 -14.576209 0.005924 -0.006438 -0.011453 -0.600298 -0.339131 -18.947871 -1.42991 -15.674767 -4.125948 -23.42022 -3.250267 -26.278376 -0.011294 0.034197 0.039533 -0.020148 -0.028264 -0.136025 -0.027287 -0.108995 -0.023395 -0.098658 -0.024289 -0.056268 -3.527967 -20.478752
45.263169 183.588242 76.387529 905.840998 145.805505 1117.873649 153.16047 1218.90241 139.263142 1064.992479 120.795948 1058.464083 -43.503547 182.992628 -103.187253 908.334843 -32.824091 1526.924029 -18.871513 1897.651046 -7.42122 1697.074123 -10.136772 1631.120734 210.980625 -73.296491 0.042618 0.013394 0.199473 0.000119 -0.024662 -12.430359 -0.955794 -18.1207 -1.552871 -26.787447 -1.106688 -24.337043 -0.013598 0.140321 0.05697 0.021996 -0.046197 -0.150104 -0.014562 -0.21646 -0.001692 -0.186799 -0.043826 -0.10112 -1.452033 -22.500383
43.815586 196.225497 78.470205 1107.398332 110.802604 879.476506 117.108548 839.903208 106.664276 631.596774 99.917572 656.163378 -45.737313 177.132547 -107.762588 911.270013 -41.163972 1507.973054 -26.594063 1863.795496 -14.088212 1650.332995 -16.046017 1559.771475 198.282067 -240.023801 -0.011763 0.210293 0.014006 10.11496 -2.398513 -14.278184 -2.415325 -35.185056 -2.170144 -56.289507 -0.989713 -47.863689 -0.027961 -0.047682 -0.049624 0.002367 -0.471535 -0.059169 -0.660656 -0.152364 -1.059325 -0.326348 -0.67555 -0.797795 -0.197052 -48.043814
41.898557 197.912775 85.428413 1124.144578 88.779218 601.393847 74.808561 488.085682 72.228382 344.090765 66.240157 388.032688 -45.244124 175.317582 -110.354143 923.284599 -45.558068 1512.770642 -30.375005 1863.174626 -16.678496 1663.844568 -19.111237 1561.449638 158.323326 -494.64283 -0.02144 0.003612 0.14777 0.062836 -1.218836 -26.343957 -4.719652 -47.450363 -3.345649 -43.32148 -3.448717 -35.012556 0.001337 -0.004673 -0.015396 0.039342 -0.111393 0.00381 -0.125606 -5.2e-05 -0.109233 0.027543 -0.133877 0.000451 -2.245822 -45.533691
44.172661 186.691736 87.444493 1100.506906 61.146127 456.985949 48.043401 332.377131 49.50891 217.317745 44.440863 262.046187 -43.65728 168.016729 -108.630514 909.478072 -46.954042 1496.46097 -31.962271 1846.42207 -17.764283 1658.773124 -20.337818 1552.996439 126.585595 -675.289745 0.030048 -0.163725 0.011756 -0.125583 -2.568562 -9.897964 -2.951041 -14.910782 -2.138823 -14.500733 -2.167984 -12.325047 0.014163 -0.077633 0.006783 -0.052004 -0.010533 -0.044199 -0.020211 -0.037828 -0.017119 -0.00387 -0.019074 -0.011472 -1.773247 -14.030796
40.209546 180.259473 89.070596 1009.268698 31.060571 217.846501 18.435997 101.755712 20.992483 57.876894 18.854687 93.472155 -43.030365 164.662693 -112.233624 903.605345 -49.230908 1505.611693 -36.233303 1870.216603 -21.411871 1686.740684 -22.620903 1579.27772 84.806634 -1119.722988 -0.093118 -0.05638 0.00749 -1.973742 -5.046303 -43.792705 -6.957033 -66.321632 -6.024577 -50.894161 -5.401904 -42.50702 0.002267 -0.016908 -0.029392 -0.009511 -0.026952 0.013946 -0.133877 0.076169 -0.170178 0.116903 -0.060711 0.110258 -4.169661 -55.889447
42.838368 178.785306 82.779774 949.051075 19.168214 116.515751 8.33335 31.984245 11.999347 13.558876 10.919756 35.230786 -41.676045 165.622985 -110.86843 916.071457 -49.303118 1520.269593 -38.451058 1892.886867 -22.14053 1713.792489 -22.58871 1608.464822 66.738767 -1422.476969 0.041617 -0.003026 -0.115181 -0.926054 -1.428143 -15.724221 -1.979541 -19.642111 -1.249361 -15.409147 -1.076807 -13.931908 0.010827 0.001396 0.004177 0.042701 -2.6e-05 0.035503 -0.032935 0.068287 -0.006096 0.107603 1.1e-05 0.133622 -1.080918 -18.092065
44.930466 179.63821 79.683979 866.75821 17.691554 80.866809 8.454092 12.586353 12.885316 3.983951 11.628585 17.986423 -38.962912 165.670547 -107.427981 910.577234 -47.389329 1531.298653 -39.391425 1905.283847 -21.756602 1738.150603 -21.437667 1630.639076 68.128673 -1575.704907 0.024938 0.001015 -0.029498 -1.865724 -0.029591 -3.245938 0.000434 -4.442553 0.015777 -2.843453 0.011144 -2.871372 0.045655 3e-06 0.027113 -0.008263 0.018941 0.019931 -0.00568 0.020232 0.001679 0.085941 0.015049 0.075901 0.007162 -3.918067
60.685853 203.114267 90.370251 762.023692 20.14105 70.587726 8.841507 9.381033 13.396599 3.454287 13.116261 16.281626 -28.242317 200.355179 -87.371659 951.220891 -38.265263 1639.489933 -32.949673 2019.375456 -16.02623 1863.735283 -15.613802 1749.315871 58.727912 -1706.716815 1.181772 0.720628 0.336097 -3.370826 0.07938 -0.349219 0.00434 -0.235107 0.004974 -0.018882 0.04476 -0.042432 0.860586 1.647065 1.035237 0.443685 0.487342 1.846349 0.28738 1.658698 0.437079 2.190007 0.460569 2.084129 -0.348803 -2.615593
52.123495 204.540566 77.787621 693.134889 10.46812 39.500361 2.702884 0.049513 5.888303 -0.253805 5.876796 3.736476 -30.630359 203.109935 -90.15495 940.157524 -42.625044 1668.330154 -39.544915 2029.838266 -20.699201 1909.454336 -19.537694 1793.617425 48.667646 -1953.736703 -0.325416 0.002495 -0.471417 -1.63155 -1.568583 -4.480499 -1.767363 -8.067481 -1.521655 -5.580752 -1.433833 -4.418628 -0.048453 0.009404 -0.02182 -0.032357 -0.117576 0.125728 -0.300627 0.013518 -0.298509 0.276995 -0.219695 0.276989 -0.472235 -8.344383
59.570327 204.20586 83.692587 624.114887 10.137152 28.602219 2.046772 -0.426695 4.908831 -1.622647 5.197136 1.246012 -26.770328 211.13935 -81.511558 920.797612 -38.728611 1699.076393 -36.350145 2068.511272 -17.449978 1956.175514 -16.61653 1833.317144 40.869236 -2070.477935 0.248524 -0.000137 0.108002 -1.809465 -0.002658 -0.877645 -0.045536 -0.766912 -0.044519 -0.592964 -0.020877 -0.667077 0.129935 0.077825 0.217735 -0.100705 0.093363 0.140368 0.067271 0.182468 0.138622 0.282353 0.118204 0.217279 -0.340256 -1.69367
56.684083 181.911208 78.64951 585.946767 9.66141 17.571595 2.172497 -3.39935 5.394177 -5.4897 5.458016 0.011696 -27.181225 193.029921 -84.200087 879.644969 -41.317004 1642.140224 -39.477738 2012.326766 -19.323772 1915.276578 -18.11385 1794.875011 45.13714 -2125.844741 -0.035834 -0.644191 -0.078349 -0.602105 -0.005717 -1.336927 0.001874 -1.417322 0.011438 -1.143144 0.003194 -1.016264 -0.001565 -0.405914 -0.021811 -0.470374 -0.041861 -0.485147 -0.064528 -0.386789 -0.04777 -0.216039 -0.032292 -0.203661 0.105959 -0.365274
49.60844 193.292524 72.513453 601.094528 6.549245 16.6839 0.901667 -4.645374 3.310831 -7.033902 3.348506 -0.008845 -29.70872 203.331791 -93.601283 883.24896 -45.299027 1660.474566 -42.160625 2040.931508 -21.596341 1946.600593 -20.617737 1827.444097 41.818924 -2187.66182 -0.235766 0.172658 -0.12459 0.096654 -0.301546 -0.011504 -0.274972 -0.097082 -0.252977 -0.095567 -0.256388 -0.040884 -0.056173 0.133901 -0.248717 0.003684 -0.091582 0.050892 -0.044096 0.100936 -0.063154 0.127038 -0.081019 0.146421 -0.063334 -0.442975
61.396951 233.742576 92.697654 725.570605 13.984574 51.378785 4.170817 1.411977 7.776807 0.14768 7.893897 8.14968 -24.227781 252.987188 -86.282189 1003.524579 -41.562494 1805.723235 -39.019448 2195.597943 -19.238973 2081.450376 -18.250179 1962.155893 51.479449 -2046.533013 0.627731 1.920092 1.237609 5.852474 1.393453 9.506779 1.193985 11.179522 0.939201 9.219982 0.959843 8.69549 0.279205 2.709729 0.148961 3.83749 0.080405 3.044611 0.060795 2.824208 0.068101 2.257861 0.072174 2.395108 0.501495 2.352617
52.814202 226.164437 82.170267 684.557767 15.414763 49.478466 6.031309 2.227682 9.721939 0.569562 9.334047 9.318847 -31.892891 238.288118 -96.161166 994.773132 -43.826357 1731.899785 -38.78416 2125.966488 -19.059497 1989.807984 -18.624093 1873.651109 56.006077 -1923.047953 -0.322945 -0.062439 -0.317172 -0.596545 0.034808 -0.017904 0.171077 0.092584 0.108445 0.137197 0.060299 0.03917 -0.525925 -0.219949 -0.267661 -0.019163 -0.030016 -0.770361 0.000356 -0.561007 0.000421 -1.031547 -0.001896 -1.021185 0.095359 1.921141
50.288673 211.520083 62.034612 649.716594 11.691721 28.082864 4.166363 -0.121431 7.840666 -0.731038 7.27659 1.834543 -40.834263 229.750888 -111.888232 978.927627 -56.616341 1666.560696 -51.233924 2042.593536 -26.635575 1899.201992 -25.922829 1790.800882 63.378881 -1974.455225 -0.030936 -0.245059 -1.412713 -0.454972 -0.256895 -3.009414 -0.17198 -3.389324 -0.10105 -2.591137 -0.127915 -2.883971 -0.551737 -0.077868 -0.595279 -0.063607 -0.817641 -0.628165 -0.865076 -0.83383 -0.63242 -1.055611 -0.601994 -0.936707 0.227877 -0.33904
44.755003 206.158981 65.741725 633.139265 14.725004 26.203936 7.999955 -0.462732 12.020458 -1.465163 10.153517 1.035844 -41.693862 221.389613 -112.270251 952.175033 -57.744743 1630.96258 -51.918045 2003.954191 -27.934163 1868.351614 -27.036266 1767.642205 76.6033 -1974.457874 -0.161228 -0.034408 0.053788 -0.107112 0.174725 -0.032526 0.619766 -0.110074 0.444801 -0.126332 0.239065 -0.113359 -0.004477 -0.077489 -0.000326 -0.185318 -0.005567 -0.192154 -0.002269 -0.184482 -0.015453 -0.12631 -0.011706 -0.07536 0.62607 -0.0
50.585834 195.038087 82.392806 634.453761 23.484705 33.984821 15.475433 0.152697 20.22406 -0.235182 17.584415 3.133824 -31.513422 208.310442 -96.512651 933.423782 -46.906472 1613.459785 -41.091841 1998.46566 -20.797892 1855.3384 -20.053406 1749.269751 82.039889 -1897.351162 0.178467 -0.154161 0.938808 0.000682 1.017647 0.505055 1.22205 1.14706 1.061031 0.526327 1.013886 0.566251 0.711318 -0.199097 0.595491 -0.093238 0.562749 -0.047212 0.632225 -0.003763 0.525346 -0.022739 0.520617 -0.047989 0.093181 0.767863
55.723095 168.631665 89.393444 746.904911 25.141833 71.574023 15.682273 11.494641 20.794195 3.383774 18.546158 16.363598 -29.256887 178.553461 -95.499492 892.183458 -44.23135 1559.152664 -37.404433 1952.848683 -18.683534 1796.751226 -18.044282 1689.972803 78.898996 -1644.188862 0.124199 -0.959965 0.142704 4.584718 0.028245 6.919494 0.000687 8.997658 0.003963 5.403109 0.012802 5.175322 0.04191 -1.146129 0.002673 -0.465867 0.039269 -0.464835 0.086657 -0.263327 0.056656 -0.469961 0.053014 -0.511216 -0.030652 9.060075
55.193993 157.428212 91.182564 799.049018 24.320315 109.362876 13.695294 31.081669 17.564625 15.761256 16.147076 37.161827 -30.259352 163.808546 -96.39417 873.874985 -45.190897 1508.544815 -38.066199 1890.429793 -19.427433 1721.846511 -18.729809 1622.047421 73.937183 -1408.132646 -0.001262 -0.192533 0.008863 0.879645 -0.006823 3.990116 -0.067273 4.772996 -0.136197 4.539206 -0.083049 4.206009 -0.008443 -0.317666 -0.002086 -0.094903 -0.005148 -0.417468 -0.002901 -0.506908 -0.007261 -0.797385 -0.00639 -0.696605 -0.080564 9.141584
51.951421 155.693342 98.61028 833.665936 23.599576 177.65968 12.230375 80.477232 14.375918 47.131427 13.671878 79.233425 -33.409531 162.160648 -98.118561 864.508957 -45.508436 1502.246382 -37.445126 1874.86779 -19.89121 1706.845848 -19.78934 1606.552286 68.0875 -1186.716912 -0.049077 -0.004806 0.145401 0.367016 -0.00542 8.24398 -0.04142 11.531571 -0.159567 8.382115 -0.102908 7.869516 -0.077979 -0.004165 -0.007644 -0.025231 -0.000556 -0.006588 0.002554 -0.032159 -0.002735 -0.032814 -0.014575 -0.037183 -0.120519 9.463842
50.314291 163.53784 105.351966 924.400406 20.338248 239.68262 11.50865 133.598094 11.273446 80.276467 11.704972 118.822534 -34.621674 169.12298 -99.415943 911.620911 -45.984951 1516.214092 -37.109305 1883.939383 -20.600095 1709.450941 -20.469987 1608.234387 62.351995 -1048.83961 -0.013105 0.096396 0.111449 2.342981 -0.121205 4.634473 -0.010974 6.695435 -0.188324 4.386848 -0.07634 3.997037 -0.0108 0.073169 -0.004261 0.624934 -0.001241 0.032317 0.000756 0.010947 -0.006206 0.000993 -0.005754 0.00044 -0.126158 4.255822
49.756745 181.577254 102.819515 1016.310473 16.618328 285.10777 7.62625 175.123096 8.71721 108.089473 8.378906 147.829657 -40.281504 185.365635 -108.059916 961.409703 -48.201267 1533.024209 -37.178616 1898.211672 -21.38576 1700.692677 -21.914887 1598.428302 57.410418 -951.281188 -0.001553 0.471789 -0.015404 2.177605 -0.187694 1.969666 -0.398001 2.805438 -0.164108 2.064668 -0.277328 1.582431 -0.21414 0.372314 -0.180143 0.661858 -0.02608 0.046337 -3.2e-05 0.026929 -0.007352 -0.011247 -0.024635 -0.014994 -0.101992 2.380685
49.651522 191.283495 109.290084 1066.258759 16.895551 376.713711 9.80366 266.498325 11.570932 170.20751 11.052556 216.735926 -41.544973 194.024693 -106.407608 972.489797 -47.598123 1527.894488 -36.02082 1891.488332 -21.101698 1693.09863 -21.756296 1590.639399 63.924274 -789.661689 -5.6e-05 0.126357 0.098718 0.599065 0.001147 6.370473 0.13654 9.556557 0.201704 7.021182 0.184818 6.571183 -0.009755 0.098828 0.006365 0.031741 0.001899 -0.004298 0.009157 -0.005964 0.00095 -0.008496 0.000288 -0.009512 0.174974 7.518163
48.118126 193.206433 109.165122 1079.987545 36.728203 514.256258 22.438338 421.543936 22.98028 286.222071 22.243382 329.422131 -42.01017 200.584811 -97.994613 985.780402 -46.72996 1501.930593 -35.745715 1855.660622 -21.793483 1670.710545 -21.814691 1569.045473 89.531793 -573.900827 -0.012025 0.004809 -3.6e-05 0.04391 3.802344 10.680509 2.578698 17.696819 1.938131 14.990362 1.93697 11.751431 -0.001295 0.054533 0.173209 0.045102 0.003995 -0.11125 0.000527 -0.171284 -0.005579 -0.074504 -3.9e-05 -0.073789 2.151674 17.178475
47.378333 190.732558 104.441763 1089.278232 51.980381 653.820135 37.729977 583.054913 38.279312 409.87019 36.032125 448.503063 -40.751006 198.044614 -93.389998 977.524048 -44.054016 1481.437457 -33.553661 1809.373109 -20.31143 1618.42101 -19.873536 1521.662234 114.358388 -399.374348 -0.002866 -0.00797 -0.052229 0.019896 1.321034 8.367643 1.975602 13.068188 1.941153 11.069941 1.654793 9.168185 0.009579 -0.008094 0.0554 -0.01736 0.039447 -0.070386 0.034678 -0.292306 0.026091 -0.415667 0.045218 -0.363234 1.517144 15.775789
47.197249 191.004056 89.370227 1082.34644 62.062126 792.840914 52.051569 773.089218 51.286201 574.806474 46.902063 599.991576 -40.397952 196.757467 -95.00462 946.607905 -42.530418 1502.276184 -31.899456 1836.815708 -18.311597 1640.624923 -18.079189 1540.518387 130.888328 -273.224583 -0.000173 9.7e-05 -0.586898 -0.011063 0.446504 6.695281 1.149622 13.380612 0.949476 13.911937 0.715431 11.001392 0.000768 -0.002098 -0.006919 -0.24839 0.013406 0.072771 0.020907 0.103273 0.051809 0.075639 0.042441 0.058056 0.557704 11.935962
48.90324 172.102849 99.774393 901.272961 64.221035 914.59599 51.755958 1036.6448 46.563948 822.939197 43.539369 814.497766 -40.789598 183.749639 -92.103562 890.788026 -43.05899 1488.592581 -33.795538 1843.371391 -18.828245 1632.96618 -17.390968 1526.933811 124.611022 -137.430122 0.015144 -0.492276 0.286365 -8.28188 0.018455 4.34663 -0.000421 19.29394 -0.114014 22.201011 -0.062536 16.359451 -0.000945 -0.222405 0.022491 -0.848097 -0.001632 -0.031302 -0.027368 0.005839 -0.003594 -0.008959 0.006677 -0.030081 -0.077124 23.101933
46.799416 164.361479 102.847561 829.706712 56.019459 1054.6818 50.730668 1259.274018 32.272837 1054.40385 30.767346 1013.778929 -41.972936 178.917231 -90.752103 882.120749 -43.246306 1489.467049 -34.31087 1855.800302 -19.069543 1643.481274 -17.586864 1526.422381 100.958032 -65.097261 -0.023127 -0.089068 0.023307 -1.480063 -0.28004 4.988865 -0.005129 10.819378 -1.306128 14.323715 -1.105873 10.893221 -0.00846 -0.032196 0.004994 -0.021186 -0.000203 0.000128 -0.00195 0.02088 -0.000768 0.016873 -0.000549 -4.3e-05 -1.243545 13.357359
46.025702 163.319456 104.076842 828.818288 49.71429 1112.109779 43.4789 1335.278877 24.414291 1128.235703 23.531059 1082.257807 -44.442651 180.049947 -92.179086 880.442252 -45.213498 1486.44821 -36.703246 1854.83805 -20.834904 1645.016507 -18.789548 1526.069833 90.356596 -48.575088 -0.003225 -0.001657 0.003651 -0.000238 -0.188164 0.76116 -0.279516 1.113482 -0.547358 1.249107 -0.484346 1.118923 -0.035299 0.001787 -0.005566 -0.000799 -0.021876 -0.001531 -0.04031 -0.000125 -0.039069 0.000358 -0.019887 -2e-05 -0.293958 1.207151
46.418616 159.856765 101.103376 840.510156 40.148038 1139.372759 25.884241 1367.882801 16.559045 1165.323486 16.74209 1113.053547 -45.274799 169.902274 -95.942573 839.46744 -47.774741 1448.108605 -39.053597 1803.591476 -22.224692 1601.480493 -20.35594 1486.379959 77.151415 -34.594008 0.000835 -0.018551 -0.021547 0.040945 -0.510636 0.165068 -2.268631 0.196632 -0.760038 0.299882 -0.576343 0.216011 -0.003859 -0.147159 -0.037649 -0.488157 -0.03528 -0.250462 -0.036469 -0.358944 -0.022434 -0.291925 -0.031352 -0.261474 -0.521314 1.183561
46.583555 164.677914 101.039259 859.913469 41.742986 1131.165836 26.137219 1348.708299 17.671904 1132.392225 17.705646 1082.908124 -47.44211 171.509009 -101.010143 855.839492 -48.035345 1441.77254 -37.356403 1794.644972 -21.433141 1566.874095 -20.070679 1451.878303 78.028787 -35.19722 0.000146 0.035812 -1e-05 0.110708 0.015533 -0.014832 0.000615 -0.06767 0.018094 -0.236 0.013479 -0.206923 -0.025335 0.003781 -0.065205 0.079057 -0.000354 -0.006946 0.018851 -0.011122 0.007176 -0.189 0.001006 -0.20257 0.00248 -0.002607
46.590471 160.044996 99.743674 855.723713 42.999717 1096.369113 26.678752 1290.085407 19.776191 1071.730213 19.524075 1030.902416 -47.472865 170.255881 -100.881628 860.342798 -47.775895 1436.630098 -35.467192 1778.37828 -20.941254 1530.4943 -19.545071 1419.432066 81.418218 -40.758541 0.0 -0.033051 -0.00418 -0.005116 0.009319 -0.2718 0.002776 -0.651257 0.059169 -0.83493 0.044436 -0.63984 -5e-06 -0.002297 4.1e-05 0.005908 0.000351 -0.004594 0.024509 -0.037028 0.002855 -0.213655 0.003487 -0.18333 0.036029 -0.203868
46.031525 160.617305 103.743155 850.326392 45.832051 1072.187645 29.914594 1265.545175 22.308254 1055.696357 22.112521 1020.824396 -46.855744 171.832716 -110.008532 887.852311 -40.494728 1424.520265 -29.541092 1754.991438 -20.553104 1496.101294 -14.876324 1400.455704 85.686765 -38.291187 -0.001687 0.000511 0.039308 -0.008538 0.045165 -0.134827 0.092584 -0.117825 0.076241 -0.060422 0.080537 -0.024752 0.002019 0.003634 -0.19759 0.216458 0.300813 -0.025628 0.270673 -0.077398 0.001815 -0.19542 0.318093 -0.063851 0.054527 0.038516
45.327674 160.275291 104.227578 845.760659 42.138491 1053.206916 24.723796 1228.530826 18.893166 1019.889936 19.297396 984.779075 -46.815157 171.743734 -107.931015 905.482247 -35.637036 1296.838805 -18.688352 1540.947004 -13.537967 1264.748876 -13.261051 1197.971976 64.417072 -13.159426 -0.002711 -0.000182 0.000564 -0.006145 -0.077574 -0.084755 -0.247129 -0.274678 -0.141778 -0.308875 -0.0958 -0.323935 9e-06 -1.2e-05 0.009902 0.08666 0.155134 -2.996947 1.23692 -6.957567 0.729581 -9.710457 0.046402 -7.901334 -1.514598 6.555623
45.234221 160.199992 110.269943 840.994939 39.495005 1023.406092 21.362503 1175.493307 16.674553 974.093078 17.635991 944.641567 -46.869943 175.201272 -108.878466 983.958486 -25.771072 1188.537865 -8.065602 1361.662037 -5.939281 1096.206495 -8.269397 1058.358594 42.517086 -3.604473 -4.8e-05 -9e-06 0.085123 -0.006732 -0.042812 -0.213842 -0.122741 -0.585127 -0.069263 -0.52599 -0.037387 -0.417533 -1.6e-05 0.017229 -0.00207 1.630424 0.797725 -2.360742 2.199296 -5.542223 1.543393 -6.023582 0.586628 -4.323522 -2.266566 2.989605
43.102651 162.854449 120.875752 840.8596 31.579808 1017.080189 15.629821 1124.339234 11.245565 925.4585 12.327579 914.140535 -48.045343 175.979406 -116.124579 1001.249288 -16.967412 987.927522 -2.563683 1056.37216 -1.704275 833.338982 -3.576971 834.606545 21.705532 2.414102 -0.025721 0.010906 0.243445 -5e-06 -0.44211 -0.009806 -0.446895 -0.568968 -0.532912 -0.622702 -0.473974 -0.250265 -0.007278 0.000862 -0.116709 0.075301 0.916557 -9.265103 1.534749 -19.349668 1.280485 -17.989457 0.96898 -13.270473 -3.465529 11.918259
43.677604 162.250604 121.016948 832.918853 23.799618 986.660725 9.780644 1105.104018 5.857824 938.332093 7.082833 925.838234 -48.592911 177.519484 -132.920352 995.12753 -12.291673 739.892123 -0.521891 725.787208 -0.341105 559.391551 -1.585461 596.576401 9.026037 48.730828 0.001905 -0.000561 4.1e-05 -0.018836 -0.549239 -0.230917 -0.682367 -0.08298 -0.870762 0.044461 -0.722 0.037185 -0.001551 0.003355 -0.567005 -0.009386 0.376019 -17.895914 0.772167 -30.929628 0.520471 -27.208236 0.399597 -19.933048 -2.737646 29.452425
44.832155 160.222549 121.390458 842.739929 17.410784 986.452354 4.987241 1101.517943 2.636447 945.276627 3.865014 934.863505 -49.056333 175.111344 -146.180363 985.400915 -13.869684 643.917983 -1.047732 607.020918 -0.691684 459.228451 -2.120643 504.426777 6.028938 86.78292 0.00753 -0.006377 0.000288 0.028781 -0.498241 -1.1e-05 -0.799574 -0.002914 -0.63454 0.012802 -0.483575 0.021889 -0.0011 -0.008223 -0.315168 -0.023884 -0.047635 -3.332155 -0.090702 -5.302168 -0.061322 -4.936589 -0.038845 -3.863057 -0.301343 5.45217
42.997762 153.773558 123.403137 826.279912 3.979919 931.567427 -0.188283 1010.733344 -0.843897 888.544032 -0.077993 890.510884 -51.526673 168.84993 -154.812602 958.37764 -14.084409 611.562724 -1.166736 556.686584 -0.975003 433.39289 -2.562863 481.358058 0.004731 80.826668 -0.019158 -0.066233 0.008274 -0.081167 -4.742158 -0.785438 -7.113577 -1.951864 -6.463557 -0.877773 -5.041082 -0.538916 -0.030341 -0.056996 -0.123808 -0.187854 -0.000825 -0.416986 -0.0032 -1.089076 -0.024257 -0.373964 -0.020924 -0.269957 -5.695887 -0.105866
42.745025 150.302458 121.704305 744.300184 0.104775 791.019816 -5.711189 852.159155 -7.615341 760.007964 -3.442145 776.001968 -51.354093 164.857865 -167.989689 899.382375 -9.377948 544.29808 -0.028855 495.248966 0.00367 398.750067 -0.538793 450.836043 -7.953375 57.752624 -0.000372 -0.019812 -0.005887 -2.141011 -2.793192 -5.743284 -3.82552 -6.761391 -3.389104 -5.018558 -2.483871 -3.938705 0.000145 -0.023879 -0.269063 -0.936967 0.476896 -1.958873 0.828624 -1.795645 1.098314 -0.721418 0.751462 -0.499812 -8.346071 -1.934465
40.256124 147.392694 110.785539 684.917747 -0.537333 703.351283 -12.442508 763.7902 -15.450799 676.17167 -8.684667 696.556275 -48.706158 156.275631 -158.587881 768.098952 -5.494827 501.774851 0.294291 477.556992 0.970946 394.602369 0.012831 441.490712 -24.168202 37.683641 -0.037325 -0.014221 -0.256539 -1.23417 -1.116655 -2.57379 -1.294098 -2.418058 -1.371615 -2.44904 -1.191752 -2.144641 0.035043 -0.1147 0.135362 -5.176109 0.515867 -0.864649 0.507447 -0.160891 0.855225 -0.010842 0.717914 -0.048938 -4.39298 -2.133979
38.942117 147.596612 106.271524 707.262608 -1.740658 695.110554 -17.729029 744.868461 -21.232422 657.218678 -12.82187 678.104091 -49.343262 145.270449 -160.585731 604.486981 -2.287487 416.750773 2.101504 396.847025 3.869984 352.355204 0.913068 399.848213 -43.231844 47.130281 -0.010901 7e-05 -0.046943 0.179332 -0.343759 -0.02428 -0.466751 -0.118664 -0.458484 -0.134707 -0.401687 -0.123848 -0.00207 -0.200889 -0.006253 -9.786143 0.691659 -3.943628 0.822959 -3.732847 0.964052 -1.195685 0.709424 -1.03119 -2.752202 0.527729
38.305573 148.280477 103.617888 705.201198 -2.642654 676.145477 -20.660413 722.662208 -25.862473 637.871204 -16.69045 662.596114 -50.806518 140.850274 -166.767444 587.788372 -1.995667 386.895326 1.9782 361.869699 4.217667 324.16409 1.249747 375.367044 -50.968346 52.585046 -0.002623 0.00079 -0.016776 -0.001504 -0.09381 -0.131154 -0.112083 -0.168019 -0.22815 -0.144525 -0.254652 -0.089694 -0.01069 -0.034145 -0.058373 -0.116943 0.009953 -0.554756 -0.001864 -0.806667 0.007477 -0.587629 0.026366 -0.386652 -0.31823 0.149309
36.740847 147.56591 107.173604 695.160371 -1.495214 639.623617 -16.604287 665.544436 -20.199835 584.76844 -12.812588 616.26853 -53.139925 132.654268 -178.798138 520.724193 -3.683344 365.703943 0.878857 342.953884 2.57357 312.827398 0.40379 365.732212 -37.193628 42.185785 -0.016314 -0.000863 0.029992 -0.035998 0.162276 -0.506967 0.221405 -1.175553 0.349391 -1.153747 0.255962 -0.839397 -0.026194 -0.122831 -0.209485 -2.030526 -0.256566 -0.298408 -0.219971 -0.253874 -0.202015 -0.100889 -0.232783 -0.062633 1.082753 -0.572286
38.675882 150.318243 130.097345 697.934053 -0.081113 649.001507 -11.071191 682.675188 -14.391448 599.707201 -7.671534 624.302224 -53.368065 130.926313 -185.671782 483.075313 -4.625534 318.606529 0.567364 288.216513 1.84579 269.57219 0.14744 325.241251 -26.545213 65.129197 0.024829 0.012716 1.109976 0.002761 0.879818 0.034124 0.55875 0.108838 0.491144 0.094209 0.655637 0.026013 -0.000244 -0.005664 -0.064822 -0.706285 -0.053593 -1.622655 -0.033944 -2.377991 -0.060337 -1.608518 -0.063235 -1.187403 0.895774 2.481279
38.562759 152.968298 137.312897 704.131763 4.397628 753.442032 -0.068045 816.765864 -0.869561 731.843123 -0.055738 741.799842 -53.765787 129.411533 -204.263273 481.546388 -6.802852 312.181072 0.239415 276.033777 1.009977 243.366565 -0.016299 293.77412 -3.753824 131.157208 -8.3e-05 0.011578 0.097367 0.013698 5.673234 3.89427 9.403337 6.007706 8.185913 6.572451 6.41946 5.062329 -0.000738 -0.004407 -0.443459 -0.001212 -0.209327 -0.032727 -0.069662 -0.131534 -0.125049 -0.669849 -0.261782 -0.80032 10.334462 11.438753
38.624745 155.469783 142.772114 706.554858 16.38048 905.240668 4.603601 1017.134175 1.945906 921.16861 3.671457 910.130873 -53.271312 132.232886 -218.61722 487.099878 -14.110772 331.972037 -0.41053 305.447292 -0.074849 259.428598 -1.830331 305.310426 2.784034 202.890747 2.5e-05 0.010144 0.053209 0.002081 3.80339 6.960728 5.791021 10.978786 5.41707 10.877862 4.631933 8.59881 0.001142 0.015212 -0.24368 0.01592 -1.31837 0.304101 -1.27696 0.7444 -1.634719 0.25662 -1.501189 0.111085 13.00339 7.792939
41.555808 148.998588 147.688591 697.900356 11.738847 979.345782 2.151831 1128.520016 0.340103 1045.757381 1.329858 1019.561034 -50.189898 132.040904 -216.480211 513.969204 -18.342217 329.306386 -1.768369 307.737609 -1.146314 261.440213 -3.951787 306.52986 2.7352 261.438478 0.053592 -0.068777 0.041612 -0.026666 -0.385741 1.457533 -0.460618 2.893098 -0.658976 3.949809 -0.582031 3.105315 0.045897 -7e-05 0.005248 0.36066 -0.277045 -0.005373 -0.474824 0.004277 -0.635329 0.003884 -0.403241 0.001215 -0.000216 3.70596
41.668388 138.058385 143.455074 662.759064 3.873854 950.742069 -0.13695 1095.51412 -1.255344 1013.537733 -0.109444 986.309522 -49.10853 130.605213 -215.316887 538.320038 -18.108701 343.703234 -1.653604 315.319782 -1.20799 264.562308 -4.122534 310.215763 -0.000455 242.447817 7.6e-05 -0.20855 -0.030781 -0.453867 -2.125733 -0.211964 -3.374493 -0.244926 -2.90227 -0.252069 -2.202311 -0.275626 0.005888 -0.003924 0.001567 0.281787 0.000748 0.154004 0.001925 0.046137 -0.000808 0.009266 -0.001806 0.011014 -2.806227 -0.357991
38.021089 134.955564 132.898981 648.988144 0.434282 816.984942 -3.910661 898.763104 -6.384878 821.860621 -2.605077 827.786624 -52.65881 129.91154 -216.667662 583.561205 -16.969106 347.941947 -1.49372 307.606503 -0.756913 260.494085 -3.19383 308.795002 -2.745067 156.95786 -0.08351 -0.017632 -0.201683 -0.072287 -1.714031 -5.067709 -2.583965 -9.729244 -1.97799 -10.036197 -1.646606 -6.939452 -0.061947 -0.000924 -0.002112 0.912573 0.018516 0.012988 0.004064 -0.047756 0.052477 -0.015761 0.059182 -0.00163 -2.674824 -9.256523
37.856248 135.984529 125.740428 626.250534 -0.444197 777.284157 -13.086639 833.843379 -16.560379 752.799189 -8.899219 769.783841 -53.020895 134.22963 -222.094612 578.523365 -16.192832 345.250348 -1.33056 301.921637 -0.445875 258.697276 -2.416436 308.197013 -11.571601 128.893271 -0.000179 0.001954 -0.099085 -0.202723 -1.756903 -0.494395 -2.689623 -1.216679 -2.379655 -1.515177 -1.874519 -1.053297 -0.00062 0.035298 -0.033564 -0.01092 0.009087 -0.005226 0.004717 -0.026511 0.040912 -0.003109 0.054121 -0.00029 -3.044611 -1.381013
39.939985 139.705224 128.41664 658.943745 -0.401808 719.023457 -12.870536 735.37754 -16.328727 649.71158 -9.141079 688.689638 -54.462241 129.218968 -208.355523 546.262247 -8.593777 326.454587 -0.003361 283.168864 0.197624 246.941369 -0.175369 298.033333 -20.119094 95.552039 0.027911 0.025108 0.01409 0.415898 0.001063 -1.134659 0.0009 -3.092326 0.000816 -3.793713 -0.001621 -2.25625 -0.009665 -0.047654 0.219318 -0.462752 1.193594 -0.263025 1.20018 -0.3006 1.237185 -0.136679 1.289857 -0.085205 -1.174461 -2.490226
37.369701 138.124505 123.292586 658.885757 -0.369893 637.366851 -12.631858 643.782167 -15.455884 563.397699 -8.837218 602.082654 -56.212527 125.647809 -206.210504 542.93824 -8.389192 323.212579 -0.000675 278.932192 0.219815 241.888132 -0.158227 293.867502 -19.362124 66.965529 -0.042738 -0.004497 -0.052161 -1e-06 0.00066 -2.460152 0.001117 -3.044964 0.011987 -3.074554 0.002568 -2.908813 -0.013841 -0.025021 0.005549 -0.005072 0.001232 -0.008089 0.001024 -0.015967 0.00059 -0.026119 0.000441 -0.01466 0.007257 -2.533908
38.707545 138.907031 133.665136 670.146365 0.538846 624.053837 -4.210056 625.709795 -5.61382 541.120371 -2.392065 579.489468 -56.859143 126.760283 -207.398951 533.0308 -8.879777 312.451996 -0.00065 266.990517 0.171403 231.143506 -0.23295 284.852093 -7.747082 64.940868 0.011764 0.001105 0.209438 0.047705 1.801632 -0.070255 2.256876 -0.128645 2.439991 -0.224682 2.033806 -0.216025 -0.001849 0.002452 -0.001707 -0.045614 -0.00697 -0.091085 0.0 -0.130623 -0.003007 -0.122045 -0.007203 -0.070226 2.614312 -0.015539
41.718498 147.49583 147.171707 704.680066 13.012376 689.171026 1.996366 726.565414 0.956482 631.574605 2.060542 652.921691 -53.958875 128.59164 -206.451603 536.129082 -11.412239 307.306968 -0.169174 254.957827 -0.01943 219.018658 -1.007307 272.837917 1.248561 106.74752 0.056381 0.128812 0.324981 0.433787 8.255314 1.615435 12.004633 3.76626 11.204746 3.493737 8.892854 2.189645 0.037959 0.006567 0.001084 0.004489 -0.158647 -0.021357 -0.148858 -0.138716 -0.306251 -0.163317 -0.271439 -0.129424 15.215839 5.167799
45.788884 144.665824 159.185479 700.872782 29.183458 768.054186 13.750185 795.200866 8.371937 736.303676 10.120534 759.368239 -48.294049 125.515889 -199.450843 526.803575 -13.508158 283.918403 -0.40707 238.353725 -0.167097 190.020683 -1.553153 238.156655 10.904555 178.225629 0.094718 -0.013707 0.23565 -0.005156 3.221682 2.136635 5.267925 1.548603 3.668876 4.015087 3.047888 4.017237 0.157037 -0.018615 0.060377 -0.040909 -0.088295 -0.462801 -0.051398 -0.279513 -0.072567 -1.02917 -0.058859 -1.178269 4.773413 9.109821
46.6946 147.614716 165.394627 696.853152 33.159294 932.851699 16.8956 1058.994515 9.772406 969.688997 12.042331 956.412197 -46.577371 132.23412 -205.685729 538.847063 -14.250877 295.272588 -0.424731 252.206318 -0.164374 200.157637 -1.725764 247.802524 12.471602 288.732208 0.004435 0.014876 0.059395 -0.00578 0.126906 8.002282 0.161847 18.860692 0.054128 16.039333 0.083479 11.352032 0.015533 0.08757 -0.047979 0.068057 -0.009938 0.111302 -0.000188 0.195626 1.1e-05 0.131703 -0.004547 0.095741 0.052584 13.264198
51.114663 142.675912 170.830021 661.189313 21.539069 988.136985 6.593464 1142.975752 2.761623 1068.377588 5.080343 1043.598341 -45.512296 135.649645 -205.352991 560.804152 -13.935268 304.956009 -0.525778 255.213621 -0.261224 204.376928 -1.870685 253.792814 4.721556 338.192095 0.099924 -0.042016 0.043937 -0.468369 -1.248561 0.795709 -2.379774 1.602069 -2.144091 2.390784 -1.479251 1.90125 0.006159 0.021775 0.000135 0.219234 0.001767 0.078116 -0.005386 0.008912 -0.011166 0.022004 -0.002921 0.035771 -1.845798 1.954063
49.547417 141.508844 166.158532 661.588015 10.02874 976.815091 0.624788 1121.831375 0.004867 1029.286683 0.690792 1005.797727 -46.66536 135.420445 -205.873237 567.030172 -12.964924 307.226726 -0.344438 256.090691 -0.229579 207.930118 -1.862444 256.373679 0.301297 311.971533 -0.012201 -0.002396 -0.032381 6e-05 -2.173271 -0.032618 -3.158934 -0.098705 -2.53463 -0.36427 -2.024424 -0.348641 -0.007212 -9.7e-05 -0.000329 0.017185 0.017507 0.004211 0.019104 0.000752 0.001021 0.015311 9e-06 0.006528 -2.637405 -0.528942
47.826088 142.638893 159.342691 684.895284 6.063849 884.142514 -0.016342 972.151905 -0.329995 878.101825 0.036037 879.841737 -47.860142 135.272883 -205.065502 583.868226 -13.000167 304.994418 -0.417895 256.360318 -0.278408 208.52393 -1.866668 256.890826 -0.002191 230.809785 -0.015216 0.002247 -0.071368 0.201736 -0.496081 -2.308902 -0.843218 -5.35645 -0.41501 -6.001104 -0.411271 -4.211475 -0.007551 -4e-05 0.000794 0.12318 -2.4e-05 -0.00407 -0.003547 7.1e-05 -0.002352 0.000423 -2e-06 0.000261 -0.354874 -6.102336
45.286752 140.835207 150.289817 705.983971 2.782125 792.976024 -1.014108 842.035663 -1.804986 762.261467 -0.299761 777.10453 -51.084199 132.712009 -201.767372 588.367701 -11.496905 301.015783 -0.249279 237.272776 -0.130555 200.462004 -1.290724 252.771743 -0.964666 180.919247 -0.034632 -0.005738 -0.13237 0.159884 -0.631259 -2.479693 -0.772984 -4.672082 -0.591432 -4.095361 -0.543669 -3.188123 -0.052541 -0.012236 0.013369 0.008635 0.046167 -0.013061 0.021659 -0.369171 0.027663 -0.079466 0.052974 -0.016645 -0.874911 -3.033877
44.279845 143.297987 136.391933 718.085895 1.963773 684.042762 -1.572781 674.385951 -2.072426 597.04003 -0.478053 630.765531 -51.472393 133.630545 -185.473176 601.683592 -9.522499 302.014545 -0.229162 234.08607 -0.111326 201.296485 -1.006799 254.196725 -1.223097 104.990831 -0.00566 0.010674 -0.337072 0.051423 -0.071088 -4.022507 -0.061047 -9.295844 -0.009234 -10.078596 -0.02071 -7.626152 -0.000735 0.001584 0.342963 0.0745 0.092936 0.000827 0.000423 -0.010772 0.000766 0.000867 0.017611 0.002003 -0.015317 -10.26638
43.592244 145.051418 124.528132 772.592447 0.226023 563.630878 -6.246055 508.149817 -5.679511 418.033412 -2.50677 465.561297 -51.178605 130.373307 -170.544232 601.795445 -5.965908 339.279232 0.022509 278.375801 0.278452 241.852166 -0.021627 293.803338 -8.473097 23.953864 -0.00269 0.005331 -0.269858 0.996847 -0.857343 -5.824015 -1.550287 -11.742708 -0.890344 -15.908429 -0.795422 -12.518692 0.00042 -0.020094 0.313147 5e-06 0.413878 1.083615 0.395313 1.917467 0.741908 1.859671 0.733303 1.433155 -3.25774 -28.646418
43.594054 145.376217 117.826652 843.364345 1.91218 481.486484 -1.151674 385.36463 -4.013462 305.039805 -0.874415 358.566538 -51.941025 127.43689 -172.819069 609.007107 -7.720544 360.311993 -0.030924 298.722643 0.029751 255.602556 -0.248464 306.599574 -4.734309 2.183933 0.0 0.000182 -0.092671 1.550495 0.82337 -3.233204 2.033619 -8.476671 0.144255 -8.883241 0.420133 -6.974967 -0.002819 -0.016723 -0.007536 0.021477 -0.11294 0.31624 -0.106199 0.358797 -0.126168 0.190077 -0.123481 0.136377 0.540242 -11.672163
43.626252 148.816753 118.018111 884.811867 6.132705 451.811446 0.008511 334.17734 -2.929252 265.794315 0.012685 326.000599 -53.857913 121.936796 -172.122633 607.788318 -8.133999 362.046034 -0.062697 300.302967 0.018976 255.418482 -0.286256 306.856789 -3.419755 0.103287 6e-06 0.020119 7.8e-05 0.497098 1.195992 -0.471891 1.358196 -1.823008 0.085181 -1.350684 1.097739 -0.775045 -0.017367 -0.060661 0.000703 -0.00061 -0.005392 0.002081 -0.005556 0.002085 -0.001206 -3.3e-05 -0.001337 5.4e-05 0.10666 -1.337334
42.930329 156.423199 118.027047 916.011383 8.730942 442.20875 1.205999 314.611466 0.864622 251.370233 1.581149 313.618882 -53.317784 128.586571 -172.643594 620.619757 -8.979949 370.12901 -0.141931 310.176921 1.9e-05 262.205511 -0.459716 313.859594 0.856593 -0.114313 -0.002798 0.094789 0.0 0.270288 0.228854 -0.051573 1.011883 -0.295096 6.976761 -0.201188 1.310587 -0.119854 0.001361 0.08827 -0.000394 0.067018 -0.020921 0.044618 -0.015963 0.079856 -0.017802 0.044497 -0.020447 0.039503 7.69941 -0.434919
42.849838 159.349914 114.568317 948.991582 14.207955 454.279782 4.98772 318.603125 6.267315 251.227651 5.833527 313.821264 -52.937857 134.35479 -172.236822 639.582916 -10.931537 392.28675 -0.457008 328.304907 -0.14212 269.358696 -1.062008 321.900372 8.296981 -0.315831 -3.8e-05 0.013563 -0.025717 0.291629 0.663455 0.081271 1.288544 0.012581 2.476249 -2e-05 1.340575 3.3e-05 0.000679 0.063277 0.00024 0.142684 -0.095871 0.322048 -0.089573 0.2574 -0.145401 0.048132 -0.124266 0.05085 3.821732 -0.050125
42.510673 161.522032 112.685124 964.128015 16.845656 392.936435 6.062558 252.909928 7.223275 192.797704 6.704954 255.342948 -53.617335 137.024798 -171.883584 734.048855 -11.69702 439.920231 -0.641004 377.026942 -0.222742 299.291677 -1.2651 353.581406 9.982887 -11.661455 -0.000674 0.007352 -0.007803 0.05988 0.112226 -2.223725 0.052398 -3.788143 0.033913 -3.86123 0.030319 -3.012124 -0.002166 0.013135 0.000181 3.252105 -0.012951 1.36433 -0.015526 1.684792 -0.009019 0.788362 -0.008879 0.743351 0.077909 -8.139032
42.159077 172.428055 111.338184 985.797619 18.367932 328.253286 8.292072 184.65446 9.019699 136.187563 7.735275 195.083623 -54.377642 156.416565 -159.805976 840.268768 -12.482635 480.439432 -1.097795 416.274047 -0.613774 320.207388 -1.923827 381.069596 14.33924 -38.743116 -0.00073 0.17813 -0.004049 0.120411 0.032919 -2.906557 0.174197 -5.356354 0.099645 -4.907193 0.036804 -4.049029 -0.002676 0.641443 0.21996 3.58744 -0.012766 0.89237 -0.061073 0.971434 -0.097021 0.353182 -0.068777 0.514438 0.393315 -7.893344
42.042821 170.604407 106.810343 1004.972015 22.525723 329.106423 12.909633 180.97449 13.747975 133.735297 11.548559 190.645147 -53.923897 158.440645 -153.873283 897.525381 -10.805815 611.129 -0.605426 578.346037 -0.250262 452.533768 -1.161816 497.926705 17.708004 -94.253871 -8e-05 -0.004848 -0.046994 0.092343 0.211917 0.000554 0.508942 -0.018519 0.496383 -0.01114 0.380789 -0.025537 0.000951 0.006506 0.056108 0.943498 0.060446 7.851735 0.07272 13.293542 0.080188 11.414273 0.095571 7.802343 0.177552 -12.13858
41.911907 167.850352 93.411081 994.974295 23.712173 306.732344 15.1522 165.443537 16.83328 115.611046 13.912626 166.452621 -48.562044 156.683328 -131.37478 929.347473 -8.604211 728.112463 -0.158118 741.628747 1.8e-05 587.801233 -0.47514 616.540523 16.798279 -182.043637 -0.000102 -0.011205 -0.448857 -0.024989 0.015224 -0.393775 0.089751 -0.348325 0.156034 -0.659572 0.109989 -0.820436 0.140357 -0.0049 0.888652 0.277174 0.125264 5.119068 0.144743 10.138082 0.25455 8.831425 0.150988 6.330068 -0.011994 -14.317986
35.716891 170.106978 81.108458 955.35663 24.625321 239.892414 16.728142 111.969264 19.20743 71.405446 16.007791 112.348957 -51.775085 155.05929 -129.376954 917.947349 -10.911977 866.683457 -0.679475 962.19939 -0.022592 780.496506 -0.869072 783.370946 20.547484 -379.7507 -0.247585 0.007534 -0.434172 -0.402424 0.008626 -4.101902 0.038976 -5.202654 0.078283 -5.299588 0.073447 -5.3 -0.051458 -0.00423 0.007654 -0.035177 -0.136926 6.031587 -0.18204 14.337411 -0.023893 13.63644 -0.059018 9.976316 0.188671 -35.938088
31.713731 173.147304 74.139049 911.899157 26.163798 197.62803 18.033548 83.00558 20.663339 50.238555 17.152249 85.850932 -52.985615 146.967144 -129.48769 883.088654 -12.548235 1049.637186 -1.509621 1233.397126 -0.063259 1029.795408 -1.075879 1009.280817 23.013208 -625.125474 -0.118933 0.013465 -0.156515 -0.505771 0.023307 -2.04615 0.02452 -2.163291 0.026591 -1.855747 0.019755 -1.779293 -0.006994 -0.108425 -2.4e-05 -0.337373 -0.057131 8.753412 -0.16351 16.813404 -0.010243 17.24789 -0.011026 14.291543 0.069841 -30.418712
27.926697 176.994304 65.215522 906.561046 25.931023 163.763921 20.389999 57.644597 23.385791 33.796716 19.021212 65.084902 -53.959006 143.440225 -138.640072 875.032823 -17.952616 1221.688122 -4.223434 1479.280824 -0.843328 1263.689864 -2.731416 1220.511318 33.110985 -884.165554 -0.120355 0.021134 -0.286001 -0.007835 -0.00052 -1.590111 0.072327 -2.305344 0.084211 -1.624151 0.048314 -1.435339 -0.00443 -0.021418 -0.156251 -0.018456 -0.482614 6.52573 -0.682992 11.166731 -0.444642 11.957697 -0.378783 10.027589 0.915861 -22.395724
25.843016 180.118256 49.687144 914.108998 22.473644 153.132219 17.732543 51.434127 22.475283 30.076967 18.190161 58.702336 -54.083292 128.895978 -139.066684 853.553959 -22.357294 1364.720553 -7.614749 1673.522242 -2.227984 1452.265332 -4.72885 1386.00033 38.855946 -1064.348342 -0.040389 0.013664 -1.054117 0.015646 -0.123632 -0.178394 -0.092736 -0.176942 -0.009039 -0.108404 -0.009281 -0.164655 -7.1e-05 -0.388649 -0.000328 -0.13345 -0.241373 3.957987 -0.496157 5.98921 -0.329837 6.554539 -0.272372 5.258804 0.22967 -8.348809
20.723858 178.912208 38.090879 931.469555 15.447074 139.013269 11.255161 44.917761 14.990039 25.431248 11.584074 51.824976 -60.3457 112.619014 -141.070853 841.388744 -31.057515 1469.157878 -14.70326 1851.10796 -5.742813 1642.90478 -8.48634 1555.570495 39.289251 -1259.527425 -0.282233 -0.002026 -0.769357 0.081653 -0.656685 -0.341373 -0.732961 -0.220606 -0.755358 -0.194752 -0.742103 -0.214173 -0.171491 -0.549119 -0.007169 -0.043658 -0.71331 1.925076 -1.155624 4.476601 -0.816806 5.876564 -0.545442 4.891599 0.001201 -8.210915
17.04789 179.669208 32.707848 918.330597 11.449601 144.256831 7.575768 48.03675 10.713337 28.547098 8.033843 56.513683 -65.813851 108.50444 -155.405057 826.159468 -46.093136 1477.008475 -28.960037 1858.256614 -14.421152 1674.626265 -17.737187 1583.521243 49.993988 -1265.882978 -0.179299 0.000799 -0.20494 -0.046663 -0.298718 0.048535 -0.362958 0.052342 -0.35829 0.090005 -0.323915 0.101507 -0.118559 -0.038284 -0.346722 -0.069544 -1.479302 0.01046 -2.393116 0.006888 -1.963088 0.15166 -1.685899 0.12444 0.644053 -0.007997
17.334415 170.204944 29.936244 886.439685 10.765334 135.515904 7.074397 43.392478 10.5545 25.38615 7.861877 51.74824 -64.959746 102.017909 -153.325971 807.149922 -55.216003 1459.616162 -38.944684 1835.603268 -22.56056 1667.621041 -25.088514 1571.513462 63.977039 -1281.50031 0.001194 -0.12803 -0.061343 -0.281784 -0.010541 -0.13658 -0.008582 -0.118032 -0.000593 -0.092709 -0.00093 -0.104933 0.002789 -0.099954 0.007001 -0.110627 -0.411592 -0.051504 -0.738078 -0.069464 -0.906831 -0.007341 -0.635671 -0.02285 0.861039 -0.047873
14.565515 167.397056 24.274658 844.20892 8.056328 120.965809 5.116924 36.449865 8.407122 19.679772 5.943916 43.216404 -70.240265 95.180328 -165.624212 771.932872 -60.022943 1401.9421 -40.814917 1770.36951 -24.485851 1588.23458 -28.021588 1499.870813 61.588306 -1254.326486 -0.120397 -0.011677 -0.296448 -0.515328 -0.195974 -0.413043 -0.158175 -0.302417 -0.121986 -0.362739 -0.133875 -0.384036 -0.10316 -0.118578 -0.237189 -0.392758 -0.100299 -0.581263 -0.02193 -0.590103 -0.039411 -0.967971 -0.081053 -0.835677 -0.022723 0.145601
10.217585 159.723028 17.529919 825.301541 5.136844 113.580363 2.905368 32.523826 5.617945 18.64514 3.606669 40.627173 -79.248547 85.735711 -180.20482 737.095914 -68.103535 1357.81176 -47.541843 1709.861039 -29.533706 1534.896683 -33.585882 1449.916241 60.91354 -1215.202563 -0.38438 -0.090026 -0.547685 -0.107067 -0.327077 -0.116306 -0.31086 -0.111827 -0.280141 -0.013968 -0.290404 -0.039989 -0.271669 -0.246694 -0.307506 -0.402171 -0.255064 -0.35286 -0.256445 -0.52605 -0.236365 -0.455495 -0.251794 -0.42302 -0.001858 0.309933
9.16315 155.278989 17.492555 806.815004 5.163437 111.626294 2.807655 31.413422 5.14552 17.974898 3.238372 39.777233 -81.142333 81.098957 -183.241941 725.25162 -73.208798 1350.883476 -51.369301 1703.374497 -33.706407 1524.004962 -38.021604 1440.726891 65.191024 -1210.958207 -0.028705 -0.03135 -2e-05 -0.104699 3.4e-05 -0.008478 -0.000836 -0.009643 -0.010373 -0.006134 -0.009915 -0.004492 -0.011181 -0.064446 -0.01269 -0.047967 -0.09225 -0.008861 -0.074081 -0.006164 -0.137811 -0.019391 -0.137517 -0.014607 0.072567 0.003713
9.764247 156.646249 14.555008 814.801438 4.383565 109.830058 2.534136 30.484265 5.091204 17.773152 3.133054 39.499425 -80.292596 84.253477 -185.818735 726.832622 -72.830009 1345.668445 -51.272542 1694.924569 -32.711598 1521.089851 -37.327555 1440.263587 63.612987 -1210.019204 0.009547 0.002997 -0.134915 0.019667 -0.031906 -0.007285 -0.007007 -0.006974 -0.000144 -0.000569 -0.000871 -0.000487 0.002236 0.030093 -0.008996 0.000861 0.000491 -0.005043 4.6e-05 -0.010505 0.007451 -0.001395 0.003197 -3.7e-05 -0.009667 0.000182
9.898096 169.172981 13.186684 836.199249 4.263523 115.052806 2.602067 33.312584 5.219362 20.138963 3.204118 42.831463 -76.780879 86.910733 -183.433052 724.028505 -73.131758 1372.036309 -52.135975 1733.832147 -32.977359 1562.121203 -37.342524 1477.397693 64.435683 -1227.523636 0.000456 0.240896 -0.033766 0.138669 -0.000833 0.060656 0.000449 0.062725 0.000797 0.073888 0.000398 0.067454 0.039261 0.020628 0.007707 -0.00271 -0.000312 0.127917 -0.003605 0.220758 -0.000538 0.273035 -2e-06 0.236319 0.002643 -0.062852
8.793931 159.553055 12.718289 828.292426 4.000112 114.221324 2.234626 32.564426 4.698647 19.856853 2.789348 42.351991 -81.887446 80.683547 -190.389695 711.898184 -78.457217 1368.597143 -56.80028 1726.989127 -37.2461 1555.931841 -41.628883 1469.514986 68.402733 -1224.24405 -0.032641 -0.14079 -0.004235 -0.01878 -0.004199 -0.001508 -0.013977 -0.004249 -0.013679 -0.000995 -0.014369 -0.001349 -0.082196 -0.11573 -0.064735 -0.051238 -0.093573 -0.002158 -0.099901 -0.006765 -0.129864 -0.006143 -0.116412 -0.010543 0.059249 0.002193
9.219132 163.757972 13.129777 838.359271 3.970554 115.353042 2.226045 32.959425 4.758241 20.309308 2.88555 42.955835 -80.468249 83.230824 -189.439983 714.978652 -78.568919 1368.067763 -57.537756 1728.20282 -36.900022 1558.98439 -41.103381 1472.760648 68.159523 -1223.417907 0.005019 0.027345 0.003276 0.030403 -5.5e-05 0.002789 -8e-06 0.001191 0.000188 0.002548 0.000815 0.002137 0.006203 0.019794 0.001187 0.003325 -4e-05 -5.1e-05 -0.002378 0.000213 0.000808 0.001496 0.001669 0.00179 -0.000217 0.000139
10.071709 163.146819 14.853964 829.574517 4.458535 114.91769 2.356623 32.371482 5.01558 20.095494 3.177033 42.63419 -78.117319 82.555575 -184.97599 705.077584 -75.320533 1366.976693 -54.691568 1728.030364 -34.964571 1558.384323 -38.937765 1472.143109 66.46544 -1224.550431 0.018849 -0.000571 0.053167 -0.023134 0.014137 -0.000412 0.001861 -0.002646 0.003388 -0.000566 0.007011 -0.000604 0.017426 -0.001375 0.026612 -0.034517 0.034288 -0.000218 0.036096 -4e-06 0.026067 -5.8e-05 0.029302 -6.5e-05 -0.010659 -0.000262
10.340422 163.13951 14.572341 825.495731 4.363696 113.610539 2.294975 31.633021 5.038834 19.234058 3.133159 41.516011 -76.672438 81.654926 -184.602141 701.815307 -74.819594 1358.705818 -54.325175 1717.440424 -34.815786 1547.959312 -38.501599 1464.132359 66.344691 -1222.093157 0.001769 -0.0 -0.001348 -0.005026 -0.00051 -0.003738 -0.000409 -0.00426 2.7e-05 -0.009435 -0.000153 -0.007429 0.006744 -0.00247 0.000189 -0.003782 0.000836 -0.012549 0.000616 -0.016275 0.000159 -0.017493 0.001228 -0.010927 -5.5e-05 0.001234
9.962709 160.288874 16.007361 818.179485 4.772762 110.383136 2.685567 30.131811 5.121995 17.415311 3.162049 38.97694 -79.190509 80.670377 -185.612092 706.004876 -75.894888 1356.766722 -55.257954 1715.167416 -35.46705 1545.468654 -39.083513 1462.090695 67.545457 -1234.769248 -0.003514 -0.012563 0.033689 -0.016283 0.009162 -0.023252 0.015339 -0.018246 0.00034 -0.045156 6.6e-05 -0.040056 -0.020342 -0.002986 -0.001378 0.006234 -0.003836 -0.000692 -0.00397 -0.000753 -0.003017 -0.001003 -0.002182 -0.000712 0.005385 -0.032701
9.887897 158.972802 15.864692 828.788945 4.559432 118.362779 2.43041 35.715787 4.802471 20.046467 2.908295 42.737932 -81.564626 80.884873 -187.725345 726.307251 -74.531873 1380.851883 -53.119418 1747.431456 -33.908801 1569.406964 -37.687885 1482.51269 64.233502 -1234.70809 -0.000141 -0.002713 -0.000319 0.034172 -0.002439 0.139225 -0.006367 0.237192 -0.005145 0.092515 -0.005306 0.086597 -0.017532 0.000142 -0.005981 0.143896 0.006175 0.105951 0.021101 0.150319 0.017502 0.091986 0.012687 0.070818 -0.041626 1e-06
10.056318 159.533706 16.886389 829.264843 4.306782 119.472365 2.252607 36.53693 4.688574 20.539433 2.761564 43.465892 -81.331974 83.333086 -188.049781 731.767984 -75.640611 1408.543329 -54.528154 1784.96592 -34.918627 1605.413144 -38.675845 1517.063204 65.197713 -1262.776169 0.000711 0.000494 0.01594 6.8e-05 -0.0036 0.002588 -0.003377 0.004666 -0.000683 0.002994 -0.001899 0.003074 0.000166 0.01825 -0.00014 0.010226 -0.004093 0.137455 -0.009218 0.199422 -0.007408 0.204183 -0.006391 0.198991 0.003592 -0.157727
10.440368 158.218045 17.269606 834.056128 4.442063 118.19197 2.265561 34.866519 4.544045 19.549446 2.712987 42.205958 -80.63371 82.069963 -185.083985 728.763989 -76.333413 1409.91136 -55.621873 1789.328138 -35.63789 1609.057716 -39.267809 1519.135681 65.63308 -1273.889321 0.003598 -0.002724 0.00215 0.006901 0.001046 -0.003449 1.9e-05 -0.019541 -0.001131 -0.012226 -0.000216 -0.009265 0.001505 -0.004823 0.011787 -0.003089 -0.001579 0.000332 -0.00543 0.002662 -0.003666 0.002066 -0.002248 0.000707 0.000724 -0.024344
10.887753 158.676991 19.595777 843.358979 4.973939 119.439857 2.614504 34.747625 4.693738 19.35153 2.837416 42.615978 -80.124498 84.378811 -184.456804 737.544396 -75.884399 1420.886032 -55.249581 1799.031382 -35.369642 1619.452259 -39.018368 1530.097216 65.832807 -1284.747982 0.004693 0.000332 0.073463 0.025797 0.015034 0.003277 0.012491 -0.000102 0.001213 -0.000503 0.001395 0.000991 0.000806 0.016014 0.000532 0.026289 0.000662 0.021274 0.000625 0.013119 0.000507 0.016733 0.000397 0.019703 0.000152 -0.023042
12.363391 160.019661 21.892989 841.091739 7.38763 115.936844 4.863718 32.70386 7.170795 18.703171 4.754523 41.800617 -75.737374 84.61512 -182.406515 759.81523 -73.069025 1451.068071 -52.142646 1832.102542 -32.760161 1651.378235 -36.576175 1561.132397 70.584922 -1318.593085 0.046873 0.002828 0.063647 -0.001526 0.237936 -0.026068 0.346263 -0.03097 0.261459 -0.005524 0.24604 -0.003938 0.061756 0.000165 0.005729 0.165631 0.026609 0.158599 0.044952 0.150604 0.049992 0.155816 0.03946 0.155797 0.082795 -0.220013
13.331231 159.459635 25.549032 851.635332 9.19891 117.124481 6.239055 32.786742 8.533408 18.536687 5.859758 41.651383 -75.06216 83.808937 -181.682888 759.801757 -70.929719 1446.108973 -49.444721 1828.417314 -30.949587 1641.529914 -34.740528 1552.119012 71.985639 -1311.191116 0.018234 -0.000491 0.141083 0.032837 0.099194 0.003026 0.085513 5.2e-05 0.059227 -0.000372 0.057699 -0.000133 0.001512 -0.001929 0.000719 -0.0 0.015892 -0.004244 0.035832 -0.001855 0.025733 -0.014727 0.023628 -0.013048 0.006881 0.010417
17.596564 170.039196 31.982358 882.785972 15.697997 121.913761 13.298693 32.916939 15.500345 18.327516 11.366014 42.231712 -66.902915 94.27592 -167.331667 790.976231 -62.642305 1479.964061 -43.416275 1865.900738 -25.760241 1679.329322 -28.934895 1588.745571 81.2252 -1346.784009 0.295534 0.169888 0.360828 0.279759 0.863226 0.047983 1.320034 0.000129 1.031947 -0.000593 0.903751 0.002007 0.234665 0.307866 0.295181 0.313374 0.257342 0.195861 0.195887 0.190163 0.23793 0.215131 0.265218 0.213564 0.278855 -0.238323
18.003237 178.746575 32.700009 939.16467 22.193822 130.786742 21.917984 40.162466 25.060368 23.386339 18.933552 49.208828 -69.120491 101.823485 -170.351011 823.060945 -61.998281 1486.780063 -42.422036 1860.006535 -25.080871 1667.264959 -28.337647 1584.301924 100.282475 -1295.72739 0.002323 0.108706 0.003981 0.872504 0.560944 0.155825 1.071075 0.360069 1.14273 0.307889 0.96024 0.266573 -0.018078 0.145301 -0.013499 0.31893 0.001664 0.00783 0.005758 -0.004662 0.004539 -0.021746 0.003114 -0.003112 1.003225 0.493285
22.205898 183.287934 36.144988 963.205083 37.60962 161.199488 41.590396 55.083432 47.775483 30.911233 37.4572 58.28149 -65.468183 104.261657 -165.198066 827.151375 -55.952606 1494.957305 -37.101826 1868.311422 -21.106435 1676.070066 -24.198862 1588.874341 132.391606 -1251.747765 0.220234 0.028485 0.086247 0.151906 2.02105 1.588187 3.123692 1.175999 3.632637 0.523951 3.129214 0.383571 0.049565 0.014423 0.039569 0.00507 0.15504 0.011213 0.178163 0.00925 0.171319 0.011595 0.163279 0.003294 2.226187 0.379661
25.588937 193.678468 48.597772 1050.335 65.771692 235.797805 73.747775 101.758599 77.291421 59.003213 62.568215 95.854377 -62.707612 121.909286 -159.704271 869.647972 -52.742104 1513.69717 -33.670012 1889.912295 -18.695722 1682.970732 -21.687152 1595.168572 172.013954 -1111.733736 0.11988 0.143227 0.91995 1.886026 3.909741 7.071734 4.573571 7.106092 3.532794 4.50105 3.203307 4.649601 0.029731 0.689554 0.046451 0.53225 0.047424 0.058363 0.083255 0.062077 0.073072 0.007088 0.068795 0.006221 2.589698 4.150902
26.24215 208.453272 56.445595 1081.28015 94.315625 426.033004 111.350134 282.929798 108.785941 183.496348 89.646657 232.455265 -62.295106 134.629972 -150.510938 884.287318 -49.944228 1519.412382 -31.779353 1892.554687 -17.251604 1681.944384 -19.944679 1589.383296 212.680072 -754.350003 0.004116 0.271514 0.293567 0.224631 2.565277 27.929721 3.859672 45.332891 2.684669 34.395029 2.427939 29.767487 0.000681 0.315576 0.136254 0.061095 0.038124 0.005385 0.027314 0.000923 0.029019 -0.000157 0.036481 -0.005255 2.155452 34.541933
31.147267 206.941769 60.534206 1091.275072 123.469094 817.198767 149.059637 768.909763 149.795241 584.129372 124.087799 617.673093 -59.867837 137.25151 -143.074603 875.150606 -44.355434 1522.287281 -28.268012 1903.445397 -13.597048 1679.046972 -15.593153 1575.580693 253.653534 -282.488935 0.210006 -0.00275 0.071473 0.022991 1.960116 63.14085 2.74479 118.999845 3.272614 112.841461 2.793172 92.285729 0.024116 0.012639 0.094194 -0.023724 0.165759 0.001359 0.102753 0.015623 0.217238 -0.001249 0.267423 -0.030097 1.803513 113.593513
30.146504 208.439933 59.312341 1076.326135 115.642772 1121.967932 139.627316 1189.280204 142.731237 1012.659533 118.516191 1020.4466 -59.884534 141.613021 -144.293702 869.630922 -45.343085 1531.433237 -29.586723 1911.74339 -13.840265 1690.895959 -15.757352 1590.463015 245.463306 -86.456402 -0.00817 0.002702 -0.006229 -0.051549 -0.128115 24.099274 -0.154133 45.653264 -0.085304 58.576726 -0.063987 50.287954 -1e-06 0.03411 -0.002586 -0.008731 -0.005438 0.013696 -0.015031 0.009024 -0.001078 0.020831 -0.00043 0.034978 -0.067203 56.38829
28.265319 180.718873 54.83501 873.64594 142.484673 1377.35965 185.965664 1524.957502 202.973109 1450.295745 169.892562 1451.793817 -54.812767 137.424392 -142.318803 830.557821 -46.568748 1548.856205 -32.514853 1944.903443 -14.572068 1728.605248 -16.255301 1628.351153 326.315353 -12.20629 -0.0303 -0.988587 -0.087844 -10.561899 1.399398 13.082736 3.314302 20.837053 5.289288 39.193069 4.612916 37.920747 0.112188 -0.03144 0.006804 -0.449041 -0.008173 0.049275 -0.06907 0.14256 -0.009426 0.20793 -0.003873 0.222995 5.745284 33.691563
27.550495 165.936178 55.544729 830.872718 158.289128 1601.155156 209.254453 1764.573214 232.390475 1763.331046 196.551261 1761.236224 -49.403614 138.682465 -136.697763 820.685248 -43.711961 1567.513787 -30.814279 1961.472389 -13.428164 1764.37592 -15.337751 1667.497394 357.542893 -0.000155 -0.004578 -0.315339 0.002282 -0.536761 0.415517 8.419518 0.686756 8.738641 0.994998 15.282524 0.970993 14.935696 0.140471 0.002866 0.056626 -0.029514 0.045211 0.055852 0.022837 0.035139 0.023376 0.183164 0.013327 0.232487 0.713356 12.119524
28.224835 153.873726 57.522837 819.997258 161.082135 1737.362951 212.152332 1927.267397 233.733736 1957.817969 197.69993 1956.084037 -49.536552 134.421192 -133.713861 808.521474 -42.975487 1563.27552 -30.876182 1957.827463 -13.344923 1776.552133 -15.016151 1682.97171 358.777517 4.401904 0.004077 -0.227564 0.017305 -0.035823 0.012213 2.77972 0.009964 3.586593 0.001935 5.085933 0.001673 5.110104 -8.9e-05 -0.033247 0.016464 -0.045408 0.003129 -0.002869 -3.1e-05 -0.001695 0.000129 0.020935 0.001704 0.035735 0.001064 4.454257
28.094142 163.429011 56.590242 894.515111 161.585595 1966.085776 212.019697 2195.490417 232.138306 2247.56025 195.647974 2222.559989 -49.512558 137.550333 -136.674419 816.072537 -41.246003 1574.789155 -28.510614 1968.747022 -12.165404 1791.146207 -14.114243 1697.322377 350.587412 25.872537 -0.000152 0.143907 -0.003811 1.62015 0.000393 7.069642 -2.1e-05 8.73443 -0.002732 9.99321 -0.005352 8.505364 3e-06 0.018002 -0.016208 0.017549 0.017759 0.021122 0.047133 0.015183 0.027283 0.029849 0.013965 0.030462 -0.047282 8.930737
30.926711 166.101451 57.550597 910.462307 156.425734 2003.48701 216.453464 2280.861397 227.593186 2327.244245 193.772296 2280.752088 -47.21535 142.072525 -135.175153 820.268835 -39.243983 1572.371063 -26.70619 1971.566479 -10.824555 1800.037972 -12.863031 1709.034486 337.686968 33.810336 0.06801 0.010837 0.00404 0.070449 -0.041863 0.176201 0.022941 0.814153 -0.022468 0.694021 -0.004517 0.375997 0.027282 0.03657 0.004134 0.005381 0.024902 -0.000929 0.029491 0.001009 0.039135 0.011008 0.029031 0.020135 -0.120908 0.530217
35.994782 170.628931 62.730884 944.529638 160.682049 2095.843882 216.578005 2381.235867 229.929898 2438.607058 193.979281 2391.858777 -43.832868 151.061338 -134.107152 824.691552 -38.327378 1591.010026 -24.707647 2000.520578 -10.216671 1812.977687 -12.420316 1719.946797 337.081971 46.283242 0.192182 0.030438 0.111604 0.312853 0.028566 1.04052 1.8e-05 1.080651 0.005967 1.301275 5.5e-05 1.32115 0.062852 0.137851 0.002118 0.005946 0.005416 0.054912 0.038858 0.10553 0.008783 0.023171 0.003876 0.017364 -0.000271 0.977158
35.832185 173.017603 60.357647 949.03106 152.603752 2067.928204 203.593823 2368.400767 214.590691 2410.557409 179.876914 2356.317842 -43.826831 154.340771 -131.282225 834.358947 -36.578338 1580.701864 -23.323083 1982.078662 -9.303697 1797.760968 -11.396921 1708.582356 313.258513 44.855385 -0.000184 0.008302 -0.022881 0.00535 -0.10417 -0.09358 -0.200667 -0.017342 -0.264736 -0.081126 -0.266075 -0.133017 0.0 0.017608 0.015035 0.028167 0.020423 -0.016751 0.01996 -0.042699 0.021362 -0.032064 0.021997 -0.018835 -0.4365 -0.011186
37.8484 174.366142 63.063105 952.901304 156.779737 2122.801942 207.999226 2447.770248 218.59792 2506.549172 183.299796 2442.550468 -42.199065 157.321137 -127.117748 844.448449 -33.997018 1580.853059 -21.078869 1976.133156 -8.029705 1782.617941 -10.110809 1695.454651 310.41967 61.534431 0.027591 0.002618 0.029656 0.003938 0.028185 0.359276 0.023577 0.654041 0.018535 0.937065 0.01613 0.774835 0.015402 0.014251 0.03356 0.030319 0.047222 4e-06 0.056751 -0.004465 0.046882 -0.032023 0.038488 -0.025314 -0.006461 1.315545
38.50822 183.649788 64.249602 969.964459 155.956287 2169.213495 206.133222 2497.919337 215.030457 2554.34253 180.40587 2490.564266 -41.514782 166.08555 -123.085652 866.777864 -32.05639 1600.962927 -19.626475 1999.72034 -7.128895 1809.137326 -9.094033 1722.667004 300.464638 64.104825 0.002851 0.120387 0.005529 0.075709 -0.001084 0.250942 -0.004204 0.254261 -0.014675 0.225677 -0.011513 0.233664 0.002797 0.118781 0.032491 0.145692 0.028514 0.06355 0.025919 0.069967 0.026789 0.097903 0.026935 0.108323 -0.081119 0.026296
38.75562 180.863853 65.820234 962.106577 157.341472 2174.723613 207.457326 2502.429777 214.548084 2563.517033 179.856769 2495.758844 -40.604685 166.982035 -126.750955 852.79819 -33.138978 1598.39494 -20.43578 1999.87547 -7.482708 1815.722714 -9.590915 1729.828928 302.165693 64.31861 0.000396 -0.010646 0.009483 -0.015979 0.003062 0.003495 0.00212 0.002034 -0.000271 0.008223 -0.000418 0.002706 0.005043 0.001206 -0.026888 -0.056826 -0.008989 -0.001031 -0.008175 3e-06 -0.004284 0.005982 -0.006608 0.007428 0.002401 0.000178
39.162103 179.662417 67.863362 967.234218 160.847406 2199.430645 210.952315 2526.878752 219.617134 2587.98111 184.347939 2522.904944 -40.473149 168.176387 -124.586339 866.616427 -32.390916 1628.294631 -19.92738 2031.943368 -7.166518 1842.615767 -9.210863 1754.934257 306.128222 63.146913 0.00106 -0.002002 0.015614 0.006814 0.019315 0.069778 0.014597 0.059427 0.029593 0.058089 0.027692 0.073418 0.000107 0.002128 0.009321 0.055527 0.00427 0.138534 0.003202 0.127531 0.003413 0.098849 0.003842 0.090435 0.012906 -0.005385
40.39405 180.610076 70.049519 976.138049 165.55917 2213.518744 217.967218 2546.703258 224.038224 2619.064384 187.59111 2541.656631 -40.993475 171.474898 -124.617011 873.48827 -32.973525 1642.194329 -20.679301 2048.076202 -7.901586 1856.611016 -9.669156 1766.890993 316.088659 65.421989 0.009539 0.001246 0.017328 0.020397 0.03401 0.022488 0.057368 0.038731 0.022029 0.092776 0.01414 0.034714 -0.001662 0.016017 -2e-06 0.013569 -0.002597 0.029537 -0.006962 0.031896 -0.01794 0.026474 -0.005563 0.020297 0.079728 0.020131
40.07918 179.479668 70.820178 978.349034 166.812399 2222.22224 218.710383 2552.127656 226.885521 2632.404143 190.696258 2561.245696 -39.842746 169.938247 -124.120734 869.773479 -32.881486 1636.97731 -20.40564 2037.764461 -7.663248 1849.950288 -9.682895 1762.337527 317.943735 68.822148 -0.000616 -0.001774 0.002108 0.001251 0.002363 0.008539 0.000632 0.002885 0.00899 0.016943 0.012744 0.037599 0.008191 -0.003458 0.000495 -0.003958 6.4e-05 -0.00415 0.000911 -0.013012 0.001825 -0.005985 -5e-06 -0.002937 0.002714 0.043067
41.196407 177.154918 71.890293 974.351303 168.565106 2217.108838 221.132673 2549.953171 228.987648 2632.107818 192.557355 2560.517259 -39.772346 169.666093 -122.330049 869.433718 -32.891945 1637.330143 -20.85545 2035.847824 -8.117297 1848.574115 -9.881019 1759.772439 323.331642 69.039889 0.007679 -0.007577 0.004012 -0.004092 0.00458 -0.002945 0.00667 -0.000463 0.004847 -8e-06 0.004519 -5.2e-05 3.1e-05 -0.000109 0.006506 -3.3e-05 -1e-06 1.9e-05 -0.002452 -0.000451 -0.006533 -0.000256 -0.001003 -0.000934 0.022635 0.000172
41.333481 177.401731 72.773456 973.37235 165.411799 2210.515816 216.526079 2549.643466 223.287836 2624.207397 187.626052 2552.160176 -39.303524 170.633836 -116.841017 891.963063 -32.185704 1649.188116 -20.444673 2041.514259 -7.85521 1852.768308 -9.572926 1767.813117 314.903962 66.965139 0.000114 8.6e-05 0.002696 -0.000246 -0.014887 -0.004909 -0.024244 -9e-06 -0.035917 -0.005937 -0.031983 -0.00683 0.00139 0.001376 0.062996 0.144088 0.003832 0.021392 0.002043 0.003937 0.00215 0.002376 0.00244 0.009164 -0.055645 -0.015826
42.956265 170.17905 74.171077 958.492601 170.476362 2233.473357 223.435889 2574.060766 227.413919 2665.866092 191.46663 2594.054566 -38.734509 171.132424 -114.882039 872.36015 -31.886395 1632.081131 -19.330585 2009.910908 -7.565928 1812.367625 -9.375576 1729.560708 317.940015 82.085677 0.015623 -0.075051 0.006647 -0.057305 0.038184 0.059299 0.054264 0.058181 0.018887 0.164031 0.019455 0.17053 0.002075 0.000364 0.008281 -0.108905 0.000699 -0.044594 0.015606 -0.123264 0.002714 -0.222675 0.001028 -0.209198 0.007283 0.768939
40.491694 180.170016 70.368256 977.702585 163.185801 2251.181511 213.155556 2595.98082 218.319178 2682.483989 183.991543 2608.923183 -37.792427 176.614514 -111.655579 870.315334 -30.352606 1633.844723 -18.625019 2013.899269 -6.95238 1828.115306 -8.641965 1745.11652 303.190437 81.653579 -0.036403 0.142486 -0.050035 0.095298 -0.079659 0.034961 -0.121051 0.046469 -0.092794 0.025817 -0.074419 0.021245 0.005799 0.043214 0.022978 -0.0012 0.018902 0.000476 0.006559 0.001977 0.01297 0.03406 0.014941 0.034821 -0.175149 -0.00057
42.270146 178.325428 72.484931 972.206358 165.910458 2216.899194 216.514151 2553.738871 223.513587 2631.984584 188.437166 2563.760278 -37.804666 176.358592 -108.836116 882.150667 -30.893374 1638.712177 -19.521178 2022.263087 -7.791857 1832.78813 -9.341678 1749.336562 314.77007 72.110604 0.019111 -0.004746 0.015682 -0.007746 0.011279 -0.131521 0.013127 -0.173253 0.030535 -0.239934 0.026534 -0.197163 -1e-06 -9.3e-05 0.018027 0.039966 -0.002387 0.00362 -0.010528 0.008666 -0.023918 0.002982 -0.013617 0.002548 0.108502 -0.296416
]