01-31-21_Dhruva_4K+Depth.snake_in_flowers.0000000006 [ 76.280461 406.016849 127.180859 1668.741133 231.304474 3166.271685 306.863889 3676.631472 299.146816 3715.185035 249.2589 3570.243734 -57.88805 376.283361 -106.444686 1394.882618 -145.704617 2490.017862 -172.367403 2985.313468 -137.081737 2821.341084 -116.367819 2697.089369 841.235049 61.403209 0.0 0.0 0.0 0.0 0.0 0.0 0.0 0.0 0.0 0.0 0.0 0.0 0.0 0.0 0.0 0.0 0.0 0.0 0.0 0.0 0.0 0.0 0.0 0.0 0.0 0.0
75.943394 408.362768 133.986179 1670.425875 229.139382 3218.205738 298.694416 3780.415847 286.846004 3780.430507 238.931881 3611.651738 -58.261743 394.629543 -119.394719 1447.336727 -157.230465 2537.239009 -178.240589 3041.844737 -140.68854 2867.602872 -119.759262 2734.797349 829.310329 62.967433 -0.000373 0.003379 0.088679 0.000425 -0.00509 0.21123 -0.055109 0.722251 -0.12912 0.283969 -0.109239 0.119372 -0.000601 0.218332 -0.371595 0.48407 -0.219343 0.22178 -0.049196 0.265121 -0.023418 0.188101 -0.024357 0.130885 -0.042561 0.009837
73.256591 406.162787 138.105942 1688.808619 263.776925 3366.901259 345.760433 3897.218045 341.639173 3924.04395 288.582534 3785.012716 -50.261794 380.305532 -101.169673 1420.740444 -145.132333 2524.071484 -170.9536 2986.509115 -136.875736 2825.560693 -115.854453 2715.839272 911.005895 89.987734 -0.024194 -0.002971 0.031191 0.050298 1.218507 1.679029 1.720967 0.888525 2.39307 1.338613 2.341805 2.031872 0.295265 -0.132395 0.75425 -0.123319 0.242132 -0.017128 0.076041 -0.253974 0.026189 -0.155236 0.032359 -0.03297 1.918573 2.405553
77.223995 411.965903 145.303641 1743.786388 274.478944 3484.791697 356.841647 4007.247137 356.035025 4051.298232 301.527688 3916.076783 -50.751557 387.336627 -118.459615 1466.023223 -151.800243 2590.969618 -173.353874 3081.551607 -133.103413 2918.640767 -113.332821 2790.777641 924.520922 92.64762 0.052309 0.020581 0.091414 0.440301 0.106403 1.014288 0.08739 0.765832 0.148538 1.015297 0.142005 1.115364 -0.001187 0.032201 -0.681618 0.355183 -0.074877 0.437489 -0.008367 0.744359 0.026356 0.754193 0.013873 0.509934 0.049756 0.01937
73.821501 390.665123 136.975194 1687.587907 262.591429 3409.187341 340.905174 3886.658923 339.470511 3922.776626 289.64263 3824.068296 -49.129501 376.138444 -117.523083 1427.369855 -148.215597 2545.258899 -169.609421 3038.62561 -125.746711 2893.917995 -106.855994 2779.599499 878.435324 78.091244 -0.038328 -0.282697 -0.122889 -0.460236 -0.131575 -0.414578 -0.182018 -0.921113 -0.197282 -1.035786 -0.119482 -0.54688 0.013172 -0.082128 0.001858 -0.2582 0.021416 -0.203409 0.020441 -0.15054 0.104562 -0.052577 0.095278 -0.011216 -0.589096 -0.621635
80.938274 403.041077 141.930115 1706.245173 256.535948 3367.01764 333.657584 3893.621617 330.922811 3923.287713 279.026969 3779.337008 -49.05842 385.688752 -108.937186 1442.166255 -146.837324 2548.473588 -169.351182 3057.606345 -132.47474 2893.08406 -112.179578 2756.867966 882.152437 78.300493 0.163722 0.096493 0.044017 0.051284 -0.035319 -0.131217 -0.038936 0.003116 -0.054495 1.7e-05 -0.099093 -0.13158 2.6e-05 0.059864 0.162819 0.038148 0.003219 0.001014 9.8e-05 0.029549 -0.087665 -6e-05 -0.064703 -0.046666 0.003924 0.00014
76.518864 404.507245 131.635201 1692.782018 238.551889 3275.424892 314.604805 3819.023418 311.159317 3849.479093 259.440599 3688.057046 -52.004835 386.682565 -108.764929 1452.61402 -150.59731 2571.76723 -174.413605 3081.12777 -141.220198 2904.209061 -119.58484 2764.613356 871.626365 66.478852 -0.062033 0.001331 -0.19378 -0.026663 -0.326743 -0.631517 -0.280046 -0.360773 -0.304235 -0.350444 -0.356338 -0.557915 -0.042959 0.000639 6.8e-05 0.018854 -0.023767 0.052985 -0.037278 0.045063 -0.139759 0.010674 -0.118335 0.005433 -0.031589 -0.483442
75.228172 407.156821 144.284251 1683.428264 251.387149 3320.425121 325.926131 3869.59757 313.940381 3883.699186 264.371837 3735.561562 -52.921812 395.117113 -111.692427 1460.517841 -149.636033 2548.592294 -173.962532 3031.241868 -135.477397 2878.734144 -114.515307 2762.045023 861.882689 75.090823 -0.005489 0.004325 0.290089 -0.012957 0.168156 0.153509 0.10006 0.166335 0.006186 0.075714 0.023212 0.151995 -0.004007 0.0455 -0.019438 0.010722 0.001539 -0.052446 0.000292 -0.203574 0.059602 -0.056111 0.054898 -0.000597 -0.027384 0.262185
76.32883 400.065043 142.603871 1603.958811 234.14535 3068.136327 301.452758 3599.64517 285.97416 3598.027523 240.478069 3441.81842 -52.684418 389.975826 -112.463527 1417.203708 -148.493578 2545.290925 -171.912186 3031.911687 -134.05042 2879.193078 -113.23062 2759.415262 811.610872 40.011287 0.003997 -0.031153 -0.004921 -0.96069 -0.306234 -4.983475 -0.477522 -4.879886 -0.652205 -5.45583 -0.565745 -6.01342 0.000267 -0.016834 -0.001326 -0.325991 0.002189 -0.00107 0.006077 3.7e-05 0.003777 1.8e-05 0.003623 -0.000626 -0.755254 -5.475827
76.375288 398.580894 134.130484 1577.844392 230.923988 2933.397646 299.427806 3411.684153 293.213011 3395.909022 247.556568 3266.550908 -51.633607 387.147493 -112.92043 1394.167568 -149.231208 2506.613182 -171.914843 3008.887873 -134.608326 2845.174508 -113.812214 2712.152354 825.157027 24.346836 7e-06 -0.001379 -0.129755 -0.107168 -0.011157 -1.51268 -0.003412 -2.5199 0.045238 -2.921132 0.051336 -2.289971 0.005293 -0.005147 -0.000463 -0.09438 -0.000914 -0.148062 -0.0 -0.043876 -0.000579 -0.101083 -0.000745 -0.20413 0.056056 -1.935427
79.976617 392.085198 144.367816 1529.958844 228.091709 2774.583552 291.151692 3303.746204 274.619581 3233.011971 231.250177 3071.278387 -52.642548 383.479075 -120.263156 1381.571929 -150.614939 2490.388916 -169.670751 3023.661276 -132.373844 2831.870643 -113.02699 2678.328684 788.319791 13.280615 0.041481 -0.026683 0.188221 -0.368936 -0.008738 -2.209783 -0.057992 -0.867506 -0.304499 -2.001793 -0.277748 -3.008949 -0.004881 -0.008731 -0.115636 -0.028578 -0.003193 -0.026339 0.007372 0.01809 0.009351 -0.015588 0.001359 -0.106118 -0.42057 -1.664083
84.995396 389.863072 151.143178 1428.958446 238.975738 2242.438932 300.688157 2633.014582 284.621166 2544.353396 242.795604 2437.737651 -50.302453 379.134295 -117.696577 1384.386904 -147.445886 2501.244402 -165.728475 3052.20926 -131.639167 2825.958651 -112.388762 2661.83977 803.389735 -7.388408 0.076358 -0.003157 0.077682 -1.724288 0.126832 -28.301535 0.076837 -38.011112 0.089442 -41.190688 0.140616 -36.550063 0.0266 -0.012377 0.013842 0.001432 0.016848 0.011804 0.02317 0.067068 0.001022 -0.003089 0.000904 -0.025457 0.071341 -40.480392
81.60802 391.136859 157.4327 1314.217187 235.196398 1882.173711 287.261663 2167.260827 260.64649 2037.427202 225.664354 1987.761633 -52.690822 390.600212 -123.110318 1420.430984 -150.830955 2491.340252 -168.411375 3052.902304 -131.199261 2834.547708 -112.327161 2671.86029 761.69235 -65.652155 -0.03444 0.001039 0.064104 -2.400743 -0.015062 -15.763847 -0.153325 -22.648651 -0.527322 -28.129395 -0.313344 -22.93577 -0.027696 0.085403 -0.060863 0.231607 -0.019209 -0.009824 -0.010771 3.9e-05 0.000368 0.006516 8e-06 0.009413 -0.555556 -28.992186
82.428031 389.379108 179.151226 1321.145594 234.592107 1440.796235 265.97266 1561.743239 242.056044 1332.538457 217.370381 1347.515466 -52.49367 395.169305 -120.175909 1477.254623 -150.367063 2527.189319 -168.134727 3091.397551 -131.693746 2866.27331 -112.667788 2699.579791 730.83391 -290.144775 0.00205 -0.001979 0.701439 0.009107 -0.000389 -29.443692 -0.409763 -49.490542 -0.343864 -74.544533 -0.077642 -62.028228 0.000185 0.013284 0.017697 0.55721 0.000357 0.128043 0.000114 0.120591 -0.000465 0.088279 -0.000258 0.071524 -0.319038 -79.763383
77.445769 386.232441 180.668716 1394.082108 226.602441 1193.182212 247.171182 1175.249623 233.01458 920.419184 210.774017 966.749807 -56.860581 394.529496 -124.82929 1487.183554 -158.467656 2492.162033 -175.855368 3035.607851 -140.248293 2777.509206 -121.703318 2626.014234 734.814512 -500.133677 -0.077652 -0.006383 0.0032 0.979788 -0.069211 -11.66463 -0.344557 -27.425994 -0.086046 -38.013886 -0.050818 -31.538556 -0.087228 -0.000259 -0.044195 0.016628 -0.106256 -0.12222 -0.086653 -0.254003 -0.134585 -0.698074 -0.174235 -0.508126 0.005406 -28.409242
72.530102 386.824692 199.95741 1428.448041 218.267397 942.896068 230.517751 857.606004 212.763441 622.439107 194.464892 692.489376 -60.845035 395.962501 -130.646155 1522.230189 -165.608027 2505.675046 -183.681614 3067.046418 -147.654621 2807.298334 -129.054782 2656.336962 714.906456 -785.973254 -0.080581 0.000227 0.489053 0.20922 -0.078089 -14.713798 -0.290378 -24.97004 -0.46023 -29.048666 -0.328319 -22.823624 -0.067458 0.001299 -0.06623 0.204078 -0.078672 0.018268 -0.085189 0.08098 -0.09528 0.079448 -0.107784 0.087033 -0.136699 -32.166432
67.366676 374.926384 230.47902 1341.785187 202.994169 649.06908 192.350304 529.282944 171.433846 369.910019 160.85179 447.002057 -61.40008 394.659914 -134.735738 1511.947995 -172.635685 2493.026358 -190.754949 3057.599918 -154.975654 2830.887604 -136.453963 2690.091941 652.403809 -1154.167527 -0.09532 -0.09293 1.083485 -1.355895 -0.276964 -27.350584 -1.725991 -39.422836 -2.229461 -32.66905 -1.59348 -26.757547 -0.00126 -0.001073 -0.031512 -0.017422 -0.073014 -0.016003 -0.066816 -0.007285 -0.088566 0.049347 -0.10312 0.106558 -1.429311 -35.257785
60.894515 381.651473 254.302126 1351.513384 199.413133 401.615077 183.340309 232.106704 157.153418 147.49431 148.036198 225.3798 -62.714032 397.330675 -149.952783 1509.908221 -185.770963 2482.711268 -202.766896 3036.098007 -163.181385 2843.159333 -145.113664 2720.1148 640.612885 -1695.509136 -0.163399 0.02989 0.585711 0.017569 -0.015934 -29.55551 -0.108057 -60.39002 -0.310461 -50.244301 -0.26597 -37.574062 -0.006955 0.004503 -0.406978 -0.000688 -0.240779 -0.010692 -0.18337 -0.037935 -0.105836 0.013271 -0.133197 0.083304 -0.053761 -51.890691
63.060833 379.680895 297.343998 1291.134216 198.75698 242.622144 178.809217 94.583305 156.704816 48.9949 147.777991 103.967843 -61.825785 395.516845 -148.27213 1506.559162 -185.54689 2481.509788 -203.696659 3027.162855 -165.645615 2846.952822 -147.365415 2727.16297 644.576845 -2148.990779 0.018931 -0.00255 1.681722 -0.689861 -0.000541 -19.927327 -0.028347 -30.356284 -0.000321 -26.471929 -0.000113 -23.195709 0.003168 -0.002075 0.004736 -0.001859 6.8e-05 -0.000145 -0.001063 -0.006584 -0.009234 0.001265 -0.008668 0.00456 0.006113 -26.839113
63.195329 379.083289 300.217242 1209.027405 192.786697 138.372142 168.468078 26.856764 151.914459 8.064714 142.390204 39.322603 -62.2326 394.415493 -152.403246 1513.349457 -185.156486 2493.782189 -203.414582 3040.086248 -165.490844 2848.591397 -146.689946 2735.710095 634.520122 -2553.518692 7.2e-05 -0.000235 0.006908 -1.348582 -0.04552 -14.540219 -0.154002 -20.639246 -0.03718 -17.303868 -0.050024 -15.411031 -0.000667 -0.000768 -0.028381 0.007634 0.000206 0.015136 9.8e-05 0.013764 3.6e-05 0.000236 0.000776 0.006686 -0.039535 -17.431831
59.539509 370.485152 280.317017 1100.502161 176.573881 65.197665 157.989459 0.489702 144.067969 -1.112916 133.225157 6.680537 -65.65911 385.76537 -156.433114 1530.796054 -194.741693 2511.599972 -215.262489 3042.128936 -177.366484 2871.189853 -157.18017 2757.550417 641.139499 -2985.358411 -0.054459 -0.049315 -0.341182 -2.55122 -0.355996 -13.606226 -0.168214 -20.093383 -0.104023 -15.169409 -0.152425 -13.587335 -0.04591 -0.047955 -0.026293 0.049995 -0.120941 0.031713 -0.167672 0.000343 -0.205732 0.044643 -0.181126 0.043417 0.017174 -16.859897
56.645496 370.284693 265.023308 950.04225 160.782553 28.451877 139.993375 -5.436308 129.276702 -13.292249 118.787711 0.005229 -68.787095 382.703969 -160.547589 1521.552375 -197.498592 2508.39475 -219.039212 3039.237425 -178.092847 2870.380116 -157.507122 2757.355892 610.837873 -3274.332359 -0.036049 -2.7e-05 -0.214493 -5.527493 -0.369791 -7.510214 -0.543915 -9.18924 -0.400487 -6.712789 -0.41389 -6.311966 -0.036392 -0.006098 -0.026704 -0.013997 -0.009689 -0.001023 -0.016422 -0.000687 -0.000742 -5.7e-05 -0.00017 -3e-06 -0.366749 -6.673691
52.718689 369.292322 248.422271 902.73093 147.444438 17.883447 118.133139 -10.578496 118.009305 -20.428896 107.252355 -0.831867 -73.285928 380.329186 -161.64053 1501.101546 -200.268711 2488.085106 -224.788978 3030.289776 -184.745591 2869.032031 -163.011712 2745.644481 598.062863 -3373.655752 -0.07052 -0.000666 -0.268448 -0.604155 -0.28873 -1.221351 -0.927316 -0.848003 -0.256829 -0.763841 -0.29453 -0.969 -0.071247 -0.003696 -0.001854 -0.069184 -0.009646 -0.041277 -0.037245 -0.006595 -0.060995 -0.000158 -0.047271 -0.012462 -0.067502 -0.742005
52.943278 363.586624 248.977046 825.921948 100.060854 8.44885 71.85482 -22.851709 70.643724 -30.676279 65.535236 -2.885418 -72.905312 382.375801 -162.153665 1500.240753 -198.685308 2491.156694 -223.21837 3039.916342 -181.381092 2884.406542 -159.955503 2761.010914 478.417711 -3510.004194 0.000239 -0.022211 0.000309 -1.707264 -4.578008 -1.748192 -5.722548 -2.334436 -6.042878 -1.03792 -5.111613 -0.618715 0.000495 0.002746 -0.000407 -0.000123 0.003142 0.000947 0.002753 0.007633 0.015459 0.020542 0.014461 0.02144 -6.669626 -1.350497
53.366802 366.325421 252.366599 926.942517 79.066811 27.682271 49.237516 -4.00351 48.042492 -9.465969 44.96707 0.500124 -72.994453 391.630524 -161.508548 1525.584157 -196.508896 2523.301046 -222.201751 3082.595277 -180.688105 2926.972616 -158.796244 2799.976506 415.07122 -3269.34477 0.000844 0.005138 0.011458 2.913415 -1.234521 5.54463 -2.13095 7.725447 -2.17183 6.061127 -1.931084 5.788096 -2.7e-05 0.055331 0.000643 0.106136 0.005993 0.103029 0.00116 0.148755 0.000663 0.155892 0.002108 0.136517 -2.248396 4.272919
55.3639 363.953478 239.011122 990.155843 66.438133 56.631747 37.241699 0.631593 35.152183 -0.444992 34.096173 8.7618 -72.275855 398.329254 -159.937034 1555.27771 -193.586901 2518.232356 -218.475089 3035.459087 -178.769208 2881.729067 -158.092115 2770.966304 372.466375 -2953.793798 0.018342 -0.003852 -0.181532 1.042464 -0.549071 5.125752 -0.836031 7.815409 -1.004689 5.806192 -0.75092 5.075286 0.001777 0.028403 0.003842 0.143098 0.010944 -0.002548 0.015758 -0.181582 0.005122 -0.176202 0.000782 -0.075535 -1.15328 8.005326
52.284733 378.840434 255.510511 1070.480285 63.905308 87.848637 32.756818 20.054207 27.944465 8.27436 28.208434 36.667163 -71.602668 400.422243 -151.868915 1559.596459 -189.67411 2502.040236 -212.995117 3045.952377 -175.491173 2864.121324 -155.764228 2756.7794 343.49287 -2564.507588 -0.044047 0.149196 0.275322 1.566135 -0.024611 3.412715 -0.143823 13.567909 -0.413031 12.557072 -0.278817 9.580931 0.001575 0.002742 0.104401 0.002994 0.019974 -0.026113 0.034801 0.009053 0.015166 -0.026979 0.008633 -0.018205 -0.586491 13.74814
53.39598 372.585328 250.051503 1084.604849 64.949994 148.833913 34.890385 46.967644 30.130797 25.45957 30.108618 67.36242 -68.643808 386.005399 -148.061364 1509.571712 -192.90324 2469.943157 -220.892714 3010.945239 -183.431438 2847.162408 -161.775675 2736.826141 362.248958 -2334.151805 0.005843 -0.026035 -0.029474 0.046287 0.004235 7.991874 0.033654 5.64111 0.041168 4.705555 0.030966 4.631619 0.031216 -0.132156 0.024169 -0.407707 -0.013628 -0.103604 -0.071882 -0.101166 -0.08784 -0.025179 -0.056907 -0.036236 0.249279 5.419151
63.070347 360.402058 259.681342 1212.753652 92.88282 239.015269 61.450065 100.024129 54.46598 61.511476 52.822736 117.966898 -61.254073 376.543207 -137.314224 1524.246967 -174.224184 2533.086513 -197.546927 3067.338725 -162.69521 2894.131067 -143.694188 2773.084109 405.430721 -2111.788829 0.4025 -0.101258 0.090971 3.576915 2.491402 10.63 3.7334 9.90935 3.575708 7.824202 3.171224 7.04263 0.210367 -0.058709 0.202438 0.035494 0.475493 0.398483 0.651767 0.261611 0.621705 0.192125 0.535613 0.119299 1.215443 5.564205
62.398646 360.159891 264.125442 1354.388177 101.764251 360.184438 68.573208 203.213965 54.995921 131.466855 56.104656 202.950224 -61.291492 375.698603 -137.755582 1522.189493 -175.560665 2533.396561 -198.437873 3070.094952 -163.234535 2900.201537 -144.072905 2778.168602 407.726985 -1796.710297 -0.001798 -4.1e-05 0.018853 3.910113 0.202728 12.379188 0.195262 18.097428 0.001283 13.125944 0.049452 11.456893 -6e-06 -0.000474 -0.000354 -0.000695 -0.002553 9e-06 -0.001002 0.000619 -0.000446 0.00318 -0.000249 0.002328 0.003242 12.720521
61.803713 364.680967 250.940059 1541.550491 148.626018 524.324022 132.314668 348.243871 121.489444 225.296231 112.176169 302.543159 -61.348015 371.885338 -137.527825 1486.146494 -174.55123 2518.355142 -197.214647 3073.204972 -161.57976 2895.442056 -142.689653 2760.718555 563.285088 -1505.396611 -0.001425 0.0141 -0.168797 6.054408 4.424293 15.36324 10.38075 19.412658 13.005411 12.559734 9.616332 9.908065 -1.3e-05 -0.009725 9.4e-05 -0.215924 0.001455 -0.022393 0.001891 0.000787 0.004215 -0.001954 0.003336 -0.027488 12.541352 12.875027
62.183285 366.368545 189.263396 1707.666454 164.233585 810.652089 162.65545 631.033068 155.044224 435.831861 141.016489 523.506941 -60.763467 371.933386 -138.38634 1484.962448 -173.681203 2513.704851 -194.804664 3070.935356 -158.516581 2894.428002 -139.729742 2755.957173 627.102382 -1083.943818 0.000581 0.001948 -4.342157 4.249111 0.389548 31.067581 1.564584 41.719691 2.043329 34.418349 1.647914 30.101751 0.001399 2e-06 -0.001336 -0.000236 0.001087 -0.002149 0.007408 -0.000419 0.014657 -8.9e-05 0.015511 -0.002055 1.71187 34.529007
66.500869 365.50974 135.157275 1805.67891 171.828106 1045.083826 184.759526 885.391197 187.375406 631.026031 166.525453 711.149969 -57.13589 367.908406 -130.821167 1472.216978 -169.213762 2474.913963 -191.22192 3018.525439 -153.914838 2845.091687 -134.283707 2702.186623 680.936266 -796.32152 0.072452 -0.000504 -4.543664 1.367402 0.085824 14.867221 0.703893 21.484636 1.529768 18.008523 1.059742 14.342287 0.055821 -0.010949 0.106318 -0.027467 0.029103 -0.150819 0.016626 -0.225541 0.033891 -0.212049 0.054125 -0.264865 1.108268 22.128864
69.072531 369.617177 116.618394 1772.242662 165.43702 1488.961703 183.323603 1454.431057 190.339941 1162.766848 168.089903 1215.556646 -55.430667 365.218076 -119.878855 1468.689339 -164.612446 2457.197031 -188.059426 3009.546225 -151.542368 2836.005588 -131.612224 2688.38109 681.556066 -366.906096 0.024393 0.011475 -0.68346 -0.156237 -0.06056 39.178965 -0.002801 70.249207 0.011634 80.624879 0.003657 67.198002 0.012917 -0.004936 0.238914 -0.002116 0.031713 -0.031821 0.013185 -0.006688 0.009214 -0.007266 0.013421 -0.017678 0.000141 82.162919
72.239831 371.806146 126.086749 1646.7624 163.750954 1609.282471 178.221651 1696.996531 174.49493 1422.293536 154.906283 1440.042594 -56.176871 366.251386 -116.609254 1471.532102 -162.259791 2459.449255 -187.81576 2989.551912 -151.174543 2813.532227 -129.380819 2670.521008 650.502915 -234.9915 0.0355 0.003231 0.184759 -2.30339 -0.004318 2.337219 -0.036 9.349003 -0.344242 13.060561 -0.269168 9.505254 -0.002495 0.00073 0.022603 0.001374 0.008467 0.000516 7.9e-05 -0.033319 0.000223 -0.044699 0.009539 -0.029762 -0.362007 14.633383
74.377426 372.911744 125.741564 1632.36107 136.07532 1738.510571 163.791763 1926.116882 154.045678 1664.212807 129.256575 1638.350389 -57.983823 370.319791 -114.077402 1460.30908 -159.305299 2453.128004 -184.220985 2972.591966 -147.789367 2792.068003 -126.04104 2647.801203 603.605243 -145.088247 0.015583 0.000821 -0.000237 -0.031624 -1.28004 2.495096 -0.304541 7.251874 -0.637026 9.495379 -1.159992 6.394061 -0.014301 0.011236 0.013894 -0.021481 0.013573 -0.004067 0.017368 -0.024122 0.019166 -0.041094 0.021836 -0.04853 -0.877182 10.7858
75.603758 386.483688 114.33506 1520.642389 113.275974 1799.188888 122.115625 1999.721673 111.582846 1757.773193 98.049612 1721.322706 -59.720072 382.924206 -117.836227 1438.615255 -159.250686 2400.813761 -182.135811 2890.032292 -145.6111 2705.381089 -124.747659 2564.490987 512.126887 -101.757095 0.005014 0.121289 -0.271126 -1.979856 -1.044513 0.520413 -3.053832 0.690062 -3.415975 1.279255 -2.152399 1.024721 -0.012806 0.105465 -0.030463 -0.081173 5e-06 -0.281921 0.005934 -0.581347 0.008086 -0.683507 0.003335 -0.665833 -3.756457 3.832926
74.930895 395.922294 113.204427 1490.641959 111.376301 1826.647546 119.395891 2038.231988 107.080325 1798.751656 94.403169 1762.470522 -60.17196 385.577439 -119.854709 1415.749049 -159.520682 2391.326953 -183.563207 2881.786662 -145.717928 2706.418061 -124.868984 2565.351462 502.626379 -92.38195 -0.001504 0.056934 -0.002809 -0.149446 -0.008032 0.103974 -0.015314 0.183642 -0.046361 0.236086 -0.034548 0.243011 -0.000852 0.00458 -0.008571 -0.091592 -0.000114 -0.00939 -0.002786 -0.00589 -2e-05 9.9e-05 -2.9e-05 7.2e-05 -0.044475 0.226499
71.558795 395.52941 116.204367 1494.965832 125.946571 1770.662446 132.809463 1937.360825 123.98046 1685.411704 110.623299 1668.185544 -61.867316 382.155604 -128.553454 1361.83008 -164.07917 2333.40977 -186.818398 2803.748028 -145.748149 2624.528316 -125.726794 2488.857434 538.577432 -103.5588 -0.038817 -9.8e-05 0.019616 0.003131 0.447688 -0.435676 0.356954 -1.279888 0.618879 -1.843964 0.642614 -1.295865 -0.011776 -0.007626 -0.152353 -0.523393 -0.032109 -0.354996 -0.014305 -0.535597 -2e-06 -0.629 -0.001468 -0.578891 0.62085 -0.319035
74.029056 390.933953 118.691066 1583.329127 152.59418 1761.558423 168.754446 1864.157053 168.392115 1583.270783 148.927514 1596.006647 -59.476792 377.02266 -128.407859 1367.421224 -159.221052 2219.34033 -179.908492 2673.608562 -140.658424 2470.301604 -120.455668 2346.90544 616.854174 -98.24365 0.020959 -0.013426 0.013163 1.268508 1.2776 -0.011732 2.149899 -0.704888 3.39277 -1.596257 2.842006 -0.798119 0.023549 -0.017353 4.1e-05 0.005727 0.036503 -1.429233 0.065104 -1.546245 0.045228 -2.33485 0.056438 -2.083923 2.654547 0.070008
74.809747 386.86801 127.37015 1573.442153 177.846348 1682.085189 196.956503 1779.221686 194.231979 1481.438374 170.89461 1499.242307 -60.854846 380.506998 -133.51633 1424.392713 -157.714025 2197.820263 -165.96574 2600.831195 -134.895052 2310.909863 -117.942751 2212.627633 652.861076 -91.823652 0.002047 -0.010627 0.153112 -0.015483 0.966294 -0.917173 1.089032 -0.990152 0.92182 -1.692282 0.755301 -1.512904 -0.007891 0.008013 -0.049822 0.581358 0.003583 -0.052422 0.281142 -0.502119 0.060279 -2.657568 0.013244 -1.977663 0.510649 0.108457
73.340485 382.245913 144.163565 1628.498596 203.89994 1593.991828 226.768642 1585.909199 218.593161 1272.242832 191.516779 1324.59808 -68.154553 394.336009 -137.840384 1699.794128 -146.948646 2160.396774 -140.080909 2461.105168 -121.852037 2105.726936 -108.716759 2052.069291 666.856116 -104.442007 -0.007286 -0.013889 0.519805 0.473375 0.890096 -1.184625 1.050051 -5.557079 0.719414 -7.957729 0.587204 -5.405728 -0.206684 0.123416 -0.034454 12.162182 0.190259 -0.160678 1.096609 -1.928816 0.331513 -4.768648 0.187846 -3.023441 0.074208 -0.406051
74.367762 378.913932 152.362852 1681.198901 221.534817 1465.640982 244.354038 1409.000384 240.42742 1095.969101 211.972573 1150.9044 -68.463825 396.409238 -137.301792 1704.55501 -136.626551 2016.117863 -125.585547 2233.243504 -111.186726 1874.648423 -100.855348 1840.471797 678.614683 -103.872508 0.003572 -0.007293 0.113381 0.4196 0.365653 -2.693329 0.328316 -5.229553 0.51959 -6.569426 0.51886 -6.101129 -0.00035 0.002718 0.000527 0.003329 0.187924 -2.492822 0.395745 -5.533415 0.244184 -6.71323 0.147499 -5.755447 0.051382 0.000778
72.845117 374.679442 172.427429 1613.268495 248.232819 1193.13249 273.764463 1096.573192 262.880788 817.093981 235.387759 878.080276 -68.151158 401.328449 -134.387263 1737.826824 -126.960812 1912.446587 -111.311079 2100.090014 -99.424917 1735.919057 -91.352823 1702.546807 685.643921 -171.073481 -0.007875 -0.011897 0.620357 -0.700421 0.759269 -14.002121 0.835399 -19.555033 0.501089 -20.435537 0.613205 -18.426094 0.000358 0.015167 0.015633 0.160796 0.177281 -1.368134 0.430453 -2.046235 0.328681 -2.666194 0.23504 -2.685636 0.018109 -8.338926
76.345599 368.158768 213.821008 1611.414716 280.838683 948.231288 304.207871 772.035467 290.316282 543.913025 262.738165 623.718338 -65.505323 403.085951 -138.840232 1720.449997 -119.530681 1848.684954 -99.214754 1960.199024 -86.419218 1598.356216 -81.014867 1588.14681 693.525057 -277.472454 0.041072 -0.02862 2.224445 -0.000533 1.00568 -14.050395 0.802326 -28.398458 0.680743 -27.698251 0.751426 -21.697576 0.026191 0.00192 -0.036289 -0.043657 0.112011 -0.540507 0.347801 -2.41058 0.455639 -2.838937 0.310295 -1.989142 0.022518 -12.802072
78.599829 366.481957 315.888301 1545.88671 349.774851 677.058359 365.584725 511.476131 323.5916 352.616391 297.424995 429.887642 -63.246039 402.817281 -141.425614 1752.498076 -110.874455 1767.807604 -86.38254 1866.765933 -73.858122 1524.634215 -71.013124 1528.972231 706.641366 -410.811361 0.016399 -0.001914 9.926451 -0.680072 3.779238 -22.781713 2.818081 -26.725676 0.902465 -20.646666 1.074983 -17.982872 0.019824 -4.5e-05 -0.011925 0.147872 0.162663 -0.904463 0.444142 -1.140727 0.492971 -0.87027 0.329358 -0.561728 0.061436 -13.039159
80.711444 349.937678 359.287779 1313.121676 359.789358 436.240288 373.273079 273.33568 318.761773 176.535905 294.285046 246.577193 -60.950296 396.913937 -144.809815 1755.444547 -104.422942 1638.567771 -77.930361 1700.930503 -66.922272 1382.915941 -65.055621 1404.609526 677.795408 -571.252844 0.013995 -0.191054 1.396276 -9.49099 0.070674 -26.357741 0.040003 -37.002541 -0.018158 -30.155488 -0.008331 -25.310512 0.02122 -0.021789 -0.020007 0.001237 0.096683 -2.4526 0.217532 -3.856306 0.170959 -3.455832 0.130481 -2.637226 -0.300548 -13.194434
83.014541 348.87561 422.571553 1002.012148 343.774512 220.745595 341.700871 91.254748 286.870232 52.307664 269.504669 99.223898 -60.741817 391.479084 -147.702861 1742.113428 -94.392397 1485.994844 -63.384955 1478.661002 -56.806839 1198.468184 -57.082468 1240.192312 598.990142 -750.020134 0.016199 -0.000807 2.565306 -20.998805 -0.182292 -36.347109 -0.697432 -48.722237 -0.84026 -36.654279 -0.544852 -32.966629 0.000179 -0.018733 -0.014307 -0.025406 0.25319 -3.727304 0.750563 -7.778395 0.414185 -6.59811 0.260521 -5.115542 -2.434315 -12.149402
82.618788 332.594608 440.021876 847.213021 310.328628 99.019523 293.670741 15.774392 249.425114 4.92688 234.96811 28.017518 -62.361079 367.160057 -158.784076 1745.799334 -84.940619 1343.215875 -53.379996 1274.424202 -49.370271 1011.283903 -48.915745 1072.030928 520.733986 -875.037495 -0.000473 -0.194512 0.176529 -6.490528 -0.855644 -24.075257 -1.81799 -31.147965 -1.30884 -25.127624 -1.183587 -21.789865 -0.01065 -0.389887 -0.200389 0.001948 0.249252 -3.605039 0.429425 -7.586075 0.260746 -7.942302 0.315074 -6.123056 -2.737961 -4.815994
76.791899 314.357466 422.837968 706.923427 257.270042 22.732309 234.819207 -4.417769 203.284537 -10.294464 191.096328 0.016462 -64.295189 366.342648 -171.517127 1734.278173 -79.647111 1289.828302 -47.166256 1229.659026 -43.784264 969.7083 -44.146123 1026.712663 435.755462 -1179.828957 -0.10653 -0.257097 -0.171126 -6.344818 -2.485375 -26.863637 -3.287014 -36.887984 -2.357483 -29.46488 -2.264754 -26.675719 -0.014768 -0.000455 -0.24552 -0.019071 0.085148 -0.541299 0.192188 -0.400163 0.167633 -0.436327 0.122307 -0.489337 -3.782402 -22.730064
72.661432 287.763409 401.698099 543.354072 213.76863 2.493232 172.934272 -26.001291 145.26032 -33.52156 141.736467 -6.246315 -66.129937 363.135672 -176.113614 1729.861776 -69.624832 1228.231153 -36.510598 1211.614045 -33.839177 946.29315 -35.988238 994.45949 319.320604 -1336.023762 -0.057088 -0.587581 -0.271042 -10.745777 -2.013025 -10.168726 -4.723512 -8.98379 -4.863744 -6.663017 -3.680439 -6.904105 -0.012906 -0.007049 -0.030389 -0.002815 0.336833 -0.753512 0.681235 -0.066692 0.639717 -0.143082 0.416328 -0.257359 -9.031302 -4.853299
64.114943 292.081859 395.923421 464.587022 169.288048 0.001926 122.451116 -42.312357 99.992418 -42.850716 100.012327 -9.680187 -72.50178 376.575073 -187.453006 1716.212121 -53.210511 1150.699269 -21.419539 1089.764874 -19.504907 844.159131 -22.863678 910.514194 207.822696 -1267.392934 -0.267275 0.016081 -0.020904 -3.082397 -2.59131 -2.356572 -4.345909 -1.975849 -4.213898 -0.571937 -3.627868 -0.374589 -0.14651 0.122097 -0.176877 -0.027033 1.101652 -1.263759 2.000174 -3.227987 1.961986 -2.915425 1.482116 -1.850481 -11.926574 0.904774
60.488257 281.20159 375.574244 320.938523 109.265846 -2.023864 63.586986 -47.848267 49.363361 -45.701001 53.694877 -13.157199 -76.436454 373.809792 -176.401576 1758.939657 -49.877864 1113.710266 -20.677756 1040.605929 -19.860651 792.487501 -22.417449 857.159123 131.846324 -1218.806272 -0.05279 -0.103257 -0.268414 -13.246133 -6.543587 -2.150651 -9.558104 -0.170114 -8.842978 -0.045884 -7.144595 -0.266241 -0.051982 -0.005095 0.167872 0.262681 0.053883 -0.302127 0.006536 -0.567254 -0.001607 -0.815883 0.002199 -0.805412 -8.606135 0.474799
56.849435 265.311188 355.813386 286.589649 73.254143 -1.346448 35.009628 -38.589506 25.075707 -33.50893 29.205809 -7.750094 -79.33798 373.768537 -178.575524 1762.490415 -42.630376 1044.855503 -14.853803 950.829737 -14.841423 713.806275 -17.841441 782.051241 78.499987 -1056.629832 -0.056436 -0.231063 -0.267001 -0.971798 -3.587869 0.068781 -4.232283 0.497306 -4.073702 0.943932 -3.699617 0.711301 -0.027025 -1e-06 -0.006657 0.00179 0.284336 -1.098457 0.48055 -2.024636 0.364903 -2.05636 0.26091 -1.721609 -6.877053 5.786733
65.819218 247.968065 343.626329 289.800188 60.26058 0.123016 25.204605 -19.577708 17.779585 -15.57113 22.011034 -1.07853 -71.900906 371.849591 -165.328787 1730.216422 -33.365895 999.46683 -9.660965 901.124447 -9.095489 677.965183 -11.559702 743.525862 52.30844 -899.027765 0.328384 -0.293086 -0.106182 0.008942 -0.633767 2.283428 -0.803667 3.194709 -0.62565 3.395406 -0.507867 3.046337 0.182967 -0.002469 0.255218 -0.149115 0.566817 -0.503929 0.556298 -0.66715 0.699873 -0.461569 0.678905 -0.486518 -2.648966 6.360743
71.855578 263.703261 350.082253 352.633404 50.729776 2.822511 17.96277 -14.715502 13.983393 -4.966212 17.379386 0.483799 -65.95154 388.400981 -154.868526 1769.554533 -19.987292 919.053784 -3.72188 742.046294 -3.200257 581.161542 -4.465158 669.583752 30.562804 -693.573953 0.132396 0.242006 0.030041 3.080085 -0.409965 1.76703 -0.611787 0.34644 -0.227669 2.9499 -0.27325 3.007031 0.12844 0.180191 0.170904 0.221091 1.70461 -1.685961 1.390022 -7.718441 1.505398 -3.726723 1.65602 -1.935867 -2.903936 13.3079
71.673902 260.539205 336.819711 357.741282 45.440227 16.479004 15.055534 0.014269 11.248943 2.135486 15.264168 17.759937 -65.89937 386.838819 -148.808973 1757.738707 -17.78426 773.238712 -3.160523 580.95637 -2.823056 460.54425 -3.892036 551.58899 25.342563 -399.958588 -0.000115 -0.009548 -0.128047 0.018364 -0.145578 5.661549 -0.128239 15.646226 -0.148605 13.614845 -0.068602 12.381233 1e-05 -0.001574 0.060462 -0.019791 0.064301 -6.293725 0.022932 -9.843844 0.011822 -7.006596 0.019675 -5.713939 -0.244257 40.155384
67.308765 261.835357 339.032032 389.990363 45.339393 41.62048 15.004581 5.962575 11.244086 10.107578 15.241285 35.590101 -67.798514 379.223724 -152.356378 1689.404258 -18.583242 696.668206 -3.768863 507.370482 -3.422533 400.622884 -4.370584 489.196858 27.073594 -283.461817 -0.068567 0.001608 0.003621 0.695762 -5.6e-05 5.721471 -4.3e-05 5.393478 -1e-06 2.95122 -9e-06 3.067717 -0.013489 -0.03785 -0.020893 -0.677381 -0.008778 -1.995713 -0.026755 -2.49056 -0.028837 -2.087241 -0.01387 -1.871798 0.028591 10.002294
62.764454 258.801064 335.968755 421.697839 35.568538 60.510302 8.84358 13.423217 6.161803 18.91141 9.936819 51.094317 -69.206396 371.404742 -160.013554 1671.28349 -28.644185 667.617238 -10.70497 473.949594 -9.358665 378.955412 -10.125142 467.50189 30.708128 -228.555498 -0.079406 -0.008842 -0.006951 0.619541 -0.592156 1.762105 -0.809566 1.493119 -0.758505 1.367691 -0.565108 1.397798 -0.007234 -0.040725 -0.093865 -0.048854 -1.084093 -0.309339 -1.770201 -0.569274 -1.462127 -0.301169 -1.191173 -0.246019 0.114421 2.95246
65.867729 251.188635 348.085831 448.562898 41.442459 91.812287 11.918341 35.454343 8.263604 41.554924 12.616293 83.87956 -64.508238 364.137656 -162.61866 1639.042272 -27.947995 640.348603 -10.063331 434.663711 -8.630352 348.502084 -9.348712 443.190842 33.783931 -149.374831 0.037439 -0.056817 0.107327 0.414763 0.22434 3.250939 0.228942 5.246776 0.153939 4.399866 0.159736 4.04231 0.082562 -0.0359 -0.010518 -0.157012 0.004282 -0.284281 0.009914 -0.849703 0.014749 -0.637709 0.015484 -0.324551 0.073388 8.387699
68.223017 252.599491 350.812217 497.551972 43.360092 103.48069 12.941284 41.201342 8.950038 43.494505 13.547224 86.912734 -62.996713 365.369818 -163.196232 1632.264624 -29.259788 650.225657 -10.593342 456.438979 -9.13344 358.623989 -9.888122 449.516252 36.166026 -152.333203 0.020687 0.001976 0.005318 1.269159 0.021684 0.348895 0.021055 0.215734 0.013692 0.022119 0.016567 0.026936 0.00896 0.001041 -0.000512 -0.007021 -0.015042 0.037796 -0.006801 0.266093 -0.007125 0.072447 -0.007564 0.02241 0.040572 -0.014504
71.649632 258.44161 358.244715 505.12213 48.93509 107.600506 16.881197 43.90699 11.613752 45.680513 16.364466 90.796143 -60.604994 372.580669 -161.859457 1637.868389 -28.458125 662.207307 -10.431723 459.70699 -9.046785 360.992233 -9.500275 455.723153 41.160989 -149.843539 0.041979 0.033394 0.038956 0.028578 0.16853 0.040208 0.261401 0.043018 0.173251 0.026798 0.132967 0.042436 0.023142 0.035231 0.002749 0.004801 0.005568 0.054693 0.000621 0.005829 0.000207 0.003897 0.00388 0.021279 0.161494 0.010256
72.914931 256.244808 359.00561 551.919899 52.306931 107.156605 19.221304 40.688458 13.209096 40.954463 17.715805 85.44877 -59.876969 366.87567 -160.125087 1643.247258 -28.373227 691.441226 -10.341112 482.853089 -9.163728 373.30066 -9.521248 472.770925 44.376873 -166.963165 0.005537 -0.004688 0.000404 1.036433 0.056165 -0.000459 0.075921 -0.061249 0.051319 -0.129002 0.026802 -0.08114 0.0022 -0.022008 0.004671 0.004409 6.3e-05 0.31571 0.000198 0.284238 -0.000375 0.103166 -1.2e-05 0.156517 0.060474 -0.462894
72.196726 256.164858 360.748736 524.352206 46.762521 95.950542 15.449815 34.632004 10.470068 37.307766 14.701386 79.22873 -62.496053 365.952528 -166.875376 1696.349966 -30.105054 752.240564 -10.907882 557.634779 -9.575987 429.205798 -10.310218 525.287013 40.072162 -213.430895 -0.001777 -6e-06 0.002111 -0.353118 -0.155268 -0.309373 -0.20574 -0.243892 -0.158949 -0.085007 -0.140457 -0.117511 -0.028031 -0.000581 -0.069681 0.422218 -0.02565 1.280822 -0.00756 2.690825 -0.004535 1.949633 -0.0157 1.382611 -0.109786 -2.848843
73.993417 247.803744 372.783589 532.589432 45.048605 105.023203 12.759071 47.733099 7.956838 46.449849 12.756133 90.129089 -60.14829 359.38766 -171.180147 1635.989918 -30.325127 744.087664 -11.338621 563.371384 -9.271345 435.627564 -10.086545 531.711368 34.406146 -197.579015 0.011041 -0.069362 0.098733 0.032099 -0.015999 0.20489 -0.128623 1.048613 -0.172193 0.500421 -0.068993 0.351153 0.022474 -0.029709 -0.027409 -0.546708 -0.000401 -0.022211 -0.00417 0.014678 0.002462 0.023843 0.001226 0.019524 -0.215837 0.305802
70.48085 252.821071 380.380741 520.749016 41.625422 109.319902 10.232585 48.924729 6.107682 49.812322 10.675192 96.396715 -64.537108 367.838726 -176.711483 1648.869949 -31.628295 716.725936 -12.412398 533.832485 -10.418732 414.647219 -11.259481 511.570159 32.480636 -177.025787 -0.042706 0.025143 0.038317 -0.06655 -0.067626 0.04307 -0.139236 0.007346 -0.12209 0.058744 -0.092587 0.105332 -0.077265 0.049106 -0.043976 0.025252 -0.013707 -0.256272 -0.024285 -0.397695 -0.033459 -0.258882 -0.03225 -0.194438 -0.027721 0.564266
70.837534 248.357734 380.950691 514.554208 44.007543 117.210225 12.102307 58.437672 7.370402 59.313259 12.123134 107.974737 -64.1316 362.360823 -177.528379 1634.544209 -31.845985 706.886344 -12.29974 524.479897 -10.44006 405.977697 -11.314269 505.522953 35.354401 -154.93722 0.00045 -0.019875 0.000213 -0.018534 0.033139 0.137457 0.078398 0.422282 0.059281 0.414383 0.046027 0.328222 0.000639 -0.020548 -0.000942 -0.031252 -0.000373 -0.034005 0.000257 -0.041326 -1.1e-05 -0.045796 -6.6e-05 -0.017977 0.060899 0.735693
71.166906 245.058466 388.328742 529.031482 49.671096 135.301377 15.022457 71.636111 8.944279 70.599044 14.402235 122.814215 -63.89192 357.953258 -176.66458 1624.67205 -33.648296 693.675126 -13.483327 506.965168 -11.535842 391.728787 -12.409605 489.696168 40.795613 -129.727904 0.000382 -0.011031 0.035382 0.100424 0.171358 0.648903 0.157644 0.671348 0.076093 0.49114 0.098093 0.477575 0.000224 -0.013485 0.001053 -0.014951 -0.024803 -0.062311 -0.027181 -0.148717 -0.027336 -0.12727 -0.025299 -0.125853 0.194647 1.118438
69.226926 250.364568 385.062574 547.213099 53.324922 136.103098 18.009409 70.306245 11.785332 70.03398 17.26604 123.067434 -66.779724 361.332849 -184.291618 1629.808198 -36.77384 694.931496 -15.287371 500.426775 -13.661478 386.517612 -14.674408 485.190536 50.824364 -127.496176 -0.013404 0.028416 -0.006897 0.153587 0.064831 0.001184 0.135327 -0.00623 0.19561 -0.001135 0.129755 0.00013 -0.031914 0.00794 -0.080589 0.004053 -0.069395 0.000568 -0.056616 -0.021219 -0.089819 -0.017447 -0.094859 -0.010412 0.550529 0.009682
72.696443 252.292038 385.893571 585.434754 52.713452 138.407832 17.016822 71.247558 10.925882 70.490083 16.157305 124.060412 -68.786798 360.836308 -183.514353 1634.400709 -36.511714 727.7364 -15.122563 534.864609 -13.123104 410.064434 -14.243205 510.474848 47.997388 -140.522306 0.042415 0.003696 0.000448 0.645086 -0.001763 0.009675 -0.014067 0.00313 -0.016268 0.00074 -0.018395 0.001995 -0.014858 -0.000171 0.000821 0.003231 0.000469 0.37827 0.000447 0.572927 0.005411 0.348096 0.003215 0.321092 -0.040444 -0.316733
69.999492 247.083432 374.914497 627.313829 44.582073 134.567909 12.151936 63.2308 7.518801 61.61055 11.83316 113.425197 -72.773151 358.168512 -189.375752 1661.567838 -40.426029 787.914265 -17.677743 595.25036 -15.854817 456.243467 -17.006644 554.485405 45.210212 -182.536788 -0.025488 -0.027164 -0.079223 0.723307 -0.340381 -0.027009 -0.408554 -0.239167 -0.317407 -0.29877 -0.336028 -0.238256 -0.056139 -0.004949 -0.04607 0.111965 -0.099638 1.195132 -0.099677 1.614458 -0.129045 1.231675 -0.122426 0.909779 -0.041682 -2.743685
77.234052 238.838467 376.158732 694.884437 49.031913 128.130545 15.184444 53.384177 10.700836 51.979822 14.767874 98.69186 -66.914763 347.587812 -182.365059 1730.311877 -44.138203 921.75592 -19.615096 753.552799 -18.648177 571.642683 -19.70654 661.060423 57.601523 -278.868187 0.177848 -0.069954 0.001031 1.727718 0.105819 -0.078885 0.168723 -0.416453 0.280021 -0.409006 0.162379 -0.512297 0.122902 -0.079317 0.066114 0.696698 -0.081517 5.246953 -0.050357 9.321804 -0.113261 6.498389 -0.09941 4.681085 0.749459 -10.167994
79.331397 235.752272 353.670066 688.811417 45.073852 83.377736 13.143517 13.623567 10.167728 10.453748 13.596037 40.182772 -62.402225 341.684289 -175.855368 1717.33458 -42.492721 968.685582 -19.186538 843.486988 -17.230641 641.293677 -18.298336 716.215397 53.87073 -487.992455 0.014049 -0.010035 -0.346561 -0.013327 -0.083274 -4.788812 -0.073616 -13.071377 -0.00681 -15.812375 -0.024217 -12.926825 0.078757 -0.025282 0.059153 -0.024424 0.015629 0.582597 0.002367 2.534245 0.028014 2.001452 0.026098 1.104823 -0.062449 -29.065084
74.667423 256.89995 311.843634 754.681464 57.85037 66.69293 22.956199 5.755711 17.903151 2.058429 21.428313 20.894951 -61.641877 357.585892 -174.092822 1710.548138 -62.125157 1191.382184 -35.087578 1177.40554 -30.639662 913.921859 -32.100411 956.582251 95.384953 -829.23369 -0.070642 0.454104 -1.315661 1.503687 0.796087 -0.93039 1.359239 -1.669019 1.086856 -3.234613 0.886972 -3.12543 0.00233 0.180827 0.004439 -0.006718 -1.858607 11.510348 -2.381567 27.778128 -1.916369 24.082218 -1.92673 17.359414 5.889619 -44.968649
70.645127 288.021704 295.408517 932.547794 67.651114 74.45607 34.783859 5.874282 29.693517 1.120292 29.969518 18.481029 -64.513743 375.233618 -180.850707 1732.351144 -70.984196 1467.604632 -41.842825 1558.413853 -35.10661 1239.665189 -37.12492 1255.62455 129.373768 -1166.25262 -0.05568 0.889444 -0.222447 9.401455 0.383268 0.213647 1.22439 0.000604 1.483437 -0.14159 0.71465 -0.074062 -0.032693 0.212527 -0.064339 0.069037 -0.295132 14.38627 -0.297163 26.660775 -0.151923 24.777884 -0.182585 20.305199 2.584818 -28.665562
72.339971 333.293603 267.624337 1071.515191 70.043433 86.023493 39.901422 7.244468 36.992081 1.197465 35.261041 19.34158 -63.365548 401.584857 -186.968412 1746.906513 -86.49254 1774.063581 -59.290309 2009.084483 -45.161852 1667.320936 -47.105323 1648.307393 163.900637 -1579.152655 0.010045 1.651555 -0.685956 4.824002 0.020784 0.417435 0.175538 0.071751 0.400608 0.001285 0.214979 0.009791 0.005155 0.447072 -0.050879 0.030446 -0.765493 14.518431 -1.516388 28.580371 -0.632301 31.628948 -0.593377 26.672672 2.039496 -31.227004
70.30612 381.350527 224.655218 1154.73519 70.519587 97.055524 43.904047 8.26297 44.14949 2.232586 39.80453 22.921357 -62.572364 434.871635 -181.843123 1807.070444 -105.28627 2035.694532 -85.432435 2327.574355 -66.157375 1980.012288 -65.881468 1939.097989 218.395982 -1849.270468 -0.0145 1.617648 -1.878887 1.555977 0.000806 0.332688 0.095639 0.033483 0.31629 0.159917 0.137628 0.151881 0.002498 0.662586 0.035614 0.509283 -0.923085 8.994226 -2.380685 11.710968 -1.997874 13.428469 -1.571032 11.804984 3.904016 -10.657555
65.135451 391.103617 199.740352 1295.232354 67.826835 125.237415 45.150076 16.183503 45.75864 6.468028 40.640889 34.948519 -61.558045 461.103336 -161.008915 1909.269807 -108.236946 2211.601731 -93.55014 2526.163457 -74.334509 2202.049683 -70.967022 2151.280759 236.736983 -1969.830305 -0.098735 0.061574 -0.731966 4.031831 -0.026208 1.793661 0.008718 1.318671 0.014401 1.100501 0.004348 1.263605 0.004144 0.384079 0.633605 1.405507 -0.020389 3.644274 -0.184183 4.064306 -0.238171 5.898454 -0.094527 5.507052 0.369704 -1.903367
63.220018 409.562296 161.299851 1435.409492 61.759861 147.40724 41.858094 18.357767 43.127581 9.949675 38.25929 42.158265 -59.974881 460.89851 -160.844231 1743.724164 -144.583822 2235.647119 -145.448021 2641.241908 -111.688144 2387.931178 -101.843755 2309.867294 293.622634 -2089.600852 -0.014293 0.212803 -2.052242 3.600361 -0.142099 0.902853 -0.062299 0.068499 -0.038949 0.373417 -0.035952 0.337808 0.010312 -2.3e-05 4.2e-05 -3.75301 -2.626353 0.065005 -5.702788 1.281561 -3.78892 3.765387 -2.780803 2.819637 3.059564 -1.767256
59.895604 403.913942 142.098387 1407.892215 50.582994 149.394573 36.243708 19.044017 39.918479 10.580522 34.085489 43.752166 -59.828366 442.410447 -161.603097 1647.772394 -168.936223 2388.581621 -177.46358 2859.673952 -136.415532 2648.210212 -123.999773 2544.578291 323.921281 -2324.010523 -0.044892 -0.01961 -0.608221 -0.133158 -0.55737 0.006653 -0.202058 0.006296 -0.062027 0.009695 -0.1205 0.014787 9e-05 -0.189218 -0.000893 -1.357599 -0.947207 2.52965 -1.591035 4.338494 -1.23531 6.730398 -1.089418 5.677423 0.743721 -6.229218
55.205285 401.268449 104.967807 1438.104484 38.185958 152.545994 27.245776 20.149263 33.442958 12.428499 28.193146 45.771926 -60.70596 413.753673 -160.862525 1524.373911 -173.168167 2475.345573 -193.317882 2992.307861 -148.939734 2865.812854 -132.075015 2738.057188 323.534883 -2500.788035 -0.095604 -0.004346 -2.806037 0.160367 -0.869917 0.016446 -0.640842 0.015587 -0.286352 0.07433 -0.279372 0.022787 -0.003195 -0.479722 0.00085 -2.401048 -0.026176 0.77392 -0.339113 1.503253 -0.274975 4.295354 -0.127357 3.544315 -0.000115 -3.239595
56.441476 400.703895 106.883291 1411.885928 31.876198 163.936847 21.600967 28.271277 27.442041 20.308221 23.065048 58.164082 -61.436889 411.373499 -153.820718 1520.641808 -179.473201 2556.12154 -202.217026 3081.489237 -154.169765 2980.782379 -136.556541 2838.969314 311.699975 -2509.015866 0.006844 -0.000199 0.00866 -0.120602 -0.284705 0.205056 -0.327258 0.686049 -0.296451 0.962472 -0.257164 0.741395 -0.002187 -0.003433 0.078799 -0.002287 -0.05637 0.648437 -0.100124 0.654759 -0.045124 1.13051 -0.037385 0.913039 -0.110256 -0.006756
52.546844 402.483468 96.613159 1458.327557 25.366603 172.46273 15.854817 33.198468 21.242503 22.8101 17.528372 61.876974 -65.967273 410.885542 -157.140417 1538.283387 -194.412779 2589.720683 -221.895327 3127.894605 -171.732721 3024.715257 -151.407535 2884.13781 313.773117 -2522.19096 -0.069608 0.001971 -0.259324 0.37575 -0.371337 0.10806 -0.443387 0.197791 -0.396341 0.072645 -0.379356 0.057434 -0.080574 -0.000145 -0.01772 0.050872 -0.298594 0.109692 -0.456771 0.173406 -0.47358 0.160696 -0.383206 0.178245 0.003436 -0.017251
51.886569 404.633788 92.703164 1463.88001 22.949831 185.901904 13.029583 41.747511 18.075489 30.644183 15.297603 72.929157 -66.388538 411.758994 -158.320026 1556.458655 -187.015604 2596.085442 -208.044531 3136.956563 -159.48214 3002.249849 -142.768838 2861.747581 284.939519 -2426.259075 -0.002087 0.002864 -0.040381 0.005275 -0.060481 0.252083 -0.138503 0.489189 -0.127757 0.577185 -0.075886 0.453825 -0.00067 0.000464 -0.002205 0.053372 0.071735 0.003906 0.223164 0.006554 0.226632 -0.04187 0.126868 -0.043625 -0.694706 0.929967
50.794113 412.231858 85.261348 1463.878299 20.33927 183.52477 11.031482 40.76813 16.078935 29.874199 13.472277 71.187272 -71.430632 410.374509 -169.124531 1552.66761 -189.538195 2579.326216 -211.400991 3111.675659 -157.325996 2959.363564 -141.190592 2813.216077 273.995876 -2394.566032 -0.005812 0.035337 -0.155663 -0.0 -0.078787 -0.007648 -0.083108 -0.005812 -0.058406 -0.004898 -0.057963 -0.010527 -0.092263 -0.001166 -0.178304 -0.002311 -0.00845 -0.027135 -0.01343 -0.051141 0.007337 -0.154258 0.004386 -0.207521 -0.107145 0.104179
49.475699 415.261347 81.661551 1470.417546 19.028076 179.234725 10.051744 37.633877 15.014973 26.80039 12.465373 66.720581 -73.607335 402.52849 -172.29972 1535.070542 -189.189931 2548.10801 -207.592133 3068.343502 -154.694633 2918.620319 -139.293109 2778.618506 266.099142 -2386.063358 -0.008668 0.005546 -0.03882 0.007287 -0.021842 -0.025368 -0.022777 -0.062674 -0.018209 -0.083417 -0.019551 -0.072355 -0.016335 -0.037865 -0.014765 -0.050143 0.00016 -0.095036 0.017313 -0.151917 0.011096 -0.141208 0.006418 -0.107031 -0.057732 0.007561
51.615663 430.892832 73.623546 1552.193452 17.284521 196.102446 9.246588 45.075372 14.83527 34.488496 12.186431 78.033157 -69.048854 398.344778 -167.596002 1527.412481 -185.321897 2610.080207 -204.792458 3148.92583 -150.772399 3034.27059 -134.972113 2886.344374 260.196236 -2421.77399 0.022653 0.144397 -0.208175 1.106415 -0.041883 0.379211 -0.016803 0.335442 -0.000541 0.484112 -0.001578 0.442719 0.07285 -0.010928 0.032548 -0.009575 0.019975 0.372291 0.009504 0.522238 0.025182 1.123509 0.03404 1.024359 -0.033104 -0.132624
51.667491 439.99912 58.923254 1566.241375 13.842062 193.350536 7.366681 44.637768 14.298506 36.912985 11.561688 78.69302 -71.668856 390.834257 -169.184765 1532.595996 -189.26479 2620.542499 -213.098125 3148.389024 -159.719789 3050.428354 -141.493883 2901.418063 269.59558 -2416.221628 1.3e-05 0.04761 -0.817701 0.031642 -0.190946 -0.009723 -0.106705 -0.001067 -0.004945 0.041175 -0.008219 0.001389 -0.024393 -0.035739 -0.003748 0.00439 -0.020752 0.010463 -0.082547 -2.3e-05 -0.128944 0.021453 -0.076934 0.019629 0.083386 0.003186
52.629229 445.489539 55.256714 1576.471707 10.732114 210.423309 5.044375 55.156603 11.305168 46.011894 9.053456 88.062454 -73.869444 387.625081 -166.536067 1518.064547 -192.629237 2640.653335 -220.712476 3177.374361 -167.757312 3098.045436 -147.395951 2941.044831 266.160692 -2388.949555 0.004434 0.017022 -0.058885 0.016651 -0.197582 0.361106 -0.219206 0.555918 -0.175578 0.500699 -0.153157 0.263427 -0.016638 -0.006615 0.010449 -0.03461 -0.014821 0.038437 -0.06683 0.066407 -0.09865 0.184389 -0.060296 0.134387 -0.011011 0.077393
62.30475 429.84476 38.918985 1638.058841 6.842584 244.969273 2.186242 80.100597 8.551143 61.849221 6.779397 105.427596 -72.852596 373.678084 -169.426973 1518.76005 -185.55509 2661.781957 -211.834268 3218.175813 -158.139258 3131.56191 -137.149508 2964.794963 240.236885 -2313.218733 0.407983 -0.13982 -1.427972 0.590028 -0.435808 1.312215 -0.588863 2.319969 -0.191916 1.169038 -0.164162 0.78081 0.003524 -0.127765 -0.012438 8e-05 0.066169 0.042096 0.091124 0.130151 0.141958 0.090163 0.184546 0.047755 -0.663989 0.609881
54.607408 409.737825 28.380466 1638.413238 2.22384 315.93661 0.118736 143.247333 2.198633 102.704048 1.189859 151.3848 -89.671829 357.111025 -201.556864 1479.486925 -206.093773 2636.55842 -231.124386 3211.436675 -169.232913 3100.4656 -148.184541 2918.924143 210.010352 -2074.576951 -0.253667 -0.240802 -0.830242 1.9e-05 -1.264677 4.507602 -1.285988 9.112574 -2.077792 5.152324 -2.28893 4.145536 -0.872632 -0.187813 -1.39396 -0.257224 -0.538911 -0.060041 -0.420226 -0.003532 -0.188019 -0.077582 -0.213465 -0.178812 -1.015748 6.494386
62.103642 394.246887 36.977582 1646.177834 2.80436 317.919504 0.319904 143.963679 2.389678 98.753274 1.217126 150.478472 -75.073934 344.81446 -183.98079 1446.979717 -183.213621 2533.847942 -204.57424 3098.027687 -144.934 2979.847681 -126.26069 2814.162368 184.544404 -1993.668305 0.240987 -0.149251 0.567894 0.009178 0.033624 0.003102 0.04885 0.000893 0.003979 -0.038743 0.000154 -0.001361 0.648024 -0.107716 0.400842 -0.180551 0.672931 -1.020276 0.809695 -1.019313 0.941097 -1.196494 0.877087 -0.957246 -0.822688 0.804629
66.812947 382.674819 41.326583 1694.849358 0.925561 341.261889 -0.92375 162.340624 0.18963 110.90248 0.143737 165.116525 -70.945633 331.764806 -174.456588 1451.782575 -169.753292 2550.422881 -189.245848 3120.608226 -133.236096 2994.053783 -116.114752 2820.920816 143.478705 -1952.484156 0.086044 -0.086186 0.120865 0.354538 -0.507744 0.41342 -2.330872 0.551766 -1.232972 0.352309 -0.524331 0.339657 0.05837 -0.125861 0.126558 0.003979 0.256747 0.027018 0.298421 0.040996 0.246075 0.016891 0.21245 0.004053 -2.58069 0.214916
68.968393 381.892024 43.949201 1674.083963 0.02667 361.250371 -3.839826 186.692754 -0.596917 122.701122 -0.456078 177.873495 -71.327449 327.365828 -166.453005 1442.78789 -161.640303 2542.35939 -180.741309 3116.837196 -125.954665 2988.135559 -109.258806 2815.244016 109.209779 -1899.808052 0.017109 -0.000401 0.040338 -0.063997 -0.638001 0.284422 -0.996859 0.850563 -1.459433 0.298148 -1.111892 0.23732 -0.000512 -0.014679 0.093964 -0.013975 0.099324 -0.006384 0.097756 -0.00114 0.102299 -0.002927 0.104304 -0.002859 -2.334513 0.360162
69.879409 377.428593 39.285665 1634.589874 -0.342509 318.250695 -8.132078 146.901577 -1.975987 99.804432 -1.640363 150.436762 -75.025654 322.442198 -168.396988 1437.618776 -157.885188 2527.88453 -175.915919 3096.966978 -121.483269 2967.803139 -105.385311 2793.981344 92.472203 -1979.122559 0.002989 -0.013119 -0.130748 -0.23572 -0.560333 -1.361901 -0.7959 -2.38165 -0.400808 -1.181215 -0.366547 -1.148446 -0.046733 -0.018654 -0.005643 -0.004638 0.022066 -0.020662 0.032644 -0.03177 0.040404 -0.034706 0.034954 -0.0403 -0.695725 -0.810977
64.210145 389.286373 29.59123 1555.321079 -2.2967 300.47683 -15.395018 144.289335 -6.045399 96.084087 -5.313016 143.813533 -84.472353 335.651999 -181.947466 1459.945007 -169.136623 2596.079216 -189.327361 3170.540329 -132.060973 3047.731153 -115.108307 2872.304286 81.595797 -2061.524216 -0.119901 0.0917 -0.68566 -0.985061 -0.865353 -0.255343 -1.149117 -0.011717 -1.108896 -0.035332 -1.04905 -0.07455 -0.279999 0.132592 -0.262148 0.086015 -0.193614 0.453821 -0.246312 0.431848 -0.220744 0.531023 -0.214479 0.54134 -0.340131 -0.840303
59.536749 388.502422 25.638348 1560.434556 -2.585729 305.264967 -14.21755 148.045444 -5.588133 99.254625 -4.974551 148.721697 -78.902013 346.99871 -168.302405 1509.050116 -164.559454 2630.060147 -185.521315 3215.506991 -130.298931 3079.160005 -113.771521 2902.044323 81.91938 -2072.754877 -0.088279 -0.000395 -0.141639 0.004196 -0.008562 0.018924 0.023419 0.024131 0.00899 0.025732 0.005569 0.041178 0.09499 0.094306 0.265894 0.40611 0.031393 0.110475 0.019323 0.158316 0.005917 0.08061 0.003904 0.076587 0.00032 -0.015254
58.799054 389.969175 20.788379 1540.946887 -3.015984 297.670672 -14.485303 143.039421 -5.47771 96.214333 -5.142979 144.218354 -80.436278 350.985894 -166.464387 1519.840492 -164.346426 2640.536026 -185.155107 3219.542176 -132.198207 3081.017431 -115.547863 2904.564495 83.856089 -2088.309292 -0.002299 0.001382 -0.254021 -0.061226 -0.016548 -0.047829 -0.001249 -0.04305 0.000551 -0.023646 -0.001402 -0.034617 -0.007387 0.011388 0.005046 0.01922 6.9e-05 0.010411 0.000181 0.001265 -0.006871 0.00028 -0.00688 0.000547 0.011313 -0.029072
60.698669 389.859659 21.322025 1533.288635 -2.923154 289.909581 -14.45091 138.469653 -5.436607 92.46842 -5.115077 137.850251 -80.493595 343.796615 -167.074936 1487.425491 -164.722204 2600.934851 -186.577573 3175.394904 -132.488599 3047.346499 -115.561318 2870.047216 84.248826 -2078.149594 0.0151 -8e-06 0.003381 -0.009539 0.000726 -0.051259 2e-05 -0.037093 7.7e-05 -0.037187 3.8e-05 -0.071894 -1e-05 -0.037197 -0.000559 -0.174704 -0.000215 -0.149603 -0.002722 -0.152387 -0.000159 -0.092499 -0.0 -0.103163 0.000459 0.012387
62.978501 390.056694 22.143363 1524.083845 -2.594112 281.113539 -13.739777 128.870941 -4.861325 87.529123 -4.505413 132.544039 -78.067596 343.385944 -167.461996 1466.19713 -162.087335 2598.562525 -182.824311 3175.587028 -127.993956 3054.187006 -111.881171 2872.422162 82.966594 -2107.63623 0.021015 2.5e-05 0.007761 -0.013856 0.009821 -0.067751 0.008971 -0.172374 0.016081 -0.067782 0.019337 -0.05207 0.01856 -0.000123 -0.000224 -0.076288 0.010622 -0.000541 0.019068 3e-06 0.038781 0.003834 0.029775 0.000491 -0.004916 -0.10386
63.130431 387.002843 21.944279 1514.84181 -2.605645 270.392218 -14.139379 120.008759 -4.94149 79.935152 -4.529775 123.360235 -77.868968 340.561239 -169.027496 1422.717519 -162.05114 2584.321606 -182.469955 3150.084887 -127.630681 3028.188091 -111.50164 2848.519661 82.345256 -2124.134066 9.2e-05 -0.006001 -0.000449 -0.014054 -1.3e-05 -0.104222 -0.002864 -0.157834 -0.000328 -0.17227 -3.3e-05 -0.164846 0.000127 -0.005833 -0.003642 -0.327213 2e-06 -0.019565 0.000172 -0.051407 0.000258 -0.055566 0.000322 -0.049933 -0.001168 -0.032159
58.854736 386.638203 18.144939 1532.267817 -3.414015 258.143405 -14.974927 110.809035 -5.16295 73.675901 -5.103409 116.128336 -79.781696 339.357131 -172.173387 1451.866379 -168.141837 2581.287422 -189.004856 3144.154205 -134.248483 3029.998748 -117.490389 2853.40918 86.757158 -2158.713513 -0.074957 -8.6e-05 -0.180442 0.049829 -0.054524 -0.141952 -0.011992 -0.18341 -0.002427 -0.127577 -0.017094 -0.109217 -0.011604 -0.001066 -0.014503 0.147791 -0.056179 -0.000891 -0.057485 -0.002794 -0.083631 0.000271 -0.078324 0.002096 0.057563 -0.139598
64.716652 388.537433 20.288604 1527.041535 -2.521286 259.7518 -13.383098 111.718476 -4.476425 74.388401 -4.30646 115.748653 -79.13334 337.243568 -167.723114 1458.082536 -166.670472 2579.555225 -189.799809 3135.462154 -135.507509 3022.351389 -117.741005 2848.61971 90.725872 -2148.419407 0.139116 0.002327 0.059829 -0.004464 0.067522 0.002498 0.044713 0.001858 0.024479 0.001714 0.033809 -0.000311 0.001323 -0.003301 0.029135 0.006639 0.003233 -0.000291 -0.000834 -0.006016 -0.002938 -0.004831 -0.000134 -0.002011 0.044378 0.012302
60.428703 381.835766 19.054969 1546.397757 -2.863731 279.158061 -13.944214 126.657663 -4.963323 83.106644 -4.837974 126.807565 -81.76403 336.343102 -172.887481 1460.30088 -171.854594 2579.771075 -194.204733 3153.932374 -138.501147 3035.2105 -120.710473 2858.753023 91.026851 -2113.834872 -0.073482 -0.02915 -0.019345 0.060952 -0.010899 0.349525 -0.005761 0.468585 -0.012565 0.241487 -0.01546 0.252237 -0.021507 -0.000602 -0.039154 0.000843 -0.039697 5e-06 -0.025265 0.027121 -0.016354 0.013649 -0.01849 0.008996 0.000249 0.140314
63.904641 366.796785 28.575958 1519.436428 -1.116245 286.224441 -11.011516 131.10414 -3.667335 85.72277 -3.13452 130.488928 -79.947729 320.365636 -179.009407 1393.681772 -172.91068 2564.546073 -195.806996 3143.139262 -136.349056 3012.42947 -119.215096 2826.376759 95.293348 -2081.818046 0.048597 -0.151071 0.96128 -0.118553 0.404154 0.044161 0.172919 0.038354 0.097858 0.020271 0.184111 0.026338 0.0102 -0.194392 -0.053255 -0.777634 -0.001618 -0.02253 -0.003291 -0.00925 0.008426 -0.042907 0.00466 -0.092191 0.048855 0.122161
62.38278 362.964352 28.293719 1526.102199 -1.076269 286.624462 -10.51979 129.045167 -3.388808 85.607663 -2.950765 131.064867 -81.458238 316.654264 -177.263066 1392.265704 -171.120572 2551.567012 -193.453239 3120.17755 -136.188398 2992.143045 -119.139095 2808.866071 96.611343 -2065.524698 -0.00917 -0.010063 -0.0007 0.007295 0.000364 0.00014 0.005616 -0.008148 0.005499 -3.9e-05 0.002775 0.000634 -0.007068 -0.010812 0.00428 -0.00036 0.004657 -0.016463 0.007116 -0.04209 4.7e-05 -0.034269 1.2e-05 -0.027206 0.004526 0.032005
56.97525 362.789893 32.321276 1640.156469 -0.688703 325.663677 -8.88946 155.284597 -2.432622 101.339439 -2.331291 151.626063 -83.385057 316.519098 -176.051446 1470.754691 -173.861683 2550.746481 -195.107017 3100.576286 -141.051102 2968.789694 -123.612127 2794.431266 106.436507 -1973.123243 -0.122557 -2.1e-05 0.133953 2.054886 0.043078 1.245829 0.068593 1.213344 0.079065 0.663098 0.036451 0.748739 -0.011261 -1.4e-05 0.002078 1.07608 -0.01089 -6.6e-05 -0.003519 -0.030881 -0.042649 -0.045746 -0.041214 -0.018593 0.237851 1.057179
56.358306 369.522129 34.570103 1662.332772 -0.367735 322.632847 -8.030887 148.278554 -2.218572 98.459909 -2.190598 149.011212 -84.152565 319.477034 -177.617019 1472.594472 -172.088618 2548.801578 -192.106847 3090.081355 -139.584004 2948.964146 -122.988265 2779.544506 106.60728 -1969.732558 -0.001679 0.030946 0.037812 0.074458 0.049939 -0.007085 0.021797 -0.080858 0.004928 -0.020751 0.002189 -0.011372 -0.001758 0.006879 -0.003465 0.000575 0.004544 -0.000371 0.011623 -0.008896 0.003835 -0.03321 0.000789 -0.01988 6.8e-05 0.001458
60.602024 377.199986 38.640231 1735.991324 -0.009486 324.006463 -4.415684 146.04484 -0.742226 97.371522 -0.920378 148.874928 -76.865094 317.963929 -169.294253 1464.843343 -168.698392 2542.529947 -190.07549 3096.061332 -137.25968 2976.150026 -119.403316 2809.025917 117.815006 -1996.874425 0.077014 0.039473 0.113227 0.798367 0.259099 0.001459 0.536599 -0.008476 0.394336 -0.003025 0.271132 -3.1e-05 0.164996 -0.001796 0.09985 -0.010227 0.016864 -0.003863 0.005399 0.00289 0.009757 0.062368 0.026512 0.077762 0.280034 -0.092861
60.090567 383.062434 58.627328 1770.011148 1.033122 342.551439 -1.192507 157.412209 0.011057 102.851853 6.9e-05 156.706159 -77.440996 319.204944 -170.579183 1480.010381 -168.870611 2580.967493 -190.23108 3155.598757 -139.89325 3020.027424 -121.330443 2845.196604 142.391768 -2008.221633 -0.001084 0.022603 2.075679 0.165056 1.240595 0.258029 1.018753 0.212983 0.93447 0.075015 0.936367 0.100363 -0.001075 0.001209 -0.002429 0.039058 -4.4e-05 0.144185 -3.2e-05 0.283508 -0.012513 0.16054 -0.007714 0.115695 1.163249 -0.016074
55.892121 390.292519 63.889871 1748.341012 1.537489 377.851544 -0.75998 186.649715 0.011421 127.783314 0.002012 190.633296 -78.836481 332.777035 -172.716515 1489.392749 -177.404113 2579.574751 -199.583109 3136.560478 -147.195064 3011.55884 -128.890835 2849.640504 149.799692 -1898.653687 -0.076014 0.033798 0.113075 -0.066736 0.049965 0.865381 0.048511 1.244515 3e-06 1.351494 0.001336 1.660925 -0.006231 0.141278 -0.006653 0.014823 -0.105165 -0.000188 -0.112198 -0.028802 -0.092872 -0.005945 -0.114244 0.001734 0.093922 1.536714
55.296509 388.369031 88.032504 1755.063602 3.60565 434.592508 -0.275738 239.817734 0.080459 157.438309 0.095752 227.633292 -80.124711 334.101508 -179.951506 1514.586867 -178.888211 2582.758627 -197.446996 3141.575728 -145.608799 3016.022088 -128.538519 2853.52619 152.534841 -1795.291442 -0.001595 -0.002376 1.930571 0.00645 0.434149 1.983812 0.120174 3.327228 0.031252 1.54583 0.070005 1.63973 -0.00522 0.001315 -0.074221 0.105652 -0.003091 0.000982 0.005746 0.002003 0.004297 0.001652 0.000241 0.001324 0.012372 1.4464
51.596651 400.232086 103.956964 1840.822134 8.0203 588.738604 0.157914 394.550865 0.469389 265.493742 0.453084 350.410989 -76.539721 349.245326 -170.556764 1556.007078 -177.236085 2641.992767 -191.985507 3222.751675 -145.551481 3052.225725 -129.094396 2893.499409 162.552083 -1517.334143 -0.06405 0.089234 0.661563 1.022776 0.870785 11.676257 0.850992 19.16036 0.161176 14.036535 0.132261 13.189585 0.041023 0.167824 0.125927 0.279378 0.003832 0.335786 0.038298 0.517714 6e-06 0.107998 -0.0006 0.139018 0.159274 11.682083
51.818497 411.560601 122.560101 1875.766813 23.092365 855.419656 6.560019 690.421668 6.312939 484.495269 6.577342 569.752583 -82.967029 360.036434 -178.798457 1594.651313 -179.279135 2653.748048 -187.90301 3225.984946 -145.244444 3003.946562 -130.384128 2844.220314 212.118736 -1075.64437 0.000238 0.079048 0.765201 0.164285 3.894459 24.836487 4.68233 41.121075 3.339525 32.687228 3.577839 26.524795 -0.129546 0.082093 -0.097229 0.237003 -0.005854 0.013047 0.021937 0.000811 0.000162 -0.192441 -0.003205 -0.211624 3.293155 37.895792
51.550593 424.869345 134.918798 1841.504747 25.805578 992.380291 13.747975 872.641143 19.001305 650.272167 18.567726 726.941416 -80.305148 384.617077 -163.735548 1572.715682 -175.702534 2593.915226 -186.805526 3118.47145 -144.234353 2885.318146 -130.24199 2743.810678 267.937919 -796.070587 -0.000347 0.105887 0.296773 -0.1579 0.075332 5.082815 1.314629 10.657769 3.409534 12.174387 3.042916 9.562693 0.0217 0.405808 0.331355 -0.075959 0.018018 -0.341112 0.001607 -0.91103 0.001762 -1.194897 3.9e-05 -0.902188 3.256266 20.997426
49.397498 428.296754 150.343309 1820.78838 40.552858 1292.533577 24.70027 1266.572932 34.295475 972.789452 33.239452 1032.872239 -74.942195 403.98546 -146.98362 1602.521363 -173.182129 2628.587448 -188.072095 3182.863126 -148.149135 2950.63991 -131.920593 2802.10016 325.004701 -535.007085 -0.022964 0.006884 0.417317 -0.058593 1.659442 19.800319 1.592923 36.583674 2.241564 32.366293 2.120921 26.795931 0.092658 0.237883 0.451905 0.139895 0.009104 0.115096 -0.00214 0.329009 -0.026209 0.365584 -0.005374 0.30633 2.752538 25.852168
60.040861 420.290499 132.326392 1657.290204 106.917309 1602.522795 115.598292 1691.240093 106.819214 1413.207742 95.888751 1426.228259 -71.565148 394.622971 -139.307389 1471.78591 -165.910458 2547.81722 -183.23008 3066.764688 -141.59231 2864.028021 -125.660303 2712.552334 494.377207 -253.572471 0.518787 -0.03777 -0.574769 -3.845002 15.776546 16.643948 33.428379 30.64448 20.062375 40.999467 16.216033 31.66434 0.038926 -0.054882 0.102929 -2.781032 0.077978 -0.630189 0.031573 -1.078465 0.0742 -0.645096 0.076087 -0.727094 17.696393 51.9302
62.388524 420.084259 136.535647 1564.865966 175.136427 1990.660487 190.665969 2248.271551 170.083734 1992.186725 152.398684 1955.79486 -74.386473 392.191603 -139.63774 1456.759004 -161.68441 2510.214131 -177.528299 3037.029496 -136.460786 2825.079442 -119.695673 2676.039868 611.239517 -72.548784 0.022511 -2.5e-05 0.032952 -1.32582 8.374248 21.024939 9.342316 39.579856 7.323937 49.579393 6.516308 41.717805 -0.027271 -0.003757 -0.000196 -0.038553 0.02726 -0.139779 0.045061 -0.072429 0.047356 -0.133326 0.072511 -0.123704 6.193447 54.854785
68.620797 408.316758 158.198178 1427.58627 213.454755 2010.254701 246.245929 2284.671053 219.177378 2101.069503 193.32675 2067.364054 -66.668472 401.32612 -124.874179 1458.689606 -147.623841 2538.473724 -167.545309 3060.55225 -124.746128 2891.703089 -107.469624 2746.869856 674.628988 -62.998085 0.148322 -0.083583 0.797161 -3.150533 1.893868 0.047981 3.549608 0.146146 3.108257 1.448426 2.431145 1.547301 0.211308 0.052577 0.412331 0.000639 0.319749 0.079091 0.144434 0.045372 0.262823 0.388231 0.329242 0.462584 1.563406 0.336892
66.517834 392.316972 151.717784 1305.943491 230.333355 2117.974094 279.294861 2458.955338 250.469784 2378.25841 216.746631 2311.208438 -69.328578 391.412808 -129.426315 1402.411923 -152.004394 2549.31482 -173.768328 3078.734183 -130.318459 2909.614388 -112.409363 2757.864363 742.123744 -26.764592 -0.016364 -0.159885 -0.06776 -2.707909 0.321088 1.40562 1.04018 3.202747 1.04366 8.584702 0.669318 6.795166 -0.026018 -0.061986 -0.040746 -0.553543 -0.032023 0.01155 -0.056735 0.026924 -0.060876 0.02765 -0.055494 0.01098 1.608654 7.637942
63.629532 389.160196 148.345879 1312.088262 243.5855 2261.320674 305.042512 2624.813221 275.096376 2582.87313 235.150329 2512.988884 -69.336916 383.396732 -125.15655 1366.362139 -148.562006 2512.382364 -174.195312 3032.034435 -129.479483 2886.47951 -110.376686 2743.80537 782.037573 -8.433169 -0.032053 -0.006376 -0.018946 0.007211 0.18532 2.346696 0.567535 2.706276 0.577284 4.221316 0.374905 4.221756 -0.0 -0.041468 0.035808 -0.234696 0.019713 -0.13474 -0.000262 -0.178447 0.001355 -0.046171 0.009273 -0.017963 0.522709 5.150443
66.43036 388.150579 151.480152 1353.647838 245.883248 2488.094174 308.851145 2906.912381 279.736516 2894.111186 237.865064 2796.942265 -66.846325 383.801119 -120.136185 1363.072471 -143.455859 2516.157124 -168.63329 3034.828115 -125.879688 2896.690466 -106.814224 2756.164322 780.919523 -0.000574 0.030161 -0.000656 0.016383 0.323982 0.005393 5.417043 0.011815 7.197731 0.019403 8.850441 0.00779 7.597768 0.022777 0.000107 0.051381 -0.001982 0.044646 0.001417 0.045122 0.000643 0.025374 0.009014 0.029219 0.013886 -0.0004 8.294543
69.625131 395.376744 159.210898 1408.717373 255.38019 2654.734386 321.647615 3119.222409 291.333262 3103.447349 246.439299 2989.416991 -63.656303 393.615275 -115.908479 1392.386027 -141.37926 2566.891802 -165.011115 3100.223326 -125.768635 2953.980231 -106.241111 2810.806962 799.936518 1.844332 0.037514 0.033323 0.096195 0.548978 0.089973 2.700484 0.129871 3.741166 0.11776 3.654402 0.075906 3.20208 0.038994 0.06195 0.037863 0.155928 0.00757 0.253202 0.019662 0.348543 2.5e-05 0.280497 0.000771 0.268179 0.114387 1.910004
71.635758 386.771882 159.342917 1407.540215 252.863673 2672.886812 312.361921 3126.030098 281.199791 3125.38495 240.497295 3014.467429 -61.381213 393.201259 -112.840891 1388.749952 -137.971766 2587.344383 -161.724051 3105.98439 -122.688214 2981.524873 -103.49215 2843.893862 775.37098 1.694686 0.01431 -0.047335 2.7e-05 -0.000246 -0.00623 0.030925 -0.068003 0.00371 -0.089685 0.038632 -0.036256 0.05226 0.0207 -0.000109 0.020569 -0.002377 0.020783 0.040579 0.016535 0.002674 0.019097 0.063913 0.018016 0.0968 -0.191551 -0.003165
71.718164 382.97337 149.424299 1441.943532 238.358786 2765.923675 298.289093 3236.690185 272.233745 3239.808642 231.446999 3114.674601 -59.987852 390.685975 -104.798536 1391.361671 -132.48901 2565.839646 -156.297464 3065.858848 -120.849737 2937.995166 -101.84165 2802.808696 755.847189 7.376877 2.4e-05 -0.009372 -0.15935 0.207692 -0.214198 0.795807 -0.16218 0.96237 -0.072633 1.02855 -0.086785 0.819213 0.007998 -0.004035 0.148644 0.001227 0.055579 -0.044871 0.046302 -0.130437 0.006939 -0.160052 0.006634 -0.149469 -0.124474 2.000073
70.258149 397.039464 148.170755 1629.34502 248.942342 3332.728781 319.349682 3903.526356 301.25099 3935.400749 253.668438 3780.239939 -59.297423 392.932477 -109.570979 1420.483999 -132.661614 2559.217942 -152.764311 3046.497486 -117.355786 2914.692158 -99.067452 2785.907812 794.657553 76.472988 -0.007507 0.126838 -0.00264 5.72269 0.114944 26.396388 0.359172 31.20664 0.734579 33.796266 0.50921 32.198657 0.001998 0.00322 -0.05313 0.150814 -5.6e-05 -0.004278 0.020196 -0.030664 0.025626 -0.046392 0.019154 -0.025555 0.485803 36.346947
66.996213 396.699803 142.480191 1631.924617 253.475573 3331.316587 324.911007 3866.0645 305.666716 3904.484784 259.006353 3763.586632 -60.037213 391.634417 -111.242985 1417.74498 -132.890873 2557.853842 -154.220983 3027.745637 -116.958499 2899.552688 -98.840423 2777.681194 800.780318 74.621643 -0.038766 -7.3e-05 -0.055712 0.00102 0.020452 -0.00015 0.024003 -0.090314 0.016064 -0.060958 0.02779 -0.018381 -0.002293 -0.001074 -0.00633 -0.001322 -9.9e-05 -0.000182 -0.003456 -0.028945 0.000337 -0.019711 0.00013 -0.006082 0.011749 -0.011343
63.98462 396.543409 131.734516 1618.480837 229.151111 3260.825173 294.859461 3795.759397 279.22434 3825.174144 235.662822 3686.267477 -60.703359 392.742985 -114.4405 1434.203512 -133.027368 2565.927506 -154.490238 3056.454545 -116.509768 2925.93516 -98.220315 2797.527827 756.468708 60.15675 -0.034627 -1.5e-05 -0.210627 -0.027802 -0.613368 -0.376902 -0.729001 -0.322568 -0.598023 -0.406897 -0.5511 -0.401244 -0.001838 0.000783 -0.022653 0.047491 -3.5e-05 0.006361 -0.000117 0.067733 0.000431 0.059741 0.000976 0.035325 -0.630572 -0.77846
65.657951 394.648251 135.154572 1616.950849 240.497573 3332.692651 307.941118 3875.749168 292.72851 3941.03881 248.652866 3787.382534 -59.15449 383.639233 -109.715401 1414.064826 -130.381814 2569.005067 -151.359499 3032.199033 -114.873287 2919.777737 -97.431876 2795.78976 774.353408 76.435255 0.0108 -0.00227 0.021914 -0.000362 0.137082 0.391679 0.141962 0.417033 0.159443 0.864345 0.174237 0.684051 0.010008 -0.053377 0.049807 -0.071196 0.013286 0.000922 0.016024 -0.048314 0.005787 -0.003243 0.001589 -0.00027 0.104478 0.973473
65.858296 393.991472 134.56504 1636.970437 238.545537 3375.014215 308.281672 3948.412188 286.415414 3987.638205 243.860284 3831.513 -59.097292 377.22968 -110.568577 1409.265188 -129.253458 2570.722537 -147.717929 3029.113936 -111.580265 2914.705995 -94.791756 2796.553762 755.533412 83.900688 0.000153 -0.000273 -0.000644 0.061585 -0.003977 0.133513 9.4e-05 0.337418 -0.03441 0.136941 -0.023319 0.127808 1.4e-05 -0.026997 -0.001652 -0.00408 0.002452 0.000287 0.022171 -0.000785 0.023944 -0.002204 0.018131 5.2e-05 -0.115762 0.173894
65.813077 393.022868 133.216901 1670.822738 233.984582 3463.946648 302.527194 4037.003025 285.809181 4071.318825 242.484385 3920.101152 -58.600496 376.089085 -113.776289 1404.546084 -129.16206 2566.403366 -147.328877 3027.793358 -111.030724 2908.897298 -94.122039 2797.589618 753.11845 97.470064 -8e-06 -0.000596 -0.003394 0.173229 -0.022012 0.578254 -0.027107 0.491432 -0.000321 0.434463 -0.001946 0.506225 0.001048 -0.000863 -0.022933 -0.003957 1.6e-05 -0.001816 0.000257 -0.000144 0.000678 -0.002897 0.001187 9.6e-05 -0.001933 0.508313
63.746976 395.856711 121.136511 1631.811329 187.085058 3250.597093 236.712131 3774.47132 220.410797 3781.189526 186.673901 3635.01399 -60.900096 375.988065 -114.830616 1381.202191 -127.581395 2547.74336 -144.829827 3015.52308 -108.805276 2898.242533 -92.108196 2778.62479 638.93761 58.615097 -0.016475 0.00509 -0.287038 -0.230414 -2.62003 -3.390366 -4.03149 -4.412891 -4.242172 -5.361583 -3.64445 -5.380702 -0.022128 -7e-06 -0.002431 -0.09781 0.004866 -0.034043 0.010688 -0.012457 0.011265 -0.009775 0.010889 -0.03225 -4.690639 -4.913507
63.374801 399.396206 117.380453 1644.827344 179.66777 3237.72046 228.333565 3756.285874 215.244037 3744.399396 181.463944 3599.803415 -61.203842 376.491219 -114.529722 1399.385572 -128.37328 2567.744524 -145.803634 3044.233151 -109.786212 2922.83018 -93.02321 2799.343067 632.476682 50.812551 -0.000545 0.007877 -0.029576 0.025852 -0.075012 -0.012777 -0.075483 -0.021957 -0.030639 -0.089928 -0.036868 -0.085682 -0.000378 0.000168 0.000197 0.059455 -0.001225 0.039102 -0.001631 0.068012 -0.002201 0.051928 -0.002261 0.038477 -0.016416 -0.278528
62.54205 400.798755 115.24475 1659.102684 178.394444 3243.259212 228.746257 3767.714087 216.107305 3757.561638 181.387835 3607.769827 -62.904921 374.449017 -116.917506 1396.747729 -128.936718 2563.131516 -144.95725 3039.518381 -108.974267 2917.547803 -92.46928 2793.922113 632.002637 53.065738 -0.002754 0.001229 -0.009804 0.03084 -0.002264 0.002367 0.000186 0.008679 0.000864 0.011547 -8e-06 0.004403 -0.011658 -0.002777 -0.012317 -0.001244 -0.000617 -0.002074 0.001232 -0.001827 0.001507 -0.002389 0.000827 -0.002627 -8.9e-05 0.024439
62.39681 402.394147 113.806936 1682.784166 188.076183 3321.777806 244.688736 3853.53071 236.90429 3861.50107 197.969715 3711.533999 -62.800536 367.624929 -117.303619 1392.809978 -128.976924 2547.776304 -144.596436 3015.517025 -108.29878 2896.949356 -91.960668 2773.047385 665.555661 69.183489 -8.4e-05 0.001584 -0.004513 0.083908 0.127913 0.469562 0.2685 0.483171 0.477629 0.709005 0.362574 0.735558 4.3e-05 -0.031378 -0.000318 -0.002779 -3e-06 -0.023067 0.000225 -0.047569 0.00105 -0.036486 0.000701 -0.039138 0.433889 1.067167
60.83332 398.244261 108.194163 1658.295411 172.547748 3194.327485 222.639016 3698.07789 212.274241 3684.665756 177.686057 3541.340611 -65.102311 362.947205 -120.615339 1387.834292 -133.332227 2544.005549 -149.861634 3014.075064 -112.22693 2895.007486 -95.304229 2770.862608 633.194458 47.557215 -0.009919 -0.010755 -0.070964 -0.089748 -0.334482 -1.246537 -0.520471 -1.600198 -0.675785 -2.072246 -0.548011 -1.997124 -0.020713 -0.014975 -0.02305 -0.004452 -0.03616 -0.001396 -0.047077 -0.000172 -0.034988 -0.000326 -0.029852 -0.00043 -0.403238 -2.020626
59.62734 401.612091 103.500033 1662.547243 159.331029 3160.85271 200.001662 3674.283378 184.582786 3635.274712 154.125881 3482.429717 -70.006024 361.686605 -130.418433 1393.266476 -140.154991 2544.105962 -154.898568 3040.349331 -114.63589 2907.079814 -97.798169 2774.367707 590.146929 40.652062 -0.006037 0.00709 -0.05205 0.002722 -0.263275 -0.088162 -0.606683 -0.038399 -0.967291 -0.166634 -0.837497 -0.247058 -0.089019 -0.001096 -0.191483 0.005305 -0.085118 1e-06 -0.041627 0.057011 -0.01279 0.012559 -0.016105 0.001108 -0.757623 -0.270688
63.424633 409.767807 123.410884 1704.005176 223.00336 3422.848994 288.547197 3993.558756 276.428151 4009.343202 233.25457 3849.10023 -63.22324 358.557227 -120.061001 1384.278126 -132.534638 2550.502952 -148.552126 3017.530489 -110.796895 2895.19943 -94.589102 2774.031318 737.238649 90.484178 0.058605 0.04099 0.875251 0.25528 5.339138 5.215094 8.091082 6.649914 9.241623 9.157495 8.167761 9.174855 0.17277 -0.006798 0.214234 -0.014544 0.106497 0.004016 0.066373 -0.042977 0.03269 -0.012163 0.026766 -1e-05 8.175019 9.837132
60.927543 419.155888 115.061757 1743.557283 203.269751 3462.710872 266.552817 4043.32659 255.275995 4055.184608 213.00921 3904.131901 -65.779475 359.393479 -130.6854 1400.701411 -139.833051 2583.262855 -156.831462 3093.46453 -112.298168 2965.419586 -95.246165 2839.499071 706.200956 85.094447 -0.025074 0.053165 -0.1462 0.226888 -0.457012 0.115385 -0.435906 0.154093 -0.420902 0.13029 -0.459466 0.195307 -0.025329 0.000487 -0.225185 0.048425 -0.097802 0.104526 -0.112252 0.471789 -0.005051 0.420693 -0.001137 0.381772 -0.333734 -0.082744
59.87208 421.730337 115.094814 1772.346044 218.969351 3544.234509 292.870789 4117.941889 286.073755 4166.849146 237.626939 4018.499365 -64.869415 359.019275 -132.508427 1421.533626 -144.010526 2611.032813 -161.8973 3115.717044 -117.283995 2983.700001 -99.302404 2858.407414 769.701157 98.562816 -0.004611 0.003941 2e-06 0.117865 0.29197 0.474267 0.619405 0.341096 0.876763 0.7583 0.672921 0.825521 0.00317 -9.7e-05 -0.006314 0.076887 -0.030743 0.074233 -0.04026 0.039874 -0.054145 0.028086 -0.04229 0.031373 1.36667 0.494512
59.939158 422.246859 114.588415 1769.181085 208.240078 3482.973704 272.208668 4052.406294 263.047229 4056.509776 220.128249 3910.279754 -65.005632 363.004495 -132.099882 1442.875056 -143.270447 2627.280443 -161.578624 3132.669894 -116.800108 2992.500233 -98.975874 2865.969845 730.412281 80.765912 1.9e-05 0.000158 -0.000558 -0.001414 -0.134753 -0.26703 -0.377881 -0.26284 -0.483003 -0.740289 -0.334585 -0.738577 -7.1e-05 0.010998 0.000315 0.079504 0.000953 0.025198 0.000157 0.022998 0.0005 0.006479 0.000269 0.004995 -0.514588 -0.885284
]