07-24-20_Matthew_4KDepth.snake_below_blue_chair.0000000000 [ 43.245248 139.33335 99.209886 801.055779 196.395445 1804.355007 251.672539 2116.787599 247.697448 2153.818145 206.600134 2083.812246 -37.107199 154.360913 -59.712472 812.862318 -48.627819 1412.23343 -52.021987 1667.623475 -38.727535 1532.141712 -31.649383 1469.382008 482.309762 52.804413 0.0 0.0 0.0 0.0 0.0 0.0 0.0 0.0 0.0 0.0 0.0 0.0 0.0 0.0 0.0 0.0 0.0 0.0 0.0 0.0 0.0 0.0 0.0 0.0 0.0 0.0
44.745713 135.610425 104.054892 793.388475 200.690937 1812.470902 257.189646 2127.091226 248.906419 2162.503644 207.315953 2094.567306 -36.99219 154.764549 -57.515061 817.447726 -50.279163 1417.11777 -57.481209 1672.548507 -44.330747 1540.934837 -35.849278 1477.705622 503.324836 52.533278 0.012794 -0.025207 0.057751 -0.018435 0.023234 0.009106 0.029909 0.012508 0.001472 0.008739 0.000619 0.013842 8.9e-05 0.000264 0.020597 0.006448 -0.013786 0.004216 -0.136168 0.003631 -0.189215 0.01258 -0.130789 0.011754 0.22406 -0.000349
42.688187 131.827025 102.502394 785.557056 196.442559 1835.885973 253.310101 2159.234736 242.864058 2226.829028 201.854163 2150.584281 -37.743525 148.550165 -58.228354 798.748802 -51.816266 1388.765722 -59.531368 1641.93758 -45.679244 1509.278774 -37.139593 1447.457479 499.197964 69.553133 -0.024213 -0.026763 -0.005834 -0.019422 -0.022724 0.075139 -0.014742 0.120525 -0.037123 0.471367 -0.036455 0.369603 -0.003777 -0.063668 -0.002198 -0.108174 -0.011572 -0.143245 -0.017962 -0.141357 -0.010102 -0.164273 -0.011406 -0.156397 -0.008494 1.192175
41.431639 132.853634 99.433595 790.040105 193.596189 1830.348969 249.387932 2151.189944 240.36199 2205.326617 199.811371 2131.849361 -38.81141 148.639897 -59.484929 800.6125 -52.440738 1413.561122 -59.489894 1683.839876 -42.427549 1553.881867 -34.876726 1486.386853 484.759536 56.875684 -0.009385 0.001991 -0.023319 0.006378 -0.010386 -0.004181 -0.015301 -0.007507 -0.006478 -0.052159 -0.005195 -0.040981 -0.007448 1.4e-05 -0.006707 0.001086 -0.00187 0.109699 7e-06 0.263979 0.060024 0.324753 0.03556 0.25829 -0.105939 -0.637211
41.101661 131.863093 100.04255 785.862135 193.224164 1826.700916 248.551086 2148.117174 239.479743 2207.563935 199.12075 2134.917639 -38.619744 147.69598 -60.081419 790.303659 -52.386712 1402.855034 -59.972249 1668.507395 -42.37329 1545.40984 -34.853322 1479.5823 483.323075 58.875223 -0.00066 -0.001853 0.00093 -0.005538 -0.000179 -0.00182 -0.000703 -0.001098 -0.000811 0.000567 -0.000598 0.001103 0.000237 -0.001503 -0.001488 -0.0334 1.4e-05 -0.020349 -0.000974 -0.035063 1.7e-05 -0.011579 4e-06 -0.007806 -0.001066 0.017272
41.229812 133.628202 101.139459 788.123834 195.613126 1825.248622 251.095783 2143.119329 241.636606 2199.023941 201.270354 2126.639316 -38.266553 147.233827 -60.450343 789.064182 -52.129519 1394.309673 -59.422379 1655.342786 -41.73825 1529.805091 -34.327491 1465.390214 484.227926 60.544408 0.0001 0.005868 0.00299 0.001625 0.007339 -0.000289 0.00648 -0.00291 0.004835 -0.008275 0.00577 -0.008041 0.000811 -0.000362 -0.000565 -0.000486 0.000316 -0.013053 0.001266 -0.02607 0.002397 -0.039592 0.001998 -0.034197 0.000423 0.011666
41.584361 131.317399 100.678901 782.868047 194.035902 1820.86926 248.9667 2141.958913 240.322903 2196.706867 200.107634 2121.384856 -38.318117 145.29739 -60.89484 783.470211 -52.186126 1384.584511 -59.254241 1646.090049 -41.643767 1518.881074 -34.244182 1453.838964 482.046163 62.350207 0.000759 -0.010077 -0.000526 -0.008792 -0.003192 -0.00263 -0.004532 -0.000157 -0.00179 -0.000611 -0.001684 -0.00325 -1.7e-05 -0.006409 -0.000814 -0.00995 -1.5e-05 -0.017017 0.000119 -0.012966 5.4e-05 -0.019571 5.1e-05 -0.022854 -0.002463 0.013268
42.02632 130.702708 101.520517 787.255958 195.361697 1837.730859 250.353109 2165.783901 241.934393 2217.466408 201.405083 2139.200669 -38.17222 144.63335 -60.619983 786.76803 -51.869483 1391.16347 -56.449939 1656.726335 -40.328956 1521.74059 -33.318536 1455.612195 479.818015 65.294293 0.001168 -0.000721 0.001752 0.006131 0.002257 0.038856 0.001925 0.065885 0.002692 0.048816 0.002096 0.037249 0.000139 -0.00076 0.000311 0.003463 0.000482 0.007797 0.033989 0.017126 0.010545 0.001345 0.006341 0.00054 -0.002581 0.033957
42.017395 131.053471 101.496796 791.727073 195.257323 1843.84255 249.959898 2174.046 241.864587 2221.76202 201.243296 2142.778565 -38.451502 144.93113 -63.999687 790.948739 -52.10667 1396.299459 -56.676005 1664.027892 -40.75816 1524.945165 -33.72558 1458.286586 481.197222 65.367619 -0.0 0.000235 -1e-06 0.00633 -1.4e-05 0.005073 -0.000155 0.007865 -5e-06 0.002078 -3.3e-05 0.001495 -0.000509 0.000153 -0.045837 0.005539 -0.000271 0.004732 -0.000226 0.008027 -0.001136 0.001685 -0.001236 0.001227 0.00099 2.1e-05
42.357189 131.460465 101.312649 793.927155 195.225342 1847.486664 249.053608 2177.710761 240.17416 2225.717025 200.02889 2146.284341 -38.255013 144.406205 -63.688359 783.937423 -53.582207 1384.276685 -59.272411 1646.30093 -43.721065 1516.340353 -35.971255 1451.859225 488.840778 67.852953 0.000684 0.000315 -8.4e-05 0.001526 -1e-06 0.001799 -0.000823 0.001543 -0.002964 0.001759 -0.001838 0.001433 0.000252 -0.000476 0.00038 -0.015607 -0.010301 -0.025992 -0.029074 -0.047465 -0.051974 -0.012173 -0.036188 -0.007098 0.030115 0.023185
42.850345 132.925162 101.42493 809.369619 191.884598 1860.437396 242.544627 2185.933412 238.139914 2228.541729 198.897421 2149.804867 -38.124031 143.550396 -63.405694 782.849035 -54.288893 1390.844243 -59.490123 1652.914244 -45.054646 1522.549849 -37.048221 1458.06558 490.35932 67.036273 0.001427 0.004057 3.1e-05 0.07437 -0.014416 0.022617 -0.043093 0.007747 -0.004326 0.000896 -0.001605 0.001442 0.000112 -0.001272 0.000314 -0.000378 -0.002315 0.007771 -0.0002 0.006628 -0.010017 0.006344 -0.007943 0.006619 0.001177 -0.002472
44.166442 134.796767 95.955885 822.776767 182.894273 1862.010099 231.246642 2186.686458 233.199499 2206.577147 195.100273 2128.76459 -37.831864 144.751722 -62.637776 789.16029 -54.326317 1403.539147 -59.444527 1665.657587 -45.326832 1533.196678 -37.258615 1467.091936 484.149232 61.123664 0.009953 0.006542 -0.075783 0.055067 -0.107847 0.000332 -0.134725 6.5e-05 -0.025893 -0.054389 -0.018298 -0.051734 0.000562 0.002503 0.002339 0.012669 -6e-06 0.028837 9e-06 0.024467 -0.00041 0.018548 -0.000298 0.013927 -0.019787 -0.136461
45.227126 141.342551 91.026566 832.289375 182.576975 1761.207707 232.929425 2036.769042 237.190611 2037.397473 198.588113 1977.422155 -36.180365 151.225261 -60.373763 803.144615 -52.941934 1423.908652 -58.336653 1686.917187 -44.529357 1554.578829 -36.359453 1488.038639 487.262618 32.597155 0.006293 0.077594 -0.064986 0.027337 -0.000138 -1.402495 0.00305 -2.661602 0.016932 -3.373387 0.01545 -2.789975 0.018428 0.070802 0.020836 0.061409 0.008934 0.073374 0.005211 0.067407 0.003539 0.074034 0.005491 0.074239 0.004989 -4.446913
45.43641 140.762288 88.096437 820.387311 176.573801 1596.966657 224.327644 1838.51896 233.596977 1817.53127 196.872193 1768.087545 -35.216777 150.819389 -58.608572 803.779367 -52.564647 1419.67685 -57.90102 1683.066341 -44.26299 1551.111311 -36.046187 1483.29148 481.228602 10.551867 0.000242 -0.000597 -0.023967 -0.042858 -0.050175 -4.018742 -0.080914 -5.074312 -0.013716 -6.275152 -0.003723 -5.854377 0.006503 -0.000273 0.013095 0.000125 0.000675 -0.003149 0.000816 -0.0022 0.0004 -0.001936 0.000678 -0.003792 -0.018797 -6.056659
45.70632 143.180924 85.002595 767.042583 167.637055 1401.994993 210.90254 1613.71789 222.194111 1572.834109 188.763363 1534.807247 -34.122699 153.945084 -54.503069 801.940679 -51.210505 1419.073013 -56.624055 1678.643028 -43.999003 1552.358777 -35.708164 1480.853883 463.943656 0.067075 0.0004 0.010301 -0.027651 -0.896564 -0.116032 -6.344563 -0.207105 -7.327018 -0.142659 -8.84195 -0.085262 -8.248482 0.008632 0.016029 0.074531 -0.001053 0.008835 -6.4e-05 0.007119 -0.00291 0.000395 0.000251 0.000796 -0.001002 -0.158063 -8.936366
47.51008 142.945659 83.468516 766.417064 158.42429 1131.358894 191.708856 1234.701388 204.043293 1124.613861 175.14321 1122.597518 -33.49996 156.917389 -55.214763 800.534248 -50.501719 1407.652474 -53.76653 1666.960506 -42.357849 1541.69044 -34.061274 1475.515762 432.334839 -32.822622 0.017453 -9.7e-05 -0.006985 -0.000128 -0.130178 -14.497397 -0.45777 -25.328972 -0.386641 -37.49982 -0.254974 -32.165114 0.002867 0.01421 -0.002308 -0.000617 0.00247 -0.023071 0.036991 -0.020397 0.015596 -0.018392 0.01944 -0.004819 -0.557543 -35.857237
50.259047 144.752009 87.240279 804.056358 141.43887 737.500043 132.46644 738.00613 134.331922 561.715515 122.900167 584.632528 -33.463194 158.254934 -58.412204 806.783853 -51.184191 1369.750185 -52.060213 1635.089107 -40.786438 1491.446245 -32.988141 1419.158337 323.157824 -222.567872 0.038654 0.005671 0.041673 0.451112 -0.481447 -41.973902 -5.459186 -63.553577 -7.258754 -96.721809 -4.614478 -86.97448 1e-05 0.002838 -0.044997 0.01215 -0.00229 -0.258632 0.013757 -0.153815 0.014851 -0.416178 0.008588 -0.548673 -7.930262 -84.448853
50.596221 149.547531 87.857548 866.750489 122.943121 618.360929 106.204068 577.597173 104.582766 405.332794 94.80493 436.45662 -34.029903 162.773603 -61.086949 825.331165 -50.383525 1380.580793 -49.388114 1665.36447 -38.123994 1500.527618 -31.33997 1416.886893 268.993936 -346.100108 0.000564 0.039073 0.001088 1.176659 -0.64776 -5.244503 -1.449305 -9.815794 -1.859387 -12.728197 -1.820482 -10.808519 -0.002379 0.031803 -0.029938 0.105389 0.003156 0.021325 0.035197 0.138862 0.044928 0.013782 0.021118 -0.00091 -2.482378 -13.579646
48.215421 144.137015 102.407673 870.463925 92.551432 371.489233 74.111697 276.055662 72.447231 170.061348 65.719545 212.471244 -34.817333 161.504912 -66.940509 836.338866 -54.318761 1360.183086 -52.147682 1651.198031 -40.166319 1486.197276 -33.837756 1401.613606 220.501244 -650.784185 -0.028686 -0.049843 0.557161 0.003969 -2.153869 -31.279503 -2.878861 -55.031598 -2.941148 -50.298184 -2.656975 -39.88113 -0.004503 -0.002482 -0.133886 0.036461 -0.073979 -0.075904 -0.037507 -0.030256 -0.026643 -0.034379 -0.047879 -0.041383 -2.407929 -47.702589
45.647506 135.352895 101.024341 810.442685 75.417246 218.186654 60.561802 129.019506 60.230509 71.382279 53.738824 104.705261 -33.58267 156.360735 -67.72217 847.272876 -54.334093 1360.960502 -52.197838 1662.432533 -40.159746 1494.816497 -34.141747 1406.828523 198.753703 -912.889022 -0.035133 -0.138073 -0.004703 -1.071951 -0.876199 -20.276229 -0.683381 -27.628138 -0.563644 -21.086039 -0.602304 -18.868898 0.011144 -0.041628 -0.002269 0.035505 -1e-06 0.000111 -1.2e-05 0.019045 0.0 0.012461 -0.00068 0.004842 -0.564423 -22.123677
41.66858 125.05888 94.620466 753.779266 72.548276 133.852778 62.780085 54.158055 62.672453 23.895876 54.317882 48.19924 -34.356308 143.776366 -66.58372 836.07188 -52.992297 1355.020548 -51.131711 1665.503607 -39.828224 1505.919541 -33.817683 1417.782684 202.423299 -1150.419757 -0.090705 -0.203539 -0.104834 -1.026644 -0.027816 -10.250668 0.019949 -15.995678 0.024262 -12.676894 0.001552 -10.824045 -0.004405 -0.263939 0.004825 -0.037266 0.008388 -0.006495 0.0055 0.001417 0.000687 0.020541 0.000773 0.021241 0.016783 -13.718023
39.272441 117.516686 76.783908 698.464027 68.590583 77.690188 61.783378 16.386801 63.490537 4.892205 53.698283 19.446511 -33.318364 135.187974 -65.446772 800.358193 -52.874473 1361.982076 -52.250992 1697.115129 -39.954301 1554.642752 -33.948103 1460.574561 204.176561 -1385.114415 -0.035475 -0.11728 -0.930574 -1.053848 -0.0555 -7.591526 -0.003988 -10.963742 0.002652 -7.163694 -0.001777 -6.414809 0.00796 -0.132235 0.004895 -0.389757 6.6e-05 0.008918 -0.006059 0.148591 -0.0001 0.387854 -0.000126 0.318106 0.00378 -10.885294
37.446914 113.652791 67.835721 580.089242 67.105247 38.195093 61.178804 1.649943 64.787973 0.003891 53.681163 5.142763 -32.627722 130.218659 -63.27894 773.321089 -53.00167 1343.097477 -54.03491 1682.177595 -41.267825 1556.365419 -34.996581 1462.963728 209.470667 -1551.447488 -0.021722 -0.032294 -0.277095 -5.491655 -0.00813 -6.937882 -0.001486 -7.637266 0.006561 -4.620151 -1e-06 -4.588395 0.003617 -0.046525 0.018255 -0.232277 -7.6e-05 -0.065919 -0.014972 -0.033014 -0.010622 0.000477 -0.007973 0.000976 0.03388 -4.714513
35.709375 116.94232 60.11113 549.855495 55.764793 30.752503 53.278403 0.401778 62.925676 -0.09999 51.164918 3.541202 -33.919493 133.254535 -65.678431 786.329391 -53.420373 1361.447379 -53.30686 1707.431729 -40.598305 1575.457904 -34.556227 1477.852267 204.611582 -1600.660058 -0.020637 0.023464 -0.233393 -0.404552 -0.52446 -0.402874 -0.272988 -0.423334 -0.013579 -0.143331 -0.030199 -0.148964 -0.012539 0.017491 -0.022325 0.054249 -0.000824 0.062251 0.002469 0.094079 0.002738 0.058197 0.001394 0.037689 -0.028511 -0.384191
40.242624 122.966122 47.133964 561.872755 21.984784 25.826596 16.215025 0.047701 28.985126 -0.16632 23.229682 2.756218 -31.523193 141.716882 -63.418035 817.75314 -53.136449 1383.252767 -54.719827 1729.470231 -41.228052 1601.650568 -34.520077 1499.265617 139.350729 -1634.459626 0.135406 0.075637 -0.788045 0.064952 -7.721671 -0.214838 -10.708714 -0.172601 -6.496315 -0.008393 -5.444045 -0.049116 0.043887 0.130247 0.019791 0.307823 0.000378 0.086618 -0.009241 0.07066 -0.002423 0.10797 9e-06 0.07701 -6.247798 -0.176569
47.300537 122.535622 49.591942 590.530559 6.57074 65.015821 1.294471 16.667374 4.252933 7.559699 3.704572 20.891941 -26.42987 147.753863 -56.678114 820.519626 -49.411491 1404.409936 -52.547881 1755.740866 -38.669507 1635.757279 -31.749086 1524.927476 68.57074 -1420.913442 0.284976 -0.000377 0.031236 0.356384 -4.517529 8.88786 -8.346553 14.931757 -11.032492 9.968636 -8.380977 8.4715 0.224252 0.062958 0.189275 0.002336 0.067675 0.080288 0.021991 0.099012 0.040976 0.179665 0.057959 0.108879 -12.418194 7.471722
50.508285 130.522872 51.61395 599.140552 4.034111 72.7731 0.129544 20.786776 1.471837 8.848792 1.299522 23.499641 -26.822503 155.006078 -57.412902 845.915114 -44.332572 1380.999399 -45.818695 1716.865177 -32.257331 1582.632389 -26.500764 1479.356935 47.509957 -1354.800929 0.052615 0.126082 0.020201 0.031157 -0.307843 0.218534 -0.605013 0.227226 -0.720922 0.050716 -0.615849 0.076658 -0.001447 0.086871 -0.002366 0.193517 0.137685 -0.098381 0.230439 -0.217613 0.290443 -0.438487 0.236919 -0.345639 -1.92654 0.787452
50.919295 129.011382 53.324835 599.928505 2.155015 73.780281 -0.173452 24.955894 0.117096 12.67405 0.134283 28.035946 -27.657502 155.452541 -57.473798 850.645189 -45.031204 1388.932764 -46.820091 1732.739789 -33.49858 1596.553658 -27.574903 1490.067043 37.576765 -1324.729544 0.000833 -0.004401 0.013948 0.000259 -0.292154 0.003461 -0.602794 0.190389 -0.75864 0.34266 -0.598332 0.200037 -0.006399 0.000321 -1.6e-05 0.006594 -0.002731 0.011361 -0.005413 0.036527 -0.011716 0.03048 -0.010669 0.019315 -0.581799 0.168745
53.423074 131.299026 51.151233 668.241348 3.618621 88.038712 0.058157 32.786879 1.229811 17.708531 1.133871 34.463927 -26.645297 157.530013 -56.286198 857.395769 -43.868628 1365.987613 -45.635425 1696.894634 -32.544803 1547.930467 -26.669147 1444.715558 46.427509 -1234.510176 0.030044 0.010052 -0.022613 1.84125 0.188591 0.629404 0.432481 0.533477 0.587944 0.420017 0.487745 0.331431 0.009435 0.006895 0.006199 0.01334 0.007602 -0.095554 0.00759 -0.187325 0.006887 -0.375953 0.007563 -0.350431 0.467561 1.590719
51.351445 132.965985 49.156326 692.325085 7.772918 100.16027 2.170556 37.717201 5.4104 21.737561 4.595305 40.249166 -27.149693 157.079976 -57.86438 855.489389 -45.404796 1368.905647 -47.659085 1700.548883 -33.63706 1557.250395 -27.578284 1453.72306 66.028188 -1211.016077 -0.020482 0.005258 -0.019839 0.213173 0.784514 0.39077 1.518128 0.172599 1.481231 0.206302 1.163879 0.22432 -0.002365 -0.000322 -0.01091 -0.001061 -0.013218 0.001557 -0.02195 0.001965 -0.009014 0.013987 -0.007619 0.013996 1.721343 0.112856
50.604574 132.469527 46.166045 725.183562 10.471939 95.504502 4.772619 30.953268 9.673011 18.227193 7.824585 36.918273 -27.39978 153.597104 -58.609804 843.276241 -46.063883 1363.017017 -48.364615 1698.860439 -34.236614 1564.0123 -28.102925 1459.175331 80.305842 -1244.555889 -0.002736 -0.000464 -0.046914 0.380888 0.200742 -0.055399 0.506021 -0.33393 0.614844 -0.154468 0.427167 -0.071922 -0.000573 -0.019523 -0.002385 -0.043903 -0.002375 -0.006346 -0.002592 -0.000419 -0.002648 0.007325 -0.002472 0.005103 0.698193 -0.229065
41.713647 139.353051 36.65722 734.663287 12.635418 91.274336 8.298355 29.868482 14.287081 18.073233 10.864282 36.035417 -34.11497 153.817539 -67.159065 836.82003 -54.999722 1360.747438 -58.235404 1693.979462 -42.610336 1563.168529 -35.528949 1460.620121 106.244244 -1245.078056 -0.429128 0.087172 -0.547658 0.030779 0.101503 -0.047909 0.484491 -0.009675 0.44847 -0.000326 0.248856 -0.005342 -0.367627 7.9e-05 -0.290909 -0.012405 -0.39582 -0.000946 -0.457984 -0.003511 -0.457589 -0.000114 -0.434805 0.000357 1.812072 -5.5e-05
39.36068 138.828082 34.027574 735.789767 8.364644 92.212623 3.577072 29.638392 7.841751 18.515393 6.066139 36.811657 -36.485103 148.631104 -69.89665 820.282662 -58.285585 1356.332488 -62.604618 1691.0315 -45.647063 1561.571645 -38.063404 1459.798343 91.3281 -1240.00991 -0.034151 -0.000495 -0.048932 0.000431 -0.438858 0.002399 -0.978856 -0.000445 -0.959446 0.002672 -0.694135 0.004136 -0.039795 -0.044472 -0.027343 -0.082521 -0.047664 -0.003587 -0.079015 -0.001284 -0.052259 -0.000408 -0.043655 -0.000116 -0.563868 0.005168
40.453699 139.572878 38.876718 718.302815 4.781869 109.923526 0.485803 43.964415 2.173016 26.921438 1.801224 47.744506 -35.503906 148.441941 -70.553727 821.32843 -57.279432 1361.622667 -61.269422 1696.019181 -44.573995 1566.756365 -37.151582 1464.922276 66.430505 -1182.925641 0.007485 0.000996 0.161446 -0.105153 -0.497619 0.777398 -1.426398 1.407667 -1.7588 0.78435 -1.256319 0.709771 0.006687 -6e-05 -0.001537 0.000333 0.00438 0.005148 0.007196 0.003672 0.006382 0.004296 0.005527 0.004488 -1.977068 0.672545
37.986623 139.359242 41.03913 720.881052 4.190377 128.136415 0.024387 60.850336 0.371359 36.868673 0.273324 61.646322 -40.089633 145.225409 -75.236548 826.010597 -58.438355 1366.122216 -62.487948 1701.15802 -44.915365 1566.35366 -37.868241 1464.556146 53.454882 -1122.600314 -0.038806 -8.2e-05 0.029261 0.002309 -0.019518 0.697715 -0.292499 1.369124 -0.747746 0.780344 -0.67124 0.886944 -0.13922 -0.017616 -0.075226 0.006654 -0.005803 0.003711 -0.005999 0.003887 -0.000651 -2.6e-05 -0.003423 -2.3e-05 -0.704268 0.789357
34.524804 135.279191 43.431318 718.134132 0.484985 167.652027 -2.628575 103.318621 -1.27155 61.338958 -1.056738 90.124958 -44.89767 142.254814 -85.055029 828.075267 -60.759146 1373.328406 -63.943719 1710.695928 -46.035084 1572.526823 -38.968195 1467.944766 32.004879 -1012.71473 -0.082684 -0.030308 0.03388 -0.002622 -1.824208 2.651411 -3.159336 5.588091 -3.017247 3.097464 -2.404924 2.695833 -0.136113 -0.015348 -0.300993 0.001289 -0.022595 0.009478 -0.008381 0.013332 -0.006893 0.00607 -0.007874 0.001958 -2.735713 2.829289
34.263857 133.031493 42.680399 723.24669 0.478738 167.004295 -1.841136 96.892643 -0.477472 57.601116 -0.429761 85.735767 -44.941334 140.956685 -85.748516 823.744745 -60.161511 1371.708247 -62.452568 1707.518917 -44.975664 1572.200895 -38.176787 1467.501081 36.18499 -1027.936492 -0.000495 -0.009415 -0.003274 0.009067 -2e-05 -0.000627 0.069909 -0.103151 0.190652 -0.058748 0.138694 -0.054782 -1.1e-05 -0.002975 -0.001408 -0.005677 0.001477 -0.000478 0.008796 -0.001476 0.006166 -1.7e-05 0.00406 -3.4e-05 0.128243 -0.056772
34.587067 132.118448 42.194342 754.744097 2.174721 164.870034 -0.016327 88.669794 0.445239 53.556076 0.296718 81.503594 -44.290277 141.239182 -85.794002 823.096684 -60.797017 1381.012689 -62.792459 1725.25022 -45.502606 1584.322565 -38.55284 1476.330958 54.94996 -1055.297834 0.000759 -0.001572 -0.001392 0.335658 0.612752 -0.006863 1.510705 -0.18228 1.844859 -0.073624 1.440671 -0.053558 0.002375 0.000141 -6e-06 -0.000128 -0.001669 0.015725 -0.000461 0.045794 -0.001534 0.023275 -0.000922 0.013242 1.952805 -0.179691
35.521453 135.27725 39.586381 828.36602 3.693349 176.795482 0.034691 93.303271 1.106819 56.950822 0.942809 85.511125 -44.693617 141.784511 -86.937907 827.163546 -62.891307 1367.310801 -63.362037 1704.90816 -46.421702 1559.081352 -39.667727 1454.35218 61.86455 -1020.075918 0.006227 0.018658 -0.041594 1.712806 0.199912 0.208186 0.098617 0.058999 0.148065 0.052155 0.181702 0.048087 -0.000914 0.000525 -0.003788 0.005011 -0.017732 -0.034156 -0.001286 -0.060318 -0.004595 -0.101344 -0.007946 -0.082417 0.204827 0.298903
36.808981 135.025855 42.760887 851.735352 5.627527 199.536966 0.568725 114.131967 2.458049 69.488228 2.073318 99.188515 -42.836769 141.566211 -85.652064 837.149391 -62.187421 1364.326657 -61.024912 1697.273265 -45.586395 1544.072888 -39.147035 1440.672141 69.21552 -958.443147 0.01146 -0.000117 0.061212 0.162535 0.202889 0.687754 0.322491 1.04836 0.26601 0.623126 0.219885 0.507116 0.019698 -8.4e-05 0.00479 0.029958 0.001981 -0.00163 0.021958 -0.008567 0.003792 -0.036295 0.00172 -0.032322 0.206283 0.960193
37.029685 129.876827 57.603016 833.716189 4.666917 235.790849 0.266004 163.049384 2.420469 98.415526 1.482189 130.655557 -42.501386 140.418531 -87.392944 816.487374 -62.591177 1334.694137 -60.223987 1653.883459 -44.928788 1487.730095 -38.781301 1388.162278 68.205787 -820.859426 0.00033 -0.050047 1.103517 -0.096324 -0.044917 1.512229 -0.056826 4.350657 -0.000145 2.51064 -0.049484 2.164203 0.000659 -0.002336 -0.008757 -0.12909 -0.000653 -0.162672 0.002645 -0.280911 0.002389 -0.52358 0.000858 -0.487396 -0.00371 5.327273
33.423141 120.351023 65.725343 696.226119 4.33348 300.924373 -0.043796 278.490676 -0.008829 185.821091 0.07986 213.899545 -45.841453 138.126607 -93.670899 793.147572 -61.996076 1264.348065 -58.867128 1555.113288 -43.565842 1370.977424 -37.670616 1282.916858 42.334266 -547.330297 -0.092372 -0.181382 0.267756 -6.190377 -0.006179 3.966826 -0.52567 15.358253 -2.721673 13.772716 -0.873958 10.206995 -0.063163 -0.009429 -0.108869 -0.169223 0.001421 -0.952173 0.00773 -1.520391 0.010496 -2.385147 0.008068 -2.074237 -3.070207 27.620839
31.874616 112.881607 71.348845 618.80255 2.393974 349.625714 -1.468635 351.444493 -1.734718 244.290684 -0.557721 268.414447 -45.707085 137.846262 -99.377436 794.454594 -62.52923 1138.58804 -56.514893 1354.397719 -43.323912 1149.531207 -39.192919 1086.837316 27.720261 -333.973289 -0.018364 -0.119637 0.115401 -2.281172 -0.285641 1.825496 -1.005202 4.238711 -1.49603 3.992724 -1.059669 3.090754 9.9e-05 -0.000142 -0.084361 0.000538 -0.001141 -3.293144 0.023979 -6.93154 0.000337 -9.746728 -0.015076 -8.125994 -1.541261 26.215989
31.961125 113.376418 72.129282 659.58897 2.778329 422.84765 -0.619058 420.141801 -0.502517 300.6525 -0.125538 324.40946 -44.930705 143.577034 -107.39382 794.207818 -59.396376 1011.625875 -43.523324 1151.544278 -37.348862 931.631283 -36.915448 897.173279 29.186871 -173.799443 5.9e-05 0.000541 0.002123 0.6508 0.014301 3.478145 0.180685 3.064278 0.369911 2.922502 0.154051 2.650421 0.003325 0.058355 -0.155453 -1.9e-05 0.040256 -3.751596 0.847169 -8.223884 0.221576 -11.438612 0.034083 -9.086395 0.018902 25.924741
36.514884 121.990839 77.71031 742.821957 6.35688 488.741022 0.24227 461.829651 0.644287 338.391839 0.853479 365.821584 -42.218969 144.774958 -111.117728 813.654589 -37.942222 755.04821 -16.954942 787.723294 -16.286244 592.958757 -18.870607 596.303171 23.409116 -35.465772 0.151584 0.157696 0.103973 2.472115 0.730091 2.384641 1.63587 0.985774 2.28481 1.115339 1.633675 1.243432 0.042199 0.002488 -0.031734 0.117607 2.393762 -18.730944 6.148332 -34.433457 4.308737 -38.09224 2.999052 -30.619969 -0.318311 52.243797
38.657424 122.289179 79.562554 776.012927 7.839781 542.187271 0.785074 529.187782 2.35375 390.720672 2.39001 414.812241 -40.251926 143.417811 -116.160743 805.715581 -31.729811 629.252101 -12.957306 637.970262 -11.554373 466.727087 -13.406767 482.00468 24.338102 -3.375347 0.030539 0.000182 0.010908 0.362703 0.07766 1.386335 0.155106 2.291771 0.53512 1.88026 0.387041 1.538783 0.023462 -0.003196 -0.055956 -0.019461 0.277522 -5.727611 0.268336 -7.886748 0.405068 -7.545334 0.465814 -6.074818 0.009038 16.958771
40.141089 123.399694 81.898341 761.383119 8.576103 570.689695 0.831932 581.508319 1.268917 443.848602 1.836432 464.038024 -39.468676 142.99455 -137.489312 771.364956 -33.783723 515.191766 -17.145363 497.83374 -14.391674 359.745606 -15.186418 386.951956 24.207366 4.413166 0.013969 0.00251 0.016896 -0.06961 0.016522 0.365054 0.000679 1.232992 -0.166245 1.692755 -0.03641 1.37969 0.003848 -0.000313 -0.898314 -0.374142 -0.032204 -5.698064 -0.292757 -8.678239 -0.155601 -6.953276 -0.055437 -5.214421 -0.000176 15.507573
39.692283 123.258703 99.73278 725.489367 8.436077 627.857128 0.649897 679.178125 0.312583 544.883814 0.843038 558.229264 -40.073558 129.225473 -163.37042 689.461474 -32.725168 425.158114 -13.308542 401.751381 -11.380587 286.66614 -13.956102 320.98113 15.465376 41.107699 -0.001262 -4e-05 0.877706 -0.433309 -0.000576 1.364142 -0.011224 3.789106 -0.321909 5.17577 -0.190951 4.348618 -0.0023 -0.348448 -1.115263 -2.29783 0.008425 -4.320052 0.242663 -5.145872 0.176504 -4.14425 0.025982 -3.080545 -0.975144 18.582779
41.22874 111.435627 111.438584 672.467186 4.572602 680.683853 -0.010348 760.354225 -0.412051 634.007189 -0.017467 643.454939 -41.361728 112.349968 -193.973221 647.535201 -31.713428 289.062883 -10.791262 232.306706 -9.535342 154.887812 -13.517645 197.756169 5.983027 162.15746 0.014588 -0.297992 0.324692 -1.005884 -0.586953 1.066761 -0.824257 2.290607 -1.44241 3.373661 -1.103204 3.025991 -0.010189 -0.590149 -1.312819 -0.657535 0.007943 -13.086402 0.131828 -23.060411 0.081555 -20.122623 0.003499 -14.848428 -2.209925 39.974987
38.363808 101.82968 106.854577 662.929094 0.923205 748.844968 -1.727511 857.657934 -4.284767 741.421153 -2.286018 748.496609 -47.603222 100.426615 -216.824737 548.697298 -26.901556 183.001014 -8.135767 122.170761 -7.495202 79.932008 -12.600694 121.113748 0.445915 334.472143 -0.051578 -0.216446 -0.048136 -0.034063 -1.386573 1.625914 -1.470456 2.928466 -2.039343 4.200657 -1.903831 3.96907 -0.219212 -0.334337 -0.636075 -4.0902 0.197844 -12.069112 0.187211 -17.543722 0.122639 -12.284485 0.016101 -9.347764 -3.162187 30.852175
40.888405 102.773828 91.327758 703.397284 -0.554841 832.10161 -9.739714 962.588807 -15.113408 844.803908 -10.433263 848.502201 -46.906717 92.365051 -227.918365 408.533522 -19.820826 129.902097 -4.720507 89.096587 -5.297694 62.796805 -6.482786 98.466385 -2.515157 446.94472 0.040221 0.002178 -0.609169 0.59943 -2.909454 2.193775 -3.263455 3.026966 -3.303774 3.372588 -2.95186 3.134299 0.002567 -0.168621 -0.138381 -10.317435 0.539655 -4.538292 0.461929 -2.604962 0.190152 -1.03231 1.007241 -1.17104 -5.079134 8.136685
42.848512 104.570453 74.41403 724.018081 -5.192625 847.063826 -22.154724 968.780474 -29.827452 851.46679 -22.80583 860.223043 -45.203439 84.403451 -238.863707 364.116842 -18.194483 119.945038 -3.50809 82.583306 -4.455465 59.22066 -4.375956 94.470823 -11.226884 461.579778 0.022944 0.007784 -0.86527 0.148954 -2.352717 0.066662 -2.515488 0.009925 -2.477019 0.013086 -2.388536 0.040199 0.01575 -0.179385 -0.128344 -1.277728 0.034804 -0.198486 0.08981 -0.123597 0.036433 -0.052417 0.206346 -0.041377 -3.114271 0.117883
41.142482 106.091689 70.472444 715.553641 -9.478902 755.689883 -32.833892 815.302747 -39.69063 685.667801 -30.274797 708.435154 -46.776014 78.911544 -248.327958 292.68619 -17.533164 101.597103 -2.582816 70.240514 -1.035316 55.677632 -2.51667 88.51299 -27.905283 350.570002 -0.017328 0.005493 -0.053625 -0.024885 -0.640079 -2.606761 -1.046951 -6.613804 -0.703248 -8.967897 -0.528106 -7.360988 -0.013444 -0.092366 -0.091936 -3.895776 0.006121 -0.761088 0.07069 -0.499247 1.195288 -0.05464 0.255507 -0.097017 -3.732202 -7.622531
40.827712 103.951191 75.387175 705.422338 -6.445794 715.592705 -28.202293 694.403728 -32.465624 608.987691 -24.220506 693.521603 -46.398597 72.87427 -245.545118 256.512272 -16.712422 98.857075 -2.255077 73.656537 -0.461164 59.204469 -1.917136 90.323115 -25.188059 288.430166 -0.000604 -0.010907 0.082824 -0.036118 0.29152 -0.54649 0.175983 -4.848652 0.362631 -2.272807 0.337352 -0.079325 0.000764 -0.120114 0.00784 -1.192624 0.009837 -0.018728 0.011114 0.040553 0.114524 0.054149 0.040721 0.009161 0.069577 -3.028584
40.414698 102.495394 81.177344 684.045412 -4.364555 583.802552 -24.522202 573.659536 -28.328098 483.253758 -20.55332 543.030463 -45.998128 64.585527 -245.225701 216.76427 -16.526874 88.146571 -2.170372 70.04009 -0.388794 57.628804 -1.904621 86.654703 -22.079487 207.120155 -0.00105 -0.005133 0.107105 -0.164451 0.202235 -6.700634 0.128589 -5.761683 0.14096 -7.261098 0.150433 -9.191716 0.000868 -0.250131 0.000104 -1.672066 0.000518 -0.30697 0.000811 -0.045515 0.003087 -0.010626 2e-05 -0.038024 0.102329 -6.716195
41.861642 102.118894 94.438904 666.376432 -1.020535 538.037404 -14.35886 541.374827 -17.633713 454.518522 -11.938886 499.291456 -43.467975 64.595204 -241.379098 189.385021 -14.906478 78.030788 -1.544467 62.388336 -0.134941 54.424638 -1.380684 82.598473 -14.68352 194.383111 0.012724 -0.000346 0.501435 -0.115596 1.164104 -0.933877 1.351827 -0.467484 1.261495 -0.440356 1.162747 -0.918115 0.035784 0.0 0.015204 -0.923893 0.041794 -0.308177 0.053108 -0.221245 0.065633 -0.045821 0.042048 -0.048612 0.751643 -0.202082
43.46322 103.364065 114.826976 637.455787 -0.001182 598.715777 -6.341861 628.429724 -8.057885 540.62896 -5.237748 576.355297 -41.600891 68.109093 -241.671445 177.894919 -14.374245 70.507274 -1.186559 55.144143 -0.06284 50.959241 -1.238478 79.560693 -6.697548 259.624099 0.015032 0.003773 0.995539 -0.320788 0.952255 1.620621 1.61545 3.243737 1.85126 3.732582 1.361088 2.76414 0.020492 0.04653 -8.8e-05 -0.179774 0.004838 -0.190657 0.023554 -0.223463 0.013611 -0.056993 0.003863 -0.028456 1.547402 4.712028
41.934754 97.892327 124.273912 573.551044 20.81067 791.351272 9.798454 898.557979 3.412451 796.627673 4.256757 814.505251 -39.077924 67.188669 -239.499391 170.064457 -15.795397 75.931448 -1.022758 66.021747 -0.059823 56.948348 -1.465019 85.90788 4.375919 427.587147 -0.013679 -0.074396 0.186698 -1.6873 21.125526 13.41242 31.906155 24.083125 21.957879 24.732362 18.938195 20.54027 0.039458 -0.003131 0.004902 -0.088119 -0.033491 0.100492 0.006081 0.489253 3.7e-05 0.166333 -0.009508 0.12178 21.900826 20.842196
43.186003 95.390076 128.38834 559.855592 29.713691 809.585329 17.003449 1002.89629 6.627853 929.278789 7.693556 923.431487 -40.555553 68.726007 -241.105345 176.710136 -18.227269 81.007356 -1.872316 72.450072 -0.252689 62.505383 -2.051935 92.90241 9.468812 509.76788 0.009197 -0.016198 0.033503 -0.082747 0.790597 0.103843 0.986597 2.864831 0.52879 5.105254 0.50486 3.416868 -0.01371 0.008695 -0.002683 0.063686 -0.087024 0.082107 -0.127457 0.149293 -0.066613 0.129328 -0.049319 0.136855 0.970764 3.609465
45.898696 101.126572 132.459922 609.727192 14.160813 870.564518 3.587722 1034.615014 0.410064 959.742852 1.175734 965.223414 -42.900263 75.84458 -244.89987 182.224306 -17.731815 84.024503 -2.087555 73.134511 -0.260947 68.448882 -1.936737 101.552469 1.325243 515.577549 0.041311 0.083745 0.031779 1.063759 -2.849145 1.106951 -4.970204 0.246904 -3.74074 0.245661 -2.854117 0.46244 -0.032944 0.175364 -0.014813 0.042359 0.003413 0.027582 -0.005854 0.001609 -6.6e-05 0.134946 0.001664 0.192488 -3.709288 0.016459
45.72909 103.827863 123.269357 635.872572 11.473069 879.600245 0.000764 1027.400524 -0.128329 959.526081 -0.035026 969.237837 -43.514241 80.395335 -253.141554 191.257199 -19.268553 87.949811 -2.907624 76.103566 -0.675809 74.286262 -2.857874 108.540081 0.215153 499.847527 -0.000157 0.017802 -0.165202 0.274429 -0.141296 0.023325 -3.483761 -0.012621 -0.997187 -1.2e-05 -1.616624 0.004165 -0.002181 0.066288 -0.068197 0.109249 -0.031926 0.044803 -0.067776 0.029537 -0.096874 0.119414 -0.089316 0.116235 -0.472444 -0.121845
44.051523 102.599755 100.822667 637.45383 0.011556 839.892499 -5.742656 968.913497 -13.545359 896.472674 -9.681745 911.312477 -43.018753 78.600305 -256.616528 187.493974 -20.689602 86.611041 -3.489081 74.655166 -1.089586 72.428309 -3.615991 106.258621 -6.9515 459.273669 -0.015674 -0.003653 -1.127046 0.000982 -10.756399 -0.458541 -5.875914 -0.856946 -11.036828 -1.071358 -8.552101 -0.89233 0.001419 -0.010133 -0.011844 -0.018696 -0.025277 -0.005134 -0.026482 -0.006958 -0.049176 -0.011765 -0.044543 -0.012116 -9.61258 -0.858586
41.918043 101.997862 87.842575 646.739005 -3.401361 755.50638 -21.007779 841.700846 -29.925744 752.064917 -22.041637 779.010859 -44.133016 77.585307 -258.202639 186.340484 -21.39392 84.976934 -3.933608 74.110158 -1.260772 71.450834 -3.911403 103.974589 -18.901639 359.896659 -0.026477 -0.000885 -0.447042 0.033568 -3.809425 -2.233299 -4.783146 -4.47447 -3.204246 -6.337059 -2.506845 -5.185578 -0.007123 -0.003298 -0.002443 -0.00178 -0.005894 -0.007781 -0.013323 -0.000998 -0.006242 -0.00332 -0.005799 -0.012408 -2.92763 -6.050265
43.02712 99.082047 87.608214 679.289039 -3.93167 709.814303 -23.275467 764.349718 -29.183587 661.099656 -21.244948 696.534881 -42.822687 70.134152 -255.732839 176.456442 -18.466772 79.356988 -2.728344 68.700314 -0.573943 64.531362 -2.610005 95.34287 -21.57225 312.537027 0.007241 -0.021142 -0.000157 0.399563 -0.019201 -0.712565 -0.058101 -1.863786 0.004659 -2.930751 0.007332 -2.30681 0.009873 -0.188043 0.005935 -0.134665 0.107622 -0.096125 0.109934 -0.102503 0.133409 -0.176163 0.131171 -0.186992 -0.088204 -1.669847
46.76085 94.293572 94.884514 690.241884 -2.296917 672.19533 -19.331791 707.360574 -23.613129 605.64026 -16.538847 642.673344 -39.122426 63.93657 -250.305579 165.997608 -16.703773 74.825111 -2.066647 64.081729 -0.31886 59.909259 -2.026757 89.504498 -18.444085 284.585168 0.077665 -0.059297 0.145117 0.043798 0.218356 -0.512098 0.182904 -1.103811 0.294685 -1.214622 0.294226 -1.083565 0.083586 -0.143322 0.029105 -0.159748 0.044215 -0.066617 0.045876 -0.080349 0.037216 -0.085869 0.036829 -0.092225 0.122455 -0.654585
46.846931 95.335304 103.029225 688.375583 -0.313277 671.067078 -10.796569 709.116863 -14.559192 610.594241 -9.527392 644.53629 -38.59245 63.558423 -250.061965 165.731468 -16.875809 74.960875 -2.088882 63.872245 -0.321193 59.899802 -2.022296 89.587636 -10.55543 288.004963 4e-05 0.002861 0.16766 -0.001263 0.913643 -0.000474 1.234276 0.001089 1.089275 0.010089 0.960695 0.001348 0.001807 -0.000561 5.9e-05 -0.000107 -0.000441 6.2e-05 -5.9e-05 -0.000171 -4e-06 -0.0 2e-06 1.9e-05 1.093584 0.010212
46.175482 97.9542 107.267108 679.526433 0.224004 712.176361 -4.149906 780.435395 -6.239785 690.064159 -3.660432 715.487475 -38.252175 65.107168 -250.071014 167.757698 -17.887669 75.738618 -2.412639 64.554826 -0.469393 60.457387 -2.422945 90.567883 -3.286365 342.014626 -0.002423 0.017743 0.042705 -0.028623 1.067093 0.611008 1.559206 1.708316 1.73632 2.430067 1.376919 1.85199 0.000753 0.009321 -0.0 0.006156 -0.014729 0.002007 -0.011658 0.001814 -0.014015 0.001292 -0.018092 0.002667 2.062322 2.319311
48.750095 100.87163 120.826019 654.589872 11.602827 755.915196 2.693671 850.22941 0.421556 767.308217 0.892218 786.714865 -34.90292 69.516303 -241.300206 171.963613 -17.600015 78.362794 -1.977336 67.544869 -0.316116 60.433475 -2.179936 91.056993 1.467769 397.062683 0.034921 0.021405 0.403359 -0.233071 8.602498 0.6517 13.530424 1.49431 9.905054 2.048495 8.167011 1.689585 0.07671 0.072223 0.078284 0.026037 0.001166 0.022345 0.021635 0.033844 0.0151 -2e-06 0.006419 0.000659 9.146685 2.0529
50.004862 102.450081 125.539329 648.824163 13.193633 827.415904 3.524296 946.687129 0.642427 858.671187 1.219823 865.237636 -35.152855 72.874677 -242.890996 177.599226 -18.881432 82.588831 -2.203337 71.768296 -0.481319 64.071948 -2.669835 95.698104 2.235883 453.630203 0.007972 0.006127 0.04509 -0.012752 0.051081 1.615253 0.055729 2.590772 0.023178 2.568849 0.025563 1.867279 -0.000446 0.03961 -0.002613 0.045431 -0.022512 0.05549 -0.006113 0.064034 -0.0173 0.053176 -0.024807 0.057678 0.080526 1.882835
51.687458 97.461766 127.040612 654.972546 4.94703 836.21321 -0.01414 960.467384 -1.015015 873.376587 -0.168792 880.646184 -35.302393 72.757847 -257.24509 183.30488 -23.475636 84.157541 -4.38942 72.071585 -1.623824 65.328446 -4.844781 97.855 0.07119 460.975674 0.013921 -0.062245 0.004462 0.014497 -1.98278 0.02326 -3.984903 0.049786 -3.272463 0.062427 -2.296131 0.067996 -0.000159 -4.7e-05 -0.206026 0.045104 -0.249889 0.007379 -0.372991 0.00032 -0.337006 0.006101 -0.321629 0.012018 -1.509145 0.029497
49.694833 94.558264 118.677754 662.725767 3.922917 828.294999 -0.927776 923.852835 -1.161957 828.596256 -0.537744 847.26906 -35.553467 72.157126 -263.987228 184.177949 -23.073007 86.408579 -4.20766 73.688052 -1.57474 67.486049 -4.897058 100.355308 0.03131 423.139654 -0.019584 -0.021953 -0.142353 0.02281 -0.05932 -0.018834 -0.712842 -0.355765 -0.004965 -0.589206 -0.103985 -0.322393 -0.000445 -0.001245 -0.043607 0.001037 0.001741 0.014855 0.001922 0.008964 0.000377 0.017527 -0.00014 0.015771 -0.008076 -0.809974
48.897029 91.765004 107.064783 637.611402 0.160721 798.377064 -4.849741 883.947392 -8.242988 779.914795 -5.294471 810.512088 -35.346427 71.327046 -260.994089 195.661147 -23.155738 93.381013 -4.476891 81.923588 -1.623202 70.466039 -4.735697 103.481842 -2.550444 381.520485 -0.003228 -0.020939 -0.298903 -0.242549 -2.495562 -0.27515 -1.535125 -0.440491 -3.215277 -0.736839 -2.457563 -0.407545 0.000302 -0.002401 0.008533 0.173618 -7.4e-05 0.13525 -0.004174 0.21808 -0.000367 0.03219 0.001352 0.023979 -3.146921 -1.077048
48.000155 93.323538 102.370883 644.083915 -1.099913 717.160756 -15.134224 780.793272 -19.690112 675.462149 -13.083987 711.670784 -36.50732 71.463531 -269.763252 203.777908 -22.369217 96.114296 -4.059855 83.518459 -1.356696 71.786122 -4.278379 105.100426 -10.709787 306.844782 -0.004151 0.006562 -0.052607 0.016343 -2.101538 -2.177719 -2.849547 -3.198999 -2.453276 -3.753131 -1.732403 -3.212467 -0.009378 6.5e-05 -0.072447 0.082476 0.006795 0.019713 0.010193 0.007688 0.011941 0.006125 0.011608 0.00628 -2.807535 -4.062498
48.696092 93.690168 107.200756 644.93766 -1.2509 600.571774 -15.548982 624.406032 -20.238108 523.696931 -13.40943 569.318305 -37.831277 69.565163 -275.114863 209.295324 -22.647956 101.213023 -4.372291 86.860063 -1.281673 75.416935 -4.219381 109.134609 -11.333785 201.64378 0.002504 0.000359 0.055663 0.000283 -0.004854 -5.167854 -0.002803 -8.729428 -0.003761 -9.642448 -0.001999 -7.934174 -0.011791 -0.012777 -0.026281 0.03685 -0.000863 0.065884 -0.00579 0.032772 0.001067 0.044784 0.000205 0.037986 -0.008834 -11.00151
48.36217 94.790131 111.161714 656.975895 -0.842605 512.269877 -14.362248 502.293296 -17.25044 402.925432 -11.270984 452.613526 -40.169757 70.165053 -289.511989 219.427264 -28.707159 106.679174 -7.905205 89.46221 -3.046337 77.065682 -6.969631 110.749218 -5.798411 127.561131 -0.000574 0.00321 0.035928 0.055657 0.040201 -3.508827 0.023551 -6.636894 0.119241 -7.904099 0.092818 -6.685722 -0.035062 0.001288 -0.183582 0.11974 -0.358704 0.071874 -0.519289 0.019202 -0.376095 0.008914 -0.34327 0.005928 0.918875 -8.443887
50.959964 100.790471 129.317368 646.190398 0.153479 410.820422 -5.801511 377.231821 -8.035769 296.043506 -4.442679 347.872684 -38.644307 76.877427 -281.188296 224.86119 -31.119363 112.475538 -9.719635 95.742482 -4.068411 83.705074 -8.172531 118.896679 -0.668655 64.913108 0.033979 0.092066 0.686336 -0.044633 1.715311 -5.591684 1.907501 -8.936776 1.738763 -8.220192 1.561156 -6.882072 0.014764 0.153287 0.060704 0.033231 -0.04865 0.076667 -0.093644 0.106512 -0.073796 0.137153 -0.047855 0.144575 2.528977 -10.480948
51.122334 107.650191 134.690217 634.281568 0.40157 328.046625 -3.978064 275.970204 -6.67018 213.256948 -3.954999 264.566283 -41.971353 88.623271 -292.200801 262.488766 -46.915004 124.394009 -21.689067 106.997075 -11.156933 94.66065 -16.53572 132.069535 0.573852 23.755382 0.000129 0.112906 0.054677 -0.055379 0.058531 -4.651131 0.171499 -7.896694 0.063541 -6.773501 0.014173 -5.692289 -0.068684 0.417337 -0.105763 1.454756 -1.615389 0.300039 -2.37012 0.312627 -1.750777 0.336774 -1.458418 0.345951 2.481392 -10.130966
52.508656 96.437421 136.174695 607.334929 1.859525 248.055268 -1.429176 185.333987 -1.74634 138.654459 -1.102027 186.556731 -44.452506 81.578192 -299.303536 263.425446 -66.885268 122.890322 -36.87841 106.774926 -23.281449 100.676748 -29.225719 139.935411 12.27517 3.032413 0.009273 -0.308253 0.004068 -0.292444 0.532824 -5.5804 0.638444 -8.991652 1.590569 -7.998472 0.881614 -6.796013 -0.035623 -0.14587 -0.042646 0.000834 -1.765945 -0.004572 -2.003944 -0.000115 -2.204886 0.092665 -1.79471 0.113757 7.540865 -9.812975
52.667417 107.558992 140.192534 623.071045 11.799312 199.562058 1.763458 115.573173 1.431528 90.581611 1.5202 135.802969 -43.494977 91.385469 -291.364598 337.999094 -49.474693 160.21327 -22.307747 136.168436 -12.910276 117.442003 -18.381423 157.809778 22.939809 -1.741421 0.00012 0.303391 0.029207 0.100632 4.290568 -2.634541 6.36772 -8.198179 6.340105 -5.097325 5.210896 -4.020523 0.005213 0.278267 0.053354 4.641289 1.309918 2.471018 1.82156 1.784703 1.51782 0.645268 1.251547 0.537005 1.653689 -9.369791
53.508061 94.897345 137.529362 586.272888 14.523962 136.546303 3.017516 62.315148 3.023939 42.906002 2.904626 78.066121 -42.331009 90.334218 -280.831392 364.72923 -68.798366 224.565085 -41.389869 218.563199 -26.36458 174.289411 -32.288313 213.160603 47.246277 -44.243838 0.003328 -0.396318 -0.012769 -0.55998 0.14139 -5.960144 0.167401 -8.159603 0.294288 -8.804097 0.222154 -7.94084 0.007893 -0.003041 0.096958 0.50856 -1.589246 5.419387 -2.925427 9.701729 -2.376401 5.592304 -1.945814 4.152565 4.343225 -28.42996
53.892256 89.594857 136.623764 559.131344 23.958765 102.510239 9.793268 37.049128 9.343755 22.231971 8.415869 49.752919 -39.105054 83.883327 -257.47324 363.169123 -74.27044 288.919912 -47.092111 320.303282 -29.019793 251.906151 -35.26943 285.440795 71.297047 -124.46688 0.000687 -0.076215 -0.001496 -0.321619 1.174487 -2.435375 1.938554 -3.265954 1.736618 -3.367916 1.432127 -3.175269 0.06392 -0.119472 0.507018 -0.001672 -0.104686 4.048742 -0.183932 9.691614 -0.063684 7.127192 -0.065806 5.266899 2.465419 -20.293839
46.146405 90.540658 133.874225 507.63467 41.818114 67.858697 28.535539 14.521599 25.016257 7.019192 21.702505 25.187611 -41.747184 88.99765 -246.347422 427.289793 -77.082218 381.767226 -48.256569 423.03814 -31.136423 324.343976 -37.944865 355.897378 111.97084 -235.935024 -0.300326 0.002483 -0.013975 -1.243691 2.470943 -3.561127 4.894921 -5.18053 3.782518 -4.26713 3.089098 -4.14061 -0.043182 0.075665 0.12286 2.604972 -0.02612 6.4578 -0.007111 7.133558 -0.037249 4.571047 -0.0489 3.881883 4.570486 -17.671127
43.959712 91.146425 139.365505 488.81284 62.152079 42.849331 49.079547 4.385138 41.919355 0.476357 36.87508 9.353086 -38.886678 92.67648 -203.859088 499.115667 -75.872769 480.024195 -48.540282 545.888125 -31.716819 415.875383 -37.787114 438.743365 146.562124 -388.201781 -0.026537 0.00101 0.055185 -0.177778 2.007794 -2.861846 2.768274 -2.946886 2.169406 -3.838425 1.999087 -3.843342 0.050755 0.037251 2.009407 2.788591 0.004782 5.619697 -0.000416 7.819617 -0.00268 5.680932 0.000164 4.330391 2.324579 -18.858699
43.317164 89.726869 141.788131 477.714744 74.419841 33.878577 62.223008 1.376471 54.734907 -0.153418 48.214428 3.854065 -38.264341 93.796238 -186.595892 529.044917 -67.144998 547.736298 -41.940853 631.125455 -27.781113 484.613616 -32.755351 499.64446 160.505676 -502.012138 -0.002365 -0.005571 0.010438 -0.063719 0.5521 -0.526219 0.778765 -0.847948 0.853385 -1.170447 0.758947 -1.199253 0.00251 0.003362 0.381816 0.435705 0.266558 2.232969 0.240992 3.090429 0.130313 2.627377 0.179686 1.978317 0.316743 -7.305076
46.121183 86.941965 151.758387 471.166995 81.250396 32.954361 67.720992 1.117102 61.308012 -0.469679 54.339322 2.865013 -36.686312 94.68089 -171.202685 582.997344 -58.288043 634.547148 -35.011321 732.519384 -23.2142 561.030018 -27.114144 569.395106 159.973294 -593.965306 0.043966 -0.021951 0.169368 -0.022592 0.149929 -0.006391 0.116363 -0.013526 0.186312 -0.086228 0.183064 -0.073193 0.016614 0.002076 0.331277 1.309563 0.31309 3.191413 0.312637 3.774802 0.204908 2.796021 0.266364 2.277905 -0.000442 -3.864276
46.507389 84.638259 155.182077 468.045066 79.412431 23.144639 64.507472 -0.027109 59.632633 -3.604835 53.092792 0.304903 -35.789668 98.468751 -159.133593 625.027865 -50.514343 720.903617 -27.991023 842.481958 -18.356464 655.458333 -22.20969 654.964004 144.159915 -756.280849 0.000805 -0.015466 0.019095 -0.005189 -0.010513 -0.864345 -0.039055 -1.492256 -0.011605 -1.472119 -0.007232 -1.300636 0.005547 0.037145 0.22055 0.7314 0.278063 2.753705 0.392355 3.843342 0.284801 3.670475 0.24444 2.993811 -0.411386 -9.791626
44.75919 88.980951 155.003332 458.773077 74.778148 17.921894 59.744441 -0.92324 54.964984 -6.322782 49.158374 0.002548 -36.165632 104.959686 -162.542584 649.665546 -49.270771 769.310286 -26.241082 897.260941 -17.074554 704.262729 -21.195223 704.828489 133.309516 -844.045616 -0.016745 0.05432 -5.2e-05 -0.04638 -0.069659 -0.333462 -0.091326 -0.633942 -0.095098 -0.379301 -0.075722 -0.251707 -0.000982 0.103582 -0.018064 0.238125 0.007749 0.786405 0.028241 0.862622 0.023198 0.876149 0.011857 0.914589 -0.212233 -2.408401
43.822964 89.503539 150.924522 451.192881 69.741012 18.780351 54.366039 -0.4512 49.850043 -5.164223 44.62614 0.049854 -36.756167 105.950531 -162.769192 637.874667 -50.00305 773.365345 -27.315947 915.505438 -17.258115 723.465671 -21.526678 719.045673 125.770506 -850.877805 -0.004948 0.000765 -0.027192 -0.031573 -0.08781 0.010041 -0.126821 0.083601 -0.124878 0.058574 -0.109576 0.029861 -0.002391 0.002327 -7.9e-05 -0.05399 -0.002701 0.00533 -0.010787 0.091813 -0.000491 0.129146 -0.001286 0.07098 -0.109713 -0.01377
44.162085 89.458715 149.000116 447.006845 68.240496 19.078914 53.164955 -0.368299 48.834739 -4.973686 43.647947 0.064473 -36.012056 104.084443 -167.669084 615.110196 -50.576593 750.250805 -26.978218 890.278247 -17.034161 697.698818 -21.650195 695.826544 123.552824 -820.488211 0.000654 -6e-06 -0.006174 -0.009755 -0.008159 0.001177 -0.006708 0.004204 -0.005223 0.001791 -0.00542 0.000939 0.003805 -0.00829 -0.036331 -0.206812 -0.001635 -0.175344 0.00105 -0.176223 0.000731 -0.233606 -0.000177 -0.190535 -0.009863 0.276302
44.469795 89.546062 148.765277 440.095147 65.437466 18.624839 50.471226 -0.453293 46.952939 -5.173356 41.960735 0.044734 -35.528629 104.009904 -170.709057 603.117407 -51.240751 704.873747 -27.273317 830.741976 -17.125131 647.251601 -21.98688 651.750087 120.790511 -768.15677 0.000534 2.1e-05 -9.3e-05 -0.026926 -0.029391 -0.002734 -0.035014 -0.004408 -0.018486 -0.001965 -0.016628 -0.001799 0.001633 -1.3e-05 -0.013656 -0.059033 -0.002166 -0.707698 -0.000803 -1.030095 -0.000121 -0.946435 -0.001299 -0.721018 -0.015615 0.862157
45.000451 89.08826 147.370624 440.363776 61.794951 19.044641 47.181894 -0.615779 44.716971 -5.30549 39.616839 0.067883 -34.821237 101.582324 -181.235985 577.751749 -53.320657 666.159038 -28.427036 772.400608 -18.08844 598.673337 -23.412692 614.266684 119.686348 -716.695378 0.001574 -0.000587 -0.003284 4.1e-05 -0.052151 0.002339 -0.055414 -0.01242 -0.027273 -0.000833 -0.033679 0.002405 0.003557 -0.014333 -0.157469 -0.272465 -0.020688 -0.546715 -0.01195 -1.061928 -0.013179 -0.947387 -0.022395 -0.555014 -0.002535 0.892032
46.62514 87.935166 150.378976 442.216772 65.65003 19.964675 50.865335 -0.217841 46.062912 -3.492857 40.884365 0.438105 -34.228663 97.050768 -184.82856 528.986242 -58.536406 562.719235 -33.576245 646.933346 -21.29297 500.631668 -26.54638 520.735482 129.991853 -587.757881 0.014405 -0.003756 0.015198 0.001945 0.058319 0.010851 0.069214 0.101112 0.009978 0.188744 0.009979 0.161083 0.002543 -0.051698 -0.017629 -1.074884 -0.121668 -4.361218 -0.214184 -5.556447 -0.130595 -4.380658 -0.098377 -3.86034 0.212771 6.387996
46.95927 86.865341 150.928476 443.234635 67.335027 30.017699 52.296629 0.890597 46.73212 -0.333373 41.636113 3.343622 -34.052786 94.821761 -182.934982 509.658341 -60.065111 493.786969 -35.601178 558.760731 -22.770292 429.465464 -27.652361 452.247255 134.743625 -453.729737 0.000596 -0.003274 0.000501 0.000585 0.010675 1.021426 0.00993 1.989365 0.002413 1.668061 0.003424 1.361102 0.000227 -0.012948 0.004875 -0.17985 -0.009852 -2.251158 -0.029643 -3.228361 -0.024772 -2.726631 -0.011286 -2.413435 0.042649 8.659987
47.745618 85.5087 149.323623 444.314602 65.308551 39.769301 50.747014 3.417507 45.341279 0.111159 40.299437 7.303659 -33.399472 91.044594 -184.908792 509.64179 -57.873448 461.877046 -32.913998 506.808161 -21.612493 378.30725 -26.41547 405.481969 129.561698 -365.448891 0.003265 -0.005339 -0.004289 0.000657 -0.015481 0.684673 -0.011653 0.818908 -0.010505 0.829536 -0.010904 0.763825 0.003164 -0.038384 -0.005296 -0.0 0.020366 -0.53289 0.052716 -1.267246 0.015104 -1.621615 0.01415 -1.275822 -0.050803 4.770796
48.529029 85.725943 143.758571 465.645539 47.813517 52.238498 32.502687 7.871155 29.439746 1.980346 26.117081 14.105936 -32.791487 91.477115 -188.580707 524.19437 -55.868105 422.203931 -30.948857 444.771669 -20.325187 322.289859 -25.16536 355.417622 98.68807 -273.743161 0.003187 0.000138 -0.052839 0.25005 -1.361046 0.848849 -2.023737 0.915673 -1.710217 1.153139 -1.531892 1.109354 0.002792 0.000512 -0.01805 0.102428 0.017679 -0.890614 0.030242 -2.024331 0.019762 -2.243072 0.015151 -1.64881 -2.097661 6.612777
51.637162 85.615881 141.737176 535.160266 29.964134 92.570012 14.275639 30.928634 13.606808 16.64835 12.395646 40.194505 -32.9351 92.464924 -193.085989 532.054615 -55.319116 369.808228 -30.280733 371.267428 -19.883369 265.51404 -24.700951 301.999629 66.386936 -149.190654 0.048234 -3.5e-05 -0.007156 2.417122 -2.075851 5.72985 -3.697164 7.5944 -3.017516 7.144882 -2.527281 6.67771 -0.000157 0.002652 -0.026592 0.029247 0.001355 -1.735024 0.003645 -3.317168 0.002427 -2.748406 0.002163 -2.173815 -3.191115 18.756026
53.350083 84.67621 144.052158 561.158075 22.058795 122.047791 7.521726 50.771516 7.649477 32.470718 7.240186 63.305495 -32.422914 91.965355 -207.299991 504.259187 -54.16152 317.933639 -29.288426 312.212877 -19.063765 232.746432 -23.904501 271.266304 50.86508 -91.350031 0.013975 -0.002593 0.009376 0.308296 -0.604151 2.034027 -1.072747 2.446289 -0.851877 2.618149 -0.688876 2.613271 0.002007 -0.000677 -0.252383 -0.372824 0.00612 -1.959174 0.008266 -2.556016 0.008625 -1.078632 0.006526 -0.824414 -1.031935 7.057745
54.08864 84.762563 144.947706 548.610877 16.536883 147.444149 3.742619 81.549016 3.359739 57.87304 3.639013 93.442595 -33.146252 92.208044 -213.727847 490.347045 -52.248665 287.897851 -27.249416 278.844199 -17.212831 212.783873 -22.185932 251.131864 35.781859 -48.715934 0.002539 2.2e-05 0.001388 -0.070932 -0.397054 1.199319 -0.65285 3.629162 -0.870134 3.644758 -0.613307 2.924428 -0.00399 0.00016 -0.04907 -0.097303 0.017194 -0.745012 0.03678 -0.942682 0.047251 -0.447449 0.032051 -0.388158 -1.322918 6.646295
55.299478 90.53907 151.734157 557.002348 12.24422 212.768397 1.368148 149.596663 1.120551 114.570231 1.833316 157.298709 -33.373297 100.116251 -219.603001 503.052481 -47.09526 286.814811 -21.801553 263.222136 -13.576066 199.303475 -18.507674 241.493663 22.497301 -11.653619 0.006702 0.095199 0.077629 0.031846 -0.321923 5.972767 -0.585082 10.243341 -0.599693 9.587168 -0.306495 8.267392 -0.000387 0.162658 -0.03983 0.081254 0.133755 -0.00102 0.303473 -0.225157 0.215541 -0.220548 0.166578 -0.094295 -1.534284 12.71593
52.623824 89.807681 150.269138 546.426087 7.884287 313.096177 0.060569 281.720777 0.008614 214.135414 0.369729 255.507462 -35.289681 98.840364 -226.624783 501.274957 -46.644312 287.903414 -20.527711 263.790381 -13.351325 193.529517 -18.342524 236.028052 14.03821 0.521108 -0.033173 -0.001483 -0.003553 -0.050687 -0.477864 9.659298 -0.852983 20.734985 -0.932668 15.441898 -0.556436 11.852339 -0.026748 -0.004091 -0.05525 -0.001573 0.001085 0.001031 0.019172 0.000306 0.000938 -0.042436 0.00037 -0.03128 -0.992757 17.103333
49.442584 92.422515 144.782488 539.297245 4.62142 342.291251 -0.266758 322.596072 -0.486647 245.986163 -0.003828 286.81249 -36.8669 101.915469 -236.239355 494.533338 -48.74248 297.203823 -21.980843 278.114514 -14.644421 205.518728 -19.790162 247.483893 9.791906 1.817162 -0.049589 0.018761 -0.051018 -0.023404 -0.433159 0.650589 -0.581549 1.383964 -0.624755 1.103717 -0.448801 0.904284 -0.01724 0.023553 -0.099867 -0.022821 -0.023079 0.073921 -0.024845 0.189347 -0.029879 0.180146 -0.027488 0.135731 -0.381378 0.392056
48.444402 92.234146 143.734202 549.867934 7.733551 334.039084 0.098894 296.626717 0.027958 228.112144 0.397603 271.486838 -39.355071 102.369315 -240.946275 504.997353 -49.929402 300.304103 -21.42812 280.164452 -14.671828 206.818916 -20.440576 249.520011 15.980711 0.521547 -0.00509 -9.6e-05 -0.001904 0.051297 0.398385 -0.050346 0.690495 -0.544799 0.747891 -0.337055 0.479459 -0.210389 -0.040622 0.000504 -0.023215 0.054775 -0.007139 0.008043 0.003519 0.003764 -1.3e-05 0.00205 -0.005258 0.004171 0.754094 -0.391675
49.116383 92.930965 143.229499 558.002414 8.607254 302.491428 0.317189 247.139603 0.219161 187.518297 0.685605 233.575022 -40.075596 102.58587 -243.633504 501.135378 -46.76998 298.090548 -19.233352 278.363172 -12.53863 206.771516 -18.088313 249.606921 16.0732 -0.470349 0.002314 0.001311 -0.000444 0.029864 0.023374 -0.782261 0.061862 -2.256545 0.090565 -1.987113 0.038989 -1.424911 -0.003268 0.000114 -0.007451 -0.007412 0.051627 -0.004094 0.059276 -0.002905 0.083746 -3e-06 0.071872 8e-06 0.000133 -1.982469
47.932578 96.223893 140.757974 569.097176 8.845938 285.448146 0.464485 227.025331 0.330344 173.504506 0.713592 219.948412 -41.24451 105.174194 -244.090336 503.639668 -44.660908 296.933636 -18.809008 274.841572 -11.467275 206.061344 -16.493404 249.587617 15.690252 -1.398841 -0.00722 0.028665 -0.010755 0.054608 0.001632 -0.247079 0.014003 -0.42682 0.011365 -0.272089 0.00028 -0.204759 -0.008402 0.016124 -0.000214 0.003121 0.024329 -0.001125 0.002367 -0.011209 0.023919 -0.000611 0.036798 -0.0 -0.002309 -0.246916
48.420218 95.795679 141.478853 566.441445 9.531919 280.373403 0.63159 224.609836 0.443332 172.587054 0.918607 218.562494 -41.052763 104.489708 -241.173931 505.198557 -42.695704 294.254168 -17.744568 271.689679 -10.590257 203.836026 -15.162921 247.078326 15.367177 -1.299318 0.001234 -0.000477 0.000921 -0.003106 0.012807 -0.022758 0.012813 -0.006459 0.008295 -0.001216 0.012927 -0.00219 0.000223 -0.001117 0.008764 0.001204 0.022108 -0.006072 0.015502 -0.009089 0.017442 -0.006041 0.027972 -0.006339 -0.00168 0.001836
47.995241 96.793045 142.642523 559.869977 8.092167 284.735612 0.201188 227.775312 0.095711 176.922864 0.49886 223.981933 -40.708516 106.51388 -234.062725 521.291798 -38.816015 297.438153 -15.228536 271.659027 -9.36337 203.374884 -13.506362 246.710351 11.352414 -0.921065 -0.000937 0.002583 0.002383 -0.019171 -0.058907 0.016837 -0.119845 0.011075 -0.127063 0.026895 -0.063574 0.033185 0.000725 0.009709 0.053207 0.126162 0.092383 0.008567 0.096134 -1e-06 0.037755 -0.000261 0.047899 -0.000137 -0.303342 0.032456
47.656246 96.917698 145.294588 555.51531 6.668241 295.394277 0.007623 252.217582 -0.004988 191.94661 0.176301 236.277651 -40.869807 107.110488 -232.355584 539.505308 -34.869968 303.424519 -12.372405 272.063636 -7.562338 203.724137 -11.364025 247.604305 7.178874 -0.175324 -0.000601 4e-05 0.012214 -0.008501 -0.068843 0.097924 -0.130488 0.62273 -0.1444 0.306079 -0.082035 0.164268 -0.000159 0.000833 0.003124 0.156371 0.105736 0.029822 0.148173 0.000151 0.096095 0.00015 0.092442 0.000808 -0.476089 0.292686
46.549104 96.037702 146.988895 552.716182 7.457652 316.621278 0.050918 291.588167 0.000101 225.224128 0.275798 264.052504 -41.716111 107.694969 -219.753715 571.22592 -34.815188 326.702115 -12.378695 294.388124 -8.087589 213.137804 -11.655878 254.765138 8.144814 0.166651 -0.006506 -0.002007 0.004911 -0.003535 0.022075 0.368227 0.019139 1.427053 0.006508 1.329384 0.011084 0.771528 -0.004336 0.000795 0.175663 0.453036 2.2e-05 0.430097 -1e-06 0.440087 -0.008817 0.106304 -0.00185 0.051038 0.030475 0.68384
46.845463 98.533172 150.653638 549.337222 10.617392 326.942407 0.53159 307.959005 0.154002 237.158666 0.832166 275.120399 -42.205725 112.427564 -203.871258 577.768225 -36.093655 335.973344 -14.065804 313.439463 -8.872194 226.25498 -12.178609 264.343927 11.364005 0.128294 0.00047 0.016003 0.022562 -0.00518 0.278323 0.082768 0.253463 0.223547 0.14622 0.154047 0.149821 0.11361 -0.001428 0.050881 0.297836 0.018626 -0.011526 0.064858 -0.053872 0.29864 -0.018159 0.195837 -0.005733 0.088383 0.267436 -0.002505
47.401106 101.276716 158.237089 556.428975 15.466032 344.544119 2.038501 320.476011 0.938514 249.115601 2.19547 289.906029 -42.107233 116.195821 -199.453537 585.964514 -36.767442 366.957018 -14.791132 355.837672 -9.049869 262.001322 -12.378863 297.581674 15.81708 -0.162456 0.001638 0.018836 0.093103 0.022741 0.454618 0.230737 0.488124 0.124668 0.332166 0.147026 0.324308 0.193489 5.8e-05 0.031057 0.024195 0.028864 -0.003116 0.683179 -0.009117 1.344298 -0.000881 1.310293 -0.000817 0.983863 0.367255 -0.579487
50.218405 109.628013 156.43632 618.67534 33.166845 398.196684 13.565505 375.61479 10.610789 285.876699 12.186265 325.952172 -38.97374 123.086247 -181.495581 593.426786 -36.503575 445.851743 -15.02888 468.393943 -8.746236 351.383038 -12.03133 378.36661 38.624041 -3.375764 0.040662 0.16541 -0.005153 1.649782 3.335659 1.940356 5.086726 2.187264 5.237926 1.264483 4.036769 1.055794 0.060572 0.09923 0.423505 0.023608 0.000475 3.837993 -0.000948 7.721455 0.00259 6.547247 0.002474 4.844807 5.007548 -2.057121
50.297846 113.04974 150.770715 639.095215 57.341521 451.511989 35.277997 450.381941 29.786774 333.62122 29.734163 366.40939 -38.228548 129.111463 -155.378235 644.907538 -37.840077 589.045826 -15.734859 653.755059 -9.583625 488.12927 -13.136473 498.66954 73.161835 -14.656239 3.1e-05 0.026291 -0.052248 0.165769 3.288246 1.674294 5.091298 3.390827 4.841344 1.842568 3.849526 1.183042 0.003597 0.071984 1.013946 1.070557 -0.012014 9.954433 -0.008102 15.415231 -0.019138 11.21201 -0.024276 8.290149 5.46926 -3.964167
51.535359 123.692061 142.609565 687.609358 86.455792 526.511535 65.446145 533.68989 59.143167 388.308774 55.886595 415.527453 -35.340155 142.314324 -122.084998 711.934285 -39.802499 778.268566 -18.158931 897.47199 -11.959428 693.058312 -14.90825 682.3049 124.293514 -43.830343 0.00752 0.239325 -0.113534 0.887315 2.978186 2.879903 4.624009 3.532615 4.985098 2.074323 4.09184 1.544222 0.056723 0.321301 2.004695 1.656541 -0.024804 13.156572 -0.086796 19.265099 -0.131404 17.912812 -0.056024 14.36453 6.735224 -7.795834
53.155046 137.094927 122.687884 753.859945 108.475447 650.640349 99.365077 671.42581 90.480436 492.450004 81.50876 511.470469 -36.520215 158.568891 -110.896297 771.944465 -44.764095 986.335167 -30.349355 1156.348416 -19.045578 926.137688 -17.048063 896.246041 192.550159 -67.918957 0.01253 0.344641 -0.749036 1.523258 1.247676 6.562889 3.528102 7.896979 3.318449 6.178519 2.410214 4.978353 -0.00969 0.43938 0.268818 1.213945 -0.145676 12.30963 -1.556743 16.380528 -0.820625 16.863422 -0.071722 14.564924 7.439498 -2.627145
53.259697 132.543833 111.366047 653.063494 155.168786 838.215171 176.00811 944.164404 171.406766 828.002888 146.728859 822.440503 -35.660631 164.813021 -96.850932 773.298878 -49.21602 1128.978395 -39.413986 1334.782547 -28.822338 1105.183673 -24.000008 1057.971394 340.804264 -19.974317 5.1e-05 -0.038411 -0.273995 -3.615334 4.167811 11.863155 10.880772 23.187815 12.817261 43.346748 9.516908 36.754035 0.005118 0.060289 0.475333 0.000594 -0.105505 4.814954 -0.591409 6.398636 -1.009061 7.906177 -0.592977 6.703457 21.018926 14.228227
52.556004 129.771085 108.949628 638.923448 199.981854 1152.896815 245.395421 1348.605419 249.724741 1299.772958 211.590826 1271.782168 -34.727671 165.045495 -81.771198 761.421934 -54.051867 1238.995508 -49.218404 1479.41402 -37.648706 1286.043627 -31.449011 1230.590353 481.299343 0.036448 -0.00234 -0.014655 -0.013252 -0.07738 2.838611 25.023889 5.751829 35.953276 7.346489 52.959456 5.919455 48.773903 0.006183 8.2e-05 0.637673 -0.045958 -0.113289 2.557102 -0.543946 3.719018 -0.588611 6.849461 -0.502626 6.519336 12.094056 21.717252
52.625813 130.330639 114.976738 648.242803 216.14034 1327.045109 268.291126 1563.250775 266.261736 1543.544779 225.90922 1501.239994 -33.557528 163.986113 -74.36622 749.560368 -54.672615 1311.542728 -52.333231 1581.55059 -38.313652 1416.768657 -32.135035 1347.555398 506.579939 2.715854 2.3e-05 0.000602 0.081126 0.033737 0.313844 6.122141 0.5105 7.921989 0.265067 10.469161 0.234367 9.50972 0.010027 -0.001705 0.175693 -0.046559 -0.001772 1.031971 -0.047781 1.704493 -0.00291 3.163194 -0.003701 2.654596 0.323528 2.123057
54.607452 131.332153 119.647291 654.318301 224.319163 1474.211459 279.609325 1732.328692 277.890309 1717.614573 235.744082 1670.233308 -31.84871 164.876616 -63.180641 751.196876 -53.330189 1350.004697 -55.301473 1629.021556 -40.081973 1489.458998 -32.531509 1417.757099 529.049442 8.125943 0.018312 0.001917 0.046492 0.014169 0.075942 3.868425 0.116915 4.340083 0.124266 4.648946 0.104771 4.505641 0.022326 0.001206 0.455571 0.000892 0.008343 0.277921 -0.040935 0.350968 -0.019946 0.909205 -0.001215 0.891233 0.243783 1.446293
55.60276 135.439312 119.704737 696.060677 229.379896 1540.629981 287.040163 1804.947513 287.645778 1790.952478 243.568663 1740.919978 -30.665402 165.175926 -58.512649 767.796846 -48.682907 1367.360832 -49.409312 1639.63981 -35.720489 1485.887774 -29.093916 1417.724781 526.096116 14.23124 0.004494 0.031618 7e-06 0.645316 0.028226 0.731706 0.048725 0.745496 0.084147 0.766557 0.063871 0.732471 0.0112 0.000136 0.089562 0.090707 0.10591 0.055428 0.16591 0.017247 0.125578 -0.002143 0.095953 -0.0 -0.004133 0.849766
53.664875 141.300887 116.999371 754.389785 224.884519 1665.293445 281.437125 1952.977224 280.217531 1956.478429 236.721851 1897.944202 -30.675932 164.38685 -56.712896 792.141715 -47.287953 1392.496124 -48.72284 1667.68384 -34.917676 1521.728732 -28.400125 1454.168748 512.968925 27.277177 -0.017186 0.062083 -0.015461 1.173312 -0.022244 2.424708 -0.027613 2.916677 -0.048587 3.657468 -0.048805 3.389532 -1e-06 -0.000945 0.014056 0.189978 0.010139 0.114462 0.002401 0.1189 0.004562 0.213561 0.004186 0.231244 -0.082926 2.10344
53.305729 143.791447 118.185749 787.781511 225.439489 1758.072082 282.854509 2053.245884 280.336377 2071.952799 236.707454 2008.973878 -30.193353 162.932272 -52.439098 799.841441 -46.568748 1458.972016 -48.933297 1747.795998 -34.846988 1625.483955 -27.876984 1551.859308 512.858638 27.054741 -0.000603 0.010879 0.002992 0.361548 0.000342 1.257455 0.00178 1.25497 1.3e-05 1.655368 -0.0 1.57798 0.001913 -0.003232 0.083701 0.01862 0.002756 0.774977 -0.000227 0.939669 3.6e-05 1.710732 0.002432 1.587804 -6e-06 -0.000455
53.267005 144.011384 118.00419 795.480073 224.868251 1769.404096 283.394986 2072.685408 280.058709 2093.361206 236.165338 2027.116172 -30.414537 162.231548 -52.099098 802.41556 -45.470647 1465.928742 -48.977253 1757.017085 -34.686271 1628.953956 -27.683337 1556.724506 511.866184 29.084047 -7e-06 8.4e-05 -7e-05 0.018717 -0.000362 0.018202 0.000258 0.045795 -6.9e-05 0.055017 -0.000311 0.040775 -0.000404 -0.000755 0.000553 0.002068 0.006551 0.008273 -1e-05 0.01213 0.000186 0.00185 0.000337 0.003807 -0.000481 0.03669
52.950651 146.90602 118.25088 810.534657 223.302889 1788.732656 280.910407 2098.842456 276.715416 2113.601396 233.476013 2045.705562 -30.774984 162.382282 -53.631826 811.454318 -44.220093 1490.506073 -47.516489 1791.180262 -33.391515 1652.187337 -26.570185 1575.827469 502.356216 28.374942 -0.000471 0.014401 0.000129 0.070561 -0.002734 0.052499 -0.00547 0.082008 -0.010038 0.048689 -0.0077 0.042424 -0.001062 3.5e-05 -0.01111 0.025312 0.008719 0.102159 0.011057 0.164471 0.012313 0.082257 0.011421 0.058247 -0.044587 -0.004376
53.258305 147.105624 116.326736 821.21706 219.496579 1808.408777 275.677883 2118.717538 273.061157 2130.388817 230.27266 2060.867993 -31.339603 161.854377 -54.224793 825.74869 -44.573239 1515.384012 -47.246687 1817.095498 -33.834739 1670.75854 -27.050246 1591.73191 499.134842 27.891304 0.000446 6.8e-05 -0.007892 0.034967 -0.01636 0.053814 -0.024596 0.046831 -0.012145 0.033202 -0.011064 0.027992 -0.002566 -0.00043 -0.00163 0.062403 -0.000702 0.102952 0.000384 0.093065 -0.001461 0.051896 -0.002149 0.039929 -0.005181 -0.002079
53.69658 147.403983 117.554747 830.252773 219.564934 1846.768363 275.672935 2168.634722 272.682677 2180.847205 229.949149 2107.690958 -31.371711 161.448561 -54.815767 826.130515 -45.041004 1516.850091 -47.505849 1819.994426 -33.983744 1670.93323 -27.247238 1592.211592 499.194635 33.901409 0.000898 0.000151 0.003224 0.024719 5e-06 0.20129 -0.0 0.2906 -0.000131 0.295291 -0.000114 0.262976 -8e-06 -0.000255 -0.001601 4.4e-05 -0.001221 0.000354 -0.000354 0.001155 -0.000164 5e-06 -0.000357 3.6e-05 2e-06 0.292973
53.721435 146.588247 116.887023 822.676069 219.233945 1818.308675 275.363561 2138.693723 272.509574 2147.05566 229.788744 2075.32523 -31.405204 161.535289 -55.43577 829.70448 -45.234823 1503.110985 -47.100701 1804.095247 -33.58115 1644.272245 -27.150097 1567.378806 497.414375 33.485955 3e-06 -0.001132 -0.000951 -0.017365 -0.000125 -0.110498 -8.7e-05 -0.104064 -2.7e-05 -0.131921 -2.8e-05 -0.125215 -9e-06 1.2e-05 -0.001743 0.003857 -0.000208 -0.031253 0.000868 -0.034876 0.001199 -0.107206 8.7e-05 -0.097588 -0.00159 -0.001281
54.306769 145.47311 117.287029 819.371489 220.019401 1809.936262 276.326385 2130.87937 273.188328 2138.149353 230.19262 2066.452606 -31.324489 162.812312 -56.499032 837.07127 -45.189935 1495.811279 -46.688938 1795.164664 -33.029441 1638.660301 -26.938234 1562.213552 496.199427 33.174809 0.001586 -0.002129 0.000342 -0.003325 0.000702 -0.00966 0.00084 -0.007151 0.000422 -0.009255 0.000177 -0.009504 5.2e-05 0.002514 -0.00505 0.01628 1.1e-05 -0.008884 0.000904 -0.011079 0.002285 -0.004797 0.000415 -0.004263 -0.000743 -0.000726
54.380323 144.624462 117.542856 819.033874 221.223002 1808.898516 278.007071 2129.21095 274.224426 2137.24351 230.923082 2065.81673 -31.604868 162.748965 -58.352725 836.211142 -45.149595 1495.846088 -46.391249 1795.645282 -32.738092 1637.875023 -26.88332 1561.44587 496.46275 33.173711 2.5e-05 -0.001241 0.000139 -3.5e-05 0.001642 -0.000149 0.002548 -0.000327 0.000981 -9.6e-05 0.000579 -4.9e-05 -0.000625 -6e-06 -0.01496 -0.000221 9e-06 0.0 0.000476 3.2e-05 0.000645 -9.4e-05 2.8e-05 -9.4e-05 3.5e-05 -0.0
54.279056 144.179453 118.308898 816.840136 222.523058 1804.299053 279.268963 2128.305903 274.782484 2133.596454 231.356692 2062.276092 -31.596022 162.71627 -60.621746 833.610693 -45.671832 1491.292253 -46.360197 1794.112732 -32.625134 1629.968341 -26.841831 1554.327143 496.773037 33.849164 -4.7e-05 -0.000343 0.001244 -0.001471 0.001904 -0.002927 0.001429 -9.6e-05 0.000284 -0.001557 0.000203 -0.001518 1e-06 -2e-06 -0.021639 -0.002025 -0.001501 -0.003471 5e-06 -0.000327 9.8e-05 -0.009565 1.6e-05 -0.008132 4.8e-05 0.003404
54.141036 144.235785 118.111826 816.722256 222.699942 1803.515284 279.551222 2125.647152 275.008298 2131.527107 231.389422 2060.497577 -31.473717 162.489242 -60.995861 832.768686 -45.892114 1486.800748 -46.480647 1789.373522 -32.789234 1620.598289 -26.935295 1547.011102 497.716582 34.949488 -8.8e-05 6e-06 -8.2e-05 -4e-06 3.5e-05 -8.5e-05 7.1e-05 -0.000831 4.6e-05 -0.000502 1e-06 -0.000384 0.000119 -7.9e-05 -0.000575 -0.000213 -0.000265 -0.003387 -7.8e-05 -0.003134 -0.000206 -0.013505 -8.1e-05 -0.008629 0.000448 0.0088
54.099161 143.836836 119.741586 815.642315 223.975064 1803.122957 280.609889 2123.940401 274.376747 2130.515095 230.933861 2059.43603 -31.153321 162.017832 -61.093797 826.981159 -46.421864 1485.594845 -47.044921 1786.319472 -32.654726 1619.953852 -26.935017 1546.50007 496.342832 34.914542 -8e-06 -0.000276 0.005584 -0.000357 0.00182 -2.1e-05 0.001 -0.000343 -0.000363 -0.00012 -0.000224 -0.000137 0.00082 -0.000342 -3.9e-05 -0.010091 -0.00152 -0.000245 -0.001702 -0.001304 0.000138 -6.4e-05 0.0 -4.2e-05 -0.000949 -9e-06
]