07-24-20_Matthew_4KDepth.snake_above_box.0000000004 [ 31.838552 135.68408 74.216412 838.857589 162.06366 1917.196938 212.43988 2276.222912 209.131777 2301.386808 170.956172 2225.464795 -53.75473 121.038259 -84.157322 711.722622 -80.510868 1420.462321 -93.588827 1715.762376 -69.776358 1620.244865 -56.972325 1549.465461 520.506593 59.606216 0.0 0.0 0.0 0.0 0.0 0.0 0.0 0.0 0.0 0.0 0.0 0.0 0.0 0.0 0.0 0.0 0.0 0.0 0.0 0.0 0.0 0.0 0.0 0.0 0.0 0.0
31.237281 130.664073 75.197157 823.504578 163.130679 1908.572533 213.434987 2271.1193 209.026544 2299.145298 171.21727 2222.225331 -56.287942 122.221495 -84.042644 739.941574 -78.562473 1418.621062 -90.191175 1712.52393 -67.191992 1602.430217 -55.960186 1534.561837 513.240981 62.711152 -0.002866 -0.047312 0.003219 -0.070899 0.001751 -0.009721 0.001163 -0.002864 -1.3e-05 -0.000546 0.0001 -0.00118 -0.029161 0.002878 3.9e-05 0.274301 0.011933 -0.000597 0.03141 -0.00153 0.024384 -0.049239 0.004536 -0.036011 -0.025533 0.039415
31.473717 130.778903 75.523241 823.392376 163.982449 1900.724988 214.073927 2258.911792 211.2802 2283.257172 173.108012 2207.606503 -57.81021 123.261813 -89.000012 746.70733 -78.297961 1422.576334 -89.362846 1720.247151 -65.621974 1605.09887 -54.990528 1536.575666 512.39845 59.59462 0.000446 2.5e-05 0.000353 -4e-06 0.001109 -0.008083 0.000477 -0.016448 0.006042 -0.027544 0.005191 -0.024122 -0.010155 0.002204 -0.071025 0.015396 0.000223 0.002753 0.001911 0.008688 0.00928 0.00111 0.004237 0.00066 -0.000346 -0.039713
32.185298 130.770996 78.494548 827.600911 168.460883 1909.985443 218.361013 2272.086037 215.081941 2293.793939 176.319809 2215.143843 -58.50312 124.941927 -91.056708 752.004439 -79.196662 1428.863816 -88.465555 1729.112067 -64.999145 1613.800258 -54.389642 1543.499116 516.556388 59.620574 0.003977 -0.0 0.028664 0.005364 0.030166 0.011252 0.021251 0.019153 0.01695 0.012128 0.014761 0.006423 -0.002064 0.005686 -0.011747 0.009361 -0.002564 0.006932 0.002264 0.011392 0.001485 0.011761 0.001651 0.007781 0.008401 3e-06
32.671043 132.086866 80.800519 831.453535 171.734595 1926.628979 222.529993 2288.109232 219.020599 2316.261919 179.848456 2238.85348 -57.589716 125.534253 -88.899331 753.631338 -79.481072 1443.158195 -89.654784 1743.17091 -66.190249 1631.273598 -55.24865 1560.554286 526.018056 59.884856 0.001819 0.003294 0.016692 0.004473 0.015752 0.036101 0.019711 0.028151 0.017868 0.054751 0.01748 0.063106 0.003593 0.0007 0.012932 0.000879 -0.000255 0.035573 -0.00397 0.028461 -0.005407 0.047044 -0.003365 0.046855 0.042935 0.000292
32.964285 133.908158 80.870293 835.645377 173.03054 1937.023454 224.569908 2301.233261 221.200573 2331.080483 181.639265 2253.96318 -57.244792 127.09013 -89.135805 755.948955 -79.262874 1443.285679 -89.372706 1744.33252 -65.721477 1629.757546 -54.697739 1558.24503 528.066227 62.584057 0.000655 0.006235 1.5e-05 0.00527 0.002436 0.013982 0.004654 0.018765 0.005398 0.023625 0.004436 0.025408 0.000518 0.004791 -0.000157 0.001779 0.00015 3e-06 0.000222 0.000193 0.000833 -0.000352 0.00138 -0.000855 0.00199 0.029749
33.585295 134.287161 81.696996 839.813904 174.183748 1938.216451 225.959212 2303.054712 222.366242 2330.61747 182.80094 2253.924412 -57.571127 126.691171 -87.329266 756.289045 -78.847543 1445.054956 -89.301383 1746.007542 -65.768019 1634.043734 -54.68619 1562.384828 529.998579 61.672158 0.002898 0.000268 0.002102 0.005186 0.001915 0.000184 0.002142 0.00036 0.001532 -2.3e-05 0.001851 -0.0 -0.000464 -0.000314 0.009247 3.8e-05 0.000546 0.000542 1.4e-05 0.000402 -8e-06 0.002814 1e-06 0.002746 0.001765 -0.003346
33.690871 133.75446 81.880811 838.520816 173.145029 1939.881279 224.338803 2305.456674 221.043338 2332.861598 181.40397 2256.235504 -57.048608 125.802728 -88.285072 751.943472 -78.091507 1444.14855 -88.042515 1746.26732 -64.54295 1634.521075 -53.641823 1562.147117 524.473618 61.944697 8.3e-05 -0.000529 0.000103 -0.000498 -0.001553 0.000357 -0.002916 0.000626 -0.001973 0.00054 -0.002679 0.000592 0.001191 -0.001563 -0.002601 -0.00626 0.001821 -0.000142 0.004468 1e-05 0.005759 3.5e-05 0.005034 -9e-06 -0.014474 0.0003
34.740212 135.124362 83.499776 843.641841 177.318383 1950.308762 229.329978 2318.328938 226.896295 2349.615889 186.605256 2271.312745 -55.863783 125.349334 -87.397346 754.407138 -76.995269 1448.594947 -86.489602 1751.734622 -62.87103 1637.8784 -52.260514 1565.547699 528.641382 64.034024 0.008046 0.00349 0.007924 0.007795 0.024849 0.013975 0.027457 0.017918 0.03824 0.029974 0.036758 0.025105 0.006217 -0.000409 0.002243 0.002015 0.003874 0.003417 0.006909 0.004273 0.01097 0.001722 0.009009 0.001849 0.008247 0.017327
35.035026 135.787897 82.818065 845.19046 176.670046 1957.123091 228.755182 2321.976012 227.16231 2356.107502 186.867201 2277.903579 -54.937678 125.98778 -86.817072 754.486214 -76.956152 1449.54541 -86.992325 1752.802257 -63.069637 1639.886242 -52.349143 1567.605587 529.623211 64.709843 0.000623 0.000813 -0.001397 0.00071 -0.000594 0.005942 -0.000361 0.001433 7.8e-05 0.004478 9.2e-05 0.004774 0.00387 0.000811 0.000966 2e-06 5e-06 0.000156 -0.000728 0.000163 -0.000157 0.000615 -3.8e-05 0.000676 0.000455 0.001774
35.297896 136.273342 83.415757 845.997981 177.348148 1966.572629 229.588294 2332.580915 227.726378 2371.063808 187.401026 2292.081452 -54.177576 126.759142 -86.505623 755.142716 -76.578783 1449.816153 -86.279199 1753.174346 -62.295341 1640.519422 -51.797175 1568.127882 528.234165 67.080104 0.000491 0.000433 0.001075 0.000193 0.000649 0.011379 0.000757 0.012081 0.00035 0.02366 0.000381 0.021993 0.002647 0.001177 0.00028 0.000143 0.000464 1.3e-05 0.001467 2e-05 0.002391 6.1e-05 0.001463 4.3e-05 -0.000912 0.021316
36.236962 136.478263 85.225413 846.448099 179.666971 1975.591075 232.192162 2349.560995 229.564993 2387.650696 189.088776 2303.697211 -52.960627 126.995067 -86.151409 751.736728 -75.745103 1450.244218 -85.052555 1753.713958 -61.043538 1640.904266 -50.692509 1568.349288 527.365449 69.814651 0.006164 7.7e-05 0.00971 6e-05 0.00753 0.010316 0.007341 0.03079 0.003696 0.028908 0.003783 0.014679 0.006912 0.00011 0.000363 -0.003849 0.002281 3.2e-05 0.004391 4.2e-05 0.006353 2.3e-05 0.005953 8e-06 -0.000357 0.027315
37.883611 134.791439 89.03291 842.229908 185.01085 1981.650124 238.981267 2356.803077 235.275932 2395.623311 193.865899 2312.257615 -50.718527 127.065605 -84.591052 747.909508 -74.160606 1440.007309 -82.92143 1744.666116 -59.211578 1631.466916 -49.10544 1558.860131 530.547326 73.165506 0.018293 -0.005245 0.041601 -0.005268 0.039156 0.004639 0.048914 0.005572 0.035083 0.006644 0.029797 0.007938 0.024246 1e-05 0.00713 -0.004884 0.008374 -0.018129 0.01352 -0.0117 0.013955 -0.013608 0.01262 -0.014397 0.004785 0.03927
39.249099 134.030683 91.526262 839.30615 188.509748 1981.376574 243.459094 2356.491444 239.25713 2396.958771 197.404619 2313.801291 -49.18178 126.863113 -82.876712 744.719133 -72.477268 1433.998671 -80.922563 1736.415522 -57.721736 1622.159049 -47.792829 1550.886665 532.013645 75.389452 0.012088 -0.001076 0.017216 -0.002542 0.016388 -9e-06 0.020781 -1e-05 0.016701 0.000186 0.016003 0.000258 0.01182 -8.1e-05 0.008775 -0.00341 0.009662 -0.006281 0.012193 -0.009777 0.009491 -0.013314 0.008891 -0.010222 0.001012 0.016648
40.860091 133.721856 93.607799 836.889346 190.938902 1968.885607 246.320761 2339.002557 242.600698 2380.183658 200.50015 2297.70366 -47.365862 127.30094 -80.523223 745.778415 -70.28583 1435.648196 -78.57695 1738.193842 -55.892076 1623.524339 -46.129198 1552.195331 531.382934 72.150494 0.0162 -0.000178 0.011702 -0.001742 0.007776 -0.019749 0.00836 -0.03257 0.0116 -0.029453 0.012041 -0.028097 0.017079 0.000377 0.01695 0.000376 0.01682 0.000474 0.017248 0.000455 0.014734 0.000287 0.014735 0.000276 -0.000187 -0.035557
43.33019 136.134982 96.157835 841.516171 194.599485 1965.137616 250.642724 2329.528175 248.236387 2370.965128 205.734201 2290.214427 -44.459938 131.493749 -77.159373 757.260073 -67.282948 1455.239499 -75.267416 1759.076648 -53.410266 1643.42739 -43.92593 1571.044705 531.936659 66.477103 0.036243 0.01079 0.017134 0.006377 0.017379 -0.001785 0.018794 -0.009614 0.032355 -0.008943 0.03372 -0.006113 0.045992 0.033967 0.035885 0.043855 0.032778 0.066385 0.035602 0.062348 0.02818 0.060628 0.026956 0.05688 0.000144 -0.116142
45.624514 137.828907 99.477344 846.015664 197.976173 1970.551644 254.020379 2334.648289 251.814585 2375.883596 209.275233 2294.234152 -42.242365 133.516398 -74.349105 762.22296 -64.832983 1463.946031 -72.543758 1768.512388 -51.352342 1651.527202 -42.047923 1578.844989 530.5984 65.675629 0.029593 0.005237 0.028165 0.005999 0.014522 0.003724 0.011303 0.00281 0.012802 0.002548 0.015107 0.001762 0.028364 0.007719 0.026065 0.008105 0.022718 0.012984 0.025096 0.01262 0.020215 0.009956 0.020514 0.009658 -0.000843 -0.00243
48.247875 141.685947 102.687921 853.399853 199.746922 1965.327335 255.159634 2322.293972 253.289516 2361.217626 211.28072 2281.287556 -39.755433 138.310554 -71.01438 773.297221 -62.053251 1480.852506 -69.793686 1787.463616 -49.470333 1669.732026 -40.146527 1596.199055 526.637643 59.753011 0.036663 0.026613 0.025495 0.016043 0.003942 -0.003467 0.001275 -0.016387 0.002153 -0.022703 0.004782 -0.018316 0.037722 0.04228 0.038255 0.039935 0.030452 0.048532 0.026569 0.0505 0.017567 0.049893 0.021995 0.047427 -0.007419 -0.139908
50.143375 144.329718 103.750076 853.841138 197.03807 1936.6528 250.198748 2288.31794 247.995942 2320.380226 207.430369 2241.967592 -38.050975 141.630541 -68.585301 778.600334 -59.879183 1487.778835 -67.46245 1794.63462 -47.560545 1676.727522 -38.431102 1602.97069 512.764424 52.163953 0.01826 0.012219 0.002732 5.7e-05 -0.009247 -0.105362 -0.02435 -0.125188 -0.027951 -0.178115 -0.017704 -0.170904 0.018671 0.019688 0.021135 0.009061 0.019383 0.00808 0.019799 0.007178 0.018796 0.007312 0.018727 0.007167 -0.092589 -0.257602
50.815228 145.881014 103.308019 849.082894 191.297345 1890.154321 241.040378 2239.863256 237.643662 2255.566538 199.074998 2178.910591 -37.452896 144.306662 -67.262171 781.072437 -58.884142 1490.400451 -66.275478 1797.873685 -46.751965 1680.318222 -37.674018 1605.934534 495.20652 42.264566 0.002236 0.004146 -0.000472 -0.006648 -0.042435 -0.282506 -0.085379 -0.259257 -0.110351 -0.459033 -0.085878 -0.449728 0.002369 0.012523 0.006444 0.001959 0.004168 0.001154 0.005268 0.00146 0.003466 0.00192 0.003766 0.001369 -0.152933 -0.520333
50.046219 143.516547 101.60245 789.427382 175.688471 1663.972457 217.040612 2002.741395 207.895654 1983.604794 174.395028 1910.957204 -38.034028 148.524086 -67.631015 780.546463 -59.093488 1488.315942 -65.539627 1798.011679 -46.167705 1678.228878 -37.22075 1602.921054 450.002792 12.755516 -0.002932 -0.009659 -0.007098 -1.086341 -0.332094 -7.204321 -0.62913 -6.631628 -0.994225 -8.732774 -0.816354 -8.787109 -0.002237 0.030372 -0.000504 -8.9e-05 -0.000186 -0.000729 0.002054 3e-06 0.001837 -0.00065 0.001372 -0.001415 -1.081531 -8.582755
48.699585 141.281191 100.117682 724.609689 168.463049 1502.157671 205.963558 1822.281391 190.734699 1798.572809 159.729431 1737.008194 -38.437643 152.661632 -68.615663 779.063763 -59.385902 1490.469945 -65.887758 1809.407084 -46.412484 1688.706234 -37.489564 1607.271474 425.322325 1.731101 -0.009183 -0.008773 -0.005464 -1.388097 -0.075857 -4.137724 -0.14506 -4.259315 -0.369559 -4.528786 -0.322011 -4.149639 -0.001065 0.028421 -0.003558 -0.000705 -0.000361 0.000779 -0.000461 0.017998 -0.000324 0.016302 -0.000484 0.002948 -0.348012 -5.088514
47.669249 132.006182 100.160091 639.290815 166.270111 1288.732735 202.631204 1570.212501 183.960013 1541.955143 154.286868 1498.497642 -39.262767 156.566736 -70.516433 779.054945 -59.593838 1490.602723 -65.954638 1809.456017 -46.108595 1687.668588 -37.370029 1607.125473 414.265652 -3.288808 -0.005508 -0.157436 4e-06 -2.671179 -0.007183 -8.17248 -0.013589 -9.377565 -0.06125 -9.871204 -0.047169 -8.803071 -0.004381 0.024659 -0.012984 -0.0 -0.000182 3e-06 -1.7e-05 0.0 0.000499 -0.000159 9.5e-05 -3e-06 -0.072807 -9.792018
46.531253 127.558505 100.17739 594.67194 163.944746 1133.090537 198.356856 1374.644315 178.670082 1333.963446 150.741003 1305.406773 -40.005707 160.229642 -72.189635 773.015803 -60.956531 1473.072898 -67.356354 1789.19073 -47.166379 1667.631751 -38.358972 1590.401925 409.436251 -18.603546 -0.006874 -0.038109 1e-06 -0.806951 -0.008188 -5.006467 -0.022782 -6.501026 -0.038586 -7.531031 -0.020611 -6.656502 -0.003482 0.021177 -0.009809 -0.011749 -0.007702 -0.051844 -0.007369 -0.057061 -0.005998 -0.059827 -0.006458 -0.043734 -0.014158 -6.248379
44.416906 119.674806 101.687902 462.235919 155.345397 746.590227 173.730065 890.845131 149.474503 840.498406 129.757981 842.55739 -42.186482 164.923841 -73.697723 775.23937 -62.102467 1447.93532 -66.392666 1749.390909 -46.33086 1615.785384 -37.982986 1536.245076 362.241925 -125.562838 -0.02458 -0.125728 0.005651 -8.330288 -0.115823 -40.165261 -0.815864 -52.260859 -1.301371 -56.732738 -0.78593 -50.460767 -0.028936 0.033887 -0.007795 0.001597 -0.005336 -0.108166 0.003472 -0.223829 0.003733 -0.409362 0.000926 -0.469062 -1.444508 -47.503794
42.336167 112.420801 96.094253 462.830589 146.715864 579.095242 162.917665 655.566225 145.117613 572.376269 126.042914 590.915183 -42.951577 155.129809 -75.08917 754.263241 -63.015638 1407.835185 -67.066338 1705.722884 -47.330836 1577.535314 -38.624893 1505.596429 358.201734 -249.444506 -0.024956 -0.113387 -0.079115 0.000191 -0.123293 -10.623724 -0.17368 -18.00306 -0.03222 -25.674124 -0.026979 -22.260393 -0.003438 -0.14989 -0.006507 -0.143844 -0.003332 -0.281553 -0.0017 -0.275964 -0.005338 -0.229091 -0.002689 -0.154407 -0.011329 -21.05277
43.828685 108.721047 101.77309 454.22884 150.853575 561.446576 167.131568 571.613754 151.056283 440.524018 126.419471 471.807385 -43.775233 144.876887 -77.936044 733.738829 -63.920462 1363.599344 -67.059602 1658.195168 -46.846034 1519.418887 -38.120534 1437.229523 366.144853 -323.678241 0.012927 -0.030951 0.081509 -0.040342 0.028769 -0.136555 0.026902 -2.874999 0.059545 -8.618466 0.000281 -6.695774 -0.003911 -0.175251 -0.026484 -0.141556 -0.003225 -0.353054 0.0 -0.335769 0.001248 -0.545345 0.001657 -0.794248 0.043553 -4.827898
43.691905 108.522757 111.521467 634.674177 170.107911 409.755561 184.285711 337.449656 173.866006 226.618323 150.972122 270.869156 -45.69951 134.899829 -80.640507 722.359722 -66.235063 1331.015285 -69.559546 1630.553873 -48.82241 1497.008636 -39.929928 1412.687724 406.955151 -558.72424 -0.000107 -9e-05 0.222886 15.055141 0.57805 -11.91937 0.418932 -30.67656 0.801616 -35.222048 1.088746 -27.699428 -0.020694 -0.177951 -0.023063 -0.044463 -0.020582 -0.197015 -0.022875 -0.116162 -0.020417 -0.083249 -0.020976 -0.105672 1.077896 -31.880573
42.409924 98.139521 125.558697 660.461351 183.837314 219.883356 201.543579 130.943841 189.911503 70.464088 165.420078 106.763593 -47.307752 119.37225 -83.77991 695.211918 -67.458387 1291.856082 -69.334931 1601.138699 -47.425772 1469.539435 -40.064088 1386.034947 427.144542 -896.420564 -0.009544 -0.261005 0.415929 0.256747 0.266379 -29.310914 0.386159 -47.979634 0.35404 -44.349718 0.330053 -37.521212 -0.013906 -0.474552 -0.029974 -0.259977 -0.005597 -0.292338 0.000182 -0.133873 0.010134 -0.12718 -0.000113 -0.126913 0.244378 -39.726988
38.325828 92.943377 127.034297 637.885054 156.091566 106.6865 172.655577 33.711286 159.071718 11.350506 136.265202 32.702769 -49.011715 114.72953 -90.446875 669.494299 -68.189347 1267.802504 -67.407972 1603.467577 -45.851664 1478.160472 -39.425849 1384.836253 375.729739 -1230.452147 -0.103365 -0.070663 0.00431 -0.196299 -1.134227 -20.245938 -1.116737 -31.774951 -1.365333 -25.253015 -1.412069 -21.28912 -0.015073 -0.046042 -0.127606 -0.242343 -0.001969 -0.11302 0.013578 0.000846 0.013283 0.012607 0.002562 -0.000259 -1.647953 -26.394092
33.069018 89.077459 115.936331 509.913366 122.567162 47.43546 123.828922 7.13316 126.604842 0.48877 121.815655 8.923097 -51.439556 116.450392 -97.206906 669.202075 -69.816095 1265.682581 -68.310727 1612.355055 -45.733484 1482.867745 -40.220281 1386.175194 324.523482 -1429.513 -0.193793 -0.041058 -0.253589 -7.156294 -2.023949 -11.84444 -4.048154 -9.830384 -1.850911 -7.128529 -0.404821 -7.460973 -0.029344 0.006405 -0.121801 -3.2e-05 -0.009588 -0.000887 -0.003002 0.012281 7.6e-05 0.003742 -0.003962 0.000323 -1.874747 -7.458906
31.840133 98.291569 94.936775 484.97557 46.961803 39.742693 30.26932 4.728786 30.38841 0.513609 28.0618 8.661952 -48.468964 115.832898 -97.766636 706.525072 -70.010513 1291.562385 -66.912423 1642.461002 -46.422717 1491.129983 -41.536445 1395.625128 151.930034 -1436.295306 -0.011634 0.226695 -1.048214 -0.312593 -17.792682 -0.340075 -31.65287 -0.246235 -32.939718 0.000308 -32.943857 -0.001939 0.044172 -0.000821 -0.000803 0.506373 -0.000135 0.130958 0.00723 0.139238 -0.002577 0.011477 -0.010595 0.016051 -32.359545 -0.008026
39.086755 100.653784 103.712378 485.450462 14.921786 55.487173 3.153205 16.349544 3.513775 5.590317 3.711688 19.738305 -42.500803 118.921962 -95.618239 732.186617 -64.761013 1309.336276 -60.975752 1666.311051 -40.43016 1501.516214 -36.484995 1401.361013 67.781927 -1323.869508 0.371166 0.014025 0.193932 0.000116 -8.940073 1.310546 -13.883295 3.492712 -13.235494 2.71498 -11.362056 2.248986 0.195985 0.020325 0.011934 0.228874 0.102276 0.060732 0.137867 0.085958 0.20698 0.018023 0.163698 0.005881 -16.752749 2.290589
38.144864 97.964169 86.680394 499.434508 6.141166 67.117552 0.156867 24.009148 0.337006 10.316937 0.419542 26.798708 -41.656692 113.647263 -99.389379 723.955533 -66.666234 1311.049535 -64.752907 1669.417364 -41.580056 1511.417531 -37.661398 1408.836614 49.403782 -1271.989 -0.005744 -0.018212 -0.763346 0.099282 -1.917491 0.55288 -1.903469 0.733517 -1.674395 0.718449 -1.635466 0.538706 0.004233 -0.059823 -0.036467 -0.023264 -0.01381 0.00056 -0.05675 0.001446 -0.008062 0.016269 -0.009333 0.009943 -1.450087 0.518491
39.8286 95.182886 83.608253 511.77759 4.32667 68.224445 9.2e-05 23.960866 0.135838 10.200769 0.202251 26.631207 -38.532118 108.596535 -97.208493 708.301422 -62.718138 1317.222084 -61.545653 1686.676059 -37.893187 1543.581311 -33.901791 1436.345454 42.566576 -1302.81821 0.018181 -0.020026 -0.027714 0.075334 -0.158462 0.004526 -0.149357 -2.4e-05 -0.044927 -0.000329 -0.039203 -0.000263 0.060898 -0.057399 0.012097 -0.08555 0.060251 0.007248 0.040729 0.044377 0.085565 0.169319 0.098825 0.132989 -0.254496 -0.184572
42.085809 91.976501 74.71023 503.30772 12.238005 47.38342 4.520786 10.608654 7.052758 4.606044 6.104471 15.784171 -34.732237 101.241328 -95.45651 666.478141 -68.282798 1283.985175 -69.250484 1658.918782 -43.779019 1538.338792 -38.021824 1426.357469 85.975072 -1374.592162 0.031105 -0.027468 -0.250247 -0.035337 2.011351 -1.894057 4.48007 -2.682687 5.231012 -1.097664 4.08444 -1.410426 0.098607 -0.128946 0.007966 -0.636317 -0.118241 -0.212351 -0.227132 -0.115148 -0.212362 -0.004459 -0.118102 -0.017424 7.551327 -0.962203
39.878232 93.519069 64.708117 528.737455 13.949868 47.495455 6.149559 10.130587 9.103598 3.638081 7.797349 14.539617 -37.35786 100.401171 -101.624681 664.152326 -72.869793 1277.677388 -73.495335 1656.145582 -47.269305 1537.337912 -41.44856 1427.627371 97.86125 -1391.403803 -0.029734 0.006414 -0.359247 0.313344 0.056011 6.6e-05 0.125045 -0.005511 0.130692 -0.057023 0.103459 -0.02555 -0.04783 -0.00175 -0.096548 -0.002033 -0.074551 -0.007766 -0.063129 -0.00116 -0.066924 -0.000163 -0.073914 0.000283 0.384661 -0.051091
41.07102 92.828314 60.878143 575.787777 11.029621 59.215202 3.626778 15.84013 6.682116 5.850412 5.863264 18.514778 -37.179597 99.645179 -103.379518 653.460044 -75.950043 1227.620118 -78.071862 1600.500527 -49.520905 1487.499972 -43.297395 1380.754208 92.584579 -1306.776138 0.008788 -0.00128 -0.058414 1.002575 -0.171284 0.645527 -0.331108 0.635381 -0.18683 0.261517 -0.137608 0.239899 0.000213 -0.001428 -0.007511 -0.043384 -0.031881 -0.500136 -0.069109 -0.475427 -0.026193 -0.410599 -0.02017 -0.391194 -0.073114 1.327488
44.231033 93.046207 68.497415 619.119149 9.52237 111.460104 1.999382 54.188369 3.094108 25.946718 2.919069 47.727498 -33.777141 102.298105 -99.340303 663.680372 -70.866934 1227.43739 -77.989883 1584.577853 -49.727192 1498.037367 -41.130823 1377.402786 77.629467 -1129.678859 0.058551 0.000128 0.224555 0.78593 -0.055344 8.192906 -0.240507 11.43325 -0.682229 7.155784 -0.508211 6.789302 0.081623 0.017426 0.040245 0.039653 0.08802 -7e-06 2.2e-05 -0.0398 -0.000214 0.018596 0.027804 -0.002036 -0.658256 6.444811
41.993367 91.774882 66.806711 604.664168 5.338188 145.90434 0.068286 95.26513 0.377559 52.230098 0.550852 77.891586 -36.407306 102.516093 -102.589794 656.382036 -82.643007 1063.585432 -88.07462 1337.928688 -62.325547 1215.364014 -54.054979 1144.031711 72.404977 -763.69499 -0.02904 -0.004373 -0.010564 -0.085372 -0.601217 2.315328 -1.32867 5.755733 -1.309993 4.550744 -0.933802 3.675318 -0.0493 0.000116 -0.026147 -0.020176 -0.45235 -5.866786 -0.306495 -10.426756 -0.710484 -14.764164 -0.881491 -10.823045 -0.090991 35.708556
41.614155 98.155229 67.235434 647.533078 5.675123 189.043782 0.083945 133.649976 0.35337 78.600041 0.505932 109.135045 -39.00571 109.065378 -110.015034 663.784639 -96.86331 949.704882 -96.840433 1164.486759 -75.315877 1009.623207 -67.261731 966.362607 85.987065 -524.817799 -0.00086 0.107198 0.000686 0.734023 0.005155 2.789676 0.000807 3.241161 -0.0004 2.685099 -0.000955 2.62813 -0.044778 0.101387 -0.129703 0.020755 -0.564145 -3.223373 -0.207887 -6.017849 -0.614372 -9.532673 -0.720998 -7.492069 0.583405 22.336303
40.424172 101.964215 66.545011 705.745958 6.751863 219.99332 0.611232 155.883646 1.369522 94.11244 1.334089 126.567355 -41.0234 112.862863 -116.067356 670.322278 -113.947632 841.352783 -113.958067 1011.139663 -94.299186 855.23662 -85.607001 826.912941 118.397085 -381.939491 -0.008631 0.036253 -0.001782 1.252627 0.046735 1.172569 0.242144 0.854939 0.331565 0.698044 0.196904 0.645522 -0.025439 0.032492 -0.081026 0.016019 -0.693405 -3.280447 -0.696158 -5.410996 -1.065653 -6.401607 -1.10477 -5.430202 2.586054 11.327465
40.367953 105.648525 67.12224 760.61163 9.209307 263.943747 0.831709 195.59487 2.598271 116.768546 2.227219 150.225594 -41.383312 113.258593 -124.527001 665.391291 -128.439201 712.009035 -128.787457 825.454973 -110.004969 675.95377 -100.185385 666.940159 146.415822 -230.832152 -2e-05 0.032694 0.001246 1.026795 0.190314 1.999888 0.016944 2.250559 0.195054 1.220567 0.113811 1.01292 -0.000786 0.000346 -0.148773 -0.009102 -0.433591 -5.394398 -0.453389 -9.410723 -0.604582 -10.532089 -0.572837 -8.59023 1.486444 18.923465
40.181204 110.453973 68.144712 791.049321 16.518225 353.808963 5.706646 292.005413 6.806739 187.662549 5.990056 221.153503 -42.003835 110.918895 -131.510495 648.800023 -126.836327 614.774525 -123.425849 679.049358 -106.714883 524.561257 -98.127299 529.563543 167.424511 -84.719216 -0.000216 0.053436 0.003864 0.298565 1.060031 6.571351 2.181168 9.626389 0.994124 8.36973 0.912163 6.836006 -0.002309 -0.01221 -0.095256 -0.104734 0.005032 -3.567756 0.056996 -7.140421 0.024975 -9.584031 0.01068 -7.912614 0.703958 35.86641
40.242322 112.417958 70.979023 740.026535 18.465619 425.830402 6.856951 406.691024 6.85653 283.807636 6.47963 310.832835 -41.950272 108.414929 -138.996051 637.683497 -118.280114 543.726559 -118.453128 598.99802 -94.720855 451.298225 -87.315731 460.859738 152.546252 -19.335277 2.3e-05 0.008654 0.028874 -0.850398 0.054243 3.333722 0.052771 9.476645 9.1e-05 9.907343 0.009614 7.613302 1.7e-05 -0.014293 -0.103591 -0.04803 0.14938 -2.180649 0.051122 -2.509498 0.357396 -2.754011 0.315432 -2.385801 -0.346098 23.108351
39.308046 111.218028 70.121923 719.557859 14.79276 504.360648 3.503815 523.934707 3.677306 372.09445 4.014907 390.359171 -45.166859 107.84564 -144.373903 629.639561 -114.691737 515.464817 -109.372102 553.223709 -90.438089 408.097883 -83.559045 419.530299 130.58832 -0.831166 -0.005486 -0.003219 -0.002603 -0.14353 -0.203427 3.320838 -0.557606 7.414937 -0.491215 5.969024 -0.293535 4.524373 -0.059403 -0.000749 -0.051036 -0.025528 0.027637 -0.377112 0.181055 -0.909597 0.049537 -1.08649 0.0413 -0.970629 -0.852736 12.148757
38.700054 107.212358 71.203416 702.013963 13.289566 541.558323 2.556836 590.000982 2.624218 421.090527 3.00089 431.97055 -46.711301 103.873662 -152.066055 623.214628 -116.792507 485.670328 -108.861177 514.486337 -91.763405 364.423427 -85.04486 378.208251 125.423553 2.046653 -0.002369 -0.036732 0.004138 -0.10826 -0.04026 0.661669 -0.07444 1.960884 -0.088617 1.514722 -0.073666 1.053481 -0.012982 -0.037262 -0.099816 -0.016474 -0.009533 -0.443451 0.000598 -0.702943 -0.00482 -1.235555 -0.006547 -1.070939 -0.052102 5.486349
37.429189 109.275379 71.493011 701.139643 20.761049 607.693395 8.18489 674.047474 6.202618 494.068464 6.49188 499.870581 -48.314886 102.503782 -156.779514 600.669207 -118.172077 447.634642 -106.946278 474.880376 -92.496794 336.436407 -86.15246 354.12217 146.604413 15.096706 -0.010608 0.00983 0.000294 -0.000272 0.829819 1.904489 1.592426 2.797218 0.757877 2.914397 0.665218 2.477112 -0.013531 -0.004547 -0.035969 -0.207675 -0.00405 -0.775371 0.008496 -0.793063 -0.00146 -0.559017 -0.003583 -0.396198 0.825854 6.026216
37.708965 109.538288 72.009207 689.861252 27.138669 666.459368 14.970983 754.91588 10.341745 567.821582 10.187485 566.663476 -47.766214 101.397379 -162.462043 572.270465 -114.943889 415.29226 -96.86155 439.548136 -83.835567 310.613034 -80.316525 330.920643 153.067245 38.499417 0.000521 0.000158 0.000928 -0.045724 0.426473 1.355912 1.016691 2.290102 0.526137 2.564342 0.414565 2.093545 0.001567 -0.003002 -0.050579 -0.34384 0.022353 -0.606307 0.249657 -0.682849 0.212843 -0.515503 0.102327 -0.393016 0.069698 5.379347
42.921504 108.029991 81.81125 612.337267 38.574901 762.310837 28.693109 929.318945 17.098305 750.054088 15.997228 724.032836 -42.208087 96.700414 -160.201199 530.856139 -100.09192 366.653478 -73.601147 389.225575 -62.208245 266.1922 -62.375248 288.58547 144.534015 122.582934 0.168665 -0.005228 0.31263 -2.309672 1.002784 3.218805 2.212238 9.054084 0.844839 12.660134 0.652653 9.629626 0.17184 -0.055691 0.007921 -0.777676 0.513507 -1.514187 1.59445 -1.529186 1.610249 -1.713009 1.132412 -1.448222 -0.122363 23.686987
42.010054 103.698963 91.318416 578.937905 43.495881 868.585574 34.973171 1090.420296 19.090423 920.682402 17.228241 879.585572 -43.069903 95.400089 -168.058684 532.763178 -97.729098 354.620469 -72.759982 374.4237 -61.913363 255.046631 -62.55492 278.822402 149.762853 206.570749 -0.004891 -0.044301 0.261233 -0.468295 0.147664 3.466295 0.310491 6.435251 0.054873 8.735769 0.022813 7.562223 -0.004355 -0.004401 -0.094055 0.00171 0.014112 -0.10038 0.002417 -0.143466 0.00035 -0.119176 -0.000129 -0.084 0.046455 10.895621
43.228081 103.788693 96.996871 578.379579 55.459871 987.625919 45.164776 1259.854693 27.214672 1094.693972 24.888348 1034.606387 -43.148604 94.462017 -171.230763 538.246468 -94.243166 338.591094 -68.195352 350.396149 -57.588359 231.189815 -59.408504 256.547022 163.980007 319.738476 0.008703 1.9e-05 0.085633 -0.000135 0.7259 3.82101 0.650704 6.115329 0.718272 7.526304 0.702463 6.287506 -3.6e-05 -0.002317 -0.014828 0.014037 0.031652 -0.185351 0.073929 -0.398362 0.078291 -0.585611 0.040592 -0.463612 0.322288 12.310717
44.699196 103.162551 105.05448 568.540917 67.327153 1038.05869 58.332419 1332.271173 37.641757 1175.780855 34.257647 1109.008526 -42.125723 93.266773 -174.992342 544.701703 -90.973403 317.836613 -62.338912 318.726869 -52.418943 205.041091 -55.120155 233.361454 178.900807 398.81708 0.012307 -0.000947 0.160729 -0.0422 0.574828 0.627901 0.841058 1.011751 0.843678 1.448415 0.746809 1.291591 0.006135 -0.003805 -0.020435 0.019239 0.028864 -0.328183 0.131441 -0.749866 0.121527 -0.784414 0.080313 -0.548951 0.324801 4.364642
47.490732 100.649418 114.579036 511.879669 84.768489 981.39551 82.731516 1243.299604 57.644597 1106.5906 50.852923 1051.623466 -39.43719 95.857645 -179.283365 531.866276 -86.056002 303.154217 -49.586486 300.847244 -41.196484 194.393 -45.961066 224.207945 196.30399 373.377074 0.042274 -0.015495 0.206617 -1.486786 1.003339 -0.795103 2.126115 -1.537194 2.123187 -1.048995 1.633591 -0.76219 0.044323 0.017747 -0.025988 -0.076518 0.068309 -0.173596 0.728859 -0.258038 0.675099 -0.141953 0.415813 -0.091565 0.403825 -0.419175
48.942179 102.201189 116.907388 509.421003 87.565373 956.154148 83.696513 1142.346318 60.996978 964.961402 54.054716 933.835746 -38.833136 98.648461 -174.336707 523.51526 -74.729705 299.070843 -37.762166 299.442246 -30.26404 198.362397 -35.264014 227.671513 177.191572 288.310527 0.010924 0.005935 0.01171 -0.002959 0.022697 -0.164422 0.002798 -2.136975 0.047373 -4.847169 0.048871 -3.496968 0.002331 0.020023 0.0346 -0.03304 0.399428 -0.013844 0.804025 -0.001644 0.841205 0.020059 0.707463 0.013274 -0.489328 -5.490859
49.230657 110.874204 119.906788 571.621449 80.816701 831.768087 71.481521 977.32093 51.918517 817.499022 47.898499 804.025259 -38.284585 104.00571 -170.658129 535.777349 -63.173582 322.831317 -29.864769 325.298763 -22.688849 222.389263 -27.20407 252.153406 143.250543 187.121013 0.000424 0.176586 0.018995 1.790912 -0.135296 -4.332028 -0.481505 -6.433739 -0.365548 -6.110231 -0.186034 -4.854914 0.001951 0.070823 0.019612 0.070974 0.485047 0.454064 0.462708 0.535299 0.544636 0.686583 0.522149 0.624971 -1.802576 -10.893241
47.760529 109.865416 119.051282 603.037486 46.888145 666.179653 27.068601 719.690892 23.082914 560.803729 23.996183 576.932544 -38.637193 104.262509 -167.913139 547.11836 -42.982599 341.900106 -19.349275 347.848783 -13.955211 240.161874 -16.873557 268.254125 72.933916 66.980114 -0.011142 -0.002305 -0.001531 0.420183 -4.589531 -9.180497 -10.575017 -19.669911 -5.764716 -24.114433 -4.089634 -18.800194 -0.000808 0.000158 0.011128 0.059388 1.937857 0.273564 1.136539 0.377812 1.05599 0.341565 1.227683 0.249127 -11.755272 -30.195908
46.368639 109.265971 118.869773 641.243037 8.244203 522.480798 0.032946 531.924974 0.001779 407.086345 0.409416 437.140147 -39.516134 104.221188 -166.831183 563.746637 -29.668805 378.507143 -12.340809 376.675535 -7.479822 291.591729 -9.509904 322.448352 7.712299 9.612007 -0.010292 -0.00082 -6.9e-05 0.586688 -15.810325 -8.71795 -25.212834 -14.164357 -22.679424 -12.284422 -18.136815 -9.681578 -0.004943 -4e-06 0.001749 0.124459 1.230333 0.930683 0.784699 0.573694 1.001483 2.492926 1.048433 2.491289 -33.21255 -25.845167
42.298129 107.634731 113.149387 629.432283 2.056642 478.524491 -1.707171 498.934183 -2.708286 388.554057 -0.92257 416.034023 -42.643025 107.140964 -157.73244 576.880146 -22.195815 420.773799 -7.79898 432.316249 -3.685392 343.860718 -5.286889 369.966538 0.075104 1.364908 -0.093484 -0.006134 -0.070528 -0.054891 -2.065464 -0.965574 -2.214437 -0.528041 -2.848883 -0.215859 -2.561155 -0.261105 -0.059525 0.020168 0.127561 0.075614 0.541202 1.118331 0.518808 1.915692 0.664533 2.153335 0.615424 1.632434 -6.265271 -3.732743
38.112402 96.53543 90.450106 593.242253 -0.385238 369.768799 -11.994516 363.259545 -13.029497 269.499483 -8.255536 301.643206 -45.272554 112.173139 -152.490087 642.120725 -21.726836 484.933042 -7.913335 508.682702 -3.186772 399.81794 -4.875332 421.796438 -3.32875 -12.809302 -0.109017 -0.301919 -1.269327 -0.535713 -4.222099 -7.000413 -4.651452 -10.741781 -3.857108 -10.859234 -3.658574 -9.175044 -0.039333 0.057739 0.044298 1.747081 0.002504 2.275342 -0.000416 3.103866 0.018113 2.108206 0.008337 1.69825 -4.403855 -22.53687
37.985925 94.501588 79.941653 589.914118 -2.364911 275.536975 -18.141055 239.98077 -17.400887 170.923987 -12.84899 205.395786 -43.903573 121.16997 -148.889037 717.630276 -23.449969 569.479451 -9.151156 612.739845 -3.922032 476.081049 -5.786031 492.300286 -4.800591 -76.483622 -0.000105 -0.010827 -0.324349 -0.004681 -0.841167 -6.917252 -0.633491 -12.731025 -0.315617 -11.173305 -0.505953 -9.21877 0.010509 0.173506 0.021514 2.098213 -0.032874 3.395076 -0.044954 4.838184 -0.038126 3.326369 -0.038967 2.72302 -0.134351 -26.692546
39.05844 87.479109 70.622835 550.104028 -2.537097 206.92402 -17.46634 168.002977 -16.609387 117.021551 -12.969367 149.309784 -42.347841 116.778787 -145.861577 698.594938 -18.48181 582.190103 -5.700383 649.222613 -1.465481 507.352021 -2.947643 518.095102 -8.207602 -137.049777 0.007465 -0.135546 -0.288659 -0.695308 -0.003025 -4.9038 0.006393 -6.399466 0.009211 -5.090168 -0.000281 -4.462223 0.014032 -0.040522 0.015548 -0.127932 0.295359 0.070144 0.406458 0.52746 0.592656 0.497299 0.474097 0.329317 -0.454096 -8.769503
40.152834 84.208674 65.678382 532.338424 -2.86466 151.877803 -17.003105 107.05621 -15.556622 72.710013 -12.828338 101.702268 -41.605389 115.846819 -137.895253 706.253228 -15.970062 574.699159 -4.561444 637.170792 -0.850437 499.434774 -2.05313 512.264345 -9.132467 -191.020614 0.007561 -0.031152 -0.089712 -0.145799 -0.009941 -4.247649 0.003113 -6.837175 0.017233 -5.247001 0.000385 -4.556022 0.003283 -0.001867 0.111847 0.020874 0.091683 -0.024252 0.0634 -0.056456 0.083163 -0.031131 0.080653 -0.016498 -0.024682 -4.469819
43.468132 80.981071 72.38459 496.576573 -1.455619 114.27605 -13.680828 73.740557 -12.726453 45.664743 -10.052613 71.222329 -39.680229 112.373282 -132.853153 703.44882 -12.720394 562.056583 -2.658161 622.281861 -0.17695 483.817479 -0.923228 499.236585 -9.902109 -232.205241 0.065746 -0.031535 0.162968 -0.621673 0.236235 -2.669543 0.180389 -3.096069 0.141958 -3.130944 0.168988 -2.707413 0.022801 -0.026435 0.046953 -0.002789 0.184633 -0.070305 0.255396 -0.08801 0.25154 -0.124035 0.22281 -0.0839 -0.015566 -2.00863
41.486866 83.869025 76.852971 496.322515 -1.6e-05 90.485085 -4.640545 42.990337 -3.1551 25.354837 -2.828206 47.526269 -40.13297 113.508403 -126.774376 701.093558 -13.308281 570.161834 -3.134657 628.165428 -0.432497 495.589525 -1.359815 511.59638 -1.2513 -296.751663 -0.023106 0.025298 0.06691 -3.3e-05 1.44587 -1.386819 2.38569 -4.123054 3.208237 -2.96601 2.2167 -2.388269 -0.001284 0.002852 0.071172 -0.001975 -0.00664 0.029012 -0.019631 0.013842 -0.056165 0.07075 -0.042133 0.075567 4.113378 -3.952937
44.673616 83.569016 88.684949 490.388622 3.276033 90.411053 -0.045487 42.536637 -0.001182 23.682491 6.7e-05 45.345775 -36.394756 113.743485 -116.863117 698.37235 -13.132952 558.530252 -3.3391 606.459923 -0.841276 477.373742 -1.808535 495.299372 0.779396 -288.402531 0.058953 -0.000269 0.423392 -0.017843 3.2907 -1.5e-05 3.767151 -0.001203 3.034157 -0.028525 2.855829 -0.025601 0.091356 0.000122 0.20168 -0.002646 0.000581 -0.059935 -0.003229 -0.190813 -0.067375 -0.170533 -0.031936 -0.131895 4.0058 0.059567
45.712243 80.762216 98.571752 505.645852 9.622617 115.321675 1.293244 63.526115 1.526836 38.609855 1.603404 65.027404 -34.920776 110.745768 -115.633734 684.972189 -15.711295 555.731677 -4.456383 600.02501 -1.646239 473.08247 -2.838932 492.278729 6.343903 -241.391414 0.005968 -0.023972 0.261185 0.116862 1.669401 1.513688 1.823813 2.097617 1.612974 1.814994 1.582723 1.76898 0.015234 -0.020016 0.00325 -0.064904 -0.115468 -0.003514 -0.080482 -0.017161 -0.133844 -0.009688 -0.115665 -0.00462 2.676091 2.089881
46.616797 79.289728 102.45352 519.679041 18.491933 158.238214 5.768867 111.63933 5.412063 72.093345 5.63617 102.28008 -33.546791 107.710063 -111.809877 681.023525 -16.871084 551.820973 -4.57584 599.567375 -1.967049 460.684197 -3.168815 476.975974 13.90469 -168.292894 0.004431 -0.006774 0.037482 0.096038 1.43566 3.387382 1.599309 6.737266 1.189697 5.185171 1.227234 4.200058 0.013788 -0.021093 0.032146 -0.005707 -0.020648 -0.006904 -0.00079 -8.7e-05 -0.01427 -0.082314 -0.009064 -0.120809 1.464557 6.574102
47.294798 82.060676 113.716534 521.77584 14.441757 162.230334 2.910135 117.855962 2.739539 73.559069 3.334103 105.866127 -34.499173 113.817237 -113.298115 687.735026 -15.411721 551.317869 -3.853972 603.04217 -1.200278 466.568071 -2.328497 482.558506 7.566502 -169.612293 0.002447 0.023795 0.293615 0.002111 -0.249994 0.024866 -0.484325 0.084214 -0.450548 0.007375 -0.300424 0.030893 -0.006665 0.084199 -0.00492 0.016455 0.033003 -0.000115 0.030965 0.00502 0.094214 0.018668 0.064605 0.01624 -0.95682 -0.002576
44.522118 81.08221 112.048999 481.919102 7.246634 173.734858 0.084161 144.390949 0.245431 97.933907 0.529237 128.400767 -38.415806 115.852272 -120.47621 698.378966 -12.939311 563.608662 -2.524675 619.957675 -0.336612 478.005043 -1.162786 493.968176 1.1569 -143.213164 -0.041874 -0.002934 -0.006158 -0.791668 -1.228271 0.197034 -2.004509 1.345901 -1.34501 1.741075 -1.206627 1.086347 -0.105267 0.009016 -0.110229 0.040868 0.108012 0.067748 0.140049 0.116986 0.265626 0.069242 0.20036 0.066657 -2.806077 1.115893
42.545112 79.916661 106.221022 465.023613 1.161032 199.84735 -2.292854 180.250911 -2.440335 128.398403 -1.092082 158.188807 -40.052431 117.584541 -127.921678 711.385075 -13.209442 575.870735 -2.581906 632.033955 -0.368712 486.541873 -1.282334 502.411926 -0.911912 -115.055491 -0.022448 -0.004219 -0.07782 -0.150738 -2.606434 0.913717 -3.255578 1.986625 -4.233583 2.059643 -3.141806 1.552284 -0.01707 0.006427 -0.11161 0.059997 -0.001395 0.065979 -0.000321 0.058243 -0.000731 0.037779 -0.002924 0.035779 -4.123067 1.53953
41.067162 78.95179 94.92876 457.445152 -0.837487 199.270322 -13.8261 180.715908 -14.173444 127.948982 -9.619751 158.408986 -41.361459 117.472171 -132.204786 720.495902 -13.672209 584.201691 -2.892855 640.92928 -0.408981 491.571198 -1.362555 506.707661 -9.767171 -117.938544 -0.013063 -0.00293 -0.317216 -0.031131 -3.970673 -0.000417 -4.858185 0.0003 -4.851474 -0.000394 -4.229377 7.7e-05 -0.010524 -2.7e-05 -0.035264 0.028986 -0.003984 0.029914 -0.008838 0.03108 -0.001043 0.01293 -0.001217 0.009143 -4.71023 -0.017838
39.368646 72.097799 79.690257 433.899679 -3.793736 172.853783 -21.381901 150.722489 -20.950856 105.793834 -15.773634 133.75832 -41.831336 107.110735 -140.024266 691.335984 -16.500352 563.682812 -4.683387 622.49242 -0.907767 477.817146 -2.190307 490.878702 -13.136581 -133.943958 -0.017935 -0.155583 -0.666181 -0.311039 -1.066281 -0.93882 -0.820311 -1.359913 -0.66007 -1.052349 -0.756954 -1.041767 -0.001327 -0.239147 -0.112326 -0.301166 -0.132837 -0.183406 -0.214623 -0.13453 -0.098127 -0.097579 -0.097771 -0.125589 -0.249196 -0.509032
38.448249 68.797575 71.478547 418.574432 -5.651732 152.745747 -24.812758 126.529068 -24.241426 85.705856 -19.240202 112.634828 -43.142809 100.03635 -140.920809 678.765926 -16.187076 553.665409 -4.510944 618.274225 -0.710228 470.225449 -1.92932 482.474188 -16.652995 -154.428754 -0.005443 -0.038656 -0.223201 -0.137765 -0.184544 -0.621499 -0.12758 -1.057596 -0.119957 -1.056511 -0.172027 -0.907137 -0.010121 -0.120836 -0.001431 -0.057663 0.001501 -0.044906 0.001617 -0.00717 0.012104 -0.030397 0.008275 -0.036285 -0.20827 -0.728497
37.748139 72.529493 67.603078 419.904084 -3.964796 125.299356 -20.661578 91.109839 -19.69699 63.44742 -15.947465 91.340859 -44.49973 106.407177 -140.348686 705.989989 -15.751177 561.529059 -4.250844 621.535675 -0.639421 478.531663 -1.870139 493.808955 -13.238617 -193.487479 -0.003216 0.049282 -0.054005 0.001054 0.149118 -1.35796 0.189869 -2.901458 0.235641 -1.670186 0.1544 -1.114533 -0.010505 0.098325 0.000582 0.267636 0.002975 0.027725 0.003861 0.00429 0.001859 0.03636 0.000461 0.065801 0.195644 -2.199411
34.583948 78.43061 67.836162 419.846314 -2.279687 95.313539 -16.02048 54.414745 -16.704309 36.716717 -12.974906 61.90178 -46.356869 110.339054 -140.627675 701.7632 -17.512978 561.102163 -5.421677 617.459351 -1.262152 480.401806 -2.72362 497.004488 -8.783134 -251.496408 -0.069242 0.115383 0.000201 -2e-06 0.231666 -2.047344 0.294786 -4.702446 0.123228 -3.632672 0.153161 -2.854318 -0.018982 0.035666 -0.000139 -0.006345 -0.046689 -8.1e-05 -0.071125 -0.006706 -0.104858 0.001824 -0.079981 0.005153 0.45543 -3.797278
37.696338 77.558009 82.431386 419.866588 0.453762 87.584673 -2.242938 46.051667 -2.068386 28.400284 -1.596965 50.788421 -42.134544 108.429948 -124.681627 694.6582 -15.67675 551.59249 -4.044341 603.682272 -0.637478 466.212282 -2.015157 482.482567 -0.409301 -264.477291 0.067041 -0.002441 0.710484 0.0 4.767594 -0.163375 6.274599 -0.348687 7.016681 -0.533251 5.467922 -0.549331 0.100791 -0.00833 0.479641 -0.018075 0.050834 -0.040638 0.100739 -0.07772 0.105646 -0.106355 0.053258 -0.107657 5.400367 -0.163313
38.044615 78.50569 90.139274 430.775176 6.578167 113.284158 0.398705 72.244644 0.440772 45.841937 0.517886 71.069592 -41.482221 108.492147 -123.574423 676.243898 -19.189749 548.47351 -6.252745 600.342611 -2.427122 464.567173 -4.172692 480.717489 4.936523 -218.541611 0.000801 0.002877 0.172223 0.069948 3.576543 1.6508 4.53296 2.936244 4.418803 2.077852 3.933691 1.699578 0.002545 9e-06 0.002469 -0.123678 -0.177429 -0.004422 -0.239605 -0.004632 -0.576841 -0.001454 -0.388322 -0.001617 8.188727 2.18923
41.133575 78.95788 100.09669 448.763387 10.75636 146.751387 1.687741 109.236627 1.61498 73.297103 1.899861 101.588452 -38.944498 109.900468 -120.526787 685.646887 -15.020424 555.43018 -3.610428 605.175356 -0.988243 469.504119 -2.201922 485.486315 5.129876 -171.784824 0.060277 0.000649 0.260776 0.183966 0.511075 2.162651 0.445824 3.8101 0.368343 3.206626 0.433901 2.718645 0.040047 0.004541 0.019026 0.032461 0.255016 0.02192 0.360524 0.009687 0.317891 0.013047 0.31229 0.011769 0.001857 2.810592
40.632682 84.726513 107.455907 468.296167 11.1471 165.073675 1.548877 130.318731 1.050601 89.104914 1.538332 119.502271 -41.332293 118.585762 -121.361565 715.562092 -13.03522 577.049947 -2.48467 629.830419 -0.393124 488.200647 -1.312539 504.815607 2.729053 -160.167327 -0.001534 0.101682 0.130509 0.208041 0.003486 0.538758 -0.00298 0.92947 -0.060433 0.771178 -0.01906 0.726926 -0.03552 0.165134 -0.00144 0.319375 0.070324 0.206386 0.104865 0.246125 0.134768 0.182516 0.114397 0.188658 -0.375693 0.203354
40.237406 84.051714 112.690945 459.695552 5.236984 216.681788 -0.020838 204.603397 -0.020168 150.90607 0.030664 180.563379 -42.902488 120.617303 -125.714697 744.715066 -12.713826 579.228644 -2.257915 620.87949 -0.343452 477.48275 -1.202643 497.195854 0.197166 -91.527403 -0.000966 -0.001349 0.062253 -0.039856 -1.103091 3.50444 -1.929022 8.341938 -1.361894 8.093133 -1.134614 6.278422 -0.014636 0.008627 -0.038351 0.291034 0.002006 0.002053 0.005424 -0.03203 0.001677 -0.05948 0.002402 -0.028972 -1.459145 9.540238
38.98829 82.220901 109.878662 450.924259 1.355051 275.410644 -2.807565 284.264501 -3.511306 213.843583 -1.24294 242.115119 -46.528773 121.382644 -138.034784 765.980013 -13.720694 606.059707 -2.395496 654.213561 -0.463178 505.388144 -1.532188 523.744264 -1.423908 -61.739487 -0.009848 -0.01008 -0.017768 -0.042245 -1.264228 3.517071 -2.344651 6.534061 -2.999248 5.470961 -1.66406 4.505692 -0.07355 0.00121 -0.287901 0.149673 -0.019182 0.303723 -0.002034 0.435792 -0.008935 0.396221 -0.019927 0.345239 -2.680783 2.922553
37.439072 88.297841 104.475634 445.406323 -0.139447 267.217491 -11.018282 272.691437 -12.384673 206.889297 -7.284985 237.765884 -46.041353 130.187781 -139.96961 791.684978 -13.900357 649.539456 -2.647404 719.935882 -0.506623 548.856057 -1.726477 560.748964 -7.88156 -81.794484 -0.015703 0.108319 -0.068105 -0.016985 -2.363884 -0.061858 -2.702081 -0.120252 -2.707139 -0.057478 -2.509687 -0.019709 0.001283 0.15414 -0.006733 0.212109 -0.000584 0.753049 -0.006296 1.572571 -0.000974 0.896502 -0.005797 0.631515 -2.605433 -1.407978
37.436738 87.15757 98.990521 453.566476 -0.526924 249.839196 -13.342027 237.146458 -13.010119 172.390802 -8.595734 204.58268 -45.530393 129.182044 -137.60025 801.089519 -15.176757 679.351646 -3.339852 749.194713 -0.919772 564.987754 -2.292791 574.460844 -7.011409 -113.203286 -0.0 -0.003705 -0.073948 0.037036 -0.124234 -0.292125 -0.111085 -1.240575 -0.007703 -1.572213 -0.054185 -1.246391 0.001426 -0.00195 0.010113 0.027765 -0.028029 0.334444 -0.040177 0.291385 -0.061144 0.116823 -0.040097 0.082814 0.025442 -2.546172
35.265501 87.301808 87.06728 458.383392 -1.617443 213.71983 -17.083545 195.973008 -16.344001 134.941923 -12.150607 168.178783 -47.968363 128.108079 -142.252255 829.90262 -16.280423 667.639338 -4.04089 726.807876 -1.273433 550.525881 -2.735447 562.685584 -8.493183 -140.347556 -0.032429 6e-05 -0.382435 0.012722 -0.297998 -1.409308 -0.230929 -1.961469 -0.189937 -2.290129 -0.306832 -1.781862 -0.03179 -0.002241 -0.038668 0.254526 -0.019367 -0.050921 -0.033368 -0.169783 -0.028702 -0.093748 -0.019522 -0.060969 -0.070969 -1.457173
30.575492 90.734048 77.627471 503.274692 -1.128464 124.02181 -12.175011 59.044197 -15.044967 39.917801 -10.776915 67.350337 -55.684526 128.425556 -125.757472 895.590391 -18.033649 614.65098 -5.792054 641.997181 -3.209529 489.104118 -4.671966 503.040449 -4.356689 -249.565583 -0.167253 0.033087 -0.270753 1.04836 0.043888 -12.128863 0.414676 -39.879399 0.026892 -28.07301 0.041189 -22.673322 -0.287604 0.000196 0.508071 1.250787 -0.044818 -1.095292 -0.15719 -2.629947 -0.439637 -1.815997 -0.257611 -1.670379 0.683992 -15.60888
28.466456 88.036419 72.804324 551.79059 -0.011649 95.168814 -4.804326 35.19531 -3.091896 21.450557 -2.907949 42.829708 -57.837224 123.30119 -111.280959 952.153698 -25.257238 567.482318 -9.050856 521.731592 -8.354872 364.58445 -5.842557 397.756132 1.281652 -209.167378 -0.03768 -0.020355 -0.07734 1.116063 0.910803 -1.90732 1.68323 -3.067607 4.496119 -2.844549 2.488665 -2.763189 -0.020413 -0.052163 0.442471 0.865963 -0.606924 -0.94142 -0.362158 -6.231108 -1.207721 -9.13009 -0.065365 -6.173927 10.364337 1.782291
31.795853 87.532301 70.736786 594.793314 0.635186 91.174026 -1.193366 29.893766 -0.300297 17.371237 -0.470684 36.808728 -51.231407 127.134684 -92.299357 989.002239 -27.777783 480.644831 -14.031823 372.920204 -19.228856 248.099485 -13.251828 286.521139 14.723174 -134.172665 0.092042 -0.000724 -0.014891 0.806694 0.818876 -0.042825 1.208822 -0.216266 1.465033 -0.214918 1.038782 -0.227931 0.200227 0.029342 0.886843 0.349775 -0.05993 -3.603444 -0.543823 -12.463037 -2.233807 -11.175118 -1.496139 -9.10162 7.316906 8.290527
41.211176 87.069449 78.568021 639.658741 4.252392 88.460958 0.062388 27.039242 0.682258 13.344683 0.432795 30.580337 -43.220322 129.770542 -74.579222 1053.039214 -33.123539 456.677522 -23.21308 352.528199 -28.425797 230.715166 -22.380354 266.721196 37.915718 -133.085603 0.609667 -0.000613 0.205521 0.815573 1.600598 -0.020489 1.801472 -0.071606 1.887828 -0.265064 1.806163 -0.288445 0.34035 0.013522 0.94348 1.004324 -0.235072 -0.306472 -1.149372 -0.286661 -0.895887 -0.31569 -1.189151 -0.354423 5.384698 0.002211
43.711133 84.595986 77.61009 697.538554 9.294063 93.749832 1.912814 28.573919 4.15491 12.025315 3.13183 28.416391 -43.052381 126.392934 -66.955433 1092.284421 -39.651512 466.617769 -30.212877 370.924916 -36.36391 235.737035 -29.474846 268.494137 65.102455 -141.276444 0.036805 -0.017821 -0.002938 1.253234 0.97315 0.076774 1.284299 0.021179 1.469842 -0.03433 1.236158 -0.039699 0.000163 -0.022268 0.205478 0.358994 -0.293373 0.05351 -0.460537 0.233943 -0.488132 0.027034 -0.487604 0.002937 3.652055 -0.122292
43.912815 80.314816 78.286305 718.311921 11.567344 100.5708 2.93986 36.789492 5.303005 17.056604 4.208406 35.628355 -43.267711 117.470103 -65.795912 1086.590526 -47.878122 463.682944 -39.579781 365.960453 -47.304595 236.733865 -38.785533 270.395453 84.284501 -126.701906 0.000232 -0.05558 0.001467 0.152402 0.12423 0.11975 0.10993 0.518366 0.069942 0.438523 0.079379 0.407359 -0.000269 -0.163296 0.005064 -0.00744 -0.387453 -0.004629 -0.631425 -0.016723 -0.718399 0.001052 -0.637968 0.003354 1.236655 0.396626
40.934573 88.856906 80.312893 742.646683 13.93242 182.847926 4.379548 105.027845 5.940066 55.426762 4.890887 79.269348 -43.481888 126.049873 -68.016548 1069.530478 -59.323359 479.70404 -53.692911 383.956556 -60.851731 259.227701 -50.781328 291.414759 104.816171 -74.920009 -0.052286 0.215798 0.012948 0.202683 0.109916 12.205436 0.142986 17.496445 0.018063 10.988901 0.02563 8.610611 -0.000264 0.151189 -0.018427 -0.067494 -0.612719 0.136049 -1.073914 0.215961 -0.851778 0.510355 -0.80694 0.393341 1.117921 6.76291
39.034863 96.735175 81.868299 784.708961 12.551993 442.508241 2.808544 406.30791 3.999361 284.182905 3.560104 311.061754 -47.997595 136.209893 -72.597682 1064.568089 -59.035541 537.330729 -50.29235 464.87067 -55.356051 318.926636 -46.454156 329.304007 89.113691 -1.001584 -0.022567 0.167289 0.007459 0.579292 -0.036 56.456478 -0.173777 98.183753 -0.191306 88.600996 -0.105437 76.275932 -0.111523 0.196875 -0.074645 -0.005769 0.00035 1.633919 0.055618 3.865354 0.130023 3.09045 0.096332 1.157477 -0.636759 58.596617
41.111635 99.332164 85.672475 776.30585 31.919354 672.805265 17.375113 750.101102 14.888097 557.72226 13.732951 555.94106 -48.495609 140.864775 -73.926831 999.276706 -70.573454 762.795403 -63.60096 782.332298 -67.770395 579.444272 -57.142513 574.713448 146.187137 -0.207484 0.026911 0.0172 0.043194 -0.022618 4.438785 24.035587 6.212434 52.28581 3.454652 45.676223 3.308673 35.300941 -0.001285 0.039104 -0.006029 -1.033031 -0.514579 19.699 -0.780238 41.079691 -0.627443 38.603004 -0.552849 33.947478 7.026648 0.297338
38.501082 104.327703 83.461709 728.735187 34.273802 919.763156 21.930376 1131.681697 14.722716 922.05417 13.636264 873.981236 -48.558389 147.802482 -71.650944 972.524928 -80.2432 925.090808 -78.192196 994.472177 -84.364248 768.347256 -70.591782 756.183813 169.573017 7.002731 -0.042812 0.061277 -0.014449 -0.751984 0.041886 19.264262 0.264856 39.093799 -0.000462 45.551712 -0.000171 35.817487 -2e-05 0.083381 0.017791 -0.181481 -0.310311 7.820717 -0.752754 12.709576 -0.907682 13.303736 -0.710017 12.429959 0.867195 9.62099
40.14226 111.327618 85.037989 676.882029 36.686565 1052.230678 26.438022 1314.802071 15.123003 1128.476365 14.018028 1061.535254 -49.38757 153.224063 -80.414309 910.141842 -82.546369 1132.276697 -79.590947 1300.450806 -79.14193 1071.619772 -67.830075 1025.758139 163.456367 0.734789 0.017126 0.113634 0.007373 -0.956756 0.041031 4.454244 0.210501 6.862946 0.002684 10.416481 0.002635 9.108544 -0.00351 0.048826 -0.252722 -1.033831 -0.016294 10.458846 -0.0062 20.4893 0.083421 25.165539 0.027553 20.508785 -0.056176 -3.200769
41.237926 111.62069 87.151839 675.390583 37.427621 1051.786222 25.896949 1305.443815 15.684066 1101.656226 14.384122 1036.81004 -50.284446 152.048342 -79.320355 934.552075 -76.069148 1090.422264 -69.515856 1227.991671 -70.085491 982.009931 -59.875678 946.420311 152.078698 3.437944 0.007376 0.000193 0.012976 -0.000822 0.003705 -4.7e-05 -0.002797 -0.016712 0.00511 -0.161279 0.00236 -0.145676 -0.004035 -0.002264 0.003746 0.161513 0.132307 -0.394104 0.340775 -1.038466 0.275066 -1.955988 0.247968 -1.596468 -0.205197 0.993951
41.229008 113.039221 85.256395 712.515209 37.628118 954.391687 24.501722 1148.079865 16.591902 924.832852 15.235026 883.999671 -48.908575 154.494461 -76.477262 952.220831 -74.577987 1012.191847 -68.013549 1102.075874 -69.415009 857.878413 -58.733211 839.281112 153.88112 1.257769 -0.0 0.004478 -0.010419 0.496606 0.000268 -2.365516 -0.019316 -5.0517 0.01277 -7.729192 0.012225 -6.088077 0.009543 0.00976 0.025943 0.082732 0.00738 -1.455835 0.008205 -3.404704 0.001611 -4.192159 0.005502 -3.216987 0.005309 -0.5368
41.392208 115.193439 83.550219 715.296645 36.938882 848.246995 21.881333 937.366117 18.886975 718.336043 17.207787 711.17699 -48.453114 155.008378 -76.571898 992.152543 -70.373106 913.736541 -61.933673 941.406736 -64.31383 714.315318 -54.341563 713.916478 152.905716 0.005642 0.000161 0.010167 -0.008623 0.002709 -0.003185 -3.12777 -0.074078 -10.672582 0.07431 -13.02685 0.060035 -9.389506 0.001065 0.000427 -2.9e-05 0.410083 0.061002 -2.518211 0.142308 -6.32611 0.097329 -6.568372 0.085315 -5.067601 -0.001551 -1.094931
43.213387 115.04117 82.981199 762.641655 24.491072 718.879619 9.731922 750.418483 10.378868 548.301129 10.301703 557.533372 -47.162326 149.496002 -84.876963 981.841833 -59.325425 772.809661 -43.220087 779.242118 -43.051129 569.685858 -38.085913 575.582841 95.706326 -0.204541 0.019603 -5e-05 -0.000972 0.758531 -1.274395 -5.348811 -2.427819 -10.38559 -1.264027 -11.464732 -0.880971 -9.337653 0.008713 -0.049899 -0.213751 -0.026928 0.471376 -5.8982 1.67857 -7.658744 2.126506 -8.171509 1.440707 -7.441481 -6.669534 -0.278125
44.114368 113.748571 85.073115 804.190223 16.931585 548.508828 4.04065 528.660294 5.56391 375.689996 6.044901 401.514746 -46.089049 142.75431 -100.947432 974.735914 -43.402059 605.063043 -24.608967 564.679223 -25.105773 389.592551 -23.549712 413.351916 54.307472 -0.126291 0.004648 -0.003651 0.01302 0.55098 -0.695631 -11.503393 -1.230915 -19.370151 -0.744477 -16.265949 -0.563984 -12.775704 0.006177 -0.07777 -0.696208 -0.012904 1.241611 -10.249123 2.60324 -17.23851 2.404887 -17.05685 1.738637 -13.397428 -5.825468 0.009387
42.432052 109.447665 92.528784 776.748828 12.957306 385.206218 2.169503 325.771411 2.983682 227.494913 3.401141 264.157313 -47.222599 138.520999 -112.601367 933.526309 -34.220642 452.951911 -17.109324 382.171335 -17.028675 252.419059 -16.430696 286.431049 34.268323 -0.64765 -0.016352 -0.041442 0.156562 -0.238177 -0.265405 -14.391357 -0.288599 -24.437946 -0.398742 -18.488191 -0.377511 -14.325588 -0.006885 -0.031858 -0.31823 -0.44502 0.544914 -10.991627 0.679637 -17.755918 0.781429 -14.825561 0.638921 -11.606177 -2.296574 -0.201953
41.963322 109.653913 105.398712 743.432248 10.556398 311.827951 1.068911 251.840975 1.200043 175.60363 1.695719 212.958932 -48.627154 136.977636 -124.419804 932.612321 -31.160008 401.064006 -13.924812 320.889726 -14.02814 205.252556 -14.129944 243.33179 23.434125 -1.15581 -0.001302 9.7e-05 0.418867 -0.36513 -0.122896 -3.873104 -0.192758 -4.750833 -0.399258 -3.353962 -0.293787 -2.754951 -0.010292 -0.004323 -0.294831 -0.000224 0.071677 -1.577748 0.163819 -2.675867 0.145287 -2.436919 0.086729 -1.756097 -1.026239 -0.073072
42.999013 102.00346 107.913615 734.060482 11.669985 283.212597 1.545756 223.399272 1.778251 147.202223 2.05542 182.76782 -48.433243 126.203768 -121.678661 923.402325 -37.29912 390.584957 -19.574016 316.043305 -20.019362 191.227937 -19.060876 226.251753 33.730669 -2.875828 0.006313 -0.13831 0.014826 -0.029723 0.027914 -0.688451 0.04385 -0.851839 0.056666 -1.251847 0.017286 -1.153363 0.000194 -0.220618 0.015266 -0.022851 -0.27582 -0.069359 -0.479773 -0.018438 -0.531272 -0.248123 -0.368321 -0.310727 0.934954 -0.385319
43.476503 95.324014 111.012448 668.292504 9.142719 276.890445 0.51956 227.902348 0.61903 153.348925 0.959235 186.739219 -48.388163 119.229675 -122.675011 886.732521 -38.276915 357.861131 -20.474356 281.531026 -20.732515 170.571476 -19.462942 204.973073 28.51647 -0.458178 0.001318 -0.113081 0.021933 -1.543052 -0.154011 -0.035682 -0.272985 0.022466 -0.29891 0.062861 -0.206359 0.021343 1e-05 -0.099106 -0.002031 -0.371467 -0.006326 -0.715724 -0.010122 -0.997443 -0.006241 -0.590158 -0.002098 -0.525315 -0.218771 1.038236
44.014384 93.797624 118.925537 630.752956 6.130152 321.121357 -0.004198 294.311223 -0.039185 206.529031 0.08395 237.652115 -47.672418 121.19287 -125.230978 879.052855 -29.448091 353.212985 -12.946195 274.231533 -12.617838 173.291019 -12.391071 209.610269 11.250702 1.457122 0.001653 -0.00616 0.136201 -0.542518 -0.300061 1.637975 -0.61716 4.239754 -0.969708 3.95097 -0.475637 3.064998 0.002667 0.008015 -0.013177 -0.0167 0.577941 -0.015192 0.858917 -0.047939 1.002276 0.010754 0.794928 0.025935 -3.943699 3.549462
40.097635 101.048725 116.253847 578.38474 0.656274 412.447904 -3.664333 412.000625 -5.648289 282.495547 -2.617011 315.880355 -48.067325 134.623472 -123.305294 907.725786 -25.170682 464.016068 -9.711144 409.39006 -8.487972 274.884558 -9.15139 306.079 0.288154 0.051966 -0.091243 0.13497 -0.015176 -1.134576 -2.774912 5.707102 -3.420482 9.874032 -4.74656 5.936463 -3.638399 5.555702 -0.000814 0.352803 0.00746 0.230076 0.167748 7.546398 0.232142 13.494251 0.407998 11.666584 0.244994 9.103436 -7.937784 -0.958739
39.164975 105.266027 98.559325 582.194561 -1.051842 548.11161 -13.046521 657.003547 -19.66777 539.057669 -12.633892 545.498262 -47.816361 141.202066 -119.112618 929.549723 -6.207443 559.151922 -0.092569 542.732848 0.022969 415.755784 -0.059912 444.685692 -21.034997 7.994898 -0.005487 0.043108 -0.730004 0.006253 -3.369798 9.628424 -2.882361 28.454564 -4.236281 41.088249 -3.750811 31.16856 0.000328 0.078463 0.036259 0.129622 6.378479 4.432546 7.907451 9.383425 9.394036 14.51951 7.730385 12.905757 -26.247097 6.757734
38.644899 106.867393 95.32995 612.565757 0.106345 727.513639 -4.16331 894.204416 -8.06804 752.110523 -4.80643 729.933927 -46.459599 145.009068 -106.190862 924.459485 -12.462469 783.440181 -2.434677 862.59188 -1.737435 672.40536 -2.349126 662.332397 -2.317433 2.231598 -0.001738 0.006044 -0.026896 0.386085 1.827091 12.678422 2.469857 18.242897 2.542132 17.699001 1.855212 13.405741 0.009763 0.02532 0.370854 -0.006988 -1.078997 18.866931 -1.577771 36.884817 -2.159944 30.699244 -1.658728 21.606204 9.388593 -1.77868
39.777195 110.788676 89.276038 619.590268 0.835208 1047.990816 -1.47421 1318.311513 -4.201903 1160.202053 -2.657393 1087.13975 -46.087389 148.443393 -100.296801 926.121544 -7.177868 1030.140304 -0.288874 1214.041348 -0.000563 978.868511 -0.261596 935.985191 -4.105149 7.699873 0.008175 0.035326 -0.099292 0.020023 0.345499 29.162436 0.682687 41.027981 0.625009 44.051167 0.316075 35.456225 0.000748 0.020097 0.084138 0.000746 0.724317 16.857572 1.046274 29.955717 1.675421 28.687746 1.042893 23.600705 -0.25382 1.640989
38.949408 117.59792 81.172457 697.075969 2.515025 1166.774689 0.002798 1480.558928 -3.596816 1291.232952 -2.19261 1199.243753 -46.805818 151.997045 -95.383905 926.031214 -11.284315 1134.484194 -2.018212 1371.06129 -0.620465 1119.289225 -1.348793 1056.013797 -1.229507 6.140235 -0.004352 0.10153 -0.192742 2.281991 0.451565 3.187644 1.605465 4.706609 0.023509 3.504351 0.022322 2.749948 -0.002778 0.021017 0.061683 -2e-06 -0.462481 2.516367 -0.779986 4.773127 -0.583633 4.704152 -0.422385 3.619471 0.841413 -0.088158
40.862606 123.520229 76.036868 807.092009 3.647774 1260.032835 0.107263 1580.746416 -1.3859 1372.994447 -0.908432 1287.933238 -43.47497 148.083268 -87.516799 903.383007 -11.344744 1225.153505 -2.895187 1519.929142 -0.678708 1274.051858 -1.282482 1196.986262 -0.124895 1.849809 0.022934 0.072742 -0.083905 4.028726 0.104997 1.792539 0.075411 1.63986 0.517371 1.25487 0.278393 1.581779 0.061466 -0.025524 0.169272 -0.140198 -8.1e-05 1.742632 -0.078897 3.835424 -0.001306 5.009015 0.000836 4.414719 0.570669 -1.24964
42.366577 124.629454 76.282075 823.13174 6.778854 1255.827846 1.029545 1565.986152 -0.041037 1355.159875 -0.001278 1261.699141 -43.694072 149.927457 -89.399079 921.880245 -8.862787 1190.944115 -0.989008 1434.99762 -0.09141 1177.323834 -0.520247 1111.434457 0.009953 6.251717 0.01359 0.002479 0.000197 0.078909 0.481232 -0.003514 0.472182 -0.034618 0.949976 -0.058295 0.841561 -0.13497 -0.000275 0.005706 -0.010013 0.093728 0.153 -0.242197 0.4999 -1.220818 0.271958 -1.909123 0.169074 -1.585852 0.205364 1.300208
43.398996 123.958692 77.426572 816.445136 11.253542 1222.81797 3.109497 1516.978932 0.531994 1295.339934 0.686864 1208.923263 -43.831605 149.596663 -91.248029 921.332517 -11.704197 1169.005152 -2.326251 1416.850546 -0.691749 1150.172117 -1.382267 1082.934212 2.437012 4.312449 0.006214 -0.000905 0.004261 -0.013635 0.564011 -0.219818 0.560569 -0.389537 0.868539 -0.675133 0.747401 -0.563747 -0.000108 -0.000183 -0.009462 -8.1e-05 -0.197222 -0.101979 -0.28166 -0.057738 -0.280235 -0.158376 -0.206495 -0.185087 2.135477 -0.179521
43.087977 123.656996 77.809544 826.077579 8.785502 1219.14652 1.624219 1511.385553 0.037795 1295.375116 0.151398 1215.015152 -44.373379 148.46794 -93.644076 922.284405 -11.578395 1138.472397 -2.079691 1368.436621 -0.565086 1115.892629 -1.271389 1059.373948 0.895165 6.689159 -0.000559 -0.000184 0.000472 0.028245 -0.152565 -0.00276 -0.239051 -0.005165 -0.286192 0.0 -0.193313 0.007655 -0.001664 -0.002137 -0.015526 0.000246 0.00034 -0.202015 0.006904 -0.420798 0.006399 -0.259293 0.002317 -0.129557 -0.378178 0.259791
42.919473 123.22264 77.695546 816.119022 11.746875 1203.136317 3.083056 1491.138038 0.50337 1293.108794 0.813717 1210.704756 -45.697012 149.424007 -96.137963 922.770855 -12.996685 1104.380711 -2.320991 1302.694077 -1.113646 1035.959414 -2.055633 989.101963 3.114449 14.239291 -0.000165 -0.000382 -4.2e-05 -0.030195 0.214681 -0.052911 0.23176 -0.06827 0.265304 -0.000992 0.263132 -0.00383 -0.009726 0.001534 -0.016387 6.4e-05 -0.040961 -0.259114 -0.00662 -0.809159 -0.092156 -1.485122 -0.093752 -1.205678 0.670186 1.409343
42.04371 126.137754 85.975846 801.16763 11.783757 1127.413401 3.315453 1364.18774 0.686687 1161.008401 1.000588 1101.120356 -48.022746 152.283845 -98.097484 941.501288 -15.576329 1009.792909 -3.524833 1157.014134 -2.441872 897.957389 -3.389368 866.825069 5.718385 16.872675 -0.004514 0.01704 0.209589 -0.069112 2.9e-05 -1.230498 0.004222 -2.823557 0.014204 -3.557934 0.009649 -2.598703 -0.028862 0.013554 -0.009884 0.094095 -0.116687 -2.116982 -0.125298 -4.317847 -0.257409 -4.930115 -0.165873 -4.032459 0.392545 0.111648
42.645516 128.37274 90.323964 809.444571 22.888423 1103.44835 9.879539 1323.733316 5.213413 1095.169889 5.542813 1044.150459 -49.556522 152.513714 -96.482848 944.05287 -17.818085 969.891877 -4.643807 1100.024494 -3.638604 833.346036 -4.469832 808.123069 17.562826 17.855845 0.002138 0.009813 0.053627 0.021268 1.826382 -0.128726 1.74857 -0.304446 2.115933 -0.960836 1.83338 -0.756581 -0.012055 8.7e-05 0.006699 0.001726 -0.075329 -0.402148 -0.077004 -0.719602 -0.118931 -1.206051 -0.074624 -1.028982 3.238157 0.01392
42.455934 127.620042 90.680062 796.905111 33.534226 1081.010867 18.06358 1300.882236 11.601263 1056.195489 11.564688 1006.337864 -49.451889 152.6729 -95.963826 958.938854 -22.604322 954.377508 -7.602172 1083.133114 -6.447958 816.840647 -7.172391 791.810932 35.347136 15.356501 -0.000211 -0.001107 0.00035 -0.048943 1.013424 -0.115235 1.225346 -0.099478 1.260619 -0.353061 1.094893 -0.348676 5.5e-05 4.2e-05 0.0007 0.058223 -0.284359 -0.062543 -0.36271 -0.065346 -0.399134 -0.082547 -0.318022 -0.083157 3.078422 -0.094176
39.928196 131.422265 94.994046 815.784802 34.212066 1111.996681 18.6172 1340.373155 11.34384 1102.033727 11.737112 1049.773331 -49.960658 151.362286 -104.274682 962.640587 -25.115749 954.182702 -9.216906 1081.438913 -7.459199 833.733056 -8.549208 810.859653 37.200425 18.683637 -0.038788 0.027906 0.050123 0.110516 0.003391 0.218916 0.004178 0.295242 -0.001444 0.48683 0.000638 0.45884 -0.001302 -0.002825 -0.172545 0.003566 -0.066132 -1e-05 -0.077692 -0.000663 -0.036814 0.086443 -0.060403 0.113207 0.023676 0.16299
42.894017 132.914854 101.239829 779.554788 49.025361 1192.838504 35.812208 1465.022884 22.618748 1237.991167 21.091076 1168.879416 -48.908033 153.261988 -104.063465 961.89564 -21.578784 1037.599958 -6.504841 1208.717894 -4.631497 950.350095 -5.879628 915.2591 47.720581 18.986498 0.053119 0.004214 0.099421 -0.411443 1.328725 1.418195 2.787447 2.770595 1.926143 3.95296 1.360851 3.19935 0.005604 0.005924 0.000107 -0.000144 0.13415 1.747553 0.235688 3.539598 0.335313 3.815431 0.249109 3.160046 0.654147 0.001217
45.334978 137.233355 109.126763 719.768446 79.305704 1171.615968 71.548358 1439.719843 52.381751 1248.588437 45.736547 1184.989068 -48.190178 160.906299 -104.419592 955.956212 -22.973908 1082.494888 -8.010698 1246.350179 -4.868701 967.782258 -5.950137 930.707676 89.189836 17.86053 0.033773 0.034519 0.147898 -1.192481 3.623555 -0.095245 6.122141 -0.110209 6.158371 0.022582 4.710541 0.055127 0.002654 0.093014 -0.000304 -0.009197 -0.021849 0.475399 -0.078321 0.288438 -0.002962 0.079214 -0.00021 0.064644 6.431441 -0.017208
45.559396 139.575624 107.58168 690.858384 116.763136 1319.840285 130.457576 1677.304061 103.60994 1618.401347 84.990945 1523.390729 -49.676851 170.922584 -102.430776 974.387212 -31.862469 1219.072015 -16.235889 1438.940143 -11.633809 1185.744255 -11.764164 1132.523606 184.680866 33.578801 0.000277 0.00991 -0.005508 -0.296279 3.611232 4.413066 8.780414 9.067701 8.651675 23.951122 6.032787 21.224156 -0.011292 0.151206 0.009561 0.087992 -0.725179 4.055881 -1.437747 6.915214 -1.450396 11.058541 -0.981293 9.894083 17.186802 2.460349
48.953646 140.757479 111.767716 735.988 154.717837 1507.750166 181.862092 1883.128931 160.19969 1854.197628 131.725007 1764.227205 -47.894992 176.806419 -99.374584 959.922528 -40.525951 1298.011681 -25.335872 1538.9254 -18.878091 1298.231588 -18.036687 1242.375874 289.064404 49.412664 0.060969 0.002491 0.039947 0.713879 2.666243 6.250763 4.259364 5.954238 6.141004 8.014764 5.099007 8.833179 0.016272 0.049783 0.023143 -0.054084 -0.520295 1.23814 -1.008211 1.679033 -0.87246 2.548313 -0.667602 2.541999 11.642838 1.524465
51.031898 139.424618 112.269114 775.662952 177.792459 1712.86261 215.437339 2113.271755 196.221239 2100.20228 162.234889 2004.91487 -45.672235 174.448558 -98.257297 920.154738 -45.363517 1348.324163 -32.452787 1601.190455 -22.939581 1373.923536 -21.000048 1315.992123 353.343277 76.763696 0.021601 -0.00317 0.000561 0.520746 0.8016 6.538175 1.421242 6.632181 1.824924 7.659437 1.587586 7.692696 0.026405 -0.007914 0.003158 -0.420635 -0.136342 0.478317 -0.439913 0.617385 -0.197701 1.072247 -0.11264 1.059362 3.22394 3.000085
49.606844 135.954295 111.686758 816.259677 187.772877 1862.174711 229.434876 2286.499477 212.272156 2276.568438 175.307323 2171.044148 -48.699793 167.728286 -103.629113 924.498993 -48.797675 1421.498344 -35.643121 1701.96152 -24.999267 1470.662458 -22.955371 1404.033581 382.964914 87.6879 -0.01009 -0.021867 -0.000757 0.517727 0.136265 3.119385 0.220265 3.411482 0.315466 3.554865 0.253232 3.305811 -0.048576 -0.065999 -0.07148 0.005115 -0.062645 0.96674 -0.074776 1.537497 -0.044268 1.645429 -0.043512 1.425231 0.59608 0.363238
49.400807 139.921592 111.099633 832.919197 199.474666 1923.446842 246.611217 2328.635868 236.278018 2320.768999 196.165803 2225.321956 -47.550228 167.95485 -97.627893 917.378223 -48.782187 1458.104499 -38.531193 1739.780638 -26.952404 1525.167226 -24.117712 1458.288862 422.833188 83.192111 -0.000214 0.028528 -0.000774 0.084147 0.176842 0.495892 0.309973 0.192358 0.642843 0.212485 0.586072 0.335071 0.006865 7.6e-05 0.089494 -0.013765 1e-06 0.232682 -0.056247 0.207791 -0.036727 0.495859 -0.014353 0.51425 0.986881 -0.059151
48.453487 135.223459 107.161572 829.833595 202.668114 1942.546016 252.025742 2337.59026 246.6891 2330.580062 204.736677 2242.155558 -48.816496 165.006444 -98.838527 934.613664 -46.015432 1465.585761 -34.277221 1747.087631 -23.459524 1526.79989 -21.50011 1459.659885 422.296036 84.673029 -0.004586 -0.040113 -0.03553 -0.002863 0.01268 0.047178 0.029398 0.008592 0.112226 0.010347 0.091629 0.031715 -0.00832 -0.013054 -0.00373 0.080202 0.040384 0.009572 0.124379 0.007656 0.121151 0.000437 0.075162 0.000322 -0.000171 0.006533
47.388836 136.112103 103.648469 841.14429 194.54802 1882.031619 239.602714 2271.828921 232.260376 2249.166984 192.695506 2156.576105 -48.762165 165.292692 -97.713425 931.252363 -43.669608 1481.869018 -31.659879 1773.665434 -21.860705 1552.954159 -20.210257 1481.303711 396.632493 64.285822 -0.005913 0.001455 -0.029275 0.038281 -0.083006 -0.478775 -0.156985 -0.469124 -0.217388 -0.723688 -0.18245 -0.832574 1.5e-05 0.000124 0.00322 -0.003028 0.030684 0.044979 0.051968 0.100318 0.028211 0.111057 0.019949 0.079644 -0.40222 -1.40174
46.127944 136.194102 103.156255 846.672337 194.50504 1924.763783 241.539978 2306.779646 236.744595 2294.614162 196.412653 2210.185988 -49.394984 164.034203 -97.174764 928.475489 -43.468682 1478.699737 -31.918647 1768.363249 -21.781241 1547.999647 -20.052285 1477.114537 402.144653 73.230882 -0.008501 1.2e-05 -0.000586 0.009053 -2e-06 0.239847 0.0039 0.1334 0.021438 0.227288 0.017755 0.329091 -0.00204 -0.002405 0.000744 -0.002073 0.000232 -0.001696 -0.000527 -0.003969 7.2e-05 -0.003958 0.00031 -0.002966 0.019019 0.291233
45.843269 134.615311 102.56293 849.121973 195.012866 1939.688066 241.925585 2311.048259 239.531123 2305.485293 199.293293 2225.51569 -49.390627 162.353496 -96.28313 926.741458 -43.323873 1490.522181 -32.065874 1789.215185 -21.694953 1577.294796 -19.991476 1503.727357 405.401197 68.894954 -0.000441 -0.004602 -0.000856 0.001769 0.000331 0.028818 0.000154 0.001973 0.008152 0.012846 0.010485 0.02649 0.0 -0.004327 0.002055 -0.00081 0.000121 0.023537 -0.000169 0.06111 8.6e-05 0.137303 4.6e-05 0.118801 0.006566 -0.066155
45.59698 133.688222 101.911136 852.449754 195.955319 1950.303497 244.315466 2330.513881 241.17606 2328.873455 200.011272 2243.428624 -49.432065 161.033421 -96.042142 924.264314 -43.91246 1497.170073 -32.654318 1796.631471 -22.098032 1584.8194 -20.261175 1510.03862 409.281165 71.379056 -0.000332 -0.001602 -0.001039 0.003254 0.001136 0.014484 0.005873 0.040817 0.002814 0.059017 0.000645 0.0359 -9e-06 -0.002694 0.000151 -0.001658 -0.001986 0.007396 -0.002675 0.007669 -0.001855 0.008953 -0.000904 0.006608 0.009239 0.021997
43.339175 135.749282 98.311484 859.765082 194.467551 1959.278273 244.141184 2347.496268 239.004856 2337.750491 197.801518 2251.726224 -49.452894 160.920438 -97.544223 923.562084 -44.775023 1501.967322 -33.543339 1799.627565 -22.705404 1586.16699 -20.825981 1512.485043 409.042564 72.651373 -0.028664 0.007883 -0.03236 0.015627 -0.002835 0.010301 -3.1e-05 0.030825 -0.004909 0.008443 -0.006137 0.007658 -2e-06 -2e-05 -0.005828 -0.000133 -0.004195 0.003837 -0.00597 0.001248 -0.004117 0.000286 -0.003882 0.00099 -3.5e-05 0.00562
42.809855 137.460869 96.782021 869.664143 192.95664 1968.506363 242.165668 2351.039906 237.020358 2345.876434 196.135918 2260.850188 -48.998238 161.716016 -95.55268 929.221918 -45.281818 1504.71007 -34.287831 1796.547088 -23.455309 1583.18066 -21.484912 1510.92029 409.598243 74.736816 -0.001626 0.005361 -0.005995 0.028331 -0.002946 0.01084 -0.004013 0.001336 -0.004137 0.007049 -0.003521 0.009224 0.00105 0.000981 0.01027 0.008645 -0.001426 0.001251 -0.004086 -0.001319 -0.006092 -0.001407 -0.005131 -0.000405 0.000189 0.014755
42.624811 138.205706 94.560699 874.058771 189.375588 1980.667182 236.920162 2361.455131 233.830978 2356.099111 193.589389 2271.204233 -49.624016 162.353572 -95.566781 932.806187 -45.389575 1508.114017 -34.765441 1800.118137 -23.790459 1586.419578 -21.668281 1513.827964 406.79176 75.860309 -0.0002 0.001006 -0.012894 0.005538 -0.016771 0.018724 -0.028717 0.01151 -0.010802 0.011113 -0.00832 0.011828 -0.001985 0.000627 -1e-06 0.00345 -6.4e-05 0.001923 -0.001652 0.001773 -0.001189 0.001655 -0.00039 0.001398 -0.004824 0.004191
41.902338 139.742072 93.439772 882.833611 189.564373 2009.97905 237.759359 2403.120353 234.358547 2406.306298 193.771799 2314.512674 -49.766458 163.488222 -96.332148 935.544858 -45.918162 1509.40984 -35.189971 1801.600121 -23.913128 1588.989098 -21.736672 1516.008001 407.994699 84.492678 -0.003088 0.004246 -0.003342 0.021913 4.7e-05 0.107651 0.000742 0.18218 0.000297 0.264659 4.3e-05 0.204511 -0.000102 0.001976 -0.001526 0.002007 -0.00153 0.000278 -0.001288 0.000305 -0.000158 0.00104 -5.4e-05 0.000784 0.000888 0.232524
41.576482 139.379438 90.810257 882.90587 187.227839 2013.702672 235.301166 2407.666081 234.004823 2411.504789 193.517991 2319.356191 -49.791858 162.964913 -97.019297 932.435765 -45.660756 1508.503145 -34.842555 1803.274314 -23.49652 1589.028064 -21.457155 1516.285577 405.802375 85.460038 -0.000636 -0.000236 -0.018764 1e-06 -0.007245 0.001723 -0.006387 0.002148 -0.000134 0.002805 -8.3e-05 0.002531 -3e-06 -0.000419 -0.001221 -0.002587 0.000362 -0.000136 0.000862 0.000389 0.00183 0.0 0.000904 1.3e-05 -0.002953 0.002753
41.671735 139.32934 91.48464 886.423891 187.193341 2025.31265 234.135135 2407.828696 233.807645 2411.548695 193.637492 2325.319838 -49.937826 162.656971 -97.250575 931.039561 -45.916829 1502.11401 -35.292124 1797.746563 -23.676719 1586.340523 -21.640711 1515.026477 406.290249 86.092997 5.4e-05 -5e-06 0.001247 0.003498 -2e-06 0.016686 -0.001448 3e-06 -4.2e-05 0.0 1.8e-05 0.003829 -0.000107 -0.000146 -0.000138 -0.000523 -0.000358 -0.00678 -0.001441 -0.004243 -0.000344 -0.001137 -0.000391 -0.000261 0.000147 0.001168
42.097023 141.355945 92.211078 890.774683 186.751844 2028.483165 233.886853 2413.788104 232.76571 2414.324616 192.594742 2326.616583 -49.834894 162.310817 -95.776837 928.005696 -45.463775 1503.284768 -35.187213 1799.307465 -23.562036 1588.854859 -21.509315 1518.01961 404.441674 86.031841 0.00108 0.007316 0.001436 0.005326 -0.000261 0.00124 -6.6e-05 0.003683 -0.001163 0.000798 -0.001408 0.000181 5.3e-05 -0.000184 0.005626 -0.002476 0.001123 0.000228 7.8e-05 0.000339 0.000139 0.000996 0.0002 0.001477 -0.002107 -1.1e-05
41.842439 142.34675 91.51463 894.501028 185.757558 2043.146887 232.774531 2427.762367 231.819567 2431.698178 191.744592 2345.93042 -50.036057 162.563254 -96.033497 927.730267 -45.800541 1503.021094 -35.802542 1798.527056 -23.874261 1590.390278 -21.717974 1519.67656 404.482551 88.97308 -0.000386 0.00173 -0.00132 0.003889 -0.001327 0.026405 -0.001326 0.020167 -0.000963 0.031143 -0.00094 0.039917 -0.000203 9.8e-05 -0.000172 -2e-05 -0.000621 -1.2e-05 -0.002667 -8.5e-05 -0.001028 0.000371 -0.000504 0.000452 1e-06 0.024718
41.499844 143.032257 88.857692 897.751105 185.248552 2044.500408 232.390202 2428.794783 232.259377 2431.729628 192.153857 2347.920809 -50.134765 162.460903 -96.034606 923.888888 -46.126203 1501.212511 -36.152729 1797.37129 -24.071718 1590.177066 -21.922254 1519.616845 405.875501 89.029536 -0.000704 0.000823 -0.01957 0.002947 -0.000349 0.000224 -0.000159 0.00011 0.000208 0.0 0.000218 0.000422 -4.9e-05 -1.6e-05 -0.0 -0.003985 -0.000577 -0.000544 -0.000852 -0.000186 -0.000407 -7e-06 -0.000478 -1e-06 0.001197 9e-06
41.513821 143.777153 88.804099 898.666614 185.101258 2045.144856 232.334597 2428.163559 232.275365 2432.167891 192.16592 2348.997929 -49.824333 162.654842 -95.136022 924.521829 -46.132073 1501.719932 -36.275077 1797.172423 -24.18098 1593.428602 -21.9963 1522.327979 406.344916 88.345735 1e-06 0.000967 -8e-06 0.000233 -2.9e-05 5.1e-05 -3e-06 -4.1e-05 0.0 2e-05 0.0 0.000124 0.000482 5.8e-05 0.002112 0.000108 -0.0 4.3e-05 -0.000103 -6e-06 -0.000124 0.00166 -6.2e-05 0.001208 0.000136 -0.001318
41.328959 144.052659 88.583212 898.191205 183.365167 2041.784657 230.81884 2428.531592 230.026073 2431.94655 189.994309 2345.575051 -50.112357 162.282342 -93.12735 923.058584 -46.741206 1502.578146 -37.359208 1796.817422 -24.824101 1597.739685 -22.275075 1526.012321 405.98178 87.292285 -0.000206 0.000132 -0.000138 -6.3e-05 -0.00409 -0.001381 -0.00248 1.4e-05 -0.005472 -5e-06 -0.00617 -0.001248 -0.000415 -0.000214 0.010716 -0.000579 -0.001998 0.000123 -0.007981 -1.8e-05 -0.00422 0.002912 -0.000878 0.002227 -8.1e-05 -0.003159
41.506679 144.476121 88.567785 902.473335 183.23597 2049.929499 230.752649 2432.082058 230.015678 2435.566579 190.052564 2352.333395 -49.824459 162.539544 -92.948031 923.431124 -46.782251 1502.533092 -37.419709 1797.840577 -24.86085 1599.241728 -22.345684 1526.928221 406.116541 87.627184 0.000191 0.000311 -1e-06 0.005092 -2.3e-05 0.008106 -5e-06 0.001297 -0.0 0.001346 4e-06 0.004861 0.000415 0.000102 8.6e-05 3.8e-05 -9e-06 -0.0 -2.4e-05 0.000146 -1.4e-05 0.000353 -5.6e-05 0.000137 1.1e-05 0.000321
41.628229 144.1884 88.730365 901.547477 182.813673 2050.743498 230.039995 2428.866164 229.757664 2433.315617 190.067601 2352.689565 -49.326683 162.649369 -92.702647 926.620616 -46.147741 1502.491505 -36.832165 1798.375392 -24.397595 1599.648876 -22.016655 1527.332581 403.895494 87.105604 8.9e-05 -0.000143 7.5e-05 -0.000238 -0.000244 8.1e-05 -0.000551 -0.001064 -7.2e-05 -0.00052 0.0 1.3e-05 0.00125 1.9e-05 0.000162 0.002749 0.002166 -0.0 0.002325 4e-05 0.002178 2.6e-05 0.00122 2.7e-05 -0.003045 -0.000778
40.677984 144.478628 87.756901 899.66733 182.158737 2043.212357 229.865912 2431.204117 228.322126 2437.201487 188.31789 2350.752641 -49.557739 162.630213 -94.956638 922.058514 -46.505886 1504.589381 -37.177271 1800.371035 -24.719232 1600.984868 -22.285147 1528.817944 403.293782 87.529346 -0.005486 0.000146 -0.002685 -0.000981 -0.000588 -0.006927 -3.3e-05 0.000562 -0.002249 0.00155 -0.004045 -0.000399 -0.00027 -1e-06 -0.013537 -0.005629 -0.000692 0.000732 -0.000805 0.000553 -0.001053 0.000279 -0.000814 0.000361 -0.000224 0.000514
]