07-24-20_Matthew_4KDepth.alligator_in_orange_flowers.0000000002 [ 24.335897 135.372312 50.996265 780.888709 98.312193 1705.070597 128.779746 2048.659162 119.724367 2035.152409 95.043258 1947.128424 -56.424416 110.592708 -95.175908 670.344809 -85.798861 1300.563439 -93.841847 1588.873628 -70.263695 1498.851606 -60.675638 1426.292639 373.424988 40.930035 0.0 0.0 0.0 0.0 0.0 0.0 0.0 0.0 0.0 0.0 0.0 0.0 0.0 0.0 0.0 0.0 0.0 0.0 0.0 0.0 0.0 0.0 0.0 0.0 0.0 0.0
22.763665 135.525619 47.62247 776.272968 96.533439 1695.045793 127.07743 2024.132291 121.816576 2021.968791 96.445616 1939.463102 -63.970556 104.731976 -101.506825 669.062231 -90.724964 1363.899139 -101.518295 1675.256113 -74.344274 1600.882795 -63.379119 1512.978368 386.490719 24.554739 -0.026249 4.3e-05 -0.057726 -0.006841 -0.008119 -0.014778 -0.005663 -0.073853 0.009061 -0.02142 0.005135 -0.007559 -0.236722 -0.079774 -0.101918 -0.000614 -0.068748 0.752868 -0.150877 1.143221 -0.057585 1.67969 -0.029461 1.278557 0.112332 -2.080474
19.898973 131.508923 44.612006 766.768908 92.694383 1714.070589 123.196308 2048.934081 117.464806 2072.809421 92.65066 1985.42949 -68.935677 101.973484 -109.208097 659.607339 -96.668531 1386.031618 -108.876974 1707.769905 -78.432035 1644.702007 -67.203669 1554.820899 387.865628 24.732629 -0.096287 -0.030211 -0.049143 -0.029269 -0.038947 0.053085 -0.030095 0.075512 -0.039576 0.31563 -0.038084 0.269177 -0.092776 -0.018407 -0.140781 -0.033641 -0.09428 0.089067 -0.128726 0.156246 -0.054697 0.295819 -0.056019 0.285364 0.001221 0.000321
20.916876 130.344657 46.168596 766.107865 94.964073 1711.848888 126.023107 2054.56438 120.428783 2068.861802 95.170849 1979.875699 -69.649453 101.505684 -110.581676 664.323302 -94.551251 1381.036611 -104.421114 1698.757749 -75.647402 1624.812359 -65.159505 1538.56393 386.970129 26.788712 0.012695 -0.002588 0.013346 -0.000143 0.013726 -0.00072 0.016032 0.003863 0.018465 -0.001881 0.016909 -0.003889 -0.001838 -0.000538 -0.004292 0.008399 0.011722 -0.004508 0.046547 -0.011921 0.025165 -0.060499 0.015786 -0.042719 -0.000517 0.041043
21.550717 130.038205 47.064056 766.498087 95.418836 1711.356934 126.279913 2054.878602 120.81986 2067.052538 95.463324 1977.790858 -69.500401 102.20143 -110.165629 665.123176 -94.576233 1378.85676 -104.290812 1696.891933 -75.666222 1617.390808 -65.12838 1530.27092 387.71351 27.542049 0.00473 -0.00018 0.0043 5e-05 0.000543 -3.5e-05 0.000131 1.2e-05 0.000317 -0.000396 0.000224 -0.000549 8e-05 0.001188 0.000392 0.000241 -2e-06 -0.000861 4.1e-05 -0.000513 -1e-06 -0.008494 4e-06 -0.011205 0.000357 0.005223
23.398591 130.240561 49.236846 768.212608 97.72409 1706.130073 128.343567 2045.343251 123.556799 2052.00422 98.007948 1963.355811 -66.561981 103.401943 -107.332925 667.006966 -93.288936 1373.980317 -102.333013 1688.019251 -74.519473 1604.303293 -63.918508 1520.750704 389.986537 27.513153 0.037999 7.9e-05 0.024515 0.000958 0.013758 -0.003997 0.008363 -0.011088 0.015327 -0.027488 0.016735 -0.026435 0.031733 0.003505 0.018447 0.001332 0.00441 -0.004319 0.009275 -0.011629 0.004378 -0.026583 0.005672 -0.014853 0.003322 -8e-06
25.10867 129.818212 51.314719 768.101926 99.501898 1699.246414 129.754789 2041.408959 124.533453 2041.026563 99.091837 1951.185145 -64.74979 103.923968 -107.733199 669.387425 -92.169186 1372.564911 -99.94069 1686.702006 -72.527463 1599.666994 -62.34903 1516.964771 387.135589 26.85193 0.030153 -0.000343 0.021472 -4e-06 0.008013 -0.006957 0.003858 -0.001894 0.001922 -0.014721 0.00298 -0.01892 0.012505 0.000657 -0.000372 0.00212 0.00338 -0.000365 0.014148 -0.000257 0.013493 -0.003354 0.009755 -0.002359 -0.00523 -0.004021
27.670481 129.751734 54.846177 771.047313 104.754913 1705.548354 135.782202 2045.531142 131.154819 2042.84434 104.961945 1951.432906 -60.753431 103.612609 -103.371276 674.690606 -87.118511 1372.308987 -93.196789 1686.2127 -67.779326 1589.176568 -58.219121 1503.978611 387.503339 28.444708 0.06221 -9e-06 0.058754 0.002818 0.067559 0.005832 0.068417 0.002079 0.085749 0.000405 0.084452 8e-06 0.063644 -0.000234 0.045069 0.010462 0.071155 -1.2e-05 0.117776 -3.5e-05 0.080364 -0.017255 0.070753 -0.027912 8.7e-05 0.022944
32.55004 131.614344 61.906282 774.73859 114.281466 1717.112158 146.770161 2055.880868 142.115582 2057.424333 114.810306 1966.025518 -54.510814 105.289878 -93.827933 683.566129 -79.136363 1379.389109 -84.523417 1689.095218 -62.015507 1591.03285 -53.077418 1506.766229 391.890187 29.932788 0.198016 0.006637 0.21366 0.004407 0.207267 0.019535 0.213732 0.013059 0.219904 0.025922 0.220772 0.027179 0.169172 0.006733 0.231058 0.028999 0.191728 0.009109 0.211772 0.001231 0.128041 0.000542 0.118832 0.001291 0.012346 0.018969
35.076457 134.037239 65.34208 778.809076 118.469087 1719.337518 150.543772 2042.732001 146.445611 2038.722714 119.076061 1950.485391 -51.004438 107.597445 -89.331577 684.457651 -81.726145 1358.867966 -87.916387 1628.098134 -69.559446 1525.459374 -59.444297 1454.837296 417.863181 37.150092 0.047208 0.011049 0.046393 0.005333 0.037675 0.000721 0.023949 -0.021092 0.032489 -0.042693 0.038904 -0.030831 0.058276 0.012507 0.055199 0.00029 -0.020848 -0.076896 -0.033384 -0.56086 -0.216446 -0.689935 -0.180275 -0.455297 0.416652 0.389377
39.078409 135.119858 69.259512 774.238303 123.55077 1653.859219 151.338528 1940.01018 147.267822 1906.632815 121.45108 1819.458694 -47.151971 111.238144 -83.866187 680.871253 -76.261825 1277.855721 -79.154392 1514.962678 -63.851001 1384.046725 -54.270625 1321.694096 405.058997 41.760395 0.108066 0.002177 0.057018 -0.006726 0.053356 -0.635571 0.001046 -1.324907 0.001151 -2.211795 0.011726 -2.277644 0.07563 0.030287 0.086254 -0.00471 0.094525 -1.244828 0.229919 -2.036833 0.122184 -3.438618 0.117754 -3.19415 -0.099619 0.134792
42.846249 141.55919 72.408527 774.638055 122.242385 1545.142966 144.079845 1812.060095 136.793602 1774.376657 114.091599 1691.679135 -42.268324 118.097057 -77.325119 682.862551 -63.769725 1147.397543 -61.334757 1343.294081 -51.174767 1203.019509 -44.306502 1153.279149 355.304924 55.335431 0.08669 0.074944 0.035003 5.2e-05 -0.003482 -1.847863 -0.089189 -2.18226 -0.193174 -2.376704 -0.115001 -2.325888 0.133459 0.10259 0.132771 0.001454 0.558318 -3.511317 1.134703 -5.159916 0.700616 -6.341366 0.504877 -5.73673 -1.629564 0.953651
44.236504 143.63089 73.259193 753.789085 120.369005 1396.146673 134.879823 1637.496806 126.133938 1576.500225 105.495479 1504.382233 -40.916537 124.112102 -73.288276 684.426308 -57.465258 1084.470585 -53.559303 1251.580542 -45.482585 1090.83839 -39.143194 1051.268228 323.101144 44.58665 0.011098 0.007525 0.002484 -0.142205 -0.007233 -3.776261 -0.151749 -4.41968 -0.216172 -5.847615 -0.16832 -5.492745 0.010984 0.074701 0.054109 0.000894 0.164034 -0.887281 0.263404 -1.621273 0.167753 -2.744751 0.159889 -2.361438 -0.764784 -0.579814
46.119969 143.122731 72.749153 746.139492 104.096302 1196.368103 98.895067 1404.409043 87.648276 1284.303643 74.182166 1224.162716 -41.415527 138.107693 -69.023299 755.487375 -46.248172 1034.43883 -37.600153 1163.113615 -33.259455 958.218035 -28.294543 930.960449 228.891689 23.834757 0.019632 -0.00045 -0.000891 -0.019506 -0.590625 -7.708906 -2.786153 -8.943388 -3.492678 -14.961299 -2.749602 -14.427309 -0.001512 0.373763 0.063924 1.754534 0.608374 -0.590758 1.407844 -1.621122 0.954484 -4.296274 0.878326 -3.6543 -8.098849 -3.22288
45.202678 152.035848 66.613878 809.391664 65.411239 973.361378 49.028658 1066.759798 43.670868 866.997407 37.379066 844.742061 -43.804894 152.25288 -60.418927 854.895006 -42.075795 1020.024709 -34.359906 1117.911912 -33.350954 896.145046 -28.079421 877.215037 153.349147 -0.240946 -0.004607 0.134609 -0.135114 1.286536 -4.473386 -11.490842 -8.658619 -23.176107 -7.58271 -40.862301 -6.245325 -35.088919 -0.033503 0.344753 0.286294 3.071106 0.098606 -0.050565 0.072989 -0.447911 -6.3e-05 -1.039207 0.00041 -0.798929 -7.539113 -28.868564
40.269815 141.731074 67.34662 825.198291 6.711932 820.274468 0.010778 914.93076 -0.025712 711.019635 0.019521 695.843997 -45.23815 149.897317 -53.646232 853.341697 -31.868626 930.140789 -26.238944 1014.285897 -25.484629 805.397199 -20.659221 784.969621 23.891389 -2.939748 -0.142464 -0.180791 0.002004 0.076428 -30.216808 -6.544929 -47.585581 -5.824821 -45.815871 -7.727667 -35.69018 -7.212402 -0.011536 -0.009182 0.201244 -0.000706 0.707879 -2.072494 0.546618 -2.51963 0.528236 -2.421637 0.568155 -2.561622 -56.183126 -1.497459
39.382522 136.279744 63.938333 846.082759 1.137746 710.399446 -2.498698 766.64067 -2.578191 580.13188 -1.504689 579.2318 -43.54755 145.169674 -53.324182 817.804616 -31.964124 849.602457 -27.701341 923.365558 -26.371498 736.763242 -21.241733 719.668505 12.458387 -9.348037 -0.004942 -0.053451 -0.044249 0.130492 -2.322844 -3.948624 -2.837687 -6.551274 -2.088968 -6.651367 -1.866978 -5.343588 0.016097 -0.037876 0.000485 -0.377892 -7.1e-05 -1.823226 -0.019827 -2.134301 -0.007584 -1.528037 -0.004049 -1.417698 -1.84481 -1.803345
38.870437 131.931136 67.148075 809.262284 0.590644 590.142151 -3.613906 621.190975 -3.745572 462.966138 -2.20255 474.129785 -41.32735 146.071997 -59.673052 812.824592 -24.340866 781.176054 -16.656206 842.83285 -14.028474 656.496419 -11.712069 644.190413 3.276508 -16.855443 -0.001676 -0.035255 0.039302 -0.409557 -0.088875 -5.571857 -0.102592 -7.642868 -0.108684 -6.601195 -0.066276 -5.256535 0.029044 0.001398 -0.1785 -0.007605 0.518452 -1.436196 1.397135 -1.836966 1.931706 -2.31404 1.407985 -2.09014 -2.956788 -1.098476
36.307466 132.973477 69.071342 758.781486 0.768098 511.321391 -2.617879 522.906509 -2.800359 392.598947 -1.523707 405.689396 -41.837543 148.386609 -61.314359 844.736864 -10.899301 729.455407 -3.754586 764.277543 -2.780088 585.789367 -2.646861 581.119154 -3.7e-05 -19.263111 -0.043701 0.002051 0.013578 -0.812787 0.011638 -2.823828 0.080113 -4.229414 0.068602 -2.898636 0.062357 -2.665999 -0.001565 0.009097 -0.011133 0.307225 2.664199 -0.885659 4.594704 -1.921034 4.318504 -2.013845 3.223362 -1.624333 -3.298511 -0.080337
37.436227 128.480477 70.378206 747.068794 0.980148 456.215776 -2.415343 443.086825 -2.023873 322.171522 -1.095985 340.70942 -41.492856 149.413078 -58.841704 880.674485 -10.83499 708.093788 -3.789257 731.234223 -3.144744 551.066962 -2.771349 548.807324 0.123 -30.533122 0.008639 -0.038608 0.006124 -0.045552 0.012908 -1.570532 0.004077 -3.303384 0.0629 -3.478123 0.035153 -2.833893 0.000713 0.001769 0.025445 0.374303 9.5e-05 -0.158723 -8e-05 -0.36509 -0.011232 -0.530378 -0.00143 -0.462096 0.127293 -1.292092
37.015722 120.374956 70.143936 727.382779 1.308084 473.699901 -1.513563 477.079338 -1.549916 351.026039 -0.769681 366.188537 -41.147873 149.397633 -54.386082 889.286501 -4.280241 615.343787 -0.233897 602.239156 -0.2136 436.006584 -0.18006 446.66817 -0.612757 -4.601376 -0.001188 -0.132038 -0.000195 -0.131424 0.023621 0.164381 0.10489 0.628085 0.031568 0.618664 0.028757 0.459328 0.00072 -0.0 0.0877 0.020952 1.495192 -3.254083 2.140288 -6.253908 1.719177 -6.729068 1.538598 -5.253775 -1.284826 11.428434
37.47796 116.945156 70.213991 717.553795 0.944239 352.265254 -2.040433 311.128932 -1.591005 217.205114 -0.79672 242.378587 -40.912687 149.415118 -52.871786 909.725609 -4.11113 550.154497 -0.28654 511.404015 -0.261761 364.713749 -0.214294 382.964914 -0.562088 -19.006112 0.001434 -0.024785 1.7e-05 -0.033431 -0.029582 -8.97552 -0.03927 -17.66772 -0.000269 -15.982474 -0.000233 -12.727346 0.000337 1e-06 0.01069 0.116111 0.001704 -1.82453 -0.002669 -3.7107 -0.002446 -3.180125 -0.001489 -2.449338 0.001093 -4.904091
37.412599 114.789487 66.233511 700.42818 1.134284 248.439369 -1.190711 178.266691 -0.529939 122.463648 -0.311116 150.09573 -40.082652 146.498703 -41.57433 944.646513 -2.304005 455.330886 -0.032174 375.870707 -0.213804 264.849647 -0.111328 291.39797 -0.070533 -27.121935 -2.9e-05 -0.010027 -0.058072 -0.103421 0.008706 -9.040673 0.113731 -18.380017 0.284495 -13.480285 0.112101 -11.003527 0.004253 -0.014372 0.678124 0.328838 0.259791 -4.481218 0.126681 -10.412615 0.002424 -7.9709 0.016709 -6.245533 0.234396 -0.719566
38.454311 113.707699 64.628358 682.289953 1.379452 173.565829 -0.544135 98.795984 -0.045709 67.236607 -0.028773 92.579131 -39.325238 144.345544 -34.845334 976.157975 -1.723564 397.054488 -0.011432 299.249092 -0.363238 217.327498 -0.190431 245.398502 0.15124 -42.800886 0.007152 -0.002561 -0.009845 -0.118972 0.011984 -6.695265 0.124992 -11.642004 0.264374 -8.217031 0.150662 -6.91454 0.003612 -0.00797 0.296831 0.258496 0.042045 -1.994471 0.005249 -4.362115 -0.019685 -2.347545 -0.010553 -1.974538 0.42834 -1.780533
36.376959 115.698415 62.652873 685.600065 1.275701 182.18432 -0.543138 110.119026 -0.106697 77.187282 -0.071906 103.488451 -40.709619 145.605994 -37.221441 947.839373 -3.653195 325.523053 -0.654108 220.539924 -1.301867 160.145075 -1.019421 190.029146 0.663163 -14.970822 -0.02884 0.008638 -0.015331 0.004005 -0.002028 0.104412 0.0 0.307076 -0.012735 0.343204 -0.009707 0.303736 -0.011974 0.00274 -0.039182 -0.208417 -0.358187 -3.549338 -0.492594 -5.993835 -0.289768 -4.356353 -0.32865 -3.534755 0.181009 7.145057
37.026856 115.369495 62.602307 680.577801 1.176277 183.291888 -0.672159 112.179704 -0.176153 80.155393 -0.110345 106.859075 -39.595457 145.404534 -35.085636 917.21521 -4.099813 291.325327 -1.074655 190.471783 -2.038084 140.365069 -1.494113 170.07806 1.01588 -8.378837 0.002877 -0.000234 -1e-05 -0.009231 -0.002017 0.001678 -0.006868 0.009551 -0.00866 0.027998 -0.0041 0.027007 0.007729 -7e-05 0.031551 -0.251441 -0.012875 -0.948681 -0.051932 -1.101314 -0.082152 -0.651681 -0.045231 -0.553102 0.037466 0.949831
38.538852 116.737761 60.257388 681.349435 1.293942 161.292281 -0.331067 85.957001 -0.002586 63.768393 -0.002258 89.847339 -40.912572 152.263397 -31.14394 920.375695 -2.398892 243.017255 -0.471273 137.30717 -1.99421 109.952025 -1.352492 138.429326 1.853182 -6.251448 0.015128 0.004033 -0.02238 0.000219 0.002804 -0.702988 0.059765 -1.742907 0.136056 -0.935946 0.081031 -0.736993 -0.010775 0.079031 0.1174 0.002718 0.226542 -2.188163 0.122614 -4.340294 0.000239 -1.854432 0.003525 -1.627662 0.124897 0.155498
40.313817 122.498082 59.110305 684.243252 1.730458 136.432379 -0.075611 60.515518 0.102596 45.946682 0.06774 69.617422 -38.937021 157.449378 -29.105202 935.616508 -2.43331 260.283833 -0.443606 153.913433 -1.478468 122.024614 -1.126066 150.866973 2.36 -18.216481 0.01998 0.069359 -0.005512 0.003066 0.031667 -1.039712 0.090246 -2.226445 0.137756 -1.457122 0.094736 -1.288402 0.024442 0.043421 0.034504 0.062577 -0.000123 0.296266 0.000418 0.473855 0.038511 0.314355 0.010364 0.267488 0.030594 -3.125072
38.041747 121.805721 54.659659 670.004725 1.4864 137.494624 -0.085995 63.906119 0.077675 48.876817 0.038801 72.121638 -40.580115 157.2715 -28.984484 918.121986 -3.076602 239.118395 -0.632093 133.911538 -2.429686 107.165891 -1.707615 135.012141 3.376213 -11.295651 -0.032948 -0.000981 -0.087087 -0.074854 -0.009271 0.00206 -0.000334 0.046207 -0.001731 0.045283 -0.004006 0.022124 -0.016978 -5e-05 0.000125 -0.082553 -0.037682 -0.448714 -0.016642 -0.69584 -0.117527 -0.482162 -0.060317 -0.439992 0.090732 0.82297
36.790215 112.815693 51.536472 658.082305 1.577411 134.39362 -0.043036 59.975758 0.159674 48.523091 0.088765 71.539132 -42.280687 147.048374 -31.188995 890.185237 -3.560374 218.401796 -0.825719 115.761831 -2.907065 91.558712 -1.974647 118.207133 4.429359 -6.774463 -0.010466 -0.172299 -0.045936 -0.053516 0.001352 -0.017685 0.007361 -0.062364 0.014614 -0.000642 0.010192 -0.001181 -0.017452 -0.171763 -0.040396 -0.215812 -0.017655 -0.469266 -0.012916 -0.660559 -0.021394 -0.613816 -0.009695 -0.558251 0.071373 0.574747
36.002721 110.964536 48.986723 661.21215 2.012222 134.877677 0.005875 63.031726 0.514062 49.062261 0.318991 71.857548 -41.787092 145.77204 -27.333458 885.234243 -2.10934 217.179376 -0.367666 114.784378 -2.1867 91.610106 -1.48688 117.741458 4.821234 -6.588827 -0.00426 -0.007657 -0.032342 0.003713 0.026431 0.000435 0.080713 0.037967 0.100736 0.001489 0.071214 0.000354 0.001449 -0.002782 0.127142 -0.006903 0.188824 -0.001715 0.091407 -0.002072 0.051195 7e-06 0.034538 -0.00046 0.008304 0.001289
36.589875 102.343445 46.493326 647.938262 1.586152 127.527541 -0.00794 57.699775 0.396788 44.348408 0.223809 65.899321 -41.837042 133.883536 -25.284505 855.369973 -1.541638 208.611904 -0.150527 112.320655 -1.583803 86.06402 -1.061086 111.292214 3.566067 -6.851879 0.002375 -0.174287 -0.032562 -0.067296 -0.025314 -0.102961 -0.027476 -0.117797 -0.007581 -0.119015 -0.00841 -0.128912 -1.5e-05 -0.252812 0.039908 -0.256216 0.044407 -0.086203 0.047688 -0.013364 0.048513 -0.086581 0.035829 -0.090819 -0.09445 -0.002574
36.844537 95.391822 46.849502 641.391264 1.918152 138.025821 0.000237 68.118538 0.461366 51.01789 0.290639 72.508581 -42.311117 125.939882 -24.478065 838.965488 -1.507586 222.966601 -0.122197 131.894922 -1.414358 100.465206 -0.93755 123.888292 3.491319 -8.297582 0.000442 -0.122234 0.00068 -0.016622 0.015762 0.207599 0.010922 0.432121 0.002433 0.233502 0.004359 0.157893 -0.001335 -0.12146 0.006535 -0.079416 0.00019 0.238791 0.001475 0.785718 0.004792 0.55676 0.003822 0.33756 -0.000396 -0.069139
37.884198 96.511948 49.075121 647.92749 2.948329 147.080757 0.162709 76.590363 1.097895 57.092736 0.784826 79.214591 -40.634848 126.646159 -21.475934 841.095542 -0.220455 223.765575 0.321041 134.940677 -0.087108 101.937794 -0.019881 124.353328 1.803505 -6.453893 0.007232 0.003269 0.025823 0.016568 0.110288 0.143828 0.150523 0.2482 0.13584 0.170811 0.120267 0.148272 0.01694 0.000987 0.098168 0.00135 0.575036 0.000714 0.839369 0.017383 0.799462 0.005357 0.684377 0.000436 -0.276214 0.115669
38.419907 91.298767 49.406253 645.348846 3.263057 146.042031 0.27397 75.709313 1.40503 56.482098 1.006105 78.436681 -39.823146 122.690327 -20.640722 843.47011 -0.219955 220.902902 0.305522 129.805852 -0.111463 98.904551 -0.019545 122.038441 2.307969 -5.903051 0.001881 -0.072367 0.000557 -0.002571 0.007979 -0.00184 0.014412 -0.002548 0.018916 -0.001642 0.013723 -0.001919 0.004095 -0.031382 0.008282 0.001674 0.0 -0.009215 -0.000192 -0.0498 -0.001499 -0.022906 1e-06 -0.010875 0.031065 0.012284
39.530261 92.339847 48.958985 650.862039 3.429285 146.37421 0.349472 76.14231 1.666091 56.450566 1.255417 78.054167 -39.619953 124.161975 -20.120805 845.581433 -0.079223 215.455799 0.586135 122.266967 -0.041722 94.006248 -0.00566 117.627849 2.235116 -4.762533 0.007909 0.002951 -0.001017 0.011725 0.002065 0.000189 0.004589 0.000617 0.011116 -4e-06 0.013784 -0.000467 0.00026 0.004387 0.003316 0.00132 0.035167 -0.034 0.045307 -0.11276 0.016797 -0.062198 0.00417 -0.040588 -0.000584 0.061156
39.582519 90.834228 48.152491 670.712455 3.693005 153.956621 0.444495 82.972404 2.047642 59.197177 1.533095 80.472045 -39.590657 123.713275 -18.04018 866.500799 -0.021691 212.805958 0.834005 119.107349 -0.020653 89.828582 1.8e-05 111.465642 2.47959 -3.182028 1.7e-05 -0.006188 -0.003349 0.149088 0.004884 0.095731 0.005707 0.146661 0.019652 0.03262 0.01386 0.01844 5e-06 -0.000406 0.056762 0.127808 0.018006 -0.008198 0.021799 -0.020681 0.003666 -0.047475 0.006309 -0.082891 0.006343 0.158801
40.916499 91.626081 49.4905 670.196822 4.370584 156.230778 0.734365 83.863785 2.583256 60.691193 2.008849 82.229008 -36.756239 123.531822 -17.587964 865.453477 -0.005405 212.603933 0.954344 118.998154 0.005032 87.790741 0.070587 110.126407 2.360257 -2.493924 0.011054 0.001718 0.009168 -9.9e-05 0.028519 0.008337 0.036194 0.002381 0.031079 0.009309 0.032097 0.009487 0.052633 -6.7e-05 0.00287 -0.000317 0.005441 -4.8e-05 0.004053 -2.5e-05 0.046075 -0.011691 0.068372 -0.004047 -0.001471 0.041864
39.344677 92.429564 49.98931 668.089126 4.373114 159.134721 0.72385 87.361631 2.494705 62.24981 1.957047 83.836604 -36.770261 125.342061 -17.939108 868.715923 -0.014992 216.77129 0.87359 123.180894 0.003742 89.416156 0.065901 112.140693 2.305217 -2.452847 -0.015393 0.001754 0.001251 -0.00166 0.0 0.01337 -3.8e-05 0.035731 -0.000772 0.00988 -0.000338 0.007781 -1e-06 0.006584 -0.001735 0.003069 -0.002394 0.020224 -0.001785 0.036123 -9.5e-05 0.007455 -8e-05 0.009127 -0.000325 0.000171
39.092792 93.034938 50.057098 665.337479 4.395241 160.77167 0.73901 88.81112 2.452362 63.979852 1.924315 86.157937 -35.761825 125.496391 -18.482374 862.668557 -0.071034 218.916434 0.586601 125.893063 -0.000449 90.257133 0.039004 113.407265 2.519148 -2.254907 -0.000404 0.000988 2.3e-05 -0.002839 2.8e-05 0.004188 7.9e-05 0.005963 -0.000181 0.011856 -0.000138 0.01585 0.007011 4.7e-05 -0.004052 -0.010561 -0.020759 0.005281 -0.02848 0.014767 -0.006781 0.001968 -0.003507 0.003556 0.004746 0.004163
39.013304 93.094624 49.967146 664.02837 4.427979 165.81151 0.744467 94.288479 2.40145 67.62974 1.890154 89.926058 -35.371734 126.061852 -18.550111 859.224075 -0.149408 212.337119 0.339353 119.287541 -0.051908 85.88849 0.000342 108.612251 3.159485 -1.089673 -4e-05 1e-05 -4e-05 -0.000645 6.1e-05 0.03889 1e-05 0.081945 -0.000267 0.05062 -0.000153 0.040323 0.00107 0.000636 -6.2e-05 -0.003445 -0.014403 -0.050191 -0.03362 -0.088997 -0.042705 -0.054182 -0.032043 -0.051786 0.036219 0.209545
37.43568 92.734271 47.802925 649.324523 2.992831 164.604646 0.2019 92.863692 1.180768 68.745378 0.878634 91.975301 -36.152406 125.54367 -19.564602 835.688626 -0.507124 206.723179 0.0187 112.207167 -0.444762 82.303938 -0.134259 105.7356 3.074888 -0.609756 -0.01628 -0.000349 -0.023956 -0.082312 -0.140098 -0.002204 -0.170976 -0.005424 -0.214397 0.004563 -0.191384 0.011543 -0.004261 -0.000534 -0.013504 -0.163414 -0.106011 -0.037605 -0.198731 -0.108304 -0.192784 -0.038202 -0.14815 -0.019304 -0.000574 0.069172
33.890235 93.847217 43.046788 645.765009 2.003716 154.089994 0.022988 78.669386 0.658817 60.639382 0.426003 84.66354 -39.874581 124.520882 -22.219691 829.846988 -0.9001 202.232368 -0.002078 108.984658 -0.874253 80.431842 -0.435819 103.46814 3.050927 -1.395353 -0.088172 0.003319 -0.124581 -0.004892 -0.098881 -0.173502 -0.088633 -0.588296 -0.075601 -0.254171 -0.081035 -0.151396 -0.091171 -0.002092 -0.084441 -0.010244 -0.055984 -0.024658 -0.033243 -0.023475 -0.071883 -0.010769 -0.086291 -0.012288 -4.7e-05 -0.160306
36.837736 93.636866 44.295711 648.625135 2.946722 150.734197 0.232938 76.360443 1.42543 59.516101 1.014787 82.208687 -37.967045 127.534406 -21.883675 848.841146 -0.692076 199.430557 3.2e-05 106.883106 -0.869823 77.9972 -0.433007 100.828772 4.522243 -1.247542 0.061443 -0.000118 0.00893 0.00316 0.090646 -0.018472 0.109573 -0.017195 0.146106 -0.005251 0.125796 -0.018058 0.023376 0.018015 0.00128 0.107462 0.013648 -0.009772 0.002629 -0.01023 6e-06 -0.018708 5e-06 -0.01705 0.144298 0.004137
36.091685 93.169862 43.606334 639.114803 2.66201 149.399381 0.154651 75.60977 1.146384 58.904451 0.786019 81.50241 -36.804316 124.028183 -22.326106 836.087564 -0.6831 199.868584 0.002884 108.064873 -0.594029 78.426282 -0.255001 101.711525 3.390849 -1.394614 -0.003816 -0.000584 -0.002703 -0.035119 -0.007231 -0.002968 -0.007989 -0.001854 -0.015183 -0.00158 -0.01459 -0.001524 0.009041 -0.024436 -0.002214 -0.048268 2.9e-05 0.00024 0.002305 0.003249 0.026215 0.000589 0.023426 0.001924 -0.0813 -0.004096
35.673837 93.804609 43.778704 639.331959 2.612596 139.802533 0.139207 68.128673 1.097058 51.876179 0.746855 74.172771 -37.13854 124.231988 -23.812036 836.969355 -1.021113 201.469883 -0.009296 108.817587 -0.763419 79.228703 -0.393087 102.48574 3.690795 -2.885034 -0.001216 0.001077 0.00017 1.8e-05 -0.000231 -0.159274 -0.000406 -0.194815 -0.000542 -0.223173 -0.0005 -0.172646 -0.000755 8.4e-05 -0.023934 0.000232 -0.033857 0.003195 -0.022537 0.001306 -0.01061 0.002042 -0.014882 0.001468 0.006355 -0.267911
35.727472 94.599537 44.642109 638.634812 2.894386 134.080717 0.199475 63.026474 1.234641 46.303641 0.83191 67.95939 -37.472377 124.927536 -27.090127 852.154457 -1.265415 211.3769 -0.01188 118.770561 -0.668894 84.255939 -0.362387 107.830599 3.721053 -5.637897 2e-05 0.001677 0.004216 -0.00019 0.007214 -0.059775 0.005406 -0.09928 0.004063 -0.158272 0.002293 -0.135876 -0.000747 0.000971 -0.105664 0.068258 -0.013089 0.118886 -0.000158 0.217738 0.003123 0.077313 0.000624 0.067927 6.2e-05 -0.456823
35.368792 98.3943 46.320393 620.360523 3.448152 127.537974 0.347748 59.606354 1.323021 41.680585 0.889405 63.158186 -37.59606 127.285809 -30.273222 861.418513 -2.425637 220.066969 -0.276365 127.503647 -1.194819 88.243969 -0.756104 112.843867 5.032414 -8.630527 -0.000905 0.037311 0.015484 -0.132632 0.024221 -0.081826 0.02047 -0.047701 0.001527 -0.121541 0.00096 -0.087934 -0.000102 0.011026 -0.088383 0.025042 -0.18709 0.087526 -0.173646 0.15489 -0.075745 0.046106 -0.071586 0.056953 0.098785 -0.317364
36.658194 102.93039 46.571798 600.316908 4.041525 129.447201 0.456565 63.657824 1.258371 43.800555 0.910416 65.199542 -35.148261 131.771803 -35.486683 862.145189 -7.231944 254.902534 -3.078788 174.02087 -4.276172 112.317749 -3.197368 137.779089 10.173944 -15.838872 0.011542 0.051108 0.00034 -0.16457 0.023542 0.007092 0.007395 0.0666 -0.00081 0.026292 0.000123 0.016234 0.041195 0.038844 -0.206988 0.000153 -1.28093 1.27919 -1.510302 3.609794 -0.950261 1.450051 -0.843782 1.243525 0.895593 -1.085831
37.968551 101.485687 55.135733 598.155136 5.219158 117.892978 0.778171 54.567377 1.478077 34.684586 1.034376 54.57887 -37.099756 130.716473 -41.061356 897.281295 -10.14444 268.645151 -4.721154 185.118044 -7.390498 117.507381 -6.066447 142.774251 15.478786 -24.509629 0.011505 -0.005105 0.36119 -0.00195 0.075182 -0.270019 0.042619 -0.350005 0.008834 -0.531203 0.003955 -0.471793 -0.026361 -0.002121 -0.20326 0.350873 -0.245824 0.180396 -0.17487 0.171489 -0.423354 0.0586 -0.455487 0.044472 0.554499 -0.94267
40.798925 110.123968 66.613781 611.837216 8.420988 126.963365 2.143218 61.367858 2.991274 38.210345 2.363683 59.284985 -33.253714 141.77784 -46.31516 923.965163 -15.353255 338.442717 -8.406914 269.655772 -10.041278 168.699166 -8.440337 193.078038 23.993613 -46.334876 0.050869 0.176388 0.542259 0.077358 0.381116 0.168058 0.33853 0.199622 0.263958 0.085316 0.2708 0.097296 0.105205 0.2246 -0.158094 0.195489 -0.537713 4.025699 -0.528015 7.926419 -0.202726 4.615374 -0.19555 3.788607 0.929332 -3.445674
39.251414 101.385256 73.769223 542.841025 11.036768 93.956497 3.677684 37.418287 4.714707 19.827222 3.80618 36.919468 -32.468884 134.25463 -52.107789 900.978092 -20.034192 382.813876 -11.510085 322.801866 -12.737364 203.618318 -11.010013 227.972089 32.950837 -96.367837 -0.014959 -0.180601 0.182478 -2.063229 0.176626 -2.479637 0.205894 -2.947111 0.195194 -2.988316 0.170996 -2.635866 0.004686 -0.102541 -0.170609 -0.144779 -0.310956 1.366134 -0.24323 2.388536 -0.160117 1.641127 -0.170493 1.448394 0.708887 -9.058532
42.379536 85.262064 85.956172 472.846031 15.8859 64.17705 6.477825 19.461049 7.51813 7.786567 6.296835 19.833672 -29.648031 123.107012 -47.710658 893.374202 -20.026216 389.965821 -11.733947 329.634528 -13.541542 206.111143 -11.284215 230.471962 41.239572 -133.775348 0.059957 -0.69769 0.465607 -2.414686 0.440297 -2.829319 0.393666 -2.909006 0.325565 -2.763357 0.311817 -2.632954 0.064083 -0.241543 0.096897 -0.016111 1e-06 0.033096 -0.001078 0.035779 -0.012307 0.007583 -0.001686 0.006816 0.464473 -3.06046
36.610826 83.485235 81.67965 417.160692 14.719949 48.24597 5.724045 11.362799 6.861057 4.070731 5.710363 13.689052 -32.726736 120.738634 -51.983905 868.524795 -22.980394 379.719339 -14.501527 313.780191 -16.055689 200.557883 -13.732089 226.163361 43.908076 -147.482583 -0.210928 -0.009355 -0.054558 -1.74375 -0.022217 -1.134494 -0.023305 -1.082833 -0.015021 -0.597277 -0.014331 -0.567957 -0.076026 -0.011502 -0.091625 -0.175244 -0.101583 -0.068206 -0.146384 -0.195362 -0.106976 -0.037918 -0.120052 -0.020327 0.041825 -0.334213
33.940776 85.26366 79.427835 407.975556 15.545034 36.406659 6.631997 4.645425 6.62072 1.003918 5.220547 7.969487 -35.559403 122.445576 -53.852752 866.812083 -24.80023 368.425919 -16.83937 292.062963 -18.763048 190.699057 -16.010056 218.365153 47.675011 -164.030157 -0.050543 0.009372 -0.015738 -0.051124 0.011249 -0.831997 0.033404 -1.477563 -0.002142 -1.031541 -0.01098 -0.768855 -0.058778 0.005991 -0.016501 -0.000845 -0.034669 -0.085243 -0.087316 -0.389366 -0.105416 -0.12423 -0.087364 -0.068406 0.077502 -0.439815
31.977201 84.467587 83.62831 398.454707 16.525687 31.153488 7.210465 2.560707 6.783666 0.306271 5.409595 6.120829 -37.79741 122.413985 -55.755802 865.035496 -26.116593 362.658155 -18.44644 274.562788 -20.280953 181.788551 -17.218025 211.078814 50.523451 -167.171486 -0.029252 -0.001867 0.054113 -0.056204 0.014997 -0.204541 0.012092 -0.30814 0.00099 -0.201188 0.001681 -0.121799 -0.034147 -2e-06 -0.016522 -0.000911 -0.017019 -0.022752 -0.036616 -0.27031 -0.029517 -0.106592 -0.021964 -0.061818 0.041321 -0.014898
36.71845 80.909909 101.670292 374.555425 19.853559 28.506954 8.673902 2.961515 8.130668 0.359465 6.794584 5.839561 -35.433301 120.826215 -51.813349 864.858096 -23.941118 342.137654 -16.241222 256.193144 -18.735923 159.01955 -15.700571 187.820988 51.551449 -144.257905 0.163812 -0.038272 0.880439 -0.369537 0.152532 -0.058729 0.067557 0.014565 0.060952 0.002129 0.078842 -0.003308 0.03817 -0.005182 0.072271 -9e-06 0.047295 -0.298796 0.070168 -0.317985 0.030603 -0.761436 0.034994 -0.6786 0.005177 0.844083
40.982409 73.05262 121.699899 362.359008 20.774168 37.844953 7.688762 8.261086 6.099951 2.485516 5.862774 11.197007 -35.154127 117.976479 -49.062261 873.269492 -20.431684 313.054202 -12.983237 223.757283 -15.267452 135.234411 -12.489648 164.784404 40.668253 -101.05238 0.117084 -0.200624 0.89984 -0.100936 0.010432 0.660375 -0.029683 1.330113 -0.145637 0.954524 -0.034346 0.864295 0.000552 -0.017004 0.037521 0.020353 0.138998 -0.645814 0.18217 -1.097289 0.177361 -0.962876 0.183462 -0.753323 -0.644435 3.834782
41.293216 79.300024 128.177306 389.337061 18.785181 46.161712 5.341838 20.235292 3.560385 10.312247 3.956208 23.592077 -36.221248 126.123161 -48.601055 894.392823 -18.529092 296.653203 -11.536611 202.900171 -14.142449 124.009663 -11.402837 153.966827 31.894743 -62.800772 0.000587 0.128145 0.083969 0.484271 -0.050033 0.412698 -0.213093 2.63788 -0.339784 2.6723 -0.186879 2.283045 -0.007978 0.135983 0.001089 0.126215 0.046483 -0.220632 0.042711 -0.510104 0.021525 -0.243119 0.024731 -0.183613 -0.53235 4.52748
41.676506 82.504838 125.884369 394.59266 10.803739 75.973005 1.210926 47.814423 0.544579 30.398366 0.997336 48.507024 -36.26517 131.638552 -50.006675 902.191517 -14.982517 267.315714 -8.223251 169.768048 -10.322203 106.809789 -8.263707 137.740542 15.60862 -23.246002 0.000885 0.031741 -0.010347 0.017617 -1.096803 3.694116 -1.466087 5.839143 -1.320068 5.300137 -0.980803 4.441686 -1.3e-05 0.059014 -0.010019 0.016927 0.188198 -0.76358 0.279775 -1.47573 0.300114 -0.64173 0.252147 -0.451645 -2.879023 9.630366
43.654917 82.987335 128.880008 401.612688 12.167275 109.317316 2.008309 75.495686 1.148874 49.97907 1.65211 71.198135 -34.883591 130.787901 -48.31588 900.083222 -11.984692 267.385787 -5.467894 171.094609 -7.097308 106.16654 -5.496741 136.720065 13.957193 -10.459579 0.022938 0.000703 0.017613 0.030948 0.040505 3.024965 0.100316 3.147175 0.111489 2.421498 0.082184 2.170319 0.013415 -0.001379 0.014539 -0.001233 0.167145 5e-06 0.280125 0.002581 0.301117 -0.000971 0.281063 -0.001897 -0.046157 2.519469
44.872153 87.248463 129.880155 424.167986 15.449394 132.754241 3.832518 92.948491 2.48312 61.910878 2.974515 85.213858 -33.90488 136.346481 -48.45689 907.351221 -11.190266 287.340971 -4.721245 194.12309 -6.075318 119.778309 -4.653213 151.025956 16.326511 -9.46166 0.008369 0.053338 0.001933 0.308094 0.195726 1.137231 0.292177 0.906598 0.253952 0.638016 0.193014 0.629224 0.006963 0.057838 -0.000103 0.014613 0.01362 0.35904 0.027394 0.726743 0.039705 0.410385 0.035112 0.355844 0.092827 0.02501
44.324834 90.76999 128.534735 428.825365 15.436277 115.80384 3.696224 73.41074 2.313841 48.666523 2.772341 70.948043 -34.199586 140.891659 -51.318818 912.453437 -11.718373 314.088568 -5.461234 222.536928 -6.965965 135.496824 -5.391907 166.045685 17.309286 -21.754489 -0.001679 0.034834 -0.003502 0.012715 -3e-06 -0.578639 -0.001234 -1.151271 -0.002988 -0.796033 -0.003557 -0.652976 -0.000638 0.03726 -0.041054 0.007153 -0.006088 0.595072 -0.026924 0.96996 -0.030449 0.484392 -0.027198 0.355943 0.01436 -2.522346
44.181219 94.446203 127.0779 437.463099 15.664881 110.949217 3.932154 67.509653 2.571534 43.376931 2.91856 64.39019 -34.119914 144.782632 -51.695172 919.0059 -12.683304 351.48662 -5.907439 276.973863 -8.315156 169.663919 -6.324116 197.878984 20.134978 -41.465792 -0.000117 0.036487 -0.004152 0.043064 0.00084 -0.051973 0.003649 -0.123609 0.006801 -0.152118 0.001879 -0.158975 4.6e-05 0.026499 -0.000687 0.011722 -0.019086 1.051512 -0.00876 2.975142 -0.059677 1.918779 -0.037145 1.394938 0.106771 -3.151417
44.470828 93.125049 127.782236 438.612782 16.780621 108.149777 4.075892 63.922225 2.653256 41.008093 3.130438 62.281558 -33.595831 140.887909 -50.160048 912.267278 -16.956954 366.168349 -9.434783 293.614259 -11.068077 182.850263 -8.8327 210.644927 24.559495 -50.672438 0.000473 -0.004653 0.000973 0.000754 0.01919 -0.017885 0.00129 -0.048968 0.000639 -0.033255 0.003712 -0.017552 0.002028 -0.026551 0.011569 -0.012398 -0.309714 0.150195 -0.410992 0.242698 -0.196489 0.246714 -0.209038 0.19951 0.219541 -0.461128
44.264774 94.058672 127.510579 443.871834 18.995044 104.149885 6.374565 59.315095 4.384514 37.207588 4.529052 57.957682 -33.795192 140.736548 -50.148355 906.188875 -16.311872 361.029549 -9.163439 265.238864 -10.573932 172.200684 -8.465482 205.000381 28.576309 -49.318646 -0.000239 0.002328 -0.000145 0.01567 0.068599 -0.037684 0.255941 -0.086147 0.216264 -0.092388 0.128775 -0.07777 -0.000295 -4.1e-05 1e-06 -0.010159 0.006255 -0.018157 0.00198 -0.720836 0.005642 -0.15975 0.003898 -0.038329 0.152044 0.009165
44.576542 93.605666 130.428235 435.672476 19.197374 105.361265 6.200584 63.445616 4.327092 41.583439 4.575381 63.103297 -34.370039 145.891381 -50.216885 909.296351 -13.820316 315.982697 -7.098213 216.800953 -8.466141 145.791615 -6.573124 179.739203 24.8984 -31.650724 0.000547 -0.000547 0.016502 -0.038219 0.000536 0.003502 -0.001204 0.069509 -0.000189 0.121606 0.000118 0.109405 -0.002424 0.046357 -2.3e-05 0.002659 0.103187 -1.50032 0.131675 -2.439823 0.117029 -1.098526 0.119536 -0.830193 -0.12663 1.951123
44.941014 91.108758 133.172463 385.896147 12.042849 112.40633 1.435018 77.20006 0.592298 51.579013 1.249107 73.957993 -34.38968 147.670265 -52.686885 902.683025 -12.6539 295.10464 -6.042497 199.7941 -7.0637 130.942 -5.423634 164.956145 11.746875 -18.15728 0.000742 -0.016877 0.014285 -1.509284 -0.830286 0.113988 -1.669716 0.674174 -1.71756 0.537774 -1.043216 0.4305 -3e-06 0.00539 -0.029648 -0.012069 0.025708 -0.356758 0.042476 -0.347284 0.063454 -0.398705 0.055197 -0.317149 -2.441276 1.862574
43.687492 88.115404 134.41131 360.328511 13.731979 111.529335 2.174712 94.494461 0.995598 65.713505 1.830371 87.090196 -34.914154 148.896747 -55.254853 903.502862 -12.476613 275.669273 -5.853252 178.669206 -6.825304 112.88585 -5.286437 146.672404 13.034446 -6.342281 -0.008865 -0.024999 0.002868 -0.438136 0.055407 -0.001717 0.076601 0.873234 0.05207 0.854762 0.055355 0.536306 -0.001985 0.002536 -0.030551 0.000186 0.000625 -0.330992 0.001505 -0.59003 0.002046 -0.669474 0.000879 -0.53683 0.033472 3.037169
43.802448 86.827902 139.728967 330.111397 15.006982 111.481626 2.512482 106.217275 1.011151 75.169765 1.996779 96.228278 -34.309229 149.697795 -56.531653 906.608246 -11.559824 299.377579 -4.550146 210.051037 -5.008828 127.628257 -3.875473 161.042573 10.52095 -6.902273 7.6e-05 -0.004738 0.05158 -0.661543 0.028297 -5e-06 0.012186 0.342635 6e-05 0.317716 0.003619 0.2279 0.002643 0.001075 -0.007292 0.002664 0.01749 0.488937 0.081935 1.268816 0.140241 0.452246 0.109298 0.335724 -0.134486 -0.011844
44.391645 89.782999 143.56725 336.114841 17.778781 116.397333 3.787087 111.790277 1.766618 81.090476 2.959607 104.28016 -34.072858 150.484468 -58.381823 903.276774 -10.447977 314.443072 -3.356397 228.311139 -3.437933 140.836409 -2.712653 175.676304 10.133451 -8.193486 0.001968 0.024724 0.026003 0.027049 0.117378 0.053026 0.130294 0.071244 0.104705 0.112208 0.094419 0.161736 0.000409 0.001031 -0.014895 -0.003066 0.028104 0.18491 0.090637 0.38048 0.14736 0.32511 0.103432 0.31814 -0.003635 -0.055323
44.128027 91.248997 145.041943 341.933721 19.645809 121.851116 4.785336 109.826435 2.430336 78.760767 3.662987 103.394549 -33.689556 150.594092 -60.186109 891.18816 -10.603995 315.683346 -3.443992 239.469874 -3.317613 144.774384 -2.681964 180.293486 11.427003 -9.969784 -0.000393 0.005936 0.003768 0.024969 0.0466 0.06243 0.058321 -0.008701 0.052813 -0.016978 0.037459 -0.001888 0.001084 2e-05 -0.013729 -0.040719 -0.000578 0.001221 -0.000564 0.133113 0.001072 0.02715 8.7e-05 0.029945 0.038839 -0.087066
44.528601 91.337897 152.373005 349.434491 16.838489 113.019449 2.949762 101.624441 1.363418 71.19728 2.467085 93.841328 -34.859797 154.745863 -61.195169 915.589482 -11.213427 365.221265 -3.757405 302.873039 -3.562297 189.235845 -3.004732 221.216619 9.333391 -28.285952 0.000905 2.2e-05 0.090366 0.04069 -0.108166 -0.166104 -0.220951 -0.159134 -0.153115 -0.190863 -0.117785 -0.231493 -0.00999 0.028228 -0.004194 0.164783 -0.008513 1.804409 -0.006823 3.718857 -0.004352 2.972449 -0.009167 2.09095 -0.105836 -4.669737
45.451036 88.721157 147.061385 362.990698 14.650466 91.348208 2.011926 60.677727 0.891745 37.439838 1.605684 58.97959 -35.109648 155.362707 -59.571569 925.63385 -11.4345 446.721331 -3.887698 394.255526 -3.718282 253.403647 -3.155746 281.289254 8.251872 -96.037001 0.004728 -0.019015 -0.047115 0.128987 -0.07611 -1.152263 -0.089439 -5.250073 -0.049877 -5.377937 -0.092136 -4.029479 -0.000446 0.000613 0.010914 0.027398 -0.001079 4.100706 -0.00111 6.015349 -0.001671 4.67578 -0.001851 3.603647 -0.033289 -20.082884
45.842099 89.355859 144.454342 375.272356 13.138893 77.43124 1.368413 42.771684 0.597816 23.853734 1.08248 42.479278 -35.162079 158.725498 -58.548446 958.554605 -12.583964 535.794181 -4.583264 493.503303 -4.387722 329.039169 -3.902897 351.626764 8.224704 -175.705852 0.000838 0.001131 -0.011658 0.102165 -0.041141 -0.574751 -0.061818 -1.561462 -0.029288 -1.524686 -0.051408 -1.350718 -2e-05 0.018002 0.004431 0.28762 -0.027521 4.045912 -0.028605 5.56519 -0.02769 4.931862 -0.039654 3.920533 -2.2e-05 -11.940905
47.698431 91.536071 142.559175 421.069612 12.804332 78.580912 1.236874 39.640815 0.580977 21.446002 1.011661 39.720226 -35.270457 159.320345 -58.551501 987.083899 -13.599246 656.308586 -5.431508 643.387356 -5.02708 459.809681 -4.607694 473.411301 9.026019 -282.649746 0.018421 0.013139 -0.006257 1.31798 -0.002157 0.004236 -0.003323 -0.059493 -0.00012 -0.064032 -0.001198 -0.046317 -8.3e-05 0.000556 -0.0 0.209177 -0.019692 6.107284 -0.035987 9.923427 -0.021734 10.914675 -0.029234 9.03786 0.018621 -12.650698
47.687976 93.123553 139.099792 437.176537 12.022586 81.27796 0.946546 42.403093 0.4419 23.556973 0.804939 42.51044 -35.841355 161.043027 -60.231989 989.070471 -16.374136 731.385256 -7.899458 755.107828 -6.229025 562.17967 -5.825655 566.903858 9.989122 -355.577992 -1e-06 0.006824 -0.021245 0.151155 -0.012311 0.022753 -0.019388 0.046514 -0.009499 0.049537 -0.0118 0.047352 -0.002292 0.004632 -0.011888 0.000999 -0.128724 2.032378 -0.230436 4.469605 -0.064357 5.139992 -0.071335 4.20958 0.024406 -4.180329
45.509522 94.341502 128.069493 448.961648 9.656612 81.77136 0.381691 42.768409 0.119583 23.423306 0.301857 42.551877 -37.365911 159.956935 -62.585613 988.549231 -23.517211 817.704222 -16.184342 911.411624 -10.465767 719.574328 -9.54381 707.339966 12.822788 -483.345483 -0.025464 0.003957 -0.227795 0.078371 -0.129493 0.000747 -0.126092 0.000783 -0.101727 -0.00019 -0.120943 1e-05 -0.015876 -0.001837 -0.022554 -6.9e-05 -0.644742 2.406819 -1.469864 7.346101 -0.546538 9.700448 -0.456525 7.762469 0.176681 -9.786535
46.563908 103.413762 118.505485 463.54575 8.693416 81.297951 0.301369 42.386444 0.093394 22.979279 0.219441 42.699092 -36.331605 157.733563 -65.483858 824.239385 -32.134697 879.004788 -28.846087 1067.391227 -15.232328 907.764935 -13.181035 872.459443 17.71119 -641.885881 0.006037 0.20821 -0.185551 0.116552 -0.025297 -0.000687 -0.004739 -0.000857 -0.001616 -0.002124 -0.006556 0.000127 0.007258 -0.00778 -0.032798 -7.46182 -0.67124 1.107729 -1.816777 6.157144 -0.445927 10.918101 -0.292967 8.65278 0.39385 -11.224827
47.48609 109.292016 117.658557 473.279029 8.68082 80.072113 0.370088 41.440924 0.144804 22.424279 0.272334 42.219473 -35.480647 153.076242 -66.111665 801.18467 -39.111988 1023.498955 -36.958737 1262.603551 -21.059745 1101.645147 -17.787805 1050.210215 24.69713 -809.721858 0.004521 0.08124 -0.001519 0.050564 -5e-06 -0.004656 0.003526 -0.005333 0.005614 -0.003392 0.002853 -0.001354 0.005042 -0.034896 -0.001498 -0.16351 -0.342471 5.495064 -0.501993 8.19207 -0.470909 9.375247 -0.344557 8.23416 0.579356 -9.735306
47.263486 108.092385 109.738752 480.200247 8.948933 81.365843 0.511062 41.755233 0.308948 22.645743 0.439356 43.137681 -34.652649 146.533767 -68.078156 735.147067 -40.734761 1084.395213 -38.113395 1364.280864 -21.521673 1210.823182 -18.39998 1145.594474 26.987785 -902.289271 -0.000261 -0.00331 -0.137958 0.025121 0.002039 0.005184 0.01135 0.000594 0.03073 0.000544 0.019876 0.004939 0.004888 -0.071441 -0.01441 -1.419935 -0.016492 0.879818 -0.00888 1.96852 -0.002506 2.578737 -0.005178 2.072692 0.050785 -2.504364
46.97324 108.608337 107.992699 490.313785 8.977038 83.657529 0.55624 42.149789 0.346459 23.139019 0.473227 44.426083 -33.843477 144.728775 -68.335361 722.282669 -39.921756 1173.889649 -38.506075 1480.819707 -21.570423 1345.31185 -18.194025 1268.589786 27.384338 -1015.581507 -0.000447 0.000614 -0.007001 0.052697 2.2e-05 0.015913 0.000957 0.000928 0.001074 0.002657 0.000629 0.009479 0.00478 -0.005593 -0.000242 -0.056777 0.004098 1.774001 -0.001006 2.38779 -2.8e-05 3.54045 0.00058 3.135153 0.001446 -3.349117
46.406231 108.462846 108.587902 487.820114 9.404763 84.029093 0.618054 42.605434 0.371947 23.451499 0.522994 45.066929 -33.669355 135.11002 -71.196174 723.799818 -43.42904 1267.572246 -43.284022 1612.952975 -24.145908 1482.011738 -20.050497 1389.399735 30.51152 -1132.607253 -0.001721 -4.9e-05 0.000818 -0.003179 0.004977 0.000412 0.001628 0.001225 0.000452 0.001048 0.001244 0.002295 0.000225 -0.165359 -0.029331 0.000796 -0.073823 1.798034 -0.139676 2.822956 -0.072604 3.306624 -0.045085 2.746924 0.084517 -3.189943
46.356058 103.906469 105.879558 482.864942 9.354544 81.989958 0.585082 41.302562 0.401937 22.605795 0.592097 43.935372 -32.974278 124.494611 -70.071021 700.06115 -42.883204 1306.191426 -44.664852 1673.280367 -24.607577 1568.568585 -19.880498 1462.381753 31.299407 -1214.564553 -1.4e-05 -0.048884 -0.017101 -0.012648 -6.7e-05 -0.012523 -0.000452 -0.010116 0.000581 -0.007765 0.002143 -0.007193 0.003625 -0.217126 0.004481 -0.1979 0.001726 0.289756 -0.01084 0.55378 -0.002186 1.228225 0.000362 0.934021 0.005022 -1.431307
45.749407 97.545931 102.891752 467.911354 8.890722 80.887607 0.513242 40.893398 0.386774 22.298965 0.582327 43.451982 -32.724042 120.948896 -68.677936 703.85532 -41.755272 1319.225596 -43.09952 1682.467787 -23.846893 1567.67025 -19.277738 1464.789734 30.307667 -1216.031124 -0.001998 -0.100437 -0.021381 -0.117601 -0.005896 -0.00373 -0.002352 -0.001018 -0.000146 -0.001048 -4.1e-05 -0.001337 0.000477 -0.025612 0.006994 0.005127 0.007516 0.032355 0.01396 0.012577 0.005971 -0.000129 0.004639 0.00099 -0.007983 -0.000442
44.001415 95.285842 102.281045 449.849558 8.095185 79.837021 0.318819 41.051846 0.262145 22.607609 0.479513 43.760249 -33.119457 122.166018 -69.600365 715.172468 -42.43147 1336.463558 -43.847549 1709.49185 -23.882213 1600.13285 -19.305593 1492.363688 29.148597 -1242.344991 -0.017024 -0.013245 -0.000909 -0.177748 -0.01864 -0.003434 -0.023034 0.000153 -0.01208 0.001061 -0.004989 0.000545 -0.001187 0.003047 -0.003077 0.045129 -0.002716 0.055946 -0.003218 0.107653 -1.3e-05 0.166337 -1e-05 0.128559 -0.011299 -0.140833
44.19465 93.299529 102.518326 450.091684 8.243433 79.539322 0.351685 41.01588 0.286435 22.571688 0.500056 43.597478 -33.091712 121.975171 -68.782695 718.255211 -42.351293 1340.434257 -42.958374 1709.400422 -23.62011 1589.742132 -19.240358 1484.426405 29.108707 -1233.456786 0.000212 -0.010461 0.000137 3.3e-05 0.000673 -0.000278 0.000806 -8e-06 0.000538 -1.4e-05 0.000215 -0.000152 6e-06 -7.5e-05 0.002416 0.003315 3.8e-05 0.002945 0.004554 -1e-06 0.000723 -0.016923 5.5e-05 -0.010582 -1.4e-05 0.015955
43.628575 95.535726 101.179205 455.264243 7.61646 78.761666 0.220363 40.531187 0.16502 22.611634 0.346771 43.737028 -34.139623 123.65567 -68.861069 728.183715 -41.926687 1360.697747 -42.559887 1733.114209 -23.528515 1611.034901 -19.185023 1507.057766 27.634436 -1251.923436 -0.001824 0.013241 -0.004402 0.014776 -0.012398 -0.00191 -0.015277 -0.00144 -0.016633 1.8e-05 -0.013989 0.000111 -0.008167 0.005749 -2.2e-05 0.034076 0.00107 0.076008 0.000928 0.081677 8.9e-05 0.070825 4e-05 0.085607 -0.019155 -0.068606
43.605979 94.136554 100.978456 450.521475 7.584893 77.870546 0.199747 40.736663 0.150877 22.513758 0.33609 43.307632 -33.954389 122.393015 -67.382968 730.461736 -41.911367 1363.089636 -42.913225 1742.132336 -23.75971 1626.27443 -19.286663 1518.070236 27.697294 -1266.094844 -3e-06 -0.005161 -0.0001 -0.012417 -3.3e-05 -0.002535 -0.000506 0.00026 -0.000317 -0.000106 -8.4e-05 -0.001059 0.000252 -0.00324 0.008018 0.001779 1e-06 0.00105 -0.00073 0.011701 -0.000565 0.03587 -0.000134 0.020045 3.6e-05 -0.039879
43.399978 93.197365 101.019069 452.311902 7.751645 79.192843 0.239386 41.625268 0.197203 22.903739 0.397967 43.612002 -34.012555 121.821641 -67.752045 741.109574 -40.175423 1370.47693 -39.182546 1749.854639 -21.457873 1626.239817 -17.748585 1516.997968 25.769226 -1263.154064 -0.000244 -0.002354 4e-06 0.001775 0.000907 0.005566 0.001793 0.004794 0.003097 0.001674 0.002613 0.000533 -2.5e-05 -0.000668 -0.000504 0.038523 0.018358 0.009982 0.08481 0.008539 0.058626 -0.0 0.031952 -0.000189 -0.034776 0.00171
43.424523 93.262973 102.609536 449.352362 7.757421 79.430279 0.271852 41.793064 0.264929 23.260201 0.499268 44.20848 -33.032661 122.471629 -67.755038 742.806037 -38.579676 1371.464544 -37.649913 1750.157593 -20.319356 1628.609483 -16.644848 1519.945176 25.224628 -1262.604822 3e-06 1.2e-05 0.006211 -0.004857 1e-06 0.000178 0.001032 0.000169 0.00499 0.001376 0.005737 0.002026 0.007161 0.000865 -0.0 0.00097 0.016168 0.000178 0.015288 1.3e-05 0.015516 0.000863 0.017715 0.00143 -0.002908 6e-05
43.49136 94.32535 100.288563 462.763783 7.476497 80.447612 0.237703 41.98093 0.230677 23.489991 0.43567 44.586133 -33.357322 123.703927 -68.858349 750.409013 -38.719153 1377.610734 -37.87477 1757.251696 -20.360942 1631.168157 -16.731921 1522.609622 24.926038 -1263.168045 2.6e-05 0.003008 -0.013275 0.098604 -0.00259 0.003237 -0.001146 0.000211 -0.001185 0.000565 -0.002166 0.000803 -0.000794 0.003084 -0.004455 0.019356 -0.000126 0.006871 -0.000335 0.007174 -2.1e-05 0.001004 -0.000114 0.001167 -0.000889 -6.3e-05
42.583416 101.185021 95.624009 498.047213 6.834105 82.150331 0.160669 42.435586 0.1791 23.849076 0.330173 45.007808 -34.130638 126.588881 -69.874527 752.150899 -39.674072 1385.945964 -39.692808 1767.325464 -21.190503 1652.216652 -17.388457 1542.438035 25.265866 -1279.057714 -0.004789 0.120376 -0.055538 0.648067 -0.014426 0.008916 -0.007519 0.001224 -0.003259 0.001362 -0.007301 0.000992 -0.004431 0.016627 -0.003722 0.00101 -0.005816 0.01257 -0.021309 0.014396 -0.008282 0.067468 -0.006317 0.064138 0.00115 -0.049658
42.361379 105.043239 94.045434 556.078374 7.962438 96.111257 0.561587 47.322512 0.868517 25.96102 0.998705 48.370212 -33.620019 129.66016 -70.204402 757.189053 -40.24943 1400.173775 -40.078652 1784.822887 -21.581968 1666.23368 -17.749087 1553.182948 31.109422 -1276.22775 -0.00029 0.036094 -0.006569 1.598562 0.043084 0.54753 0.121491 0.133134 0.258817 0.044793 0.180409 0.060557 0.001924 0.018406 -0.000388 0.008409 -0.002071 0.036329 -0.000933 0.043095 -0.001791 0.029604 -0.001851 0.018648 0.303674 0.001567
41.826633 110.305435 88.648579 590.997195 9.016047 105.36616 1.182271 50.640833 1.90143 27.519375 1.919118 50.972474 -34.181323 132.071042 -70.99439 766.677969 -40.649553 1420.492199 -39.932979 1806.793766 -21.795291 1680.010626 -18.012166 1565.546992 36.57185 -1277.493528 -0.001698 0.064302 -0.07973 0.531616 0.032723 0.212675 0.114198 0.056217 0.199792 0.022709 0.148973 0.034089 -0.002323 0.011104 -0.00221 0.029543 -0.00099 0.073182 0.000133 0.067201 -0.000525 0.028361 -0.000968 0.024508 0.220791 -0.000314
42.115008 111.640716 88.483215 619.31419 10.338007 111.203948 1.818786 52.973988 2.784512 28.016414 2.744929 52.071911 -34.091092 132.998221 -70.746762 769.929045 -40.485019 1435.558087 -39.945334 1830.595567 -21.876677 1707.831239 -17.873983 1589.240486 40.270912 -1298.367106 0.000495 0.004017 -7.7e-05 0.331304 0.0452 0.078695 0.068278 0.026272 0.083962 0.002224 0.073691 0.005865 6e-05 0.001622 0.000216 0.003439 0.000167 0.039737 -1e-06 0.077876 -7.6e-05 0.114232 0.000266 0.088974 0.089084 -0.084576
42.382524 112.388889 86.813018 652.866406 12.172016 116.482362 2.70116 54.90234 3.949003 28.765279 3.775624 53.471748 -33.778769 133.183125 -69.904972 781.991569 -39.454897 1451.639161 -38.487473 1847.434144 -21.227259 1721.47331 -17.198689 1601.441851 43.487626 -1305.182815 0.000423 0.001249 -0.007957 0.442526 0.074838 0.061193 0.086964 0.017237 0.101458 0.004938 0.081976 0.009283 0.000719 6.4e-05 0.002519 0.04688 0.006637 0.044784 0.01355 0.038545 0.004892 0.027135 0.006502 0.023329 0.061791 -0.008921
42.525831 115.814552 80.322134 673.992385 11.827932 118.98515 2.570397 56.272738 3.907326 30.057652 3.686696 55.248739 -33.495268 136.024637 -69.288087 792.109674 -39.147707 1462.125566 -38.104233 1858.221414 -20.975991 1729.874295 -17.00716 1609.895605 42.989672 -1303.879499 0.000121 0.025714 -0.126088 0.168192 -0.002467 0.013301 -0.001622 0.008446 -0.000111 0.014199 -0.00053 0.014523 0.000597 0.014997 0.001367 0.032519 0.0006 0.01887 0.000959 0.015701 0.000748 0.010225 0.000536 0.011127 -0.001434 0.000326
42.742998 120.389017 77.791406 702.418311 11.176811 123.116072 2.214881 58.186108 3.569523 32.114495 3.373891 57.968392 -33.300751 142.686663 -68.953395 819.981043 -38.860887 1486.386164 -37.641319 1883.800199 -20.914205 1748.808841 -16.950426 1627.127128 41.764208 -1306.952396 0.000277 0.0443 -0.020254 0.29356 -0.009216 0.035245 -0.013225 0.015994 -0.007635 0.034033 -0.006933 0.03267 0.000283 0.079632 0.000405 0.240951 0.000527 0.099811 0.001415 0.087424 4.6e-05 0.051531 4.7e-05 0.045864 -0.00886 -0.001808
42.686318 121.422968 74.797787 716.706867 11.1554 126.570708 2.278751 59.37442 3.891777 32.582898 3.62301 58.647639 -33.220313 143.722483 -68.348912 822.681881 -38.86386 1487.022542 -37.768723 1883.688701 -21.016631 1748.356464 -17.034358 1627.042738 42.996199 -1303.586159 -1.9e-05 0.002211 -0.029368 0.071934 -1e-05 0.0239 0.000454 0.006006 0.006962 0.001696 0.004436 0.001978 4.9e-05 0.001873 0.001331 0.00222 -0.0 6.8e-05 -0.000108 -2e-06 -0.000125 -2.9e-05 -0.000104 -1e-06 0.008954 0.00217
43.060203 122.036531 74.930121 734.001378 11.054597 129.24248 2.194923 59.923792 3.691379 32.786299 3.479368 59.029221 -33.334124 144.096802 -68.416734 823.019392 -39.050245 1484.986795 -37.962418 1880.516909 -21.098193 1745.320703 -17.15889 1624.593729 42.439663 -1299.682062 0.000815 0.000773 5.8e-05 0.103091 -0.000229 0.013953 -0.000785 0.001265 -0.002648 0.000316 -0.001453 0.000619 -9.7e-05 0.000243 -1.7e-05 3.5e-05 -0.000223 -0.000697 -0.000248 -0.001336 -7.9e-05 -0.001319 -0.000227 -0.000922 -0.001813 0.002927
42.729711 122.561949 73.880663 731.908429 10.775663 131.051015 2.086324 60.87805 3.600977 33.126832 3.397647 59.472885 -33.70696 144.198993 -68.932658 819.02091 -39.566133 1484.814532 -38.68211 1879.006683 -21.507076 1743.809039 -17.461209 1622.867315 42.708791 -1296.241084 -0.000637 0.000564 -0.003701 -0.001494 -0.001782 0.006283 -0.001378 0.003769 -0.00056 0.00088 -0.000486 0.000831 -0.001037 1.8e-05 -0.000969 -0.004868 -0.001693 -5e-06 -0.003379 -0.000303 -0.001962 -0.000327 -0.00132 -0.000459 0.000425 0.002281
43.006987 123.118255 73.122176 738.090656 10.260193 130.880076 1.858818 60.82035 3.515484 33.089792 3.318503 59.433544 -33.209974 144.124779 -67.568483 817.75706 -38.280381 1483.925359 -37.723278 1878.547844 -20.572105 1746.603841 -16.495486 1624.972857 41.095929 -1298.882826 0.000448 0.00063 -0.001957 0.013 -0.006317 -5.6e-05 -0.006565 -1.4e-05 -0.000514 -1e-05 -0.000466 -7e-06 0.001846 -1e-05 0.006817 -0.000488 0.010619 -0.000133 0.006017 -2.8e-05 0.010388 0.001119 0.013735 0.000683 -0.015522 -0.001345
43.221655 122.763424 73.07412 746.17759 9.932667 131.582959 1.61855 61.31674 3.315105 33.028207 3.178658 59.302426 -33.068092 143.601675 -67.177775 817.177639 -37.277573 1485.211899 -36.503971 1883.322409 -19.829664 1752.677238 -15.741385 1629.104794 39.360493 -1304.507825 0.000267 -0.000256 -8e-06 0.022031 -0.002656 0.000941 -0.008311 0.001009 -0.00294 -2.9e-05 -0.001505 -7.2e-05 0.000152 -0.000476 0.000566 -0.000103 0.006655 0.000279 0.010015 0.00303 0.006822 0.005271 0.008821 0.002623 -0.018719 -0.006077
43.405868 122.569208 72.835859 747.127444 9.593204 130.777335 1.431286 60.577945 3.123839 32.496502 3.029933 58.538184 -33.095655 142.828668 -67.409098 814.937555 -37.464533 1481.828865 -36.701368 1879.499688 -20.043771 1749.699557 -15.946537 1625.966293 38.993352 -1305.293069 0.000196 -7.7e-05 -0.000195 0.000302 -0.002951 -0.001237 -0.005755 -0.002239 -0.002841 -0.002157 -0.001782 -0.002478 -6e-06 -0.001043 -0.000199 -0.001537 -0.000234 -0.001929 -0.000266 -0.001942 -0.000575 -0.001266 -0.000664 -0.001513 -0.00086 -0.000118
43.94114 125.904031 72.906126 760.966085 8.680486 130.511228 1.051298 60.40929 2.558218 32.429498 2.488251 58.451706 -32.964353 144.992201 -67.397403 818.492709 -37.730966 1479.028433 -36.971348 1875.413683 -20.387173 1744.397245 -16.275253 1621.421417 37.389051 -1301.138075 0.00164 0.02238 1.7e-05 0.063495 -0.022808 -0.000136 -0.029253 -0.000118 -0.028223 -3.5e-05 -0.026651 -3.2e-05 0.00013 0.008132 1e-06 0.003869 -0.000472 -0.001324 -0.000495 -0.002223 -0.001458 -0.004023 -0.001677 -0.00318 -0.01685 0.003312
44.806218 128.928868 71.083964 773.166781 7.563944 129.940618 0.645972 60.05056 2.058891 32.143551 2.027911 58.055284 -32.914169 146.596546 -67.565347 822.384608 -37.562152 1476.143397 -36.884129 1870.950278 -20.311753 1743.320975 -16.215793 1620.54982 35.30427 -1302.023818 0.004216 0.017953 -0.01153 0.048516 -0.038418 -0.000625 -0.049108 -0.000534 -0.02708 -0.000633 -0.023523 -0.000674 1.9e-05 0.004414 -0.000104 0.004615 0.000189 -0.001408 5.2e-05 -0.002659 7e-05 -0.000166 5.4e-05 -0.000117 -0.029901 -0.000151
46.41622 130.789128 66.275915 786.99425 5.851998 129.703398 0.203744 58.59867 1.389284 31.487128 1.387781 57.143099 -32.825252 146.579876 -66.998359 821.53206 -36.918635 1475.103212 -36.723254 1871.331092 -20.068463 1749.255292 -15.775339 1624.907984 32.018199 -1311.364002 0.014209 0.006662 -0.084175 0.061277 -0.109675 -0.000108 -0.124146 -0.008884 -0.065641 -0.003386 -0.060519 -0.003612 6e-05 -0.0 0.001195 -0.000221 0.00278 -0.000183 0.000176 1.9e-05 0.000733 0.005042 0.003032 0.002926 -0.080246 -0.016691
45.846659 131.181784 61.614878 784.271398 4.951804 129.76735 0.08217 58.652751 1.073266 31.501177 1.074445 56.909177 -33.591409 145.473685 -67.661017 817.83615 -37.05711 1474.08193 -37.282704 1872.036102 -20.291369 1756.416762 -15.817341 1630.399357 30.698022 -1317.474766 -0.001758 0.000294 -0.084965 -0.002359 -0.037568 8e-06 -0.027135 1.2e-05 -0.020361 2e-06 -0.020018 -0.00024 -0.004419 -0.002095 -0.00163 -0.004166 -0.00013 -0.000177 -0.002115 6.6e-05 -0.000616 0.007315 -2.8e-05 0.004632 -0.013896 -0.007102
44.2459 136.961313 57.061665 802.60079 3.983749 130.581373 0.005946 58.343163 0.692041 31.701077 0.671954 57.200425 -36.182839 147.497495 -71.106479 829.897469 -40.050583 1482.443842 -40.420496 1880.355624 -22.501966 1767.278356 -17.880662 1642.626234 31.086355 -1325.58899 -0.014222 0.062293 -0.087378 0.105862 -0.052593 0.001273 -0.043907 -0.00041 -0.041655 0.000316 -0.047014 0.000372 -0.04814 0.00699 -0.04278 0.044145 -0.058128 0.011825 -0.063381 0.009223 -0.057135 0.01674 -0.063228 0.022838 0.00122 -0.012455
43.827186 136.047301 56.240952 807.008022 3.838868 137.242782 0.002636 62.806063 0.587112 34.816102 0.567086 60.906794 -36.588216 144.131005 -71.449978 828.027243 -39.961045 1484.673055 -40.067182 1882.555279 -22.198961 1767.831161 -17.775464 1643.029203 30.006401 -1306.465884 -0.000995 -0.00153 -0.002972 0.006034 -0.001342 0.082855 -0.000664 0.08223 -0.004311 0.072979 -0.004446 0.05817 -0.001129 -0.019432 -0.000414 -0.001055 5e-05 0.000837 0.000775 0.000643 0.001027 4.3e-05 0.000155 2.5e-05 -0.009546 0.06947
43.248658 140.747084 55.399297 818.699739 3.648912 138.23668 2.8e-05 62.812676 0.454084 35.345471 0.429628 61.469831 -36.348995 146.517822 -71.863157 830.408381 -40.374656 1471.56457 -40.51859 1864.000845 -22.415982 1748.066625 -18.103248 1626.419376 29.25089 -1286.275344 -0.001922 0.039902 -0.003173 0.042043 -0.00241 0.001793 -0.002123 0.0 -0.008533 0.001997 -0.009524 0.001295 0.000392 0.0098 -0.000596 0.001709 -0.001065 -0.029063 -0.001264 -0.045945 -0.000528 -0.055553 -0.001497 -0.042192 -0.004816 0.078616
42.434887 142.642239 53.254477 849.667435 3.152052 139.758701 -0.014577 62.526543 0.389883 35.118407 0.349014 60.926659 -37.436483 144.960623 -73.719369 835.105469 -39.588744 1466.009986 -38.993426 1855.829061 -21.32208 1738.375998 -17.375013 1617.803617 27.47846 -1279.332505 -0.003864 0.006337 -0.021171 0.287431 -0.018174 0.004167 -0.015876 -0.000327 -0.002445 -0.000366 -0.004184 -0.001205 -0.008014 -0.00416 -0.011834 0.006623 0.003862 -0.005252 0.014629 -0.008976 0.013682 -0.013468 0.007475 -0.011441 -0.027695 0.009394
40.953681 142.648717 48.293344 848.830032 2.547114 141.935654 -0.078318 63.357767 0.288083 35.602565 0.242572 61.54439 -37.700437 144.386365 -73.92555 834.334155 -39.008614 1473.940965 -38.08606 1863.018717 -20.985328 1744.204816 -17.100622 1622.635371 26.19094 -1281.41731 -0.013156 0.0 -0.121261 -0.000206 -0.032196 0.008412 -0.025318 0.002744 -0.007686 0.001657 -0.009655 0.001558 -0.000464 -0.00057 -0.000144 -0.000178 0.002141 0.010698 0.005341 0.00695 0.00134 0.004878 0.001092 0.003602 -0.015446 -0.000849
40.129345 141.893902 46.314836 832.477506 2.252652 138.812281 -0.145394 61.530597 0.193885 34.256845 0.156812 59.816472 -38.983154 143.104121 -74.910207 826.426752 -40.057561 1490.95092 -39.714441 1890.655524 -21.618895 1778.371494 -17.547018 1651.892985 25.907445 -1318.983137 -0.00419 -0.001001 -0.02069 -0.079525 -0.009041 -0.017375 -0.010293 -0.013367 -0.009295 -0.012963 -0.009316 -0.012302 -0.010729 -0.00286 -0.003257 -0.018825 -0.006958 0.048795 -0.017043 0.101741 -0.004711 0.165701 -0.002876 0.13071 -0.000771 -0.271355
39.729731 141.86884 45.997441 830.255864 2.139991 138.283217 -0.180548 61.245117 0.147106 34.159024 0.115681 59.770198 -39.376911 142.7625 -75.379671 826.272716 -40.144639 1494.981503 -39.690818 1897.007688 -21.652857 1782.921704 -17.630335 1655.412144 25.369425 -1323.51061 -0.001 -1e-06 -0.000546 -0.001484 -0.001445 -0.000505 -0.001901 -0.000332 -0.003224 -7e-05 -0.003122 -9e-06 -0.000989 -0.000204 -0.000733 -7e-06 -4.7e-05 0.00272 4e-06 0.005327 -1.3e-05 0.002907 -9.9e-05 0.001872 -0.002823 -0.003879
39.388881 143.354503 45.274118 834.369966 2.01316 137.996691 -0.214722 60.060445 0.124912 33.669632 0.091869 59.254149 -39.770429 144.418095 -76.441404 831.824471 -40.693306 1500.834254 -40.338533 1903.08291 -22.203623 1788.31497 -18.063403 1660.756807 25.659298 -1331.222311 -0.000734 0.003869 -0.002866 0.005084 -0.001937 -0.000149 -0.00148 -0.005785 -0.000907 -0.001766 -0.001371 -0.001119 -0.000978 0.004772 -0.003713 0.009294 -0.001862 0.005717 -0.002621 0.004856 -0.003458 0.004072 -0.002627 0.004307 0.000823 -0.011201
39.41698 145.316646 45.66861 839.342068 2.074855 140.119076 -0.196008 61.684095 0.133446 35.0012 0.100473 61.021467 -39.843799 146.748426 -77.247201 837.862827 -41.927652 1505.40748 -41.449059 1906.853525 -23.298449 1787.010551 -19.066055 1659.564367 26.958408 -1321.821731 5e-06 0.006669 0.000856 0.007385 0.000466 0.008098 0.000427 0.010827 0.000141 0.012911 0.000193 0.012985 -3.4e-05 0.009325 -0.002112 0.010919 -0.009221 0.003478 -0.00754 0.001866 -0.013173 -0.000238 -0.01354 -0.000214 0.01604 0.016655
39.01256 144.028695 45.647063 832.981126 1.955663 140.367752 -0.275551 61.715604 0.070239 34.833267 0.05411 60.812959 -41.14902 147.308114 -82.830053 846.329836 -47.157947 1510.236892 -45.893002 1911.506501 -27.038002 1787.646068 -22.69839 1660.257436 29.86441 -1323.401974 -0.001043 -0.002867 -3e-06 -0.012097 -0.001763 0.00011 -0.006757 4e-06 -0.010055 -0.000202 -0.007116 -0.000178 -0.010518 0.000533 -0.097383 0.021283 -0.15367 0.003867 -0.113127 0.002835 -0.1391 5.6e-05 -0.158255 7.2e-05 0.074357 -0.000472
37.534284 141.892837 47.747389 827.646351 2.108708 144.885927 -0.215524 64.411523 0.076358 36.767262 0.059963 63.367161 -42.326665 148.987457 -86.559849 855.217446 -49.776676 1512.292418 -47.282624 1907.705513 -29.104687 1766.809567 -24.962237 1642.735669 32.162579 -1293.828853 -0.014276 -0.007978 0.02362 -0.008569 0.002882 0.035784 0.003682 0.028815 0.000128 0.026124 0.00015 0.026271 -0.008307 0.004759 -0.041068 0.023211 -0.035379 0.000699 -0.010363 -0.001891 -0.038052 -0.061073 -0.053796 -0.046475 0.042589 0.167085
36.913058 145.68771 51.372248 822.225651 2.846248 148.89791 -0.060153 67.756411 0.143629 38.803836 0.123685 66.251752 -43.958764 152.931514 -90.166836 868.048648 -52.238799 1528.025428 -49.670508 1922.12617 -30.989325 1777.872585 -26.843529 1655.534372 35.352417 -1291.364035 -0.002592 0.025039 0.066304 -0.008905 0.055199 0.027396 0.047954 0.042333 0.010538 0.027447 0.011409 0.032101 -0.015437 0.025762 -0.036813 0.04777 -0.029716 0.040708 -0.02941 0.02715 -0.02956 0.017264 -0.03417 0.024832 0.075396 0.001175
36.538515 146.044192 53.5262 824.055097 3.639002 150.013078 -0.001445 74.442775 0.281695 39.905074 0.271492 67.379347 -43.581894 152.718197 -91.195086 863.877637 -51.951206 1531.639907 -49.358252 1928.330178 -30.355069 1783.227758 -26.313984 1661.396919 36.485139 -1289.616815 -0.000955 0.000218 0.022117 0.001016 0.048635 0.00208 0.042954 0.157287 0.023033 0.007704 0.028683 0.004757 0.000811 -7.4e-05 -0.002915 -0.005023 0.000397 0.002135 0.000492 0.004998 0.003279 0.004027 0.002638 0.005181 0.008931 0.000591
37.061972 149.696264 72.574526 811.87783 4.844755 176.448286 0.123364 108.704143 0.729266 62.368328 0.779691 95.273799 -44.953082 156.44385 -91.859411 875.04922 -49.96584 1536.889702 -46.539426 1928.396138 -27.948152 1777.299617 -24.493815 1660.581679 37.706622 -1173.793464 0.001861 0.02255 1.446988 -0.045322 0.086121 1.072056 0.151507 3.233182 0.104472 2.497398 0.131009 2.409751 -0.010619 0.022449 -0.001205 0.035886 0.01934 0.004491 0.041437 1e-06 0.049703 -0.004935 0.032614 -0.0001 0.010056 2.724368
37.990517 148.692441 92.128447 809.306709 10.521182 277.289301 1.236973 221.222647 2.192671 142.731593 1.985718 182.124951 -46.542923 156.359915 -97.9378 856.316116 -50.645372 1513.721288 -45.834835 1899.266153 -26.641605 1735.405282 -23.657262 1622.791919 44.120385 -882.753209 0.005744 -0.001689 1.164863 -0.002039 1.086925 11.347615 0.579061 19.77961 0.392874 16.399833 0.276838 13.946774 -0.013814 -1.1e-05 -0.097357 -0.101348 -0.002295 -0.08798 0.002687 -0.110847 0.015638 -0.249836 0.007267 -0.217477 0.251749 20.698008
41.490859 152.539626 109.493377 833.508129 24.543724 429.100287 7.632309 396.034439 4.240122 274.93664 4.987281 318.418882 -44.590511 160.899948 -96.184781 842.71259 -51.523593 1478.137327 -46.506983 1852.043594 -26.85298 1676.056645 -23.348306 1569.988602 52.434135 -593.334443 0.077115 0.024568 0.74918 0.178273 2.925896 16.505776 2.724053 25.271319 0.334533 21.47563 0.679086 18.913172 0.020916 0.032486 0.007915 -0.05446 -0.003775 -0.211618 -0.002446 -0.297237 -0.000418 -0.516278 0.001015 -0.43667 0.35859 28.651458
41.380935 154.643929 114.676418 806.55125 58.663936 620.786966 40.227539 646.310102 32.879879 478.56426 31.887371 509.078278 -42.064583 160.763508 -88.990509 806.237443 -51.733191 1437.564877 -47.120052 1794.126618 -27.758089 1622.12544 -23.698418 1518.767483 121.059244 -338.541851 -7.3e-05 0.007208 0.059927 -0.221554 7.317438 17.647232 12.815362 30.492657 13.505201 28.035946 11.653131 22.263936 0.036822 -2.9e-05 0.139806 -0.403469 -0.000213 -0.2823 -0.002007 -0.460015 -0.007501 -0.440966 -0.001303 -0.424731 14.149264 35.509091
43.017541 156.484483 98.089278 814.917307 93.805994 797.720207 96.663667 832.278542 91.459728 668.137964 78.545516 683.765147 -42.212812 160.581501 -86.16087 808.455885 -54.231684 1416.473874 -49.902409 1739.171336 -31.709602 1573.187999 -26.81812 1474.902911 230.875441 -190.856137 0.01587 0.005444 -0.647549 0.021583 4.105125 11.077875 12.174865 11.741645 14.663998 15.778796 10.340729 12.860402 -0.00013 -5.2e-05 0.022858 0.001524 -0.029459 -0.077931 -0.039904 -0.4274 -0.13143 -0.37477 -0.096422 -0.321379 17.57197 21.017068
42.6252 144.871937 98.857431 596.297349 138.877739 1037.093915 163.948943 1241.323753 145.35164 1191.313162 122.161011 1160.626209 -41.698365 162.491294 -81.1883 767.298641 -52.498204 1424.221528 -50.387206 1751.133706 -31.975987 1595.394021 -26.626348 1499.730928 313.676623 -29.452102 -0.000899 -0.223824 0.001498 -17.036719 4.407021 15.681612 8.835677 40.745071 6.213697 75.11758 4.796347 62.71153 0.001577 0.005645 0.073893 -0.537586 0.014078 0.010565 -0.001172 0.020499 -0.000557 0.077813 0.000344 0.103616 6.331928 70.360056
41.167337 147.585967 98.382889 631.939105 171.706164 1237.381587 212.383849 1476.402871 198.899523 1452.371865 166.912799 1417.047988 -42.234075 169.707554 -78.350395 777.46879 -52.093505 1460.815577 -51.273695 1790.353699 -32.823886 1643.832391 -27.361074 1549.748899 393.323597 -5.925359 -0.012683 0.012593 -0.000571 0.517247 1.73984 8.835712 3.129858 10.186077 4.190157 12.921093 3.485041 12.785869 -0.00171 0.078388 0.025243 0.033479 0.000783 0.23209 -0.003865 0.217176 -0.005548 0.362186 -0.005 0.410228 4.500632 8.956691
39.429779 144.298571 99.733554 669.283336 191.480652 1363.61211 241.49746 1624.880113 229.503316 1603.270913 192.023582 1562.345247 -43.640505 166.566298 -78.976736 790.682563 -52.596414 1470.337208 -51.869483 1805.936252 -33.629662 1652.441978 -28.332063 1559.168198 438.83863 -0.371337 -0.018732 -0.018513 0.004604 0.535988 0.538732 3.064894 0.934689 3.556292 1.094519 3.728254 0.879438 3.544994 -0.011518 -0.014672 -0.001247 0.055673 -0.001208 0.015465 -0.001721 0.033759 -0.004885 0.011244 -0.008465 0.014269 1.245652 3.330012
40.085444 145.953014 106.021589 686.428884 208.949511 1420.833682 266.077168 1690.966548 252.698875 1682.905445 211.951486 1642.935221 -41.715841 165.137626 -75.872457 783.992163 -53.00206 1475.798536 -55.060475 1812.583571 -35.151688 1670.803125 -29.152619 1579.730173 476.347695 0.021837 0.002703 0.004715 0.096106 0.108423 0.381223 0.588026 0.595495 0.658633 0.558216 0.965041 0.491817 1.013292 0.021702 -0.003077 0.031119 -0.014213 -0.000779 0.005062 -0.047623 0.006106 -0.016842 0.050724 -0.005857 0.067348 0.768981 0.57327
38.640083 149.900163 100.012684 711.52832 208.455079 1473.32867 268.875857 1753.652056 258.914368 1749.346534 216.159794 1706.562672 -43.202926 164.87386 -73.877179 799.208583 -52.662183 1489.765881 -55.532336 1823.031053 -35.723838 1682.580008 -29.573237 1593.759102 486.985963 0.649517 -0.013269 0.026332 -0.087642 0.22534 -0.000293 0.476122 0.007321 0.570426 0.037757 0.643139 0.020684 0.604392 -0.013022 -0.000105 0.013293 0.073126 0.000547 0.032892 -0.001007 0.015011 -0.002309 0.02068 -0.001506 0.031009 0.058742 0.433167
41.718921 160.074406 102.375466 749.884165 213.412609 1549.560954 274.444777 1831.760689 266.648874 1835.696479 223.066918 1788.464444 -39.577944 171.943526 -70.082348 822.743599 -51.576959 1506.805793 -54.373687 1829.8571 -35.733315 1689.981379 -29.61299 1605.847351 497.607681 3.012465 0.059002 0.167019 0.013793 0.503425 0.02913 0.961379 0.028541 0.850904 0.056916 1.04007 0.054313 0.959767 0.079407 0.074203 0.050025 0.170759 0.005649 0.048449 0.006108 0.006378 -1e-06 0.008121 -1.3e-05 0.022835 0.057295 0.864378
42.729945 160.875453 102.724708 768.324951 210.446784 1611.16816 269.27428 1902.568363 260.230658 1906.128197 218.123796 1855.719677 -39.071218 172.135379 -69.20466 824.438755 -50.90475 1514.136188 -53.638593 1839.949934 -35.239596 1698.569328 -29.079836 1611.785961 486.994907 5.980592 0.006052 0.001 0.000297 0.111999 -0.010376 0.600464 -0.024585 0.671363 -0.039093 0.662921 -0.027692 0.620667 0.001632 5.3e-05 0.002765 0.000872 0.002205 0.008894 0.002501 0.013879 0.001717 0.010883 0.002422 0.00548 -0.057198 0.503929
42.553044 160.243072 102.276524 777.3149 207.941291 1635.143577 265.711723 1930.945066 256.802179 1934.894709 215.165954 1882.871319 -39.500886 170.751191 -69.66587 823.277274 -51.020743 1509.863984 -53.463816 1831.568092 -35.256051 1689.647419 -29.055895 1606.140438 482.361469 8.306599 -0.000183 -0.000623 -0.00049 0.026144 -0.007502 0.088536 -0.011862 0.105027 -0.011367 0.107722 -0.010096 0.098596 -0.001175 -0.002794 -0.000766 -0.000409 -6.6e-05 -0.003018 0.000143 -0.009568 -2e-06 -0.011747 5e-06 -0.004952 -0.011074 0.190613
43.309476 165.392098 103.165941 800.689745 207.304797 1693.992709 264.92347 2009.260014 254.849436 2014.078488 213.676525 1948.591841 -39.274869 171.26282 -69.624882 828.609467 -50.847483 1507.596954 -53.246474 1830.095504 -35.11597 1689.446029 -29.005025 1606.835641 479.166729 14.255265 0.003332 0.040711 0.001925 0.173134 -0.000488 0.520179 -0.000585 0.778365 -0.003726 0.793966 -0.002587 0.563689 0.000324 0.000383 6e-06 0.008606 0.000147 -0.000852 0.000221 -0.000296 0.000139 -6e-06 2.2e-05 7.5e-05 -0.005307 0.798338
44.273816 168.373784 105.551993 808.832844 205.74882 1717.051646 262.229544 2035.813938 251.138287 2040.558581 210.622782 1975.828193 -39.121829 171.173441 -69.318752 826.054109 -49.7319 1522.182865 -51.922469 1846.681786 -33.750681 1712.3345 -27.763836 1629.482763 469.020313 14.380619 0.005309 0.013319 0.013639 0.020599 -0.002931 0.077941 -0.006883 0.087158 -0.01361 0.086469 -0.010989 0.094514 0.000149 -1.2e-05 0.000337 -0.001973 0.006187 0.03511 0.008334 0.037411 0.013535 0.077002 0.01357 0.079241 -0.054289 0.000274
43.688201 164.890009 103.113035 799.933146 201.592407 1708.600835 257.850971 2026.8607 247.450981 2037.094813 207.207146 1971.336762 -38.377727 166.293246 -69.261198 814.14432 -49.267843 1504.275196 -51.119351 1828.369399 -32.98708 1694.549881 -27.213024 1612.632698 461.133223 15.755152 -0.001949 -0.018209 -0.014254 -0.024617 -0.021206 -0.010424 -0.018432 -0.009865 -0.013635 -0.001471 -0.013961 -0.002555 0.003572 -0.035289 1.2e-05 -0.04324 0.001088 -0.052981 0.00313 -0.045625 0.004369 -0.04642 0.002759 -0.043787 -0.033439 0.031363
43.699233 163.430154 101.708459 796.9004 200.54691 1704.459038 257.324826 2015.960498 247.409915 2028.739276 207.056339 1965.572557 -38.8435 167.208865 -66.617916 825.022285 -47.471346 1537.840649 -49.879885 1864.773195 -32.224028 1735.485236 -26.393142 1649.83011 458.212152 11.440446 1e-06 -0.003246 -0.004816 -0.00288 -0.001359 -0.002513 -0.000269 -0.014695 -2e-06 -0.008586 -2.7e-05 -0.00422 -0.001405 0.001257 0.025713 0.036095 0.016682 0.185179 0.007606 0.179423 0.004464 0.244278 0.00627 0.212063 -0.004641 -0.344455
43.091929 159.730184 102.801022 797.710611 200.882914 1747.51069 257.724551 2074.729528 246.788063 2099.663651 206.296876 2033.157985 -39.443441 163.705041 -68.18728 815.676191 -48.644446 1515.920974 -50.803757 1840.116891 -32.70311 1708.198524 -26.968962 1625.47218 459.165738 20.175625 -0.002125 -0.021182 0.002918 0.000206 0.000141 0.268472 0.000155 0.422175 -0.000391 0.609272 -0.000698 0.571196 -0.002299 -0.01855 -0.009135 -0.02662 -0.007159 -0.07867 -0.004239 -0.082046 -0.001768 -0.108108 -0.003107 -0.090574 0.000496 1.23067
44.224413 160.393709 104.787431 804.947817 201.73046 1761.243478 258.308963 2088.259719 247.1605 2110.857095 206.781544 2042.879092 -38.661872 162.903438 -68.182702 810.382618 -48.847652 1498.045441 -50.86304 1816.709573 -32.978488 1682.338701 -27.212931 1602.460758 460.704539 24.282646 0.007344 0.000688 0.009504 0.016341 0.000892 0.026874 0.000331 0.021987 0.00014 0.014879 0.000284 0.011592 0.003911 -0.000984 0.0 -0.008617 -0.000212 -0.053009 -1.7e-05 -0.074916 -0.000577 -0.098619 -0.000549 -0.082023 0.001287 0.190108
44.431486 161.436973 105.018438 813.237243 202.006368 1782.175052 258.762854 2112.096987 247.548972 2137.314053 207.090218 2067.057686 -38.619559 163.769642 -67.859385 816.184921 -48.822827 1498.580937 -50.803162 1815.522073 -33.152773 1680.607521 -27.401309 1601.181868 461.886013 27.414446 0.000242 0.001691 0.000127 0.021232 9.4e-05 0.061824 0.000199 0.067639 0.000153 0.082386 0.000115 0.071121 1.2e-05 0.001148 0.000384 0.010349 3e-06 4.8e-05 1.8e-05 -0.000194 -0.00023 -0.000446 -0.000325 -0.000255 0.000757 0.094949
44.696406 161.17671 104.297812 814.881235 201.73283 1780.60651 258.618862 2106.835091 248.183331 2132.991896 207.533053 2063.329165 -38.66013 163.361964 -67.340114 814.355222 -48.057284 1490.958975 -50.017465 1806.82569 -32.492187 1674.204074 -26.848131 1594.922191 460.275287 27.744305 0.000394 -0.000105 -0.00124 0.00083 -9.3e-05 -0.000345 -2e-05 -0.003281 0.000406 -0.002187 0.000236 -0.001683 -1.1e-05 -0.000254 0.000997 -0.001027 0.003025 -0.009716 0.003062 -0.010439 0.003324 -0.006111 0.00282 -0.00613 -0.001407 0.000986
44.831037 162.151085 104.257397 816.612561 201.672558 1778.302874 258.438112 2102.746951 248.065782 2128.325701 207.476557 2059.741157 -38.414329 163.778948 -67.161605 814.524303 -47.978808 1492.981768 -49.914494 1808.981413 -32.410663 1677.69051 -26.773751 1598.701169 459.808275 26.771932 0.000101 0.001468 -4e-06 0.000919 -5e-06 -0.000746 -3.2e-05 -0.001985 -1.4e-05 -0.002555 -4e-06 -0.001561 0.000392 0.000266 0.000118 9e-06 3.2e-05 0.000686 5.3e-05 0.000643 5.1e-05 0.001813 5.2e-05 0.002236 -0.000119 -0.008673
44.939695 161.553092 104.440971 813.598313 201.787438 1780.592677 258.957625 2107.764021 248.57364 2134.6293 207.681543 2065.556664 -38.220478 163.770786 -66.552013 814.667713 -47.786195 1487.531467 -49.781722 1800.713488 -32.427088 1668.90403 -26.762095 1592.29888 460.561518 28.620647 6.6e-05 -0.000552 8.1e-05 -0.002787 1.6e-05 0.000737 0.000261 0.002989 0.00026 0.004661 5.1e-05 0.004099 0.000245 -0.0 0.00139 6e-06 0.000194 -0.004983 8.8e-05 -0.009469 -2e-06 -0.011534 1e-06 -0.006423 0.000308 0.030859
45.66434 162.71627 105.105437 818.830895 201.877283 1785.882924 258.848962 2111.873468 249.127737 2138.140258 208.294527 2068.820052 -37.705012 164.739494 -65.452269 817.185136 -47.296601 1491.39054 -49.302783 1803.684631 -32.117603 1672.876873 -26.421291 1595.698534 460.146269 28.507177 0.002898 0.002086 0.001054 0.008386 1e-05 0.003924 -1.1e-05 0.002001 0.000308 0.001442 0.000452 0.001288 0.00175 0.001428 0.004581 0.001942 0.00126 0.0025 0.001158 0.001225 0.000742 0.002362 0.001092 0.001813 -9.4e-05 -0.000113
46.003707 161.531047 105.224385 818.427399 202.481902 1788.876097 259.682014 2115.741806 250.089583 2144.483481 209.064118 2074.674144 -37.390327 163.775134 -64.585479 816.965009 -46.982228 1493.865587 -48.985346 1806.71396 -32.003125 1675.612803 -26.231037 1598.091838 461.01893 28.883298 0.000628 -0.002166 3.4e-05 -5e-05 0.000452 0.001253 0.000669 0.00177 0.000927 0.004698 0.00071 0.004135 0.000659 -0.001415 0.002889 -1.5e-05 0.000524 0.001026 0.000513 0.001271 0.000102 0.001118 0.000344 0.000897 0.000413 0.001233
46.249105 160.138286 105.627695 817.108463 203.02763 1788.656778 260.302104 2115.669975 251.066504 2144.266535 209.858269 2074.253897 -37.145805 163.293863 -63.899114 817.05769 -46.659945 1495.356487 -48.737361 1807.866896 -31.832835 1676.040296 -26.087847 1598.681865 461.697085 28.802054 0.000326 -0.003015 0.000386 -0.000532 0.000367 -7e-06 0.00037 -1e-06 0.000952 -5e-06 0.000753 -2.1e-05 0.000401 -0.000354 0.001833 3e-06 0.000555 0.000372 0.000315 0.000184 0.000227 2.7e-05 0.000196 5.4e-05 0.000249 -5.7e-05
47.059108 159.060216 106.955401 815.440949 204.494281 1787.611794 262.314296 2113.912975 252.88007 2142.241125 211.433924 2072.406187 -36.451844 162.320993 -63.072477 815.982636 -45.89272 1494.824563 -48.197667 1807.226781 -31.868492 1675.139502 -25.958621 1597.694894 464.291387 28.685479 0.003516 -0.001821 0.004146 -0.000852 0.002639 -0.000153 0.003874 -0.000365 0.003263 -0.000479 0.002947 -0.000412 0.003272 -0.001453 0.002691 -0.000354 0.00318 -4.7e-05 0.001502 -5.7e-05 -1e-05 -0.000121 0.00016 -0.000152 0.003634 -0.000118
47.171168 159.026541 106.992081 815.593801 204.187293 1787.340139 261.897135 2112.380239 252.389988 2140.281197 211.069462 2070.538687 -36.326719 162.172944 -61.852784 815.514139 -45.94951 1495.39521 -48.364284 1806.874588 -32.519985 1675.523017 -26.344599 1598.27198 466.102895 28.409115 6.7e-05 -2e-06 3e-06 7e-06 -0.000115 -1e-05 -0.000166 -0.000278 -0.000238 -0.000448 -0.000157 -0.000421 0.000108 -3.4e-05 0.005954 -6.7e-05 -1.8e-05 5.4e-05 -0.000144 -1.7e-05 -0.003296 2.2e-05 -0.001424 5.2e-05 0.001764 -0.000669
47.243983 159.604481 107.214395 816.438153 203.351595 1789.063411 260.392796 2114.530994 250.729924 2141.96774 209.957147 2072.24637 -36.216262 162.57207 -61.812476 815.147369 -46.170459 1496.171381 -48.73578 1807.659341 -32.776538 1676.2587 -26.552952 1598.969053 464.813484 28.507686 2.8e-05 0.000524 0.000115 0.000218 -0.000857 0.000415 -0.002166 0.000547 -0.002739 0.000332 -0.001469 0.000352 8.4e-05 0.000245 7e-06 -4.1e-05 -0.000265 0.000101 -0.000711 8.5e-05 -0.000504 8.1e-05 -0.00041 7.6e-05 -0.000893 8.5e-05
47.580154 160.010764 107.184588 812.227047 203.117325 1763.888991 260.156914 2085.440467 250.242685 2105.365638 209.377078 2037.255691 -35.928942 163.338043 -61.428854 817.052409 -46.569927 1496.318938 -49.702859 1806.545991 -33.80635 1676.039564 -27.329095 1598.171661 468.003287 24.45106 0.000596 0.000258 -2e-06 -0.005444 -6.8e-05 -0.089188 -5.3e-05 -0.100747 -0.000237 -0.157715 -0.000401 -0.148968 0.000572 0.0009 0.000597 0.001112 -0.00086 4e-06 -0.00475 -0.000171 -0.007964 -7e-06 -0.00559 -9.9e-05 0.005454 -0.155597
47.319231 160.420282 106.985423 811.177075 203.374884 1762.520694 260.926688 2084.999263 250.65367 2106.023437 209.613376 2038.499612 -35.792378 163.985426 -61.190973 819.335489 -46.885737 1493.344984 -50.294083 1801.608976 -34.267626 1670.931524 -27.756174 1593.998968 470.278315 25.144224 -0.000359 0.000262 -9.3e-05 -0.00034 8.2e-05 -0.000265 0.000569 -2.3e-05 0.000169 5.1e-05 6.7e-05 0.00019 0.00013 0.00064 0.000231 0.001593 -0.000534 -0.001479 -0.001748 -0.003378 -0.001563 -0.003898 -0.001656 -0.002727 0.002758 0.004844
]