08-06-20_Linda_4KDepth.black_lion_in_blue_wagon.0000000002 [ 24.143214 150.254745 45.07057 771.724226 98.051737 1668.60381 127.810671 1980.653123 125.667319 1985.320336 102.584541 1898.223358 -34.792753 106.460675 -60.97175 660.132973 -28.440925 1305.104649 -23.11305 1588.47213 -13.996278 1456.198053 -12.529682 1369.820557 223.541479 40.918673 0.0 0.0 0.0 0.0 0.0 0.0 0.0 0.0 0.0 0.0 0.0 0.0 0.0 0.0 0.0 0.0 0.0 0.0 0.0 0.0 0.0 0.0 0.0 0.0 0.0 0.0
26.447554 159.938693 41.966411 788.845867 96.341275 1685.486583 128.032733 1990.739737 130.071512 1999.343202 106.26071 1916.126271 -30.335368 115.387933 -56.419849 650.990387 -26.496039 1298.1197 -22.265961 1588.919721 -12.086491 1466.107665 -10.686412 1382.597552 221.457641 41.270735 0.052507 0.151199 -0.055372 0.093927 -0.007525 0.04249 9.6e-05 0.012809 0.037926 0.024675 0.032357 0.042015 0.152711 0.179691 0.088284 -0.031876 0.034437 -0.009371 0.007907 3.2e-05 0.070012 0.016802 0.07329 0.029656 -0.004879 0.000754
26.058416 165.019231 41.931743 798.655143 95.480737 1701.511065 126.793302 2001.381505 128.752691 2012.323825 105.141615 1929.875803 -29.770641 115.487965 -57.356733 648.17421 -27.303519 1287.186166 -23.07965 1571.393195 -12.514285 1451.446363 -11.261261 1372.474374 221.547681 45.712203 -0.001442 0.039718 -7e-06 0.030306 -0.00193 0.037908 -0.003014 0.014184 -0.00336 0.021001 -0.002962 0.024578 0.002653 2.2e-05 -0.003857 -0.003052 -0.00606 -0.02312 -0.007301 -0.0486 -0.00372 -0.036838 -0.007529 -0.018598 9e-06 0.113468
25.614753 163.811521 42.316894 784.19278 95.208358 1684.387058 126.21783 1989.34219 127.865663 2010.82624 104.370019 1925.550974 -30.056377 117.082426 -53.685967 639.493983 -28.39247 1274.688705 -25.710591 1560.049733 -14.342242 1453.010463 -12.407085 1369.482172 227.85556 45.210332 -0.001905 -0.002218 0.00088 -0.066072 -0.000195 -0.043302 -0.000654 -0.01816 -0.001533 -0.000279 -0.001421 -0.002426 -0.000682 0.005466 0.060689 -0.029257 -0.010646 -0.030483 -0.070986 -0.020546 -0.062281 0.000421 -0.027752 -0.001633 0.044271 -0.001385
25.087887 163.978709 42.603683 782.137253 97.206848 1669.036495 127.871729 1976.790323 130.464179 1992.691433 106.834246 1905.983773 -30.364856 122.279885 -53.903809 656.056964 -28.24897 1295.954399 -24.594776 1598.85632 -13.836651 1483.206315 -12.02426 1391.365561 229.275823 37.542026 -0.002737 4.3e-05 0.000484 -0.001349 0.010379 -0.035134 0.005383 -0.019862 0.013069 -0.041073 0.014376 -0.049964 -0.000787 0.056435 -0.000221 0.105879 0.000182 0.087962 0.012376 0.238375 0.004536 0.15527 0.003 0.086729 0.002206 -0.356061
24.673794 165.908692 40.969398 793.217069 93.817771 1693.523687 125.805669 1993.845823 127.147655 2008.769508 103.295115 1927.003121 -32.227581 117.361985 -56.391871 648.967038 -29.376975 1291.578236 -26.60679 1576.778077 -14.65738 1466.566661 -12.794075 1386.152337 228.145094 42.55631 -0.001723 0.005646 -0.015981 0.038964 -0.030066 0.089163 -0.008414 0.03663 -0.02135 0.032301 -0.029806 0.057633 -0.027723 -0.050468 -0.028067 -0.019259 -0.011041 -0.003701 -0.039547 -0.076749 -0.011822 -0.046932 -0.011942 -0.004892 -0.001398 0.157105
25.774945 173.770528 42.561598 800.450434 93.837286 1702.191196 125.427024 2007.063088 125.04495 2024.444177 101.754209 1939.378317 -31.453122 125.91092 -54.056468 676.399217 -28.522009 1330.985929 -25.842743 1621.207335 -14.384529 1509.420029 -12.4887 1424.698443 224.251947 37.731149 0.012019 0.090993 0.015176 0.016416 1e-06 0.011062 -0.000285 0.021832 -0.008766 0.030459 -0.00579 0.019805 0.00471 0.150257 0.024694 0.283923 0.006313 0.296095 0.005565 0.30864 0.001282 0.308554 0.001844 0.26431 -0.016752 -0.145124
25.855926 172.269521 42.646723 798.218087 93.943209 1700.056098 125.749518 2004.858291 125.102677 2021.189463 101.887731 1936.041679 -31.424548 124.791534 -53.576012 674.79527 -28.44617 1344.734535 -25.808879 1646.467081 -14.243025 1536.59833 -12.384043 1447.846867 223.769409 33.156548 6.4e-05 -0.003255 4.3e-05 -0.001559 3e-05 -0.00067 0.000207 -0.000606 7e-06 -0.001309 4.4e-05 -0.001436 6e-06 -0.002499 0.001072 -0.000952 5e-05 0.035322 1.1e-05 0.097633 0.00035 0.121253 0.00022 0.093272 -0.00026 -0.147761
25.437921 171.408873 41.866617 798.655143 93.640615 1700.586244 125.638054 2005.537033 125.75941 2022.262283 102.181064 1939.04812 -31.919354 126.865731 -53.903896 684.545915 -28.343327 1358.157925 -25.695965 1656.327026 -14.084163 1542.776782 -12.200231 1457.494364 224.015207 32.391731 -0.001703 -0.001078 -0.0036 6e-05 -0.000244 4.1e-05 -2.5e-05 5.7e-05 0.00086 0.000142 0.000211 0.001166 -0.001933 0.008548 -0.0005 0.034971 9.3e-05 0.033333 0.000124 0.014718 0.000445 0.006198 0.000687 0.016018 6.7e-05 -0.004462
25.654407 170.313438 42.277354 797.318582 94.214699 1699.608598 126.344289 2007.471666 126.30128 2023.565701 102.632964 1939.199303 -31.689936 126.329014 -53.222121 684.714038 -27.858891 1360.264863 -25.216606 1667.104333 -13.769885 1553.427728 -11.848153 1462.981283 223.477498 31.030615 0.000459 -0.001756 0.001002 -0.00056 0.000877 -0.000141 0.00099 0.000466 0.000582 0.00021 0.000499 3e-06 0.000414 -0.000569 0.00217 1e-05 0.002088 0.000817 0.002257 0.017475 0.001773 0.01832 0.002577 0.005154 -0.000323 -0.014607
25.829625 168.906785 42.394399 793.576018 94.051504 1689.722392 125.589822 1994.231759 126.166942 2011.214083 102.684055 1926.982712 -30.687686 125.671662 -53.129801 682.13754 -27.599166 1364.403274 -24.885732 1671.987653 -13.555145 1557.421869 -11.681349 1465.912083 222.431486 28.969981 0.000298 -0.002917 8.1e-05 -0.004402 -7.1e-05 -0.014418 -0.00113 -0.021903 -3.6e-05 -0.018906 6e-06 -0.019301 0.008052 -0.000857 4e-05 -0.002428 0.000608 0.003143 0.001093 0.003571 0.000844 0.002564 0.000591 0.001466 -0.001227 -0.035395
25.767683 168.875336 42.21165 794.559599 93.672341 1690.051214 124.890765 1995.604395 125.382703 2010.782139 102.093116 1925.513572 -30.993107 125.776389 -54.373071 685.762386 -27.657721 1370.247457 -24.303592 1681.279552 -13.325377 1560.979558 -11.642411 1468.147107 220.458231 28.435681 -3.7e-05 -1e-06 -0.000197 0.000305 -0.000383 1.6e-05 -0.000975 0.000236 -0.001222 -2.3e-05 -0.000853 -0.00028 -0.000756 2.2e-05 -0.007189 0.004803 -3.1e-05 0.006245 0.003445 0.012874 0.000982 0.002029 3.3e-05 0.000851 -0.004396 -0.002487
26.426224 168.913137 42.980489 794.41545 94.618495 1687.176694 126.301682 1993.736171 126.094512 2007.276451 102.646974 1923.278498 -31.067913 125.786884 -53.573569 688.047528 -27.484584 1374.210323 -24.486972 1684.416169 -13.251828 1564.817159 -11.503373 1472.531686 221.101652 27.508651 0.004155 2e-06 0.003469 -7e-06 0.002377 -0.001223 0.003963 -0.000437 0.001007 -0.001529 0.000749 -0.000649 -4.5e-05 0.0 0.002961 0.001901 0.000272 0.002861 -0.000345 0.001462 0.000102 0.002356 0.000418 0.003269 0.000469 -0.007681
26.738018 171.709445 43.524031 800.341162 96.529281 1697.367316 129.073065 2000.252126 129.236179 2016.750862 105.213991 1934.117407 -30.83612 127.118487 -53.270268 685.050034 -27.269364 1377.270283 -24.526718 1690.357278 -13.034639 1573.729903 -11.251862 1481.047248 224.357284 27.436483 0.000914 0.011478 0.001708 0.011009 0.009551 0.015342 0.015038 0.005315 0.019329 0.011154 0.015852 0.015228 0.000434 0.003506 0.00043 -0.003272 0.000423 0.001702 -1.6e-05 0.00523 0.000897 0.012655 0.00139 0.012276 0.011897 -4.7e-05
26.739004 172.263888 43.470962 802.216846 95.531065 1696.152228 127.159887 1995.935645 127.815253 2010.893328 104.367827 1927.949365 -30.457252 128.219485 -53.411791 688.710599 -26.913645 1381.843892 -24.206134 1694.949108 -12.79092 1578.307888 -11.014345 1485.930509 221.473341 26.163859 0.0 0.000447 -1.6e-05 0.001098 -0.002594 -0.000218 -0.007143 -0.002331 -0.003927 -0.004259 -0.001708 -0.004925 0.001171 0.002374 -9.4e-05 0.004877 0.001168 0.003791 0.001054 0.003114 0.00115 0.003325 0.001267 0.004019 -0.009328 -0.01511
25.720928 174.237559 43.070021 803.497187 87.763266 1679.623665 117.482572 1979.393302 118.573819 1989.434174 95.411558 1906.257273 -31.180774 133.561169 -52.418382 707.263718 -26.536522 1409.232408 -23.676284 1734.18112 -12.567498 1617.855401 -10.833224 1518.795125 208.346919 19.188783 -0.00988 0.005621 -0.000929 0.00051 -0.164669 -0.040464 -0.191478 -0.034419 -0.173372 -0.057558 -0.200859 -0.061362 -0.004247 0.054505 0.004663 0.123295 0.00133 0.134383 0.002932 0.22443 0.000984 0.244679 0.000751 0.179736 -0.200483 -0.539581
27.400965 169.334273 43.724966 784.651191 82.484807 1653.509457 110.944571 1970.748769 103.284332 1914.392128 86.525803 1823.407977 -32.050214 132.236793 -52.568579 698.324939 -26.438206 1390.742436 -23.081167 1720.468663 -12.29418 1600.776671 -10.542575 1498.591782 186.846913 14.017984 0.026573 -0.03499 0.002471 -0.111823 -0.081848 -0.1023 -0.093584 -0.009459 -0.527469 -0.721322 -0.217118 -0.920304 -0.005978 -0.003299 -0.000107 -0.028423 9.1e-05 -0.061051 0.003787 -0.027214 0.001502 -0.045312 0.001976 -0.067638 -0.585273 -0.405057
28.992314 166.214009 47.674188 783.354764 79.094586 1419.244338 86.471144 1704.230931 70.827501 1628.850995 60.177832 1547.112849 -33.606473 141.06611 -53.764432 704.178264 -25.895554 1382.952182 -21.881361 1716.440164 -11.541896 1591.862942 -9.964966 1485.382576 139.552739 0.2124 0.022457 -0.014508 0.08536 -0.000536 -0.03557 -8.943139 -1.522847 -9.676979 -3.051947 -11.524265 -2.385442 -11.343599 -0.018447 0.142657 -0.006725 0.012214 0.002813 -0.01094 0.016011 -0.002361 0.011874 -0.012443 0.008136 -0.029237 -3.444556 -10.779341
28.07601 161.442047 54.602387 700.336058 51.273311 1076.521105 43.868233 1312.623759 30.835888 1195.405099 27.867575 1128.77012 -33.96936 146.677602 -56.809579 714.487376 -25.288581 1365.922847 -19.834893 1706.288382 -10.276008 1572.504605 -9.246262 1457.452267 76.713571 -25.808303 -0.007357 -0.034751 0.234927 -2.324443 -3.003203 -23.643696 -7.159244 -25.524544 -8.196199 -33.459229 -6.142776 -32.903774 -0.000974 0.054722 -0.041939 0.037457 0.003599 -0.052749 0.050227 -0.015055 0.036755 -0.059214 0.013448 -0.132546 -9.330678 -30.703306
27.626634 168.134572 58.697906 718.406335 46.220653 850.893974 34.328085 958.920766 26.784023 797.957089 24.591081 781.402636 -35.633158 150.89948 -60.309081 745.294078 -27.629892 1341.434783 -22.607808 1661.589098 -11.843722 1531.840293 -10.549118 1424.075095 74.249227 -118.605105 -0.001813 0.067958 0.074046 0.115084 -0.131016 -13.251741 -0.584143 -27.70658 -0.142641 -40.024559 -0.102423 -31.850156 -0.019889 0.02995 -0.052294 0.325103 -0.05182 -0.11075 -0.090678 -0.296643 -0.055625 -0.266346 -0.042921 -0.193313 -0.020116 -33.760862
25.589359 167.883791 66.760729 737.990909 22.819979 586.599099 9.808139 617.305771 8.576784 472.540977 9.723129 492.563366 -36.754902 153.680589 -61.089837 765.814233 -27.441416 1355.796047 -22.395386 1691.990005 -11.718639 1571.356572 -10.450655 1437.390416 40.346181 -320.493511 -0.039011 -9.4e-05 0.259354 0.131686 -4.086669 -24.505262 -7.437742 -37.464278 -5.047722 -42.381748 -3.388347 -33.175427 -0.008692 0.012697 -0.002511 0.139334 0.000323 0.038233 0.000501 0.137798 0.000332 0.251611 0.000231 0.03098 -5.12993 -49.164434
25.49134 166.151233 73.467233 758.381087 19.972079 419.34292 7.733617 383.637074 7.212674 272.646064 8.022798 308.323744 -37.548673 152.11604 -63.653972 764.364385 -27.606525 1336.526968 -22.43032 1687.981293 -11.730517 1571.825849 -10.479077 1447.926248 37.339756 -535.194049 -9.4e-05 -0.004493 0.160464 0.138929 -0.094872 -14.002144 -0.1231 -27.656906 -0.059036 -27.311181 -0.081647 -21.479691 -0.00424 -0.004002 -0.026356 -0.000687 -0.000248 -0.068956 -1.4e-05 -0.002377 -3e-06 3.5e-05 -1.9e-05 0.019236 -0.058196 -27.373079
22.995311 157.698531 73.418707 698.841826 13.560807 268.235968 3.743415 213.821531 3.290386 147.552081 3.884984 183.788262 -38.890209 143.978054 -68.043489 759.831495 -28.205617 1317.338687 -22.617813 1671.23171 -11.812071 1544.497783 -10.759859 1428.325832 27.571022 -737.28526 -0.064289 -0.110329 -8e-06 -1.216837 -0.618603 -16.809616 -0.715966 -24.641473 -0.759861 -19.052316 -0.742041 -16.018381 -0.011773 -0.111855 -0.073172 -0.00674 -0.003215 -0.06937 -0.00039 -0.041758 -0.000141 -0.119827 -0.001856 -0.066785 -0.739282 -16.150238
20.194692 141.357362 70.485804 534.381077 6.949866 134.054077 0.579079 85.760438 0.558331 56.795653 0.900389 82.505704 -40.463594 131.49204 -69.296919 733.002619 -29.943876 1338.726761 -24.141398 1702.869496 -12.632219 1571.561429 -11.793969 1450.979068 18.502033 -1030.836009 -0.090898 -0.446795 -0.029891 -11.015314 -1.094619 -23.03749 -1.377849 -28.750448 -1.137905 -21.259593 -1.044787 -20.012988 -0.0156 -0.283117 -0.00572 -0.241101 -0.025987 0.086116 -0.024829 0.148332 -0.013763 0.117529 -0.02372 0.089115 -0.901384 -24.538527
19.710774 141.102359 64.565602 479.497146 4.823341 69.123068 0.212549 27.091523 0.440898 16.695832 0.582158 34.413943 -41.045965 132.860436 -67.776529 730.521503 -31.258705 1333.841756 -27.457499 1690.470497 -14.698529 1568.707395 -13.31922 1449.442385 20.230815 -1261.731323 -0.002934 -0.000115 -0.129823 -1.486597 -0.193643 -10.654636 -0.089965 -16.449039 -0.006925 -11.904127 -0.034557 -10.348608 -0.00208 0.003542 0.008432 -0.002103 -0.014125 -0.004464 -0.106668 -0.022653 -0.078223 -0.001297 -0.046361 -0.000407 0.0386 -11.656916
17.930273 142.104852 54.180296 417.961026 3.895211 40.923477 0.091733 9.078725 0.429394 5.635661 0.533242 17.51652 -42.584077 127.916217 -67.97079 701.496378 -33.664824 1321.278294 -30.883999 1673.640748 -17.00662 1558.74482 -15.236003 1438.151387 22.840655 -1376.928546 -0.042134 0.001774 -0.455012 -2.112163 -0.049543 -3.674438 -0.025013 -4.804248 -7.6e-05 -2.931282 -0.001073 -2.825981 -0.014146 -0.046874 -0.000139 -0.294181 -0.044602 -0.029724 -0.100709 -0.042098 -0.084124 -0.015868 -0.064405 -0.022075 0.079142 -2.515809
17.427053 138.013566 48.200357 365.920089 3.657628 22.73049 0.07669 1.314506 0.723804 0.476571 0.732206 6.147563 -43.548887 127.913453 -68.58229 695.6448 -35.115263 1309.835403 -31.836702 1653.159974 -17.877486 1539.247861 -16.065506 1418.237195 25.795678 -1485.55579 -0.003581 -0.029879 -0.17479 -1.729376 -0.003738 -2.655256 -0.000673 -3.484095 0.038215 -2.834555 0.015739 -2.909911 -0.005404 -0.0 -0.001369 -0.012254 -0.015295 -0.024883 -0.007236 -0.063043 -0.010872 -0.061352 -0.010993 -0.06942 0.089853 -2.061868
17.406904 119.849554 50.936607 283.449675 5.026506 6.301637 1.059337 -1.472994 2.611806 -1.949058 2.3051 0.224436 -42.735594 113.305348 -66.579489 653.310733 -33.440476 1268.171174 -30.002679 1605.59943 -16.751871 1498.826223 -14.875105 1380.419347 32.592833 -1608.873381 -6e-06 -0.640537 0.037768 -5.258189 0.108567 -5.095603 0.565973 -5.570492 0.585748 -4.353181 0.438993 -4.022758 0.003833 -0.442737 0.014839 -0.664445 0.02046 -0.336698 0.027203 -0.347084 0.018299 -0.268917 0.022908 -0.255525 0.396987 -2.458171
17.513053 119.903916 52.710207 235.162669 11.345406 0.769383 5.730535 -9.767264 7.673168 -10.410384 7.026632 -1.604695 -41.607811 118.442489 -64.432717 658.699266 -32.638652 1286.373894 -28.685128 1617.560768 -16.18264 1516.000343 -14.41047 1398.03993 46.142316 -1777.664748 0.000161 6e-06 0.015176 -2.252849 1.268568 -2.667216 1.862167 -3.654186 1.331577 -3.350459 1.282611 -3.029383 0.00754 0.056944 0.01759 0.011066 0.004865 0.064854 0.014791 0.022195 0.00492 0.048917 0.003686 0.055874 1.174623 -4.209054
13.770615 122.491815 56.577867 195.019358 17.105527 -0.66865 10.295047 -24.058824 11.582654 -24.131618 10.654539 -8.129189 -42.216801 120.951518 -64.469275 668.52843 -33.553385 1298.023063 -29.32321 1633.287506 -17.480317 1529.068955 -15.428128 1410.328122 57.521255 -1937.382338 -0.224659 0.013815 0.068459 -1.877123 0.589192 -2.872534 0.663795 -3.167393 0.401045 -2.842197 0.376198 -2.510348 -0.002212 0.013149 -5e-06 0.036397 -0.006321 0.026254 -0.00351 0.038041 -0.025021 0.028044 -0.017359 0.026884 0.626414 -3.434883
13.72054 121.150222 73.572514 217.234806 33.926679 -1.359496 26.660221 -34.400028 25.617769 -38.177303 23.174184 -14.81707 -42.582288 121.636652 -62.83403 690.758278 -30.879031 1328.492034 -25.275724 1666.328083 -14.650991 1561.390992 -13.08804 1445.710074 79.015409 -2087.870236 -4.6e-05 -0.003694 1.114325 0.599005 2.851972 -0.121288 3.821103 -0.921934 2.749196 -1.603729 2.401967 -0.996247 -0.000788 0.000968 0.010503 0.181786 0.055525 0.176734 0.150229 0.165429 0.124811 0.169027 0.096178 0.219173 1.702462 -2.81405
14.853412 123.814662 86.305942 225.909489 59.743428 -0.880764 55.417665 -35.303562 49.937531 -42.043285 45.38323 -17.314494 -41.479073 128.098837 -60.599983 706.523171 -30.644282 1351.703371 -22.681865 1685.444249 -14.043927 1573.39534 -13.154086 1460.193259 116.946317 -2129.834227 0.022466 0.014491 0.50788 0.084913 3.627981 0.051749 5.202735 -0.005856 4.021025 -0.093209 3.696969 -0.097203 0.00724 0.083622 0.020219 0.088937 0.000448 0.100511 0.070198 0.054513 0.006422 0.022985 -8.3e-05 0.036093 3.706052 -0.208765
15.407603 115.411368 97.78868 218.033398 90.501188 -0.2642 90.06329 -29.827321 79.714629 -38.956401 73.049716 -15.790589 -43.077923 131.561355 -61.782301 735.124603 -28.510645 1390.96117 -19.129481 1728.529913 -12.136337 1595.83449 -11.711988 1481.118358 154.058476 -2133.460999 0.005075 -0.147637 0.358462 -0.069871 3.182028 0.180189 4.185559 0.230631 3.465762 0.058842 3.276842 0.035093 -0.015117 0.023087 -0.005711 0.283746 0.038491 0.280977 0.151183 0.27189 0.06959 0.079439 0.041852 0.074434 2.553149 -0.001543
17.796252 113.953741 111.590402 239.148904 117.479858 0.005487 120.146442 -23.761308 104.917433 -35.317623 96.7924 -13.877921 -42.286268 132.35862 -58.184744 733.47665 -27.126281 1364.771418 -17.651564 1696.249438 -11.458416 1552.397291 -11.187116 1438.521888 185.721004 -2056.018162 0.08603 -0.004632 0.455382 0.487883 1.757219 0.345835 2.163738 0.344431 1.728216 0.089188 1.667714 0.061717 0.003671 0.001204 0.053954 -0.000925 0.017226 -0.124453 0.029704 -0.152134 0.009741 -0.299673 0.006016 -0.31075 1.478461 0.715829
17.504124 113.480844 117.724448 252.958653 132.4733 0.49653 140.087893 -17.413843 117.587902 -26.13012 106.841392 -8.108894 -44.485139 126.745721 -61.096173 719.159956 -28.239783 1354.483051 -19.973731 1681.359716 -11.579084 1553.81655 -11.127905 1446.673193 202.965636 -1982.942513 -0.001209 -0.000492 0.082056 0.193806 0.450096 0.397625 0.76517 0.492197 0.36105 0.690728 0.248102 0.770351 -0.027865 -0.060802 -0.035537 -0.070552 -0.011198 -0.019463 -0.071728 -0.03282 -0.000316 0.000324 7.9e-05 0.011515 0.38273 0.661121
19.344031 116.248641 128.107607 260.101541 143.86057 0.765785 145.176856 -14.708837 123.678074 -22.838661 115.148854 -6.611766 -42.335352 131.441193 -56.294963 745.849875 -23.85778 1401.202597 -15.141181 1747.611106 -8.296775 1603.49598 -8.245521 1488.974353 196.041352 -2009.07059 0.045964 0.016674 0.219374 0.049725 0.234725 0.029051 0.045396 0.114095 0.076878 0.110744 0.155498 0.076329 0.02662 0.0427 0.098224 0.243142 0.184615 0.396067 0.33412 0.640084 0.272894 0.39087 0.215621 0.304785 -0.060086 -0.085506
19.894161 112.807653 133.188834 254.78036 148.178809 0.915348 150.864264 -15.052065 126.794644 -24.902029 117.33803 -7.702453 -42.048928 125.500931 -58.934007 715.340006 -26.640251 1326.681005 -18.108751 1646.623807 -10.368194 1516.566661 -10.026532 1416.351617 209.678534 -1930.136086 0.003857 -0.025848 0.04941 -0.027497 0.031928 0.006666 0.054637 -0.001979 0.01939 -0.044611 0.010307 -0.041614 0.000486 -0.068676 -0.030224 -0.31856 -0.076716 -1.018098 -0.132693 -1.50265 -0.115298 -1.211221 -0.087006 -0.907796 0.229253 0.790931
20.148915 114.224572 141.346024 265.678593 146.81284 1.85414 147.934396 -11.333905 124.951388 -21.295556 116.158816 -5.787737 -41.435054 125.892996 -58.497148 715.647715 -26.638252 1335.446809 -18.312107 1659.657124 -10.296902 1530.800951 -9.972513 1427.605976 206.987044 -1913.201794 0.00081 0.004422 0.121213 0.114115 -0.003163 0.163968 -0.014365 0.263284 -0.006748 0.140987 -0.002978 0.136573 0.002257 0.000306 0.000813 3.3e-05 0.0 0.014432 -0.000568 0.025689 0.000123 0.033244 7.3e-05 0.022268 -0.008693 0.037308
20.461655 113.388604 142.812285 271.458948 144.829899 1.765541 144.007879 -11.881269 123.526589 -21.575018 114.850992 -5.726355 -40.62364 125.297155 -57.792719 717.167939 -25.759424 1345.636741 -17.326525 1672.893695 -9.859784 1542.002423 -9.520163 1435.68004 203.184525 -1928.371795 0.001204 -0.001535 0.003783 0.031103 -0.006741 -0.001084 -0.026406 -0.006454 -0.004085 -0.000911 -0.003702 0.000164 0.004012 -0.000707 0.002134 0.000806 0.00737 0.019364 0.013631 0.026287 0.00474 0.020417 0.005249 0.011384 -0.017626 -0.029953
21.970198 114.635124 150.732807 265.055427 142.235478 1.245406 140.492279 -13.102233 121.70128 -22.608459 112.970156 -6.272016 -40.119453 125.570251 -57.524871 721.244214 -25.403271 1353.436883 -17.296938 1684.807595 -9.460725 1552.677239 -9.150777 1446.595206 199.026055 -1950.005008 0.026824 0.003407 0.106876 -0.038216 -0.011724 -0.045266 -0.021722 -0.029853 -0.006793 -0.012088 -0.007764 -0.012414 0.001574 0.000149 0.000311 0.005776 0.00124 0.011271 1.3e-05 0.021137 0.004122 0.018411 0.003654 0.020668 -0.021498 -0.060334
21.334136 115.225427 148.202463 239.556585 123.251556 0.365645 113.287647 -15.913422 97.092522 -23.797786 92.36591 -6.884965 -41.108196 126.647232 -60.019156 726.146785 -28.183019 1358.371445 -19.879515 1690.44501 -11.32578 1554.470961 -10.965361 1449.483231 174.740199 -1962.939865 -0.004672 0.000758 -0.010709 -0.64466 -0.679602 -0.261419 -1.462351 -0.136502 -1.388336 -0.015243 -1.036372 -0.014286 -0.006018 0.002299 -0.026467 0.008303 -0.072147 0.00449 -0.089812 0.004708 -0.083839 0.000518 -0.08201 0.00144 -0.789834 -0.021379
21.424312 113.845536 146.100166 164.650227 108.919519 -0.234217 94.164604 -19.925757 80.249501 -25.652988 78.626147 -8.570169 -39.36083 125.756603 -59.669645 723.37365 -28.375894 1359.62083 -19.645519 1693.171717 -11.32925 1556.163435 -11.116375 1449.268112 151.883532 -1981.417433 9.5e-05 -0.004156 -0.007509 -7.001343 -0.442784 -1.18515 -0.883266 -0.225306 -0.801643 -0.034812 -0.552911 -0.092151 0.018974 -0.001571 0.00051 -0.002653 -0.000329 0.000287 0.000693 0.001099 -0.0 0.00046 -0.000516 -8e-06 -0.80072 -0.04328
20.804525 111.034053 144.650339 92.513017 83.182 -3.096247 64.493877 -24.956103 53.163738 -26.588777 55.057512 -10.239355 -39.193442 125.452124 -60.156241 719.866954 -28.801734 1364.414723 -20.445966 1702.852525 -11.586225 1565.314228 -11.217819 1453.868282 114.387328 -1999.921584 -0.004549 -0.017576 -0.003615 -10.324922 -1.731948 -1.627297 -2.799052 -0.282791 -2.778428 -0.008382 -2.093993 -0.074209 0.000178 -0.000185 -0.000988 -0.00426 -0.001586 0.004218 -0.007991 0.013798 -0.001441 0.013413 -0.00023 0.003645 -2.653324 -0.043001
17.758957 108.033956 141.238332 48.613397 63.930088 -11.694493 42.150873 -35.058032 33.490784 -34.65493 36.904113 -17.920481 -40.531908 122.828087 -65.569741 707.760275 -32.873967 1346.542092 -24.743242 1682.065388 -14.929223 1543.186045 -14.088391 1433.336734 93.140982 -2040.351533 -0.120451 -0.020544 -0.020361 -7.001517 -1.265147 -2.755951 -2.36679 -0.856317 -2.262691 -0.533503 -1.809561 -1.067832 -0.011236 -0.013867 -0.116601 -0.051335 -0.134585 -0.058915 -0.204789 -0.063829 -0.211582 -0.078762 -0.163337 -0.073003 -1.090445 -0.202291
15.843332 101.667107 132.49841 15.12451 42.825807 -36.166886 22.860885 -69.054451 17.596114 -63.907834 21.393534 -41.317847 -41.162748 119.030341 -69.169608 689.079023 -35.643583 1334.723098 -28.613951 1657.356205 -17.830944 1526.68088 -16.144298 1420.843118 70.853337 -2215.302627 -0.054648 -0.096676 -0.139561 -9.506779 -2.106813 -6.729718 -2.927742 -5.706931 -2.535579 -4.441108 -2.101227 -4.816432 -0.002436 -0.029819 -0.048098 -0.124927 -0.056 -0.026049 -0.140582 -0.091416 -0.128762 -0.04437 -0.069985 -0.027344 -1.52156 -3.597664
15.690724 89.075209 125.034286 0.879695 23.799967 -70.347157 8.756957 -112.495135 6.422737 -98.227167 9.277862 -70.89333 -40.590216 108.283708 -66.05948 670.489725 -32.364869 1339.721195 -26.259252 1642.607874 -16.07731 1530.379344 -14.131378 1430.714189 42.823467 -2404.041429 -0.000369 -0.416082 -0.10819 -8.709012 -2.774297 -5.633171 -3.320013 -5.273782 -2.757128 -3.673833 -2.494366 -3.967752 0.002005 -0.254174 0.03577 -0.127091 0.07908 0.00467 0.050545 -0.032957 0.045377 0.002237 0.06699 0.017085 -3.509921 -3.857389
16.573941 81.118818 116.282576 -0.202551 19.824887 -89.798079 7.073699 -139.199985 5.285642 -120.864088 7.83873 -90.865248 -38.734695 104.016348 -63.084406 667.691703 -30.497101 1339.095568 -24.337837 1654.396902 -14.860075 1534.65687 -12.80028 1439.72708 37.870845 -2516.880121 0.012091 -0.186078 -0.158749 -1.926482 -0.181481 -1.185624 -0.089744 -1.420702 -0.055347 -1.172582 -0.060607 -1.237676 0.021705 -0.042893 0.034273 -0.002925 0.027754 -7.3e-05 0.036496 0.021077 0.023955 0.002985 0.032915 0.01415 -0.152127 -1.293888
16.536592 78.957033 107.873125 -1.889687 14.38202 -122.586827 3.398163 -181.462338 2.217658 -167.258427 4.320474 -130.298999 -37.363543 105.428759 -61.441281 671.840564 -29.334346 1340.697449 -24.072391 1643.724128 -14.668586 1538.081879 -12.690713 1448.690229 28.293244 -2719.750788 -2.1e-05 -0.014598 -0.157801 -0.854889 -0.4358 -2.546286 -0.666235 -2.797228 -0.655893 -3.759808 -0.520127 -3.543928 0.012354 0.004762 0.010841 0.006425 0.011299 0.000479 0.000728 -0.017269 0.000621 0.001909 0.000235 0.013907 -0.696874 -3.93115
15.408118 80.60984 101.146413 -1.383431 12.646204 -127.495705 2.64218 -190.647205 1.602914 -175.076877 3.443052 -136.498806 -38.433172 109.624518 -62.863988 667.067003 -30.213303 1335.214407 -25.161981 1616.398558 -15.732306 1532.549328 -13.459547 1435.813291 27.37863 -2743.606803 -0.019938 0.00856 -0.108268 0.039389 -0.055797 -0.048183 -0.047495 -0.113373 -0.049782 -0.089293 -0.049742 -0.072045 -0.007548 0.040934 -0.008142 -0.00851 -0.006487 -0.005617 -0.012058 -0.11452 -0.018615 -0.004984 -0.011305 -0.028743 -0.007513 -0.052084
17.576817 85.03568 105.961207 -0.120531 16.475617 -122.589863 5.164196 -188.754601 3.559036 -173.915445 5.798798 -133.880294 -34.101325 116.072429 -56.633564 677.333057 -26.726215 1361.69151 -23.3253 1634.929315 -14.258506 1564.132757 -11.943232 1467.035318 32.064861 -2781.172056 0.071371 0.059137 0.055974 0.687269 0.252875 0.048123 0.41862 0.004721 0.384993 0.001933 0.305282 0.01268 0.129467 0.092124 0.162533 0.039197 0.106878 0.129974 0.034799 0.052808 0.036234 0.161066 0.045295 0.167911 0.185008 -0.127712
17.421281 86.802967 108.449624 0.0454 18.252395 -99.347491 6.207176 -156.989374 4.558847 -142.289509 6.941791 -107.51418 -33.517522 116.053679 -56.17352 679.797901 -25.953307 1355.948804 -22.157361 1633.20681 -13.66172 1553.847094 -11.447927 1451.455673 34.004317 -2636.553829 -0.000346 0.009088 0.014441 0.313878 0.045482 1.220383 0.047932 1.462307 0.061804 1.585544 0.051374 1.444229 0.00252 -1e-06 0.000938 0.002238 0.00567 -0.006068 0.014998 -0.000454 0.006379 -0.016965 0.005245 -0.041584 0.028472 1.930529
17.319231 89.50399 107.12696 1.458864 22.660694 -92.614863 9.070753 -153.067466 6.920387 -140.613751 9.454841 -103.078539 -34.875987 113.807826 -58.374992 670.931362 -27.236598 1334.098639 -22.0126 1625.74302 -13.278008 1525.688457 -11.514332 1417.807596 39.370142 -2592.65587 -0.00015 0.020691 -0.004058 0.989553 0.238186 0.118102 0.270763 0.024805 0.245537 0.004963 0.193727 0.046718 -0.013493 -0.010972 -0.021157 -0.029101 -0.015483 -0.088741 0.000237 -0.008547 0.002733 -0.128741 -9.6e-05 -0.197304 0.196463 0.18426
17.573419 95.116896 107.746377 28.368243 28.620264 -35.440645 15.136937 -75.164701 11.777108 -73.896085 13.657468 -48.498182 -35.271306 111.873227 -57.688955 676.75379 -25.985838 1327.264638 -20.388357 1625.828818 -11.4239 1515.996165 -10.157962 1410.854422 46.399328 -2259.298498 0.000926 0.085342 0.000893 16.960808 0.34747 13.472255 0.772382 13.706921 0.641787 10.639233 0.385304 10.167785 -0.001114 -0.008292 0.002028 0.012577 0.014699 -0.008774 0.031121 1e-06 0.069682 -0.015442 0.042486 -0.008546 0.288522 11.465338
17.653968 93.959617 106.637192 77.325539 33.255467 -5.946169 19.637435 -27.566891 16.318541 -28.163467 17.24841 -13.188567 -36.139147 109.591507 -59.650908 671.451912 -26.659052 1315.013669 -20.563779 1617.089027 -11.531045 1499.231691 -10.22294 1388.160946 55.284587 -1938.362617 9.2e-05 -0.003542 -0.002869 12.022235 0.173859 12.353313 0.292457 11.691884 0.369472 10.819868 0.209324 11.105269 -0.005274 -0.011754 -0.016403 -0.010425 -0.004305 -0.028401 -0.000376 -0.011777 -0.00025 -0.046605 -0.000104 -0.091997 0.388946 12.2867
20.298377 99.867114 110.180832 150.055861 38.874897 0.073811 24.543753 -7.589161 20.171663 -9.162447 20.274914 -1.360761 -35.685729 108.475385 -60.248875 652.877372 -27.004942 1281.739086 -20.778162 1597.285136 -11.062407 1465.506354 -10.156024 1357.869964 61.110291 -1706.424047 0.092239 0.090046 0.02896 11.94556 0.219228 7.344954 0.273268 6.227894 0.204002 5.198277 0.122253 6.076669 0.001431 -0.002856 -0.001491 -0.130266 -0.001115 -0.213198 -0.000556 -0.061007 0.004861 -0.191827 0.00011 -0.167072 0.145883 7.387274
21.02707 107.421989 110.530975 204.026861 37.474274 8.141532 22.795612 0.014368 18.594652 -0.203596 19.059393 1.710287 -36.337461 113.428721 -60.710882 667.676918 -25.105205 1277.223835 -18.671221 1601.281089 -9.396356 1457.745367 -8.874574 1350.907136 54.427497 -1492.404214 0.006425 0.137719 0.000278 4.137433 -0.012848 6.664948 -0.032289 8.263964 -0.03209 6.634422 -0.018786 6.122141 -0.002949 0.055291 -0.000882 0.082932 0.03464 -0.003984 0.056305 0.002496 0.06795 -0.010302 0.043193 -0.008949 -0.193431 7.167603
23.940447 105.94323 108.305541 298.909032 41.715572 24.091169 28.519207 2.925601 24.252814 0.706115 23.367924 7.191384 -32.531135 113.064761 -56.918171 673.168328 -20.719653 1291.961701 -14.55926 1633.775336 -6.277556 1480.75342 -6.229352 1369.223449 55.208164 -1416.788624 0.094476 -0.005124 -0.011316 9.031159 0.113661 4.222773 0.320201 2.529915 0.375233 1.66803 0.219334 1.88759 0.105267 -0.000292 0.06116 0.011245 0.210337 0.042271 0.25539 0.163197 0.313424 0.090076 0.233439 0.061668 0.002779 0.982864
24.445048 106.948744 104.72362 358.067842 47.250333 45.162532 34.774298 13.922054 29.13949 6.089033 27.596441 18.148824 -33.255811 110.494256 -59.115759 649.263315 -23.317614 1255.813905 -16.914519 1596.396951 -7.899558 1449.619391 -7.685325 1337.550668 67.383017 -1267.806537 0.002631 0.002375 -0.030116 2.668959 0.172332 3.283459 0.309843 4.083585 0.224094 2.648074 0.175723 2.491561 -0.003991 -0.014778 -0.020812 -0.216078 -0.0767 -0.256445 -0.088249 -0.216272 -0.093092 -0.165398 -0.076383 -0.185313 0.606056 4.137081
24.987973 106.294137 100.900786 404.179203 49.213679 48.28125 38.660908 13.155815 32.584701 5.153135 29.829893 17.421828 -33.587368 109.983777 -59.95208 634.180545 -23.914411 1239.673059 -17.495373 1596.538177 -8.047534 1444.810713 -7.815051 1328.860298 73.019051 -1277.391485 0.002982 -0.001005 -0.035539 1.396008 0.019982 0.052059 0.102923 -0.010844 0.096224 -0.039024 0.043449 -0.00743 -0.000822 -0.000591 -0.002937 -0.088628 -0.003771 -0.0522 -0.004903 3e-06 -0.000687 -0.003994 -0.000543 -0.014162 0.113167 -0.018048
25.713069 110.310944 102.376974 438.200814 58.554147 42.796674 50.37426 7.958301 43.175075 1.99347 38.563721 11.915707 -32.86826 112.463148 -59.109618 626.898954 -23.141284 1192.824918 -16.433329 1541.781012 -6.995856 1391.710863 -6.950903 1286.531881 84.929907 -1288.360447 0.005185 0.037248 0.00536 0.687304 0.405542 -0.165286 0.77386 -0.649714 0.74386 -0.73642 0.559945 -0.521331 0.003891 0.013818 0.002981 -0.021022 0.006352 -0.451172 0.016626 -0.477736 0.036806 -0.49706 0.025308 -0.342551 0.449736 -0.023447
26.28247 118.371209 106.536026 440.381288 67.583868 44.933502 61.883726 8.838742 52.507533 2.466766 47.028283 13.081012 -32.085723 118.658145 -61.760002 626.478174 -22.780845 1158.262566 -16.053205 1496.099449 -6.587129 1358.478212 -6.647017 1259.892563 96.290032 -1245.168495 0.003118 0.142093 0.041403 0.002706 0.323616 0.026027 0.591574 0.023091 0.456211 0.025183 0.419577 0.027177 0.004714 0.083041 -0.029062 -7.1e-05 0.001415 -0.254057 0.002224 -0.343483 0.006151 -0.200795 0.003396 -0.139347 0.356416 0.368198
28.069442 120.143829 115.289354 455.096383 78.027734 45.63152 72.993995 8.786385 62.108245 2.330417 55.857903 13.675801 -30.568175 117.698323 -68.249408 619.7241 -20.758822 1100.742022 -13.794026 1416.361936 -5.495986 1257.984744 -5.381753 1172.080364 104.555338 -1152.026123 0.029384 0.006587 0.172772 0.120912 0.375022 0.00269 0.458371 -7.8e-05 0.402806 -0.001938 0.379576 0.006612 0.018381 -0.001949 -0.16206 -0.018303 0.046978 -0.732435 0.085623 -1.091733 0.049368 -1.930596 0.06673 -1.585852 0.170141 1.810195
30.792809 127.112372 124.166292 459.844446 80.929694 41.683972 75.735869 5.854593 63.496189 0.990953 57.427039 10.282849 -30.096093 127.317081 -74.931308 662.819523 -17.066895 1037.500698 -9.557515 1302.062316 -2.978711 1119.856425 -3.286041 1058.419676 93.980302 -1054.222312 0.063034 0.098218 0.164597 0.01232 0.026492 -0.08928 0.025276 -0.296542 0.007669 -0.282072 0.010868 -0.241467 0.001837 0.188878 -0.155999 0.72424 0.180604 -0.935427 0.387516 -2.404 0.38249 -4.015313 0.257167 -2.897814 -0.281841 2.168906
32.043061 118.200329 132.628388 412.17486 81.424941 28.23234 72.398992 1.738449 60.862611 0.011624 55.067685 5.272235 -30.241124 123.702137 -80.002259 685.058926 -13.531038 956.352474 -5.37813 1172.162397 -1.079604 987.570849 -1.709118 948.18476 78.154253 -980.806108 0.012439 -0.161938 0.139463 -1.303922 0.000755 -1.306223 -0.037588 -1.212475 -0.027889 -0.787923 -0.024744 -0.829107 -0.000174 -0.026031 -0.083008 0.183483 0.204986 -1.652018 0.596669 -3.412308 0.471769 -4.155955 0.255441 -3.030223 -0.729067 1.324722
33.870737 113.154523 143.360854 349.645553 73.78791 21.756351 59.181219 1.016336 50.460513 -0.015668 47.180871 3.836475 -30.82639 125.753662 -87.700459 717.103134 -11.30076 846.823579 -4.790775 990.436354 -0.522554 805.950601 -1.134678 787.667755 61.253094 -813.073394 0.025344 -0.055031 0.208757 -2.570502 -0.187999 -0.421254 -0.665573 -0.096328 -0.487055 -0.054284 -0.304624 -0.113868 -0.002805 0.008436 -0.176782 0.366208 0.10036 -3.329588 0.016977 -7.648867 0.099958 -9.219548 0.058622 -7.437563 -1.028305 7.858952
35.768205 122.843611 150.660222 312.675397 67.734972 22.549181 50.940521 2.375124 43.682253 0.364612 42.502279 6.53138 -28.671722 140.173903 -83.98293 737.456501 -8.537204 773.179708 -3.953731 880.95133 -0.066542 719.775002 -0.44605 710.857054 47.158601 -687.739716 0.025855 0.19898 0.090621 -1.032625 -0.129501 0.007094 -0.308769 0.284098 -0.244334 0.531446 -0.12212 0.356366 0.039027 0.391265 0.040253 0.142407 0.193433 -1.674757 0.040154 -3.205441 0.216153 -2.435617 0.157881 -1.969859 -0.92011 5.242496
36.638168 132.586039 157.361809 281.417426 56.955365 25.051477 38.567941 5.044576 31.534874 2.498312 31.859576 11.90824 -28.526306 153.865593 -81.926393 770.09312 -7.123819 701.860468 -1.550317 770.526214 -0.000607 618.261776 -0.193109 622.396801 31.812223 -542.157015 0.005226 0.185862 0.072911 -0.822883 -0.466828 0.065817 -0.859243 0.496841 -0.987366 0.954088 -0.765535 0.801339 0.000185 0.318944 0.012746 0.353313 0.063908 -1.725177 0.552468 -3.695892 0.054437 -3.856324 0.05218 -2.937868 -1.505479 8.646697
35.939232 124.952054 162.098794 248.950524 46.571595 33.659845 27.328753 8.36835 20.692883 5.160783 22.45579 10.588628 -27.733726 150.832932 -75.743131 767.905029 -6.112677 641.08396 -0.765222 680.568471 0.010924 541.813577 -0.108732 552.001049 19.752925 -441.21648 -0.003366 -0.113169 0.035122 -0.994677 -0.522063 0.634516 -0.965539 0.418346 -1.13774 0.477662 -0.820247 -0.038736 0.005583 -0.015092 0.12129 -0.001556 0.038677 -1.375961 0.137157 -2.79106 0.016682 -2.521684 0.012033 -2.11173 -1.429953 5.19435
37.000783 123.342493 164.207997 263.020162 34.371961 46.371642 16.002258 33.297965 11.424203 30.250991 13.937271 45.524361 -28.020453 153.499167 -75.249473 777.597764 -5.30641 561.824295 -0.156195 563.625359 0.028661 448.399813 -0.067703 471.025981 10.308439 -245.717003 0.007725 -0.005217 0.006817 0.193363 -0.924632 1.015988 -1.506532 8.280748 -1.366496 10.422272 -1.011007 12.202146 -0.000737 0.01168 0.000807 0.030395 0.0285 -2.614051 0.229973 -5.507996 0.004196 -4.416034 0.004837 -3.209722 -1.52214 28.406669
33.461471 118.652172 168.373088 230.093155 27.568018 84.603497 10.718293 80.762966 5.529574 76.491128 8.344435 96.768945 -29.803009 152.279946 -75.906312 793.171576 -5.127311 522.652478 -0.100418 508.430404 0.012575 398.655926 -0.095291 421.193764 5.014753 -125.89848 -0.088946 -0.045458 0.026082 -1.100557 -0.374832 5.704183 -0.52766 10.345119 -1.057743 10.535416 -0.713335 9.547769 -0.027482 -0.002431 -0.001427 0.077207 0.001537 -0.707683 0.006135 -1.421803 -0.003267 -1.461882 -0.002352 -1.3927 -0.943446 19.846256
30.633394 109.86198 166.559836 197.829518 23.984563 151.626467 9.03381 185.870414 3.54349 170.187914 6.416727 185.912997 -30.091875 150.968827 -77.116917 787.807609 -5.601258 493.703662 -0.220598 495.464007 -0.013312 377.675918 -0.22963 395.983435 3.991176 -40.810081 -0.062422 -0.169128 -0.004908 -1.218007 -0.124695 9.7073 -0.071958 21.590968 -0.220044 18.48732 -0.126414 14.423823 -0.000697 -0.002834 -0.004789 -0.009099 -0.010474 -0.412357 -0.023345 -0.083741 -0.051764 -0.283539 -0.029072 -0.388968 -0.058357 23.34989
28.439495 106.190555 160.576138 219.57986 19.700138 195.4566 6.185129 229.418445 2.046755 205.525906 4.463722 221.786043 -31.009734 150.377076 -78.051903 778.137542 -6.400642 482.032553 -0.348701 475.305468 -0.087226 364.060317 -0.329221 381.912466 2.97904 -22.507339 -0.040754 -0.031197 -0.054729 0.567068 -0.210608 2.778587 -0.268985 2.289579 -0.204094 1.66556 -0.176714 1.581284 -0.006894 -0.000581 -0.002817 -0.029858 -0.026651 -0.069804 -0.0146 -0.209324 -0.032387 -0.124977 -0.008945 -0.127272 -0.073877 2.703022
26.220964 107.870834 145.434651 269.33023 16.458008 212.478455 4.019423 234.595576 1.201225 201.637601 3.10707 220.300375 -32.04016 149.586748 -77.141258 770.136622 -7.195748 477.626942 -0.621381 469.285104 -0.242293 357.876015 -0.663552 375.22086 2.522498 -22.256653 -0.045041 0.006595 -0.374832 2.537828 -0.145647 0.355289 -0.232461 0.028882 -0.111987 -0.018567 -0.122545 -0.002496 -0.008421 -0.001041 0.002672 -0.020673 -0.023269 -0.010113 -0.039112 -0.019186 -0.038766 -0.026489 -0.057989 -0.029571 -0.018976 0.000702
26.791488 107.560167 141.075738 347.249629 19.055594 243.162786 4.979497 263.707617 1.730677 211.112675 4.292914 230.539832 -31.288671 150.596725 -69.041177 806.228473 -8.402802 480.018057 -1.272196 477.086629 -0.749619 360.086199 -1.299094 375.930684 4.758319 -19.768876 0.00307 -0.000224 -0.03316 4.943292 0.095126 1.034364 0.051361 0.851124 0.048201 0.108769 0.095634 0.116294 0.004459 0.001699 0.224588 0.413227 -0.046772 0.002985 -0.115355 0.032157 -0.139556 0.003402 -0.105749 0.000335 0.351791 0.073699
26.396266 115.39504 132.756645 423.064866 18.823124 265.536767 5.050213 273.46119 2.417511 213.961704 4.838695 237.324378 -32.641376 152.255307 -70.552426 815.667339 -9.303515 493.278229 -1.627366 484.984234 -1.108256 365.863881 -1.739392 382.324111 6.799432 -20.251249 -0.001468 0.137705 -0.126397 3.73999 -0.000713 0.492272 0.000249 0.088557 0.057256 0.009548 0.016325 0.049194 -0.014313 0.004542 -0.008181 0.027466 -0.022924 0.090332 -0.021835 0.032416 -0.034944 0.022992 -0.03207 0.026954 0.181659 -0.002907
27.466401 117.114805 131.123762 467.175569 20.431361 273.705294 6.499308 274.974889 3.849024 210.949112 6.088062 235.650469 -30.730692 145.616495 -70.571752 794.788113 -8.740156 492.441406 -1.329295 488.071723 -0.865941 366.223554 -1.465524 381.908156 8.366281 -21.278671 0.010632 0.00636 -0.005052 1.093497 0.032958 0.061873 0.091268 0.002089 0.165696 -0.01068 0.071661 -0.002962 0.02881 -0.07399 -1e-06 -0.135353 0.008797 -0.000355 0.015063 0.004898 0.014927 8.8e-05 0.011723 -0.000113 0.081157 -0.012711
29.377944 116.143656 130.252669 523.789552 21.722196 298.616131 7.963616 297.966144 5.392322 221.630552 7.337235 246.001588 -29.646538 144.010597 -68.311171 794.424354 -8.357319 498.639193 -1.21777 499.946811 -0.694185 369.79688 -1.273958 384.64373 9.956012 -18.860278 0.032149 -0.002022 -0.001452 1.618504 0.019769 0.542391 0.074318 0.461488 0.129776 0.131895 0.058242 0.11124 0.009734 -0.004452 0.018399 -4.2e-05 0.004287 0.019379 0.002443 0.071366 0.009483 0.008674 0.006706 0.004881 0.069097 0.072921
29.08469 123.927238 117.579499 586.743758 21.590885 310.296604 8.715169 300.041183 6.291631 222.196421 7.846141 247.684878 -31.09021 147.092612 -69.561186 801.976801 -9.001449 507.801745 -1.552366 513.36765 -0.873724 379.951206 -1.581104 394.002179 11.854555 -21.032155 -0.000736 0.126213 -0.32424 1.785818 -0.000199 0.112041 0.016941 0.0036 0.034661 0.000361 0.008531 0.00287 -0.01716 0.016316 -0.005667 0.017865 -0.011955 0.041708 -0.020282 0.08888 -0.010313 0.068766 -0.016569 0.056241 0.082788 -0.059166
30.971609 126.178391 112.601494 640.201401 22.4624 330.503976 9.735436 314.424259 7.819317 227.313798 9.210302 253.670242 -29.609455 148.241866 -67.842839 820.302294 -8.295539 518.313555 -1.204167 525.603788 -0.637963 386.814787 -1.323556 400.048591 12.924243 -21.074326 0.02965 0.010131 -0.053835 1.16512 0.008622 0.318695 0.028231 0.168359 0.082939 0.02913 0.05464 0.035729 0.018064 0.002236 0.010745 0.103507 0.014411 0.053844 0.02208 0.072056 0.018498 0.03072 0.011441 0.023021 0.0231 -2.1e-05
31.639726 130.914992 103.950401 694.079893 23.053714 338.081395 11.208458 312.529545 9.422063 228.990714 10.192603 255.705102 -29.734131 150.407265 -68.646475 832.067051 -8.352736 529.596052 -1.232165 541.960375 -0.644024 397.78074 -1.347818 411.753249 14.992762 -23.155365 0.003565 0.043636 -0.172871 1.088255 0.003841 0.042941 0.051864 -0.002863 0.074657 0.003081 0.024881 0.004064 -0.000131 0.00785 -0.002366 0.041883 -9.8e-05 0.060739 -0.000161 0.12531 -1.4e-05 0.076637 -0.00011 0.084384 0.076739 -0.048984
33.565954 137.563755 95.93872 779.445954 25.760241 352.180797 14.476434 312.115149 13.21267 229.563639 12.932644 258.903818 -29.734488 154.526098 -69.671492 853.640334 -8.275517 587.354207 -1.088516 623.056316 -0.455712 460.01663 -1.200481 470.485279 18.575997 -39.647683 0.028457 0.08234 -0.160621 2.474843 0.07509 0.144013 0.208746 -0.000137 0.319661 0.000358 0.162903 0.009941 -0.0 0.027818 -0.003798 0.138051 0.000179 1.494354 0.00445 2.825941 0.016243 2.260684 0.004263 1.957113 0.191791 -2.204151
33.925568 146.202848 88.738001 814.336172 25.48165 365.072287 13.792344 319.403262 12.540571 233.419276 12.431809 265.861758 -29.791264 160.401107 -72.629427 865.432961 -9.237782 670.639906 -1.438061 753.00428 -0.500322 573.447414 -1.350601 570.281108 18.050612 -75.146306 0.000958 0.131536 -0.140435 0.381945 -0.000757 0.115861 -0.008279 0.042056 -0.008772 0.016055 -0.004945 0.04613 -2.7e-05 0.054804 -0.030746 0.040448 -0.026456 2.759999 -0.024296 6.149544 -0.001041 6.243821 -0.004421 4.795603 -0.003768 -5.626651
34.476735 161.233318 81.402246 849.814775 25.39495 368.507839 13.286871 312.061447 12.140947 226.397556 11.867939 264.4833 -29.654555 167.286179 -74.506713 873.538476 -9.220453 822.47657 -1.442926 972.638132 -0.343211 779.110845 -1.253134 755.862756 16.566759 -165.535089 0.002221 0.367638 -0.158218 0.378233 -7.4e-05 0.008045 -0.004718 -0.042682 -0.003235 -0.053616 -0.006543 -0.001791 0.000157 0.072339 -0.011976 0.01889 8e-06 7.740282 -4e-06 14.03419 0.01476 15.72753 0.001825 13.049427 -0.031817 -17.617723
33.421487 170.809533 78.168691 907.16702 22.852165 374.606875 11.850902 302.757079 11.302242 212.048078 10.979715 254.443296 -30.735351 173.091779 -77.273606 867.254891 -11.285436 986.790289 -2.843021 1210.408821 -0.576768 1005.531776 -1.583323 955.495913 16.985389 -294.06249 -0.008201 0.138119 -0.032766 0.936309 -0.067053 0.025029 -0.041048 -0.070408 -0.015008 -0.234878 -0.017272 -0.097134 -0.009672 0.049515 -0.025222 -0.011341 -0.104239 7.476758 -0.235135 12.987254 -0.030141 14.421492 -0.019284 11.683672 0.002612 -18.337291
33.808048 178.177571 69.600663 941.73028 20.314654 375.414046 10.793984 296.918024 10.669136 206.299444 10.64003 249.233492 -31.134295 173.287175 -76.827108 809.661309 -18.374038 1122.626875 -10.706998 1430.318545 -3.093468 1259.843903 -3.77735 1173.113749 25.252536 -446.525581 0.001111 0.077788 -0.248607 0.323091 -0.074647 0.000434 -0.024679 -0.028428 -0.009123 -0.039499 -0.002669 -0.026945 -0.001286 5.5e-05 0.000647 -0.989316 -0.859541 4.378164 -2.515488 9.172553 -0.998747 14.319858 -0.469552 11.15327 0.816957 -15.863505
33.807771 187.000851 63.095106 930.414029 16.255229 385.437881 7.399104 315.503867 8.511658 215.486771 8.15305 257.503559 -35.059691 169.85069 -76.474969 804.331367 -20.610458 1221.305859 -18.706703 1574.991397 -4.730665 1432.406716 -6.53912 1323.235018 25.933391 -536.741475 -0.0 0.106608 -0.159567 -0.034201 -0.226006 0.066032 -0.319553 0.282088 -0.121724 0.100071 -0.165284 0.067489 -0.116493 -0.017208 0.000404 -0.008801 -0.064201 2.078102 -1.108745 3.484229 -0.173209 5.535995 -0.376542 4.51796 0.004528 -4.147454
34.256461 197.307571 55.957912 962.635224 14.911634 399.869786 6.552174 327.928316 8.935262 223.459589 8.299591 263.59864 -35.79894 179.082384 -71.465799 809.037632 -24.986364 1344.019237 -23.583306 1714.680909 -6.564141 1574.413327 -9.53328 1448.69091 30.816363 -611.588372 0.001479 0.138232 -0.214129 0.274235 -0.028974 0.132622 -0.025731 0.119967 0.005143 0.072413 0.000653 0.035647 -0.003856 0.122142 0.084828 0.006864 -0.210463 2.936703 -0.28211 2.967159 -0.149807 3.355228 -0.281357 2.840489 0.210465 -2.441816
33.292325 200.313503 45.78477 996.950343 13.753235 409.706094 6.308148 330.662959 10.37906 225.760977 9.24648 261.818237 -36.032304 176.555427 -65.462685 819.441272 -28.492126 1398.940891 -23.678546 1770.477101 -11.74138 1625.740857 -11.350566 1492.219319 44.19889 -639.843723 -0.006881 0.011362 -0.509878 0.300476 -0.023416 0.059758 -0.002315 0.005678 0.05404 0.005895 0.025568 -0.003017 -0.000379 -0.008978 0.131655 0.033232 -0.115033 0.549897 -9.6e-05 0.446668 -0.747381 0.41165 -0.079219 0.32215 1.203356 -0.319021
31.521419 195.228507 40.666048 1018.735209 15.871008 397.652124 9.110937 309.994607 13.717052 209.739991 12.06878 246.319732 -34.278513 170.8636 -65.565735 809.827867 -30.911863 1395.253514 -25.729483 1764.980105 -13.931085 1630.235945 -12.759667 1500.963798 55.295445 -670.487719 -0.024198 -0.032687 -0.151672 0.117725 0.075794 -0.089989 0.256877 -0.333479 0.232323 -0.294786 0.187673 -0.236412 0.021876 -0.046628 -4.1e-05 -0.028362 -0.049303 -0.002433 -0.042586 -0.004273 -0.093555 0.003103 -0.041212 0.012773 0.620733 -0.358376
31.01541 206.104726 35.517403 1025.852254 17.199925 388.498486 11.106243 295.973773 16.641225 202.154224 14.13037 238.583283 -34.495497 170.723309 -62.581558 784.009686 -30.925153 1377.056388 -26.532777 1734.119315 -14.719332 1606.644505 -12.962842 1479.817313 62.662167 -668.991775 -0.002047 0.147401 -0.174177 0.012387 0.026711 -0.053293 0.098703 -0.162228 0.141159 -0.069859 0.081238 -0.06172 -0.000342 -2.9e-05 0.034751 -0.209125 -1e-06 -0.059723 -0.006174 -0.136093 -0.010845 -0.085972 -0.000802 -0.07501 0.230259 0.000835
32.062633 192.298641 37.423501 1036.187915 19.906498 360.71749 14.058093 263.841692 19.903999 182.728821 17.209468 221.194811 -32.151594 161.036371 -62.010297 766.196955 -32.353036 1352.177193 -28.498839 1722.622969 -15.43246 1608.655349 -13.274859 1486.025173 70.388857 -707.045301 0.008694 -0.239287 0.024909 0.025903 0.098841 -0.515238 0.17373 -0.922913 0.145942 -0.490522 0.151625 -0.328927 0.041229 -0.141453 0.00131 -0.102342 -0.016112 -0.113399 -0.035131 -0.019117 -0.008434 0.000629 -0.001855 0.006497 0.224546 -0.526275
33.729907 184.913169 39.02332 1028.778274 28.338567 356.204196 23.040952 230.784159 30.538589 159.45828 26.330773 199.841704 -29.174218 155.572361 -61.141373 751.45534 -32.114326 1326.53859 -27.872578 1686.741908 -14.932724 1568.937577 -13.057051 1450.048108 88.180766 -728.035747 0.021129 -0.072307 0.016742 -0.013294 0.742575 -0.014207 1.103943 -1.10591 1.133764 -0.792177 0.966136 -0.541816 0.072319 -0.047152 0.003065 -0.071598 0.000442 -0.122699 0.003479 -0.188816 0.004112 -0.248232 0.000901 -0.22043 1.00131 -0.153518
32.137874 185.607057 32.373143 1002.722261 32.981535 304.910941 31.540966 184.71829 41.054291 132.124477 34.703544 168.992859 -30.791453 153.784941 -61.635606 752.531337 -33.320979 1350.36936 -29.077811 1712.555996 -15.767433 1597.724199 -13.866954 1480.455953 107.706722 -810.939597 -0.019243 0.00065 -0.310388 -0.167104 0.176028 -1.992822 0.665914 -2.561508 0.776494 -1.284002 0.577022 -1.292343 -0.021812 -0.005164 -0.000995 0.000385 -0.011127 0.106077 -0.012755 0.098017 -0.01135 0.130845 -0.012184 0.157765 0.975598 -2.234617
31.764302 180.666473 33.090684 971.008561 36.787251 293.435654 36.979684 180.945384 46.537596 128.204637 39.599958 163.489899 -29.657865 152.054516 -59.239101 749.31104 -31.355755 1370.144863 -27.768202 1734.182112 -15.088208 1613.879515 -12.941134 1494.554719 114.622744 -832.343886 -0.001092 -0.033323 0.003933 -0.254803 0.103874 -0.110049 0.216186 -0.019465 0.171798 -0.029513 0.161506 -0.045543 0.01063 -0.004895 0.023759 -0.003453 0.029864 0.071875 0.015087 0.067846 0.007477 0.040633 0.015991 0.033408 0.107595 -0.139405
31.269469 178.126495 35.242851 993.719145 39.016246 301.501502 38.443371 187.268293 48.587302 126.312601 41.673082 162.78752 -30.921805 149.896222 -61.43801 757.170355 -32.339307 1383.562253 -27.762015 1755.126778 -15.542167 1628.625359 -13.427967 1506.89279 119.089525 -847.819653 -0.001942 -0.008991 0.0339 0.131262 0.032779 0.054679 0.014204 0.054292 0.022086 -0.007033 0.026445 -0.000756 -0.013187 -0.007714 -0.020035 0.020501 -0.007594 0.032688 0.0 0.062861 -0.003364 0.03353 -0.004494 0.025359 0.042689 -0.071274
31.622094 176.148578 36.271236 955.846379 37.49836 250.983117 36.549253 140.693418 45.250499 97.611993 38.202792 132.762551 -30.824867 148.642368 -61.779349 744.056285 -32.21601 1343.654122 -27.596254 1701.974061 -15.454314 1580.32462 -13.316175 1466.898114 113.593957 -892.421151 0.000989 -0.005521 0.007395 -0.367898 -0.015057 -2.314512 -0.023924 -3.323967 -0.059346 -1.846907 -0.075421 -1.529076 7.6e-05 -0.002633 -0.000473 -0.057281 0.000118 -0.292009 0.000248 -0.408634 0.000125 -0.363529 0.000234 -0.268957 -0.064907 -0.571651
31.57867 176.497933 36.565326 957.537695 34.763613 265.878378 32.364937 158.680219 41.286436 108.602623 35.186471 143.792519 -30.34374 149.581062 -61.106004 746.340742 -32.230153 1341.332182 -27.768548 1697.618048 -15.583599 1575.969202 -13.390142 1461.712385 107.600351 -857.155632 -1.5e-05 0.000173 0.000594 0.000748 -0.051767 0.214675 -0.127148 0.540825 -0.09084 0.293092 -0.062012 0.220044 0.001892 0.001477 0.001845 0.001751 -2e-06 -0.001004 -0.000268 -0.002791 -0.000269 -0.003005 -0.000102 -0.004591 -0.081218 0.355453
31.291138 177.533859 33.866297 957.925245 33.261242 261.15945 30.949786 150.611501 40.06522 105.5839 34.068475 140.12338 -30.47719 151.819337 -60.663056 751.009509 -32.279881 1342.452936 -27.678131 1694.000314 -15.866805 1570.801139 -13.70328 1456.929631 106.358487 -861.888114 -0.000658 0.001516 -0.051734 3.9e-05 -0.016592 -0.021126 -0.015817 -0.105265 -0.009167 -0.021274 -0.009025 -0.02371 -0.000146 0.008311 0.000806 0.007279 -1.9e-05 0.000234 7.4e-05 -0.001929 -0.001275 -0.004244 -0.00181 -0.003919 -0.003604 -0.006514
31.709233 169.966609 33.60402 941.78424 33.14385 253.153787 30.907356 143.610461 40.039871 98.571279 34.044961 132.62221 -30.323518 146.628085 -60.620818 741.940272 -32.282624 1332.217219 -27.633809 1684.113823 -15.97616 1555.724949 -13.797303 1441.327849 106.599957 -871.098175 0.001387 -0.082403 -0.00051 -0.068573 -0.000104 -0.062311 -1.5e-05 -0.083307 -4e-06 -0.120475 -4e-06 -0.10317 0.000194 -0.045152 7e-06 -0.027547 -0.0 -0.019586 1.8e-05 -0.014467 -0.000188 -0.036349 -0.000161 -0.041994 0.000137 -0.024474
32.578101 165.579188 34.313768 936.160258 33.420384 247.76218 30.607668 137.713541 40.218542 93.591249 34.180382 126.881441 -29.411294 143.5304 -59.857738 735.508793 -31.981077 1325.807965 -27.081193 1677.296249 -16.081397 1551.551025 -13.711688 1437.037459 107.163299 -883.009481 0.005872 -0.028685 0.003709 -0.008421 0.000574 -0.029017 -0.00073 -0.06181 0.000199 -0.064541 0.000134 -0.063507 0.006966 -0.016536 0.002417 -0.013998 0.000707 -0.007727 0.002791 -0.006914 -0.000173 -0.002803 0.000133 -0.003198 0.000742 -0.040442
32.726395 163.133648 34.252903 927.297326 33.887528 240.263308 31.334164 131.50489 40.942773 90.64425 34.771064 123.290137 -29.025091 141.201074 -59.327169 729.290409 -31.229586 1321.679361 -26.289163 1671.444682 -15.541368 1545.222159 -13.360757 1430.96806 106.934382 -887.359886 0.000168 -0.009097 -2.7e-05 -0.021077 0.001621 -0.057616 0.004261 -0.071601 0.003231 -0.023571 0.00253 -0.025779 0.001276 -0.009528 0.001181 -0.013199 0.004467 -0.003219 0.005877 -0.005112 0.004611 -0.006467 0.002275 -0.006422 -0.000122 -0.005345
33.277332 158.606121 33.784971 904.745775 33.665966 231.982041 30.838801 126.46183 40.855481 84.764703 34.998908 115.994741 -28.394408 135.178064 -57.120527 707.20808 -30.954362 1304.306977 -26.688697 1651.958879 -15.713847 1532.406294 -13.289826 1417.116199 107.244639 -896.354893 0.002299 -0.031857 -0.001609 -0.138805 -0.000363 -0.072615 -0.001973 -0.049299 -4.7e-05 -0.098566 0.000372 -0.111238 0.003464 -0.065636 0.020909 -0.169738 0.000609 -0.057465 -0.001507 -0.057125 -0.000476 -0.026684 9.4e-05 -0.033685 0.000225 -0.02268
32.394716 158.501797 34.951461 898.852988 31.349781 229.912455 28.218945 125.148015 37.260398 83.063153 31.828362 114.192468 -29.300007 134.51063 -56.877302 707.397353 -30.612251 1298.439056 -27.033508 1647.06839 -15.467298 1530.176023 -13.07058 1414.546875 100.74093 -900.213946 -0.005931 -1.7e-05 0.009899 -0.009627 -0.04127 -0.004637 -0.058138 -0.00343 -0.082771 -0.008626 -0.075254 -0.007056 -0.007108 -0.000826 0.000259 1.3e-05 0.000951 -0.006615 -0.001107 -0.003625 0.000975 -0.000812 0.000912 -0.001166 -0.10171 -0.004145
30.881912 161.170581 34.50607 909.845704 29.460901 236.804945 24.896645 133.204725 32.47938 89.19524 28.161411 121.03439 -31.187131 133.986248 -59.267226 704.701426 -32.205489 1290.41919 -28.643706 1638.449186 -16.395681 1524.760826 -13.898246 1409.32124 95.027918 -876.38869 -0.018086 0.01114 -0.001428 0.033405 -0.029343 0.050897 -0.104004 0.125654 -0.164075 0.10918 -0.112178 0.099525 -0.029445 -0.000512 -0.024592 -0.002573 -0.020208 -0.012422 -0.023289 -0.011306 -0.013528 -0.0048 -0.012703 -0.004835 -0.083378 0.159762
28.870998 163.650442 33.779358 933.307785 27.403898 266.661819 21.448652 163.989929 27.364411 110.783845 23.748178 144.746416 -33.311346 133.395485 -62.761007 700.982456 -34.483525 1283.43249 -30.895826 1633.009536 -17.754009 1517.46997 -15.262421 1402.514825 89.201433 -808.2266 -0.033847 0.009466 -0.003867 0.149334 -0.037217 0.886074 -0.12844 1.598758 -0.218994 1.168707 -0.187942 1.059865 -0.034989 -0.000653 -0.050025 -0.00492 -0.038919 -0.009483 -0.042609 -0.004522 -0.027025 -0.008736 -0.031926 -0.008238 -0.092158 1.379536
28.700613 162.509909 34.147355 922.992488 24.800023 264.613403 20.076207 162.326081 25.858169 109.438499 22.065234 143.99572 -34.278094 131.347454 -62.495911 702.60157 -35.798048 1271.609148 -32.422167 1609.368073 -19.333599 1498.644391 -16.665695 1388.537833 89.910062 -798.121428 -0.000252 -0.001994 0.000997 -0.028661 -0.06498 -0.003949 -0.022687 -0.004242 -0.021318 -0.004109 -0.030922 -0.000976 -0.006914 -0.007922 0.000281 0.000934 -0.012294 -0.027356 -0.0184 -0.086191 -0.033653 -0.058752 -0.030853 -0.034997 0.001402 0.031785
25.885697 161.047944 29.587145 910.010938 25.73931 267.441442 23.029795 165.520059 28.906559 112.776065 24.326429 146.590629 -37.59299 124.784676 -66.96348 679.185581 -38.858584 1258.973263 -35.548243 1600.501958 -21.085191 1493.860749 -18.153547 1380.984558 99.36787 -785.73064 -0.072628 -0.003303 -0.163351 -0.045969 0.008729 0.007516 0.101308 0.015559 0.084908 0.025066 0.05514 0.011586 -0.076487 -0.084092 -0.07711 -0.19842 -0.062759 -0.031547 -0.071925 -0.012245 -0.037971 -0.003823 -0.031803 -0.0103 0.236441 0.048469
25.857077 157.946383 28.814339 874.547668 26.771685 264.802603 28.623963 163.411791 33.365206 108.37726 27.315854 142.279911 -36.483771 124.398596 -66.35144 680.394173 -38.262166 1267.019074 -34.521968 1610.743999 -20.610728 1501.564024 -17.883712 1387.54853 106.423287 -803.131778 -8e-06 -0.015078 -0.005113 -0.352403 0.010149 -0.006542 0.303821 -0.006756 0.159824 -0.043751 0.086597 -0.032165 0.008305 -0.000299 0.001405 0.000537 0.002306 0.012814 0.007516 0.016333 0.0027 0.009905 0.00101 0.007781 0.120981 -0.095291
26.548744 155.119044 32.832048 848.848787 27.211967 244.930745 42.864432 143.603818 46.681241 93.635943 36.004581 124.894828 -34.121237 128.949646 -66.339642 688.457531 -38.802982 1297.635908 -34.895843 1644.849463 -20.672959 1531.149847 -18.006045 1414.767024 129.484366 -867.499423 0.004565 -0.012767 0.131063 -0.191618 0.001795 -0.387498 1.432705 -0.63965 1.115358 -0.53857 0.598959 -0.566224 0.039538 0.04088 1e-06 0.023749 -0.001898 0.182758 -0.001007 0.178649 -4.7e-05 0.144317 -0.000208 0.132188 1.12987 -1.240469
26.697104 148.839294 35.531542 825.338014 52.328444 249.749137 67.521456 143.305836 72.720483 95.123639 59.833668 128.522639 -34.802036 125.033019 -66.780844 692.773541 -38.269687 1310.100535 -33.909739 1658.91951 -19.954822 1537.749958 -17.596564 1422.819815 168.862555 -867.951713 0.000207 -0.064876 0.053319 -0.16509 4.069625 0.023467 2.789069 -0.000155 2.873918 0.005863 3.009673 0.025968 -0.003362 -0.030201 -0.000731 0.006743 0.001845 0.02979 0.007067 0.029961 0.006347 0.007097 0.002355 0.011427 2.61014 -5.9e-05
24.46916 137.065827 34.980363 778.47926 66.007121 274.274175 90.846385 171.943917 94.855428 116.141408 78.035527 150.062287 -36.421154 114.266174 -70.911197 675.911154 -40.265503 1299.316789 -35.417904 1646.770382 -20.834849 1525.265459 -18.532658 1409.913375 204.601436 -799.631416 -0.048529 -0.242516 -0.002154 -0.684683 0.793233 0.574218 1.727103 1.303472 1.468325 1.048079 1.206811 0.83395 -0.018406 -0.24234 -0.061963 -0.103877 -0.025364 -0.022283 -0.016406 -0.022325 -0.009494 -0.025443 -0.012129 -0.029402 1.713961 1.400117
21.413499 137.243061 32.590417 778.819722 66.440951 304.074713 100.360026 201.157566 103.745098 138.583511 84.669519 174.261635 -38.91192 112.168593 -73.344263 691.968181 -40.193295 1344.715519 -35.343734 1699.578128 -20.385397 1579.382418 -18.292141 1459.379572 216.106253 -782.281451 -0.101862 5.7e-05 -0.042279 3.7e-05 0.00071 0.768275 0.236826 1.145465 0.199058 0.990537 0.135301 0.904074 -0.041188 -0.009716 -0.02052 0.094247 3.2e-05 0.389783 3.9e-05 0.416698 0.00245 0.471691 0.000785 0.426427 0.157337 0.095148
18.356439 131.541529 27.063422 776.312327 59.733661 293.233118 85.681137 196.262237 90.58944 133.285843 74.802065 166.7325 -44.452228 107.367323 -79.80475 687.081175 -45.320492 1351.344664 -39.877555 1713.668129 -23.909631 1585.025607 -21.594403 1461.184429 207.578822 -799.04767 -0.11767 -0.060478 -0.256593 -0.002021 -0.178402 -0.0984 -0.579996 -0.030151 -0.445804 -0.05162 -0.305572 -0.083132 -0.184306 -0.052508 -0.136326 -0.008659 -0.153845 0.00815 -0.136758 0.029082 -0.140421 0.005032 -0.136934 0.000558 -0.085824 -0.088885
17.047989 140.817523 20.26316 806.354563 52.404876 292.185518 74.930792 190.766145 86.085144 130.716541 66.541753 164.424757 -45.996673 111.671451 -81.829096 688.212953 -48.150753 1333.053193 -43.303082 1688.568581 -26.688481 1568.385168 -24.072128 1448.279178 208.637732 -793.53253 -0.024187 0.158007 -0.491106 0.285157 -0.239742 -0.000937 -0.360184 -0.039026 -0.057428 -0.012503 -0.241578 -0.008041 -0.013187 0.042292 -0.012677 0.000466 -0.042859 -0.06232 -0.070565 -0.092586 -0.076365 -0.043906 -0.067266 -0.028621 0.001347 0.00955
17.118546 168.730599 16.940612 917.51778 35.863876 291.375586 47.865503 182.859613 55.290836 129.730077 43.094355 166.309771 -49.536342 117.577367 -85.806811 689.208581 -51.886526 1298.240393 -48.880776 1640.342467 -30.588578 1541.44214 -27.131559 1430.75229 168.129471 -776.808964 7.3e-05 1.26108 -0.14866 3.587891 -1.563689 -0.000562 -3.019836 -0.083667 -3.394538 -0.001868 -2.536642 0.005372 -0.065598 0.076087 -0.047199 0.00036 -0.069778 -0.230302 -0.168897 -0.349345 -0.132937 -0.116717 -0.091483 -0.05335 -2.18396 0.089052
24.030707 171.662976 22.005078 991.670471 16.005978 315.230881 10.96096 210.680484 17.419938 148.099661 15.007583 185.551112 -40.976838 122.688082 -74.907163 697.010819 -43.161721 1273.434527 -40.850148 1613.262031 -24.653636 1512.81979 -20.995022 1402.457458 83.520638 -714.245067 0.584699 0.012631 0.330694 1.440585 -3.95174 0.469246 -13.015903 0.984614 -10.641041 0.607946 -7.239688 0.526496 0.40563 0.054361 0.370034 0.021957 0.401287 -0.119639 0.36008 -0.1127 0.319735 -0.134117 0.392833 -0.141292 -14.64985 1.313153
21.756379 179.685108 23.680431 1012.086035 8.041718 382.494636 3.310766 288.193442 6.202573 199.766972 5.315503 237.512193 -45.610384 131.256343 -82.441452 726.734442 -45.71845 1298.910967 -42.414582 1648.932757 -25.821598 1539.625783 -22.774103 1419.702452 57.335067 -630.219403 -0.05652 0.091594 0.030729 0.104006 -1.35712 3.249827 -2.223627 6.05861 -2.833241 3.858373 -2.459956 3.203083 -0.124066 0.144591 -0.180485 0.310305 -0.036781 0.126162 -0.014698 0.195028 -0.013515 0.117705 -0.036172 0.052689 -2.455396 2.628266
24.989046 175.966914 22.837009 1012.201708 8.969253 380.269034 4.449579 287.172366 8.450764 195.072467 7.025779 230.947991 -44.153807 130.69051 -79.608337 730.111721 -43.828054 1313.992582 -41.005803 1668.233747 -24.962535 1562.367629 -21.467787 1439.213059 62.461707 -653.311647 0.111911 -0.019437 -0.007647 3e-06 0.025306 -0.003247 0.084014 -0.000906 0.173492 -0.027909 0.119081 -0.045992 0.011818 -0.000611 0.024768 0.003915 0.019956 0.043526 0.011896 0.056152 0.007266 0.083366 0.01929 0.066576 0.109746 -0.207745
26.39645 190.173127 21.326539 1071.761043 11.696205 379.167025 9.773711 273.861219 14.717411 193.922005 11.49551 233.603263 -41.370813 129.760017 -76.262866 708.155805 -44.010272 1270.619292 -42.801978 1617.07872 -25.149126 1517.835457 -21.321832 1403.424373 78.344064 -626.692128 0.019277 0.275704 -0.025838 0.851272 0.18071 -0.0008 1.034067 -0.157933 0.863613 -0.001701 0.547429 0.007589 0.045292 -0.001662 0.035906 -0.167594 -0.000189 -0.363957 -0.01925 -0.398287 -0.000347 -0.32193 0.000249 -0.225298 0.898602 0.276826
23.081998 195.779223 21.97003 1015.127199 18.805854 359.388677 10.902626 253.689039 20.406474 182.228732 18.060084 222.002152 -43.458466 133.5414 -79.683287 711.422594 -46.820458 1263.368455 -44.656885 1605.494822 -26.97215 1503.462027 -23.670976 1391.809593 94.300112 -638.840285 -0.111139 0.040717 0.004782 -0.768604 0.840156 -0.264877 0.030842 -0.385807 0.463795 -0.181796 0.738247 -0.147724 -0.025693 0.027154 -0.037515 0.003759 -0.043482 -0.010374 -0.019672 -0.02082 -0.031891 -0.03419 -0.061368 -0.024131 0.738923 -0.058308
23.011206 182.387356 22.62439 963.897425 24.595279 355.895129 14.800028 254.085171 23.397553 178.991225 20.199514 218.372816 -41.898518 128.113813 -77.960514 706.294413 -45.104029 1278.220095 -41.566144 1621.542143 -25.286543 1504.947301 -22.479126 1394.110483 97.331531 -645.916636 -5.4e-05 -0.237195 0.004801 -0.663188 0.387869 -0.008532 0.297208 0.000155 0.102239 -0.014509 0.059864 -0.014956 0.014256 -0.056299 0.009414 -0.009275 0.016026 0.043393 0.055413 0.0399 0.027192 0.000367 0.015393 0.00095 0.023978 -0.019488
20.601827 168.873167 24.535249 883.766291 46.930805 357.919541 59.531138 256.647561 63.90912 181.638863 51.60119 219.016453 -41.649883 127.064328 -78.280873 715.006224 -45.764768 1325.735044 -41.669619 1677.998382 -25.003022 1559.129599 -22.540973 1444.264752 168.860154 -676.440453 -0.066603 -0.260065 0.038729 -1.738417 3.576802 0.002871 14.965772 0.006428 9.968015 0.009719 7.230774 0.000474 0.00037 -0.002158 -0.000328 0.0267 -0.002402 0.433544 -6.4e-05 0.483028 0.000799 0.479092 -4.2e-05 0.443149 9.790302 -0.352336
20.341474 159.047362 31.354119 858.869787 67.140945 350.214755 91.249396 247.288051 93.589289 171.657978 76.701146 208.879814 -41.811485 127.101889 -80.416554 725.423064 -44.184388 1344.766447 -38.612003 1702.929758 -22.558437 1579.934628 -20.723017 1463.668271 208.043929 -710.039183 -0.000828 -0.147243 0.417533 -0.177853 1.804594 -0.041917 3.37388 -0.086924 2.821855 -0.141012 2.47912 -0.120083 -0.000156 3e-06 -0.014371 0.037667 0.013884 0.067815 0.058247 0.091925 0.062865 0.068946 0.038212 0.064737 2.042349 -0.407161
21.387304 152.085166 32.971403 844.172379 77.643227 346.280101 101.153246 243.687747 106.201611 167.85846 88.43562 205.21507 -40.504401 123.847362 -78.406013 717.281434 -43.950307 1339.29406 -38.265447 1694.972666 -23.101274 1575.070169 -20.961334 1457.834121 228.36635 -714.553496 0.013108 -0.077906 0.020334 -0.063421 0.381407 -0.011114 0.255067 -0.013201 0.39849 -0.021261 0.417448 -0.016217 0.010378 -0.021105 0.012726 -0.022973 0.000311 -0.005579 0.000781 -0.009317 -0.003227 -0.00375 -0.000681 -0.005825 0.473436 -0.007153
22.653544 158.664002 34.00178 839.51286 79.977843 341.671564 100.987141 238.279285 106.453357 166.736964 89.51149 203.58804 -38.218893 128.010006 -75.599715 710.954315 -42.517241 1338.740718 -37.609328 1690.265627 -22.156547 1571.413515 -20.004137 1456.102524 225.741543 -714.40692 0.018207 0.069648 0.007927 -0.006448 0.017291 -0.015436 -6.8e-05 -0.030347 0.000149 -0.00188 0.003252 -0.003238 0.033184 0.034402 0.02557 -0.014015 0.011876 -5.7e-05 0.002837 -0.003272 0.009861 -0.002125 0.011184 -0.000514 -0.007586 8e-06
22.911185 149.60162 30.321385 843.703821 73.246491 329.112694 97.251515 228.887631 102.288821 158.534517 83.045607 193.181248 -37.026928 122.525923 -73.34268 705.137886 -41.374992 1334.144141 -36.435868 1688.179657 -21.596341 1567.803591 -19.338448 1451.47384 217.886531 -729.24035 0.000728 -0.133237 -0.105377 0.005217 -0.14793 -0.117578 -0.0352 -0.094412 -0.041547 -0.103438 -0.121184 -0.136502 0.009442 -0.060029 0.017102 -0.011945 0.007777 -0.003952 0.009299 -0.000644 0.003587 -0.002076 0.005632 -0.003684 -0.069547 -0.076209
24.015223 152.466682 30.648835 865.064422 65.336202 323.030651 81.041908 220.179809 85.975459 150.585168 71.298608 185.415952 -35.611884 123.1801 -70.462987 703.561856 -39.358923 1332.080381 -34.545681 1685.651028 -20.209239 1564.869739 -17.897225 1447.286047 189.551325 -744.586898 0.012989 0.013588 0.000879 0.133515 -0.225943 -0.028362 -0.73838 -0.084434 -0.70812 -0.10223 -0.447676 -0.079644 0.013784 0.000871 0.028836 -0.000882 0.025176 -0.000799 0.025172 -0.000948 0.023018 -0.001374 0.027902 -0.003025 -0.986478 -0.079902
23.155939 165.616235 25.118168 966.983055 60.712322 315.620337 49.668828 210.753941 67.020657 143.840982 61.860003 178.881275 -39.417092 123.360698 -74.398555 700.268391 -43.488294 1304.918181 -39.638151 1657.980857 -24.004767 1552.608894 -20.937627 1437.880153 171.245504 -751.296368 -0.007827 0.271918 -0.274928 2.837114 -0.084838 -0.042993 -3.820916 -0.103099 -1.178703 -0.077252 -0.334937 -0.058613 -0.096556 6.6e-05 -0.05347 -0.003863 -0.102975 -0.139895 -0.174997 -0.114494 -0.163214 -0.024111 -0.1192 -0.015332 -0.464692 -0.015047
25.452714 179.795703 23.589095 1047.156832 37.68225 352.967814 25.277282 245.238956 52.235525 169.674478 53.638418 207.838335 -39.322547 127.053578 -73.169228 705.23333 -40.670191 1254.934524 -37.724705 1601.65677 -22.724608 1501.211357 -19.231 1389.485496 143.86679 -661.495418 0.054292 0.291163 -0.024007 1.59631 -2.73315 1.043934 -4.080237 1.305855 -0.920064 1.066145 -0.292992 1.085657 5.7e-05 0.027231 0.005121 0.008769 0.047196 -0.488037 0.023667 -0.486655 0.017538 -0.432556 0.036271 -0.414204 -1.191661 2.856887
26.47521 169.757796 27.955116 985.615537 25.589298 405.092107 11.571459 317.486254 19.719296 216.056487 20.093891 251.202805 -36.977763 128.392122 -68.946169 710.252184 -36.792529 1269.199784 -32.451463 1613.116476 -19.477039 1497.303841 -16.631354 1382.346014 78.391922 -575.815239 0.010068 -0.144156 0.185243 -0.931781 -1.166401 1.79416 -2.643769 4.657123 -7.766106 2.798743 -8.072442 2.052857 0.036037 0.003507 0.062759 0.008898 0.097116 0.040311 0.198404 0.020425 0.125142 -0.002546 0.094348 -0.009195 -9.86291 2.970117
25.504823 169.529942 31.80745 974.593188 19.481959 473.936034 8.848526 401.858194 13.500294 275.090839 12.781372 308.445895 -39.19986 130.817486 -70.872805 732.285004 -36.777671 1302.69924 -31.274369 1644.285055 -19.297475 1521.917306 -16.808125 1403.453847 65.079132 -502.920808 -0.009059 -7.7e-05 0.124291 -0.03099 -0.415702 2.700014 -0.182361 4.96513 -0.587318 3.560779 -0.823586 2.935222 -0.032416 0.011347 -0.013275 0.168271 2e-06 0.218178 0.010872 0.149122 0.000416 0.100329 -0.000467 0.079968 -0.618987 2.465699
23.947914 167.15669 36.210667 962.841249 17.796252 490.026369 9.422063 420.070577 12.892378 287.602412 11.716802 321.789591 -41.591588 133.968241 -73.389752 739.847862 -39.28036 1303.464357 -33.402985 1640.485382 -21.250333 1514.438179 -18.772189 1395.473493 67.246627 -482.107149 -0.024514 -0.008364 0.142673 -0.035642 -0.038133 0.134298 0.009004 0.201801 -0.007002 0.139116 -0.023141 0.141276 -0.03541 0.018746 -0.021958 0.019427 -0.041187 0.000112 -0.035037 -0.002198 -0.047054 -0.009211 -0.05425 -0.011377 0.017753 0.219921
24.538025 174.305937 38.277099 977.540447 22.950459 548.79336 14.333507 488.825754 18.289745 342.872758 14.440579 376.30163 -40.836358 128.186821 -72.683942 706.71457 -39.914111 1273.869749 -34.919613 1605.005024 -21.656463 1490.036443 -18.778439 1376.457484 79.750288 -403.373745 0.003591 0.074851 0.028669 0.055677 0.327302 1.663584 0.513263 2.604289 0.470672 2.427299 0.1422 2.131603 0.00346 -0.063758 0.001705 -0.379506 -0.002536 -0.169918 -0.016835 -0.193945 -0.001922 -0.099095 -1e-06 -0.065228 0.532751 3.507275
23.991861 172.371942 36.039424 969.38815 28.048351 592.033984 18.971853 553.111559 21.123389 405.584956 14.53055 432.252055 -39.483543 128.603401 -71.642519 699.780461 -40.590747 1270.689832 -35.82769 1601.739784 -22.137361 1489.514437 -19.26578 1376.81774 86.509614 -340.590278 -0.003073 -0.005395 -0.033696 -0.017068 0.255435 0.819766 0.324566 1.985055 0.101996 2.63191 0.00014 1.938156 0.011393 0.000338 0.003757 -0.017093 -0.002844 -0.001987 -0.005828 -0.001662 -0.00264 -4.6e-05 -0.003122 2.4e-05 0.137458 2.653896
24.128631 171.113087 36.373759 878.853349 42.558254 666.782851 43.292571 655.152101 42.563698 511.76087 35.176642 529.826244 -39.304309 128.331345 -71.014028 698.955437 -40.028029 1280.120159 -35.460448 1603.348479 -21.771701 1489.142716 -18.846173 1377.006622 125.218372 -254.95402 0.000194 -0.002307 0.000772 -2.218723 1.507 2.221263 4.946354 4.316485 3.717443 6.165251 4.49056 4.960787 0.000204 -0.000144 0.001384 -0.000243 0.001964 0.017432 0.000946 0.000404 0.001523 -2.3e-05 0.00231 6e-06 3.568499 6.189191
25.395371 167.056215 34.626199 859.020193 36.272816 834.87123 35.288087 871.940681 36.591137 724.195634 31.780361 720.721667 -37.186867 126.383352 -68.962948 686.64503 -38.614633 1272.554312 -33.764533 1589.508052 -20.623069 1476.967471 -17.912585 1365.722611 112.154958 -132.720798 0.016203 -0.024335 -0.02151 -0.113175 -0.250978 9.437181 -0.408745 15.466149 -0.225649 18.393384 -0.086191 14.655919 0.029313 -0.007449 0.015028 -0.054687 0.012702 -0.011212 0.020777 -0.029998 0.015563 -0.024988 0.011857 -0.023212 -0.359733 19.774283
27.987901 159.381442 39.834356 755.41267 75.777995 1072.659035 104.255936 1185.587862 111.860429 1116.21521 92.67034 1099.710784 -33.456506 129.591959 -60.492846 676.647424 -34.618167 1296.691776 -31.342606 1576.270198 -18.358124 1467.92604 -15.487464 1377.565161 220.850726 -24.046429 0.06299 -0.090232 0.182366 -3.327978 7.195077 14.879037 18.234624 24.046517 20.496882 42.236012 15.913208 39.887153 0.098561 0.02011 0.27739 -0.036659 0.109129 0.113385 0.045062 -0.027677 0.065856 -0.01388 0.088158 0.025562 18.239079 43.781188
28.404604 153.441646 49.361728 725.397538 108.440686 1413.151277 147.364402 1662.12682 153.741259 1650.057936 127.733728 1591.828697 -32.336629 126.831293 -57.535405 658.932575 -33.8885 1298.913545 -31.478566 1589.455773 -17.8632 1468.592717 -15.279262 1383.482883 276.414971 5.283943 0.00154 -0.056397 0.510287 -0.304226 2.918733 23.429769 3.720248 40.155327 3.322728 51.999935 2.806936 45.371546 0.009532 -0.014861 0.037058 -0.117488 0.003886 0.000951 -0.000147 0.02746 0.003381 7.6e-05 0.000704 0.006342 3.114113 51.874548
24.591495 134.049799 48.013082 637.624496 108.873864 1282.058555 143.137421 1515.331342 146.054204 1490.970023 122.237904 1435.816002 -34.962844 118.442554 -60.717756 626.478174 -36.027796 1287.529625 -33.789717 1588.457401 -19.169754 1477.330338 -16.307611 1383.7649 271.050668 0.031338 -0.137356 -0.654754 -0.00934 -2.829048 0.000432 -3.190007 -0.030754 -3.392715 -0.098568 -4.031358 -0.060422 -4.022292 -0.051261 -0.143496 -0.042828 -0.409774 -0.032737 -0.025053 -0.040932 -0.000157 -0.023055 0.012958 -0.016744 1.4e-05 -0.026281 -4.501429
28.075947 131.998991 55.089537 633.533621 119.643249 1312.538029 155.548497 1569.291028 155.884539 1557.444216 130.954686 1495.662363 -30.724084 116.356953 -54.90923 609.094189 -32.487227 1278.369482 -30.207799 1587.855489 -16.482972 1486.885326 -13.794867 1389.037615 273.74681 0.817787 0.115391 -0.007904 0.243133 -0.006583 0.253907 0.179032 0.257966 0.471998 0.160067 0.724859 0.150093 0.610948 0.136906 -0.009263 0.145988 -0.122299 0.091542 -0.016351 0.100318 -5.7e-05 0.101382 0.0154 0.105056 0.005013 0.006671 0.528951
27.779668 130.354592 55.735376 656.510622 118.034559 1400.731862 153.208274 1684.02014 151.47531 1680.028704 127.245801 1607.5862 -31.416529 116.714063 -56.117336 624.066046 -33.294732 1276.035266 -30.983485 1582.171696 -17.32717 1473.114305 -14.669294 1377.563612 271.26493 6.796355 -0.000786 -0.005153 0.001882 0.204638 -0.005444 1.433733 -0.008869 2.02361 -0.031628 2.321617 -0.026639 2.019017 -0.003858 0.000274 -0.006573 0.09089 -0.004956 -0.001067 -0.004917 -0.005095 -0.010541 -0.032034 -0.013434 -0.023793 -0.005651 2.899072
28.100145 136.874341 57.367071 694.428231 119.004656 1516.270723 154.501351 1814.924025 151.004861 1830.796019 125.912927 1755.449916 -31.025668 119.406573 -56.982718 644.012971 -31.209404 1304.087202 -28.361703 1608.214787 -15.513301 1491.245297 -13.316588 1401.231156 263.318655 17.39855 0.000919 0.079545 0.011771 0.532233 0.001985 2.289074 0.002717 2.449571 -0.000366 3.238737 -0.003509 3.252159 0.001223 0.015352 -0.003311 0.156893 0.033717 0.152499 0.057941 0.106297 0.050131 0.055448 0.032711 0.100792 -0.059062 2.446643
28.95529 137.133454 59.704643 696.24106 121.35907 1546.284431 156.732872 1851.336204 152.002336 1870.620287 126.732904 1793.950147 -30.314854 117.549771 -56.180847 630.639642 -31.063428 1294.818913 -28.896209 1602.473165 -15.589646 1487.596985 -13.215682 1398.259014 264.950344 21.914469 0.006409 0.000123 0.023339 0.001182 0.011531 0.147074 0.008 0.180822 0.001642 0.214245 0.001331 0.208812 0.004119 -0.007275 0.002841 -0.070157 0.000171 -0.016526 -0.002495 -0.005134 -9.4e-05 -0.002234 0.000192 -0.001578 0.00252 0.260235
28.969917 137.556974 59.48856 698.665675 121.283964 1586.101472 156.682432 1903.974368 151.843501 1933.992896 126.084875 1852.406061 -30.340588 116.267664 -56.194385 629.589159 -31.111284 1294.082711 -29.184424 1601.694222 -15.704964 1487.680437 -13.252479 1398.415258 265.215178 29.23268 2e-06 0.000326 -0.000196 0.002107 -1.2e-05 0.253076 -4e-06 0.368933 -4.2e-05 0.527828 -0.000831 0.468593 -5e-06 -0.003515 -1e-06 -0.000438 -1.8e-05 -0.000105 -0.000715 -9.5e-05 -0.000212 1e-06 -2.6e-05 4e-06 6.6e-05 0.526258
29.538208 141.020169 59.072963 722.515123 119.785681 1635.60782 154.820241 1948.288748 150.869682 1975.358475 125.252323 1894.809203 -29.755943 116.393025 -55.816704 630.215363 -31.769341 1291.657067 -29.850666 1596.747289 -16.228853 1483.337163 -13.699882 1394.639313 266.062001 35.17544 0.00276 0.021528 -0.000728 0.200128 -0.004656 0.380392 -0.005566 0.254893 -0.001566 0.218855 -0.001379 0.239923 0.002844 3.4e-05 0.000637 0.000156 -0.003443 -0.001138 -0.00376 -0.003826 -0.004298 -0.003175 -0.003714 -0.002552 0.000675 0.274747
29.503492 146.199605 58.900471 739.270808 116.746326 1664.66377 151.419416 1988.1115 144.312175 2016.036236 118.716262 1932.378284 -29.966059 119.148269 -56.173029 636.788241 -32.793432 1303.279727 -31.727326 1609.300643 -17.339081 1494.859822 -14.611138 1408.239561 261.696056 38.89861 -1e-05 0.046704 -0.000126 0.096034 -0.019528 0.127908 -0.018884 0.201439 -0.072847 0.207286 -0.087568 0.1844 -0.00037 0.016115 -0.000567 0.017049 -0.008123 0.026029 -0.028603 0.024577 -0.018365 0.022291 -0.014669 0.032996 -0.018059 0.093628
29.610622 147.821323 57.418457 742.83008 117.544084 1672.473429 151.443768 1995.932716 143.059988 2022.050538 116.591812 1937.991572 -29.968506 119.282528 -56.245646 641.9185 -32.770806 1313.793813 -31.180341 1616.836165 -17.204598 1499.300697 -14.611799 1415.726958 259.487356 39.01766 9.7e-05 0.004472 -0.009442 0.004274 0.001358 0.009138 1e-06 0.007677 -0.002728 0.004479 -0.00959 0.004071 -0.0 3.8e-05 -2.3e-05 0.010292 4e-06 0.02112 0.002378 0.008801 0.000262 0.003293 -0.0 0.009926 -0.00468 9.1e-05
29.60219 147.756544 57.314714 742.417184 114.570359 1675.184633 148.356914 1998.077983 140.595728 2029.083735 114.368332 1942.866265 -29.590906 119.458488 -55.804459 644.734992 -32.599707 1315.105532 -30.934866 1616.004139 -17.10422 1498.089735 -14.545868 1414.520647 255.777068 40.197981 -1e-06 -7e-06 -4.7e-05 -5.7e-05 -0.01905 0.001098 -0.015892 0.000576 -0.010704 0.006105 -0.010703 0.003062 0.001197 6.5e-05 0.000869 0.003083 0.000224 0.000327 0.000485 -0.000107 0.000147 -0.000245 7.5e-05 -0.000257 -0.013359 0.008794
30.359141 154.803332 55.848281 756.593797 109.794268 1686.752924 142.8707 2010.109458 135.815611 2037.763653 110.831216 1949.823136 -29.006212 123.747353 -55.650861 656.951451 -31.947513 1333.514811 -30.130601 1637.307472 -16.529346 1520.570336 -14.18736 1434.256671 247.106621 37.786894 0.004778 0.082073 -0.009502 0.067038 -0.050841 0.019903 -0.05168 0.018058 -0.041336 0.009263 -0.02778 0.006217 0.002917 0.037819 0.000106 0.057328 0.003295 0.063978 0.005297 0.06975 0.004913 0.08371 0.002237 0.068365 -0.074751 -0.037281
28.950543 158.484313 51.302337 765.333161 104.737039 1687.619616 137.237894 2011.445844 131.950922 2032.412242 107.484455 1943.595133 -30.626829 124.641365 -55.853137 654.176363 -32.891945 1331.495689 -31.278136 1633.809307 -17.585315 1521.709898 -14.985401 1434.407013 245.877266 36.88355 -0.016729 0.021626 -0.096476 0.025092 -0.059616 0.000111 -0.056642 0.000222 -0.027891 -0.003518 -0.025654 -0.004981 -0.022025 0.001609 -0.000183 -0.002937 -0.006879 -0.000765 -0.010723 -0.00187 -0.016347 0.000213 -0.010918 4e-06 -0.001533 -0.005464
27.96413 161.669859 50.1427 769.782187 102.229752 1696.96412 134.526806 2018.140865 129.281717 2042.271366 104.928789 1953.976985 -31.298007 126.094981 -56.39478 662.287913 -33.022624 1344.056385 -31.753217 1644.551415 -17.756546 1533.412337 -15.215955 1449.818649 242.863036 36.393318 -0.008549 0.015849 -0.006628 0.006447 -0.015188 0.0129 -0.013523 0.005562 -0.013637 0.011928 -0.015375 0.013827 -0.003637 0.004214 -0.001307 0.02499 -0.00013 0.029484 -0.00179 0.017599 -0.000415 0.022413 -0.00088 0.041176 -0.009295 -0.00164
28.752685 163.8824 49.791311 775.506917 102.334883 1693.565386 134.136904 2019.560544 130.926313 2039.991312 106.925938 1947.329635 -30.127656 130.662983 -53.500257 675.482598 -30.769165 1359.436001 -28.229427 1676.439046 -15.990839 1564.040116 -13.69675 1468.057582 238.429373 31.565474 0.005482 0.007519 -0.000618 0.010604 2.7e-05 -0.001703 -0.000283 0.00025 0.005197 -0.000637 0.009414 -0.005663 0.01115 0.040638 0.038126 0.065072 0.039814 0.043746 0.103595 0.153094 0.046224 0.151428 0.039941 0.057004 -0.020422 -0.171704
26.843653 164.96625 46.892022 780.603582 99.956422 1702.137096 132.452308 2029.659958 129.717585 2049.288885 105.684061 1956.911092 -31.945896 131.24091 -54.859685 678.324667 -33.648918 1355.970533 -31.649886 1667.560434 -18.511803 1554.804212 -15.891863 1461.691192 246.23564 34.083019 -0.032785 0.001786 -0.043481 0.008346 -0.013983 0.010819 -0.005323 0.012595 -0.002803 0.01057 -0.003627 0.011757 -0.026635 0.000638 -0.008528 0.002983 -0.064401 -0.002211 -0.097773 -0.011787 -0.092221 -0.013675 -0.081538 -0.006917 0.06287 0.04829
26.649574 163.959933 46.107421 780.248744 100.877796 1705.948629 133.621037 2034.523518 132.118448 2056.388985 107.724105 1963.148493 -31.255472 131.473792 -55.012542 678.612354 -34.175608 1349.042575 -32.240914 1652.96586 -19.180481 1540.5233 -16.468287 1450.008616 251.978527 37.184686 -0.000352 -0.001539 -0.00331 -4e-05 0.002114 0.002131 0.002567 0.00291 0.011007 0.006139 0.009751 0.004962 0.003771 0.000103 -0.000106 3e-05 -0.002045 -0.008872 -0.002734 -0.032074 -0.005932 -0.032944 -0.005134 -0.023437 0.0331 0.067526
26.533943 161.774007 46.329643 776.595341 100.479843 1696.014026 131.822782 2026.126577 131.086772 2045.193914 106.985608 1949.768392 -31.217429 127.75084 -55.1025 663.548476 -34.691326 1330.605847 -32.65098 1636.936555 -19.698048 1529.264743 -16.783209 1436.454339 252.414609 37.429991 -0.000126 -0.007335 0.000267 -0.004287 -0.000393 -0.014506 -0.006091 -0.008682 -0.002022 -0.015278 -0.00127 -0.022876 1.2e-05 -0.026736 -3.7e-05 -0.084538 -0.001931 -0.063426 -0.001296 -0.03905 -0.003445 -0.020646 -0.001491 -0.031824 0.000189 0.000403
26.527987 160.516777 46.473861 774.33168 100.37161 1695.632591 131.7077 2024.736508 130.687717 2044.808469 106.649995 1950.478021 -31.211735 126.528063 -55.595427 662.08269 -35.060361 1330.311038 -33.183084 1636.032349 -19.926023 1527.911729 -16.991776 1435.946097 252.67424 37.589737 -0.0 -0.002452 0.000112 -0.001652 -2.9e-05 -2.1e-05 -2.5e-05 -0.000239 -0.000304 -1.8e-05 -0.000264 6.5e-05 0.0 -0.00294 -0.001097 -0.00081 -0.000976 -1.6e-05 -0.00215 -0.000125 -0.000656 -0.000299 -0.000644 -4.5e-05 6.7e-05 0.00017
26.533391 160.51285 46.308467 773.980095 100.238728 1698.185149 131.9842 2023.145302 130.772905 2046.62712 106.669816 1954.645742 -31.09709 123.950596 -55.644458 653.958987 -35.128475 1321.276128 -33.511242 1622.539573 -19.905461 1516.221055 -16.984504 1426.608703 252.719436 39.702347 0.0 -0.0 -0.000147 -4e-05 -4.4e-05 0.00096 0.000145 -0.000313 1.4e-05 0.000404 1e-06 0.002224 0.000105 -0.013262 -1.1e-05 -0.025073 -3.3e-05 -0.015393 -0.000807 -0.027935 5e-06 -0.022448 1e-06 -0.015229 2e-06 0.028877
26.837477 162.505046 46.774546 780.176655 101.296811 1708.428868 133.135597 2033.039463 132.172166 2055.968162 108.080487 1964.166175 -30.53882 124.991767 -56.621364 657.140292 -34.86409 1337.708497 -33.095244 1644.59154 -19.350953 1536.348104 -16.603898 1445.20201 252.669693 37.779566 0.000866 0.006143 0.001167 0.012353 0.002778 0.015402 0.0025 0.012067 0.003723 0.010634 0.004633 0.011565 0.002528 0.002177 -0.00425 0.00386 0.000499 0.050776 0.001299 0.074422 0.003916 0.066354 0.002156 0.060191 -2e-06 -0.023861
26.811978 162.988045 46.790201 781.341156 101.170032 1707.956865 132.794695 2034.006551 131.75463 2054.207499 107.776943 1960.93681 -30.554072 125.745842 -57.29256 659.702406 -34.855081 1337.657049 -32.46199 1646.486672 -19.161169 1536.700436 -16.543113 1442.962791 251.406051 37.48617 -6e-06 0.000358 1e-06 0.000434 -4e-05 -3.3e-05 -0.000219 0.000115 -0.00033 -0.000377 -0.000213 -0.001328 -2e-06 0.001134 -0.001977 0.002492 1e-06 -0.0 0.003059 0.000546 0.000468 2e-05 5.6e-05 -0.000868 -0.001584 -0.000572
27.534166 168.793318 47.106878 792.25462 101.140178 1720.029608 132.865863 2048.129882 131.897386 2067.088309 107.848859 1973.532852 -30.517973 129.332958 -56.978219 668.566343 -34.390939 1354.866308 -31.852444 1674.598702 -18.787506 1561.374034 -16.250831 1462.958485 250.244382 35.414605 0.004799 0.050792 0.000534 0.037845 -2e-06 0.021259 1e-05 0.024432 3.9e-05 0.020129 1.2e-05 0.020163 1.1e-05 0.025224 0.000432 0.029576 0.001556 0.054997 0.002889 0.118982 0.00184 0.098254 0.001303 0.068796 -0.001345 -0.029439
26.919737 172.952693 46.501658 801.682111 101.164637 1738.928987 133.407946 2072.720956 132.020495 2090.95141 107.713712 1994.223241 -31.341271 133.979417 -56.750832 682.801184 -34.957205 1371.845339 -32.866756 1693.946589 -19.63873 1585.02537 -16.872602 1484.447532 253.49664 34.981843 -0.003467 0.025313 -0.001957 0.02788 1e-06 0.051632 0.000552 0.073374 2.9e-05 0.068476 -4.2e-05 0.053947 -0.005479 0.040999 0.000227 0.074975 -0.002312 0.052864 -0.007949 0.055565 -0.009429 0.088894 -0.005836 0.078338 0.010499 -0.00133
26.86132 172.54078 46.769084 800.657362 99.241413 1727.151126 130.469762 2052.671993 128.21962 2070.841923 104.595933 1978.594385 -31.466194 132.297665 -56.965127 682.031063 -35.66832 1363.116044 -34.071745 1674.517968 -20.169655 1567.898468 -17.3469 1474.198186 250.097595 34.925813 -3.2e-05 -0.000246 0.000383 -0.000328 -0.009228 -0.020011 -0.016358 -0.048718 -0.027758 -0.048584 -0.022894 -0.030742 -0.000124 -0.005311 -0.000202 -0.000217 -0.00358 -0.013931 -0.010847 -0.056031 -0.003541 -0.046518 -0.003287 -0.017753 -0.011471 -2.2e-05
26.458345 173.917567 46.22041 802.206717 98.752741 1732.286519 130.024067 2056.381958 127.716484 2074.978224 104.114668 1981.610589 -31.742 134.185438 -57.090304 684.687992 -35.881047 1363.095798 -34.26459 1673.663913 -20.388115 1566.054791 -17.544072 1473.139241 250.161414 35.742686 -0.001523 0.002736 -0.001619 0.000749 -0.000603 0.003812 -0.000381 0.001675 -0.000495 0.002063 -0.000555 0.001149 -0.000602 0.006687 -6.9e-05 0.002583 -0.000316 -0.0 -0.000272 -0.000109 -0.000588 -0.000542 -0.000557 -0.00019 4e-06 0.004721
25.428362 169.991632 45.865872 794.852641 99.654996 1721.708257 130.570816 2049.637243 129.292154 2070.471425 105.423557 1975.123239 -31.743847 132.862703 -57.2268 683.123936 -36.258386 1360.410176 -34.206418 1678.644005 -20.614057 1568.566933 -17.733848 1470.32898 253.158055 34.778094 -0.010224 -0.022409 -0.000683 -0.016932 0.002052 -0.016199 0.000574 -0.00554 0.00483 -0.00245 0.004088 -0.005318 -0.0 -0.003276 -8.1e-05 -0.000894 -0.000987 -0.001324 2.5e-05 0.003699 -0.000623 0.001007 -0.00051 -0.001342 0.008921 -0.006597
]