08-08-20_Ishan_4K+Depth.snake_above_wall.0000000004 [ 59.240202 386.188573 114.556834 1804.37349 248.516601 3752.928164 328.375758 4435.075828 316.534846 4407.617298 260.935642 4232.675065 -77.415558 301.17837 -113.530439 1498.418271 -103.343038 2289.852466 -104.785052 2594.934712 -90.642321 2272.40113 -76.284261 2226.154593 745.948198 350.445132 0.0 0.0 0.0 0.0 0.0 0.0 0.0 0.0 0.0 0.0 0.0 0.0 0.0 0.0 0.0 0.0 0.0 0.0 0.0 0.0 0.0 0.0 0.0 0.0 0.0 0.0
55.86218 384.81407 98.142178 1740.761065 206.27496 3400.855766 268.025833 4032.380837 269.866642 3912.832378 222.794148 3756.070528 -75.359024 299.773114 -119.333701 1458.568615 -104.150189 2275.881962 -103.271551 2683.77609 -81.081029 2357.859367 -69.024092 2275.587953 646.792665 195.855624 -0.04958 -0.001225 -0.634331 -0.570763 -1.965979 -8.668847 -3.061263 -9.581097 -1.859972 -14.7245 -1.506049 -14.229666 0.013842 -0.001643 -0.072323 -0.268528 -0.00157 -0.021374 0.005505 0.747659 0.266386 0.788696 0.181486 0.271421 -3.53415 -22.32881
48.379125 377.197324 87.444493 1678.773926 194.827959 3308.878756 256.772952 3951.806383 257.196241 3756.00587 211.803819 3584.820356 -75.614745 295.090613 -124.691611 1403.00439 -108.156595 2231.77284 -106.602049 2649.971749 -83.950815 2347.470277 -71.676072 2249.381541 635.030257 164.751658 -0.268936 -0.038068 -0.308577 -0.561878 -0.163375 -0.63044 -0.120658 -0.406579 -0.152318 -1.603706 -0.138987 -1.997756 -0.000217 -0.01843 -0.058827 -0.539506 -0.037805 -0.215817 -0.026428 -0.107124 -0.024954 -0.011469 -0.024995 -0.075888 -0.053969 -1.343931
55.245549 390.769509 105.395652 1747.958347 240.87948 3466.574324 317.439632 4088.834946 321.672843 3977.626127 266.403365 3823.495161 -72.187914 299.827761 -123.464392 1453.053973 -95.866807 2254.729976 -92.085087 2664.751074 -71.97153 2331.315748 -61.613989 2249.813655 697.955311 218.58805 0.227743 0.119939 0.837339 0.698475 2.440512 1.835395 3.21377 1.167705 3.602029 3.176103 3.12719 3.845709 0.039731 0.018861 0.003035 0.438568 0.370487 0.058735 0.531046 0.020549 0.460856 -0.027889 0.380337 2.1e-05 1.486052 3.79923
50.486683 381.634588 83.351151 1694.234114 199.551196 2903.727903 225.202391 3424.651579 226.615541 3219.675937 194.356187 3093.38878 -78.268586 306.335893 -126.927637 1414.711873 -105.262358 2258.841254 -101.859035 2681.086338 -82.99977 2372.113999 -71.181741 2275.543313 583.907401 64.606797 -0.107149 -0.054019 -1.291753 -0.419278 -1.943329 -24.913794 -7.89661 -29.41409 -8.302957 -40.02126 -5.667727 -38.640842 -0.122925 0.034939 -0.023952 -0.256329 -0.219572 0.001872 -0.246439 0.024958 -0.3929 0.176948 -0.34512 0.073146 -5.083527 -45.5205
52.600089 380.131021 87.571732 1693.542942 201.563888 3061.862142 238.057599 3602.584075 233.967441 3450.785395 201.822916 3317.105888 -77.534389 304.241087 -125.047483 1432.82442 -100.061808 2252.052772 -94.763903 2650.405167 -75.192557 2327.295284 -65.143244 2242.221178 574.434272 110.27808 0.021666 -0.001484 0.052117 -7.1e-05 0.00505 2.096258 0.178397 2.253023 0.05868 4.004792 0.070368 3.904893 0.00173 -0.003594 0.007015 0.057606 0.065872 -0.005108 0.128055 -0.088281 0.192771 -0.213725 0.133803 -0.12289 -0.038737 6.068841
53.543121 391.936029 100.930245 1747.29903 226.808855 3402.504786 291.72406 4018.884208 287.777918 3922.973366 240.49406 3769.014479 -76.201874 305.377553 -128.813636 1416.863671 -101.680329 2235.962071 -97.570657 2651.742005 -75.570696 2329.82234 -65.369065 2250.412491 658.289813 206.365028 0.004189 0.090255 0.473933 0.41994 0.744518 8.981396 2.725194 11.378074 2.782304 15.134108 1.693724 14.424638 0.005775 0.001059 -0.027938 -0.044697 -0.006493 -0.028845 -0.020481 0.000169 -0.000474 0.000686 -0.000195 0.007468 2.855426 14.931066
54.452388 389.884197 101.967886 1713.686265 224.666207 3357.76528 291.382708 3966.108107 287.830904 3865.980187 239.231039 3714.185834 -75.680791 302.695114 -125.105744 1386.595424 -104.235306 2195.184472 -104.967746 2592.890932 -83.767417 2302.627526 -71.963389 2229.639099 682.151707 201.393156 0.003828 -0.002692 0.002653 -0.163226 -0.005084 -0.148045 -0.0001 -0.174411 2e-06 -0.208517 -0.001663 -0.200865 0.000894 -0.005917 0.027074 -0.163404 -0.015852 -0.187632 -0.135123 -0.3302 -0.210969 -0.079824 -0.158412 -0.048162 0.212406 -0.030313
52.918647 395.573509 97.836428 1708.600095 217.074245 3350.914067 285.012871 3955.836131 284.386514 3847.43874 234.415853 3698.624148 -73.783661 305.618052 -120.036642 1403.648344 -106.076893 2213.397601 -107.669301 2612.571115 -86.509337 2305.051157 -73.906128 2236.136678 684.596911 196.470045 -0.010955 0.020605 -0.042719 -0.00378 -0.065244 -0.003498 -0.035198 -0.00666 -0.010367 -0.022285 -0.024477 -0.016334 0.01204 0.007022 0.052416 0.052111 -0.008063 0.037622 -0.017162 0.037202 -0.022078 0.000637 -0.012938 0.004727 0.002187 -0.03046
51.522267 389.828707 92.534747 1692.85657 210.68801 3202.62439 269.950073 3745.633561 272.082905 3591.388399 226.563681 3460.685105 -75.059733 304.813113 -120.436109 1401.881621 -106.997754 2213.839005 -107.421865 2624.938425 -86.142502 2326.725836 -73.969168 2249.229456 664.414253 136.703966 -0.009335 -0.02101 -0.073838 -0.036434 -0.047674 -1.677921 -0.204455 -2.869151 -0.136034 -4.408034 -0.06688 -3.955035 -0.00547 -0.000531 -0.000332 -0.000556 -0.00199 2.2e-05 0.000142 0.014601 0.00039 0.050714 -1.3e-05 0.019109 -0.150986 -5.40437
51.958896 393.841232 99.877895 1710.013976 211.413298 3314.774337 285.273755 3895.15894 288.892051 3799.298779 237.713407 3653.291821 -75.665288 307.956128 -124.535382 1431.547472 -108.813732 2262.90127 -108.47433 2665.86163 -86.702815 2356.075243 -74.48454 2278.865925 692.124511 171.584656 0.000921 0.010272 0.140171 0.043254 0.000623 0.964997 0.2115 1.463198 0.251893 2.924984 0.133901 2.607834 -0.001216 0.008061 -0.0343 0.155304 -0.007641 0.268854 -0.002565 0.158268 -0.000908 0.091974 -0.000895 0.096987 0.283051 1.979608
52.541487 393.75737 104.291482 1717.511688 232.633689 3466.329725 314.243765 4114.590237 308.404443 4077.512006 252.800837 3901.411788 -75.374444 305.162293 -124.140457 1427.360397 -107.435395 2258.062713 -108.463032 2641.261666 -87.581716 2339.34431 -74.631992 2270.181595 724.684138 239.897676 0.001624 -4e-06 0.04771 0.008201 0.507336 1.693817 0.700357 3.006282 0.318799 4.914854 0.232087 4.075615 0.00028 -0.006365 0.000314 -0.003066 0.004393 -0.002589 0.0 -0.057014 -0.002216 -0.029808 -7.3e-05 -0.008289 0.374175 5.710178
53.780648 392.320573 91.194175 1686.22041 196.971644 3303.147715 262.810535 3921.576879 261.382391 3970.205604 214.16289 3835.3429 -76.891172 309.030451 -125.930785 1447.190018 -109.654413 2262.105729 -107.402901 2665.395716 -87.998953 2349.166206 -75.683643 2258.781623 652.705438 211.451432 0.007221 -0.001313 -0.439245 -0.143837 -1.482733 -1.967082 -2.296709 -2.31824 -1.943578 -0.715431 -1.601254 -0.282107 -0.007554 0.012181 -0.006409 0.068397 -0.011341 0.001808 0.002603 0.05488 -0.000496 0.010288 -0.003679 -0.014348 -1.881993 -0.897303
52.805626 393.594818 91.446504 1691.349174 202.687036 3292.157253 270.014516 3909.074653 272.252628 3965.788859 224.030016 3825.096914 -76.399199 306.60187 -123.308537 1431.604868 -109.701916 2235.601745 -108.495003 2626.838839 -89.292653 2321.545495 -76.73388 2238.317094 673.379592 218.805946 -0.00446 0.001033 0.000174 0.003894 0.040869 -0.009157 0.048702 -0.00998 0.110726 -0.001229 0.111107 -0.006852 0.000789 -0.00479 0.013795 -0.042188 -5e-06 -0.078092 -0.002762 -0.140456 -0.00472 -0.08167 -0.003618 -0.046563 0.161169 0.062861
53.166085 390.377778 102.959298 1688.614383 228.357793 3343.999363 300.857479 3937.163028 302.116377 3916.55871 249.770708 3777.383653 -73.86012 300.611988 -119.309155 1403.907173 -105.773113 2189.857249 -106.246087 2554.787488 -86.456734 2259.662571 -74.291913 2195.714688 711.806743 226.397377 0.000613 -0.006601 0.341196 -0.001106 0.765086 0.2025 0.833798 0.050276 0.776893 -0.153738 0.699738 -0.149726 0.021454 -0.029544 0.032966 -0.135281 0.03582 -0.236429 0.011776 -0.500967 0.022882 -0.417976 0.019744 -0.204668 0.533116 0.064728
52.780334 390.265554 106.193994 1688.394931 237.467735 3360.888472 314.264686 3964.580676 312.383095 3902.785503 258.00059 3756.074911 -74.13443 300.216416 -117.434575 1401.04285 -106.599957 2213.10401 -106.639715 2589.850204 -87.022737 2295.461089 -75.048062 2230.398086 729.159873 212.031674 -0.000702 -8e-06 0.025015 -7e-06 0.089088 0.021271 0.146129 0.047567 0.085771 -0.01213 0.066699 -0.030136 -0.000254 -0.00013 0.007422 -0.001462 -0.00161 0.06137 -0.000364 0.119484 -0.000923 0.140672 -0.001914 0.135893 0.104493 -0.235419
55.288797 397.991182 114.887916 1726.647814 253.993685 3431.23119 330.482738 4046.276386 329.993798 3966.175486 274.274077 3811.961068 -71.303943 299.861356 -113.571089 1400.299792 -102.153712 2214.794876 -103.597624 2589.813501 -83.415485 2293.656346 -71.376136 2233.444625 745.232083 227.570706 0.029117 0.03786 0.171008 0.214248 0.277931 0.364263 0.204008 0.416582 0.241443 0.255329 0.248827 0.206348 0.027546 -0.000105 0.03231 -9.9e-05 0.047356 0.000323 0.02201 -0.0 0.038177 -0.000355 0.046048 0.00104 0.087603 0.274722
55.185845 394.07459 110.11765 1714.627844 241.659028 3398.599203 317.520984 4001.0808 317.124944 3914.847853 262.648225 3766.328873 -73.296797 298.356525 -116.030371 1406.903864 -102.019835 2211.326899 -102.957 2594.143212 -82.714819 2288.016286 -70.823839 2226.003576 723.759087 217.135898 -4.8e-05 -0.009683 -0.050572 -0.020992 -0.153502 -0.077956 -0.129647 -0.126915 -0.12797 -0.167145 -0.125881 -0.137387 -0.013733 -0.001893 -0.013171 0.007768 4.4e-05 -0.001359 0.000993 0.001808 0.001478 -0.003471 0.001073 -0.006208 -0.156949 -0.122441
54.897438 390.927942 103.992215 1685.691407 219.01266 3238.695098 286.452839 3821.025274 286.089785 3713.316797 236.565518 3557.452091 -74.686069 297.040874 -116.52997 1401.928487 -105.628002 2207.880684 -104.597457 2596.807531 -84.918097 2306.438706 -73.444756 2227.759285 682.73982 166.709257 -0.000378 -0.006307 -0.087639 -0.123126 -0.556978 -1.926465 -0.799595 -2.072606 -0.798902 -2.662623 -0.681845 -2.979225 -0.006521 -0.001454 -0.000537 -0.004407 -0.031351 -0.001344 -0.006483 0.000684 -0.01448 0.036934 -0.023809 0.000346 -0.598272 -3.326749
54.73257 377.109697 102.353455 1656.359289 219.112701 3197.094171 286.83389 3780.494824 287.706335 3668.724733 237.812852 3513.003257 -73.19717 293.799558 -116.1328 1411.71292 -102.579652 2204.334731 -101.251704 2591.719973 -81.754383 2280.892994 -69.914342 2198.469711 676.193524 164.129488 -0.000124 -0.124316 -0.006507 -0.128722 1.1e-05 -0.134456 0.000127 -0.108053 0.002277 -0.134683 0.00164 -0.139716 0.007495 -0.008891 0.000339 0.017013 0.022317 -0.001425 0.027192 -0.002494 0.030029 -0.071129 0.043477 -0.09691 -0.015768 -0.010058
55.261322 372.164243 95.81289 1606.295233 207.697262 3095.900813 272.95312 3647.205336 274.367072 3595.442332 226.672791 3442.278618 -71.521085 292.590242 -114.724294 1360.493718 -101.763649 2148.474386 -101.975169 2526.179485 -82.019969 2230.133207 -69.904474 2159.23889 656.410898 162.249541 0.001271 -0.016321 -0.107966 -0.384129 -0.152686 -0.813663 -0.172124 -1.196031 -0.158308 -0.369653 -0.133609 -0.35959 0.009706 -0.001247 0.004297 -0.473203 0.001629 -0.358447 -0.001288 -0.419677 -0.000215 -0.285593 0.0 -0.176594 -0.146845 -0.005414
53.338242 364.530506 95.132883 1600.537727 205.631536 3061.632099 270.994442 3595.86372 274.03998 3512.835451 226.562425 3369.137589 -71.669462 288.150338 -111.796705 1360.731827 -103.973981 2148.343156 -105.057351 2506.308955 -86.533676 2205.692473 -74.036082 2132.992446 668.558637 151.397707 -0.017028 -0.039552 -0.001211 -0.005168 -0.005162 -0.095359 -0.003526 -0.181967 -9.8e-05 -0.480013 -1.3e-05 -0.392706 -7.7e-05 -0.016972 0.018919 1e-05 -0.011874 -2e-06 -0.022944 -0.039229 -0.060447 -0.067333 -0.059308 -0.080248 0.055688 -0.187787
52.924718 368.023885 97.373816 1620.570455 221.463229 3183.911032 295.180518 3739.853508 295.77354 3672.021273 244.161673 3530.057312 -72.657723 289.177104 -114.707185 1363.978166 -105.650791 2151.874217 -106.565866 2510.012857 -87.633545 2210.17478 -75.130961 2138.744166 705.398909 184.544323 -0.000805 0.00833 0.013044 0.062294 0.293528 1.197139 0.516831 1.413294 0.414626 1.763656 0.329112 1.876935 -0.003384 0.000913 -0.0187 0.001934 -0.006707 0.00145 -0.005377 0.001367 -0.003473 0.002275 -0.004018 0.003872 0.493993 1.639249
52.5796 381.076926 108.267582 1682.022608 246.86073 3333.256474 329.414559 3923.530948 328.042523 3869.839692 271.440289 3710.20762 -73.444705 290.879493 -114.454337 1397.196294 -102.151603 2202.686188 -102.862854 2567.296778 -82.884851 2259.436191 -70.841648 2184.024624 740.713704 215.341202 -0.000564 0.113733 0.288749 0.571777 0.689168 1.711402 0.938889 2.201524 0.83517 2.594775 0.722112 2.241573 -0.00212 0.002498 0.000139 0.199821 0.029464 0.296464 0.03274 0.323159 0.066135 0.271473 0.063033 0.23716 0.431267 1.187663
54.069529 387.779119 109.456645 1687.954601 248.187087 3302.364484 328.728183 3840.004797 331.865291 3763.95267 276.262977 3637.787182 -73.967784 298.708323 -118.664768 1386.003436 -106.863203 2170.145524 -108.531512 2538.832454 -87.033246 2252.1208 -74.950296 2191.263816 758.800367 193.058409 0.010408 0.029212 0.003247 0.005221 0.001777 -0.071909 -0.000358 -0.449333 0.011073 -0.734406 0.021233 -0.35689 -0.000928 0.05198 -0.038026 -0.022507 -0.053111 -0.121078 -0.076018 -0.079338 -0.050647 -0.005931 -0.057906 0.005989 0.109082 -0.608342
52.974769 399.545179 117.758597 1735.554018 272.377938 3398.759393 361.409162 3951.749804 362.991152 3887.793667 303.04972 3755.270568 -75.657408 300.819641 -112.996069 1411.408587 -111.611433 2251.570948 -118.179334 2623.404728 -97.503667 2327.454155 -83.097814 2265.218803 836.7552 199.04918 -0.005598 0.087923 0.151718 0.33092 0.562383 0.693351 0.774227 0.801334 0.697486 1.002229 0.619625 0.933526 -0.00954 0.003718 0.069366 0.115363 -0.051604 0.749784 -0.205378 0.692815 -0.29728 0.619653 -0.210146 0.613681 1.905476 0.045767
52.430509 392.977081 117.227262 1710.746714 253.196181 3141.729408 330.910234 3616.409386 330.705556 3531.99506 276.025062 3405.728367 -76.052565 297.222525 -113.287393 1402.099443 -110.919585 2243.687234 -117.699745 2614.675515 -95.981869 2323.711984 -81.395685 2251.573494 783.011644 126.016215 -0.001405 -0.027217 -0.000601 -0.089286 -0.350153 -5.05237 -0.672115 -7.433013 -0.751715 -8.535655 -0.630946 -8.536003 -0.000515 -0.010818 -0.000188 -0.015401 0.001075 -0.006913 0.000488 -0.007274 0.005985 -0.001505 0.008807 -0.020611 -0.891846 -8.310447
50.762173 374.115473 95.126255 1580.855902 232.810635 2633.66608 308.727971 2977.512635 316.703268 2826.265377 263.863282 2758.609391 -74.585348 290.310696 -115.830525 1320.347473 -107.361209 2152.204089 -110.284277 2531.581992 -89.880732 2267.96655 -76.978429 2188.970077 744.018566 30.685606 -0.013487 -0.231924 -1.153229 -2.563827 -0.427724 -22.390647 -0.384749 -31.024905 -0.15144 -39.287309 -0.136998 -34.060682 0.007146 -0.040657 -0.014114 -1.227736 0.029006 -0.952034 0.120631 -0.670874 0.100165 -0.338402 0.061613 -0.441318 -0.49793 -32.333273
49.570328 375.639858 85.339079 1527.526395 224.901234 2363.777807 298.544654 2653.735766 307.870416 2484.262991 255.888707 2437.9828 -74.815779 294.115233 -115.464202 1325.550363 -103.321529 2146.874762 -104.050514 2532.773634 -85.421196 2268.062778 -73.412323 2184.021003 717.628839 4.920406 -0.007079 0.00155 -0.265589 -0.457512 -0.068344 -7.293015 -0.085388 -9.315718 -0.062461 -11.024059 -0.061181 -9.900665 -0.000178 0.012384 0.00029 0.005115 0.038732 -0.003303 0.090671 0.00014 0.056733 1e-06 0.042286 -0.002801 -0.23825 -11.030769
49.491632 371.473954 81.576039 1493.958891 215.859142 2133.170832 283.43984 2349.682053 291.697591 2159.80976 241.478565 2140.191579 -74.629984 300.009487 -117.06727 1329.038691 -98.505366 2094.291798 -98.583647 2453.09981 -81.090529 2189.153855 -69.261446 2111.843063 680.384689 -0.098999 -3.1e-05 -0.011615 -0.042424 -0.186467 -0.092758 -5.916744 -0.196048 -9.247096 -0.218164 -11.347655 -0.208795 -9.695307 0.000115 0.029239 -0.005526 0.002292 0.057472 -0.32598 0.073759 -0.636631 0.056326 -0.698542 0.060395 -0.6064 -0.496194 -6.415277
50.523027 373.931842 83.802771 1549.094544 210.859175 1879.492195 264.020156 2001.266846 276.006643 1739.806245 230.509063 1746.119869 -75.417349 302.732188 -121.347316 1345.43603 -98.245718 2112.196972 -95.089867 2472.01688 -79.64743 2188.621784 -68.56689 2106.579022 652.188859 -25.722379 0.005318 0.004052 0.014992 0.499529 -0.029294 -8.026749 -0.344539 -13.972629 -0.216885 -22.683966 -0.127489 -20.031044 -0.002066 0.00615 -0.038421 0.050267 0.000171 0.038107 0.031516 0.03633 0.006478 -3.2e-05 0.00175 -0.003284 -0.29833 -22.629834
51.285347 372.19644 85.069597 1627.512081 196.12515 1681.434016 231.176674 1724.355601 246.457078 1425.939471 206.336772 1452.084303 -77.71588 306.270799 -128.904166 1357.968364 -101.811757 2085.449994 -98.121158 2437.396877 -82.377495 2134.387519 -71.457132 2051.694538 613.808374 -71.196777 0.002854 -0.002018 0.004752 0.968053 -0.266795 -5.512249 -1.090358 -10.305128 -0.836303 -15.597531 -0.669284 -13.545162 -0.017251 0.010281 -0.114123 0.029049 -0.031785 -0.085215 -0.02378 -0.122067 -0.023002 -0.340211 -0.029832 -0.362222 -0.581913 -11.330594
52.944059 343.006925 96.644681 1616.66229 163.295615 1378.958684 173.268344 1398.078597 175.012606 1069.471122 148.776982 1101.243481 -79.858752 302.882531 -132.365203 1352.77989 -99.112486 2101.433164 -94.800867 2498.682464 -77.162357 2195.624894 -66.612078 2093.218444 484.591704 -200.356276 0.013199 -0.595902 0.369038 -0.018143 -1.502467 -14.984328 -4.167117 -17.093856 -6.099509 -25.591907 -4.695934 -24.218555 -0.014571 -0.009423 -0.022925 -0.004965 0.018132 0.030507 0.028574 0.380471 0.085261 0.433048 0.085036 0.207999 -7.627057 -32.683037
52.296284 331.594758 93.493017 1613.420282 130.037117 1150.820485 128.963928 1113.747463 133.190898 798.761268 113.283967 839.883516 -80.712033 303.009565 -134.427412 1356.879793 -98.980559 2092.048582 -92.558887 2493.258497 -74.120626 2183.019997 -64.730846 2073.521283 406.02934 -340.787648 -0.001994 -0.096536 -0.026122 -0.001627 -1.891548 -10.307874 -3.264941 -16.144598 -2.850684 -19.717192 -2.414676 -17.675675 -0.002267 1.3e-05 -0.00797 0.003102 4.4e-05 -0.010501 0.013414 -0.002947 0.030582 -0.018143 0.013473 -0.046557 -3.47179 -18.539125
51.267848 338.628386 92.703164 1676.844189 93.115098 987.237088 81.077111 874.909053 88.120999 596.477845 76.137265 654.551596 -81.472386 302.907583 -139.052837 1354.009264 -99.10584 2087.123784 -91.734516 2496.39373 -71.599541 2197.080948 -63.004141 2090.483734 318.584294 -504.008524 -0.005107 0.036908 -0.001675 0.611344 -3.075693 -6.267091 -5.531648 -14.394387 -4.63781 -14.741522 -3.678061 -11.53647 -0.001782 -9e-06 -0.039118 -0.00152 -4e-05 -0.002902 0.001844 0.000985 0.02181 0.022569 0.011671 0.034549 -5.295705 -15.917702
50.182551 346.855439 99.460521 1774.842934 65.044757 925.167133 44.840456 766.177322 51.708029 516.736307 45.265175 591.549253 -83.767962 306.550732 -143.819895 1357.026023 -99.739388 2092.051308 -92.260021 2500.289687 -71.923045 2203.737861 -63.049615 2100.413981 245.598265 -586.228293 -0.005805 0.049372 0.118847 1.391449 -2.510905 -1.007552 -5.326777 -3.606024 -4.824388 -2.859688 -3.990914 -1.593705 -0.015946 0.010889 -0.040171 0.001678 -0.001009 0.002905 -0.00075 0.001519 -0.000365 0.005035 -8e-06 0.011765 -4.740873 -3.104706
44.334279 344.412584 86.88723 1678.666961 45.744771 780.409252 29.108996 641.145385 33.340697 431.05592 28.027899 499.639531 -87.085301 311.913423 -140.067082 1375.521791 -108.400282 2092.729383 -103.526655 2501.815589 -84.947156 2204.310665 -73.948152 2101.756278 224.724639 -685.821857 -0.181106 -0.004316 -0.424658 -1.339451 -1.694019 -6.154142 -1.69267 -5.565162 -2.007008 -3.880697 -2.055787 -3.877621 -0.032208 0.02325 0.024806 0.062597 -0.180272 5.5e-05 -0.324441 0.000233 -0.541597 3.7e-05 -0.434192 0.000214 -0.46343 -3.904769
39.014384 319.396977 79.311968 1530.211696 23.701726 556.980826 9.715027 426.783801 12.360625 273.113559 10.335555 332.861851 -90.708216 306.100065 -141.59692 1366.366766 -111.351958 2161.477099 -108.538964 2633.526292 -87.46194 2363.187831 -76.293632 2230.115474 165.582256 -1029.542368 -0.16995 -0.471523 -0.172728 -3.4359 -3.5912 -18.795387 -5.191023 -21.735199 -5.100245 -17.941481 -4.323249 -16.876617 -0.036916 -0.027342 -0.004155 -0.015284 -0.019824 0.555516 -0.059243 1.689329 -0.018341 2.764051 -0.018309 1.902146 -4.506881 -34.78973
35.700293 299.143414 78.572247 1381.629643 12.351867 427.048954 1.596235 303.943247 3.09265 189.751199 2.584502 246.316925 -92.798224 295.540789 -143.462998 1355.596117 -113.430434 2164.011199 -110.645304 2653.258632 -88.582034 2397.148747 -77.482229 2259.539038 124.777751 -1238.031014 -0.073537 -0.331681 -0.001733 -3.793307 -1.833098 -8.615859 -3.435358 -10.399194 -3.087663 -7.568699 -2.583275 -6.502576 -0.011902 -0.092669 -0.006108 -0.021309 -0.00961 0.000742 -0.010121 0.036825 -0.003563 0.121143 -0.004594 0.096417 -2.881441 -9.604931
38.257999 278.989435 81.728677 1349.734025 10.766742 402.730914 0.87793 281.426325 2.079872 165.788639 1.77779 220.147263 -90.632674 281.100848 -142.325488 1319.298987 -111.65898 2132.301274 -112.283956 2636.115577 -88.403113 2376.150893 -76.313886 2242.129592 117.602509 -1286.648613 0.04424 -0.351395 0.031079 -0.186238 -0.054406 -0.356416 -0.106565 -0.43323 -0.10012 -0.80843 -0.075241 -0.734666 0.012783 -0.180827 0.002264 -0.246279 0.006971 -0.117023 -0.006023 -0.027781 9e-05 -0.046185 0.004438 -0.033664 -0.106228 -0.468156
37.64472 274.067905 78.813885 1295.144727 6.36769 358.026675 0.029944 235.861054 0.521469 141.63196 0.390591 193.182159 -90.997339 272.214568 -143.103265 1302.791963 -112.799486 2118.909592 -113.362901 2633.870416 -89.147398 2360.552096 -77.299072 2231.141578 103.305232 -1345.759186 -0.002478 -0.021898 -0.026463 -0.563411 -0.574326 -1.314609 -0.583596 -2.010717 -0.518469 -0.950569 -0.501782 -0.880523 -0.000366 -0.071362 -0.00106 -0.051959 -0.002898 -0.021093 -0.00258 -0.000478 -0.00156 -0.025685 -0.003159 -0.013495 -0.46315 -0.663746
42.704896 270.341157 83.013998 1295.82716 7.120828 332.85413 0.170831 211.189933 0.910757 124.423727 0.705984 175.07041 -83.838296 266.093794 -131.883695 1289.658982 -107.842793 2089.863789 -107.932749 2581.138584 -84.913758 2344.331905 -73.066325 2214.359828 103.412671 -1388.588029 0.159496 -0.012756 0.054514 9e-05 0.021042 -0.458739 0.057731 -0.681274 0.05392 -0.557089 0.046335 -0.445664 0.146633 -0.034799 0.228977 -0.033265 0.055683 -0.100227 0.066633 -0.266607 0.051494 -0.02796 0.059587 -0.031676 2.8e-05 -0.335441
42.075756 264.760121 79.708988 1274.835119 8.481218 268.281265 0.848151 147.019536 2.136278 84.25386 1.633713 127.811007 -83.378362 260.994281 -132.86497 1289.342634 -108.665803 2090.088866 -110.036541 2586.852944 -85.302246 2350.246067 -73.088387 2220.057262 114.436993 -1544.517225 -0.002334 -0.029106 -0.033567 -0.085712 0.059421 -3.478212 0.257693 -5.794679 0.257318 -3.902791 0.191791 -3.709724 0.000633 -0.024669 -0.001819 -1.9e-05 -0.001564 6e-06 -0.010153 0.003159 -0.000443 0.003725 -2e-06 0.00366 0.279123 -4.147672
38.76742 262.946314 67.596511 1223.867434 10.992833 221.740064 2.661515 101.031051 4.898087 56.536627 3.736499 95.393394 -84.333757 254.415534 -132.990248 1245.171229 -111.572961 2059.547745 -117.138221 2553.256357 -90.229727 2338.858426 -76.935448 2208.63806 137.173173 -1668.122979 -0.067722 -0.003117 -0.49883 -0.519865 0.162644 -2.2152 0.504758 -4.300402 0.564844 -2.755288 0.428808 -2.366671 -0.002721 -0.041988 -3e-05 -0.384938 -0.019188 -0.112392 -0.111029 -0.109798 -0.069175 -0.013828 -0.049333 -0.014722 1.029357 -2.378735
34.261904 274.613555 65.922597 1257.467698 31.649584 264.835096 26.031586 128.051551 33.173024 76.661687 25.718812 122.211479 -87.589693 260.917637 -132.240357 1253.297591 -111.857088 2060.950252 -117.740099 2538.697609 -92.180631 2338.407611 -79.126607 2213.83003 235.950405 -1568.272337 -0.139116 0.126628 -0.010493 0.227504 5.337265 1.91218 12.045765 1.599128 12.577241 1.529135 9.849362 1.658882 -0.030834 0.041021 0.00106 0.013216 -0.000181 0.000239 -0.000771 -0.020813 -0.010433 -2.2e-05 -0.015383 0.003048 13.312151 1.540684
34.442306 300.410605 61.419838 1351.523464 56.50293 255.385429 55.151579 105.05784 68.023823 57.83804 54.109069 100.021447 -91.620546 269.941259 -132.497106 1343.764023 -108.835121 2092.406827 -111.540036 2547.327444 -89.754311 2338.358324 -78.251186 2219.074424 314.052654 -1660.680051 0.000237 0.578952 -0.079632 1.695936 3.576058 -0.085832 5.402347 -1.136812 6.190407 -1.323727 5.219008 -1.110616 -0.045337 0.076698 -0.000125 1.576139 0.020691 0.119124 0.083845 0.007321 0.01618 -0.0 0.002435 0.003102 5.573629 -1.322555
34.742882 314.723436 57.35091 1412.218199 85.8231 267.770523 96.294945 115.331533 109.803387 65.847849 88.156588 108.969102 -91.09994 276.446385 -129.552404 1344.0601 -108.474516 2105.546967 -111.321204 2557.084594 -89.545216 2351.252621 -77.981093 2236.163173 397.665198 -1630.144495 0.000653 0.166537 -0.069719 0.666541 3.052822 0.146622 5.695802 0.23959 4.977609 0.259627 4.134257 0.191629 0.000742 0.038725 0.016546 1.6e-05 0.000299 0.020565 0.000107 0.009325 0.000122 0.017727 0.000233 0.032773 4.928461 0.141673
31.968876 319.542291 59.86733 1419.615988 105.082462 291.881471 121.818746 141.590679 129.765653 82.310805 105.528847 128.770073 -86.857175 280.768367 -127.554264 1351.361535 -108.367146 2122.115992 -111.258073 2588.526938 -89.660089 2376.947059 -79.135514 2258.568176 435.155202 -1574.614599 -0.057699 0.018306 0.027014 0.009663 0.973968 0.519616 1.498554 1.345452 0.833134 0.917499 0.78066 0.826033 0.050584 0.016762 0.007765 0.009889 2.7e-05 0.032469 9e-06 0.096065 -3.7e-05 0.069816 -0.004241 0.055842 0.844248 0.481128
31.771222 321.535916 52.647218 1467.724171 82.342389 378.202108 87.998841 215.291086 99.686178 130.415166 80.674446 181.602314 -88.259704 281.9208 -128.248846 1351.303252 -108.419956 2122.154983 -111.213188 2588.748925 -88.996863 2373.212042 -78.17101 2257.152627 377.063052 -1390.967617 -0.000306 0.0031 -0.231898 0.400811 -1.38463 5.583202 -2.743606 7.692928 -1.980145 5.51036 -1.666237 4.529661 -0.005617 0.00118 -0.000943 -1e-06 -6e-06 0.0 5e-06 5e-06 0.001231 -0.001468 0.002957 -0.000222 -2.080121 5.691734
32.752519 323.214508 51.591599 1591.707417 50.104552 604.303519 42.863027 454.46007 53.092488 291.027015 43.132709 344.901239 -90.615141 286.578853 -131.312891 1349.698331 -108.752684 2132.334578 -110.774372 2601.97335 -88.804829 2373.824468 -77.531083 2251.561332 279.227129 -1002.507295 0.007462 0.002185 -0.005345 2.513238 -3.983273 26.369936 -8.03033 44.159589 -7.278326 31.804727 -5.829065 25.964391 -0.015509 0.019083 -0.018086 -0.000477 -0.000255 0.012178 0.000434 0.016846 0.000104 4e-05 0.001315 -0.003467 -7.333377 31.733874
32.320802 319.660996 62.653958 1555.682632 46.595434 742.139008 22.474435 638.283444 24.926633 426.224948 22.22236 482.076394 -93.330391 297.787352 -137.219809 1376.10015 -109.979714 2150.493895 -109.311209 2621.506473 -86.023714 2362.055898 -75.267623 2238.964037 203.563122 -781.525104 -0.001432 -0.009821 0.536844 -0.206175 -0.063692 7.073699 -3.262594 15.572518 -5.261524 12.85726 -3.435425 11.456338 -0.020041 0.107503 -0.064975 0.127866 -0.003442 0.038498 0.004864 0.036522 0.022122 -0.014622 0.016766 -0.01767 -5.965981 13.73907
30.706939 319.024679 62.10289 1553.338928 15.952512 834.811298 2.902219 758.650142 3.774107 522.619639 3.486855 576.449314 -100.77617 301.048256 -150.327889 1401.157081 -115.190752 2175.615122 -112.173517 2648.193955 -88.051631 2380.86271 -77.509356 2254.825781 128.284827 -672.531332 -0.020665 -0.000317 -0.001217 -0.000883 -8.020367 2.725381 -9.224164 5.195356 -9.302206 4.909148 -8.103972 4.215305 -0.14286 0.008879 -0.298926 0.113036 -0.060307 0.072939 -0.018496 0.067577 -0.011813 0.037287 -0.016448 0.027994 -8.651044 4.090755
31.667828 334.290505 72.344331 1604.217706 13.110562 1099.339709 1.499488 1092.634602 2.171338 789.480052 2.21035 829.439156 -100.998342 328.980084 -149.277521 1432.467963 -114.08466 2204.403154 -110.766092 2667.649653 -87.265222 2375.48515 -76.740094 2249.301399 116.967073 -426.06167 0.007402 0.17838 0.390635 0.40994 -0.139285 18.174797 -0.229493 30.375745 -0.220111 27.424199 -0.144847 22.950102 -0.000122 0.619473 0.001841 0.172994 0.002668 0.094607 0.004443 0.035604 0.001764 -0.00304 0.001918 -0.003388 -0.261282 28.004711
35.376023 341.868916 74.409763 1644.910623 18.021603 1347.033822 4.637451 1419.710088 5.040895 1047.402575 4.664908 1063.817931 -101.316369 343.103357 -150.299681 1453.967146 -114.417164 2205.010051 -107.977401 2665.892867 -86.485112 2343.671645 -76.136953 2217.721271 133.28543 -257.53455 0.102629 0.042471 0.014535 0.254834 0.389794 12.571756 0.862927 21.381529 0.59544 18.198004 0.453084 14.563661 -0.00025 0.148411 -0.001744 0.080068 -0.000242 4.2e-05 0.017777 -0.000289 0.001751 -0.107234 0.00119 -0.111631 0.532607 21.099124
36.66848 342.683336 77.231485 1628.207685 30.078929 1417.849229 15.2137 1521.733498 15.617005 1143.698585 13.46812 1153.216907 -100.815546 337.000612 -148.767095 1430.178674 -113.932808 2188.69526 -107.02994 2610.529232 -87.042254 2259.468631 -76.424052 2142.209813 176.397697 -188.108227 0.011594 0.000484 0.026255 -0.042618 1.535716 0.907027 3.05201 1.769864 2.912627 2.117064 2.280263 1.803181 0.00062 -0.027381 0.003927 -0.098105 0.000514 -0.03029 0.002088 -0.290464 -0.000894 -0.770207 -0.00027 -0.653956 3.015601 5.441152
39.863403 352.27247 74.240188 1634.062167 57.53215 1568.767712 44.692661 1683.036876 40.619309 1303.160413 34.451052 1301.544998 -94.546209 326.812714 -142.816203 1399.406532 -108.084391 2161.565637 -102.135399 2606.686134 -82.483183 2245.491844 -71.774507 2136.01926 238.867944 -127.403316 0.066717 0.06616 -0.029539 0.005253 4.41239 3.815512 7.755014 4.061957 5.863625 5.201593 4.838276 4.485433 0.10062 -0.078184 0.060732 -0.167331 0.077043 -0.084595 0.057275 -0.001415 0.061315 -0.021682 0.072955 -0.004479 4.725727 5.894929
42.831502 350.745795 68.474676 1631.673728 80.07126 1611.627312 81.108672 1709.98748 83.473962 1355.152635 67.938214 1358.974532 -91.515371 324.993203 -138.533065 1396.490118 -106.120361 2123.324305 -100.007677 2530.553441 -81.029889 2212.297367 -70.424167 2109.719958 328.989544 -104.50293 0.053283 -0.001658 -0.116508 -0.000873 1.858477 0.288805 5.386012 0.107035 7.634614 0.50849 5.63095 0.619904 0.024687 -0.00254 0.032604 -0.001521 0.009004 -0.170649 0.011198 -0.564165 0.006459 -0.123591 0.006412 -0.081453 7.196963 1.133459
51.220572 366.485951 73.598897 1651.815223 114.884594 1671.035563 124.546225 1775.290436 126.958059 1437.065703 105.136971 1439.68117 -80.499958 318.043753 -116.826714 1368.475207 -91.172205 2134.011104 -90.159648 2536.952143 -72.338602 2265.149584 -60.959882 2161.836251 390.962709 -93.798028 0.374883 0.172735 0.092439 0.061776 3.133497 0.537617 4.639684 0.611838 4.541835 1.201768 4.044797 1.163937 0.353061 -0.037553 0.924225 -0.141929 0.567099 0.013413 0.255167 0.00404 0.246463 0.311947 0.341324 0.317941 2.67227 0.289153
52.815068 372.539079 79.818435 1675.579133 142.496768 1703.921153 158.520633 1795.127036 162.920023 1453.866009 135.948041 1463.114655 -82.572527 318.948138 -121.536094 1369.078768 -93.679495 2137.930247 -92.521502 2544.417135 -73.335177 2285.299442 -61.832487 2184.57731 454.866898 -93.609702 0.01222 0.02479 0.126122 0.084861 1.48542 0.160222 2.046244 0.055105 2.239351 0.048817 1.976959 0.094588 -0.013171 0.000642 -0.046527 6.7e-05 -0.017005 0.001798 -0.015269 0.005483 -0.003409 0.044613 -0.003101 0.059493 2.417502 9.5e-05
52.456321 369.260652 79.171044 1656.52352 144.21338 1712.612728 164.712336 1814.5396 170.448814 1502.442987 142.917012 1509.21579 -79.138165 316.791739 -116.331108 1368.908734 -92.871504 2157.681777 -92.442744 2563.826976 -74.33898 2311.736579 -62.51052 2206.394598 469.918787 -86.846787 -0.000611 -0.007245 -0.001318 -0.054488 0.005139 0.011056 0.059308 0.0522 0.085026 0.399126 0.087093 0.357538 0.036473 -0.003657 0.056954 -5e-06 0.00175 0.04541 1.7e-05 0.036876 -0.003412 0.076019 -0.001849 0.054202 0.122501 0.12677
55.305728 373.456951 84.804164 1638.048588 141.795796 1688.151616 153.552268 1802.074388 155.093137 1482.637425 131.051015 1488.218791 -80.760823 325.761245 -121.276743 1406.553665 -92.59301 2193.324128 -88.864828 2602.374851 -71.970215 2315.64793 -60.946992 2207.710264 438.364904 -92.470311 0.037678 0.011854 0.096787 -0.051801 -0.010218 -0.087973 -0.195726 -0.021482 -0.362362 -0.065704 -0.257088 -0.073543 -0.008234 0.062606 -0.051475 0.25531 0.000209 0.145989 0.035307 0.143815 0.019177 0.001653 0.009901 0.000196 -0.548258 -0.088201
53.977791 380.266302 84.488186 1612.044529 137.639966 1686.938118 147.24012 1801.499557 147.316216 1481.334107 123.929428 1485.048237 -83.676992 332.492925 -129.780591 1418.997458 -96.421383 2204.873608 -91.530938 2614.150554 -73.715735 2321.937095 -62.976325 2214.578188 429.450024 -94.058556 -0.008068 0.030759 -0.000295 -0.104031 -0.030905 -0.000218 -0.066238 -4.6e-05 -0.100014 -0.000287 -0.099472 -0.00169 -0.02586 0.034422 -0.144063 0.027402 -0.038775 0.015164 -0.019703 0.013291 -0.010457 0.004264 -0.016617 0.005333 -0.045792 -0.006762
53.376208 389.719563 87.92505 1623.767275 128.331007 1674.013483 133.771694 1784.237345 131.509811 1457.421662 110.663989 1463.680015 -85.773024 345.633043 -133.524801 1447.187297 -95.926635 2190.60832 -88.735586 2587.86149 -71.024024 2287.786352 -61.138717 2185.30602 395.82487 -93.211635 -0.001686 0.058032 0.034258 0.021235 -0.162956 -0.024851 -0.322945 -0.041552 -0.448386 -0.097289 -0.375357 -0.077424 -0.012964 0.127321 -0.026623 0.138631 0.000636 -0.023149 0.021675 -0.066428 0.025031 -0.126503 0.013604 -0.097374 -0.685299 0.001915
53.297156 391.128548 87.643812 1630.170726 126.660312 1658.089345 127.436284 1769.798505 124.341297 1434.595967 104.41277 1439.426752 -87.205543 349.902166 -141.345102 1543.322556 -95.21493 2185.01806 -79.669347 2549.564011 -64.240859 2179.112032 -57.722959 2090.407428 367.331051 -77.526254 -2.9e-05 0.001271 -0.000225 0.006301 -0.005473 -0.038051 -0.076842 -0.02933 -0.100445 -0.090079 -0.090865 -0.101311 -0.005932 0.013102 -0.11127 1.545619 0.001325 -0.003571 0.244222 -0.142748 0.170186 -1.322154 0.04909 -1.053257 -0.53212 0.72202
49.324297 380.608507 85.219635 1657.53626 101.568507 1598.4314 94.365413 1701.725958 92.508718 1340.627829 78.106309 1345.674348 -90.492116 348.105403 -143.971188 1564.090325 -97.64939 2146.030856 -71.789607 2489.039421 -57.982915 2102.930627 -54.827198 2014.0825 296.969277 -85.435575 -0.076931 -0.071706 -0.016999 0.113892 -1.383508 -0.546499 -2.479308 -0.667476 -2.349162 -1.591321 -1.905723 -1.5784 -0.030396 -0.002313 -0.012086 0.069399 -0.015365 -0.175481 0.205113 -0.363529 0.160311 -0.677722 0.037258 -0.70971 -3.736821 -0.192052
48.995567 377.822232 86.114236 1670.744653 84.6217 1567.466827 70.801619 1657.510052 68.120998 1274.746163 58.294914 1279.503064 -88.614686 353.520661 -139.746793 1629.759952 -70.244561 2055.447667 -44.922675 2335.909031 -36.221177 1925.718894 -35.587487 1857.027356 203.688492 -66.903013 -0.00055 -0.005118 0.002336 0.026209 -0.772843 -0.151431 -1.689523 -0.291008 -1.862135 -0.829916 -1.446407 -0.834103 0.00984 0.020898 0.031451 0.675197 2.251704 -0.976593 3.134446 -2.430578 2.548008 -3.899471 2.070762 -3.187261 -8.766626 1.13148
44.780766 368.957133 85.066298 1669.398002 64.14721 1438.236265 48.507979 1506.939413 47.022888 1122.9711 40.019657 1132.275794 -86.108428 354.201307 -146.067963 1644.51552 -50.326214 1938.514168 -24.3018 2189.747214 -18.775004 1757.649621 -21.28648 1703.871084 125.223641 -70.788179 -0.094766 -0.052621 -0.003208 -0.000271 -1.415648 -2.779427 -2.101348 -3.584251 -1.949433 -4.808488 -1.713485 -4.497946 0.017976 0.000327 -0.069909 0.033248 1.656641 -1.712131 3.142651 -2.360857 2.840539 -3.836434 1.827357 -3.295194 -9.496325 -0.054824
46.480362 362.396848 91.900204 1689.570855 36.21246 1329.114854 16.994823 1350.378669 17.591764 984.950136 16.352171 1011.455545 -87.093923 363.519913 -153.570142 1695.152175 -38.405204 1844.99127 -14.105018 2053.034817 -10.718976 1628.581701 -13.723278 1592.301139 55.774586 -80.492739 0.015828 -0.029424 0.132002 0.060576 -3.966137 -2.152259 -8.078608 -4.292433 -7.091942 -4.523473 -5.209018 -3.40741 -0.002804 0.060497 -0.093933 0.383903 0.804437 -1.156053 1.378325 -2.203169 1.121541 -2.460639 0.826705 -1.88877 -13.854017 -0.311591
45.465503 353.671579 102.707492 1661.172076 18.893374 1168.069422 3.911156 1155.281417 3.889543 841.175148 4.065009 880.615319 -88.866345 363.892076 -159.787516 1690.923042 -38.761112 1778.471912 -15.641394 1969.115048 -11.905381 1574.477775 -14.626772 1549.254659 29.4047 -113.991284 -0.005601 -0.053161 0.300316 -0.120347 -2.792335 -5.198386 -4.600225 -7.606938 -4.937556 -5.668664 -4.111142 -4.529344 -0.008927 9.5e-05 -0.061686 -0.002641 -0.000821 -0.610631 -0.039703 -0.875563 -0.031129 -0.456976 -0.0144 -0.294931 -4.184596 -2.906669
43.924231 345.311319 100.626876 1638.27946 11.292306 1077.554426 0.546248 1036.395237 0.9356 753.526374 1.132786 804.724187 -91.387691 362.624727 -165.865624 1687.449076 -39.003514 1714.068738 -16.399833 1865.755142 -13.236275 1503.969018 -15.608079 1488.465067 21.210016 -128.3826 -0.013288 -0.049999 -0.010645 -0.079419 -0.972686 -1.824948 -1.534077 -3.22683 -1.009881 -2.410519 -0.906042 -1.709562 -0.017635 -0.001105 -0.056727 -0.001786 -0.000378 -0.593854 -0.008978 -1.393165 -0.035251 -0.807572 -0.015929 -0.608309 -0.667778 -0.42763
42.904714 336.949625 98.170642 1618.396671 3.708806 1077.167447 -0.900705 1043.261115 -0.506623 776.934477 -0.221556 826.175316 -94.411566 361.598249 -172.834349 1694.9296 -29.560338 1639.047702 -8.7091 1757.536673 -6.926818 1413.015384 -9.604709 1411.430868 3.686822 -94.411392 -0.005986 -0.051242 -0.015175 -0.060695 -2.05801 -3.5e-05 -2.849819 0.011334 -2.819172 0.179022 -2.356293 0.141079 -0.024608 -0.000727 -0.071698 0.008272 0.653409 -0.839348 1.206817 -1.616465 1.012608 -1.418344 0.725154 -1.023367 -7.210962 2.605164
41.738673 320.645425 97.336294 1537.653311 1.277203 974.880418 -3.265781 922.548071 -2.712496 692.162224 -1.806932 745.760917 -96.941581 352.319234 -176.353289 1680.588095 -23.404444 1589.57067 -4.999761 1708.861881 -3.357237 1384.221577 -5.819212 1388.118863 0.03434 -118.726134 -0.008032 -0.202152 -0.00178 -1.033025 -0.633126 -2.550901 -0.736322 -3.70977 -0.874582 -2.447874 -0.763044 -2.058198 -0.016726 -0.060304 -0.017732 -0.030466 0.358954 -0.379128 0.511373 -0.34176 0.639373 -0.148201 0.471752 -0.097062 -3.009528 -1.391456
39.095513 306.40016 88.708694 1519.010233 0.008139 898.117074 -8.553548 824.195407 -6.947886 605.088995 -5.598212 663.452365 -100.539361 344.228211 -188.158343 1682.434048 -23.77328 1544.206159 -4.29289 1641.475337 -2.885408 1313.058932 -5.897505 1326.491047 -0.87841 -135.433694 -0.043225 -0.161833 -0.200155 -0.056854 -1.081426 -1.573704 -1.248801 -2.771136 -0.97796 -2.925534 -1.044141 -2.40577 -0.032776 -0.046994 -0.191209 0.000507 -0.001442 -0.328365 0.026924 -0.677754 0.017856 -0.938909 -0.000262 -0.699636 -1.26011 -0.549742
36.970623 291.541044 86.167675 1422.09438 -0.049766 833.020865 -10.490579 777.003343 -9.199181 571.694985 -7.471217 623.724516 -100.919407 328.775086 -186.803245 1659.250906 -20.938172 1520.166873 -3.203755 1631.968199 -1.791582 1300.43576 -4.15214 1306.6934 -2.871382 -147.656794 -0.029685 -0.184656 -0.018462 -1.597229 -0.098157 -1.224344 -0.098767 -0.695596 -0.157713 -0.473912 -0.134908 -0.613233 -0.000358 -0.177436 0.002449 -0.080418 0.089976 -0.094293 0.079538 -0.013806 0.129707 -0.030485 0.152723 -0.074426 -0.573473 -0.264004
36.191373 280.451006 79.400958 1390.59918 -0.788283 788.174955 -14.927473 728.976964 -13.418599 531.672542 -11.432041 583.226123 -101.522619 325.024419 -184.194208 1655.672006 -16.169838 1510.862022 -1.651896 1625.771739 -0.596664 1301.628863 -2.198067 1305.819101 -8.356147 -169.522181 -0.00415 -0.107519 -0.138334 -0.17634 -0.44192 -0.620388 -0.390241 -0.765986 -0.397058 -0.726106 -0.419615 -0.679639 -0.000899 -0.010758 0.009174 -0.001932 0.307638 -0.014282 0.254664 -0.005893 0.320423 0.000274 0.308127 -0.000146 -1.430858 -0.754565
37.396159 273.74612 81.340736 1328.874204 -0.207946 723.457495 -10.560059 663.805985 -10.496237 491.889471 -8.900588 548.028026 -97.34882 324.850844 -177.650305 1654.126353 -11.09397 1510.576487 -0.261264 1623.241437 0.039119 1299.590094 -0.370828 1307.867275 -11.816927 -192.411482 0.009863 -0.040561 0.011705 -0.700588 0.186487 -1.386008 0.376977 -1.525573 0.179226 -0.773422 0.158201 -0.547713 0.043803 -2.3e-05 0.059178 -0.000361 0.476669 -1.3e-05 0.599264 -0.000985 0.94134 -0.000799 0.763232 0.000803 -0.299073 -0.724504
38.511327 286.694549 90.958906 1402.636818 0.127766 704.749133 -1.930273 596.780163 -3.047846 426.097411 -6.397038 487.129016 -93.916578 328.958246 -171.935554 1669.825432 -14.149668 1419.006439 -0.674188 1488.179702 -0.055316 1167.222546 -1.28688 1191.694715 -2.281955 -182.858323 0.008192 0.1496 0.268664 0.996136 0.661708 -0.122538 3.460648 -1.783155 2.231981 -2.360692 0.206251 -1.792918 0.030798 0.012902 0.046713 0.037074 -0.185626 -1.431453 -0.096069 -2.932787 -0.187472 -3.553938 -0.276098 -2.701145 3.713181 0.121616
40.841919 290.925952 96.865715 1426.361296 12.9254 733.841195 4.050865 622.59563 4.032387 428.168969 2.278175 487.475919 -90.975108 331.226806 -167.460607 1677.009677 -19.266957 1400.987744 -2.427011 1465.889718 -1.401754 1120.42297 -3.564098 1139.136168 10.189102 -163.340557 0.034232 0.015499 0.092903 0.099481 10.483013 0.294189 11.57373 0.273301 14.09168 0.002512 16.310283 6.2e-05 0.0234 0.003898 0.029502 0.007711 -0.394145 -0.057567 -0.54287 -0.084096 -0.900151 -0.478752 -0.567723 -0.592654 22.114931 0.550618
38.260285 311.33682 98.871595 1551.693305 32.926993 759.764134 17.935271 624.559152 19.005618 441.159766 15.738784 497.560082 -91.540975 341.688862 -162.665561 1710.718609 -21.755073 1395.47327 -3.568915 1459.484999 -2.226863 1116.880828 -4.801609 1135.25123 34.243694 -154.156147 -0.042139 0.345965 0.010278 2.63848 4.592507 0.224976 4.938748 0.001546 5.529377 0.097069 6.041032 0.051619 -0.000877 0.081334 0.034826 0.167711 -0.075526 -0.005437 -0.10974 -0.007011 -0.095056 -0.002804 -0.092037 -0.003318 7.074397 0.132869
37.740815 309.543827 107.206187 1521.36487 90.163213 890.627926 78.580595 801.004664 75.597228 550.417082 63.872912 603.431432 -92.805114 333.229513 -162.530805 1686.104764 -24.860494 1372.421379 -5.460384 1435.45827 -3.823294 1082.091925 -6.130167 1098.515858 113.422309 -89.004061 -0.001775 -0.002589 0.168611 -0.149661 14.116751 5.196443 21.432865 10.96169 18.793294 6.037663 16.199332 5.102117 -0.004334 -0.053016 2.8e-05 -0.089179 -0.103553 -0.095993 -0.200336 -0.099707 -0.214421 -0.275207 -0.081031 -0.302086 23.02253 8.890935
39.661196 310.424186 116.62438 1538.491454 121.207831 987.079779 111.550234 926.669424 109.073471 633.264354 93.813384 678.732539 -90.325324 332.390714 -159.141789 1651.231698 -35.129428 1375.683613 -12.278636 1442.77057 -9.908168 1088.11789 -12.140989 1099.45226 184.730199 -61.181928 0.023826 0.000625 0.198234 0.047931 2.292231 2.478848 2.880368 4.576261 3.059553 2.902849 2.868545 2.213116 0.01679 -0.000529 0.017853 -0.182206 -0.885441 0.001936 -1.362688 0.009289 -1.421817 0.008366 -1.017021 0.000199 8.652762 2.599539
46.07513 308.707706 124.237369 1503.679166 141.454607 1084.891561 135.770464 1070.964174 130.858939 753.998648 112.853111 789.708505 -87.608438 330.016266 -156.096556 1645.531836 -31.863949 1378.256911 -9.81234 1447.446027 -7.369415 1114.614018 -9.592595 1124.398894 200.33645 -35.126956 0.24025 -0.002379 0.120343 -0.199189 0.781502 2.309994 1.188806 5.218225 0.991089 5.263774 0.878913 4.199454 0.020743 -0.004256 0.014709 -0.004927 0.079632 0.001202 0.138104 0.003782 0.187539 0.159364 0.149924 0.139927 0.316381 3.591358
48.974459 311.05061 122.630585 1498.881836 127.150881 1146.841173 116.784069 1167.011689 111.424742 837.510211 95.774271 864.855642 -85.652395 329.53649 -152.565393 1641.933957 -32.855173 1442.847547 -10.989276 1547.480715 -8.337394 1173.054751 -10.097622 1170.815938 180.720876 -28.197355 0.04423 0.004429 -0.005229 -0.003832 -0.38112 0.859981 -0.714685 2.061992 -0.780691 2.19257 -0.700237 1.707401 0.011042 -0.000175 0.020199 -0.001969 -0.007591 0.739515 -0.033322 1.671115 -0.029856 0.746585 -0.006478 0.469403 -0.505207 0.380296
48.663197 315.436324 126.155829 1474.891236 96.351923 1154.205596 75.374755 1184.455247 71.442622 867.624599 63.28444 893.616152 -83.437207 328.961111 -150.777229 1581.039336 -40.423679 1455.079885 -17.821129 1574.13923 -14.025059 1209.397481 -15.607255 1193.684531 148.776037 -28.312238 -0.000496 0.015351 0.024977 -0.096772 -2.132238 0.011785 -4.514793 0.0647 -4.424368 0.265946 -3.353591 0.235211 0.014511 -0.000251 0.005271 -0.575321 -0.391899 0.025817 -0.821743 0.113833 -0.735392 0.277208 -0.597415 0.110591 -1.552188 -0.000117
48.00953 321.726725 124.892763 1506.301678 77.422271 1173.515756 55.280642 1200.381349 54.439106 880.140377 48.35301 908.016369 -84.054884 337.732316 -150.884178 1593.658211 -53.292326 1551.185257 -29.694069 1709.632078 -25.095261 1329.863887 -25.474881 1298.289145 153.457668 -46.24189 -0.00221 0.031052 -0.003177 0.165478 -1.034104 0.080097 -1.554431 0.053178 -1.153664 0.044813 -1.00304 0.05755 -0.001139 0.057701 -1.9e-05 0.025079 -0.887736 1.536558 -1.507293 2.7965 -1.598992 2.859164 -1.202669 2.196442 0.036262 -2.188075
47.158601 327.726073 113.113631 1518.660401 18.263855 1322.81182 3.426548 1412.955002 2.949199 1095.487882 3.420328 1105.344776 -85.056183 348.918473 -154.098503 1610.651423 -47.498618 1653.247221 -23.216067 1813.519571 -19.821039 1444.173919 -21.571419 1419.015757 38.061565 -24.050521 -0.003804 0.02771 -0.291658 0.025246 -20.478968 4.46842 -31.181073 8.659917 -32.046503 11.771729 -26.053061 9.693358 -0.002964 0.091122 -0.016939 0.04506 0.166656 1.625762 0.398061 1.532003 0.310733 2.356193 0.162216 2.683194 -38.668469 3.594838
45.938723 329.495321 105.842946 1532.258951 8.069462 1344.946669 0.001282 1432.721088 0.000188 1091.342905 0.059317 1102.719746 -87.439087 352.802605 -157.172473 1630.291658 -49.983537 1663.937566 -25.661049 1807.136703 -22.429106 1432.313663 -23.878135 1413.091116 22.559088 -23.140338 -0.007993 0.002381 -0.120749 0.030306 -2.053327 0.09183 -3.295297 0.068649 -2.902321 -0.003928 -2.578794 -0.00156 -0.01646 0.01075 -0.015179 0.059511 -0.031677 0.017226 -0.061191 -0.005626 -0.080574 -0.024451 -0.058574 -0.006197 -2.015732 0.008778
43.09052 326.099832 95.876962 1514.524932 2.967118 1306.374108 -1.04285 1377.936182 -1.315737 1062.495203 -0.684219 1076.254566 -88.954583 352.188627 -159.395363 1637.506212 -47.314639 1642.460277 -19.913094 1775.857052 -16.285883 1417.971886 -18.019528 1403.879927 8.343557 -25.603894 -0.045571 -0.008793 -0.246335 -0.051611 -1.250254 -0.2806 -1.117247 -0.53398 -1.347361 -0.193196 -1.146454 -0.160725 -0.00651 -0.000267 -0.007804 0.007964 0.036611 -0.069755 0.363928 -0.136539 0.490505 -0.036082 0.411631 -0.01506 -3.463765 -0.062294
42.120849 322.288682 90.353933 1516.442247 4.440053 1296.622236 -0.169316 1372.824833 -0.224444 1040.07378 -0.083386 1058.667125 -90.578661 351.665884 -164.68105 1650.839832 -32.598414 1606.094096 -8.17432 1716.49622 -6.88068 1405.306691 -11.145827 1400.624117 4.619703 -27.428741 -0.005517 -0.011201 -0.081916 0.000606 0.147926 -0.018267 0.371758 -0.004749 0.453333 -0.119552 0.289884 -0.072444 -0.007346 -0.000194 -0.043108 0.027033 1.366705 -0.203558 2.570674 -0.504526 1.995078 -0.028408 0.82157 -0.00189 -0.546375 -0.031406
36.939462 318.330928 86.229433 1482.76951 2.256259 1242.16054 -1.141749 1305.531466 -1.480672 1013.041956 -0.879673 1031.385124 -94.56122 349.533997 -168.91763 1636.434509 -14.249977 1556.596104 -0.561141 1670.257424 -0.260296 1344.185314 -1.769931 1341.261673 -0.499336 -23.375416 -0.169969 -0.012226 -0.048175 -0.189031 -0.366096 -0.58422 -0.431709 -0.845502 -0.552158 -0.177962 -0.421386 -0.178067 -0.04284 -0.003241 -0.026903 -0.031563 3.742631 -0.38736 4.452031 -0.31566 4.464402 -0.67945 4.032663 -0.64268 -8.156658 0.161952
35.181379 315.253317 81.32074 1472.917798 0.386489 1242.21579 -4.071741 1312.998241 -4.79999 1038.237295 -3.464475 1054.543788 -95.502172 344.269018 -169.973992 1624.616793 -8.674815 1486.19245 0.020384 1577.480154 0.242194 1272.203289 -0.144253 1288.668758 -7.198594 -11.87677 -0.021431 -0.007475 -0.07192 -0.016419 -0.775108 1e-06 -0.901226 0.010646 -0.948791 0.15474 -0.85267 0.128561 -0.002329 -0.019977 -0.001646 -0.021413 0.688253 -0.814604 0.795422 -1.325442 1.004653 -0.990371 0.903604 -0.525925 -3.906089 1.928054
33.928901 309.012377 78.63397 1462.653236 0.002121 1202.128228 -7.195716 1239.397736 -7.66437 984.34611 -5.821872 1010.439459 -97.591736 330.084865 -166.553375 1611.975249 -4.39278 1449.435804 0.840691 1538.748167 1.877686 1250.964885 0.250256 1270.968822 -17.129226 -15.957559 -0.01135 -0.031197 -0.022567 -0.017946 -0.331352 -0.328743 -0.44173 -1.061387 -0.333589 -0.718085 -0.304203 -0.471048 -0.011306 -0.149189 0.017385 -0.024688 0.721494 -0.230122 0.599264 -0.240712 0.771157 -0.089387 0.77451 -0.061198 -2.119142 -0.300767
32.523079 301.801665 71.907982 1457.796912 -1.477874 1148.778653 -16.02561 1175.478491 -16.829661 927.463683 -13.325682 958.723374 -95.943741 322.863928 -157.538242 1605.367649 -0.763263 1417.32544 5.593164 1506.200472 7.879635 1221.331168 3.073561 1244.318815 -47.740718 -20.189389 -0.014872 -0.042563 -0.150329 -0.004038 -1.59196 -0.605414 -1.744293 -0.846086 -1.779388 -0.846404 -1.531605 -0.679226 0.007017 -0.039929 0.12541 -0.006785 1.493887 -0.179838 2.096979 -0.173957 2.064342 -0.177606 1.569762 -0.141185 -7.676883 -0.248571
30.524823 292.46745 60.605644 1423.933505 -5.23648 1145.312961 -26.498002 1196.225132 -27.996132 941.442672 -22.733417 966.271725 -96.623881 320.797322 -161.319837 1605.548678 -2.989749 1407.79437 1.910136 1496.263027 3.374055 1199.417248 0.794582 1219.500032 -50.808345 -15.599862 -0.031675 -0.073311 -0.482879 -0.198972 -1.150593 -0.002618 -1.3097 0.090743 -1.413103 0.052281 -1.248854 0.014799 -0.001201 -0.003318 -0.022425 5e-06 -0.731777 -0.016077 -0.966113 -0.016445 -0.941305 -0.09919 -0.742637 -0.125007 -0.047756 0.295495
30.069319 295.0579 67.368927 1416.185738 -0.502609 1127.622251 -16.498899 1162.564116 -17.226732 913.54854 -13.120082 938.862113 -96.197701 324.860459 -161.785682 1606.20601 -6.572146 1411.423254 0.153133 1490.910529 0.559552 1195.91139 -0.001579 1214.824952 -23.995715 -18.983329 -0.001712 0.005711 0.17884 -0.010568 2.49446 -0.068846 1.178826 -0.240191 1.301031 -0.209739 1.312839 -0.197184 0.000471 0.012785 -0.000336 6.7e-05 -0.696441 0.002336 -0.981594 -0.004795 -1.185546 -0.002566 -0.867007 -0.004489 4.97047 -0.16591
30.744736 295.694665 70.497314 1419.607567 6.706004 1116.162339 0.510773 1141.638614 0.499546 881.682391 0.342939 910.464734 -95.329251 325.059021 -161.316051 1603.493473 -11.088849 1417.788182 -0.196968 1526.794883 0.011149 1202.279197 -0.391612 1216.270477 0.361437 -24.807978 0.003751 0.000343 0.035498 0.002064 10.880398 -0.029265 22.815594 -0.095019 23.593322 -0.282841 17.70537 -0.218041 0.001969 3e-05 0.000341 -0.001146 -0.587327 0.00716 -0.697446 0.213363 -0.412733 0.008454 -0.343455 0.00043 30.247123 -0.389095
31.149063 296.531306 72.254827 1435.533132 13.710959 1142.777977 3.569073 1184.625207 3.586819 910.684885 2.983733 934.251172 -95.312841 325.075141 -161.031606 1608.025839 -21.625491 1492.214829 -3.747937 1631.638697 -2.319039 1270.277565 -4.459693 1262.607893 11.674037 -29.848712 0.001321 0.000591 0.010819 0.044416 1.239294 0.156803 1.379487 0.397205 1.409216 0.234662 1.303568 0.153362 1e-06 0.0 0.000126 0.003198 -1.743269 0.951929 -2.226508 1.740618 -2.65178 0.935196 -2.208224 0.433128 7.927224 -0.232938
33.801533 301.155045 79.144528 1467.099356 51.099835 1168.335076 37.896672 1178.977827 40.775362 863.132282 33.524873 889.568518 -96.527466 321.382616 -167.866492 1604.968608 -27.681518 1510.743634 -6.732965 1642.759948 -4.393805 1294.875214 -7.159898 1296.021668 71.939222 -43.62948 0.054184 0.017885 0.156845 0.171647 11.872046 0.141314 18.205824 -0.006747 20.17509 -0.637511 16.505679 -0.547433 -0.003845 -0.010546 -0.071026 -0.001455 -0.373323 0.057164 -0.434066 0.018886 -0.328674 0.117938 -0.318096 0.218189 25.653924 -1.303854
39.303823 309.497897 88.250408 1601.602145 79.421886 1226.962989 67.388399 1223.071852 68.521047 874.862157 58.197475 900.547862 -90.544118 326.93066 -160.000661 1602.386553 -37.018732 1590.974839 -14.141597 1760.140266 -10.246241 1370.823382 -12.576247 1348.595132 131.760993 -55.451304 0.20736 0.056993 0.247852 2.949081 3.109865 0.717603 4.214876 0.404747 3.580365 0.039583 3.380671 0.03367 0.095711 0.02374 0.094368 -0.001039 -0.677295 1.037832 -1.35894 2.025073 -1.22066 1.082136 -0.757774 0.522617 8.982128 -0.707789
41.119088 321.043123 99.170172 1696.461421 77.916891 1231.635302 59.183512 1207.165965 61.963744 847.674483 53.177038 883.670166 -89.871182 331.935711 -162.316588 1614.487417 -46.182205 1636.240294 -20.874781 1802.288455 -16.880339 1394.870263 -18.871798 1371.237747 143.526973 -67.784135 0.020489 0.105706 0.318382 1.364459 -0.007198 0.00444 -0.266216 -0.052053 -0.164867 -0.214572 -0.113211 -0.079829 0.001255 0.019011 -0.00832 0.02276 -0.506157 0.317466 -0.653448 0.249343 -0.823727 0.104542 -0.636593 0.094252 0.251558 -0.618659
40.791653 324.882966 115.371287 1567.293856 76.431295 1191.532272 55.804103 1194.303644 53.355569 855.394378 46.99706 890.053287 -90.037781 334.746137 -163.067955 1605.266272 -50.996095 1609.809272 -26.070283 1751.732626 -21.470797 1365.932539 -23.028651 1351.918575 142.519395 -59.465668 -0.000654 0.011413 0.612589 -2.556993 -0.00715 -0.331872 -0.04967 -0.034446 -0.321734 0.017497 -0.19081 0.011486 -7.7e-05 0.005924 -0.000868 -0.013204 -0.119305 -0.107609 -0.288384 -0.359596 -0.27572 -0.151661 -0.206706 -0.06853 -0.001775 0.272185
39.734577 328.348216 110.804361 1652.259051 75.514228 1198.979354 56.198227 1193.570241 57.437338 849.176512 49.564789 888.116959 -91.697355 339.271327 -164.725723 1675.657453 -36.830646 1603.71032 -12.709554 1679.386723 -10.15177 1282.283082 -13.160637 1290.738454 115.883646 -44.466853 -0.006938 0.009191 -0.046112 1.121327 -0.002768 0.0116 0.000693 -0.000113 0.075215 -0.011341 0.034146 -0.001054 -0.007578 0.015191 -0.004192 0.755197 1.14989 -0.005788 2.374251 -0.762799 2.095184 -1.321452 1.371378 -0.708285 -1.37645 1.087956
39.116834 334.549653 112.24518 1673.691712 63.537802 1171.815916 42.875593 1094.243988 44.430771 767.889338 38.877275 823.466093 -92.23031 354.019771 -167.113383 1722.248447 -37.653022 1520.333504 -13.488449 1513.057659 -11.769889 1145.498447 -14.504637 1179.566196 101.936651 -37.630824 -0.00242 0.029008 0.004654 0.069058 -0.516719 -0.155618 -0.899846 -2.157159 -0.833754 -2.044377 -0.648125 -1.22145 -0.000772 0.15689 -0.00859 0.319435 -0.00454 -1.11281 -0.011581 -4.335887 -0.059801 -3.856382 -0.032666 -2.502836 -0.44697 0.285103
41.1064 334.369847 117.896926 1667.285281 55.278692 1144.521157 35.670171 1089.529753 37.021669 765.311642 32.066211 815.298066 -89.875646 361.179569 -163.698025 1757.950499 -33.228525 1421.171499 -11.260341 1343.033803 -10.454162 1014.528606 -12.73345 1069.045257 86.822015 -17.534312 0.024675 -2.4e-05 0.069407 -0.006142 -0.287399 -0.160821 -0.331194 -0.005088 -0.337674 -0.002167 -0.327711 -0.020356 0.015224 0.035839 0.017631 0.183132 0.138226 -1.671916 0.100501 -5.065274 0.038982 -3.974231 0.057648 -2.717736 -0.606117 3.7908
42.418775 338.600965 116.76101 1685.334869 50.582189 1055.746323 29.892756 954.073155 31.13496 672.979517 27.042713 739.355731 -89.710327 365.487291 -164.908685 1777.643889 -33.399093 1251.709385 -11.183588 1169.252773 -11.201734 866.522906 -13.327814 925.523959 79.687224 -12.214413 0.010311 0.013301 -0.002749 0.048587 -0.104231 -1.791642 -0.255049 -4.494192 -0.254694 -2.966723 -0.213853 -1.855938 7.6e-05 0.012768 -0.00223 0.054847 -0.000218 -5.377405 0.000131 -6.017637 -0.012907 -5.831764 -0.006779 -5.170313 -0.15293 0.479538
39.189113 335.320821 110.329662 1681.126684 43.999003 997.852866 25.534633 876.537535 26.649882 608.575834 22.551926 676.637268 -94.533343 359.234285 -171.439465 1778.462612 -36.575599 1076.100779 -13.016354 968.203312 -13.753611 697.539105 -15.843309 766.591408 78.693548 -3.033295 -0.063933 -0.007983 -0.091088 -0.00263 -0.229385 -0.816206 -0.1716 -1.64275 -0.174322 -1.619304 -0.203739 -1.389674 -0.063138 -0.026976 -0.063409 9.4e-05 -0.072136 -6.633355 -0.069501 -9.476379 -0.130817 -9.155439 -0.108661 -7.480433 -0.003117 3.073979
37.890582 328.057799 107.031235 1669.950384 36.280211 938.381848 19.054813 813.427713 20.172895 562.413092 16.698609 630.340088 -96.120782 349.019186 -175.798541 1758.337381 -38.459597 984.37762 -14.786709 860.505659 -15.49354 612.20829 -17.372007 685.777761 71.024577 -1.055947 -0.010939 -0.039761 -0.025028 -0.018637 -0.37194 -0.913535 -0.473342 -1.178793 -0.450144 -0.910268 -0.438898 -0.820252 -0.006609 -0.07367 -0.027362 -0.057259 -0.023656 -2.042562 -0.056421 -3.174059 -0.051801 -2.782632 -0.035197 -2.250085 -0.196542 0.509857
37.229551 318.247027 104.950038 1646.053292 27.120072 868.738937 11.53977 735.379965 11.96617 515.082864 9.721828 584.954102 -95.899841 338.754753 -178.006474 1724.887542 -37.548235 861.196529 -14.852884 719.892382 -15.674626 504.255573 -17.91975 584.078665 55.031687 0.057505 -0.002908 -0.074467 -0.010217 -0.086109 -0.665223 -1.34245 -0.93733 -1.967747 -1.065456 -1.040019 -0.937815 -0.847781 0.000127 -0.076598 -0.006889 -0.160615 0.005464 -4.115391 -7.4e-05 -6.267845 -0.000526 -5.231318 -0.004251 -4.078943 -1.018633 1.606289
38.924786 299.073213 106.349328 1586.287584 22.911869 807.82776 8.407986 678.658936 8.553443 477.53003 6.937615 545.269839 -92.180001 305.64181 -172.287045 1612.98194 -31.246909 767.490671 -11.004239 639.493229 -12.191551 443.741369 -13.490441 517.598397 41.168484 0.619827 0.018871 -0.297839 0.004633 -0.552579 -0.177291 -1.106844 -0.247378 -1.138077 -0.285784 -0.710609 -0.234304 -0.696909 0.036789 -0.851333 0.046695 -1.876404 0.289194 -2.697899 0.288026 -2.379636 0.218537 -1.933396 0.313868 -2.007692 -1.004139 0.299745
38.243991 284.269525 104.853093 1491.747807 16.915696 684.270382 4.760452 540.736926 4.972131 382.809211 3.946954 451.822089 -92.234031 281.33624 -172.462965 1454.826156 -25.763205 652.773813 -7.867292 523.276216 -8.550219 370.100687 -9.6882 443.400544 26.56272 0.107263 -0.003003 -0.187869 -0.0053 -1.452205 -0.453959 -5.124558 -0.515247 -7.825069 -0.482746 -5.230139 -0.418921 -4.388634 -8e-06 -0.503438 -4.5e-05 -4.079443 0.264347 -4.640506 0.262548 -5.822433 0.322129 -3.338545 0.313988 -2.868656 -1.593562 -0.211399
41.224645 286.590557 107.886002 1439.222783 17.769408 645.329464 5.487633 505.614757 5.35634 364.374388 4.323745 433.911474 -87.620823 274.522 -166.60861 1378.703825 -19.825099 595.099931 -4.663003 461.897542 -4.830688 331.307953 -5.804455 404.198496 20.360485 0.786284 0.055918 0.004719 0.02162 -0.47068 0.010508 -0.570367 0.025832 -0.589627 0.007149 -0.22745 0.008587 -0.181106 0.059173 -0.041769 0.050544 -1.022692 0.388389 -1.33349 0.416632 -1.913878 0.527357 -1.073574 0.494692 -0.907046 -0.411707 0.312723
42.403869 275.97971 120.249691 1350.392577 18.967491 588.233973 5.728652 451.291514 5.688862 327.034884 4.505451 395.921879 -83.955348 260.755047 -166.663393 1303.534511 -23.564032 561.506036 -7.081453 436.139766 -6.811358 304.527735 -7.645933 372.492257 24.949939 0.401174 0.008314 -0.100076 0.335268 -1.414677 0.019541 -1.322041 0.00259 -1.5432 0.005007 -1.008995 0.00187 -0.870034 0.039158 -0.177067 -5e-06 -1.053511 -0.161396 -0.487974 -0.251704 -0.369472 -0.169724 -0.564217 -0.126654 -0.647429 0.23303 -0.064183
43.451315 270.432992 149.392825 1229.045441 21.755156 531.564453 6.561362 405.098945 8.507554 303.161896 6.701312 376.174917 -86.068388 259.832451 -176.35788 1224.744208 -26.041197 515.956843 -8.536456 390.261198 -8.734553 283.083816 -9.780793 354.311754 34.48272 0.343924 0.00639 -0.028154 1.57953 -2.85591 0.095527 -1.434853 0.028243 -1.24669 0.282639 -0.452338 0.217235 -0.252563 -0.013131 -0.000818 -0.13702 -1.227994 -0.06189 -0.963215 -0.067923 -1.274483 -0.119419 -0.391411 -0.13126 -0.227422 0.769493 -0.002203
41.488671 257.344618 151.725126 1157.612713 30.755908 443.583557 14.9377 301.908484 11.923321 220.060868 10.15591 293.314369 -92.661561 263.101368 -223.860453 1259.326474 -46.413377 533.175165 -21.54914 402.386136 -18.886353 287.639208 -20.815727 363.065084 60.822209 -4.517669 -0.022678 -0.162314 0.009033 -1.069231 0.777146 -3.977066 1.698895 -7.571061 0.287559 -6.641425 0.357777 -5.147481 -0.121649 0.010217 -2.829078 0.240732 -2.923001 0.141303 -2.95972 0.092742 -1.933255 0.01818 -2.059224 0.053405 3.712021 -7.354569
36.58681 258.448749 150.526367 1188.715414 98.328387 494.144382 87.78672 360.243433 77.180474 246.085078 65.487765 310.071955 -96.052715 245.586869 -249.997499 1255.27492 -79.755824 484.853898 -47.453894 348.576973 -43.939362 231.461871 -44.822896 301.53721 237.588902 0.223945 -0.15403 0.001182 -0.002377 0.206156 19.099227 1.364072 30.299792 2.574632 28.432629 0.727013 24.06508 0.232745 -0.030472 -0.301608 -0.721382 -0.003264 -4.485395 -1.147443 -5.047093 -1.930289 -5.211331 -3.04872 -4.547833 -2.854208 57.989133 6.753288
41.863301 268.498727 160.483853 1247.545056 174.279103 474.978967 180.500031 307.33936 164.740794 208.668813 140.4595 280.675292 -99.477641 241.064532 -281.184698 1243.95899 -118.572586 403.994206 -86.479348 243.566709 -80.283143 157.277629 -77.498809 231.371379 475.031839 3.626494 0.177647 0.095846 0.159443 0.710398 10.793945 -0.189526 16.528886 -2.099552 16.401667 -1.541883 14.130908 -0.731869 -0.029998 -0.021013 -0.916334 -0.025618 -3.835692 -3.685598 -5.811709 -9.385598 -5.435467 -7.144037 -4.445141 -4.639415 40.721067 2.048069
45.033604 298.232168 169.783192 1232.215741 249.439799 512.98472 296.530331 355.441782 268.944082 249.182023 228.966542 319.449814 -95.205509 273.506729 -315.36032 1249.464328 -211.648833 373.476245 -191.681375 216.753827 -174.562255 143.472208 -164.105359 216.440486 876.853705 14.497147 0.057851 0.780517 0.130947 -0.047382 6.719408 0.731288 14.326422 1.747861 12.704774 1.79594 10.758921 1.253935 0.04688 1.023711 -0.979753 0.006078 -13.388659 -0.59919 -20.661361 -0.781566 -18.080481 -0.317025 -16.056214 -0.248981 61.097524 3.62208
42.978222 333.179465 174.743981 1218.038547 311.421172 473.301981 385.451689 320.580802 347.482473 220.91247 296.763779 283.999961 -96.95819 314.099343 -336.310255 1296.773553 -295.916454 375.122496 -299.922256 214.01803 -271.439798 133.107539 -249.673221 202.803478 1233.155362 11.061614 -0.024003 0.967871 0.035717 -0.041015 3.435336 -0.798631 5.82193 -0.89945 5.023726 -0.850777 4.389832 -1.042157 -0.007993 1.403773 -0.336837 0.439542 -7.04407 0.00181 -12.064225 -0.008688 -10.648664 -0.194273 -8.944226 -0.221848 30.30058 -0.23195
44.588083 345.699866 175.17366 1189.622987 363.704663 466.023436 471.182909 309.320342 432.07313 214.205415 368.260732 271.471665 -94.547774 324.741866 -323.437114 1297.671228 -371.45833 424.391742 -407.346149 259.81069 -373.377765 172.478738 -339.98763 242.527686 1608.760299 2.257933 0.014799 0.115465 0.000264 -0.167688 2.027529 -0.0282 4.300748 -0.100657 4.603115 -0.051695 3.854498 -0.141302 0.01517 0.088654 0.125604 0.000155 -4.289173 1.519527 -8.205673 2.217982 -8.108571 2.546871 -6.957473 1.775268 24.930472 -3.324271
47.016757 359.952295 187.628338 1202.934955 408.901654 532.924707 530.43997 374.933078 489.069187 267.832071 419.096278 331.015958 -94.256591 334.512041 -326.956095 1366.40378 -392.771394 512.798033 -433.378744 337.17412 -396.259012 231.833543 -359.107485 312.35244 1765.778249 1.298448 0.032201 0.143947 0.213842 0.037034 1.323131 2.242764 1.754391 3.153052 1.765018 2.992269 1.642807 2.949623 0.000225 0.072401 -0.00952 0.88679 -0.29725 4.179056 -0.403139 5.033999 -0.340204 4.380502 -0.261508 4.410819 3.655018 -0.131876
44.971147 378.730868 182.825762 1225.258656 437.973509 536.245156 544.793103 374.371455 505.677618 268.711881 429.68672 331.940761 -95.814057 351.332538 -324.620879 1427.736149 -416.903739 556.246772 -466.539103 374.229962 -429.669052 258.053441 -388.569214 341.560626 1867.599903 0.107841 -0.022748 0.23873 -0.031132 0.102619 0.499142 0.005156 0.095803 -0.00021 0.138658 0.000721 0.066072 0.000645 -0.006381 0.206294 0.004185 0.673215 -0.359712 0.883299 -0.611157 0.965744 -0.67602 0.702178 -0.580686 0.652643 1.427003 -0.657888
47.905677 382.612091 197.156728 1235.455594 471.589257 549.227632 595.808402 383.727498 558.144489 276.055712 481.357796 339.814609 -93.532846 364.187192 -307.754339 1481.97078 -437.408372 590.625943 -503.528382 397.607256 -471.06091 274.911488 -421.688476 360.940141 2054.720002 0.001188 0.046371 0.009893 0.270341 0.021128 0.6214 0.077639 1.141443 0.057736 1.2946 0.049502 1.466476 0.046147 0.013742 0.115479 0.22497 0.505489 -0.246105 0.515399 -0.705469 0.354105 -0.951557 0.266683 -0.677157 0.267357 4.465964 -0.08639
43.617985 387.804003 179.465615 1252.05546 457.138099 579.987321 590.346187 418.680287 557.177218 299.983884 480.955626 364.295317 -94.856356 364.865272 -311.539201 1484.749305 -440.031503 599.250709 -496.600481 420.163181 -469.321129 284.612015 -423.74924 370.246558 2049.230063 0.202136 -0.10049 0.017495 -0.415733 0.055388 -0.112438 0.419023 -0.012577 0.761631 -0.000419 0.497192 -8.4e-05 0.425705 -0.004649 0.000315 -0.011566 0.001301 -0.003921 0.031259 0.023995 0.31113 0.001609 0.084096 -0.002512 0.059228 -0.003672 0.172329
40.671294 379.63293 178.396115 1213.735454 447.944921 545.288629 582.130852 388.83644 547.020214 277.98004 470.643539 339.951253 -98.154343 373.885855 -304.790948 1526.635234 -444.343248 598.424852 -510.182995 422.153963 -481.654694 288.780014 -431.784499 372.19805 2055.27094 -0.10291 -0.051523 -0.043501 -0.001598 -0.297777 -0.04669 -0.535107 -0.028782 -0.551666 -0.046716 -0.419009 -0.055876 -0.420883 -0.028179 0.055075 0.036945 0.291314 -0.010511 -0.000285 -0.091625 0.002353 -0.079983 0.015149 -0.037735 0.002565 0.004445 -0.593501
42.328061 379.896602 171.399353 1278.80981 436.281184 550.044196 567.98351 390.325609 537.87607 277.886236 459.572621 339.102494 -100.536074 366.645717 -295.74412 1526.63896 -433.12962 642.193377 -506.70216 458.007011 -486.830239 315.738418 -432.629232 393.404811 2048.140402 -1.208042 0.016537 4.6e-05 -0.069983 0.849612 -0.076931 0.010324 -0.087015 0.001423 -0.038537 -8e-06 -0.065882 -0.00053 -0.014276 -0.035394 0.068147 0.0 0.071655 0.772309 0.005958 0.730534 -0.013829 0.601402 -0.000413 0.293764 -0.006195 -0.605773
38.946134 375.358671 150.856504 1299.044479 418.078747 558.558073 551.018411 391.200989 530.576158 279.504434 450.457588 352.037915 -101.03177 357.711464 -264.19713 1533.323994 -418.207699 676.170973 -488.885058 488.648853 -475.408262 339.488906 -422.01118 411.587264 2010.455005 -2.913298 -0.070394 -0.013633 -0.655439 0.079416 -0.193927 0.032693 -0.128611 0.00049 -0.024938 0.002349 -0.04565 0.121061 -0.00061 -0.0551 0.889382 0.007302 0.130783 0.437917 0.159441 0.496045 0.067793 0.430592 0.065962 0.205371 -0.174964 -0.369334
38.564536 374.79471 138.616492 1398.70771 407.109195 751.24948 544.073245 596.099418 521.240902 447.520017 444.990295 509.646365 -100.656475 356.121743 -218.562759 1673.081661 -372.81869 846.213662 -443.920684 661.1041 -447.83341 473.453321 -392.549582 551.015333 1935.364312 -0.365195 -0.000939 -0.000212 -0.258893 1.841561 -0.072915 14.251361 -0.022024 21.495702 -0.041428 19.680605 -0.016691 14.536492 0.000349 -0.00177 2.161705 3.047258 1.303282 9.526261 1.084347 13.007141 0.411887 11.113941 0.532968 10.151247 -0.714569 1.215561
36.978742 374.875431 131.48999 1432.125085 402.459911 884.050621 537.253635 757.860267 501.787936 582.307824 430.140282 635.982974 -96.677381 354.756465 -182.9216 1726.430982 -335.034318 983.246171 -395.489581 820.912793 -416.752234 593.154932 -366.434377 668.14898 1833.135693 -0.050049 -0.016646 4e-06 -0.094029 0.197249 -0.01335 5.401246 -0.021505 9.69771 -0.184966 8.858875 -0.126003 6.987322 0.040122 -0.001311 1.585124 0.418637 1.009162 5.13931 1.398319 8.641431 0.558853 6.738124 0.449421 5.63997 -1.38684 0.144854
36.700827 375.697621 131.074898 1422.533395 376.595488 1028.364986 477.527034 964.828465 479.889566 741.475362 404.618261 781.974901 -99.447206 358.831823 -176.38234 1741.965157 -307.996138 1078.315967 -351.761235 943.923396 -379.129305 675.588872 -334.275412 745.580495 1712.10784 1.532527 -0.000524 0.00045 -0.000328 -0.016114 -0.429464 5.452886 -1.759179 12.478034 -0.244275 9.603739 -0.390248 7.535636 -0.01956 0.011637 0.059512 0.034787 0.568703 2.193258 1.280566 4.292192 0.889753 2.680818 0.738354 2.122097 -2.066432 2.136479
38.112733 362.998931 116.818081 1442.601113 337.162518 1228.126501 444.298771 1202.083073 430.882563 960.16437 362.071439 992.03605 -96.792107 349.584646 -161.381693 1698.904046 -276.792759 1263.813926 -311.463879 1200.346966 -334.396496 902.581221 -294.570496 954.624912 1524.45129 0.890248 0.013324 -0.109158 -0.410308 0.070279 -1.090109 8.859585 -0.59907 13.027636 -1.319445 14.111097 -1.181461 12.480603 0.017962 -0.060356 0.333266 -0.269457 0.833074 7.357325 1.22536 15.387477 1.403589 16.409767 1.254723 12.900201 -5.444768 -0.086685
34.284166 355.845149 99.161388 1423.668339 298.843392 1404.602377 399.27001 1435.135017 394.674597 1202.799035 327.552803 1215.426041 -95.984321 336.658872 -156.615366 1616.109209 -252.075422 1317.152103 -277.663713 1276.373507 -296.715727 991.877984 -262.923504 1037.734072 1375.80587 10.158873 -0.101304 -0.035597 -0.722943 -0.06253 -1.155406 5.921384 -1.20265 10.317626 -0.794402 13.652094 -0.864444 11.33236 0.001692 -0.121743 0.035722 -1.034092 0.577914 0.551202 0.970412 1.167148 1.125876 2.105705 0.89897 1.73416 -3.811729 5.0345
34.137115 358.854631 77.932781 1423.356985 252.800079 1617.484297 339.286258 1698.736867 357.568365 1477.159895 294.026717 1485.337551 -96.205476 326.587172 -169.031371 1541.21843 -222.142493 1459.891943 -233.246923 1492.603167 -238.278641 1200.245264 -211.323782 1230.822038 1179.630885 14.358657 -0.000158 0.006336 -1.27696 -1.7e-05 -1.924877 7.507242 -2.439898 11.105955 -0.915735 14.080841 -0.904805 13.521185 -0.000127 -0.076476 -0.23678 -0.888317 0.945635 3.670834 1.934382 8.455608 3.201099 9.925408 2.81547 8.23227 -7.541077 0.362384
36.828765 361.612417 77.840936 1392.956463 229.678526 1750.486882 303.531157 1903.904536 319.115923 1683.482678 261.704155 1664.651732 -97.754084 329.359551 -156.663855 1511.206553 -200.560162 1544.813915 -210.03808 1616.842037 -214.284938 1324.249169 -189.629538 1343.49496 1056.398895 21.529886 0.051064 0.005278 -2.7e-05 -0.164083 -0.554339 2.627188 -0.995164 5.846815 -1.093409 6.741436 -0.940773 5.107901 -0.006182 0.005859 0.234898 -0.147544 0.551334 1.200314 0.607984 2.482993 0.636488 3.047393 0.587332 2.466921 -3.398361 0.723774
38.550101 375.906299 82.650106 1366.106354 227.339141 1928.595069 298.751076 2167.180497 310.481528 1979.596968 256.051776 1950.330609 -93.052991 334.306907 -155.605892 1436.278138 -176.188688 1618.68023 -180.90185 1771.099889 -170.069665 1484.943384 -149.782913 1486.269888 940.13139 35.494175 0.019657 0.138528 0.07207 -0.13065 -0.005987 4.31373 -0.018969 8.521912 -0.059209 11.98819 -0.030855 11.305759 0.057921 0.01844 0.001792 -0.952537 0.789109 0.862492 1.087254 3.513613 2.551682 4.599861 2.347089 3.604128 -3.388281 1.736249
37.32985 388.258623 80.312412 1413.741302 224.590988 2145.413219 291.57117 2435.439798 300.173042 2250.12621 245.835957 2200.933678 -92.0836 345.872716 -145.467143 1493.336692 -155.832376 1775.650337 -158.423089 1941.400798 -151.113136 1632.278591 -130.729421 1622.730932 877.244342 49.477544 -0.009812 0.099841 -0.016768 0.408162 -0.008356 5.773607 -0.043665 7.824268 -0.087015 8.660268 -0.103981 7.571093 0.002538 0.09834 0.170762 0.555702 0.624613 3.631467 0.745377 3.908103 0.559905 3.483839 0.647842 2.996235 -1.088373 1.158484
31.876198 393.341269 72.876102 1476.408253 214.082997 2343.608885 279.522222 2670.369002 291.14264 2483.695742 238.22298 2431.186924 -101.282534 354.65622 -161.352921 1566.668011 -151.130721 1936.478503 -144.588337 2144.47175 -134.287299 1811.535299 -118.618283 1789.484588 820.887945 52.919167 -0.215217 0.016526 -0.180599 0.679482 -0.125872 4.377421 -0.127119 5.407662 -0.068959 5.76574 -0.05987 5.726248 -0.218933 0.055068 -0.411523 0.878798 0.036009 3.485581 0.315995 5.04951 0.496417 4.668481 0.2943 4.077029 -0.935416 0.057854
30.535954 379.26081 67.635329 1522.991776 203.23729 2579.547203 272.889509 2975.844701 287.051574 2797.630445 234.382637 2727.124995 -102.757272 339.699634 -155.075916 1537.128521 -137.349568 2030.385052 -129.120539 2306.840337 -115.451328 1974.953444 -102.972785 1938.574134 766.593471 71.439398 -0.014392 -0.128317 -0.097769 0.361765 -0.140958 5.656828 -0.03982 8.269594 -0.014474 9.338773 -0.015603 8.496144 -0.00533 -0.161103 0.062265 -0.14057 0.329362 1.111669 0.437407 2.96231 0.711343 3.528062 0.553017 2.982328 -0.928752 1.386805
32.732669 374.595685 67.748022 1556.01178 199.134965 2709.913977 267.429356 3122.726415 281.426425 2958.537758 230.843472 2880.446938 -97.016186 318.117847 -149.981615 1455.903972 -119.782941 2107.060806 -110.599352 2469.757723 -91.701979 2152.843997 -82.152762 2086.93971 694.421791 63.899114 0.038147 -0.014435 4.7e-05 0.177062 -0.020913 1.606787 -0.027589 1.769051 -0.027831 2.249432 -0.013462 2.096452 0.082511 -0.354125 0.042539 -1.102334 0.600755 0.710544 0.716561 2.779153 1.36589 3.834945 1.174481 2.735033 -1.783668 -0.210214
38.752651 383.661299 79.594723 1608.990652 205.027179 2985.454647 273.170989 3474.940112 284.669838 3349.33969 235.024943 3244.124858 -89.712529 310.116616 -136.47708 1404.524416 -110.396412 2228.84605 -109.040792 2659.259855 -85.558147 2386.354956 -74.457947 2292.029659 682.355034 81.417197 0.253931 0.054196 0.477023 0.443437 0.042953 6.669203 0.030491 9.408099 0.009292 12.117625 0.018766 10.807158 0.142891 -0.050954 0.3185 -0.461482 0.191467 1.710665 0.00553 3.501969 0.106505 6.010256 0.18915 4.805352 -0.052881 1.059779
38.825559 404.647936 77.591135 1706.484987 197.204268 3193.136235 265.236825 3700.299964 276.880923 3572.226856 227.283065 3460.803798 -89.553846 313.885941 -134.049246 1418.770918 -106.589372 2296.141229 -104.770958 2746.330695 -78.766744 2453.582067 -68.356057 2360.163624 651.005138 104.744237 3.4e-05 0.279406 -0.01277 1.433761 -0.07608 3.491397 -0.058463 3.539923 -0.05402 3.589619 -0.064828 3.502053 7e-05 0.011385 0.010894 0.035945 0.0334 0.500431 0.042639 0.701295 0.140401 0.466917 0.130415 0.498957 -0.3686 1.467285
37.556563 406.553585 70.387757 1677.291733 178.472391 3061.878303 239.009095 3542.763288 248.62561 3423.033119 202.520749 3303.782862 -90.516045 308.173731 -135.508688 1389.094596 -108.377881 2211.022375 -103.540483 2629.417653 -83.878905 2336.772908 -73.947383 2242.39363 621.325872 103.358005 -0.010542 0.002238 -0.175428 -0.125934 -0.467292 -1.377338 -0.682564 -1.713415 -0.760162 -1.591171 -0.713909 -1.822646 -0.002571 -0.026227 -0.003951 -0.156829 -0.00744 -0.803817 0.003634 -1.271477 -0.080361 -1.424363 -0.109888 -1.506993 -0.346207 -0.004617
39.524303 416.416404 71.857144 1730.716411 177.085429 3225.551121 235.760921 3714.217437 248.078174 3619.20416 202.717926 3497.045204 -91.736685 310.77173 -143.143697 1391.738103 -110.738743 2249.940031 -103.311351 2669.68403 -83.659928 2362.428303 -74.8872 2266.951451 619.864477 133.51812 0.025121 0.059102 0.00759 0.418774 -0.002705 2.130706 -0.011111 2.025679 -0.000302 2.732835 4.8e-05 2.746568 -0.004088 0.005453 -0.104618 0.001256 -0.012719 0.169763 0.000127 0.152989 0.000143 0.070034 -0.002967 0.066871 -0.00086 1.927905
36.441661 425.315564 69.326941 1731.528472 169.156236 3189.918966 226.472359 3716.982518 233.883389 3585.005932 190.575776 3454.893559 -96.208925 315.784491 -139.436512 1405.61193 -116.345573 2266.828429 -113.436529 2666.204013 -93.108139 2378.188648 -82.283175 2294.972502 622.128425 123.393073 -0.062571 0.047044 -0.022674 9.5e-05 -0.090804 -0.098953 -0.093336 0.000514 -0.209079 -0.08117 -0.187477 -0.12779 -0.053217 0.020053 0.024318 0.034405 -0.069228 0.031573 -0.236623 -0.001135 -0.252683 0.026198 -0.174113 0.086059 0.002063 -0.199595
36.308435 430.753094 68.436998 1767.20782 170.25417 3319.770345 228.579964 3869.829495 235.558705 3747.38275 191.548125 3609.166931 -97.253925 318.393196 -142.876827 1435.230081 -118.184907 2257.050825 -114.292936 2644.234184 -93.379861 2340.910844 -82.539004 2263.311003 625.562496 164.683575 -0.000122 0.017269 -0.002875 0.18193 0.001776 1.295228 0.004881 1.539815 0.002989 1.79815 0.001237 1.684804 -0.002822 0.005366 -0.020963 0.154401 -0.007213 -0.010566 -0.00161 -0.045446 -0.000198 -0.147237 -0.000199 -0.109961 0.004726 2.974474
36.421154 437.71995 70.006822 1803.638053 175.482882 3455.801716 235.312686 4043.644774 244.521871 3936.67946 199.922518 3787.100274 -96.745845 322.772524 -142.185723 1470.033247 -117.742557 2266.456686 -113.172277 2649.924497 -92.894654 2339.508782 -81.935133 2267.859253 638.844955 206.626094 8.7e-05 0.027944 0.0089 0.185838 0.03954 1.365671 0.04886 1.909111 0.083679 2.332014 0.089583 2.140597 0.000665 0.014956 0.000838 0.208467 0.000415 0.009779 0.002761 0.003058 0.000632 -0.00021 0.001109 0.002283 0.069767 2.376483
37.117911 433.372416 74.900767 1798.785404 190.892864 3465.904942 256.713929 4062.108728 266.101475 3961.146673 217.104982 3811.484516 -94.526447 322.472114 -142.779165 1475.935468 -113.677828 2302.321069 -108.864038 2710.135834 -86.977982 2399.008639 -77.092161 2322.59127 657.348874 194.824797 0.003301 -0.010849 0.082665 -0.003268 0.32422 0.007374 0.465656 0.021029 0.456195 0.037899 0.354128 0.039125 0.012877 -7e-05 -0.000618 0.005913 0.0357 0.140768 0.041801 0.338198 0.097337 0.373574 0.07376 0.326297 0.132084 -0.173497
38.454607 441.156136 76.852082 1812.079632 192.791 3430.226077 257.285721 4007.978405 268.776566 3900.206193 218.689404 3758.992747 -91.489942 329.202017 -138.508512 1480.970634 -110.901507 2319.458957 -107.713774 2729.112484 -85.212317 2417.905132 -75.152299 2342.132169 656.664116 176.343316 0.011822 0.03464 0.012546 0.024473 0.004695 -0.092297 0.000318 -0.181542 0.00669 -0.236206 0.00288 -0.181984 0.024785 0.034751 0.032421 0.004287 0.017162 0.031774 0.003055 0.033103 0.009053 0.037065 0.012359 0.040929 -0.000178 -0.460407
38.919952 437.271756 76.713989 1792.680771 185.539664 3400.318057 246.12594 4006.069625 249.935962 3877.555941 203.544839 3727.219041 -90.979486 330.269744 -137.943202 1481.243837 -110.28822 2321.63395 -106.594788 2731.227476 -84.364303 2420.437792 -74.536711 2347.993591 624.7184 170.87926 0.001399 -0.008588 -6.2e-05 -0.052197 -0.069498 -0.065478 -0.123712 -0.000227 -0.342276 -0.032981 -0.271688 -0.067429 0.000714 0.000864 0.000578 1.3e-05 0.00085 0.00051 0.002921 0.00041 0.00212 0.000663 0.001266 0.003663 -0.398276 -0.042995
38.937059 436.697917 71.169421 1771.72818 172.980051 3330.784576 227.709198 3907.878308 236.318424 3764.659381 193.176692 3627.804437 -91.587402 333.009925 -140.634107 1486.038385 -111.426692 2302.187366 -106.533688 2711.277376 -84.869495 2384.266264 -75.20553 2310.134432 604.427924 156.947555 2e-06 -0.000188 -0.103977 -0.061583 -0.220061 -0.359156 -0.358041 -0.609172 -0.190717 -0.833942 -0.135507 -0.671902 -0.001012 0.00566 -0.012997 0.003874 -0.002923 -0.040894 9e-06 -0.036565 -0.000754 -0.136158 -0.001494 -0.153854 -0.167487 -0.296163
38.975079 430.636261 65.584656 1734.496118 151.955896 3185.685399 198.108116 3717.154041 207.820977 3548.759544 169.945707 3428.919545 -91.451007 333.947147 -140.86619 1490.93573 -111.491381 2292.095149 -105.887286 2704.455749 -84.584364 2370.694641 -75.096091 2295.397979 557.572498 118.411095 9e-06 -0.021182 -0.114083 -0.197686 -0.680871 -1.615628 -1.030119 -2.385658 -0.915188 -3.18749 -0.74387 -2.803217 5.1e-05 0.000659 -9.6e-05 0.004028 -9e-06 -0.011085 0.000984 -0.004296 0.00024 -0.019368 4e-05 -0.023576 -0.945062 -2.709925
39.678164 425.405857 65.909434 1707.310678 144.266782 3137.031677 188.411639 3674.509012 193.332966 3513.362729 156.615292 3388.544145 -90.751763 338.462071 -139.922438 1485.271049 -112.02307 2295.580032 -104.495009 2713.476419 -85.668338 2382.283508 -76.389769 2297.060712 536.392164 109.515894 0.003143 -0.015979 0.000401 -0.107365 -0.099811 -0.1872 -0.121645 -0.123018 -0.261709 -0.088709 -0.272191 -0.11956 0.001342 0.015158 0.001586 -0.005391 -0.000632 0.001324 0.004607 0.00751 -0.003451 0.014128 -0.005524 0.000301 -0.205056 -0.173641
41.259708 434.724293 77.195661 1763.937931 180.760542 3244.498988 238.84252 3806.903591 248.328334 3560.980496 201.776008 3424.080427 -89.631195 342.047751 -139.786113 1509.905326 -111.066903 2326.922065 -105.052586 2724.370825 -85.748406 2396.235849 -75.73561 2324.837998 625.924363 114.973925 0.015453 0.050478 0.445748 0.461917 2.05524 0.904959 2.98674 1.17155 3.437369 0.160261 2.856726 0.092684 0.003481 0.009447 3.3e-05 0.101306 0.002049 0.106256 -0.000742 0.010913 -1.9e-05 0.020369 0.001406 0.083471 3.453423 0.06636
42.187024 430.001346 76.706784 1755.453163 180.423483 3295.855262 239.532046 3856.221498 245.023011 3684.224724 199.047162 3549.258795 -87.249799 329.274371 -135.702132 1485.550047 -109.511839 2301.008811 -105.834423 2703.774477 -84.574662 2386.269207 -73.842449 2314.057617 617.505563 140.383642 0.005153 -0.012898 -0.000776 -0.010228 -0.000157 0.201633 0.000497 0.1587 -0.011073 1.048296 -0.009289 1.123629 0.016031 -0.121532 0.030273 -0.099015 0.005482 -0.072549 -0.001449 -0.039075 0.004044 -0.010385 0.011981 -0.012526 -0.028501 1.26736
41.501802 427.991508 75.081733 1725.897936 168.042381 3228.532293 220.223326 3781.153057 221.721603 3624.175971 180.326621 3490.946665 -88.788429 329.243006 -134.832616 1479.151989 -110.530975 2299.929888 -107.970216 2705.637484 -86.848343 2397.525512 -75.628585 2323.071871 586.103034 126.261092 -0.002805 -0.002354 -0.008699 -0.125458 -0.220022 -0.347351 -0.405641 -0.368936 -0.582004 -0.246696 -0.462172 -0.241496 -0.006724 -1e-06 0.001397 -0.006904 -0.00236 -0.000127 -0.010668 0.000321 -0.015079 0.013243 -0.010672 0.008762 -0.409721 -0.374255
39.307784 428.405559 74.627925 1723.615625 165.883127 3239.629342 215.777182 3810.601041 216.456972 3665.357862 175.82146 3523.543849 -92.682792 329.001436 -140.772259 1477.015805 -114.350038 2314.631105 -111.367557 2731.307843 -89.623407 2425.976204 -78.348548 2343.850264 584.645354 127.418925 -0.02979 0.0001 -0.000688 -0.000755 -0.006981 0.009519 -0.022671 0.057114 -0.031628 0.116329 -0.028496 0.075742 -0.041791 -4.4e-05 -0.064011 -0.000772 -0.032431 0.023418 -0.026312 0.060601 -0.021821 0.083907 -0.024026 0.046256 -0.000907 0.002642
38.606003 421.220921 67.45917 1694.555033 147.427358 3147.500467 192.126179 3685.161813 197.42899 3531.812278 159.85458 3404.946457 -93.028326 326.261089 -139.526829 1466.189142 -114.357432 2325.021215 -111.293094 2759.906857 -89.951777 2462.325952 -78.86935 2370.912887 553.907227 96.181625 -0.003161 -0.030378 -0.180959 -0.123536 -0.544047 -0.664475 -0.686242 -1.049666 -0.437627 -1.239095 -0.379958 -1.015111 -0.000321 -0.00573 0.002767 -0.019913 -0.0 0.011634 1.2e-05 0.074474 -0.0003 0.135151 -0.000863 0.07767 -0.415003 -2.192698
38.396303 424.598484 70.048621 1723.263263 174.154328 3311.341656 234.459295 3904.901934 239.648109 3795.512811 194.049684 3653.59391 -94.324771 326.508651 -141.509198 1465.269971 -115.958153 2316.504037 -114.146677 2732.40196 -91.134362 2441.299845 -79.630568 2358.028685 626.350923 148.796612 -0.000286 0.006744 0.024384 0.120571 1.112577 2.078411 2.105705 3.181518 2.04384 4.74665 1.655882 4.380845 -0.004486 4.7e-05 -0.006992 -0.000144 -0.005563 -0.007814 -0.018061 -0.068871 -0.003861 -0.045079 -0.001828 -0.017552 2.225378 5.716874
38.111261 424.500356 63.845381 1746.842738 157.70639 3258.451735 211.999389 3821.767722 219.568555 3720.803839 177.745015 3584.857114 -94.448983 331.071375 -145.290852 1524.927709 -114.058814 2325.92519 -106.063818 2752.394619 -85.920753 2419.075872 -76.338412 2329.504297 580.192752 139.577455 -0.000531 -6e-06 -0.143774 0.080113 -0.407853 -0.212898 -0.565301 -0.447249 -0.439206 -0.371297 -0.357684 -0.326372 -4.1e-05 0.01583 -0.024933 0.595178 0.007842 0.009559 0.148391 0.036438 0.076777 -0.05081 0.034749 -0.086789 -0.883249 -0.147403
37.315794 423.629005 62.233352 1713.05651 138.554042 3083.810247 183.247185 3594.313032 186.0146 3444.770374 151.489396 3317.740832 -94.633686 329.081986 -145.038138 1466.154451 -115.983764 2299.979055 -109.137037 2721.864327 -88.743784 2407.184411 -78.86231 2316.91429 531.722501 92.719578 -0.004195 -0.000448 -0.010306 -0.164967 -0.619719 -2.404933 -1.047176 -3.488892 -1.390345 -5.318678 -1.04858 -5.170361 -9e-05 -0.002998 0.00011 -0.577488 -0.008054 -0.072765 -0.021945 -0.085135 -0.022815 -0.01465 -0.020523 -0.017057 -1.056952 -4.775054
37.804849 413.733608 60.499337 1677.572105 123.916423 2977.972545 162.619496 3516.14462 159.966886 3341.912666 129.122503 3195.17411 -94.407049 326.195204 -142.680113 1470.979514 -114.07301 2306.416378 -106.739083 2728.521828 -87.359347 2405.917733 -77.696912 2299.734943 483.754681 76.722237 0.001592 -0.058471 -0.01225 -0.185685 -0.408478 -0.924025 -0.615672 -0.429683 -0.981913 -0.779491 -0.892826 -1.153395 0.000136 -0.006359 0.009663 0.003963 0.007935 0.004498 0.013319 0.004066 0.005442 -0.000167 0.004338 -0.031964 -1.133554 -0.756861
40.058052 406.694931 62.060247 1640.538615 125.176555 2888.358775 161.267377 3406.574899 160.400503 3237.275163 129.614148 3101.004778 -93.160081 322.927655 -144.094655 1432.707777 -110.413948 2268.119125 -103.058267 2697.582965 -81.165852 2382.189832 -71.545737 2281.945661 469.768401 65.437996 0.032608 -0.030194 0.00994 -0.206672 0.003187 -0.684508 -0.002822 -0.867165 0.000293 -0.832147 0.000467 -0.704265 0.004145 -0.008224 -0.003489 -0.252229 0.029823 -0.160312 0.032292 -0.088205 0.113848 -0.058793 0.126817 -0.034535 -0.102581 -0.448562
39.696789 408.914309 63.442435 1664.76202 143.407818 2997.137783 190.303843 3519.517582 195.756872 3368.01812 158.547801 3236.899923 -92.777842 321.759547 -142.241165 1451.843327 -112.989606 2293.654348 -107.439411 2716.924383 -85.768332 2398.6338 -75.186303 2301.923548 540.675665 82.061486 -0.000818 0.00302 0.007611 0.088764 0.619475 1.005343 1.201121 0.92093 1.75929 1.294068 1.456259 1.457076 0.000393 -0.001058 0.005999 0.063471 -0.014848 0.071469 -0.045598 0.034545 -0.063459 0.02828 -0.04517 0.043535 2.491006 0.939744
40.442857 409.814804 65.814721 1671.161534 148.178518 3020.11914 195.869638 3580.360116 203.911004 3450.028264 166.171901 3309.092706 -91.465315 321.829261 -141.946235 1451.92895 -111.204451 2291.502205 -105.749513 2712.710968 -83.203583 2396.312148 -73.019357 2304.375278 547.622753 95.742307 0.003473 0.000495 0.021771 0.006138 0.03903 0.043886 0.040111 0.2607 0.08319 0.493243 0.089516 0.398103 0.004675 4e-06 0.000153 1e-06 0.007107 -0.000505 0.006698 -0.001635 0.019466 -0.000562 0.015843 0.000652 0.022173 0.527106
39.132418 417.472281 70.293876 1727.327253 152.11332 3025.565984 200.782733 3621.51289 205.076171 3623.357534 171.029515 3476.941929 -91.329353 317.39896 -142.016405 1453.763966 -111.725942 2283.291349 -108.01153 2691.572954 -83.899214 2390.474614 -73.557893 2309.321894 551.316609 127.731842 -0.010791 0.03544 0.073722 0.464148 0.02578 0.002454 0.030429 0.117578 0.00166 2.123986 0.03499 2.076151 5.1e-05 -0.015353 -9e-06 0.000579 -0.00061 -0.007368 -0.011969 -0.041339 -0.001448 -0.003559 -0.000989 0.002652 0.006208 2.301445
]