08-06-20_Linda_4KDepth.alligator_above_black_wall.0000000002 [ 24.930502 193.162691 49.163682 928.224688 113.151163 1968.413276 156.15286 2300.708608 150.259859 2326.509633 122.444916 2232.683006 -38.677995 122.725189 -51.916885 707.36533 -28.073168 1500.940937 -29.100925 1825.915607 -17.250291 1761.364299 -14.108264 1659.983008 269.334045 39.253916 0.0 0.0 0.0 0.0 0.0 0.0 0.0 0.0 0.0 0.0 0.0 0.0 0.0 0.0 0.0 0.0 0.0 0.0 0.0 0.0 0.0 0.0 0.0 0.0 0.0 0.0
23.502963 196.264992 45.394474 885.518543 112.336385 1906.203925 155.517872 2246.259457 152.384115 2275.031548 123.997649 2182.067945 -37.604283 132.270244 -55.35002 689.82822 -32.638141 1448.531428 -33.305257 1772.363107 -19.253407 1701.771446 -15.837568 1600.080634 279.968744 41.534908 -0.021042 0.012357 -0.075153 -0.502846 -0.001472 -0.499437 -0.000647 -0.326021 0.007455 -0.287955 0.004892 -0.29016 0.007557 0.178709 -0.054954 -0.110064 -0.171867 -0.465672 -0.141785 -0.398528 -0.055001 -0.512768 -0.049973 -0.550388 0.102955 0.032207
23.648478 208.715396 42.326433 914.67855 105.728919 1952.530774 150.181253 2294.976785 144.428912 2334.696961 117.448334 2247.081309 -39.671106 133.541056 -54.842072 680.733617 -34.562148 1419.627891 -36.000468 1740.921719 -21.805783 1667.240621 -18.093333 1574.979097 278.473468 56.052834 0.000225 0.191428 -0.053669 0.236186 -0.100127 0.278103 -0.046584 0.261322 -0.106627 0.386152 -0.088843 0.477176 -0.027645 0.003038 0.001171 -0.030175 -0.027549 -0.14564 -0.052426 -0.140692 -0.079409 -0.176967 -0.075066 -0.099226 -0.002002 1.085943
24.592737 201.739941 41.426038 905.530674 106.637807 1931.337177 150.960478 2261.331161 148.884164 2297.093136 121.072164 2215.333767 -39.524603 128.583259 -57.382105 687.42994 -36.482979 1441.940929 -37.096271 1772.959624 -22.436305 1690.625382 -18.506674 1592.385219 286.913038 46.386783 0.009242 -0.059276 -0.00484 -0.022988 0.001945 -0.057825 0.001008 -0.124228 0.033838 -0.152648 0.02753 -0.112934 0.000136 -0.04689 -0.028749 0.016387 -0.025971 0.086994 -0.008214 0.146056 -0.004493 0.081429 -0.002334 0.047828 0.062993 -0.457057
23.3511 206.801772 41.068346 909.752756 105.190393 1939.444465 147.887422 2278.721809 145.766067 2315.706299 118.196635 2228.959877 -39.279351 135.685746 -55.119093 693.041679 -37.33615 1449.438754 -39.02332 1782.044964 -24.133931 1706.548144 -19.857756 1606.925718 288.523911 46.395146 -0.01608 0.031359 -0.000775 0.00491 -0.004945 0.00849 -0.015801 0.033308 -0.016499 0.037553 -0.01728 0.020889 0.000382 0.09546 0.022763 0.011406 -0.00493 0.009722 -0.024397 0.011609 -0.030952 0.037316 -0.023798 0.033043 0.002255 0.0
23.637755 196.59246 40.187098 890.066802 105.239549 1925.080471 148.862928 2252.912603 146.537519 2290.258355 118.283355 2213.681956 -40.176897 128.235144 -55.292697 674.982322 -36.314505 1432.359568 -38.804096 1760.497878 -23.225286 1684.241998 -18.923828 1592.96634 286.439725 46.473211 0.000874 -0.129212 -0.004779 -0.107663 6e-06 -0.026695 0.001603 -0.073497 0.001018 -0.0703 1.6e-05 -0.02627 -0.00507 -0.105188 -0.000136 -0.119206 0.007086 -0.050611 0.000309 -0.065529 0.008718 -0.073371 0.011247 -0.030449 -0.003777 3.3e-05
25.124084 199.097453 42.231945 893.424976 105.977651 1916.671091 148.471934 2242.281719 146.47331 2273.819178 118.035983 2197.626062 -38.890581 135.631457 -53.841423 701.060731 -35.197043 1466.78831 -37.69063 1800.387474 -22.233741 1724.095973 -17.843908 1630.844392 282.841177 37.974501 0.022658 0.007929 0.025371 0.003162 0.00129 -0.009204 -0.000257 -0.012571 -7e-06 -0.029606 -0.000129 -0.02922 0.010464 0.103682 0.00965 0.247138 0.008731 0.204436 0.008104 0.223432 0.010815 0.233016 0.015863 0.222531 -0.011374 -0.428738
24.831615 193.299402 41.406705 889.549408 106.167216 1923.90172 149.882941 2251.705294 147.963976 2285.58211 119.213469 2204.061051 -37.931538 128.935297 -53.834732 688.97842 -36.469912 1450.990193 -38.975823 1775.40772 -23.99808 1702.683799 -19.482906 1606.102696 291.140097 42.826197 -0.000856 -0.042838 -0.004071 -0.004212 8.5e-05 0.006807 0.003337 0.00988 0.003773 0.015174 0.002922 0.004704 0.005987 -0.084753 0.0 -0.052511 -0.011305 -0.042769 -0.010773 -0.087253 -0.033678 -0.066897 -0.036001 -0.094558 0.059998 0.145792
25.208225 188.144035 43.823556 877.621823 107.847249 1919.058464 150.072144 2243.028035 148.833986 2281.413674 119.596443 2202.660732 -39.777195 127.846252 -57.710913 669.902593 -37.872276 1427.160324 -40.586267 1755.739118 -24.229776 1679.82398 -19.695244 1590.248135 293.167288 45.947934 0.001417 -0.03484 0.034274 -0.040253 0.006594 -0.003052 6e-05 -0.008376 0.001275 -0.001902 0.000307 -0.000222 -0.021921 -0.002309 -0.067368 -0.133899 -0.013228 -0.098652 -0.0163 -0.054778 -0.000557 -0.077247 -0.000575 -0.039321 0.003517 0.054905
25.676148 188.218768 43.114547 891.636794 109.6458 1934.621784 154.986413 2261.361773 152.11185 2295.260051 122.076635 2212.9268 -35.957815 128.105245 -48.895946 689.625503 -32.971608 1454.506299 -36.561758 1771.178654 -22.293702 1697.760244 -17.862469 1603.202418 290.872478 44.956839 0.002152 7e-06 -0.002891 0.05551 0.007437 0.031427 0.039585 0.037311 0.017852 0.020946 0.012727 0.011934 0.096369 0.000131 0.365065 0.143069 0.169707 0.129755 0.105043 0.033794 0.040302 0.047625 0.044745 0.026275 -0.004508 -0.005403
24.770052 187.735308 43.354637 886.234019 108.64996 1919.948954 150.485418 2251.566423 150.127351 2275.403709 120.650298 2191.79007 -36.681583 123.184202 -52.826418 678.274681 -35.33151 1436.794572 -37.680494 1763.621147 -22.878672 1683.263927 -18.558891 1589.918237 290.218895 44.536835 -0.008138 -0.000311 0.000333 -0.008209 -0.002271 -0.027927 -0.033162 -0.01063 -0.006515 -0.043131 -0.004191 -0.050714 -0.003606 -0.048189 -0.075964 -0.047095 -0.04078 -0.05425 -0.008429 -0.008079 -0.003788 -0.031077 -0.006659 -0.027633 -0.000368 -0.000986
26.056834 187.573395 43.140539 883.000979 107.269145 1926.128785 150.289086 2260.936346 148.668094 2293.400011 118.873997 2210.924982 -37.660703 125.972928 -52.644061 683.107422 -33.94588 1445.727525 -36.444503 1775.580514 -21.283098 1690.213922 -17.168867 1599.760684 282.45217 45.931047 0.016291 -3.5e-05 -0.000265 -0.002954 -0.004415 0.004965 -6.4e-05 0.009728 -0.003563 0.035443 -0.006587 0.041582 -0.006448 0.015607 0.000158 0.008578 0.013859 0.013842 0.010305 0.020206 0.028834 0.007159 0.02705 0.015186 -0.05267 0.010744
26.449639 184.961722 45.33859 882.641645 108.92462 1928.509737 151.04002 2261.441138 149.449946 2297.553664 120.112471 2213.977829 -36.274252 127.783853 -53.042598 690.520183 -33.382044 1448.535284 -35.27959 1774.670678 -20.431119 1693.212431 -16.45576 1600.716576 280.396758 46.02457 0.001469 -0.009155 0.027307 -3.7e-05 0.006338 0.000735 0.000936 2.8e-05 0.001025 0.001879 0.003209 0.001053 0.013001 0.006462 -0.000751 0.020002 0.002361 0.001362 0.009461 -0.000117 0.008701 0.001329 0.007563 0.000143 -0.003753 4.8e-05
26.745477 187.146534 45.168261 888.194585 109.429582 1935.89429 152.089356 2269.080538 150.775839 2305.084352 121.443789 2221.095095 -35.878119 128.783534 -52.304172 699.237379 -33.062094 1452.625833 -34.886301 1778.912456 -20.203827 1700.581083 -16.256382 1606.409423 281.365334 45.876126 0.000823 0.006414 -0.00016 0.008706 0.000584 0.007056 0.001816 0.006441 0.002928 0.006161 0.003669 0.005711 0.001087 0.001948 0.002588 0.027339 0.00077 0.002884 0.001102 0.002532 0.000636 0.007999 0.000608 0.005053 0.000835 -0.00012
26.764654 187.301166 45.560643 895.392762 109.682626 1964.517261 152.343797 2300.345532 151.310739 2338.914925 122.133804 2256.042703 -36.044613 128.824257 -53.066997 702.682938 -33.48868 1457.534642 -34.967144 1784.686155 -20.490326 1703.022243 -16.564284 1610.64018 283.163648 50.33391 3e-06 3.2e-05 0.000848 0.014525 0.000146 0.105026 0.000106 0.106962 0.000474 0.123226 0.000977 0.136399 -0.000193 3e-06 -0.002761 0.004234 -0.001367 0.00414 -4.7e-05 0.004677 -0.001009 0.000875 -0.001444 0.002782 0.002864 0.103329
25.92028 192.879895 45.988023 900.698297 113.055064 1937.290515 156.066323 2264.511349 156.765856 2295.828349 127.327169 2212.880816 -35.743826 130.868144 -52.694759 695.449562 -33.067509 1457.146683 -34.59825 1787.385245 -20.247896 1705.910963 -16.473052 1611.772081 289.693454 43.720237 -0.006767 0.040933 0.000998 0.007836 0.025532 -0.094995 0.022466 -0.140652 0.048301 -0.20028 0.054064 -0.208439 0.00063 0.008043 0.000655 -0.018711 0.001333 -2.6e-05 0.000978 0.00102 0.000721 0.001224 0.000126 0.000199 0.037217 -0.232817
26.893457 192.963263 44.080486 881.646552 106.455817 1783.664988 148.658792 2093.524563 148.597462 2091.984516 119.285067 2009.980921 -33.534537 129.854819 -51.846819 694.834631 -30.713644 1474.981885 -31.967966 1821.932823 -17.457498 1738.193842 -14.13167 1631.74307 267.920358 16.374691 0.008967 9e-06 -0.020202 -0.101826 -0.09922 -3.172689 -0.090048 -3.35561 -0.109271 -4.737526 -0.131163 -4.87728 0.035236 -0.001969 0.003439 -0.000136 0.04345 0.054243 0.051987 0.165345 0.103394 0.151303 0.089694 0.061483 -0.425248 -6.582112
27.075331 182.427124 42.969704 797.644958 93.632079 1508.861299 122.475785 1782.385417 121.548777 1742.934504 100.454154 1672.994381 -33.778596 133.864501 -51.873174 702.75404 -30.245582 1482.458529 -31.105067 1828.737189 -16.536568 1744.826701 -13.280702 1639.002215 227.751384 -0.000513 0.000306 -0.147889 -0.007087 -2.102282 -0.411363 -11.487994 -1.267185 -12.508551 -1.35755 -15.918106 -0.80836 -15.449277 -0.000442 0.030484 -3e-06 0.022438 0.001797 0.009451 0.005903 0.006341 0.012477 0.006316 0.013212 0.008056 -1.630317 -16.55856
28.176343 185.345348 43.166773 775.839922 87.714916 1428.392061 113.332441 1687.891176 111.786684 1639.700149 92.822915 1577.876473 -33.848782 142.538893 -51.602817 719.634128 -29.107774 1501.078107 -29.795819 1845.137846 -15.43356 1760.496878 -12.324817 1657.683077 210.292901 -2.146413 0.010971 0.011578 0.000225 -0.151092 -0.096561 -1.102478 -0.177331 -1.286759 -0.204299 -1.575667 -0.150712 -1.391835 -3.6e-05 0.136148 0.000353 0.100165 0.010907 0.058101 0.014075 0.036608 0.019033 0.035026 0.017848 0.052929 -0.348047 -2.080542
29.850731 188.486998 42.960797 784.065764 80.534563 1400.399717 103.439949 1653.884914 100.48307 1591.813239 82.843778 1530.323849 -33.889055 147.370045 -51.467433 733.587392 -27.136185 1485.589561 -26.21837 1837.278365 -13.233608 1736.643041 -10.541763 1623.045966 186.648249 -3.152454 0.024163 0.013201 -0.000246 0.021689 -0.153287 -0.138503 -0.225841 -0.17303 -0.301179 -0.354831 -0.283673 -0.363777 -1.2e-05 0.040257 8.9e-05 0.066988 0.034567 -0.040161 0.114357 -0.008387 0.084538 -0.081354 0.069624 -0.18285 -0.704848 -0.09638
33.486645 192.394698 44.292934 774.186227 61.582038 1212.923036 70.095222 1430.855777 63.677467 1324.763821 53.276445 1272.591522 -34.803442 161.087658 -52.066664 739.803279 -23.362075 1482.628819 -20.449794 1836.698968 -9.590657 1728.601035 -7.575932 1594.314533 122.693166 -26.823522 0.104447 0.020046 0.01017 -0.031319 -1.269414 -6.733352 -3.233718 -8.073154 -4.179196 -12.251604 -3.250031 -11.874593 -0.006086 0.305173 -0.001734 0.013112 0.141231 -0.001477 0.357895 -4.6e-05 0.292599 -0.009332 0.244399 -0.12829 -6.683426 -11.584683
33.185178 192.344187 45.743642 783.910555 48.868067 1137.165534 50.216167 1335.927794 45.270227 1202.030686 38.85498 1150.14786 -34.492556 167.985672 -52.102497 755.396616 -21.731226 1425.055957 -16.584085 1775.801039 -7.613779 1612.360081 -6.409904 1479.901234 90.01499 -30.073045 -0.000682 -3e-06 0.011688 0.030346 -0.734196 -1.221378 -1.653673 -1.628963 -1.566254 -2.982498 -1.135706 -3.09609 0.000697 0.072306 -6e-06 0.081313 0.0295 -0.570034 0.20231 -0.513332 0.113954 -2.022779 0.048692 -2.129802 -2.525149 -0.092871
32.710916 188.645457 52.486458 760.47306 41.277935 881.83487 36.93439 1024.140912 30.498878 865.993985 26.636467 842.577114 -34.692098 177.345687 -52.748078 795.205909 -16.472689 1317.021125 -9.512404 1612.011145 -4.135663 1415.269262 -3.901166 1312.958069 57.096339 -67.113597 -0.001707 -0.017954 0.231697 -0.177853 -0.320106 -16.210129 -1.01802 -20.685617 -1.4538 -27.484209 -1.149877 -23.879358 -0.000288 0.126872 -0.001987 0.511105 0.363633 -2.129054 0.976416 -3.961675 0.526604 -6.421861 0.30985 -4.993979 -3.730349 -7.335427
30.034814 180.83195 61.653998 714.653399 38.474199 688.643652 31.958699 806.520104 24.943181 652.980025 22.895382 642.965007 -36.111418 189.703499 -49.313707 811.808369 -10.907311 1236.87005 -5.134305 1468.21882 -1.891597 1241.338663 -1.885437 1165.276281 40.572674 -93.686187 -0.057094 -0.082627 0.368755 -0.711786 -0.049299 -11.927932 -0.179916 -12.980918 -0.279063 -15.010215 -0.141482 -13.472014 -0.014227 0.20809 0.0578 0.085764 0.571588 -1.258037 0.669645 -3.358111 0.433332 -5.699814 0.362434 -4.404206 -1.407886 -2.210793
31.674269 193.879261 65.607538 917.270991 31.152124 605.14955 19.096882 581.56452 20.728743 420.919919 19.469806 450.518692 -35.74657 197.247377 -50.287236 917.669264 -6.710172 1095.956867 -1.292322 1271.488636 -0.264117 1061.067091 -0.486738 1009.017814 25.672524 -145.387932 0.021782 0.22722 0.061426 12.627219 -0.386074 -2.69693 -1.646614 -18.349646 -0.194862 -25.372788 -0.13872 -17.06788 0.000926 0.073544 -0.004758 3.2429 0.50726 -4.259783 1.274859 -7.072431 0.742062 -7.068215 0.456227 -5.622127 -1.69745 -5.657402
31.068478 194.023946 62.514101 943.005062 21.010838 508.453924 11.033977 455.244149 13.106678 329.518312 12.841706 359.312635 -36.138681 204.763287 -52.370837 1006.535276 -5.670679 1007.90862 -0.541711 1126.946136 -0.125627 907.792591 -0.510449 875.602417 15.798666 -143.447507 -0.002925 2.7e-05 -0.03735 0.178004 -0.995307 -4.206046 -1.098838 -7.72394 -0.869684 -5.587048 -0.687121 -5.152364 -0.001069 0.070264 -0.021147 2.053156 0.043715 -1.843248 0.160635 -4.359414 0.025435 -5.975229 -0.000282 -4.72828 -1.192579 0.006518
30.005618 189.008298 62.902557 946.371352 21.059772 414.68612 12.587009 331.400286 14.005623 238.459838 12.902524 276.936269 -34.619079 202.791765 -45.220633 1056.800145 -2.328234 907.229316 0.068956 985.097079 0.16352 786.851626 -0.005869 770.305847 11.142464 -158.980092 -0.009249 -0.03284 0.000602 0.002999 2.8e-05 -4.774572 0.05111 -9.809726 0.014907 -7.34678 7.2e-05 -5.35525 0.016319 -0.004769 0.262288 0.612342 0.731818 -2.6482 0.997211 -4.768817 0.5758 -4.321081 0.406849 -3.371614 -0.405413 -0.399138
32.523894 185.583346 61.032269 902.65097 16.203123 324.618946 8.092438 233.188576 11.121503 162.499955 9.822294 199.511372 -33.755459 204.401555 -45.109354 1079.728215 -1.988844 850.798872 0.139271 899.774065 0.235309 700.775425 0.014869 693.142421 8.121391 -188.365089 0.05073 -0.015658 -0.014113 -0.516959 -0.317851 -5.506807 -0.494345 -8.607708 -0.16607 -7.260858 -0.209722 -6.333038 0.005454 0.003182 6.9e-05 0.123029 0.013361 -0.905906 0.012232 -1.932161 0.006514 -2.492333 0.039422 -2.035719 -0.238366 -1.2452
32.505337 165.999067 48.386836 894.085358 11.459808 287.13863 5.510864 182.54315 9.736069 130.595541 8.180064 162.331548 -37.826695 195.555776 -39.208892 1090.606302 -0.588433 816.232431 0.923944 837.479335 0.786569 671.428281 0.350802 662.454507 4.987987 -209.788938 -3e-06 -0.545878 -0.733165 -0.020418 -0.409698 -1.149225 -0.247206 -3.096404 -0.046064 -1.741625 -0.075061 -1.915206 -0.11587 -0.097832 0.206706 0.027262 0.413667 -0.358412 0.345779 -1.117247 0.161444 -0.313858 0.221226 -0.3474 -0.37998 -0.576804
29.965668 170.610012 55.252726 877.845384 12.224205 271.09316 5.986103 176.853341 8.520981 123.672307 7.197347 158.110701 -36.077041 197.351612 -37.377863 1103.196117 -0.133078 767.104819 2.195576 770.461358 1.853734 599.063667 0.935542 604.447268 2.425971 -178.355277 -0.051645 0.031582 0.227675 -0.074422 0.012339 -0.230648 0.009826 -0.045042 -0.04048 -0.094271 -0.031433 -0.0278 0.020714 0.004104 0.021891 0.036126 0.161842 -0.762347 0.270949 -1.397241 0.225275 -2.062544 0.140587 -1.328676 -0.456742 1.274913
31.140148 166.101988 56.445595 860.097354 12.220371 262.704062 5.353278 174.70766 8.362903 121.481298 7.291679 152.715103 -34.423664 194.365577 -36.826341 1071.485534 -0.276901 745.582285 1.73837 740.269773 1.329556 569.424263 0.592041 577.219486 3.023441 -164.885035 0.011288 -0.030179 0.00637 -0.090625 -0.0 -0.065925 -0.017672 -0.006548 -0.00074 -0.009791 0.000307 -0.046834 0.01939 -0.011381 0.00205 -0.23121 -0.026055 -0.153119 -0.026659 -0.301716 -0.043454 -0.375971 -0.039122 -0.313731 0.032852 0.264417
30.352245 161.999473 46.026834 860.203639 8.086301 280.089931 2.936499 188.800789 6.463921 138.793321 5.589528 167.849966 -38.041931 189.743071 -33.355291 1070.169746 -0.004021 684.099975 2.93364 651.483214 1.519656 513.671963 0.815137 523.843574 1.715264 -118.445668 -0.005048 -0.02565 -0.531033 3e-06 -0.425264 0.278509 -0.360112 0.273296 -0.122111 0.576388 -0.112958 0.357481 -0.090388 -0.027815 0.085888 -0.000404 0.214184 -1.32261 0.155484 -2.834946 0.006349 -1.435875 0.017797 -1.294505 -0.184147 3.831736
29.639755 175.72039 44.211413 873.533191 7.588636 342.967351 3.020561 246.563201 5.871711 189.840212 5.224048 221.222027 -35.871907 191.869984 -31.358859 1003.378439 0.380348 588.075254 5.74307 549.892394 3.601011 430.139788 2.321763 443.90888 0.27618 -48.463321 -0.004231 0.278843 -0.018263 0.051242 -0.007902 3.180837 0.000593 3.84886 -0.014224 3.988783 -0.006178 3.678118 0.031862 0.005927 0.030802 -1.075991 0.462586 -3.629185 0.467423 -4.303072 0.442078 -3.70378 0.385497 -3.306884 -0.614896 15.379844
28.702145 186.291994 49.941827 866.184483 6.003353 408.832594 1.733407 329.150541 2.877395 255.978245 2.662993 286.401292 -36.676818 209.782204 -37.445819 1024.441171 -0.02027 588.599917 2.860495 539.057115 1.912526 411.867311 0.994629 433.548134 0.098187 -18.448693 -0.007535 0.154391 0.174546 -0.015521 -0.092765 2.890787 -0.177567 5.954456 -0.528344 4.933146 -0.427389 4.201927 -0.004465 0.399609 -0.269777 0.109391 -0.576225 0.000117 -0.497266 -0.053908 -0.264908 -0.19829 -0.27712 -0.06117 -0.045021 7.109508
28.6722 177.791188 58.217575 867.220312 11.691272 454.783764 4.487883 378.154468 5.20978 287.272371 5.229853 319.473572 -32.926344 200.142036 -34.795671 1037.335787 -0.526422 588.286017 1.090955 537.580839 0.494747 399.599033 0.184546 420.749835 2.493594 -9.246842 -8e-06 -0.099254 0.317072 0.000309 0.939109 1.223348 0.643001 1.699602 0.343637 0.902103 0.42905 0.903315 0.101118 -0.113369 0.048626 0.040323 -0.340096 -4.2e-05 -0.418365 -0.001012 -0.4618 -0.092745 -0.322309 -0.095871 1.602159 1.573349
28.678265 176.241542 57.833643 864.660207 11.717292 509.6539 4.455087 461.94366 5.187465 347.981529 5.170157 373.624509 -32.085352 199.740941 -32.422438 1037.961712 -0.585483 606.692893 0.955876 563.700785 0.318456 422.694824 0.120426 440.10465 2.935335 -3.630093 0.0 -0.003392 -0.000635 -0.001892 1.4e-05 1.562139 -6e-05 4.188901 -2.4e-05 2.907543 -0.000171 2.118612 0.00544 -0.000201 0.041908 9.4e-05 -0.00157 0.141774 -0.004462 0.309797 -0.019339 0.32441 -0.006817 0.217607 0.018002 1.289546
29.417048 168.173063 53.401903 863.382274 9.044849 536.591796 2.99478 495.469845 4.383865 372.039493 4.463017 392.195145 -33.417731 195.941635 -35.426453 1017.948131 0.003686 589.784123 4.248595 552.565552 2.350533 414.081635 1.248068 428.06599 0.314299 -1.125022 0.004698 -0.094522 -0.088318 -0.000473 -0.172713 0.346845 -0.144525 0.587181 -0.033794 0.402035 -0.02599 0.225196 -0.013552 -0.018241 -0.066534 -0.097415 0.682081 -0.119484 1.174022 -0.055541 0.938623 -0.04433 0.593124 -0.083472 -1.328622 0.713366
27.109334 178.619653 50.875283 880.410064 5.478506 531.088116 0.968211 475.287536 1.830855 362.171707 1.937285 385.543205 -35.556595 193.791546 -33.760896 989.494536 0.436705 553.580701 7.511758 502.343792 4.886643 374.83106 3.035559 396.294252 -0.735279 -0.108732 -0.047126 0.157379 -0.030614 0.083138 -0.444682 -0.014185 -0.557361 -0.209821 -0.548603 -0.066314 -0.519439 -0.028447 -0.033171 -0.005931 0.02005 -0.201661 0.360148 -0.573315 0.461784 -1.196148 0.458912 -0.977017 0.39077 -0.612486 -2.01103 0.534253
26.872504 182.742196 49.850884 897.480561 7.863849 517.446801 2.442598 451.629278 3.614574 352.151491 3.367293 377.949338 -34.310381 191.02119 -34.259601 968.620747 0.099743 520.520463 5.617069 464.148709 3.567407 340.571138 2.258677 365.476238 0.000155 0.096802 -0.00052 0.023516 -0.005209 0.081953 0.214957 -0.08874 0.33513 -0.301971 0.300427 -0.070283 0.196386 -0.037766 0.011115 -0.009972 -0.001828 -0.111262 -0.119036 -0.508908 -0.137436 -0.755016 -0.103566 -0.820808 -0.05731 -0.623639 0.756778 0.410721
26.119609 186.627729 48.014403 905.601883 6.781136 524.056275 1.714749 462.850721 2.950959 351.176926 2.898139 377.045228 -36.672234 198.032283 -36.95015 992.105607 -0.005007 561.692065 3.63691 513.950961 2.152565 381.473103 1.138287 401.307672 0.062837 -0.626664 -0.005349 0.020437 -0.017233 0.01829 -0.040078 0.020972 -0.06421 0.068851 -0.033624 -0.000675 -0.01759 -0.000541 -0.039305 0.063178 -0.050847 0.140652 -0.149447 0.783448 -0.214339 1.268722 -0.177743 1.159427 -0.190082 0.83765 0.056753 -1.216061
27.251034 181.268244 50.300593 873.743545 7.131553 539.518737 1.797139 499.365643 2.963711 377.632828 3.092273 396.364262 -36.179433 202.599303 -36.277124 1010.213815 -0.127868 603.698089 2.40193 565.826368 1.243784 422.676442 0.536049 437.318622 0.367591 -1.268595 0.011994 -0.03904 0.026585 -0.285227 0.004414 0.112404 0.000967 0.693098 1.4e-05 0.480335 0.003147 0.241323 0.001667 0.026032 0.003093 0.081884 -0.082268 0.757291 -0.127629 1.246837 -0.123842 1.05629 -0.112059 0.773519 0.126465 -0.112023
30.330772 177.422929 55.973697 848.530328 10.523386 521.264173 3.699193 483.899816 5.068957 363.647261 5.235825 383.161133 -32.462295 198.525625 -32.490692 995.822222 -0.181939 600.767232 1.820321 558.214477 0.940727 420.397427 0.456058 436.917478 1.642303 -2.056522 0.082418 -0.020612 0.151528 -0.184564 0.328879 -0.157079 0.339603 -0.121639 0.280785 -0.131943 0.280589 -0.111821 0.10072 -0.020686 0.104322 -0.051624 -0.004755 -0.003566 -0.04025 -0.025774 -0.021124 -0.00308 -0.00323 -9.2e-05 0.455937 -0.094703
28.746294 167.072779 60.692632 825.39127 12.487647 519.851076 4.69565 493.760347 5.378849 369.050162 5.746099 388.074841 -33.833872 191.848519 -37.343362 995.094626 -0.632709 617.112527 1.153677 583.696849 0.579152 437.829571 0.177838 453.016102 2.428032 -2.936765 -0.021252 -0.155517 0.095475 -0.159936 0.08399 -0.000959 0.059349 0.049727 0.004597 0.019921 0.011861 0.015653 -0.01419 -0.057108 -0.168807 -0.000133 -0.136078 0.109691 -0.07568 0.284362 -0.043635 0.177057 -0.064319 0.145621 0.076558 -0.078199
29.266205 169.112439 63.132799 822.939197 12.56135 528.588347 4.775549 499.921489 5.718813 376.622555 6.025865 395.605162 -33.23818 194.633577 -37.224168 1007.829712 -0.700317 628.256857 1.049984 604.551609 0.564736 450.105215 0.162034 462.060757 2.68932 -3.272183 0.00233 0.006187 0.024046 -0.001824 0.000108 0.036407 0.000337 0.019101 0.005208 0.03845 0.003325 0.03618 0.002645 0.010035 9.5e-05 0.040487 -0.001716 0.049864 -0.002441 0.183023 -9.1e-05 0.084859 -0.000368 0.0447 0.006675 -0.009067
29.819021 169.120887 66.514528 812.766306 12.334361 521.799259 4.248276 499.438903 5.195831 375.787163 5.679881 393.642001 -34.086672 193.513679 -36.756384 981.045805 -0.334199 617.420547 1.639966 588.943699 1.004497 443.002139 0.431365 455.646238 1.631215 -2.763525 0.002586 0.0 0.044112 -0.031634 -0.001035 -0.021941 -0.015418 -0.000117 -0.012537 -0.000464 -0.005114 -0.002442 -0.005347 -0.001616 0.001479 -0.180356 0.066951 -0.047134 0.065497 -0.10206 0.062879 -0.028247 0.064643 -0.022418 -0.131569 0.021472
28.424811 169.197712 71.336863 809.286701 15.576093 498.898103 6.01133 474.416137 5.880235 357.848052 6.547079 381.703408 -32.722406 190.917982 -41.858943 948.234683 -1.124112 595.394264 0.640079 577.039781 0.409911 434.341794 0.081415 448.933863 3.18507 -3.701761 -0.016689 9e-06 0.084374 -0.003732 0.188899 -0.256946 0.15262 -0.321527 0.021165 -0.21936 0.030792 -0.091919 0.013931 -0.008763 -0.165767 -0.279028 -0.232461 -0.200029 -0.23094 -0.060767 -0.131046 -0.042745 -0.137975 -0.024905 0.257542 -0.06844
30.71044 167.085492 83.485398 771.262985 19.722631 435.230305 7.695639 407.669577 7.979603 295.784406 8.88587 321.714751 -33.555837 184.991636 -58.186472 925.37346 -4.553147 615.902217 -0.020153 617.140956 -0.028776 456.588236 -0.354604 467.788103 8.966754 -17.385077 0.044187 -0.006634 0.477369 -0.45744 0.244393 -2.172243 0.103877 -2.528949 0.15992 -2.953202 0.178246 -2.562634 -0.00524 -0.046718 -1.341328 -0.139478 -1.152551 0.173618 -0.887382 0.673498 -0.655903 0.277789 -0.775843 0.193908 1.463562 -5.042474
30.417561 169.451568 83.987737 762.778447 19.422704 369.60251 8.392749 313.602732 9.739603 223.862682 10.379444 256.223865 -37.491243 184.779376 -79.016946 897.677706 -8.048785 594.137022 -0.481711 596.23884 -0.366529 436.725258 -1.179039 450.861988 13.884939 -35.235279 -0.000702 0.008318 0.000753 -0.023463 -0.001149 -2.680178 0.01511 -6.160309 0.087625 -5.001227 0.057983 -3.722639 -0.109078 -6.1e-05 -1.590479 -0.210389 -0.494529 -0.195763 -0.304808 -0.180047 -0.189905 -0.220856 -0.240443 -0.155945 0.535525 -3.120132
32.049202 178.337208 104.345298 668.272165 29.408772 317.3344 15.421925 272.304657 14.062026 203.255304 14.787236 236.848973 -35.830009 197.122667 -90.686021 840.68124 -8.743187 560.73245 -0.629782 564.314988 -0.252731 419.891382 -1.139355 440.037255 18.085119 -38.868839 0.021313 0.113528 1.103492 -3.123997 1.031983 -1.991392 1.061007 -1.457274 0.395771 -0.497417 0.389005 -0.380807 0.018822 0.199523 -0.401668 -0.934637 -0.014364 -0.483214 -0.009907 -0.439155 0.010546 -0.165422 0.00034 -0.065765 0.277108 -0.089136
35.203868 182.886696 112.983714 644.27468 31.408211 278.750647 16.915941 222.478959 15.270899 170.291037 15.996107 208.185119 -35.519286 195.323876 -107.885073 752.090907 -6.369375 535.98004 -0.082042 544.113008 0.01437 426.48648 -0.257681 448.889789 14.34836 -57.790226 0.074029 0.028651 0.171748 -0.219393 0.032876 -1.250047 0.03453 -2.515166 0.024921 -1.457338 0.023746 -0.924053 0.000677 -0.004122 -0.746242 -2.465615 0.187598 -0.279362 0.257209 -0.184114 0.387631 0.025695 0.313357 0.044081 -0.215981 -1.870057
38.965702 182.168954 137.59997 579.704284 36.8766 226.017723 20.552023 159.328245 18.346225 121.856906 19.281061 159.289576 -36.344504 181.75713 -122.847839 658.583315 -6.637555 526.598386 -0.034568 543.049215 0.089858 441.515134 -0.207105 465.776998 15.868158 -99.468308 0.09546 -0.000706 1.212028 -1.704376 0.219312 -2.762049 0.176849 -5.258763 0.140962 -4.042831 0.153278 -3.267505 -0.004738 -0.244133 -0.48567 -3.102522 -0.002765 -0.041417 0.010101 -0.00052 0.032359 0.130113 0.00276 0.155905 0.038245 -5.623498
38.93572 172.881995 152.680191 511.448901 26.417461 207.483768 10.836874 154.427273 10.088741 118.28919 11.548397 151.489322 -39.172473 177.991523 -119.312085 612.234763 -3.277576 523.364028 0.78378 543.295789 1.97011 451.33216 0.233381 476.396349 3.142366 -107.505713 -6e-06 -0.121479 0.391978 -2.136897 -0.870151 -0.396382 -1.541305 -0.03828 -1.225386 -0.026503 -0.985507 -0.097905 -0.05297 -0.019708 0.025814 -0.84548 0.58666 -0.004982 1.147552 2.8e-05 1.218468 0.053972 0.880187 0.059848 -4.887697 -0.156117
34.373639 171.483406 145.732966 470.704187 21.126347 189.2192 6.607153 134.276247 4.782116 116.973713 6.256367 156.548538 -40.427166 170.530921 -118.173438 531.927311 -1.998455 447.284509 0.883826 459.173145 2.83838 398.232248 0.744127 434.971824 0.25206 -83.545425 -0.142088 -0.00284 -0.080879 -0.845513 -0.295339 -0.420682 -0.520566 -0.704113 -0.979057 -0.003678 -0.804645 0.041549 -0.009889 -0.079861 0.00273 -2.821825 0.157403 -2.986153 0.003004 -3.535831 0.079041 -1.661063 0.144045 -0.941924 -1.614465 1.50842
32.12044 167.383715 136.346829 440.069264 12.323478 202.561551 1.537135 159.149158 1.061952 138.795919 2.310478 175.637121 -40.284492 163.87187 -115.656745 492.195946 -1.355482 453.290549 1.299107 477.975592 3.576982 417.989419 1.154266 446.942956 -0.740943 -75.058338 -0.038187 -0.0248 -0.156204 -0.515366 -1.179091 0.227257 -1.770566 1.056107 -1.337017 0.932633 -0.962847 0.548903 0.000126 -0.066308 0.013544 -0.770989 0.062208 0.020028 0.039866 0.18864 0.04266 0.239153 0.044834 0.081252 -1.857323 0.22724
31.337567 162.530501 119.982642 424.373016 4.629752 207.016716 -0.226238 166.673166 -0.251857 141.24414 0.025361 178.160943 -37.128043 163.637022 -114.232281 468.718432 -0.901305 451.143378 2.079614 478.999868 4.324489 409.378241 1.310218 439.865476 -6.663594 -69.697116 -0.004829 -0.035699 -0.522882 -0.142515 -1.846324 0.024231 -2.942794 0.086885 -2.348139 0.010702 -1.851706 0.009002 0.064378 -8.4e-05 0.004413 -0.28685 0.046174 -0.002549 0.091387 0.000548 0.035438 -0.044813 0.004939 -0.028243 -2.96051 0.099314
31.647237 160.797593 110.225383 423.423787 1.662484 191.249039 -1.242362 153.80756 -1.334826 136.43586 -0.363303 169.661434 -40.26747 162.092875 -117.591133 507.09455 -0.207664 452.917408 3.938551 472.891525 7.121878 414.977235 2.927987 444.709197 -14.623216 -75.523293 0.000761 -0.004644 -0.206871 -0.000531 -0.743583 -0.31225 -0.40828 -0.258347 -0.427054 -0.041633 -0.58064 -0.103864 -0.063699 -0.00366 -0.024334 0.754907 0.24371 0.001741 0.294297 -0.019599 0.347091 0.019014 0.320909 0.013262 -1.544148 -0.116919
33.078136 165.52535 128.552981 435.506775 8.435904 183.572414 0.41412 144.135799 0.233756 129.134356 0.89188 162.574274 -41.837813 157.489019 -119.059021 484.988171 -0.345786 438.780071 3.385846 464.929145 6.289419 410.779831 2.562529 439.694231 -4.098148 -79.280758 0.015819 0.03425 0.704413 0.084993 2.608513 -0.07862 3.091036 -0.157022 2.685763 -0.100392 2.393642 -0.075599 -0.015019 -0.033163 -0.004553 -0.246327 -0.017512 -0.112077 -0.020884 -0.033802 -0.025861 -0.010668 -0.012176 -0.014219 3.238715 -0.045608
33.114277 177.514958 136.181929 454.973687 19.945823 196.996573 6.057011 151.94201 4.716493 133.365334 6.2345 169.143755 -37.567924 168.857753 -118.750685 486.730951 -1.85604 424.025722 0.914914 442.943429 2.779283 392.949314 0.714101 424.598607 0.254652 -68.468313 1e-05 0.209589 0.109946 0.21281 2.438632 0.236835 3.30359 0.102925 2.850241 0.0341 2.41027 0.065059 0.114886 0.198083 0.0002 0.001563 -0.599587 -0.126162 -0.78067 -0.26625 -0.706866 -0.197807 -0.571151 -0.131839 6.395938 0.396165
35.84603 175.142658 139.475648 473.608837 29.620353 205.963986 14.473486 161.39608 12.698231 135.657629 14.30342 168.226325 -36.749988 166.198256 -126.581907 479.878075 -1.911224 413.153564 1.243452 434.243292 2.852375 381.765945 0.565588 408.555569 3.513976 -62.277607 0.054128 -0.007979 0.019678 0.187007 0.953325 0.099792 1.804465 0.142657 1.936854 0.009766 1.651451 -0.001247 0.004501 -0.010555 -0.125021 -0.024292 -0.000404 -0.070599 0.025151 -0.043146 0.000474 -0.080723 -0.008647 -0.154475 1.876706 0.146645
35.372762 177.528538 134.688903 475.645731 28.159261 205.784816 12.820184 156.955321 10.184232 134.402465 12.168336 169.837251 -37.044231 163.34688 -117.845868 461.847328 -1.455396 411.435217 1.199867 438.737497 3.685632 387.797312 1.099388 418.500048 1.616647 -65.599669 -0.001573 0.008071 -0.04179 0.002185 -0.018477 -3.9e-05 -0.05012 -0.030974 -0.13852 -0.002917 -0.086243 0.003838 -0.000587 -0.012336 0.156166 -0.172629 0.031001 -0.00179 -0.000389 0.011568 0.053316 0.023635 0.087889 0.059788 -0.363712 -0.043158
33.596004 168.839862 125.937273 469.311445 20.822146 198.877751 6.302969 149.052942 5.436148 127.004 7.305109 163.331644 -38.679515 156.121951 -115.29409 463.087727 -0.656907 407.913557 2.43973 434.024094 5.450305 378.045638 2.08462 408.214328 -9e-06 -66.810852 -0.02289 -0.108995 -0.146978 -0.02123 -0.552645 -0.058952 -1.144808 -0.102053 -0.739118 -0.104719 -0.617038 -0.063522 -0.017659 -0.081708 0.013965 0.000832 0.156737 -0.007568 0.217696 -0.012728 0.17205 -0.062088 0.156265 -0.063988 -1.624371 -0.00554
29.347713 165.680137 117.165317 469.125136 19.69945 203.34658 4.252282 155.333362 4.856622 135.412191 5.259419 171.735767 -40.241452 153.125065 -112.057328 486.540033 -2.569422 396.243706 0.141648 407.023331 1.742648 356.890853 0.365361 390.705238 0.780891 -52.633293 -0.14353 -0.014923 -0.158312 -1.8e-05 -0.015556 0.024826 -0.201121 0.064799 -0.016328 0.13474 -0.167653 0.105412 -0.015458 -0.014522 0.023042 0.289637 -0.627967 -0.08468 -1.405652 -0.433524 -1.0292 -0.304528 -0.704543 -0.191887 0.786263 0.844395
28.276538 159.140962 107.055039 464.396579 11.469052 194.393416 0.860404 148.729366 0.731247 128.647138 1.389572 162.583317 -39.737884 151.07555 -107.517085 499.987593 -2.346002 407.737937 0.226806 414.82086 1.663976 361.808133 0.344043 392.540135 -0.18907 -58.966774 -0.009957 -0.065829 -0.228056 -0.011976 -1.106299 -0.100781 -1.287151 -0.071725 -1.818842 -0.086673 -1.242202 -0.125304 0.001585 -0.006904 0.046945 0.091657 0.00508 0.082169 0.009976 0.036992 -0.000909 0.016822 -0.00032 0.002149 -1.738449 -0.179862
27.457718 152.207579 77.688191 458.89488 0.162014 188.379405 -3.467005 145.561836 -4.725714 125.165019 -3.070364 158.212572 -39.018591 146.343059 -104.466496 512.313047 -2.221565 407.098371 0.19773 419.821644 1.99103 362.731144 0.518521 391.290532 -12.851576 -61.744779 -0.006015 -0.077209 -2.349016 -0.016392 -8.904785 -0.047248 -7.781695 -0.017047 -9.174846 -0.023887 -8.591034 -0.029776 0.003285 -0.037654 0.021951 0.075038 0.001695 -0.000251 -0.000997 0.014981 0.014662 0.000588 0.017831 -0.000996 -9.923052 -0.03197
27.473024 150.726586 86.733731 468.335251 2.035243 167.57023 -0.437493 119.043478 -0.766056 101.864088 -0.278176 134.013019 -39.239465 146.604846 -104.854436 520.996937 -1.913614 424.233541 0.374737 441.239142 2.354464 382.408961 0.647098 409.937528 -5.806523 -89.539012 2e-06 -0.00362 0.249005 0.048059 1.0488 -0.608783 1.441337 -1.332169 1.686425 -1.198901 1.500188 -1.003721 -0.000312 0.000117 -0.000359 0.03649 0.011483 0.176611 0.028053 0.266404 0.015224 0.259873 0.007113 0.217015 1.381181 -2.575129
28.020831 151.469075 98.671136 480.083877 5.942492 166.543606 0.155249 112.473325 0.048718 93.619218 0.23337 126.920922 -39.162551 148.764187 -105.7261 560.195531 -1.387886 486.773295 0.995485 504.257313 3.037927 430.162534 0.951533 457.279058 -2.317224 -122.426647 0.002704 0.000912 0.384698 0.072771 1.02233 -0.001577 1.113973 -0.093245 1.201147 -0.173949 1.021125 -0.096398 3.8e-05 0.007893 -0.001804 0.710805 0.042127 2.149182 0.148674 2.102446 0.043488 1.404416 0.029255 1.293156 0.787531 -2.566891
31.304076 155.726738 97.251045 505.600149 9.989404 158.139633 2.21136 97.060868 2.637338 75.114739 2.807934 106.200997 -38.857952 156.132824 -108.21636 600.869941 -1.583788 601.148452 1.035256 654.507526 2.79987 550.652735 0.761056 564.677665 -0.00243 -219.013807 0.090923 0.029507 -0.005147 0.330324 0.522554 -0.108781 1.194754 -0.567607 1.969156 -1.017731 1.422308 -0.922621 0.000595 0.089054 -0.014494 0.712671 -0.006464 6.028938 0.000389 9.782321 -0.004856 7.429064 -0.010626 5.65899 2.169582 -13.946173
33.890235 155.635262 101.170512 487.304196 16.655963 114.793318 3.970293 63.561037 5.928929 43.807024 4.182316 69.396537 -35.975116 167.738476 -105.932371 662.408484 -5.637967 766.43241 -0.012677 899.617808 0.373323 741.469032 -0.0294 727.368954 3.326749 -424.823275 0.051315 -1.3e-05 0.038715 -0.168581 0.847449 -3.464042 0.255525 -3.532256 0.657642 -4.195076 0.136443 -3.900342 0.055549 0.208006 0.01218 1.499765 -1.245353 10.024739 -1.277054 19.450612 -1.128439 14.167229 -1.089623 10.283766 3.508994 -33.780813
31.607281 149.795023 95.35288 479.169991 16.301931 85.801069 8.537274 35.508239 10.235045 21.881612 7.487893 42.790865 -37.760188 166.265422 -97.165657 695.349753 -11.584318 987.828606 -2.929456 1198.909389 -0.436477 1021.396364 -1.398749 977.596355 14.898747 -744.280996 -0.039799 -0.055842 -0.086128 -0.034231 -0.001902 -2.106207 0.863602 -4.05474 0.584134 -3.767128 0.477938 -3.20047 -0.021611 -0.003248 0.189296 0.399661 -1.059116 14.026711 -2.556712 21.452103 -1.617132 22.366877 -1.022571 18.462136 4.145099 -44.492533
31.243677 150.445864 93.750813 461.836952 23.288237 52.203566 11.846799 11.705196 13.796151 5.427397 12.329128 19.13686 -37.778797 165.774902 -91.354304 716.082447 -15.473839 1210.726533 -6.816384 1508.946965 -1.403024 1331.447623 -2.308902 1255.117175 23.998343 -1166.859794 -0.001052 0.000705 -0.006786 -0.159648 0.621297 -4.152153 0.270459 -6.439379 0.265319 -5.513579 0.600446 -4.695469 -2e-06 -0.000362 0.089592 0.152281 -0.281012 11.328307 -0.80866 17.807519 -0.274397 20.518314 -0.113448 17.314717 1.079357 -47.304349
24.330604 168.541195 83.389465 469.198984 22.865331 30.505363 12.709363 2.293684 14.754661 0.875134 13.13306 9.19806 -39.202696 187.478794 -89.972299 819.369782 -19.13141 1430.844278 -11.667602 1748.429489 -3.412506 1594.11391 -3.321903 1510.977517 32.358766 -1520.287953 -0.431647 0.513665 -0.303289 0.029108 -0.001938 -2.896931 0.015154 -3.635865 0.016094 -1.94377 0.012695 -1.800264 -0.01317 0.667374 0.005267 3.477923 -0.193835 9.187 -0.647971 8.815313 -0.439309 11.81537 -0.091871 11.858803 0.623573 -23.343784
17.015814 170.266692 65.314331 341.542891 17.064925 22.850342 9.251193 0.828787 9.878865 0.273184 8.487225 6.175201 -46.95637 195.480933 -83.798024 913.604479 -25.499526 1686.031829 -17.713247 2060.922381 -8.52742 1933.484146 -9.010393 1810.048346 36.762889 -1887.792252 -0.652191 0.004394 -1.102616 -10.113178 -0.42354 -0.551994 -0.273992 -0.364954 -0.487362 -0.170417 -0.505055 -0.300123 -0.349596 0.083614 0.109724 2.564017 -0.45665 10.464032 -0.628728 12.839015 -1.151066 16.362392 -1.390331 13.493638 0.140448 -19.872526
15.106851 142.802456 54.224617 271.533588 11.34902 11.811006 5.1302 -0.332949 6.748394 -0.562418 5.314321 1.553042 -51.872187 184.339604 -78.727604 894.080011 -25.094634 1678.014741 -19.490536 2045.479653 -9.67798 1959.360853 -9.396393 1829.241145 32.589397 -2026.315462 -0.056772 -1.206988 -0.515512 -4.010418 -0.580859 -1.804962 -0.603081 -2.212344 -0.297351 -1.619551 -0.369668 -1.534586 -0.122334 -0.16344 0.079112 -0.105443 0.00162 -0.009553 -0.042476 -0.029037 -0.036393 0.086005 -0.004048 0.05061 -0.12569 -2.451988
13.898579 149.497095 60.355702 255.861629 13.533077 5.767751 5.919383 -2.532836 7.076141 -2.795752 6.55135 0.09716 -45.234943 170.369449 -70.592083 872.403634 -22.887083 1666.633208 -15.872385 2057.265094 -7.646741 1935.055432 -7.40371 1798.16358 29.434701 -2084.955717 -0.025177 0.076675 0.164152 -0.232904 0.09604 -1.071432 0.028219 -1.029152 0.003886 -0.850277 0.064658 -0.8733 0.227092 -0.275213 0.221792 -0.133 0.05081 -0.019365 0.185582 0.016927 0.119489 -0.075847 0.118596 -0.13313 -0.08028 -0.418223
15.682036 142.94744 50.195726 247.925267 10.952752 1.765074 4.981386 -5.421719 6.694556 -6.431396 5.534172 -0.52522 -47.830787 177.758048 -63.239497 868.092024 -23.591817 1660.215177 -18.838256 2051.614084 -9.280041 1951.406576 -8.591313 1809.892394 31.738574 -2181.89393 0.053813 -0.073353 -0.467855 -0.062516 -0.136337 -1.151444 -0.040432 -0.543124 -0.005288 -0.746443 -0.042881 -1.07418 -0.036209 0.078416 0.202125 -0.00534 -0.005343 -0.006191 -0.126942 -0.003886 -0.078985 0.034396 -0.04415 0.019064 0.043399 -1.101308
17.432229 150.748687 54.952832 230.34602 11.72921 1.057412 5.267487 -5.562364 7.066504 -8.328636 6.178134 -1.160608 -41.746991 181.921337 -53.79162 851.945327 -20.428856 1641.115539 -16.222203 2042.004706 -7.609207 1939.250224 -6.77707 1794.690928 29.341384 -2201.754469 0.046284 0.103628 0.107665 -0.323179 0.013294 -0.090153 0.003994 -0.0009 0.005028 -0.122443 0.017716 -0.124323 0.206833 0.024096 0.381985 -0.07579 0.113779 -0.05525 0.097735 -0.011279 0.08285 -0.018991 0.107462 -0.032054 -0.047059 -0.04499
14.023921 138.336702 60.101287 202.328331 13.607512 0.034762 6.702948 -8.657479 7.448442 -14.000672 6.425154 -3.683127 -45.744166 159.045483 -56.553121 833.650103 -21.679492 1640.079104 -16.925282 2031.161046 -8.897032 1935.380307 -8.197121 1790.622557 32.626632 -2278.602025 -0.185192 -0.266579 0.11525 -0.908091 0.069719 -0.708727 0.08638 -0.340931 0.005026 -0.73241 0.002421 -0.708681 -0.091356 -0.768249 -0.03456 -0.09929 -0.018576 -0.000164 -0.007457 -0.014434 -0.050315 -0.001933 -0.067486 -0.002308 0.087145 -0.659097
14.111735 145.717352 67.842152 194.657277 19.47533 -0.040578 10.983744 -13.274208 11.32606 -15.692849 10.167576 -4.393492 -47.329359 169.045397 -57.914854 858.308631 -22.769638 1668.018544 -18.14042 2082.088381 -9.611526 1986.562913 -8.74398 1834.133909 41.804856 -2355.38368 0.000137 0.095903 0.234385 -0.074122 0.524538 -0.150456 0.525869 -0.491428 0.404799 -0.048256 0.427552 -0.0313 -0.0135 0.15243 -0.0081 0.179696 -0.01337 0.117987 -0.021061 0.315285 -0.013796 0.333989 -0.008829 0.261163 0.568056 -0.636151
18.709926 134.705021 75.734936 205.418936 26.499997 -0.263973 22.572027 -21.034177 20.213071 -25.066515 17.394075 -9.233797 -44.27334 170.371239 -55.359687 852.006567 -23.246893 1641.863192 -18.663341 2040.773448 -9.96222 1944.577507 -8.953444 1795.535919 58.556062 -2411.203902 0.323691 -0.216313 0.217107 0.144765 0.539826 -0.097558 2.064479 -0.889107 1.277971 -1.0925 0.964239 -0.88859 0.050991 0.00259 0.028823 -0.011611 -0.002475 -0.103344 -0.003715 -0.207012 -0.003142 -0.224213 -0.00124 -0.205232 1.407844 -0.326859
16.630139 126.659574 92.834056 198.65834 54.860436 -0.053101 46.530602 -18.474303 42.512228 -23.743443 39.022575 -8.233116 -45.155723 167.908428 -58.661288 850.883716 -27.844547 1662.09523 -21.693481 2064.124698 -13.247489 1957.344067 -12.572845 1809.408858 103.222554 -2412.244501 -0.061252 -0.123859 0.869484 -0.05656 5.102938 0.080285 4.286273 0.083018 4.097569 0.017935 4.310543 0.028688 -0.004353 -0.008965 -0.047811 -0.00037 -0.207289 0.061947 -0.113918 0.066419 -0.233687 0.020885 -0.306462 0.026694 6.288343 -0.000112
18.825297 126.856466 117.936019 184.583758 82.641003 -0.02425 71.954692 -19.297999 62.327524 -22.781869 60.18634 -7.376731 -43.599839 147.181903 -64.915989 815.143795 -31.18996 1617.0943 -23.336643 2011.67548 -13.043571 1893.311403 -12.343824 1753.547723 132.396475 -2331.46382 0.06802 7.6e-05 1.500115 -0.258532 2.835609 0.005582 2.759841 -0.008982 1.88963 0.009938 2.283666 0.023509 0.013638 -0.682431 -0.158388 -0.383394 -0.094866 -0.308793 -0.02999 -0.337484 0.000791 -0.532437 0.001053 -0.437931 1.813107 0.687858
22.317433 140.892154 131.124308 216.497312 92.849793 0.036966 86.208734 -16.264482 70.716284 -24.025565 67.305538 -8.294646 -41.875025 165.379144 -58.199703 860.130218 -27.743928 1687.552525 -20.078611 2097.076081 -12.072839 1974.58474 -11.575799 1832.190817 141.226998 -2434.227169 0.148472 0.368136 0.349419 1.271678 0.297189 0.121097 0.643613 0.129617 0.26473 -0.016526 0.198925 -0.026906 0.017404 0.530169 0.183332 0.604123 0.100836 0.751204 0.12242 0.887624 0.018766 0.853964 0.012333 0.862511 0.142529 -1.10808
23.126979 157.184205 127.882109 287.012494 99.470151 2.447258 88.064384 -8.140579 78.460173 -15.015666 74.129709 -3.088669 -45.724737 176.025744 -64.027585 868.1844 -28.741596 1655.698078 -20.365568 2045.550551 -12.191967 1923.559249 -12.093392 1789.983989 152.509519 -2278.477975 0.007211 0.445573 -0.020293 4.962181 0.113982 1.882672 0.00988 1.391821 0.201132 1.053872 0.164727 1.26019 -0.084632 0.166046 -0.139018 0.018767 -0.008811 -0.151758 -0.001018 -0.320447 -0.000292 -0.333968 -0.00566 -0.245913 0.216763 2.574364
23.929658 160.367516 122.927921 346.496976 97.134578 7.947106 91.746334 -5.345751 79.204035 -9.040207 72.492848 -0.879394 -47.724369 175.030428 -67.552462 849.264402 -25.644475 1578.641552 -16.691132 1955.160168 -9.058442 1828.753757 -9.707337 1703.443624 141.833558 -2094.950047 0.006846 0.015956 -0.048934 2.798883 -0.013873 1.574246 0.037701 0.29277 0.001755 0.753965 -0.009137 0.67191 -0.021397 -0.001411 -0.047222 -0.104218 0.088257 -0.918047 0.182623 -1.021252 0.2323 -1.197863 0.130968 -1.072068 -0.193675 3.852509
24.179544 168.0328 115.907645 457.285686 97.245049 38.877052 94.913604 3.189251 84.948365 0.050128 75.228276 5.333052 -44.419329 175.089496 -67.752486 785.268071 -28.548945 1421.763083 -19.626607 1768.809933 -10.62658 1641.739537 -10.949833 1525.32901 155.665231 -1623.646105 0.000649 0.089471 -0.103198 7.671847 3.1e-05 11.669638 0.026873 16.793076 0.100539 10.43669 0.025329 10.543659 0.059292 5e-06 -0.000148 -1.253294 -0.077888 -4.104063 -0.118828 -4.665475 -0.062559 -5.042474 -0.037401 -4.916572 0.321713 29.988022
25.570487 179.692938 101.244987 625.75199 93.949448 81.943658 87.46534 21.032947 80.892807 7.084832 72.005262 22.527448 -40.952117 165.735765 -68.399332 749.653224 -26.214525 1274.715731 -17.908624 1582.980976 -9.30726 1454.383322 -9.381161 1357.750043 145.077765 -1258.450304 0.019448 0.195552 -0.495594 13.18268 -0.028405 7.936205 -0.152155 7.841801 -0.049596 5.943073 -0.035281 5.938816 0.070436 -0.128378 -0.001537 -0.413242 0.049778 -4.012459 0.039337 -5.1553 0.043707 -5.673958 0.060607 -4.874384 -0.18642 23.230946
28.215146 186.551277 97.989421 734.871548 77.171991 136.785864 70.773637 54.313929 65.488536 27.730116 58.238133 55.008917 -38.700722 163.597071 -66.608965 768.454486 -25.692732 1019.279379 -17.253312 1217.640424 -9.612044 1070.289081 -9.528846 1020.921903 125.279408 -753.465919 0.065059 0.064221 -0.0266 4.382654 -0.824452 6.986904 -0.882818 7.748592 -0.812782 6.781881 -0.729658 7.131521 0.031824 -0.006944 0.011872 0.116428 0.002623 -14.265776 0.006107 -23.931553 -0.002455 -29.38838 -0.000577 -23.968774 -0.725895 64.405592
28.447887 189.313665 71.205629 824.078196 47.778861 200.30861 41.37503 105.214175 42.233881 61.192931 36.441661 93.676668 -36.362077 173.747585 -63.189453 878.966971 -22.360958 869.058178 -13.092159 960.854603 -8.923043 787.346102 -9.221485 771.422401 89.98242 -409.540101 0.000478 0.010151 -2.133404 2.554396 -3.506382 6.039275 -3.921843 8.33822 -2.540003 6.536469 -2.543063 5.116061 0.03644 0.152746 0.045051 3.710884 0.115642 -5.984689 0.286655 -15.186999 0.01281 -21.674469 0.002519 -17.450475 -2.913583 52.016356
29.159056 193.159875 56.601362 915.075179 30.131321 283.966914 24.698019 186.322747 29.050112 122.728689 24.708328 156.711606 -37.959002 186.184866 -67.575538 986.361375 -21.88532 838.542563 -9.282292 871.497558 -8.702118 678.793878 -8.554455 675.799431 69.551443 -224.261855 0.00439 0.01934 -0.837143 2.38223 -2.025001 7.28069 -2.139294 11.509823 -1.229758 10.599628 -1.13624 8.06435 -0.017158 0.214946 -0.073579 3.094129 0.002557 -0.272686 0.326753 -2.180103 0.001385 -4.024097 0.012519 -3.162526 -1.313673 27.685721
28.092246 199.558269 54.301718 976.610743 23.05337 393.14701 16.377875 302.091616 20.688979 208.478229 17.488068 238.294651 -44.269335 199.048255 -58.124835 1142.376537 -20.431738 710.026 -9.548027 659.903126 -9.82846 495.233314 -10.115263 504.578194 59.036961 -61.07521 -0.00994 0.052127 -0.023845 1.001125 -0.47308 8.86025 -0.85147 13.918674 -0.707789 11.292806 -0.622321 8.516736 -0.24249 0.214822 0.355776 5.724872 0.024972 -5.342045 -0.001875 -14.688499 -0.034263 -14.438745 -0.065357 -12.484383 -0.430598 51.270067
24.038246 208.942877 53.347122 993.736244 14.218202 437.730425 7.899826 358.690363 9.256596 261.381716 8.145053 294.319608 -48.183847 206.029687 -63.543503 1134.625534 -20.1673 599.892738 -10.280173 539.881391 -11.815759 401.736208 -12.504461 420.202157 41.988732 -15.023797 -0.157872 0.107812 -0.004233 0.074426 -1.062321 1.196996 -1.528427 2.428422 -2.268182 2.987812 -1.763371 2.95479 -0.082908 0.060166 -0.120724 -0.013192 0.000861 -4.638015 -0.013522 -6.018346 -0.091427 -4.886222 -0.126533 -3.857237 -1.448846 15.51579
24.580442 225.06681 50.231627 1009.279681 12.532678 489.591578 6.330563 425.677898 7.263893 314.201925 6.454105 346.114967 -47.922262 218.362687 -63.110399 1143.10976 -19.110742 565.3977 -9.741202 497.432986 -10.272798 355.67286 -10.554462 382.061346 34.813324 -1.284934 0.003023 0.299614 -0.046865 0.06031 -0.053154 1.451322 -0.08679 2.865709 -0.12062 2.428729 -0.098258 2.09792 0.000356 0.179239 0.000741 0.015801 0.014213 -0.510675 0.007256 -0.868889 0.053956 -1.402015 0.0826 -0.907149 -0.335924 7.521334
22.81195 232.946801 46.121426 1022.28425 12.782437 514.264233 4.653843 433.061769 6.206285 326.605807 6.212523 362.015527 -45.399856 205.050565 -60.676938 1038.707502 -12.299887 520.169267 -4.513172 442.970651 -5.235552 324.066011 -5.522148 355.029603 22.842422 0.004957 -0.033008 0.067791 -0.087706 0.041623 0.001232 0.303247 -0.128726 0.031746 -0.041583 0.12006 -0.002304 0.17854 0.034095 -0.209318 0.023921 -2.499311 0.747298 -0.942595 0.993345 -1.578385 0.840866 -0.735233 0.80791 -0.495842 -1.256433 1.449506
21.103888 226.570231 42.032851 1008.34541 7.563731 513.534315 1.705536 430.725322 2.850926 328.097258 2.789089 363.167079 -46.809529 196.836818 -67.408755 993.012603 -11.53402 508.726528 -3.241397 443.067001 -3.835587 321.786063 -4.346481 351.5644 13.300128 0.030646 -0.033229 -0.044245 -0.094865 -0.047841 -0.680674 -0.000259 -0.724738 -0.00316 -0.644445 0.001699 -0.676402 0.000914 -0.010776 -0.083945 -0.177025 -0.513921 0.012308 -0.063631 0.104998 5e-06 0.108681 -0.004024 0.07028 -0.008497 -1.282422 0.010952
21.082372 223.645669 40.366097 1014.545028 4.527949 495.297383 0.553922 412.982997 1.450137 312.120204 1.356231 345.378166 -48.433533 196.522934 -67.324903 1022.528392 -11.102032 520.847701 -3.097558 449.806071 -4.070948 325.989837 -4.800904 354.930666 10.380481 -0.150749 -5e-06 -0.009499 -0.016859 0.0095 -0.38729 -0.164851 -0.315509 -0.186572 -0.2345 -0.19939 -0.255513 -0.223342 -0.013847 -0.000125 2.6e-05 0.216128 0.004122 0.071354 0.001632 0.025432 -0.003504 0.01364 -0.011294 0.00802 -0.180675 -0.317333
23.6599 219.223178 36.031839 1013.32161 4.328853 496.313751 0.571493 422.758059 1.52856 318.817007 1.583038 343.516842 -51.845961 203.241623 -64.387703 1059.766449 -10.465999 528.307184 -2.702649 452.142687 -4.967879 331.789071 -6.017177 357.315716 12.007773 -0.129334 0.074305 -0.022082 -0.123046 -0.000369 -0.002238 0.000521 0.000137 0.057168 0.001033 0.035541 0.008764 -0.002515 -0.058078 0.056463 0.032754 0.332994 0.00938 0.026519 0.013459 0.003027 -0.044612 0.025565 -0.06859 0.003993 0.059218 0.00082
21.332209 231.318888 35.671808 1015.96771 4.171888 501.021167 0.490847 420.435069 1.510236 320.550387 1.50178 351.796003 -47.072439 206.907815 -65.6424 1044.214982 -11.397223 527.180953 -3.522204 454.249928 -4.19808 334.288598 -4.969686 360.374789 10.744223 -0.144126 -0.060253 0.162396 -0.000904 0.001725 -0.001449 0.01111 -0.003065 -0.0032 -5.5e-05 0.00235 -0.00107 0.049292 0.115245 0.016386 -0.006054 -0.057475 -0.019841 -0.000601 -0.054187 0.00245 0.032383 0.00469 0.050048 0.00652 -0.035113 -0.0004
23.752535 229.520112 41.106094 1028.404552 7.045446 494.042232 2.387983 418.503706 4.336197 313.72603 3.909647 342.5553 -49.017974 204.804571 -63.502933 1065.194006 -10.706783 512.305222 -3.110748 442.2179 -4.557447 322.435509 -5.429591 347.453808 17.784537 -0.059622 0.065013 -0.003511 0.192559 0.03783 0.374306 -0.024474 0.713527 -0.002223 0.728355 -0.036714 0.56522 -0.061492 -0.019698 -0.005372 0.017723 0.104326 0.010786 -0.106446 0.012774 -0.080748 -0.007378 -0.106976 -0.010175 -0.117942 0.882347 0.01835
23.517876 227.814624 44.861773 1025.119111 10.87285 491.378407 5.207767 415.346922 7.53985 310.409484 6.783122 339.557494 -48.396207 201.900403 -63.949486 1049.434433 -11.946549 471.24398 -3.443848 390.934071 -5.52949 289.133014 -6.499004 315.315019 25.983134 0.377647 -0.000582 -0.00318 0.082076 -0.002628 0.413545 -0.0036 0.542791 -0.005975 0.440265 -0.008812 0.39333 -0.006588 0.001984 -0.010369 -0.000782 -0.058726 -0.03395 -0.857487 -0.008469 -1.57986 -0.046945 -0.907404 -0.048034 -0.779691 0.774741 0.737376
27.66769 232.727337 49.445015 1006.249564 20.264448 482.547246 16.534557 399.751082 19.095163 300.602997 16.408668 328.015966 -51.912247 219.00428 -61.253887 1149.930972 -20.206265 464.947781 -10.45794 369.277832 -15.269385 274.872403 -15.849169 296.870576 68.515471 0.57552 0.168498 0.026203 0.111437 -0.087642 1.450109 -0.04004 3.183432 -0.149217 2.637125 -0.0787 2.091838 -0.099777 -0.061642 0.34766 0.029021 2.297215 -1.079022 -0.021172 -1.899196 -0.308524 -2.421507 -0.180315 -2.050014 -0.277918 10.112667 0.020765
27.484647 233.489674 49.654546 982.182152 35.979263 468.86039 35.971041 388.274831 37.040095 291.59122 32.122197 320.972694 -43.178326 223.313399 -62.452521 1070.323206 -29.188578 466.69129 -19.09584 390.15111 -22.138174 289.450229 -22.103412 310.01801 116.449556 0.003945 -0.000304 0.000623 0.000222 -0.145658 2.240011 -0.098454 3.72998 -0.08357 2.945535 -0.068573 2.614312 -0.03822 0.401948 0.020991 -0.005807 -1.427637 -0.82357 0.001631 -1.290507 0.28691 -0.636032 0.188322 -0.518868 0.142428 6.319051 -0.484172
24.264087 209.916643 47.781416 943.9342 53.782134 460.987448 54.801823 368.844999 38.98401 271.638495 44.837184 308.447151 -39.19236 188.96487 -60.149723 987.147383 -43.554119 416.598079 -39.011927 325.565533 -40.92016 242.502021 -37.064513 273.818411 159.784879 0.82625 -0.100312 -0.627056 -0.018006 -0.379793 1.783183 -0.03333 1.974697 -0.249353 0.024857 -0.353529 1.057632 -0.124642 0.096498 -1.433347 0.021628 -1.681931 -1.432591 -1.42159 -3.519654 -2.920027 -2.862067 -2.075791 -1.922761 -1.123322 3.420372 0.716016
25.081976 208.058115 53.634489 934.147968 81.633437 432.933275 100.134561 326.982716 95.023851 241.802762 81.935834 283.581249 -42.782521 183.30375 -64.520781 966.854983 -59.394033 393.447018 -61.925886 293.666145 -61.558513 225.702947 -53.99947 263.389556 309.546763 0.277302 0.006779 -0.004132 0.169042 -0.025497 2.895075 -0.440325 6.780297 -1.260398 12.280119 -0.8676 5.549719 -0.522429 -0.078655 -0.043047 -0.07665 -0.105372 -1.225887 -0.330896 -2.635257 -0.822186 -2.099707 -0.30147 -1.588533 -0.101238 24.535545 -0.14622
31.549268 191.020202 69.230199 939.717673 105.072442 419.838376 135.80547 304.541673 134.557088 216.767253 114.394213 256.87621 -41.847683 172.843674 -63.948533 1052.022068 -72.439317 426.20649 -76.152244 319.891224 -84.494103 237.646786 -74.154652 265.334586 432.304847 -0.479943 0.370495 -0.363867 0.993833 0.008277 1.477106 -0.100547 2.712064 -0.398844 3.429373 -0.683913 2.701689 -0.660177 0.005163 -0.15364 0.001275 1.797203 -0.647022 0.654918 -0.734835 0.560721 -1.812104 0.153965 -1.594857 0.003578 10.227209 -1.486873
28.328224 180.468881 67.102367 976.633282 119.196549 480.883996 144.520472 367.316314 146.914255 276.835897 127.064328 319.338711 -39.536707 159.096978 -73.255265 1000.268598 -95.834828 431.044411 -107.697753 326.120713 -111.689592 244.180115 -98.024176 282.753271 514.797473 1.024392 -0.086699 -0.149874 -0.016606 0.355595 0.445199 2.071036 0.135502 2.939084 0.271383 3.668636 0.33265 3.395516 0.032818 -0.284769 -0.316008 -0.652648 -1.6343 0.013652 -2.726552 0.030036 -1.894098 0.044296 -1.662569 0.27686 3.599394 2.906689
30.216644 189.565604 76.104294 977.861009 137.488264 488.758021 168.265136 374.423008 169.165538 280.990332 145.720158 327.624544 -38.117811 164.5801 -67.149394 1009.433635 -96.286113 443.280314 -112.600229 332.425489 -114.676865 251.940398 -99.571295 294.910946 562.405671 0.792342 0.030464 0.111831 0.283209 0.000386 0.652576 0.031971 0.902573 0.034046 0.784192 0.01547 0.638687 0.053062 0.012964 0.046446 0.132828 0.020898 -0.00053 0.085623 -0.054556 0.030181 -0.019712 0.060697 -0.006057 0.127951 1.052563 -0.014881
30.338717 177.198316 72.0854 962.387247 136.495254 490.072682 169.345442 375.892432 171.113555 285.218085 146.715647 330.637381 -37.83564 158.600416 -66.811437 1016.570813 -92.359208 463.110045 -106.098258 355.990265 -109.795143 268.604317 -95.458781 310.671339 555.043243 0.249249 0.000123 -0.208572 -0.054506 -0.061704 -0.0018 0.000883 0.001728 0.001439 0.005576 0.015784 0.001694 0.006895 0.000524 -0.055325 0.000426 0.012571 0.040876 0.21694 0.096674 0.403435 0.053089 0.266795 0.043364 0.205118 -0.024254 -0.152793
29.633266 174.577454 73.069382 954.911211 136.028808 482.539521 169.727122 368.021827 172.027791 280.093822 147.761905 324.967093 -38.912998 159.986714 -65.030432 1048.817604 -92.963662 473.963154 -105.708266 361.339931 -114.93309 273.687544 -100.573848 315.181991 568.184531 0.037056 -0.004149 -0.009763 0.003335 -0.014576 -0.000399 -0.029174 0.000215 -0.041637 0.001218 -0.023225 0.001859 -0.024521 -0.007562 0.003016 0.01203 0.251749 -0.000986 0.062852 0.000359 0.019949 -0.058742 0.023825 -0.066745 0.016255 0.076876 -0.094095
28.598904 180.882931 65.080623 972.985591 127.853261 506.520376 159.670753 390.151816 164.572224 299.795509 140.426442 344.595346 -40.258506 163.019702 -67.69951 1044.501218 -91.277297 473.631796 -103.358672 359.990405 -110.339868 276.159458 -96.108978 317.830662 544.421849 0.485193 -0.009187 0.055931 -0.231175 0.084727 -0.126677 0.290764 -0.153544 0.32304 -0.082579 0.334778 -0.093373 0.287763 -0.011434 0.01424 -0.026839 -0.00445 0.007718 -5.8e-05 0.013203 -0.001262 0.046832 0.005556 0.050685 0.005541 -0.253787 0.254075
30.838735 170.460798 65.584946 956.329986 123.851408 519.287108 150.818438 394.307721 160.210931 310.805828 137.914642 343.441393 -39.084631 159.859704 -61.048335 1071.274634 -83.659709 494.063032 -91.614955 379.27857 -104.912915 286.959785 -91.643597 325.934417 524.416698 0.475822 0.042218 -0.154613 0.000973 -0.071894 -0.031815 0.079448 -0.126219 0.011009 -0.029284 0.099277 -0.011334 -0.000968 0.008684 -0.015464 0.171916 0.169405 0.165932 0.215709 0.353997 0.251665 0.068423 0.103582 0.053108 0.051007 -0.187232 -4.6e-05
29.901229 171.08845 64.728256 955.883787 122.793673 549.689185 150.207404 448.982234 158.805483 351.467512 136.614916 385.482349 -39.164043 159.098031 -62.878072 1057.114456 -82.641274 520.809885 -88.970999 420.669391 -100.088938 315.289618 -87.800738 352.703811 511.042568 0.98222 -0.007236 0.000577 -0.002816 -5.2e-05 -0.002268 0.432411 -0.00062 1.774271 -0.003096 1.249434 -0.003077 1.213374 -4e-05 -0.000909 -0.013509 -0.047104 0.003119 0.352516 0.019356 1.071537 0.056765 0.666687 0.041153 0.528175 -0.086375 0.090765
29.527454 169.978965 62.666131 952.679052 123.234881 588.881646 150.250361 513.829625 159.300559 401.679344 137.054034 429.784457 -39.025889 157.26111 -62.97642 1033.196574 -80.977048 570.480543 -84.338245 491.055412 -95.455054 368.170948 -84.13753 400.510927 501.381189 0.729587 -0.001175 -0.001805 -0.016691 -0.002691 0.000396 0.674751 3e-06 2.186286 0.000385 1.67566 0.000352 1.204592 0.000122 -0.005333 -3.8e-05 -0.136842 0.008464 1.130979 0.06193 2.720994 0.054913 2.048862 0.039027 1.518708 -0.046099 -0.018745
27.080355 175.312689 60.246469 938.175627 125.997213 639.040669 154.669576 581.680525 164.94849 465.227747 141.929121 490.912906 -39.529849 159.385806 -62.453181 1011.377731 -79.09501 611.69156 -83.850849 548.116773 -93.157147 426.976777 -82.16978 454.829016 506.026034 0.820333 -0.052918 0.041198 -0.023819 -0.055624 0.015308 1.024893 0.032026 2.103206 0.049193 2.332337 0.042598 2.031511 -0.001617 0.007128 0.001091 -0.116424 0.011064 0.718535 0.000706 1.567814 0.013998 2.177499 0.011642 1.726469 0.010708 0.002659
27.110699 185.133615 52.381751 938.230398 126.265379 786.014529 155.142875 759.278068 167.974239 632.499468 142.847902 648.261317 -39.714178 168.625163 -53.5583 1012.771445 -72.139356 719.37496 -76.071435 675.147253 -89.335577 544.166677 -78.329134 562.313654 502.308391 3.320273 8e-06 0.133818 -0.274928 1e-06 0.000143 7.599378 0.000362 11.812604 0.01375 12.819288 0.001482 10.919204 -0.000214 0.130152 0.341499 0.00048 0.160039 4.362949 0.189327 6.613651 0.040018 7.096704 0.045959 5.695062 -0.006853 0.839861
26.818768 195.082374 48.603922 918.744637 118.100361 977.635119 154.606426 1020.84363 170.077827 908.494191 140.937579 904.481887 -39.42903 178.040432 -32.815144 1010.333738 -53.484781 869.092619 -59.865209 876.665567 -72.984217 733.850237 -62.352419 732.236455 465.889305 9.312062 -0.00079 0.130182 -0.070688 -0.102238 -0.136447 10.440696 -0.000465 19.321676 0.006545 24.917022 -0.00643 21.285572 0.000514 0.127881 2.527792 -0.001469 1.392778 7.071401 0.969502 13.140211 0.825681 14.154825 0.910154 11.200497 -0.685201 1.511438
24.342836 204.270088 40.705208 803.328071 111.046552 1187.930315 146.080426 1334.981155 157.063467 1242.958733 131.216876 1211.343826 -40.841119 155.244156 -50.218785 808.556388 -54.335104 887.907546 -55.985515 985.330752 -54.397994 850.142686 -46.129482 828.002202 396.328307 37.190647 -0.059946 0.105703 -0.349976 -3.872071 -0.108594 10.23493 -0.120902 21.038278 -0.258972 26.156908 -0.173655 22.370627 -0.012421 -0.780533 -1.844357 -11.226664 -0.003353 0.100743 0.064981 3.173528 1.363244 4.274706 1.219889 2.941772 -2.810562 9.283273
26.565331 204.055043 45.333694 796.647861 117.578207 1395.863619 157.699354 1607.722901 162.790562 1567.14166 134.849851 1525.661916 -39.843498 161.390553 -55.543841 768.853404 -49.48312 1058.109243 -50.28563 1225.823088 -41.183745 1104.267413 -35.180849 1068.861391 367.734191 40.406628 0.048537 -5.7e-05 0.124586 -0.013946 0.093322 8.380407 0.222281 12.666667 0.051277 18.762067 0.024804 18.108066 0.006168 0.059661 -0.134141 -0.499736 0.113442 7.457343 0.152968 13.117275 0.917847 16.591878 0.740502 15.354002 -0.535238 0.066671
26.29659 210.334479 48.481497 834.538874 127.174406 1623.322367 171.417301 1892.659187 176.06592 1876.09984 145.99255 1813.543939 -37.423027 163.620096 -58.718503 736.069015 -45.558309 1188.098573 -44.489551 1425.572845 -32.180024 1300.605141 -28.039765 1239.280019 358.789032 52.563437 -0.000683 0.04758 0.052824 0.440147 0.188195 8.58031 0.286014 11.616393 0.260144 13.889248 0.221136 12.432691 0.037921 0.007647 -0.044111 -0.357143 0.081074 3.764433 0.177399 7.535039 0.554596 8.028066 0.404605 6.299917 -0.05507 0.798242
26.809632 209.106781 47.920199 855.299547 124.688749 1761.262739 170.625661 2058.785549 173.779014 2074.189832 142.534623 2003.47287 -37.526945 159.666536 -60.74126 714.809881 -48.211282 1309.539237 -49.89483 1583.282642 -34.325116 1468.450873 -29.098546 1395.219896 362.570758 52.170324 0.002478 -0.001797 -0.001634 0.127533 -0.012266 2.812081 -0.000916 3.493681 -0.007475 4.969806 -0.020722 4.728215 -7.2e-05 -0.024175 -0.017126 -0.155759 -0.037537 2.954104 -0.154904 4.136039 -0.034603 5.091648 -0.009811 4.619203 0.009913 -0.000738
25.323573 205.125339 46.247321 884.194621 121.246944 1863.214505 165.080797 2179.313204 170.479942 2195.033812 139.638585 2110.427724 -35.870765 155.403497 -65.482797 713.267327 -48.206689 1371.206737 -47.819328 1663.352269 -31.777539 1549.270965 -27.482741 1459.899686 349.463907 56.106218 -0.021184 -0.019134 -0.01486 0.240007 -0.024085 1.434168 -0.045795 1.714195 -0.015808 1.710638 -0.014862 1.390563 0.018688 -0.028842 -0.089088 -0.000833 0.0 0.709389 0.022045 0.987503 0.04911 1.082449 0.023076 0.732721 -0.120643 0.071559
26.266155 216.035986 48.075962 932.517488 125.072145 1977.384518 173.009371 2308.925202 174.31294 2331.806605 142.6038 2240.568541 -33.790514 160.627654 -62.943692 742.912445 -44.405506 1471.362222 -45.506506 1772.877054 -29.896014 1670.150486 -25.765898 1577.734418 348.5871 55.075824 0.008612 0.14135 0.017728 0.642786 0.029703 1.697349 0.09298 1.871867 0.021306 2.066681 0.015577 1.946729 0.031068 0.043182 0.025103 0.301791 0.078041 1.764994 0.028663 1.745915 0.028707 2.27013 0.027684 2.28636 -0.000551 -0.004775
28.448587 210.430183 51.208543 934.471538 124.445402 1989.564711 168.695914 2334.425383 172.032169 2373.375813 140.969848 2271.227526 -33.3408 149.753735 -61.404751 725.703068 -45.458309 1468.946101 -46.471829 1767.326967 -30.455312 1665.778004 -26.073053 1568.977713 347.253406 62.46312 0.043543 -0.036845 0.049431 0.001023 -0.000787 0.018699 -0.027226 0.070021 -0.00751 0.183631 -0.004707 0.10417 0.001506 -0.190537 0.009523 -0.100834 -0.006167 -0.000993 -0.005066 -0.004351 -0.002592 -0.002866 -0.00091 -0.012184 -0.001278 0.232375
28.685543 208.608719 50.555401 930.876066 121.736659 1987.387351 164.550967 2337.144755 167.452431 2372.185413 136.91465 2267.298401 -33.606715 151.573407 -59.388658 736.799968 -44.887806 1455.326813 -45.5242 1762.256456 -30.682139 1657.900038 -26.274862 1559.087707 341.491451 63.804429 0.000491 -0.003959 -0.002096 -0.003465 -0.014903 -0.000596 -0.025779 0.000791 -0.030892 -0.000149 -0.029591 -0.001701 -0.000528 0.005494 0.016826 0.0421 0.001801 -0.031715 0.004881 -0.003642 -0.000421 -0.009336 -0.000389 -0.015635 -0.024102 0.007124
29.382144 205.921987 52.200982 925.055639 123.060128 1981.905649 164.332825 2330.893143 168.104199 2375.487329 137.42034 2266.347155 -33.109819 147.962163 -59.338509 729.690622 -43.928339 1448.828166 -44.18625 1763.802628 -29.532896 1666.960993 -25.313886 1563.573417 338.556985 62.576607 0.004178 -0.008707 0.013177 -0.009127 0.003578 -0.003785 -7.2e-05 -0.004186 0.000633 0.001148 0.000466 -0.0001 0.00185 -0.02177 1.1e-05 -0.017233 0.005183 -0.007271 0.009978 0.000339 0.010968 0.012347 0.008951 0.003222 -0.006331 -0.005964
29.27259 205.8835 52.342588 923.525131 121.542994 1974.836631 161.543319 2323.687275 163.323189 2356.534846 133.668306 2251.140787 -33.292497 148.230328 -59.786189 732.613598 -43.978565 1460.96776 -44.313406 1786.038594 -29.319433 1688.119412 -25.121544 1582.713011 331.041226 55.613161 -0.000102 -2e-06 9.6e-05 -0.000634 -0.004705 -0.006315 -0.011939 -0.005578 -0.034486 -0.037954 -0.025966 -0.025593 -0.000251 0.000121 -0.000841 0.002921 -1.4e-05 0.025323 -9.1e-05 0.069643 0.000387 0.066717 0.000367 0.058216 -0.042181 -0.205313
29.763715 206.536912 51.865018 927.693413 119.994263 2005.489253 160.333476 2357.356081 160.479625 2391.553288 130.971603 2289.210475 -33.274684 148.422552 -60.621421 732.327425 -44.032616 1450.973846 -44.312176 1767.005243 -29.047349 1663.515874 -24.93702 1564.349401 326.077444 65.89037 0.002043 0.000518 -0.001094 0.004693 -0.004965 0.11803 -0.002274 0.121084 -0.012486 0.129137 -0.01374 0.159605 2e-06 6.2e-05 -0.002897 -2.8e-05 -1.7e-05 -0.01715 0.0 -0.05098 0.000634 -0.090306 0.00034 -0.053578 -0.018748 0.435422
29.280652 206.282836 50.791395 929.959923 119.244058 1995.917804 159.743066 2350.958695 158.974531 2372.087581 129.858962 2269.392016 -32.552862 148.33695 -59.339336 735.890821 -43.18095 1464.033378 -44.177455 1778.196302 -29.114013 1680.864832 -24.825378 1581.430176 324.153037 59.378278 -0.001976 -7.8e-05 -0.005614 0.001383 -0.001176 -0.011448 -0.000545 -0.004346 -0.003546 -0.039772 -0.002373 -0.04308 0.003958 -1.2e-05 0.006851 0.004324 0.004158 0.029254 0.000103 0.017663 -3.8e-05 0.044999 0.000125 0.046372 -0.002848 -0.16938
27.383059 204.91522 48.258971 927.237612 115.038741 1999.059639 155.115407 2352.241466 155.210145 2380.936583 126.433143 2278.229033 -33.699832 147.201283 -62.233822 730.848251 -45.702935 1447.201242 -46.551341 1757.487322 -30.906263 1659.466999 -26.543616 1561.97609 324.636665 64.935969 -0.031783 -0.002274 -0.032379 -0.001995 -0.037745 0.001235 -0.03401 0.000175 -0.022552 0.008237 -0.022897 0.008586 -0.009929 -0.002182 -0.034462 -0.008668 -0.035787 -0.04866 -0.031061 -0.060648 -0.026765 -0.068537 -0.028745 -0.0602 0.00018 0.124295
28.800519 203.681517 50.154772 924.49265 117.201837 1997.269976 156.985192 2348.669481 158.487765 2381.96365 129.15488 2279.37428 -32.544803 146.018622 -61.985657 720.58166 -45.142186 1433.079719 -46.081361 1744.559312 -30.241747 1647.474323 -25.872446 1549.992939 327.191737 67.507155 0.017883 -0.001863 0.018262 -0.002035 0.010074 -0.000401 0.005601 -0.001357 0.017123 0.000111 0.014492 0.000144 0.01007 -0.002385 0.000248 -0.03631 0.001731 -0.034618 0.001192 -0.023862 0.003611 -0.021746 0.004297 -0.023072 0.005008 0.02496
27.486897 201.991459 47.426429 921.60048 112.361909 1999.040451 153.638105 2346.767129 151.9847 2375.332491 122.800674 2281.998479 -34.980186 146.584206 -62.622021 731.384289 -46.006254 1459.312628 -48.448343 1766.510436 -31.197384 1671.743695 -26.438635 1582.123331 320.89955 61.629102 -0.015331 -0.00352 -0.038149 -0.002266 -0.051026 0.000392 -0.018034 -0.000385 -0.068113 -0.004622 -0.080138 0.000755 -0.043932 0.000547 -0.001625 0.040186 -0.004096 0.118964 -0.029639 0.06862 -0.007433 0.088727 -0.003064 0.164807 -0.030546 -0.133849
25.927138 200.492892 45.168902 937.544234 108.525489 2028.827871 148.93857 2386.243585 147.44661 2404.455562 118.742891 2302.567319 -34.621218 142.357204 -60.884561 740.147663 -44.722392 1479.795759 -47.366723 1785.427037 -31.307278 1698.801478 -26.472358 1604.098223 314.638426 61.132518 -0.022778 -0.00279 -0.027524 0.068367 -0.033318 0.110145 -0.036498 0.164633 -0.034391 0.088724 -0.034087 0.046142 0.000926 -0.030921 0.012222 0.026094 0.009084 0.071376 0.006105 0.050373 -9.7e-05 0.108608 -1.1e-05 0.07578 -0.030842 -0.001004
27.816059 193.310507 46.550202 918.669482 110.090882 2001.336974 150.704854 2358.047209 149.488568 2382.561201 120.586538 2280.077789 -32.99831 138.092354 -60.598451 722.134822 -44.280717 1437.374145 -46.389178 1735.637204 -30.458206 1642.439261 -25.904957 1551.674053 314.900895 68.632401 0.033205 -0.065503 0.010402 -0.095966 0.005605 -0.093763 0.005206 -0.083789 0.007021 -0.050069 0.007101 -0.055185 0.019478 -0.03243 0.000337 -0.110948 0.001096 -0.308465 0.005096 -0.352046 0.005836 -0.475411 0.003073 -0.435469 5.5e-05 0.216913
29.623338 187.868451 51.372376 905.955096 116.384151 1975.203504 155.763112 2322.758455 157.105003 2358.347366 127.562141 2258.124884 -32.013444 131.82066 -62.869518 693.100366 -46.076505 1379.778531 -47.342851 1682.332834 -30.880521 1586.126872 -26.10438 1495.323988 327.290719 76.328362 0.028439 -0.03885 0.118806 -0.044299 0.087455 -0.085874 0.041746 -0.133023 0.094619 -0.061836 0.098063 -0.053097 0.00746 -0.072874 -0.020889 -0.297862 -0.017847 -0.588822 -0.004852 -0.415675 -0.001454 -0.491135 -0.000382 -0.521103 0.11953 0.204433
29.652932 192.953411 51.622429 906.887162 117.924627 1973.376099 158.800074 2329.075672 159.084423 2358.101913 128.828992 2250.75478 -29.547895 136.306465 -57.671255 698.209016 -43.068808 1403.682064 -44.408842 1692.512517 -29.789247 1605.747511 -25.347064 1514.34679 326.554535 72.054837 7e-06 0.03395 0.000304 0.00024 0.005064 -0.000423 0.014661 0.004289 0.006196 -6e-06 0.00313 -0.006023 0.049393 0.037527 0.112138 0.009379 0.050753 0.10264 0.046923 0.015353 0.009815 0.060305 0.005574 0.060118 -0.000414 -0.061553
29.320789 192.745236 51.108698 907.563094 118.155555 1973.196318 158.678117 2325.306904 161.019504 2360.059236 130.513338 2253.38396 -30.131648 135.977439 -58.515841 699.164563 -43.695214 1399.636537 -44.906896 1690.738365 -30.162149 1603.233682 -25.696237 1511.000455 330.561626 72.932288 -0.000935 -5.6e-05 -0.001285 0.000126 0.000113 -4e-06 -2.3e-05 -0.001526 0.005849 0.000406 0.00547 0.000767 -0.002855 -0.000199 -0.00307 0.000327 -0.002261 -0.002919 -0.001389 -0.000465 -0.00116 -0.000985 -0.001194 -0.001851 0.012218 0.002655
28.047278 192.864747 47.38621 902.667625 112.358876 1965.362215 152.199931 2317.134637 153.333868 2351.53587 123.81307 2246.958968 -31.563934 134.985963 -59.02771 696.377424 -44.084404 1389.419509 -45.92624 1673.35912 -30.887875 1586.323193 -26.302 1497.907257 321.861233 75.064277 -0.014137 1.9e-05 -0.070368 -0.00662 -0.072895 -0.007791 -0.067505 -0.007193 -0.093967 -0.007709 -0.088275 -0.004586 -0.016628 -0.001814 -0.001115 -0.002783 -0.000863 -0.018714 -0.00572 -0.044892 -0.004314 -0.044829 -0.003529 -0.028488 -0.058015 0.015357
27.389672 193.151094 48.502001 908.330352 117.586609 1976.666301 160.068825 2314.083996 161.812976 2347.19016 131.202401 2254.607002 -33.21547 132.04337 -59.258141 699.215628 -45.298425 1398.107682 -47.16159 1695.401639 -31.604332 1605.656512 -26.625948 1516.908823 336.441655 70.176887 -0.0039 0.000106 0.006492 0.008853 0.059433 0.016208 0.09916 -0.001005 0.114087 -0.00201 0.107079 0.006497 -0.021056 -0.016214 -0.000224 0.002886 -0.008245 0.01354 -0.008197 0.072115 -0.004107 0.05855 -0.000991 0.059881 0.161487 -0.082254
27.848321 193.452907 46.879044 910.223661 113.909969 1979.565409 156.079428 2332.496282 155.275053 2348.842801 125.372559 2246.349856 -31.519244 140.492208 -56.517806 722.453281 -42.233494 1437.126033 -44.985338 1731.892096 -30.326013 1647.190793 -25.424154 1549.354721 322.843525 62.082788 0.001904 0.000118 -0.013809 0.000986 -0.029198 0.001062 -0.025172 0.03648 -0.067409 0.000291 -0.066241 -0.007574 0.022227 0.130992 0.032435 0.189926 0.053676 0.268497 0.025702 0.194263 0.013194 0.265178 0.013876 0.171669 -0.140249 -0.247906
26.633084 201.835533 45.302397 920.538446 111.060371 1978.776268 152.062454 2320.717314 152.918467 2342.901555 123.85897 2247.650111 -33.359216 139.592243 -59.381539 705.486771 -45.018845 1402.441387 -46.646307 1701.02994 -31.298374 1607.379486 -26.595938 1516.55459 322.580121 69.079218 -0.013555 0.088892 -0.013484 0.029058 -0.018048 -7.9e-05 -0.026184 -0.014908 -0.00901 -0.003762 -0.004596 0.000188 -0.026096 -0.001446 -0.035385 -0.1008 -0.04447 -0.21184 -0.015055 -0.138729 -0.007672 -0.243504 -0.013199 -0.175458 -5.4e-05 0.186734
]