11-08-20_Ishan_4KDepth.lion_above_orange_bed.0000000000 [ 57.106248 346.757537 96.706803 1708.822088 246.10088 2903.387775 322.193455 3296.300463 335.711079 3128.916419 279.241073 3038.307405 -83.232129 345.627336 -107.706598 1802.879989 -55.709214 2498.387954 -39.82262 2846.178149 -33.869037 2424.546984 -29.710831 2316.966794 582.842499 44.850196 0.0 0.0 0.0 0.0 0.0 0.0 0.0 0.0 0.0 0.0 0.0 0.0 0.0 0.0 0.0 0.0 0.0 0.0 0.0 0.0 0.0 0.0 0.0 0.0 0.0 0.0
68.987798 367.244464 120.05016 1622.833459 274.804222 2892.446265 352.741647 3331.269456 362.830822 3199.341489 303.836328 3119.000042 -66.973431 368.414478 -112.742836 1786.258004 -53.858613 2500.936477 -39.097153 2859.438407 -29.170869 2423.839134 -26.254976 2343.095725 597.75971 53.732139 0.561034 0.293977 1.260632 -1.10985 0.791419 -0.010328 0.691674 0.092254 0.526638 0.391881 0.518967 0.528769 0.882538 0.363694 -0.057535 -0.03849 0.015629 0.00065 0.003334 0.015409 0.175314 -5.2e-05 0.1068 0.073253 0.094245 0.400932
66.494599 372.957729 111.727202 1654.526609 248.363276 2879.156938 318.506954 3296.279931 324.130287 3145.184522 268.626101 3062.354414 -74.086556 358.178495 -104.900705 1740.702873 -54.293944 2513.19954 -42.940484 2897.797003 -31.450147 2508.566553 -27.169449 2407.279454 557.510573 35.956243 -0.022942 0.022049 -0.149484 0.153245 -0.668591 -0.0153 -0.873579 -0.092363 -1.09098 -0.231147 -1.083857 -0.259554 -0.179458 -0.072104 0.14133 -0.294213 -0.000876 0.014996 -0.090076 0.127787 -0.042864 0.727765 -0.007827 0.433623 -0.701345 -1.779205
64.537252 353.732056 110.719048 1586.034294 251.418904 2811.493369 326.432295 3210.30252 335.200388 3086.998902 278.130418 3009.343824 -71.187021 333.784871 -96.489171 1640.77606 -49.160338 2444.623271 -39.673809 2833.191092 -27.718535 2459.589961 -23.256262 2351.454651 555.701327 35.599293 -0.01462 -0.254367 -0.002285 -0.723906 0.009341 -0.402284 0.048697 -0.568074 0.09294 -0.271626 0.082613 -0.231416 0.028939 -0.430105 0.175741 -1.476802 0.127448 -0.474294 0.06461 -0.364165 0.117789 -0.241414 0.152067 -0.327452 -0.00147 -0.00089
70.943324 351.696623 115.965662 1627.719364 257.869061 2828.577128 332.130504 3222.353086 341.044954 3073.765402 284.222696 2996.342613 -67.205331 328.56502 -96.186243 1634.084213 -51.755358 2395.648108 -41.16378 2791.123703 -29.432535 2418.091834 -24.771832 2314.359263 570.855307 39.280958 0.151537 -0.002937 0.060725 0.270356 0.040847 0.025873 0.024652 0.011287 0.025257 -0.014213 0.033001 -0.014073 0.057291 -0.020569 0.000238 -0.006837 -0.033371 -0.247778 -0.013732 -0.157325 -0.025708 -0.176531 -0.023919 -0.147465 0.101927 0.090564
62.287908 380.839598 104.010086 1658.187158 241.429107 2892.853394 312.060184 3326.670795 319.183433 3187.287295 265.279539 3090.153751 -74.981158 358.978054 -105.74651 1738.554436 -54.643796 2525.513563 -42.833804 2918.112693 -31.337867 2532.840828 -27.18281 2423.789248 550.54658 37.561312 -0.281448 0.579937 -0.32513 0.141256 -0.270725 0.361061 -0.31273 0.830878 -0.362039 1.029242 -0.326614 0.722998 -0.21278 0.67298 -0.226437 1.618413 -0.039214 1.71382 -0.016603 1.412465 -0.029876 1.329962 -0.055971 1.26384 -0.183912 -0.019244
68.24089 358.918316 114.435144 1644.896602 251.396033 2900.746446 319.865745 3305.898235 330.290325 3166.916343 275.183577 3095.605988 -70.873157 340.891527 -107.292543 1703.404755 -50.490029 2459.290226 -38.665986 2827.955518 -27.833477 2437.383635 -23.978813 2346.59273 549.885405 47.685877 0.135818 -0.324869 0.248904 -0.026739 0.100796 0.005377 0.048209 -0.032529 0.094978 -0.032654 0.090754 0.002403 0.057863 -0.233741 -0.00561 -0.179481 0.082088 -0.439909 0.106639 -0.707337 0.103864 -0.916751 0.100424 -0.624656 -0.000199 0.603368
68.728527 363.374748 114.72838 1638.998113 253.034593 2895.394268 323.410423 3330.742437 330.207137 3191.967096 274.832877 3105.526324 -72.285078 347.3546 -106.882059 1725.619869 -50.384287 2465.082996 -37.417703 2834.643069 -27.338413 2431.867481 -23.599923 2338.002664 547.570169 51.603074 0.000868 0.013748 0.000188 -0.005297 0.002661 -0.002471 0.009766 0.046502 -5e-06 0.049344 -0.000112 0.007935 -0.006963 0.030347 0.000393 0.071962 5.5e-05 0.003407 0.010241 0.003949 0.002221 -0.003125 0.001509 -0.007876 -0.002442 0.077302
67.704856 346.475008 113.930072 1614.531844 253.217426 2924.496569 328.729912 3378.216436 335.79037 3257.427011 278.666066 3153.909779 -71.821831 332.395387 -103.389397 1673.631969 -52.981363 2409.916855 -40.872322 2773.768092 -30.338356 2384.591516 -25.694817 2289.427504 567.993311 67.923869 -0.00384 -0.201199 -0.001394 -0.091993 3.3e-05 0.072763 0.021696 0.16797 0.023403 0.33221 0.013273 0.186997 0.000745 -0.164623 0.029009 -0.397573 -0.032631 -0.312144 -0.076256 -0.330385 -0.078071 -0.232024 -0.044534 -0.254959 0.186964 1.119503
68.697301 356.011182 114.843327 1649.810983 260.582982 2942.891331 339.282525 3387.594046 349.742078 3281.004324 290.990106 3176.559157 -72.529188 342.267211 -106.022019 1716.415964 -53.588708 2426.258341 -40.525913 2796.752187 -30.272206 2395.311164 -26.07284 2295.063591 585.805092 69.524503 0.003611 0.064729 0.001823 0.190644 0.052797 0.028835 0.083355 0.006499 0.141985 0.04251 0.133326 0.040518 -0.001733 0.072227 -0.016549 0.269988 -0.001731 0.027609 0.000737 0.047417 3.6e-05 0.01202 -0.00138 0.003464 0.137493 0.00932
71.46207 354.965478 122.928979 1694.656615 293.735299 2871.517229 382.477384 3260.043913 401.028435 3120.904739 337.608987 3031.96223 -70.731071 343.048267 -106.429067 1722.558649 -53.545825 2408.859791 -40.005896 2777.02594 -29.566139 2394.634721 -25.872083 2290.595531 648.373017 48.025638 0.027271 -0.000769 0.13752 0.300679 0.992265 -0.438089 1.293692 -1.223783 1.753776 -2.002206 1.731085 -1.684065 0.011285 0.000445 -0.00039 0.005486 9e-06 -0.031303 0.001679 -0.034907 0.004166 -4.8e-05 0.000388 -0.002177 1.586993 -1.982696
70.91451 363.16174 120.530255 1671.690568 298.627255 2633.421682 386.701787 2937.47132 403.143215 2774.976177 339.188552 2722.934467 -73.081865 349.973415 -107.812093 1723.309039 -53.91475 2420.083861 -40.958869 2786.09233 -29.970856 2403.111003 -26.026812 2299.959903 652.955351 13.37004 -0.001053 0.046775 -0.011817 -0.078341 0.0202 -5.151377 0.0116 -8.400435 0.002781 -10.157069 0.001843 -8.303112 -0.019215 0.034601 -0.004464 8.2e-05 -0.000633 0.013044 -0.005609 0.007388 -0.001376 0.007488 -0.000231 0.009551 0.008068 -10.716108
64.59185 332.079125 117.963725 1440.918976 303.391399 2188.554861 394.120855 2411.508887 413.008677 2253.791132 347.184323 2250.589076 -67.7754 341.531545 -99.153553 1607.702347 -51.636391 2346.946155 -41.994487 2751.105172 -28.879934 2389.533996 -24.72104 2282.946738 660.316297 -1.984576 -0.147586 -0.695164 -0.01381 -8.566592 0.018851 -20.565158 0.035247 -25.921615 0.059628 -27.080914 0.046574 -22.480596 0.09999 -0.051531 0.181197 -2.006738 0.024592 -0.561087 -0.006465 -0.110535 0.010112 -0.019231 0.016802 -0.031579 0.020629 -25.656822
61.757098 317.200841 110.574593 1385.07737 283.682334 1719.735947 362.096845 1806.250608 381.632027 1613.811512 321.849257 1643.854382 -70.000589 334.869706 -101.568928 1581.037677 -51.328169 2322.891748 -41.485407 2732.737528 -28.375577 2375.644495 -24.179163 2254.698984 618.132843 -73.415949 -0.031804 -0.170491 -0.119484 -0.551768 -0.330927 -28.220465 -0.678374 -43.653893 -0.6197 -53.316827 -0.479868 -47.553434 -0.01797 -0.032807 -0.014533 -0.111489 0.000461 -0.061953 0.001552 -0.03076 0.002221 -0.020243 0.003002 -0.087925 -0.696128 -51.259313
68.518086 313.204607 126.031204 1417.331836 276.333717 1466.329964 338.442936 1500.112279 350.26194 1259.837556 297.582702 1305.241171 -66.300907 345.766529 -104.59447 1602.97952 -47.95891 2300.113121 -36.405616 2729.02343 -23.961041 2344.552397 -20.45815 2219.021076 557.445695 -167.091501 0.175558 -0.012666 0.505402 0.185623 -0.048217 -10.093399 -0.399454 -14.203282 -0.672594 -21.884456 -0.47551 -19.504169 0.05022 0.087233 -0.022202 0.075604 0.057184 -0.056118 0.16582 -0.001263 0.186513 -0.102403 0.155364 -0.142268 -1.567478 -18.992836
71.395373 299.645471 182.13026 1365.57305 264.271056 971.693483 280.33498 905.982904 258.00576 664.437914 231.026441 727.834729 -65.93034 346.444054 -115.621044 1664.0099 -48.516614 2335.10911 -34.042109 2778.822263 -22.30786 2385.682836 -19.822949 2258.319474 432.044386 -532.075376 0.029588 -0.150014 5.14928 -0.481368 -0.134595 -50.704223 -2.734432 -74.506816 -7.036969 -94.429752 -4.206731 -83.717181 0.000519 0.000332 -0.276233 0.570102 -0.001612 0.132112 0.039659 0.225131 0.029543 0.178822 0.005009 0.172468 -7.978424 -102.827131
71.601912 268.38896 281.174903 782.848868 165.401373 899.899044 127.887231 1029.938295 89.498521 847.565938 91.185068 881.710621 -66.472291 348.40139 -125.298356 1571.470458 -53.463075 2292.025521 -37.168586 2750.011381 -23.321932 2316.099557 -21.497899 2203.258016 204.193936 -361.489845 0.000149 -0.860608 10.710606 -80.536702 -11.529891 -1.377527 -29.533609 3.972455 -43.588938 11.130848 -31.927774 7.372312 -0.001109 0.002757 -0.194439 -1.323652 -0.120033 -0.200582 -0.068666 -0.075068 -0.01127 -0.514922 -0.033961 -0.339777 -42.198446 16.433885
67.758423 246.519027 319.009242 716.209734 206.775544 355.482463 169.996683 305.151204 131.725349 218.104429 128.916415 281.767399 -64.975504 341.80004 -117.698129 1593.896642 -53.28258 2345.935905 -40.073256 2821.42435 -24.638663 2429.173733 -22.721085 2321.386395 270.303231 -1191.512315 -0.053011 -0.464656 1.193685 -1.48192 2.306892 -124.190403 2.991357 -213.863543 4.067485 -205.768314 3.258203 -166.608302 0.008522 -0.03157 0.118886 0.079444 0.000153 0.31333 -0.054634 0.457694 -0.018078 1.347402 -0.016921 1.542297 4.627906 -240.417531
66.541948 240.308858 372.372283 621.817597 168.973488 187.746088 122.614084 123.058144 90.813779 83.175748 92.929528 135.674568 -64.870087 339.852792 -120.564482 1616.446006 -51.326034 2372.962623 -38.11012 2846.343506 -23.501143 2459.660315 -22.04466 2350.110259 206.710324 -1638.216614 -0.005509 -0.039611 2.062441 -3.333635 -1.906365 -26.54512 -3.861827 -40.645981 -3.792912 -31.903125 -2.938277 -26.3989 4.3e-05 -0.002781 -0.017242 0.079194 0.018299 0.077396 0.02465 0.054781 0.013441 0.095058 0.005111 0.088309 -4.257937 -35.481073
64.124584 211.255942 380.639904 415.873438 134.797667 93.802357 84.33945 59.45666 59.266629 42.603099 64.402387 80.651052 -65.056775 333.470344 -121.995777 1564.00405 -53.737732 2316.635716 -41.869047 2817.035731 -24.401658 2448.94849 -22.508102 2337.125449 159.726267 -1845.539838 -0.022363 -0.935577 0.045388 -20.641534 -1.9286 -16.135366 -3.570109 -11.440245 -3.353089 -6.723488 -2.607858 -7.114754 -0.000134 -0.03025 -0.004223 -0.432383 -0.027683 -0.338284 -0.088381 -0.075834 -0.008465 -0.011688 -0.00241 -0.017986 -3.024602 -6.174519
63.148239 174.89892 378.647471 185.354517 90.514684 7.184368 41.80925 0.098402 28.591063 0.006836 36.111096 6.444251 -64.771566 315.435583 -122.838326 1524.078027 -54.454983 2272.173545 -42.910219 2775.413577 -25.407147 2444.096074 -23.205585 2322.929955 107.90247 -2435.927818 -0.003745 -1.715342 -0.002614 -45.947772 -4.394554 -49.067146 -7.385589 -54.717446 -5.529181 -41.530606 -4.063687 -41.499882 0.000313 -0.250665 -0.00145 -0.258114 -0.002377 -0.215408 -0.006394 -0.15489 -0.01015 -0.002406 -0.005321 -0.021621 -5.065535 -40.900793
57.875897 154.644522 365.856242 94.428942 55.915117 -3.713881 16.580299 -22.74355 10.824045 -17.273855 16.228373 -2.491439 -64.964839 323.763069 -122.615404 1571.041633 -56.33768 2342.710278 -42.924393 2854.884321 -27.809835 2513.430226 -25.623019 2382.791339 73.333441 -2947.437225 -0.114898 -0.623027 -0.10989 -15.186929 -4.146434 -21.229154 -5.731791 -25.833942 -4.231535 -17.967962 -3.92359 -16.949543 -0.000144 0.054248 0.000101 0.35632 -0.015997 0.539095 -1e-06 0.560886 -0.054267 0.484865 -0.059879 0.380763 -3.327402 -24.356057
50.510996 151.704716 357.687396 60.129431 47.914918 -33.179599 13.579471 -81.126549 8.136957 -67.420941 12.494136 -29.612731 -64.94375 319.09005 -109.250956 1572.773359 -55.353656 2389.111537 -44.506529 2919.897388 -28.630373 2667.307484 -26.315513 2520.305452 67.293656 -3582.86139 -0.250512 -0.014106 -0.046115 -3.853913 -0.30867 -14.69212 -0.149659 -17.960711 -0.191368 -16.441751 -0.24378 -14.925309 2e-06 -0.016985 0.385474 0.000477 0.004335 0.227516 -0.014316 0.365973 -0.005965 2.28572 -0.004617 1.928766 -0.129761 -30.98818
40.949638 142.450808 290.516691 17.259056 36.611403 -95.610458 8.683279 -167.378279 4.705264 -144.03152 8.689673 -89.164732 -64.964262 303.832899 -109.156092 1521.528079 -54.834348 2401.750169 -48.05183 2922.135629 -30.84221 2684.122555 -26.860548 2537.742378 59.640688 -4071.694588 -0.501148 -0.145596 -3.489705 -12.959387 -0.759206 -16.143412 -0.545076 -15.448421 -0.466999 -14.366281 -0.344427 -16.0076 -2e-06 -0.186873 2.1e-05 -0.42437 0.001224 0.016671 -0.067923 0.000429 -0.041144 0.026418 -0.002793 0.030056 -0.230912 -15.624814
43.308574 122.486537 272.364953 0.592326 26.355185 -183.777717 3.934058 -289.113454 1.433847 -255.169036 4.452697 -178.51153 -61.259578 312.001222 -92.493698 1553.40588 -50.83452 2416.863899 -42.069763 2913.604438 -27.335296 2690.136149 -23.591469 2546.795302 41.290266 -4602.338013 0.033027 -0.753272 -0.292754 -11.456701 -0.840899 -14.276337 -0.927936 -16.531224 -0.944256 -15.782329 -0.701714 -15.351608 0.054378 0.054174 0.689589 0.165243 0.075729 0.023702 0.198757 -0.006236 0.105794 0.003364 0.106023 0.008059 -1.682178 -16.246561
45.303279 108.563245 229.271852 -2.412551 25.466127 -272.095244 5.58409 -409.516444 2.237354 -392.221675 5.308332 -297.181345 -60.146164 315.433042 -86.477518 1568.583457 -44.904979 2467.66511 -39.537607 2940.233059 -26.844116 2729.209947 -22.687089 2588.272818 44.581118 -5190.687813 0.022454 -0.419897 -1.854384 -5.395707 -0.007627 -8.636814 0.144113 -10.453428 0.08901 -14.673312 0.037574 -15.039875 0.005106 0.009385 0.101147 0.036893 0.183797 0.264184 0.039294 0.060566 0.002227 0.140864 0.008838 0.167516 0.063081 -17.689548
43.99078 122.293134 208.994316 -0.762409 36.785371 -288.967734 14.302112 -439.973678 7.910284 -413.279436 11.822931 -311.586203 -58.16215 334.075579 -81.92936 1625.638238 -41.822547 2473.335223 -34.442516 2901.406505 -21.189132 2661.366521 -17.879981 2537.795224 54.992429 -5172.156916 -0.009646 0.408645 -0.469348 0.462507 1.037744 -0.253755 2.012839 -0.546175 1.733815 -0.275298 1.287016 -0.17045 0.016637 0.267599 0.061427 0.509593 0.054795 0.003253 0.175661 -0.129032 0.334044 -0.426941 0.285823 -0.248538 0.545794 0.016569
44.129254 121.841707 203.593313 -3.606329 35.005185 -264.997013 13.923211 -404.443562 7.777904 -371.745379 11.798227 -283.598012 -59.377176 332.265431 -77.145028 1649.183516 -36.239187 2518.709008 -32.495279 2978.236993 -18.447285 2676.882929 -16.147052 2569.413383 50.181918 -5043.741195 0.000109 -0.000417 -0.035353 -1.052416 -0.022075 0.518864 -0.002543 0.747822 -0.000559 1.099511 -1.3e-05 0.658428 -0.00628 -0.002459 0.071963 0.084644 0.199931 0.20621 0.028329 0.502001 0.094947 0.02255 0.044156 0.097873 -0.11007 0.807137
46.713093 129.771424 226.934005 -0.783606 43.345453 -195.185889 19.222689 -295.748067 11.671104 -266.786542 16.496865 -197.739888 -57.481164 322.656776 -73.620273 1651.178171 -29.162049 2499.053568 -24.23318 2946.986312 -13.288783 2688.471642 -10.678269 2563.379119 49.867299 -4649.068152 0.036754 0.124986 0.633164 1.027828 0.445167 5.3261 0.426392 8.48822 0.393644 8.685387 0.392851 7.719323 0.015382 -0.07049 0.041208 0.000603 0.38404 -0.038497 0.604883 -0.082411 0.422048 0.012515 0.563367 -0.003547 -0.000495 8.038507
46.599056 122.858674 242.700416 -0.389143 46.553415 -162.522902 23.310189 -256.817653 14.668723 -226.850912 20.317797 -160.208969 -57.955822 310.078568 -75.087311 1618.922204 -30.513594 2448.602509 -26.586349 2880.843623 -14.097699 2646.027358 -11.520462 2521.886537 57.527177 -4422.399124 -7e-05 -0.094595 0.264727 0.068331 0.057255 1.494377 0.196864 1.373106 0.171129 1.618063 0.198821 1.972995 -0.000976 -0.125034 -0.007237 -0.159089 -0.015307 -0.25723 -0.05451 -0.375354 -0.011949 -0.168858 -0.015982 -0.16928 0.273518 2.832335
48.262739 123.935997 280.853067 0.934459 71.650994 -115.226707 45.164696 -187.390378 30.454358 -175.009176 35.835075 -121.279369 -61.65367 295.710603 -79.097607 1567.018964 -36.444899 2376.77997 -31.477563 2823.845928 -19.315048 2595.246852 -15.445388 2468.904401 98.276205 -4118.131415 0.01459 0.002351 1.39199 2.52965 2.695129 4.056505 3.5812 5.459096 2.851268 3.357936 2.186594 2.704962 -0.057175 -0.170412 -0.052162 -0.422815 -0.26322 -0.534544 -0.206381 -0.28475 -0.409854 -0.246001 -0.287169 -0.281237 5.423162 5.421691
52.719165 114.285672 311.355646 27.431301 88.660028 -90.358863 53.007441 -174.952881 37.467087 -173.499638 44.068101 -111.005164 -59.202864 286.207248 -86.590407 1550.301537 -36.837229 2311.792749 -28.381895 2789.874013 -17.279541 2515.024997 -14.609839 2376.719528 105.635292 -4009.669482 0.098381 -0.195547 0.786062 18.239868 0.904885 1.509562 0.313771 0.213523 0.362994 0.003269 0.425287 0.227331 0.024852 -0.077605 -0.169508 -0.044826 -0.00105 -0.450408 0.080101 -0.102793 0.056655 -0.629706 0.011617 -0.876958 0.132837 0.723721
56.862783 115.050504 311.832687 80.341794 99.716352 -89.075406 62.925581 -206.745933 46.775321 -206.962048 51.01027 -129.310047 -59.423849 264.756727 -85.463785 1474.184454 -38.636415 2199.785668 -30.490979 2656.429584 -19.792018 2366.83347 -16.972912 2244.674942 127.42054 -3973.573645 0.078369 0.001275 0.000183 13.882096 0.324743 0.00459 0.425031 -1.326383 0.515829 -1.474402 0.253781 -0.698158 -0.000206 -0.417722 0.003689 -0.957969 -0.021448 -1.390591 -0.03779 -1.635062 -0.085238 -2.249736 -0.088529 -1.886804 1.020439 0.081603
58.568515 122.849887 300.267746 258.940072 113.404218 -29.430562 85.124416 -130.646905 66.955725 -156.562335 63.260307 -82.641246 -61.81257 269.327295 -93.036203 1490.401832 -38.385297 2086.473572 -28.173654 2518.786484 -17.139687 2196.381423 -14.879635 2083.622333 151.847908 -3525.753384 0.012604 0.127883 -0.109263 50.812042 0.440012 16.104029 1.673724 8.694093 1.804722 3.510708 0.658512 5.20175 -0.023535 0.019557 -0.160693 0.044358 0.000409 -1.498028 0.045786 -1.830742 0.095365 -3.184602 0.068857 -2.99736 1.070372 13.382673
62.93466 141.877715 303.299318 404.107068 133.241325 -7.322227 103.564563 -81.324798 84.955012 -103.968268 79.968195 -43.316125 -59.84621 274.395112 -91.17949 1515.308372 -31.917098 1964.019568 -19.844637 2328.932134 -9.254837 1972.156447 -10.642674 1898.566423 150.289963 -2981.755304 0.078473 0.684717 0.007613 16.086513 0.79902 7.393139 0.903219 5.81804 1.0701 5.363875 0.977842 6.296207 0.015892 0.023618 0.009357 0.103195 0.298187 -1.85143 0.727872 -3.719121 1.20524 -6.034881 0.354146 -4.302182 -0.004017 22.777744
64.4743 141.304642 300.677718 489.816732 156.497681 1.414847 130.598674 -20.579797 108.445838 -41.370085 100.00428 -9.774409 -58.127971 258.314327 -98.007004 1435.9077 -21.854463 1759.417401 -8.824996 2105.965174 -2.269044 1745.728855 -3.201899 1683.349029 142.088013 -2324.578058 0.009303 -0.00058 -0.00569 4.11842 0.934862 15.174412 1.565777 20.084113 1.431921 14.171649 1.118772 11.937671 0.012513 -0.242769 -0.123239 -1.068307 0.949935 -5.625675 2.202382 -5.608441 2.35881 -6.901381 2.169511 -6.471455 -0.115065 40.852205
65.35032 151.26675 295.172428 589.693077 144.591347 26.477541 118.03009 -0.025299 94.967558 -3.610683 88.33257 1.37304 -57.932773 259.92335 -111.633788 1442.916829 -15.217699 1657.239491 -3.020312 1925.409477 -0.302797 1573.481401 -0.900768 1543.896295 105.995262 -1727.841442 0.002956 0.169655 -0.025433 4.630214 -0.235506 15.651202 -0.317884 19.161965 -0.44703 20.537015 -0.362011 18.47429 0.000164 0.002498 -0.443344 0.008533 0.598904 -1.528199 1.519759 -4.04536 0.914059 -4.472327 0.7061 -3.014359 -2.639545 44.176841
73.61654 166.528683 302.546995 662.873847 126.022438 97.258922 93.478091 33.556976 73.349316 14.476684 71.271382 41.440579 -50.318815 266.709807 -97.313538 1475.407697 -12.355303 1537.008642 -2.780555 1717.24109 -0.629626 1379.393537 -0.998604 1364.859938 87.570505 -1111.246484 0.246069 0.366684 0.045495 2.139607 -0.63783 22.244057 -1.429839 35.42507 -1.394072 32.547064 -0.914515 27.72726 0.268099 0.043729 0.491298 0.180872 0.148977 -2.263534 0.004957 -5.953016 -0.059156 -6.38545 -0.002521 -5.515147 -0.878885 67.764973
64.96234 175.607895 277.709005 808.475714 88.346688 332.545477 55.951804 259.819673 42.092576 179.678396 43.351536 232.777805 -55.568898 281.532826 -96.17461 1576.832041 -8.007645 1318.613214 -0.414174 1353.767577 -0.07464 1052.744849 -0.319479 1069.505527 45.712243 -362.583016 -0.27049 0.120488 -0.531842 7.221962 -3.336759 70.121124 -4.788714 106.628021 -4.312028 92.152191 -3.452348 77.785729 -0.130234 0.200424 0.003352 1.685605 0.469544 -8.363592 1.048445 -21.585568 0.270697 -22.035118 0.188423 -17.983668 -6.743517 204.311321
65.502429 162.284544 257.052876 808.455716 51.110487 412.684106 21.457542 363.0376 14.638674 266.062585 17.556832 317.404376 -65.478842 282.924184 -106.633068 1644.798698 -8.668619 1173.369564 -0.193389 1154.117714 -0.040804 858.833803 -0.353253 887.944489 16.225204 -168.855507 0.001118 -0.262777 -0.399089 -0.0 -5.063094 4.321403 -8.110336 8.612011 -7.085324 8.450695 -5.73172 6.547399 -0.406336 0.001715 -0.269842 0.717025 -0.013104 -4.236318 0.041536 -7.959579 0.00507 -9.860626 -0.000848 -8.438432 -7.469458 36.568281
61.41881 151.970518 235.871856 734.497216 6.589975 535.822327 -0.632372 578.907214 -1.611687 433.428999 -0.055452 460.841184 -59.57479 270.348213 -100.724838 1542.435694 -1.595399 1085.420424 1.570166 1104.295341 2.766876 831.902176 1.346545 843.230547 -8.601991 -64.380672 -0.065711 -0.169302 -0.455285 -1.773549 -20.995323 8.02707 -29.457181 25.0695 -25.964877 20.317851 -19.585673 13.332471 0.139449 -0.142945 0.084188 -1.644198 2.826302 -1.712861 2.865648 -0.549627 3.479691 -0.21451 3.079175 -0.577547 -48.455064 24.707706
54.308394 136.20711 189.678625 800.534416 -0.32544 452.874026 -16.939777 432.032493 -17.47643 302.805203 -10.22841 345.769633 -66.719047 243.675 -125.143147 1495.34381 -0.792225 1083.002668 4.608564 1142.484319 7.161477 858.376735 3.477334 865.385618 -47.012629 -141.533094 -0.218643 -0.431455 -2.514552 1.421121 -9.844331 -3.485686 -11.026237 -10.726276 -8.473686 -11.680392 -8.777624 -8.250279 -0.202232 -0.692517 -1.323796 -0.365033 0.139144 -0.001348 0.798689 0.324576 1.025563 0.207346 0.496115 0.143645 -15.395112 -15.000218
49.674457 136.788095 169.433567 828.173208 -7.502384 452.168289 -38.383008 396.12044 -34.25845 284.863259 -23.722711 332.318779 -67.332533 236.367173 -115.366165 1471.340959 -0.108219 1041.82281 6.424248 1072.722871 8.836155 810.170874 4.796465 822.453665 -77.891902 -134.226316 -0.103306 0.000618 -0.571115 0.234529 -4.702717 -0.000275 -4.324761 -0.779012 -2.797557 -0.273954 -2.796948 -0.133422 -0.001404 -0.055628 0.198805 -0.097103 0.314837 -0.399077 0.15043 -1.098739 0.087897 -0.696501 0.105835 -0.546098 -3.87721 0.096821
54.272513 140.391763 157.991481 836.165294 -3.163745 410.161663 -25.852895 350.626139 -23.578125 249.679343 -16.14552 298.815675 -62.36155 239.958149 -113.473352 1495.875596 -0.248568 1067.207016 5.280888 1132.616681 7.79888 867.675865 4.042196 873.84415 -58.497695 -186.461573 0.101746 0.023427 -0.199987 0.019189 0.922284 -1.023741 1.233939 -1.387121 0.994688 -1.15917 0.726667 -0.889866 0.0953 0.013536 0.007828 0.101435 -0.028764 0.152767 -0.055976 0.813464 -0.032371 0.985726 -0.032243 0.778633 1.385942 -4.282769
56.018433 145.31291 161.719655 881.770267 0.188731 448.243067 -6.019458 381.385447 -5.700411 274.6261 -3.381822 322.976018 -58.795809 243.338671 -105.533194 1499.601668 -0.49714 1095.726998 4.709156 1150.544295 5.857291 883.914609 2.888112 893.477712 -23.11434 -173.155461 0.01382 0.042386 0.021738 0.60543 4.897915 0.845119 6.922771 0.646542 6.091901 0.593827 4.748806 0.469565 0.052482 0.011823 0.143984 0.002317 -0.042649 0.188037 -0.016374 0.070386 -0.138729 0.075275 -0.096769 0.10906 8.069242 0.246253
62.806157 145.409565 162.305881 935.650966 3.942314 583.701169 -1.617852 544.587778 -0.209624 391.784589 0.022385 428.322905 -53.549576 243.380978 -90.08309 1491.108117 -5.166932 1065.490496 0.016385 1076.217414 0.022082 815.681128 -0.031289 828.86256 -0.367779 -76.852971 0.194029 1.6e-05 0.00053 0.79887 2.405895 8.92908 1.395966 14.495627 3.723767 10.379367 3.954489 7.422519 0.122559 2e-06 0.611092 -0.012061 -2.458647 -0.211522 -4.169989 -1.240821 -5.160092 -1.370233 -3.520616 -1.212475 17.650838 19.292055
65.109573 150.336732 170.645438 932.219188 49.491297 529.928599 27.150749 496.382139 24.702995 338.557972 24.301154 394.917855 -49.616375 238.899727 -95.791187 1455.598095 -6.683996 1055.08679 -0.029903 1067.85416 0.071976 793.108796 -0.123224 806.082593 22.10812 -95.301377 0.020741 0.041046 0.104458 -0.003153 25.497238 -1.298985 42.023925 -1.116762 29.463813 -1.942133 22.848433 -0.678026 0.075004 -0.02082 -0.087667 -0.213969 -0.097502 -0.025521 -0.090558 -0.016311 0.014324 -0.15836 -0.030327 -0.158706 28.178843 -0.991338
64.083161 163.254945 169.63597 1079.220616 88.233051 536.266688 67.165855 510.595586 62.546906 312.466536 58.133924 369.775447 -51.493734 248.709827 -78.40253 1519.838285 -27.381219 1141.38739 -14.518397 1151.94945 -14.769226 852.733266 -13.087243 856.61632 138.10328 -132.82272 -0.004077 0.266192 -0.001497 5.378822 5.561295 0.018839 8.909268 0.100316 8.634485 -0.52305 7.262705 -0.413441 -0.01743 0.098694 0.870073 0.693559 -7.008537 1.696052 -13.230507 1.59351 -16.903269 1.080372 -10.670655 0.768103 49.699792 -3.10687
64.923049 170.877235 178.37072 1066.319874 60.545475 597.656976 32.826686 583.091902 28.454913 374.510784 29.910584 416.26675 -52.172735 260.947196 -85.406213 1543.598172 -26.034384 1198.828695 -10.441447 1218.198314 -10.156613 892.384828 -9.91558 889.314941 72.611852 -110.681546 0.002734 0.086952 0.109636 -0.038785 -2.59902 1.663045 -6.081255 2.405395 -6.627255 2.807495 -4.646196 1.376093 -0.002224 0.146937 -0.149791 0.092142 0.016982 0.705063 0.335216 0.926054 0.430508 0.450528 0.219706 0.306224 -10.435978 1.008707
66.745876 173.549653 166.757206 1083.986206 37.444324 735.456097 15.098211 746.614982 12.91231 525.577415 14.655805 552.367733 -51.18014 260.10654 -87.341409 1519.733953 -22.443025 1312.431572 -9.227839 1416.861764 -7.008979 1089.173185 -7.108872 1056.242368 38.947808 -101.548925 0.012618 0.010368 -0.195452 0.072572 -2.76198 7.141027 -3.399658 10.093077 -3.030887 12.767716 -2.692116 9.609309 0.004767 -0.000678 -0.01084 -0.092956 0.133213 2.570865 0.037476 7.499527 0.291057 9.79573 0.232955 7.174355 -5.200411 0.196587
69.179672 177.347751 161.968673 1137.780068 25.063143 789.089632 6.743177 804.534908 6.215094 568.980869 7.420505 592.438683 -51.801679 260.75293 -89.516058 1507.5833 -23.643174 1416.074597 -10.012665 1592.20969 -7.154763 1246.644583 -7.356396 1196.205032 26.706652 -131.206361 0.021791 0.020556 -0.034879 0.651329 -1.238472 0.943706 -1.661209 1.081742 -1.210795 0.860896 -1.219323 0.701504 -0.001876 0.000401 -0.01337 -0.024384 -0.015629 1.969164 -0.016013 5.113378 -0.00075 5.314088 -0.002118 4.352708 -1.151265 -1.897192
70.756238 185.230056 135.11778 1182.944296 22.339486 797.231907 5.965457 809.822269 4.991888 577.449779 5.37444 602.749318 -54.327547 269.820721 -98.879715 1516.083427 -19.198236 1488.202811 -6.002564 1689.855191 -3.813882 1319.627217 -4.382941 1267.915413 17.53239 -151.203639 0.008881 0.085689 -1.21589 0.439518 -0.078313 0.020896 -0.023819 0.008659 -0.066955 0.031281 -0.164655 0.044475 -0.030062 0.077492 -0.23284 0.011948 0.231212 0.895796 0.510176 1.452859 0.521172 1.037993 0.382815 1.043672 -0.96173 -0.708887
72.820701 186.066143 127.610548 1184.289299 9.852524 946.146563 0.147983 1055.337334 0.027857 779.823412 0.393476 782.200098 -54.712905 268.065843 -98.063483 1498.515639 -17.751799 1469.729546 -5.573841 1665.775814 -2.828828 1301.404906 -3.107731 1251.969623 3.418124 -66.417146 0.014843 0.000941 -0.107278 0.000382 -2.520453 6.371586 -4.234307 16.229454 -4.273929 15.172067 -2.859507 11.675116 -0.000681 -0.002863 0.001691 -0.051189 0.028322 -0.057686 0.007941 -0.086396 0.073443 -0.063345 0.109344 -0.050453 -5.467894 17.196094
70.961097 192.361381 119.31853 1238.18097 0.079105 997.157372 -6.612563 1039.782001 -5.428896 797.498846 -2.673947 806.336622 -56.534924 243.347225 -103.91698 1322.150058 -1.78718 1288.908842 1.085421 1426.746711 3.68957 1137.666878 1.739046 1108.080959 -18.069509 -30.132368 -0.012026 0.052365 -0.139265 0.599527 -8.165972 0.66962 -8.738975 -0.057747 -6.23453 0.099038 -5.118892 0.183378 -0.014922 -0.597724 -0.084836 -5.519137 8.273871 -5.932514 11.578597 -9.251428 12.979715 -5.502178 9.496288 -4.390419 -37.205624 7.0776
72.352138 190.84395 112.826139 1320.255644 0.002959 1019.153978 -7.766904 1027.02094 -5.544792 789.506095 -3.129267 806.625057 -58.670738 232.058669 -108.388306 1311.250686 -0.170232 1219.96081 4.758215 1323.379207 7.238855 1051.002322 4.292766 1037.493402 -25.454548 -18.67117 0.006751 -0.003004 -0.090804 1.316817 -0.051467 0.119988 -0.046408 -0.039396 -0.000612 -0.020127 -0.01789 2.6e-05 -0.0198 -0.134043 -0.04709 -0.022556 0.854261 -0.947584 1.298455 -1.943296 0.592418 -1.716498 0.567265 -1.161449 -0.631112 1.36488
69.868946 202.440853 101.019967 1362.350333 0.009217 986.857321 -6.577678 966.02226 -4.03544 742.232215 -2.26322 763.764008 -61.173256 235.120716 -112.763342 1340.532023 -0.558171 1311.515745 3.175121 1449.495712 5.75416 1175.387248 2.931374 1150.87043 -19.427144 -49.561348 -0.02168 0.171018 -0.326151 0.330289 0.001732 -0.260004 0.049381 -0.933675 0.119645 -0.729678 0.069999 -0.585018 -0.026131 0.010035 -0.04328 0.161669 -0.111901 1.656158 -0.159557 2.869514 -0.085106 3.477312 -0.129437 2.938951 0.406568 -7.392783
64.676812 208.585562 98.61981 1365.286946 18.724547 951.110595 9.482371 769.300367 12.410067 572.101369 10.148256 639.233247 -58.431065 245.149729 -104.33653 1474.452911 -4.954125 1404.112198 0.008919 1565.928128 0.430625 1229.678882 0.04382 1196.605821 8.217236 -124.280955 -0.10022 0.045933 -0.014428 0.001581 17.902899 -0.329711 31.855236 -11.186578 30.598963 -11.05761 21.996411 -5.537636 0.03144 0.104724 0.163607 3.1874 -2.186489 1.579119 -2.847475 2.248699 -3.036525 0.612864 -2.25839 0.445569 52.913921 -16.876936
57.276545 231.101823 90.593411 1457.726251 31.82547 846.049991 26.111994 583.174088 35.242851 440.645375 28.683819 523.926657 -58.760256 243.855537 -108.722663 1453.553757 -8.501436 1492.85349 -0.472567 1695.758504 0.010613 1358.326851 -0.111596 1310.752585 34.030286 -251.664312 -0.224735 0.576904 -0.170316 1.513864 1.727174 -3.073509 4.123514 -12.868483 5.826317 -8.567831 4.709312 -5.729408 -0.000462 -0.001713 -0.045152 -0.074587 -0.476011 1.359503 -0.61133 2.584952 -0.30603 3.199478 -0.295275 2.599597 8.802948 -22.238716
54.45925 248.233664 64.879304 1512.363347 41.059256 589.960445 33.489818 372.624332 43.70802 249.858793 35.969039 308.956218 -63.373567 241.721947 -104.771812 1492.100743 -16.60657 1620.59253 -4.818224 1849.837232 -2.316126 1513.739144 -3.014028 1452.459775 66.147097 -533.604383 -0.035523 0.306251 -2.141212 0.502588 0.587281 -23.019241 0.458396 -23.479043 0.455133 -26.880415 0.411768 -28.220465 -0.087159 -0.004687 0.03656 0.252225 -1.344194 2.621554 -2.272888 3.349433 -2.64031 4.207892 -1.965703 3.636012 5.287876 -52.358933
56.627015 244.345932 81.678357 1417.706378 49.859049 398.116641 36.396985 248.559074 40.249544 155.187423 34.151326 212.247755 -60.533742 245.086646 -95.694606 1423.778653 -18.589486 1778.258385 -8.331905 2109.757739 -3.312783 1776.087893 -3.561566 1692.249902 66.656744 -881.272454 0.021153 -0.015342 0.965972 -1.529363 0.426859 -18.802985 0.060493 -12.515487 -0.071263 -11.219136 -0.023564 -9.050622 0.032547 0.011628 0.205615 -0.800539 -0.055902 3.65887 -0.478115 8.540218 -0.088937 10.477244 -0.022836 9.155556 0.000978 -43.380072
52.958415 241.829363 83.81614 1349.641617 43.005619 305.900501 29.008139 170.350467 33.002384 102.637493 28.273273 152.874173 -59.557217 248.897956 -96.099161 1426.859733 -23.864623 1952.774932 -14.454694 2396.573588 -5.926955 2087.701653 -5.637203 1967.795577 66.901014 -1264.539031 -0.061424 -0.006513 0.013808 -0.837176 -0.253238 -6.065625 -0.418701 -7.365355 -0.359379 -5.412174 -0.277362 -4.859801 0.00397 0.014703 -0.000427 0.001665 -0.329006 4.083681 -0.83801 9.136791 -0.377522 12.58629 -0.237236 10.386935 0.000223 -34.505335
55.955237 238.73098 84.723386 1167.520587 32.028352 181.735756 16.547986 78.616529 20.307401 41.82937 17.350847 81.674532 -60.353294 244.399229 -95.738691 1371.944023 -30.215334 2039.11566 -24.266553 2561.227898 -10.241873 2268.65325 -8.506076 2132.852606 59.392701 -1694.377641 0.041237 -0.009988 0.002442 -6.59703 -0.807315 -16.07265 -1.737121 -17.516246 -1.533627 -13.420891 -1.326705 -11.067819 -0.002643 -0.020514 0.000339 -0.538806 -0.374183 0.933842 -1.263773 2.734934 -0.586386 3.759751 -0.294022 3.323239 -0.223387 -31.38757
57.670847 247.967126 85.650795 1116.797565 28.799559 158.27758 14.37072 62.309408 18.823176 34.655421 15.914682 70.94478 -65.591076 265.029324 -119.087899 1454.684296 -48.041459 2270.659441 -41.222923 2865.00579 -20.380365 2560.220183 -17.773805 2402.717437 78.376144 -1999.139056 0.012953 0.087646 0.002524 -0.563219 -0.085754 -0.810178 -0.076756 -0.946662 -0.028159 -0.337186 -0.031016 -0.37764 -0.108962 0.417895 -1.272666 1.211235 -2.057351 6.22437 -2.233228 8.509901 -1.727041 8.81043 -1.688392 8.03555 1.314151 -12.594792
58.04552 247.92048 95.637473 1066.361916 27.282905 147.894163 12.838673 56.184064 17.353678 29.491611 14.938852 62.217507 -66.018308 260.445218 -121.333135 1428.618016 -57.472036 2404.976713 -55.063571 3047.968406 -28.453896 2803.633148 -23.204523 2613.109475 90.249884 -2258.029433 0.000607 -2e-06 0.275278 -0.582663 -0.020511 -0.176121 -0.043166 -0.158426 -0.029858 -0.20818 -0.015436 -0.286294 -0.000693 -0.019996 -0.010484 -0.117828 -0.422288 1.929668 -0.99995 2.831345 -0.672002 5.525916 -0.361451 4.414456 0.418562 -7.879217
70.10141 243.541687 96.734471 1026.836808 24.440569 119.868935 10.441524 40.053072 16.026111 18.844154 13.980428 44.779969 -63.243337 262.24576 -121.954699 1454.08556 -55.402536 2455.363152 -52.776004 3116.940853 -27.015351 2852.776729 -21.851593 2656.652005 84.656411 -2407.904741 0.568361 -0.019507 0.003128 -0.373202 -0.078156 -1.470659 -0.123745 -1.361547 -0.02641 -1.187299 -0.015886 -1.430473 0.02979 0.003101 -0.000794 0.1125 0.018973 0.261181 0.024265 0.385841 0.018657 0.213487 0.020317 0.179893 -0.089462 -2.407707
69.967629 238.123174 96.299741 933.259713 21.584515 91.638005 8.452047 23.595638 13.932954 10.681054 12.379283 31.446537 -64.353749 260.571052 -117.246817 1435.914928 -56.328106 2475.230957 -55.454589 3127.432926 -29.767649 2917.025784 -23.48872 2710.403315 84.431491 -2574.680432 -6.4e-05 -0.030479 -0.00049 -2.235009 -0.088701 -1.892531 -0.105037 -2.164475 -0.073211 -1.150894 -0.048673 -1.175191 -0.004832 -0.002682 0.046334 -0.057124 -0.003834 0.040029 -0.033151 0.008815 -0.066742 0.357731 -0.029566 0.269168 -0.00015 -2.791917
64.89995 217.554964 94.309837 891.335675 19.764424 87.459208 7.151718 22.833933 12.176487 9.142935 10.921883 28.026037 -66.365812 240.905845 -121.092037 1367.565596 -56.546801 2356.654347 -56.26317 2982.75622 -30.442057 2784.421352 -24.04111 2582.359096 81.124509 -2474.454372 -0.095243 -0.464436 -0.010387 -0.481711 -0.040078 -0.048758 -0.054275 -0.006249 -0.059149 -0.05976 -0.045622 -0.098445 -0.015486 -0.38573 -0.03102 -0.833308 -0.000212 -1.45518 -0.002926 -1.713063 -0.003777 -1.542268 -0.00321 -1.54907 -0.033032 0.994849
61.181834 197.033301 92.915279 844.162335 15.622423 74.614692 3.814138 16.002473 8.856826 4.894012 8.31825 20.056075 -70.097418 221.900122 -124.094572 1342.257048 -59.769092 2275.1936 -59.041953 2872.806475 -35.573764 2667.902561 -28.258538 2471.166723 79.931049 -2444.264335 -0.054835 -0.508211 -0.005194 -0.641238 -0.243245 -0.509772 -0.520256 -0.60556 -0.263621 -0.658512 -0.17698 -0.66514 -0.05103 -0.390412 -0.018385 -0.118188 -0.044642 -0.716384 -0.033488 -1.032353 -0.199758 -1.245174 -0.170323 -1.223427 -0.004422 0.092651
57.965624 194.792768 83.192655 827.624917 11.030215 69.803496 1.455367 13.249983 5.62487 3.943663 5.647255 17.765665 -76.326799 222.028529 -127.418858 1348.516771 -64.110313 2302.406011 -64.460087 2894.807049 -40.497649 2695.102128 -31.189195 2495.573634 76.30821 -2492.855832 -0.043416 -0.006406 -0.26859 -0.081797 -0.398596 -0.080163 -0.557405 -0.129785 -0.365253 -0.051246 -0.257802 -0.069415 -0.132569 1.9e-05 -0.02197 0.007281 -0.07609 0.080885 -0.118906 0.041961 -0.159522 0.068975 -0.072282 0.059969 -0.042008 -0.239126
59.875078 189.26479 83.258124 824.254957 7.277426 69.874228 0.242945 13.098997 3.030389 3.572001 3.178967 17.017707 -75.371495 220.235621 -124.266404 1368.637055 -65.040382 2306.357124 -64.661377 2894.413571 -40.287443 2689.667191 -31.250374 2488.677238 65.416397 -2497.203536 0.015471 -0.039786 1.3e-05 -0.003437 -0.38876 1.8e-05 -0.50907 -0.000433 -0.398009 -0.009195 -0.352159 -0.008043 0.003008 -0.003634 0.019744 0.074495 -0.003349 0.001694 -0.000157 -1.3e-05 0.000273 -0.002743 -3e-05 -0.004771 -0.419148 -0.001894
63.831665 159.046761 85.273787 786.145213 6.391959 52.804456 0.159072 6.327429 3.103855 0.628855 3.150951 9.037215 -72.56173 188.022809 -115.939861 1276.937344 -64.766338 2181.264751 -64.233216 2762.73109 -39.963419 2552.918744 -30.118922 2358.581832 65.341984 -2473.412296 0.063289 -1.31327 0.012054 -0.450992 -0.028709 -1.193366 -0.008847 -1.218409 0.00044 -1.203343 -6.2e-05 -1.252287 0.026686 -1.272828 0.14436 -1.589705 0.000289 -1.743813 0.000711 -1.532807 0.000654 -1.783788 0.010431 -1.746127 -2.1e-05 0.056937
64.320618 153.365533 73.178048 805.114566 4.910944 56.9054 0.004139 8.083606 1.882835 1.079933 1.778887 10.350181 -72.153785 190.590422 -112.213418 1288.554715 -61.595837 2196.457125 -61.85419 2785.083141 -38.704875 2578.352173 -29.057019 2380.882487 57.661071 -2473.896396 0.000933 -0.051661 -0.462351 0.113071 -0.097448 0.076673 -0.111895 0.107407 -0.151797 0.060611 -0.194783 0.04451 0.000575 0.008706 0.030434 0.026304 0.039781 0.026362 0.022446 0.045028 0.010068 0.063031 0.009529 0.052466 -0.240051 -2.4e-05
64.329127 155.720118 62.468114 830.575857 3.244832 58.95611 -0.128205 8.46817 1.100238 1.139515 1.07745 10.839385 -72.996541 192.081403 -118.561358 1286.729645 -63.438495 2190.586141 -63.106754 2771.976228 -38.645789 2567.765516 -30.038179 2369.7498 52.787436 -2460.719892 0.0 0.008969 -0.423462 0.198178 -0.171995 0.01815 -0.178412 0.004468 -0.104485 0.0008 -0.087466 0.005648 -0.002447 0.002905 -0.087323 -0.000647 -0.013579 -0.003928 -0.006278 -0.015457 2.3e-05 -0.01089 -0.008146 -0.013044 -0.107579 0.017592
64.267567 163.991074 66.527751 842.969732 4.204726 73.958352 -0.003946 16.379201 1.45186 4.53008 1.411269 17.944157 -72.577776 196.117637 -117.003046 1293.95728 -62.270786 2214.091696 -61.061702 2796.718774 -36.691692 2597.183876 -28.978163 2398.931567 52.740979 -2384.776635 -1.5e-05 0.107003 0.063896 0.045894 0.062101 0.849376 0.087166 1.29302 0.024339 1.125547 0.02249 0.890631 0.000602 0.020984 0.005154 0.010121 0.005424 0.062719 0.016842 0.054968 0.025347 0.083781 0.00952 0.089289 -1e-05 0.595164
73.55273 181.353318 75.667777 939.085579 8.203351 92.459937 1.026644 24.468482 5.101847 8.658584 4.471949 25.321713 -64.973727 207.176174 -107.734127 1324.064049 -55.724341 2241.733352 -54.251043 2836.4665 -31.292605 2623.4435 -24.430551 2423.777217 61.664996 -2330.670128 0.313133 0.436721 0.294055 2.593911 0.661955 1.031656 1.157887 0.808992 1.110484 0.662838 0.858829 0.633638 0.210342 0.151644 0.191222 0.173117 0.18174 0.085738 0.201303 0.140232 0.214728 0.066043 0.193961 0.064 0.348581 0.310428
68.780915 194.30841 79.277149 945.817128 7.761323 148.821697 0.624119 63.184242 3.307383 34.883943 3.067211 61.417315 -71.133724 220.066704 -117.765518 1368.351953 -62.850048 2298.778631 -58.962517 2883.93679 -36.41414 2655.684969 -29.63518 2455.636654 61.670145 -2081.830013 -0.080011 0.223451 0.042045 0.01202 -0.006121 6.6752 -0.049828 9.013739 -0.193693 8.783611 -0.132025 7.867192 -0.139467 0.194507 -0.223235 0.364273 -0.214303 0.358362 -0.098078 0.196968 -0.193982 0.098456 -0.251094 0.104012 0.0 7.022177
67.442526 220.968729 81.090529 935.232768 9.101332 160.525688 1.816271 70.239215 4.379598 42.144914 4.590208 70.389507 -68.676504 246.920669 -112.447283 1409.890322 -59.142892 2366.901616 -56.927345 2966.146855 -33.876877 2748.595934 -27.053718 2549.044876 62.617682 -2110.037274 -0.006575 0.856665 0.010253 -0.029778 0.053327 0.221486 0.311006 0.186652 0.075146 0.342984 0.152984 0.305727 0.021595 0.772754 0.061438 0.310544 0.05634 0.497354 0.017871 0.577669 0.045808 0.798727 0.058807 0.871769 0.003612 -0.094905
71.672893 222.790768 85.794002 933.674192 14.025327 121.12549 3.888497 43.180637 8.543074 22.355941 7.926234 45.730219 -64.330944 243.458908 -111.130671 1376.925671 -57.926785 2344.106806 -55.628097 2953.141896 -32.980131 2745.120274 -26.178984 2543.628567 75.094129 -2272.01785 0.064336 0.003741 0.066294 -0.00065 0.530274 -2.769464 0.389671 -3.274965 0.689074 -3.110653 0.452767 -2.648539 0.071007 -0.012219 0.003877 -0.194973 0.006317 -0.055148 0.007499 -0.014286 0.006014 -0.001099 0.007187 -0.00288 0.566337 -2.994791
73.815766 231.161359 93.977066 971.955292 18.576613 119.581581 6.042644 40.531529 11.59219 20.268956 10.63171 43.015039 -61.167849 249.616244 -110.592708 1390.33658 -56.361841 2353.703292 -54.445703 2964.230603 -31.935925 2748.050979 -25.217264 2548.157805 82.009659 -2296.302461 0.015782 0.077181 0.18634 0.384542 0.319247 -0.004951 0.236441 -0.041927 0.232205 -0.051122 0.198269 -0.041545 0.039868 0.038447 0.000653 0.032497 0.010715 0.009802 0.006351 0.01039 0.008399 0.000782 0.008999 0.002014 0.152281 -0.064547
69.626275 229.356787 97.268386 991.827207 22.296516 122.395455 8.496379 40.944947 14.273792 19.869125 12.879091 44.235473 -62.139487 252.764257 -114.733807 1402.161713 -60.533371 2350.587052 -58.231674 2962.575153 -34.71141 2733.238583 -28.042638 2540.08438 93.503218 -2287.030203 -0.061194 -0.003536 0.028324 0.100547 0.169628 0.016361 0.208553 0.001049 0.13938 -0.001991 0.107659 0.008536 -0.003828 0.009863 -0.038056 0.025038 -0.074456 -0.001032 -0.063622 -0.000231 -0.057817 -0.020014 -0.074994 -0.006405 0.376735 0.009379
69.342723 243.265595 112.285598 1028.230809 29.940941 147.117408 12.980274 57.242041 17.859421 27.194403 16.149999 56.554466 -62.499728 264.104906 -114.014895 1428.693939 -60.229399 2399.789646 -57.818459 3022.33779 -34.313384 2798.493391 -27.637538 2604.239857 101.683094 -2273.951059 -0.000289 0.204706 0.53878 0.328043 0.562369 1.136246 0.473289 1.361943 0.20068 0.573572 0.184867 0.755674 -0.000521 0.124428 0.00113 0.12434 0.000383 0.254818 0.000736 0.298389 0.001148 0.384901 0.001474 0.400061 0.171477 0.018753
62.399117 241.01123 108.489291 1059.244941 30.604007 158.761169 14.205236 61.366317 19.940952 28.749713 17.627957 59.481251 -64.674463 267.62697 -114.17196 1464.055272 -62.92473 2437.87744 -60.635855 3057.771306 -38.326862 2830.160148 -31.030316 2634.390163 113.55883 -2288.414314 -0.183113 -0.005247 -0.032642 0.230405 0.003631 0.2217 0.027612 0.071727 0.057355 0.021624 0.03235 0.036917 -0.018596 0.011665 -5.4e-05 0.216139 -0.029498 0.149938 -0.03351 0.10325 -0.11096 0.089079 -0.098185 0.086764 0.327865 -0.022925
58.842939 240.195406 101.958376 1045.56888 36.078223 153.843487 20.673962 58.040843 25.508375 28.25011 21.92591 58.609576 -63.976038 271.560304 -108.855829 1480.277532 -61.887806 2487.785275 -59.54305 3119.15916 -37.508325 2880.274516 -30.25886 2681.494669 124.880307 -2338.022839 -0.052165 -0.000692 -0.101363 -0.044431 0.22508 -0.038683 0.605096 -0.046316 0.342286 -0.00219 0.234203 -0.003217 0.001896 0.014347 0.063367 0.04469 0.004307 0.252845 0.004969 0.305051 0.004418 0.219904 0.004855 0.208703 0.268933 -0.26598
54.333654 243.348806 92.404581 1185.905379 49.849664 190.75816 38.717373 72.604742 44.3067 37.583379 36.727589 74.617472 -65.478311 271.124467 -109.25027 1530.557727 -62.152408 2514.974779 -57.848647 3134.678373 -37.626619 2882.148081 -30.780903 2685.542001 163.593869 -2261.488757 -0.089867 0.010282 -0.234948 4.417224 1.110736 1.982905 2.807185 0.814303 2.578421 0.664951 1.898382 0.965211 -0.008717 -0.000175 -0.000357 0.419863 -0.000282 0.073887 0.012229 0.019256 -9.3e-05 0.000305 -0.002232 0.001526 2.609505 0.636793
55.175175 240.469473 94.901584 1135.454277 61.765483 175.801228 51.210803 63.933519 57.887732 32.239527 48.599393 66.609257 -62.454924 269.845786 -111.171203 1486.171081 -61.450999 2459.634301 -55.415003 3074.989869 -35.74151 2814.704668 -29.620288 2623.604392 184.601655 -2244.466822 0.003233 -0.008568 0.016645 -0.548302 0.637878 -0.305275 0.872064 -0.275623 0.906439 -0.204795 0.829916 -0.227234 0.03573 -0.001511 -0.00837 -0.326559 0.00199 -0.30783 0.026148 -0.286875 0.024222 -0.399236 0.011152 -0.361301 0.634312 0.032152
55.463955 242.579345 89.938493 1174.424148 65.582387 194.964841 59.000008 76.28499 67.744048 39.462759 56.281145 74.808097 -62.109889 269.086618 -110.159186 1475.189747 -60.069869 2461.454693 -53.507974 3082.009225 -34.5164 2823.955837 -28.52742 2629.147016 198.97199 -2195.762727 0.000377 0.004608 -0.066643 0.328753 0.057214 0.495582 0.275598 0.545063 0.38723 0.364759 0.281695 0.237869 0.000478 -0.000535 0.002314 -0.020361 0.007849 0.000337 0.016695 0.004001 0.010682 0.007589 0.010271 0.002924 0.269282 0.267121
54.384543 244.829357 84.822004 1158.463198 65.301374 203.485742 58.098255 83.159169 66.859191 44.501042 56.00514 80.262903 -61.347455 271.816137 -107.771127 1480.271341 -58.841796 2463.788452 -50.665353 3071.734747 -33.256189 2813.017227 -27.872641 2616.872843 194.423002 -2149.896344 -0.005303 0.005193 -0.074914 -0.054601 -0.000302 0.091121 -0.003472 0.148254 -0.002908 0.151298 -0.000339 0.095969 0.002354 0.006887 0.013084 0.004369 0.006342 0.000553 0.038791 -0.008577 0.011718 -0.010613 0.003801 -0.014359 -0.026302 0.242056
50.948689 272.216044 84.818216 1167.175404 58.616193 200.267108 49.568901 80.288697 55.714908 44.288571 46.50304 80.82372 -65.370028 277.172988 -115.551003 1484.767219 -63.080193 2484.178323 -54.052656 3103.269705 -35.447743 2837.003008 -30.605557 2641.274072 180.043869 -2172.357707 -0.056052 0.725814 -0.0 0.016319 -0.18046 -0.012829 -0.338378 -0.025208 -0.507663 -0.000254 -0.441354 0.000976 -0.063863 0.026136 -0.135555 0.003409 -0.073692 0.042012 -0.054799 0.080523 -0.034963 0.050913 -0.063895 0.056619 -0.276174 -0.058363
54.865513 267.674069 77.55276 1132.598226 50.595288 196.560035 40.01517 82.677636 46.317594 48.177269 38.445995 84.451428 -64.870999 277.454682 -113.95864 1485.595534 -60.231804 2486.764769 -53.265222 3106.159121 -34.24066 2834.713837 -29.133699 2641.031466 160.206102 -2143.786862 0.072518 -0.019106 -0.162632 -0.259949 -0.294941 -0.017316 -0.510888 0.017511 -0.433674 0.081807 -0.382951 0.039818 0.000956 7.2e-05 0.005524 0.000115 0.032902 0.000673 0.002889 0.000672 0.010455 -0.000462 0.018135 -6e-06 -0.578798 0.094564
52.911883 274.207548 61.134662 1162.45468 39.074943 202.800508 31.25294 87.392052 39.733676 53.760018 31.926965 90.08456 -67.48365 274.139548 -115.575223 1482.164333 -65.670412 2462.873747 -60.383443 3077.420686 -39.597258 2808.75614 -33.238867 2616.3094 158.66175 -2085.344928 -0.017708 0.039389 -0.975233 0.19421 -0.743115 0.04876 -0.540698 0.065356 -0.252243 0.152989 -0.302597 0.090928 -0.025789 -0.009962 -0.005693 -0.001984 -0.117521 -0.057659 -0.223139 -0.066782 -0.194554 -0.059698 -0.135241 -0.058127 -0.00374 0.403821
47.896684 296.825903 63.052124 1137.273673 30.370637 190.581535 23.238444 79.379396 29.290587 49.729084 22.850171 86.048317 -75.20522 286.04452 -133.070476 1522.666837 -73.071114 2508.378182 -65.638344 3124.216121 -43.713301 2839.331214 -38.284438 2651.576724 144.568914 -2137.535608 -0.12483 0.448127 0.014804 -0.137865 -0.547658 -0.189815 -0.592601 -0.192598 -0.794572 -0.078533 -0.757265 -0.046253 -0.209079 0.126516 -0.616266 0.272982 -0.197523 0.208267 -0.109608 0.176554 -0.101741 0.082757 -0.17819 0.118055 -0.327664 -0.322525
37.666665 300.916515 53.871955 1102.346184 16.235097 179.324549 7.527645 75.382931 11.169141 47.419451 8.782269 83.152538 -87.744394 277.466993 -151.455578 1477.872889 -84.859831 2503.35985 -77.666443 3113.933669 -52.368378 2868.872881 -46.562687 2678.287503 111.907336 -2178.619297 -0.613756 0.013997 -0.360943 -0.272368 -2.195364 -0.171326 -4.313811 -0.051609 -4.285113 -0.027459 -3.300384 -0.024782 -0.483169 -0.065285 -0.594613 -0.334375 -0.440598 -0.002512 -0.505674 -0.008474 -0.390621 0.076444 -0.404806 0.066931 -2.088184 -0.195534
38.134152 317.276004 47.312794 1094.598131 8.420123 162.631278 2.606877 66.014773 5.548764 46.031121 3.811275 81.014974 -94.068904 280.899518 -155.717514 1514.23708 -90.2051 2517.142674 -83.224788 3117.309573 -57.522882 2861.315068 -51.190971 2673.821839 98.802916 -2181.510009 0.001442 0.216502 -0.212818 -0.013663 -1.271335 -0.407701 -1.274806 -0.31068 -0.973074 -0.010313 -1.022607 -0.013917 -0.110035 0.010551 -0.029568 0.220982 -0.081623 0.018919 -0.096041 0.000914 -0.120954 -0.004984 -0.109628 -0.001863 -0.407888 -0.000958
33.081084 299.918953 29.895754 1012.790414 1.251067 142.380815 -0.725926 51.810946 0.325695 33.441717 0.18849 62.098569 -103.346856 251.644078 -181.58633 1418.00286 -99.718197 2487.432102 -88.504803 3073.02357 -63.29326 2866.709389 -57.676098 2664.850303 72.699543 -2280.900965 -0.179496 -0.24411 -1.990155 -1.588465 -3.179923 -0.67298 -6.084092 -0.859265 -3.185814 -1.003488 -2.304611 -1.255671 -0.218139 -0.804185 -0.99344 -1.579598 -0.238401 -0.088192 -0.081189 -0.158414 -0.13788 0.00254 -0.193329 -0.007538 -1.99816 -1.107001
26.210954 270.712615 18.790814 888.006477 -0.277761 92.71975 -9.293809 17.757249 -2.076263 12.581532 -1.730018 33.202795 -115.070196 210.884968 -198.468185 1327.134135 -111.719138 2427.809357 -101.555232 3023.190805 -73.246797 2838.362282 -66.537426 2636.192391 50.658946 -2472.997009 -0.399364 -0.747917 -1.28338 -4.100344 -2.707806 -5.304886 -4.824886 -8.904536 -4.046619 -4.998962 -3.060596 -4.486254 -0.314847 -1.799393 -0.375127 -1.504367 -0.340855 -0.361631 -0.448582 -0.203679 -0.363281 -0.070425 -0.316484 -0.077464 -1.984979 -3.882705
25.602084 269.919715 20.526577 840.336671 -0.144181 89.848356 -4.770288 18.283067 -0.771921 11.217899 -1.022981 30.805577 -115.81282 216.800163 -196.620625 1322.011788 -110.193783 2416.816429 -96.217286 2990.275126 -71.614622 2809.489054 -65.927969 2606.0926 57.516327 -2465.648856 -0.003578 -0.000581 0.038333 -0.657521 0.021703 -0.022582 0.747319 0.003836 0.31622 -0.039098 0.092341 -0.044906 -0.001194 0.040908 0.00432 -0.004952 0.005242 -0.012472 0.07205 -0.090085 0.009195 -0.073804 0.001402 -0.086413 0.217568 0.005467
24.97975 268.478804 24.591259 866.514835 0.009067 98.77448 -2.657451 19.791382 -0.422749 15.338311 -0.695168 33.180337 -117.185383 210.965388 -197.524811 1315.962933 -112.439888 2398.662408 -100.097942 2971.372304 -73.453593 2804.016934 -67.26002 2596.197356 62.731403 -2404.583579 -0.003829 -0.001928 0.183467 0.20076 0.225558 0.211322 0.306838 0.029888 0.052166 0.321605 0.031562 0.044083 -0.004043 -0.039795 -0.001037 -0.006935 -0.011331 -0.03422 -0.038359 -0.029968 -0.011656 -0.002667 -0.006661 -0.009411 0.113141 0.382848
26.924686 281.171505 24.084734 917.707182 0.003805 113.506561 -2.374224 31.165665 -0.343952 23.344101 -0.555991 46.434373 -118.277327 222.997575 -183.651322 1401.900367 -112.465297 2401.984154 -103.208203 2966.909438 -77.076776 2757.747296 -69.261595 2566.683739 67.123022 -2273.638416 0.036453 0.146572 -0.002636 0.734549 -0.001125 0.511812 0.007978 1.285664 0.00406 0.837514 0.007765 1.110999 -0.002532 0.166836 0.252557 1.358988 -1e-06 0.001149 -0.023792 -0.001677 -0.04361 -0.192467 -0.014674 -0.084358 0.074283 1.832961
25.769801 284.245507 20.15919 932.700059 0.002931 122.056747 -1.397509 34.824543 0.034157 25.548188 -0.009204 49.066394 -120.017182 216.792703 -189.027801 1348.958728 -114.841603 2409.544677 -105.555116 2978.78154 -78.668012 2774.509614 -70.750322 2581.323913 81.980622 -2267.577967 -0.012657 0.008356 -0.174491 0.060741 -5.7e-05 0.155223 0.128658 0.101513 0.594888 0.049706 0.422121 0.036276 -0.006352 -0.043774 -0.038784 -0.509491 -0.012421 0.00594 -0.013192 0.011853 -0.008129 0.025394 -0.007915 0.020817 0.742098 0.004044
25.653441 290.064573 22.66739 945.349565 2.245778 116.737825 0.275773 31.63034 2.385018 21.32808 1.130415 46.07424 -115.403492 221.622211 -183.961872 1355.378426 -111.373407 2405.351462 -103.956843 2983.550562 -75.00041 2775.94585 -67.208165 2590.48906 104.134435 -2310.629931 -0.000132 0.029481 0.073511 0.042601 2.086444 -0.059244 2.914885 -0.07681 1.848333 -0.190347 1.343627 -0.047063 0.045213 0.026601 0.034404 0.00762 0.026588 -0.001826 0.006096 0.001907 0.043774 0.000186 0.045481 0.008121 1.32322 -0.202428
28.326511 302.494227 29.347906 1045.702062 7.320808 121.9599 3.077094 33.267464 7.472896 20.557239 4.96966 45.415761 -99.829532 245.454528 -168.599235 1425.432643 -106.403673 2443.665282 -100.506612 3023.76796 -72.571631 2815.699285 -64.551426 2628.610979 126.620067 -2355.078794 0.066225 0.130378 0.430785 2.530579 1.457108 0.057129 1.5105 0.020653 1.414457 -0.007094 1.359704 -0.00237 0.564194 0.608411 0.334868 0.882543 0.056713 0.151368 0.029113 0.134624 0.019988 0.141314 0.026787 0.139229 1.098158 -0.211731
31.460811 301.353314 34.768744 1168.192365 11.764143 139.64591 5.799171 39.23786 10.076061 20.992455 6.988196 44.589954 -96.820374 237.197496 -168.575553 1396.917589 -106.566112 2448.241216 -101.274616 3044.851615 -72.182039 2835.545031 -64.537731 2647.788475 136.195493 -2368.582356 0.082213 -0.001078 0.229567 3.391168 0.524452 0.598521 0.427693 0.246232 0.194147 0.002279 0.1716 -0.003788 0.023025 -0.070634 1e-06 -0.144052 -6.2e-05 0.00214 -0.001462 0.036625 0.000524 0.034847 1e-06 0.034851 0.174494 -0.019301
32.228292 289.04292 54.834039 1240.5412 20.166149 183.008513 11.700486 65.182361 16.370542 32.120069 12.541796 62.996761 -88.739741 231.332486 -159.329148 1395.966727 -100.67005 2412.549552 -93.502469 3011.793046 -67.152715 2793.736706 -60.279229 2601.816163 149.83544 -2226.74071 0.004624 -0.128356 2.275567 1.086782 1.125262 2.9271 1.025056 3.274458 0.759986 1.178754 0.806261 1.586287 0.176028 -0.03671 0.130393 -0.000162 0.083891 -0.13104 0.155127 -0.090221 0.090797 -0.155256 0.072667 -0.2013 0.325409 2.189601
26.879178 289.429543 56.803604 1237.904764 28.088013 222.443665 20.695865 96.15953 23.944472 41.637613 17.940521 77.232062 -96.363039 223.363103 -168.020592 1348.837451 -105.763305 2384.923921 -99.977161 2977.356846 -71.211564 2770.43592 -63.365833 2583.051555 177.742313 -2132.796452 -0.24254 0.000129 0.017375 -0.001402 0.654706 1.922331 1.273904 3.001685 0.717843 0.61664 0.481894 0.724418 -0.157046 -0.069844 -0.115403 -0.404643 -0.062842 -0.07954 -0.108366 -0.099001 -0.059545 -0.048788 -0.038532 -0.033956 1.19088 1.012326
27.103189 276.339662 76.28473 1238.576983 45.951813 290.492309 36.346803 155.192026 36.447634 77.974303 28.262594 124.83262 -100.525974 218.27268 -165.204501 1363.858636 -103.912544 2381.144538 -97.606928 2978.383047 -70.53165 2736.11399 -62.733953 2549.401494 208.383658 -1890.299181 0.000465 -0.151447 1.433519 9.1e-05 2.187335 4.533874 2.189098 7.030519 1.308458 5.652908 1.167766 5.686673 -0.044015 -0.029338 0.0119 0.041589 0.008168 -0.001498 0.014217 8.8e-05 0.001631 -0.106964 0.001583 -0.110312 1.217705 7.315068
32.687399 284.95441 89.511829 1345.679377 59.29343 422.474395 50.420721 274.002092 50.129701 160.819664 40.867902 219.585778 -94.697362 222.468024 -161.951985 1379.417002 -98.763521 2409.757974 -90.344982 3013.587179 -64.057016 2760.918992 -57.454234 2572.262373 227.520895 -1589.057052 0.261343 0.066114 0.528465 2.220339 0.849063 12.322536 1.149021 16.772296 1.087944 14.831459 1.158946 13.290217 0.087029 0.019968 0.016168 0.04412 0.065417 0.085447 0.140343 0.103417 0.155827 0.055966 0.116022 0.051021 0.420288 13.065279
36.536714 306.006635 90.837637 1414.490607 95.377211 711.332932 96.059725 591.280656 88.930805 389.276377 73.641345 449.717207 -95.852451 247.719024 -156.875505 1432.18204 -95.615791 2445.667224 -88.119488 3066.011489 -60.486681 2795.43033 -53.280796 2602.318751 296.102581 -1098.375007 0.107106 0.375098 0.004873 0.857868 4.267955 37.413328 7.291357 60.268123 5.522876 49.683027 4.790201 40.807948 -0.003501 0.678531 0.040417 0.495162 0.025488 0.132789 0.013877 0.226031 0.051186 0.107179 0.078673 0.087291 4.510678 45.175031
39.84775 318.789549 80.552322 1476.960828 131.263308 1029.649854 150.271403 959.779967 154.187971 702.484503 127.994024 748.142462 -97.509553 253.18736 -161.754448 1419.373006 -99.07119 2434.001029 -90.541906 3054.89757 -62.150999 2777.50151 -54.733496 2571.266694 412.123917 -686.313328 0.071795 0.130779 -0.308895 0.674918 2.859124 29.347487 6.039392 44.409597 8.921762 45.89163 7.463774 37.769089 -0.007101 0.029849 -0.037356 -0.028769 -0.030666 -0.013946 -0.016423 -0.01009 -0.011294 -0.02884 -0.009769 -0.093189 9.56791 48.22134
36.669635 306.270382 72.83184 1213.14101 158.050749 1403.726504 216.175743 1530.573817 215.745313 1354.193943 174.579187 1362.498177 -89.696327 259.016809 -145.290781 1358.638808 -89.233636 2381.432491 -84.13168 2943.661915 -55.974232 2647.976489 -49.122441 2475.86827 491.502878 -214.88976 -0.066029 -0.125384 -0.194426 -12.967736 1.242787 28.924828 5.975054 66.295957 5.157561 105.985996 3.60771 91.39054 0.163118 0.033174 0.441706 -0.663979 0.257146 -0.286945 0.117662 -1.031451 0.161602 -1.546327 0.151686 -0.901667 3.493269 133.136148
37.283759 294.74085 78.334462 1164.866331 193.953879 1685.898202 262.606883 1919.706073 262.061432 1792.58563 213.756429 1777.125232 -87.603026 258.478454 -135.737685 1377.161453 -82.751522 2418.322509 -78.211225 2984.483073 -51.929341 2703.370652 -44.582073 2523.393265 547.303245 -93.219232 0.00255 -0.110599 0.100184 -0.49005 1.835778 12.912182 2.256706 22.013943 2.250121 30.686762 1.981252 27.498804 0.012358 -0.00028 0.162418 0.062704 0.122199 0.141767 0.107992 0.140549 0.07584 0.286712 0.110064 0.225901 1.499765 25.041096
39.544241 302.566279 88.749567 1192.893264 231.443009 2021.411079 316.409301 2329.175201 321.28405 2235.037852 263.788154 2196.125275 -83.93252 264.765941 -126.612622 1395.522924 -79.964518 2431.309626 -76.705688 2965.63852 -51.31758 2672.60609 -44.082346 2516.463593 629.409105 -19.545836 0.033262 0.051263 0.324926 0.166585 1.65513 15.213235 2.50509 19.776509 3.013997 24.376432 2.628111 22.154639 0.039275 0.037778 0.158742 0.060798 0.02387 0.01739 0.007316 -0.029841 0.001812 -0.088027 0.001408 -0.004764 2.86799 27.394164
46.416342 314.192838 103.821486 1287.218884 251.267521 2233.955635 347.030632 2576.860591 351.877283 2477.719877 289.183084 2429.921145 -84.870758 295.086415 -122.235334 1476.635111 -73.83579 2534.166588 -69.341979 3053.89615 -45.768196 2731.884159 -40.073784 2585.785036 651.454765 -6.203731 0.275135 0.109596 0.590721 1.794383 0.40726 5.31134 0.707047 6.256293 0.695546 6.252566 0.583433 5.911685 -0.002607 0.821651 0.038502 1.145567 0.122159 1.065425 0.185757 0.647046 0.15873 0.3251 0.095523 0.470938 0.189734 3.726205
45.315797 321.49028 94.438151 1304.352398 245.370024 2256.307418 327.987468 2585.13373 336.050371 2495.559639 277.639777 2453.095087 -82.840577 293.849724 -120.568932 1423.303916 -74.943743 2469.86999 -72.262377 2966.235801 -47.757234 2661.729987 -40.966613 2528.292861 637.175607 -2.677739 -0.006602 0.041888 -0.222174 0.056638 -0.035017 0.055632 -0.26867 0.00663 -0.182086 0.031997 -0.117551 0.05499 0.012288 -0.001298 0.005718 -0.490434 -0.004125 -0.413089 -0.030118 -0.638254 -0.021153 -0.456263 -0.004918 -0.323172 -0.079115 0.729912
46.657461 328.035937 97.658226 1352.357801 250.11296 2349.897306 334.333608 2698.962768 341.723348 2598.581059 280.995428 2551.128054 -82.871232 305.357919 -117.983989 1484.876546 -73.78791 2516.12304 -70.208048 3019.714288 -47.047537 2695.405382 -40.79843 2560.153833 642.363014 -0.885508 0.009786 0.032983 0.026991 0.433752 0.022701 0.950888 0.030404 1.226184 0.023742 1.041834 0.010079 0.960327 -3e-06 0.110522 0.014006 0.651888 0.004491 0.21454 0.014812 0.238893 0.002656 0.105844 0.000173 0.099749 0.010515 0.483533
48.732659 331.379995 99.377317 1392.882274 249.781447 2405.352924 335.904846 2747.32831 343.608098 2647.261274 283.403917 2592.557538 -80.05766 308.945218 -111.92701 1504.069687 -71.626073 2532.273009 -67.740859 3042.680937 -45.335821 2737.742968 -38.974781 2596.213452 638.565675 -0.760214 0.022575 0.008479 0.007499 0.299122 -0.00011 0.323372 0.001842 0.214758 0.002592 0.225875 0.005139 0.166848 0.024295 0.010474 0.079799 0.061624 0.016071 0.025832 0.022064 0.043503 0.015859 0.164959 0.020847 0.126088 -0.005629 0.004776
48.444816 327.46899 104.159922 1397.067744 259.080508 2494.168706 348.905447 2852.855364 355.799445 2781.348716 294.236684 2728.822908 -79.962545 305.999649 -113.298622 1490.492726 -71.894437 2544.132419 -68.221491 3054.573079 -44.598432 2766.91763 -38.139121 2634.015108 652.335149 0.018768 -0.000426 -0.011608 0.056197 0.00314 0.084974 0.805068 0.123414 0.994338 0.106262 1.656242 0.101585 1.74497 2.8e-05 -0.007055 -0.004177 -0.030778 -0.000251 0.013853 -0.00085 0.011597 0.003023 0.077313 0.004528 0.136608 0.073439 1.017875
48.910326 331.370447 102.054816 1415.421296 248.856676 2510.145147 333.101026 2879.076662 339.325784 2793.473334 280.726521 2737.466032 -80.144827 305.087902 -115.981132 1479.926456 -72.15181 2567.540806 -69.120987 3082.217034 -44.320072 2793.223206 -37.4425 2657.168772 628.912593 6e-06 0.001113 0.011552 -0.010745 0.059886 -0.102904 0.025503 -0.183146 0.059976 -0.195231 0.013185 -0.158749 0.006833 -0.000104 -0.00068 -0.015693 -0.018793 -0.00023 0.053598 -0.002946 0.062263 0.000436 0.062227 0.00321 0.050659 -0.214112 -0.018125
49.231493 325.130005 104.641535 1466.636281 247.027642 2688.41354 333.26727 3093.409002 336.414979 3030.586232 277.676327 2951.231146 -83.85718 312.859025 -117.108419 1538.576321 -73.867753 2579.744585 -70.083895 3090.742234 -46.494464 2810.34498 -39.177286 2663.694121 633.040883 4.153744 0.000526 -0.02966 0.016186 0.455088 -0.003373 3.057479 2.1e-05 3.847071 -0.006269 4.828749 -0.008331 4.017762 -0.042022 0.048866 -0.002726 0.569841 -0.010083 0.014467 -0.00333 0.005887 -0.026035 0.026158 -0.019642 0.004001 0.006753 4.144104
52.55298 311.592122 108.251333 1454.315357 263.162764 2716.826207 354.514182 3145.453953 362.295585 3079.498535 298.992818 2990.496442 -81.358531 307.360886 -121.173251 1508.077676 -73.31767 2543.570249 -67.953101 3049.061667 -45.583699 2761.921602 -38.612781 2608.342636 664.898917 8.639144 0.054209 -0.143936 0.030606 -0.025986 0.255206 0.074676 0.328258 0.217085 0.47948 0.195779 0.394115 0.129742 0.018895 -0.02437 -0.034673 -0.152658 0.001028 -0.12771 0.016447 -0.141478 0.004504 -0.210405 0.002048 -0.290578 0.391038 0.812105
56.686775 308.878905 113.017802 1445.020516 264.485239 2690.582578 351.5663 3128.325313 357.913564 3064.223922 295.659151 2968.327084 -80.630391 317.42657 -126.260355 1520.585909 -71.021312 2530.005365 -63.098562 3033.810948 -42.284059 2720.324018 -36.571994 2564.756917 646.238581 10.231727 0.078243 -0.005932 0.051344 -0.014899 0.001657 -0.063684 -0.006154 -0.023382 -0.013331 -0.018988 -0.009344 -0.04124 0.001636 0.081087 -0.0523 0.025829 0.018268 -0.018134 0.089944 -0.019118 0.061976 -0.157817 0.027702 -0.183618 -0.132795 0.067322
56.775037 307.892693 116.614596 1447.972516 271.417114 2724.291027 360.311993 3183.938275 364.801745 3110.814905 301.891603 3007.228333 -78.809228 312.596566 -120.271327 1541.123662 -67.838568 2566.605227 -59.844688 3066.771619 -40.792186 2752.732664 -35.074551 2599.416085 649.569838 10.944114 3.4e-05 -0.000788 0.028171 0.001506 0.044834 0.104921 0.053724 0.244988 0.032826 0.175768 0.032503 0.126626 0.010401 -0.018515 0.072757 0.068884 0.03648 0.131417 0.043067 0.089042 0.013397 0.095955 0.01565 0.116308 0.004282 0.011986
58.647137 326.632845 119.134866 1509.773659 274.277038 2773.46831 362.466237 3217.319722 367.159372 3138.494238 305.160783 3037.017999 -77.08384 320.031319 -115.204826 1580.253063 -65.109092 2581.530146 -57.037984 3070.653282 -38.963731 2752.610702 -33.568682 2603.176577 645.337641 12.651801 0.015183 0.276797 0.013472 0.645728 0.007494 0.219949 0.00321 0.08704 0.003797 0.061299 0.008803 0.073411 0.009548 0.043689 0.054512 0.245272 0.028022 0.021634 0.033704 0.001227 0.020962 -1e-06 0.01652 0.001359 -0.006916 0.061876
56.3737 326.540209 115.280778 1485.570034 263.24786 2710.704325 347.94128 3152.757717 352.392462 3071.787933 292.7383 2976.856657 -75.859219 317.465332 -113.365503 1555.136558 -65.303156 2577.041228 -58.816332 3075.074483 -39.185755 2761.895916 -33.608684 2613.93708 626.599619 8.236726 -0.02247 -7e-06 -0.031685 -0.097789 -0.113163 -0.359165 -0.148504 -0.327183 -0.151542 -0.358265 -0.129064 -0.300927 0.004903 -0.005164 0.007401 -0.100601 -0.000144 -0.001953 -0.013649 0.00159 -0.000315 0.007817 -1.2e-05 0.011097 -0.138031 -0.471924
55.93143 327.8941 116.659914 1487.533536 268.973603 2742.397763 357.167909 3192.594831 360.286197 3117.968199 298.834119 3021.656579 -75.473885 317.430181 -113.180076 1551.635312 -65.708286 2581.714581 -59.511871 3088.160086 -39.654214 2779.826861 -33.853395 2631.152598 638.995768 9.701395 -0.000871 0.0014 0.0041 0.000648 0.0308 0.092102 0.06037 0.125053 0.043717 0.172272 0.031408 0.167297 0.000491 -1e-06 7.6e-05 -0.001973 -0.000626 0.002117 -0.002044 0.013892 -0.001392 0.029009 -0.000444 0.028253 0.06071 0.059896
55.211353 312.765729 111.684868 1446.831892 253.182144 2699.182008 335.081014 3161.425432 338.082272 3094.823061 278.872268 2988.705612 -78.497822 307.476575 -127.890265 1496.472729 -73.68181 2546.077645 -67.244134 3078.1065 -44.27338 2770.27749 -38.027044 2608.106721 627.043574 8.986255 -0.002333 -0.178644 -0.054203 -0.282293 -0.238844 -0.171607 -0.352442 -0.076451 -0.353065 -0.043113 -0.34498 -0.090325 -0.029697 -0.079276 -0.449229 -0.499188 -0.228241 -0.123836 -0.236058 -0.008196 -0.12721 -0.008215 -0.121271 -0.050686 -0.056419 -0.013689
56.240505 317.653867 115.118923 1451.615997 259.968132 2713.077924 345.084685 3173.43537 346.787505 3101.889902 286.405831 2996.914263 -75.235462 315.440453 -123.556136 1509.325781 -70.597141 2560.132722 -65.523753 3091.847448 -43.63389 2788.149341 -36.931456 2625.75324 636.443247 8.361834 0.004752 0.018951 0.025999 0.003948 0.044872 0.017839 0.073569 0.011385 0.055327 0.00403 0.050203 0.005629 0.034619 0.05091 0.037356 0.027481 0.032979 0.019344 0.011147 0.015301 0.002326 0.028732 0.008007 0.029749 0.034965 -0.011241
57.682707 315.000539 117.742428 1440.472834 262.908524 2692.234131 347.589368 3147.867312 349.094298 3079.319262 288.250717 2974.743191 -75.282568 319.746363 -120.502708 1520.611243 -69.827152 2569.52336 -64.7755 3104.868681 -42.542935 2797.08002 -35.959316 2630.024536 635.370662 6.781788 0.009129 -0.005564 0.014779 -0.021467 0.008268 -0.040189 0.004528 -0.051708 0.003823 -0.041208 0.002961 -0.041158 -7e-06 0.014595 0.019102 0.021017 0.002111 0.008596 0.002148 0.013681 0.006906 0.00714 0.006483 0.001736 -0.000452 -0.082655
61.347921 323.357473 122.438189 1476.757194 268.8223 2743.620228 355.175956 3210.263345 355.64858 3131.10463 294.86069 3024.029845 -72.275956 321.942187 -112.932971 1534.16726 -66.236373 2576.84637 -61.26303 3113.596412 -40.334331 2806.604387 -33.873512 2643.393981 635.522867 8.873721 0.056443 0.054704 0.045908 0.22566 0.032887 0.242886 0.040951 0.306172 0.030479 0.215909 0.037466 0.202476 0.030634 0.003757 0.122766 0.030079 0.047389 0.00521 0.048953 0.006125 0.029434 0.008094 0.031157 0.016947 9e-06 0.140395
61.289952 318.599933 121.875987 1456.193959 265.217023 2712.071803 350.309239 3185.058007 348.61136 3107.518941 288.212263 2996.041474 -73.152862 325.49918 -114.468303 1532.366395 -66.216146 2562.548695 -60.309497 3098.249638 -39.583456 2787.556106 -33.533121 2623.369925 623.135172 8.689603 -1.4e-05 -0.017629 -0.000647 -0.072086 -0.01217 -0.091218 -0.016786 -0.04967 -0.03516 -0.044584 -0.037905 -0.065062 -0.002644 0.009771 -0.005183 -0.000529 2e-06 -0.019888 0.003739 -0.018958 0.003528 -0.03243 0.000859 -0.038066 -0.060961 -0.000965
60.239807 318.587698 117.244558 1457.209481 254.275322 2721.75891 337.783581 3194.989143 337.470789 3126.714308 278.682384 3016.224714 -71.480261 326.175504 -114.379104 1530.711168 -65.868455 2571.561388 -60.039614 3111.987542 -39.137787 2805.380596 -33.192904 2642.688578 606.459483 8.709504 -0.004537 -0.0 -0.044856 0.000177 -0.115241 0.008635 -0.114014 0.007729 -0.090456 0.029552 -0.080107 0.033878 0.009672 0.000351 1.7e-05 -0.000447 0.000458 0.007911 0.000303 0.015195 0.001262 0.028403 0.000867 0.035436 -0.113083 1.1e-05
60.768624 317.170587 117.432056 1469.819122 252.720668 2760.331794 335.318038 3258.221736 332.486893 3183.058839 273.994002 3064.739646 -73.091649 329.532595 -112.198328 1567.702818 -63.781673 2593.332406 -57.140756 3125.823817 -37.502886 2805.15519 -31.886967 2645.578816 593.321086 11.93625 0.001155 -0.001579 7.5e-05 0.027161 -0.002384 0.135704 -0.004516 0.309804 -0.018538 0.251576 -0.019886 0.193533 -0.00898 0.008594 0.010495 0.220828 0.016795 0.045885 0.035862 0.015345 0.01744 -5e-06 0.013104 0.00079 -0.071939 0.253715
57.054731 320.730762 111.681971 1468.75604 245.893529 2731.389458 325.936246 3206.72743 326.150637 3126.581326 268.97849 3018.184875 -75.077962 329.070632 -119.901371 1563.039391 -66.12005 2618.392124 -58.597986 3158.827989 -38.370786 2827.68515 -33.086329 2669.440893 588.259272 7.506825 -0.058547 0.009935 -0.072166 -0.000192 -0.046742 -0.076266 -0.066557 -0.205083 -0.030479 -0.25277 -0.023165 -0.178153 -0.013315 -0.000162 -0.127861 -0.003473 -0.021048 0.060248 -0.009174 0.086662 -0.004964 0.045057 -0.011071 0.053565 -0.010842 -0.511267
62.38956 333.571033 115.417516 1485.047433 246.561891 2709.560886 325.671368 3155.190951 325.777866 3073.887673 270.130493 2983.149797 -68.006913 331.280939 -110.741314 1534.435987 -64.648725 2581.445956 -59.783562 3109.425448 -38.061197 2789.85229 -32.351917 2649.698062 586.545109 6.883276 0.119196 0.126003 0.030725 0.044927 0.000454 -0.043787 -5.4e-05 -0.208746 -0.000107 -0.223908 0.001231 -0.102266 0.174827 0.003699 0.181969 -0.132071 0.008277 -0.131258 -0.005937 -0.194683 0.000627 -0.127399 0.004121 -0.036639 -0.001251 -0.013516
58.781778 326.338718 108.32502 1468.313603 238.255732 2699.163118 317.383563 3142.742119 318.590996 3063.594091 263.185197 2972.190475 -68.23764 326.800807 -110.599039 1531.568061 -64.911811 2584.246461 -60.372235 3114.954199 -38.53974 2795.740438 -32.603894 2651.575803 578.746747 6.125534 -0.053721 -0.039633 -0.112442 -0.047408 -0.071158 -0.009994 -0.05341 -0.012304 -0.04008 -0.008632 -0.045226 -0.010084 -0.000195 -0.01525 4.6e-05 -0.001341 -0.000267 0.000759 -0.001442 0.002455 -0.001495 0.003104 -0.000489 0.000333 -0.026094 -0.022087
54.875889 334.689759 103.153288 1495.635163 232.019899 2741.418989 309.210752 3189.875539 311.447259 3110.548623 256.58292 3014.558734 -71.745979 321.906361 -115.935882 1515.049678 -65.120299 2571.419328 -59.39169 3102.83176 -37.190429 2784.616358 -31.969853 2643.947461 563.885053 9.016978 -0.067134 0.052753 -0.063247 0.125927 -0.041345 0.164099 -0.053302 0.175409 -0.040501 0.178548 -0.041934 0.149922 -0.043971 -0.018464 -0.062873 -0.044781 -0.000167 -0.015957 0.004014 -0.011817 0.012022 -0.011088 0.003113 -0.005494 -0.096654 0.278622
58.269159 328.56167 108.185607 1488.53509 241.304279 2722.235944 321.414192 3167.687202 324.327767 3090.490399 267.876749 2992.573108 -70.515582 323.259409 -108.991378 1522.586131 -63.768155 2568.839968 -59.394217 3095.474664 -37.608925 2802.850508 -31.545485 2652.522444 582.822354 7.023693 0.050894 -0.028311 0.059922 -0.008446 0.091067 -0.033676 0.118088 -0.03872 0.13049 -0.032441 0.121616 -0.040233 0.005321 0.001419 0.107229 0.009349 0.007093 -0.000647 -0.0 -0.004366 -0.001171 0.029753 0.001418 0.006941 0.156381 -0.124329
60.432502 336.24828 110.418207 1493.387827 239.276399 2727.386777 317.739177 3202.636533 316.733393 3108.058898 261.778793 3002.136033 -70.262496 334.99537 -107.627805 1558.258912 -64.060069 2614.117794 -59.757388 3166.563148 -38.27496 2856.453022 -32.099196 2695.186295 575.216964 5.309211 0.019715 0.044438 0.011401 0.003949 -0.004278 0.002434 -0.010565 0.095871 -0.044985 0.024897 -0.035104 0.007628 0.000227 0.104628 0.004292 0.206533 -0.000333 0.197775 -0.000553 0.403522 -0.002923 0.253856 -0.002409 0.170188 -0.024974 -0.119752
]