11-08-20_Colby_4KDepth.black_snake_below_blue_chair.0000000001 [ 48.578411 248.994727 98.538556 1206.689182 252.222504 2367.514676 344.011716 2724.064236 343.408366 2745.816104 287.697033 2650.488786 -69.725731 256.710778 -134.694713 1486.663772 -225.385795 3906.130792 -281.903386 4607.256459 -265.510641 4729.941346 -223.985858 4455.763279 1212.834814 -268.108979 0.0 0.0 0.0 0.0 0.0 0.0 0.0 0.0 0.0 0.0 0.0 0.0 0.0 0.0 0.0 0.0 0.0 0.0 0.0 0.0 0.0 0.0 0.0 0.0 0.0 0.0
49.585604 237.767171 102.149736 1179.755356 257.516567 2352.992272 348.399722 2693.286677 353.377787 2715.36901 295.786866 2620.628849 -70.290977 259.923734 -136.227771 1497.776691 -228.13213 3927.152552 -284.851992 4592.886987 -271.119168 4724.652699 -230.258008 4450.123666 1243.55266 -276.454016 0.005167 -0.129504 0.032492 -0.151995 0.027492 -0.022339 0.013904 -0.087429 0.071323 -0.084875 0.056084 -0.084576 -0.001141 0.009991 -0.004338 0.02069 -0.008315 0.028208 -0.00767 -0.011222 -0.029309 -0.001479 -0.043305 -0.001786 0.192075 -0.063945
49.579729 239.391571 106.081375 1186.565383 259.630918 2403.817865 351.991113 2751.710774 352.304074 2794.858379 294.389249 2709.782418 -69.951327 265.582031 -130.135963 1494.61394 -211.010755 3804.730248 -263.942004 4427.784164 -246.627129 4551.57828 -207.487203 4300.263633 1188.46574 -213.129798 -0.0 0.002765 0.03712 0.009799 0.004322 0.271539 0.009208 0.31345 -0.000817 0.573378 -0.001655 0.745619 0.000411 0.030463 0.06967 -0.001671 0.333892 -0.969244 0.398498 -1.511042 0.579624 -1.614738 0.592652 -1.283353 -0.623959 4.112544
50.117885 241.169117 107.639616 1207.430747 262.182058 2432.402177 350.775936 2792.010525 354.62754 2824.766761 298.205715 2731.4474 -69.751067 267.024606 -131.031296 1495.194687 -212.964585 3796.789343 -265.675969 4449.440585 -245.091965 4559.43678 -206.30518 4289.791686 1189.351121 -206.642544 0.001452 0.003287 0.005681 0.09093 0.006236 0.084474 -0.001051 0.14648 0.003818 0.079589 0.01229 0.043131 0.000144 0.001954 -0.001535 5.6e-05 -0.004502 -0.004148 -0.002839 0.026416 0.002396 0.003389 0.001688 -0.006383 0.000165 0.050131
50.982135 234.581334 111.605892 1187.475524 269.946156 2421.452518 366.05738 2786.316655 362.441953 2822.528134 302.130259 2730.919099 -70.77143 263.393329 -130.187985 1518.18682 -210.974045 3928.462985 -268.146458 4572.192784 -245.735317 4722.057202 -205.480705 4474.692907 1205.051756 -243.040485 0.003694 -0.045613 0.035879 -0.083138 0.056645 -0.012351 0.162903 -0.002906 0.042581 -0.000444 0.012828 -2.6e-05 -0.003705 -0.01243 0.001361 0.087716 0.004673 1.122242 -0.005717 0.835148 -0.000422 1.42474 0.000825 1.950615 0.051477 -1.475469
50.837452 234.036463 111.966867 1182.488616 271.941347 2400.042807 364.41569 2755.345472 365.717166 2788.403963 306.058979 2700.88638 -68.31925 264.000592 -125.888984 1515.704461 -198.528229 3879.79472 -250.91164 4558.484178 -229.082814 4669.39155 -192.242605 4399.447208 1173.693812 -241.106548 -0.000103 -0.000317 0.000291 -0.005247 0.003673 -0.047535 -0.001845 -0.086546 0.007366 -0.103768 0.012689 -0.083027 0.021618 0.00035 0.036088 -0.001016 0.189174 -0.151674 0.286212 -0.010291 0.292103 -0.147671 0.220374 -0.319018 -0.206698 0.003863
50.9093 233.028137 113.512086 1182.986937 273.41319 2399.148481 365.377793 2765.744841 367.962027 2806.729118 309.328991 2717.012928 -67.982339 266.079502 -121.820852 1510.446297 -194.381449 3875.972742 -246.250886 4565.972046 -220.004813 4672.029165 -181.544165 4399.598627 1157.01312 -236.349762 2.5e-05 -0.001088 0.005295 5.2e-05 0.001986 -8.3e-05 0.000634 0.009794 0.003434 0.030009 0.008688 0.024001 0.000416 0.004077 0.033408 -0.004568 0.021883 -0.000942 0.021847 0.003072 0.091762 0.000372 0.153136 1e-06 -0.059692 0.023696
53.042988 233.062714 119.513934 1200.471596 281.147519 2445.372466 372.771045 2816.335362 376.134109 2870.273298 317.74194 2784.689329 -66.769545 270.066918 -115.777672 1506.798852 -180.999187 3817.795819 -229.288549 4507.012219 -200.533067 4607.796989 -163.205827 4338.027594 1125.947894 -204.656602 0.0219 1e-06 0.077305 0.064133 0.053937 0.220528 0.037026 0.229256 0.044877 0.355645 0.056438 0.416259 0.005458 0.014828 0.076865 -0.002205 0.238614 -0.219957 0.302617 -0.191574 0.451032 -0.222301 0.488083 -0.216938 -0.211369 1.140297
52.738252 230.081763 121.289609 1205.996695 285.776936 2462.257334 379.6946 2832.152789 383.217255 2883.43555 323.72993 2786.704288 -65.613525 267.514066 -115.269579 1496.214495 -179.504903 3736.959508 -228.175795 4376.750787 -197.76782 4525.6509 -159.968243 4287.825129 1131.577633 -184.289514 -0.000439 -0.009593 0.006547 0.006343 0.018902 0.029047 0.031853 0.022147 0.033036 0.015055 0.027949 0.000364 0.005047 -0.006061 0.000559 -0.018653 0.003097 -0.432489 0.001353 -0.955054 0.009599 -0.369418 0.016218 -0.14609 0.00702 0.533625
52.839415 229.762633 121.593072 1200.412326 290.320039 2462.638886 385.322742 2811.646653 389.972059 2880.148801 330.575064 2775.581889 -64.314164 267.297978 -111.061376 1488.780931 -167.999964 3698.485677 -216.287143 4318.478464 -188.207565 4495.370136 -151.723584 4277.31767 1120.01241 -179.037878 4.8e-05 -0.000111 0.00019 -0.00648 0.017914 1.5e-05 0.020703 -0.037254 0.029507 -0.000937 0.035807 -0.01112 0.006497 -4.4e-05 0.039125 -0.009256 0.190501 -0.09954 0.159029 -0.195262 0.118418 -0.050822 0.10906 -0.006445 -0.029702 0.037956
56.720168 231.869302 131.627952 1163.230299 315.942331 2337.393725 414.272567 2674.41795 424.64921 2723.859852 363.162876 2636.799902 -61.0699 266.509612 -101.311869 1446.184453 -148.519945 3644.954463 -192.645452 4246.639345 -161.114212 4403.223192 -128.769938 4196.700134 1108.89638 -200.680552 0.068752 0.004807 0.198914 -0.29247 0.541676 -1.634262 0.524245 -1.716591 0.738411 -2.179778 0.765817 -1.779587 0.041979 -0.000582 0.223905 -0.309127 0.600011 -0.195115 0.683973 -0.301277 1.052263 -0.477114 0.940761 -0.383486 -0.027719 -0.617282
52.900091 222.625765 115.304586 1118.049226 269.492536 1931.018404 354.148866 2210.658179 361.831716 2161.62979 307.726107 2095.076635 -62.77489 254.221719 -102.781079 1395.821977 -150.984939 3557.305623 -197.454534 4176.159249 -163.876143 4309.520402 -129.549215 4077.028077 1012.721558 -366.860657 -0.066582 -0.094007 -0.540115 -0.447453 -1.845628 -19.38857 -2.355744 -22.063106 -2.512681 -32.459001 -2.294343 -31.11155 -0.011737 -0.145001 -0.005288 -0.446265 -0.010144 -0.533347 -0.029644 -0.294886 -0.011736 -0.503886 -0.001175 -0.86552 -2.180966 -24.874464
55.791725 208.910311 104.308526 1015.556434 206.329752 1414.026611 268.556745 1547.464068 269.904439 1427.6053 225.502855 1398.910795 -66.504758 240.428159 -98.884753 1320.061816 -144.927111 3385.458761 -190.735439 4106.542786 -154.171985 4241.387575 -119.213209 3942.302718 832.05536 -747.599827 0.038471 -0.218013 -0.27546 -2.463164 -4.210888 -40.193182 -5.910453 -58.97959 -6.724199 -75.858284 -6.3775 -70.056752 -0.053817 -0.192358 0.037643 -1.056879 0.062014 -2.127097 0.058154 -0.29257 0.148079 -0.271442 0.214822 -1.131778 -8.867987 -67.054233
57.488033 217.062653 135.653949 1041.957293 175.152203 1028.510258 197.824824 1050.161539 187.520909 854.494742 174.141428 864.949599 -68.376707 230.435135 -105.073664 1315.662616 -147.028643 3400.963869 -194.159549 4165.34566 -152.541614 4305.416786 -118.213355 3978.515408 678.321252 -1323.790568 0.012701 0.078018 2.056078 0.169387 -1.276165 -30.615747 -5.394841 -48.047409 -7.479904 -73.135377 -3.314172 -63.871911 -0.012991 -0.106052 -0.09392 -0.003671 -0.007564 0.017712 -0.015231 0.20901 0.004333 0.239844 0.002105 0.08278 -7.844305 -81.751634
44.951164 223.503874 148.701817 1023.354418 143.495626 678.693719 108.800613 602.198346 99.936877 452.168416 93.120965 494.566343 -73.854332 225.334077 -118.859311 1297.000867 -153.515488 3347.13977 -196.731884 4098.149681 -151.564454 4244.385249 -120.693316 3934.962344 497.646639 -1925.866418 -0.770047 0.047089 0.299513 -0.083783 -1.576386 -36.224082 -13.207904 -61.881288 -13.667691 -63.480896 -12.576565 -51.425792 -0.105517 -0.028547 -0.424735 -0.066649 -0.070013 -0.214659 -0.008464 -0.273212 0.00157 -0.217835 -0.012872 -0.119851 -13.962226 -56.261427
43.890818 228.791514 171.808183 984.754572 82.341307 400.760511 55.093165 291.122198 50.140758 202.253813 46.663162 250.893512 -76.571064 226.486442 -121.628435 1312.930424 -157.979794 3321.340506 -200.335184 4049.626466 -157.873954 4189.278901 -126.597666 3912.41145 385.957621 -2550.557286 -0.006328 0.030909 0.833983 -0.371017 -8.437601 -36.394037 -9.049726 -55.911907 -8.502061 -49.598994 -7.946065 -40.950134 -0.024535 0.00147 -0.015943 0.048613 -0.031993 -0.049907 -0.01635 -0.144489 -0.064333 -0.180037 -0.070497 -0.032402 -7.08726 -43.802527
45.680936 186.972324 174.346466 914.537768 38.160879 166.581376 16.347543 70.816767 15.429884 40.522991 14.416263 74.939563 -76.42968 198.247237 -124.584609 1246.787905 -153.158921 3165.088193 -193.049631 3865.231418 -151.981026 4019.79245 -120.956959 3758.13584 264.262336 -3253.112831 0.01789 -2.108517 0.009306 -1.298401 -8.391229 -50.585707 -11.419449 -74.77119 -9.940935 -61.714059 -9.206178 -51.593398 6.5e-05 -0.939808 -0.017747 -0.854696 0.03735 -1.882263 0.067471 -2.148248 0.056042 -1.749815 0.064272 -1.551608 -11.489771 -42.680399
48.430712 171.25697 182.27331 689.017533 24.529404 62.446822 6.322018 9.569939 6.581867 2.905642 6.713569 18.519523 -70.207548 183.254689 -119.139095 1197.618194 -142.290931 3107.961868 -179.353205 3774.836971 -139.595976 3903.120266 -110.983562 3649.78098 206.801344 -3693.036972 0.04018 -0.344879 0.088109 -15.937517 -1.499969 -25.043125 -2.337374 -28.320897 -1.856608 -21.72653 -1.454001 -18.951504 0.132069 -0.294708 0.060842 -0.494579 0.199955 -0.260119 0.251952 -0.534775 0.263153 -0.859099 0.214526 -0.79249 -3.51772 -13.944971
43.170924 156.190773 162.556566 555.036081 16.758629 26.988869 2.574775 0.013624 3.608911 -0.290857 3.60022 4.208039 -74.101691 169.876947 -123.948472 1195.367592 -139.855465 3028.740137 -174.081105 3712.861342 -134.750613 3833.668882 -107.786287 3592.492946 182.464077 -3900.744472 -0.151134 -0.346789 -0.564145 -7.235776 -0.737858 -7.329197 -0.827648 -8.861403 -0.443292 -5.035115 -0.481124 -5.071869 -0.052551 -0.253487 -0.04758 -0.001058 0.010512 -0.511378 0.039324 -0.25649 0.042791 -0.311731 0.023365 -0.226584 -0.76154 -2.841172
39.590357 159.732745 154.66498 454.446728 10.337318 6.206671 0.457395 -10.263458 0.797209 -10.922395 0.792055 -0.288554 -74.989261 177.417609 -119.588751 1213.308553 -134.508487 2972.211922 -164.195318 3603.01572 -129.17798 3727.886085 -106.144002 3507.287742 150.271184 -4142.37976 -0.077491 0.019856 -0.098175 -5.024087 -0.771869 -7.310329 -0.861742 -11.02495 -1.013742 -7.648504 -1.014955 -6.700448 -0.002642 0.081873 0.039026 0.066817 0.052108 -0.26625 0.144482 -0.824695 0.058837 -0.739963 0.006304 -0.511297 -1.56103 -3.630479
28.898227 99.715281 133.729231 253.308014 7.577311 -4.388921 0.059922 -56.477036 0.193496 -55.375432 0.245266 -23.308894 -79.572922 120.926741 -123.541627 1028.979596 -140.754934 2677.357248 -170.955237 3265.907257 -138.934992 3384.163904 -114.830233 3170.797755 149.498334 -4305.3327 -0.839752 -7.037285 -0.760911 -29.182718 -0.213886 -21.034095 -0.186209 -18.588664 -0.205194 -17.111148 -0.155813 -18.410592 -0.067981 -5.397029 -0.032136 -7.589293 -0.070883 -7.699575 -0.06818 -8.27718 -0.177595 -8.310825 -0.170789 -8.482781 -0.000996 -1.571794
25.131254 108.983662 124.288398 244.809866 6.811001 -6.782998 0.048766 -64.585527 0.331194 -56.741538 0.384165 -26.278254 -82.637156 131.957769 -125.315036 1039.786614 -139.182967 2719.527606 -164.998558 3326.528126 -136.801689 3433.827919 -115.609251 3217.69298 150.595116 -4373.384674 -0.131478 0.205907 -0.172777 -0.072497 -0.020421 -0.259533 -0.000574 -0.271849 0.018391 -0.008323 0.015517 -0.088985 -0.028945 0.240706 -0.006319 0.028228 0.004414 0.164759 0.052812 0.278726 0.008253 0.180885 -0.001317 0.172121 0.002004 -0.26681
23.51909 124.416679 117.913883 233.965435 7.193734 -6.190837 0.198622 -59.754025 0.428083 -51.942614 0.42302 -23.46703 -81.572271 144.310528 -119.199803 1057.028026 -137.967845 2762.885232 -165.682516 3371.658804 -136.937736 3483.535674 -114.896925 3262.142345 152.678645 -4386.228424 -0.026719 0.510794 -0.0839 -0.122831 0.005231 0.013521 0.050553 0.093905 0.006207 0.105999 0.000936 0.079498 0.003453 0.276302 0.076482 0.070886 0.002664 0.171449 -0.000707 0.152041 -3.4e-05 0.178601 0.001101 0.152455 0.007157 -0.009416
21.374295 127.768693 105.026012 237.364874 8.539817 -4.151764 0.66197 -51.890648 0.881597 -47.491183 0.840396 -19.716596 -79.60823 149.362665 -116.608996 1072.624678 -136.897633 2787.635096 -165.122767 3393.01749 -135.667279 3514.733837 -112.982257 3293.521956 158.421589 -4379.339135 -0.051263 0.022278 -0.372827 0.012259 0.057688 0.202997 0.135384 0.277262 0.081028 0.09969 0.070932 0.163168 0.011967 0.04346 0.014233 0.057112 0.002083 0.05518 0.000474 0.033719 0.00296 0.069541 0.008044 0.075102 0.053012 0.002707
17.401931 128.638417 93.420414 227.132306 8.809244 -4.434102 1.240038 -51.868967 1.210848 -47.132532 1.055341 -19.488826 -79.454345 155.144731 -115.58586 1106.056108 -139.09923 2833.50297 -167.654188 3414.866798 -139.500005 3555.853195 -116.184963 3349.276046 166.704178 -4421.756421 -0.204008 0.001475 -0.339652 -0.112722 0.002092 -0.004643 0.089973 2e-06 0.026066 0.00068 0.012225 0.000662 7.4e-05 0.054901 0.002254 0.256514 -0.008781 0.187142 -0.009628 0.035062 -0.026694 0.119567 -0.022381 0.233981 0.105517 -0.102217
22.905365 138.882375 120.552505 226.271746 10.789676 -3.619936 2.540649 -49.300021 2.517823 -42.920527 2.335206 -17.404318 -75.290015 167.876145 -108.902164 1131.282511 -132.788788 2874.041368 -159.644695 3463.538849 -136.122534 3594.084692 -114.46741 3381.956215 175.666429 -4422.524182 0.377478 0.196204 1.727166 -0.000817 0.100316 0.041257 0.230757 0.032621 0.236565 0.098557 0.250841 0.058936 0.056043 0.250993 0.099519 0.142221 0.073242 0.143966 0.098017 0.172205 0.020694 0.102215 0.006395 0.079332 0.117323 -3.3e-05
23.384292 157.007224 128.374766 256.068085 13.966124 -1.999862 3.067273 -42.596 2.832538 -37.750684 2.753566 -13.660332 -76.149851 196.603325 -105.699442 1221.964597 -131.842423 2984.068244 -158.888868 3582.042637 -134.52335 3724.393227 -112.562852 3510.117197 176.39651 -4512.072954 0.002478 0.555645 0.122933 0.921208 0.204633 0.238582 0.024782 0.244863 0.009264 0.165826 0.017226 0.226442 -0.002441 1.133859 0.0239 1.747861 0.001692 1.033352 0.000897 0.996663 0.004725 1.160191 0.007989 1.191707 0.000757 -0.448771
32.140847 166.805932 150.073166 285.190102 19.39697 -0.520746 5.060479 -34.916549 5.513047 -30.575788 5.458267 -9.462522 -69.137142 210.534644 -97.96293 1247.406323 -123.342295 3033.849032 -150.490463 3674.069131 -125.920886 3790.957094 -103.7264 3560.196432 184.129579 -4502.448446 0.694821 0.14829 0.846725 0.784013 0.444984 0.479608 0.248191 0.381354 0.442189 0.377759 0.458202 0.384236 0.169343 0.238419 0.146996 0.131065 0.141608 0.205899 0.114012 0.583592 0.142108 0.294786 0.180581 0.177359 0.082944 0.005138
34.545015 174.695606 162.772158 300.606511 23.935664 -0.066074 7.294383 -28.647949 7.586895 -26.434804 7.439595 -7.24134 -66.30246 225.326203 -93.073461 1269.614106 -119.281357 3068.734926 -146.25878 3718.545631 -122.750678 3829.581247 -100.28725 3593.997503 191.371877 -4492.362591 0.043352 0.091149 0.257844 0.202892 0.238349 0.215834 0.203636 0.309853 0.165197 0.15059 0.153091 0.148338 0.029667 0.251059 0.062582 0.097972 0.033988 0.099715 0.030174 0.133794 0.020209 0.097883 0.02899 0.07985 0.069848 0.005655
42.274951 175.806839 196.909411 320.121001 32.91304 0.01343 11.468406 -24.678146 11.469052 -25.30453 11.285256 -6.491394 -63.901544 232.399834 -85.710436 1271.593632 -110.397164 3048.064823 -137.483651 3728.880757 -114.302112 3815.933618 -91.273538 3567.666052 198.184887 -4462.721556 0.389898 0.001762 1.623642 0.306825 0.713315 0.13908 0.470173 0.147969 0.399635 0.012347 0.39916 0.020493 0.022138 0.054661 0.151684 0.000771 0.171889 -0.034925 0.135724 0.007171 0.150601 -0.012181 0.212183 -0.048407 0.059581 0.049056
46.903288 165.058742 214.936945 333.08819 42.800145 0.406207 18.366042 -20.125859 17.789816 -22.26959 17.056653 -4.961982 -62.079219 228.199205 -81.175303 1257.472348 -105.877228 3031.954353 -132.507398 3722.958355 -110.636527 3785.366225 -88.493139 3535.855847 217.155221 -4388.320077 0.120186 -0.169495 0.394744 0.128722 0.648336 0.271918 0.808306 0.231866 0.690891 0.096904 0.59385 0.102573 0.013181 -0.019155 0.061633 -0.039424 0.047236 -0.021344 0.045863 -0.002353 0.029869 -0.061461 0.021503 -0.071225 0.433454 0.312713
49.346235 152.512095 240.086783 335.695462 49.70059 1.820579 22.018054 -11.616515 20.144474 -15.618465 19.876618 -1.783899 -58.051288 221.56924 -80.588008 1246.376904 -104.420505 3005.177629 -131.887186 3675.866037 -106.929019 3761.663856 -85.058217 3526.567095 219.896526 -4262.05615 0.031008 -0.247944 0.695566 0.005082 0.257742 0.506865 0.165468 1.161835 0.07315 0.58836 0.107814 0.795528 0.067547 -0.048868 0.001066 -0.024584 0.005045 -0.059382 0.000727 -0.149869 0.031592 -0.03722 0.033995 -0.006108 0.008597 0.921545
52.39616 149.136857 251.426276 335.346962 47.878205 2.81352 19.178288 -9.328766 17.996157 -12.89195 18.298413 -0.964977 -57.918574 219.852688 -83.316165 1249.34171 -105.807873 2990.591295 -132.819217 3685.444772 -105.845276 3738.667857 -83.82307 3494.232475 211.12965 -4190.643934 0.045724 -0.018884 0.130822 -9e-05 -0.017019 0.107628 -0.097993 0.125315 -0.060551 0.130671 -0.032636 0.124817 7.6e-05 -0.003338 -0.022706 0.001761 -0.004578 -0.017743 -0.001641 0.006232 0.00276 -0.035253 0.004517 -0.07446 -0.089166 0.301667
56.52632 145.217938 266.748648 352.645268 51.013548 4.374809 20.284523 -6.422783 19.017573 -10.523192 19.83922 -0.34019 -57.413354 218.514737 -83.567709 1253.290206 -105.281377 2975.959806 -132.141879 3678.845105 -104.633121 3723.995291 -82.075363 3480.159256 212.866567 -4130.439276 0.078333 -0.026089 0.22659 0.217502 0.049715 0.171602 0.015508 0.270381 0.014096 0.120124 0.031138 0.15926 0.001107 -0.002042 -0.00019 0.003115 0.000657 -0.01794 0.000866 -0.002957 0.00349 -0.014424 0.009206 -0.014199 0.003558 0.217799
59.271952 139.316957 267.016035 364.163703 55.623385 8.289274 23.793454 -2.849436 21.8236 -6.206152 22.819751 0.039501 -53.079546 215.927103 -80.572224 1250.006701 -102.280141 2970.885288 -130.785174 3661.521485 -101.48941 3728.424348 -78.891372 3486.505109 217.437701 -4038.861771 0.032555 -0.061197 6.7e-05 0.092551 0.099687 0.620165 0.13989 0.716213 0.096509 0.566606 0.10425 0.611535 0.085024 -0.007706 0.027335 -0.002153 0.021699 -0.002165 0.0035 -0.020442 0.023975 0.001316 0.031493 0.00289 0.02428 0.513306
63.483746 137.284472 271.847388 371.385272 60.834714 14.540935 28.179001 -0.120997 26.276848 -1.844672 27.030688 1.41175 -47.666122 209.749486 -74.628748 1243.627909 -96.735703 2967.400997 -125.400057 3673.092995 -95.447368 3737.455064 -73.31619 3488.931842 221.885206 -3905.364549 0.072275 -0.007468 0.021659 0.035451 0.116658 0.872632 0.185361 1.796084 0.20659 1.283752 0.17817 0.978956 0.145546 -0.044829 0.113845 -0.008159 0.077247 -0.001022 0.056605 0.009128 0.092707 0.005462 0.10214 0.000422 0.022513 1.121743
61.672064 136.12469 266.802776 422.204543 59.293522 24.980734 29.933961 0.79039 26.620535 -0.073964 26.595692 5.700369 -49.200717 205.883243 -76.659756 1252.854716 -94.838594 2956.731244 -121.99999 3650.271082 -96.701 3703.2949 -74.776705 3466.392716 224.795322 -3736.46945 -0.013113 -0.00246 -0.023623 1.628834 -0.009887 1.403787 0.026505 1.529886 0.001117 1.179881 -0.001764 1.438497 -0.012157 -0.017982 -0.013633 0.017051 0.009394 -0.009608 0.023365 -0.03556 -0.00409 -0.078414 -0.007202 -0.03652 0.00948 1.866636
67.713488 132.945023 277.050349 478.837731 70.741749 27.789879 37.628338 0.939761 33.561603 -0.15028 33.254917 5.239631 -48.8609 202.067199 -72.947457 1246.595338 -92.596623 2934.968878 -121.487145 3639.652507 -92.710854 3688.430976 -70.399009 3451.573426 237.834545 -3735.668302 0.141124 -0.018788 0.096554 1.781543 0.504928 0.074823 0.439569 0.00646 0.401612 -0.013385 0.37162 -0.009706 0.000589 -0.017848 0.046065 -0.007838 0.013409 -0.040192 0.00054 -0.007734 0.042033 -0.014945 0.066019 -0.015873 0.183792 4.3e-05
69.975906 137.772582 276.031994 518.111383 75.960121 36.03921 45.565229 2.303932 40.604875 0.014886 38.961163 7.903915 -46.877534 206.808715 -70.038295 1249.908711 -92.51038 2931.013269 -122.645437 3618.560716 -93.489963 3680.64137 -71.040451 3447.847139 257.320619 -3665.852256 0.018589 0.043047 -0.000938 0.77387 0.092841 0.53532 0.379466 0.300806 0.335192 0.259761 0.225796 0.272866 0.020546 0.027493 0.029598 0.002199 2e-05 -0.001334 -0.002748 -0.030646 -0.00163 -0.004117 -0.001455 -0.001006 0.383571 0.329283
73.223129 142.41958 278.960663 572.152123 84.899698 43.266181 52.798609 3.88099 48.563207 0.156857 46.28535 9.668137 -44.580641 209.407611 -67.305098 1247.316855 -90.090784 2943.236675 -120.594066 3645.644336 -90.387534 3709.855096 -68.159474 3474.545369 271.457475 -3661.766024 0.036822 0.038538 0.007727 1.340134 0.248595 0.329978 0.266321 0.204441 0.355854 0.0751 0.315222 0.088788 0.028847 0.008114 0.027199 -0.001345 0.016031 0.012718 0.00865 0.050489 0.026174 0.057739 0.029817 0.051485 0.189008 0.001139
74.779694 151.569664 278.677011 624.427628 96.243247 62.022829 59.398489 11.076745 55.710104 1.981462 54.52252 16.844678 -42.256738 209.875624 -71.115929 1249.832008 -88.187763 2931.425685 -114.296122 3628.202766 -82.925121 3677.868335 -62.970602 3446.900134 274.572961 -3509.115424 0.008186 0.142428 -7.2e-05 1.142437 0.355527 1.684166 0.194284 1.844575 0.245213 1.023319 0.3371 0.989755 0.031101 0.000261 -0.052467 0.001267 0.010157 -0.011873 0.084446 -0.020911 0.160731 -0.069247 0.102703 -0.05521 0.008888 1.624964
75.78282 162.025267 276.19492 721.963767 105.73511 85.479215 72.475239 20.319329 69.328281 5.376693 65.870777 24.715676 -41.903418 210.192043 -74.322998 1243.405111 -87.900292 2886.398172 -113.057853 3589.438352 -81.310259 3605.424324 -62.343053 3366.908867 300.799792 -3332.339103 0.003342 0.174349 -0.005552 3.537535 0.223156 1.877008 0.649954 1.391273 0.743804 0.83015 0.536036 0.752139 0.000742 0.000119 -0.035364 -0.008283 0.000235 -0.17425 0.003372 -0.104098 0.007939 -0.360295 0.001571 -0.469548 0.598051 2.284243
79.830417 168.547385 269.751798 783.940928 115.124359 118.494649 84.958748 41.476117 80.267496 15.377507 75.061746 40.991643 -41.473354 209.589041 -75.7795 1200.314854 -87.977595 2782.928528 -112.70455 3507.413056 -80.251797 3501.349742 -62.163733 3255.782416 321.038584 -3052.649545 0.052649 0.064346 -0.038021 1.27591 0.19967 2.689691 0.495712 3.734552 0.400502 2.568476 0.300016 2.047719 0.001109 -0.000433 -0.007067 -0.379936 -1.7e-05 -0.94428 0.000276 -0.474039 0.003467 -0.762097 0.000129 -0.932397 0.32944 6.128735
80.257563 173.050926 262.515999 870.959028 112.324571 161.992569 82.331302 68.613441 78.374825 31.12771 73.431016 64.018571 -41.532987 210.863243 -95.009732 1141.332014 -90.978917 2602.870042 -110.725446 3269.470871 -75.294256 3231.85148 -60.858147 3008.577113 307.307281 -2628.628703 0.00057 0.029688 -0.049185 2.28938 -0.017233 3.393352 -0.020635 3.397119 -0.011291 2.748317 -0.008955 2.555806 -2.1e-05 0.001931 -1.08608 -0.742966 -0.02517 -3.010707 0.008765 -4.178465 0.079023 -5.395533 0.006928 -4.879531 -0.150054 15.845444
81.090637 191.596717 258.323332 957.750737 106.618481 209.629772 77.346034 104.460952 74.184425 51.600205 69.717768 90.787993 -41.409237 219.237916 -103.067707 1121.632145 -92.204381 2520.562797 -111.087759 3164.116144 -76.669725 3086.865112 -63.385999 2883.281601 301.687825 -2340.260148 0.002151 0.47192 -0.016875 2.060755 -0.074369 3.065885 -0.077841 3.753097 -0.05756 2.573159 -0.048169 2.332073 9.2e-05 0.081541 -0.163971 -0.085749 -0.004099 -0.66117 -0.000296 -0.862688 -0.006225 -1.663614 -0.025718 -1.33241 -0.025927 8.374766
80.711122 196.318772 233.211605 955.115486 101.712306 244.95985 72.598088 142.830877 68.896488 78.537645 64.889723 120.034617 -41.703061 221.408947 -106.943443 1090.410258 -94.816711 2482.991636 -111.02011 3131.963183 -74.39218 3079.92656 -62.082694 2866.58046 286.471906 -2174.817565 -0.000445 0.028742 -0.641878 -0.001815 -0.057778 1.374982 -0.07519 2.994884 -0.097748 2.818431 -0.086613 2.038492 -0.000519 0.005348 -0.035766 -0.220352 -0.018246 -0.141061 1e-05 -0.0821 0.01717 -0.003903 0.006769 -0.024255 -0.196854 3.032112
79.280652 200.104767 224.956658 975.254616 91.721329 281.216283 63.953061 172.330547 60.832855 101.544781 57.583158 147.175757 -44.886448 220.414603 -118.881861 1090.0135 -101.202289 2435.39597 -113.656159 3058.676445 -76.701669 2974.319938 -65.787597 2770.575218 274.150502 -1976.725662 -0.006395 0.018079 -0.074372 0.105056 -0.258193 1.25062 -0.273932 1.383648 -0.25085 1.47573 -0.218144 1.381966 -0.058537 -0.001119 -0.315787 -3.6e-05 -0.104037 -0.230299 -0.015464 -0.433811 -0.017651 -0.921139 -0.053684 -0.817582 -0.135417 4.728695
76.322633 202.634428 214.155563 982.161978 84.475366 278.512062 58.702199 166.764057 55.921 99.203712 52.737213 145.436735 -47.305169 215.620049 -120.472546 1101.816478 -107.067928 2542.897831 -117.584605 3198.025093 -80.079634 3146.584953 -68.623513 2926.633709 269.838345 -2128.375748 -0.028119 0.007945 -0.13286 0.012187 -0.149056 -0.006533 -0.112446 -0.045692 -0.103367 -0.013651 -0.106483 -0.005168 -0.031734 -0.026361 -0.005286 0.03178 -0.082615 1.160839 -0.033372 1.551972 -0.036395 2.424569 -0.029921 2.137786 -0.017091 -2.802075
75.662022 198.831607 209.918024 971.868143 58.350084 269.167484 31.610364 159.202174 30.117123 96.935713 29.944463 144.792386 -48.648437 210.867484 -124.002296 1086.492093 -112.904533 2530.561836 -123.912641 3176.124132 -82.64084 3144.939503 -70.946487 2925.967563 212.535802 -2137.598163 -0.001436 -0.018011 -0.021172 -0.027114 -2.409714 -0.079725 -4.159261 -0.087723 -3.960608 -0.013113 -3.203691 -0.000715 -0.009403 -0.026481 -0.025483 -0.053658 -0.077446 -0.014997 -0.082922 -0.037625 -0.020158 -0.000215 -0.019333 -3.8e-05 -3.415656 -0.009969
74.458204 190.232478 195.560444 959.658651 41.1421 237.626847 17.840635 135.144594 18.148951 92.830381 18.375494 136.684523 -49.287843 203.181976 -117.708863 1124.619258 -111.441101 2614.400913 -126.429591 3277.058063 -85.901638 3253.384806 -70.986255 3027.124158 183.01956 -2247.101087 -0.004827 -0.095041 -0.254273 -0.038589 -1.499429 -0.982427 -1.955779 -0.984786 -1.507366 -0.044412 -1.405383 -0.116797 -0.002087 -0.071335 0.081945 0.328746 0.004773 0.68314 -0.012653 0.7894 -0.031546 0.919087 -6e-06 0.859503 -1.102785 -1.367569
68.641092 186.377913 203.063472 889.88863 41.311794 157.954099 18.107483 66.147146 17.129349 41.258024 17.270399 79.74587 -49.166983 201.481559 -109.852297 1140.327821 -110.268566 2683.733786 -130.640364 3359.736863 -89.242138 3351.398512 -72.237146 3124.304742 184.567644 -2648.957459 -0.118284 -0.019726 0.070618 -1.316427 0.000175 -8.106382 0.00099 -12.194631 -0.014737 -10.314448 -0.017134 -7.624012 7.4e-05 -0.003573 0.135665 0.054474 0.003101 0.453674 -0.034488 0.515011 -0.031859 0.727292 -0.005463 0.76768 0.00326 -16.519557
63.391172 200.780031 190.181183 910.77995 50.550146 135.5946 28.525192 41.955831 27.18772 24.472728 25.430646 58.868958 -49.759562 210.386262 -108.274094 1168.52527 -109.755737 2748.820306 -130.204036 3400.729938 -92.269754 3424.834706 -74.205321 3207.736383 219.629412 -2870.290862 -0.104416 0.267969 -0.211062 0.121194 0.465721 -0.852796 1.178547 -2.741533 1.156534 -2.179311 0.786971 -1.581164 -0.001775 0.096272 0.005709 0.172191 0.000598 0.389909 0.000365 0.124285 -0.025252 0.397937 -0.013227 0.549676 1.523575 -4.439752
51.407927 209.999727 163.726395 925.239472 50.673371 119.612478 29.604395 27.887464 24.763229 14.134784 24.814213 41.711337 -57.196323 211.615016 -112.128259 1192.429908 -118.659119 2759.611269 -141.869834 3413.259881 -101.580642 3410.389685 -83.077766 3187.805197 226.65269 -2985.411169 -0.627146 0.103478 -0.99014 0.056939 7.5e-05 -0.500925 0.010019 -1.43155 -0.056605 -1.409839 -0.003782 -1.474232 -0.258856 0.001789 -0.033701 0.12102 -0.173588 0.01057 -0.250214 0.01152 -0.223736 -0.015263 -0.25045 -0.031057 0.055267 -1.131715
50.252075 214.177283 158.937408 943.91955 56.675018 121.290594 37.63331 29.484911 40.377005 12.628533 36.491764 38.278168 -57.58646 211.528665 -104.878058 1217.866727 -114.098921 2775.935172 -136.333605 3433.871579 -100.42345 3431.045099 -81.275542 3207.06463 268.155047 -3027.360936 -0.006571 0.020572 -0.035541 0.093345 0.167902 0.005845 0.481091 0.022244 1.898949 -0.04242 1.122444 -0.07371 -0.000663 -9e-06 0.121149 0.134226 0.044676 0.024069 0.055091 0.031023 0.003315 0.031181 0.009881 0.029002 1.743592 -0.146339
43.70274 215.767201 142.932404 962.136713 65.428353 120.329445 49.739677 28.514337 56.122203 12.233668 49.099759 36.105437 -61.415494 207.893161 -108.60989 1214.630611 -118.540006 2800.525954 -138.633264 3493.759305 -104.620927 3476.308622 -86.133651 3232.333679 313.9953 -3076.095899 -0.228546 0.00294 -0.424588 0.087057 0.314158 -0.001912 0.842791 -0.008121 1.29319 -0.003136 0.933698 -0.031739 -0.061618 -0.015756 -0.032619 -0.002153 -0.042394 0.05422 -0.009617 0.258862 -0.042968 0.148306 -0.070504 0.04958 1.807605 -0.194573
43.992756 223.556719 120.758217 1073.03466 65.49828 123.96639 52.76059 29.938136 60.811658 12.961683 52.74613 36.441805 -62.845795 198.459956 -115.425584 1157.986093 -119.448261 2747.965053 -134.980769 3439.534672 -101.408723 3436.530454 -85.260193 3191.175442 319.278746 -3027.386844 0.00048 0.069062 -0.933986 3.0237 1.9e-05 0.027074 0.044526 0.017343 0.09407 0.01052 0.065296 0.00078 -0.008232 -0.109507 -0.103699 -0.67627 -0.001733 -0.248961 0.02438 -0.212046 0.025042 -0.114448 0.002226 -0.131861 0.02204 0.194365
43.456658 223.412279 114.192978 1115.504599 55.68884 123.893268 41.749533 31.443228 47.16818 14.928855 41.321066 40.709885 -61.89362 197.166437 -114.879292 1156.063051 -120.64506 2737.116453 -137.282726 3425.505866 -101.615488 3428.051571 -85.069982 3185.161615 287.246914 -2990.534253 -0.001643 -2.3e-05 -0.091744 0.412116 -0.397663 -1.1e-05 -0.643622 0.018455 -0.865409 0.069461 -0.696402 0.118147 0.003634 -0.002115 0.000648 -0.000799 -0.002983 -0.010728 -0.009732 -0.014334 -0.000105 -0.005236 0.000106 -0.002836 -0.846423 0.11284
44.902663 224.519087 116.158816 1160.77323 43.71133 137.679619 29.935657 34.049865 37.50201 17.040779 32.328054 41.686435 -59.927068 199.033455 -116.499667 1173.52862 -120.368548 2770.077026 -137.146925 3453.204046 -100.62281 3466.779451 -83.755634 3232.11477 260.9834 -2997.706572 0.011833 0.001367 0.008388 0.450176 -0.724271 0.363561 -0.980177 0.051893 -0.553567 0.069833 -0.551113 0.005787 0.015874 0.004399 -0.005674 0.065473 0.000159 0.098635 3.4e-05 0.055766 0.002436 0.108767 0.005116 0.171773 -0.629451 -0.004295
46.075049 228.561581 101.001517 1179.113623 27.14137 159.570372 14.532322 49.787989 19.415875 28.895536 16.595981 57.699141 -63.282591 198.397069 -121.975764 1183.638746 -129.365632 2805.330085 -150.707122 3486.470266 -111.044354 3528.706056 -92.122726 3296.629678 223.326225 -2918.966007 0.007554 0.018034 -0.529618 0.071879 -1.964809 0.80716 -2.753013 1.490436 -2.949956 1.556029 -2.598415 1.298442 -0.045701 -0.00051 -0.062882 0.021682 -0.16212 0.111453 -0.319574 0.079733 -0.256711 0.274104 -0.199137 0.318765 -1.466224 0.523973
42.285726 229.852809 119.177678 1165.220328 24.308676 228.128348 9.823378 117.722896 10.964433 71.646454 9.830926 113.106278 -65.963352 202.915539 -122.755631 1195.213657 -132.197864 2725.11085 -155.547234 3386.003271 -113.6852 3400.952399 -94.163331 3178.899057 195.261071 -2485.347762 -0.081289 0.001819 0.751519 -0.041168 -0.078039 6.109803 -0.45955 14.394116 -1.199214 9.541711 -0.880568 9.236423 -0.027805 0.025438 -0.001243 0.028161 -0.015334 -0.581822 -0.038249 -0.73439 -0.015517 -1.177719 -0.011177 -1.07031 -0.941906 17.423893
39.828638 232.453084 128.738489 1137.255784 26.510737 255.208575 10.96921 143.365279 11.582289 87.488029 10.440561 133.201423 -68.01232 207.701987 -128.456697 1195.564405 -136.40321 2708.101917 -157.952151 3364.489345 -115.595601 3351.864013 -96.926969 3125.839812 200.358807 -2356.304532 -0.03677 0.007313 0.184423 -0.169827 0.047731 0.759217 0.031596 1.262265 0.008467 0.790465 0.009169 0.821105 -0.015669 0.027898 -0.064699 2.6e-05 -0.032922 -0.026624 -0.009224 -0.034283 -0.007959 -0.178422 -0.019986 -0.223271 0.032845 1.719982
38.020354 227.417874 120.372864 1177.703242 31.22369 251.688614 16.028449 145.897141 16.587629 91.403988 14.619843 139.452701 -66.018599 202.83582 -124.470737 1182.382242 -133.0185 2717.550447 -155.249726 3392.703633 -110.722435 3407.36552 -91.864209 3182.911886 213.021737 -2382.621135 -0.021004 -0.027567 -0.140506 0.35338 0.192684 -0.012222 0.478276 0.011081 0.448251 0.042865 0.350943 0.071673 0.014829 -0.028841 0.03141 -0.036538 0.021262 0.008227 0.011659 0.058904 0.052472 0.227871 0.067896 0.258156 0.193995 -0.073072
38.982596 226.886868 114.670418 1208.398167 38.667209 318.856599 24.350718 186.64776 26.554887 121.359201 23.078333 173.052258 -66.525223 201.513456 -125.68536 1176.835704 -131.436205 2725.071956 -152.557 3402.537294 -108.872247 3418.823361 -90.312295 3189.223499 242.964852 -2251.919124 0.006012 -0.00031 -0.069184 0.197439 0.397505 3.967503 0.866929 2.50627 1.167161 2.119272 0.961186 1.81151 -0.000968 -0.002162 -0.002949 -0.00652 0.004734 0.005197 0.011778 0.007115 0.007794 0.009616 0.00661 0.003126 0.984194 1.843377
41.338232 234.447521 116.494134 1336.062869 45.999179 460.190893 32.703622 310.172932 37.237189 206.197666 32.197439 262.450816 -64.774636 207.285917 -123.640161 1184.869245 -129.040359 2748.121907 -150.199149 3423.983292 -106.567405 3439.745813 -88.426484 3200.838229 269.793014 -1961.582999 0.03455 0.061959 0.007194 3.204715 0.318066 12.92765 0.614755 15.601062 0.900762 11.177449 0.7574 9.274467 0.011671 0.040757 0.008388 0.013663 0.011019 0.048537 0.009182 0.033687 0.012329 0.031913 0.009949 0.010556 0.702323 10.014871
42.188031 243.325003 114.556068 1370.434564 49.1529 611.475024 35.562602 473.246612 38.651051 322.351068 33.719038 381.778988 -66.406703 216.169258 -124.039136 1200.637848 -128.848477 2752.765187 -149.703484 3429.026348 -106.482386 3443.613925 -88.234955 3198.327789 273.440195 -1658.784291 0.004323 0.082483 -0.008128 0.218264 0.052278 10.731918 0.059893 17.160347 0.013172 12.920815 0.017564 11.147797 -0.010153 0.093189 -0.000321 0.052117 7.1e-05 0.00196 0.00041 0.001856 1.7e-05 0.001087 0.000104 -0.000492 0.012243 12.684896
41.346894 245.922317 110.708136 1354.330158 51.894212 802.586775 37.841286 712.996735 38.717558 512.37214 34.625287 560.498883 -69.436961 223.450679 -127.401096 1228.786135 -133.844089 2750.054203 -156.046665 3396.738701 -112.628313 3392.182538 -93.71867 3152.446475 283.416961 -1267.844738 -0.004235 0.006894 -0.032867 -0.047592 0.037191 12.973982 0.035377 24.480395 2.9e-05 21.91645 0.006009 17.103949 -0.033802 0.060305 -0.022477 0.163074 -0.047505 -0.000668 -0.065806 -0.076365 -0.086212 -0.193483 -0.082653 -0.165737 0.08938 26.228412
42.972127 244.593737 105.677811 1331.836526 56.424103 944.542095 42.740738 910.590544 43.139991 668.525502 39.242265 702.20017 -69.355281 229.17412 -127.234841 1248.581697 -134.522658 2772.219755 -156.554132 3399.839125 -113.503767 3401.973378 -94.347696 3158.517788 296.594484 -1054.338433 0.015664 -0.001799 -0.058478 -0.094181 0.094762 5.776529 0.149083 12.068635 0.11955 10.369826 0.14443 7.976118 2.4e-05 0.036188 5.4e-05 0.07909 -0.000858 0.044485 -0.000412 0.000707 -0.001695 0.007055 -0.001052 0.00292 0.149712 9.835936
49.935004 248.865703 105.83571 1317.460487 76.104086 1102.057669 64.715405 1108.583988 63.482701 848.387787 57.196188 869.169409 -68.347631 235.245579 -123.577802 1234.098482 -137.904912 2742.62438 -161.042876 3350.823324 -119.29034 3334.110987 -97.794574 3088.107752 356.817553 -818.799 0.261282 0.018492 5.9e-05 -0.039005 1.469351 6.070559 2.270894 9.730732 1.958598 10.700992 1.685976 8.896019 0.003687 0.039688 0.026663 -0.042246 -0.020997 -0.079412 -0.031722 -0.177951 -0.07193 -0.341847 -0.03092 -0.396833 2.781211 14.868072
52.594555 249.594303 107.714207 1296.200096 139.28326 1502.675418 159.287169 1621.854902 151.968681 1419.17922 129.201217 1405.627349 -68.786007 233.233997 -121.996896 1225.53011 -137.002193 2761.608992 -161.112321 3352.397532 -119.068972 3350.17056 -97.126119 3111.462205 540.071143 -408.39005 0.034499 0.000532 0.008262 -0.086471 9.474498 30.992643 20.942645 48.676503 19.009204 73.015282 14.469314 64.160386 -0.000701 -0.004319 0.005089 -0.014924 0.001482 0.03274 -7e-06 0.000185 0.000103 0.019292 0.001146 0.04399 18.920898 70.660858
52.891334 242.301573 97.988595 1146.533975 166.633077 1685.734967 216.064284 1909.413966 204.086206 1822.470191 169.947727 1779.186487 -67.262562 231.469398 -114.960696 1202.14228 -130.922221 2780.114416 -158.692308 3366.157709 -115.896223 3372.981382 -91.848385 3139.109346 627.571899 -236.758994 0.000417 -0.054063 -0.230042 -4.589327 1.22503 5.259433 4.319012 11.727761 3.835004 25.18438 2.787994 21.983973 0.00853 -0.00335 0.104489 -0.11266 0.068995 0.030898 0.009156 0.014091 0.021422 0.038697 0.073713 0.061144 3.283179 23.248675
51.730834 228.949406 88.313469 1055.431248 199.223796 1822.157735 273.612904 2086.608616 267.706251 2059.230191 219.636214 2017.086272 -67.663223 226.005985 -114.837195 1163.279496 -131.409283 2743.379522 -157.527095 3294.789092 -114.421436 3324.48641 -91.785903 3110.743762 732.163877 -150.789013 -0.006437 -0.189194 -0.251396 -1.885421 1.45449 2.65376 3.393418 3.930583 4.309182 7.227184 3.181688 7.461527 -0.000595 -0.032625 3.3e-05 -0.31927 -0.000452 -0.122157 0.002147 -0.38235 0.004722 -0.175573 1.1e-05 -0.06437 4.028618 9.655668
49.23509 227.719542 87.578983 1051.894476 217.620114 1996.22165 296.794789 2269.120288 301.701698 2293.391447 251.280749 2250.479646 -68.160901 226.054106 -115.589898 1159.028061 -126.85264 2725.16219 -154.657642 3260.102449 -112.429649 3274.535298 -89.476361 3067.208002 782.480182 -87.127079 -0.03085 -0.001656 -0.001534 -0.002968 0.406135 3.969486 0.471261 3.825438 1.015724 6.303239 1.064423 6.386927 -0.000912 3e-06 -0.001229 -0.003892 0.040201 -0.030344 0.013188 -0.091777 0.008744 -0.189054 0.014714 -0.153399 0.835982 8.675553
45.537392 230.468704 91.983418 1095.489065 243.891281 2183.076809 328.656861 2423.258141 343.218852 2484.083556 287.577749 2468.426415 -68.635068 229.654589 -121.987811 1168.71069 -127.626304 2750.660627 -154.479644 3297.36414 -112.358307 3295.922673 -89.438083 3086.17766 848.328934 -57.298019 -0.072163 0.008248 0.054026 0.442558 0.748339 4.179208 0.812094 2.532286 1.337733 3.807239 1.223856 5.035717 -0.000822 0.014224 -0.086163 0.020138 -0.001176 0.059368 5.1e-05 0.105867 1.1e-05 0.034809 4e-06 0.02924 1.329962 3.113966
44.600183 222.703678 94.803421 1128.156623 235.807781 2309.314734 314.12121 2537.005282 332.465809 2612.058704 280.67679 2607.527179 -71.741436 223.598518 -138.485504 1177.567017 -135.958674 2772.688636 -160.461655 3315.24947 -114.003821 3329.816126 -92.7566 3127.26993 835.840263 -43.510584 -0.004872 -0.066531 0.021289 0.239972 -0.068113 1.774017 -0.164374 1.304378 -0.085569 1.60712 -0.041905 1.906307 -0.034374 -0.04046 -0.522985 0.016715 -0.131733 0.043926 -0.056816 0.024188 -0.005981 0.08669 -0.030224 0.135882 -0.046304 0.947294
43.484403 227.239755 93.181484 1125.118629 234.137962 2279.276105 314.282649 2546.657838 328.693386 2607.246866 277.277986 2578.188741 -71.633791 224.141548 -139.501765 1171.031524 -141.12707 2784.878053 -167.971535 3343.941458 -117.945664 3354.611434 -96.980964 3142.518914 840.430669 -47.029427 -0.007067 0.022866 -0.006997 -0.002048 -0.002967 -0.098323 2.1e-05 0.009164 -0.010762 -0.002218 -0.010352 -0.082992 4e-05 0.000329 -0.001858 -0.009093 -0.048206 0.013368 -0.085871 0.061812 -0.033497 0.045988 -0.047032 0.018544 0.006285 -0.068406
39.75096 218.181547 90.243146 1103.498839 230.958498 2279.442008 313.977134 2547.071443 320.809225 2609.574738 269.298048 2584.178891 -68.598284 213.611533 -127.082604 1161.678099 -147.642815 2799.85571 -182.534211 3292.313889 -136.527777 3371.927729 -110.55811 3198.809167 875.902983 -48.780522 -0.083772 -0.092115 -0.023537 -0.104869 -0.010868 3e-06 -7.4e-05 1.7e-05 -0.047854 0.000519 -0.058256 0.003475 0.032858 -0.126666 0.289438 -0.018752 -0.073519 0.020084 -0.302653 -0.200825 -0.679357 0.022289 -0.444583 0.249842 0.366601 -0.016003
38.682703 218.998899 88.818872 1104.115697 228.160579 2309.319603 309.786433 2613.601269 318.640363 2662.711656 267.729267 2617.04512 -69.838857 210.140197 -132.13078 1163.297589 -155.134189 2817.432455 -190.178963 3331.453166 -144.442594 3404.973238 -117.700198 3220.931832 892.152836 -45.571667 -0.007275 0.000764 -0.005664 8.6e-05 -0.008525 0.097268 -0.014078 0.428859 -0.003678 0.267778 -0.002291 0.103841 -0.005559 -0.014219 -0.049161 0.000564 -0.092691 0.027499 -0.078409 0.115636 -0.111501 0.080569 -0.111764 0.038118 0.074676 0.054581
38.791027 219.488808 87.837548 1115.42079 227.524671 2287.671318 307.796584 2605.104997 316.842027 2636.963345 265.710751 2581.576178 -69.862719 208.377979 -133.611391 1157.09057 -168.658834 2828.125099 -205.084792 3401.380308 -158.932824 3439.468255 -130.914719 3233.419862 924.580368 -53.225904 7.6e-05 0.000274 -0.002726 0.028791 -0.000444 -0.050974 -0.003206 -0.006916 -0.002545 -0.062549 -0.003819 -0.120999 -2e-06 -0.00371 -0.004125 -0.008302 -0.282582 0.010126 -0.281158 0.363141 -0.346249 0.086926 -0.351441 0.012081 0.289428 -0.296948
39.067194 221.462786 84.058436 1129.305865 218.640927 2333.973557 297.587637 2646.433623 310.712628 2707.47291 259.089335 2649.577484 -70.46734 218.324022 -137.078248 1184.722143 -179.078076 2926.68111 -223.366934 3534.335163 -176.916205 3566.071625 -144.985526 3328.722811 956.542893 -59.03174 0.00049 0.004418 -0.041547 0.042944 -0.088452 0.231947 -0.086086 0.162627 -0.029934 0.465139 -0.041773 0.442003 -0.001303 0.115932 -0.022202 0.163021 -0.156131 0.84399 -0.390229 1.274462 -0.481815 1.144075 -0.359037 0.692086 0.27156 -0.150236
37.01224 220.546209 81.40074 1146.327518 218.110679 2377.511721 298.175043 2722.49407 307.69725 2773.5584 256.333788 2707.299233 -72.28148 224.476219 -142.514414 1234.794591 -194.387599 3121.064905 -245.095697 3718.390795 -199.103004 3793.65899 -162.467969 3573.519611 1001.829329 -79.71101 -0.027758 -0.00095 -0.021346 0.063662 -0.000322 0.201169 0.00029 0.538793 -0.007352 0.398415 -0.007366 0.310993 -0.011528 0.042741 -0.052853 0.518186 -0.313924 3.124703 -0.504195 2.335807 -0.65513 3.519721 -0.497446 4.342381 0.523684 -1.549753
37.01137 219.433532 77.5799 1142.933838 206.653169 2320.679412 284.28862 2658.371479 291.134911 2698.562089 242.025721 2635.25999 -75.675243 224.592507 -146.122284 1245.795137 -210.122571 3196.799621 -266.645954 3809.602518 -222.119218 3901.896722 -180.885015 3680.040036 1021.846928 -110.617343 -0.0 -0.001407 -0.04592 -0.002515 -0.154555 -0.343752 -0.165556 -0.382081 -0.229082 -0.513943 -0.205437 -0.485712 -0.038927 1.5e-05 -0.02255 0.024392 -0.306152 0.453947 -0.453959 0.552596 -0.62929 0.761218 -0.49429 0.782182 0.099006 -2.526115
36.181333 214.900157 77.265013 1145.448014 208.638076 2318.485063 290.420388 2672.926873 294.734812 2712.087013 242.60896 2636.526284 -79.163619 230.474314 -158.04348 1296.864348 -222.898075 3368.951805 -288.621923 3986.093838 -250.004662 4094.126633 -203.53676 3869.540842 1087.63938 -141.79239 -0.004707 -0.023659 -0.00032 0.001381 0.004744 -0.000519 0.032712 0.019869 0.01106 0.016904 0.000351 0.000152 -0.0393 0.038013 -0.233704 0.512913 -0.1885 2.257279 -0.435045 1.998101 -0.82423 2.311004 -0.667948 2.378689 1.026245 -1.932609
]