01-31-21_Dhruva_4K+Depth.snake_in_grey_wagon.0000000005 [ 79.312021 413.203238 119.737868 1747.126745 248.220986 3230.475562 320.396735 3592.724808 340.224623 3616.301495 291.740858 3518.415827 -64.583755 369.073865 -118.482906 1488.281221 -148.045408 2355.724458 -158.718965 2817.97602 -139.197102 2630.469006 -123.693652 2499.449283 914.660884 78.279924 0.0 0.0 0.0 0.0 0.0 0.0 0.0 0.0 0.0 0.0 0.0 0.0 0.0 0.0 0.0 0.0 0.0 0.0 0.0 0.0 0.0 0.0 0.0 0.0 0.0 0.0
66.966261 383.797324 120.290415 1542.111378 229.2853 2867.795023 301.127273 3269.548747 298.006374 3236.839392 252.201206 3153.313137 -57.06306 370.470409 -113.829192 1453.552507 -146.577928 2346.395673 -163.280078 2759.965257 -135.32502 2577.154243 -117.776709 2488.241197 834.966644 37.546847 -0.521917 -0.542661 0.000636 -6.395433 -0.375599 -10.794346 -0.298783 -7.614149 -1.397875 -10.513575 -1.43899 -9.997403 0.232702 0.001319 0.046617 -0.204996 0.003655 -0.009254 -0.032306 -0.301665 0.027309 -0.272921 0.072505 -0.012593 -1.815949 -7.39865
61.691304 387.494832 124.483904 1568.606474 235.822701 2933.784078 312.249213 3382.648987 301.978706 3368.443088 253.0436 3262.181324 -61.791015 363.711768 -113.787861 1468.524763 -157.425969 2326.925228 -181.05356 2724.326959 -152.87572 2557.31412 -131.910324 2477.394564 884.576253 55.776945 -0.108182 0.008863 0.035924 0.112836 0.045946 0.375303 0.100842 0.961531 0.01315 1.311167 0.000702 0.92379 -0.094075 -0.03111 4e-06 0.038358 -0.193612 -0.04056 -0.459013 -0.115794 -0.534893 -0.038332 -0.40034 -0.011846 0.715779 1.797874
67.46059 409.6997 130.812373 1628.642678 244.094713 3021.393814 320.416153 3455.943627 316.888393 3458.935985 267.453042 3356.56845 -61.2809 378.345741 -117.640649 1471.91854 -159.852771 2285.28377 -181.266879 2680.260205 -153.259922 2494.815894 -134.244961 2415.628952 910.903533 78.580912 0.128923 0.309305 0.078449 0.563713 0.071295 0.644471 0.052715 0.39279 0.179627 0.599741 0.199494 0.673041 0.001057 0.144311 -0.032073 0.001959 -0.009281 -0.187984 -6.3e-05 -0.179654 -0.000241 -0.386587 -0.01024 -0.389855 0.19303 1.94935
72.077708 411.241193 132.320496 1618.638744 242.691223 2939.116187 315.418328 3365.951605 313.995934 3356.419617 265.87692 3250.612895 -56.283917 379.462928 -113.606473 1462.371952 -151.509204 2278.599179 -171.356983 2685.479297 -143.937076 2496.070321 -126.075839 2405.079313 883.118412 63.583516 0.076408 0.001447 0.004322 -0.01541 -0.002023 -0.567899 -0.019642 -0.593597 -0.006631 -0.771068 -0.002329 -0.849629 0.106244 0.000823 0.035191 -0.01553 0.111811 -0.004895 0.139278 0.002538 0.146261 0.000158 0.128209 -0.011543 -0.215176 -0.793276
70.354157 379.517153 135.435636 1552.050679 242.573683 2883.248636 315.616102 3303.208863 309.879809 3277.876677 262.837204 3182.915921 -56.851637 369.509927 -108.051737 1450.284168 -152.363808 2283.412966 -176.695558 2671.648786 -149.435155 2530.095308 -129.383463 2450.888267 889.695898 48.339913 -0.010429 -0.636617 0.018122 -0.699289 -1.4e-05 -0.26804 3.1e-05 -0.295145 -0.013579 -0.464948 -0.008738 -0.356181 -0.001424 -0.066135 0.069612 -0.025083 -0.001202 0.00254 -0.040945 -0.017853 -0.051524 0.115169 -0.021414 0.216075 0.012202 -1.042923
68.469201 380.60217 135.069562 1579.501214 250.103062 3015.860548 326.256891 3420.424092 325.999631 3419.388846 278.028737 3338.491443 -52.274131 373.135881 -102.650476 1416.618681 -144.446247 2272.076519 -170.082879 2647.803044 -139.204556 2523.221853 -119.418101 2453.32226 891.258802 67.961208 -0.012798 0.000774 -0.000248 0.120315 0.057538 1.490746 0.088206 1.021803 0.204355 1.495232 0.213388 1.855979 0.096049 0.008852 0.069241 -0.19767 0.105621 -0.014106 0.063054 -0.053447 0.181365 -0.004675 0.199654 0.000604 0.000686 1.667114
72.184267 383.849346 137.447661 1603.272345 254.932226 3068.376684 330.79542 3470.547905 333.372282 3469.941865 285.303856 3395.198917 -51.102988 378.471196 -103.703394 1424.188012 -142.616327 2226.818058 -164.817842 2599.828178 -134.110327 2455.602982 -115.939411 2388.258281 890.371085 87.46311 0.049071 0.006897 0.010376 0.088771 0.023089 0.226651 0.015675 0.182299 0.041219 0.185478 0.046979 0.238784 0.006634 0.018937 -0.002686 0.010084 0.005833 -0.227654 0.041389 -0.219302 0.047479 -0.459197 0.02571 -0.437204 -0.000221 1.228357
80.973616 372.373433 153.407315 1594.721291 274.082114 3065.503248 353.068941 3459.517223 354.709372 3474.678879 304.408754 3400.686142 -47.112851 372.34905 -94.103651 1425.516583 -135.975007 2262.081775 -160.846423 2648.363886 -132.494362 2530.004466 -113.036559 2455.489268 920.779525 74.775055 0.252407 -0.08708 0.438195 -0.011432 0.346719 -0.000673 0.362821 -0.008779 0.330906 0.001616 0.309552 0.002215 0.081086 -0.02496 0.233079 0.00031 0.079172 0.138514 0.024216 0.224436 0.004897 0.555187 0.018401 0.466604 0.25529 -0.496904
79.371218 372.028801 152.728067 1579.409659 268.995891 3046.255849 348.874496 3447.426115 348.289365 3465.701772 299.08682 3391.189408 -46.411184 367.208256 -90.437295 1404.642699 -136.384624 2238.728261 -164.321364 2621.406375 -136.224849 2523.056435 -115.979527 2453.680532 920.154738 74.652642 -0.008007 -8e-05 -0.000754 -0.036931 -0.023818 -0.030307 -0.012532 -0.010583 -0.029315 -0.005806 -0.023466 -0.006639 0.002632 -0.017868 0.036424 -0.076979 -0.000308 -0.060588 -0.018568 -0.068951 -0.025895 -0.004777 -0.01891 -0.000333 -0.000106 -5e-05
72.394631 360.999538 149.170998 1565.597461 276.683192 3128.58502 360.044577 3532.125774 360.108142 3581.098779 308.296428 3513.876266 -51.654938 355.204264 -96.429812 1426.909492 -133.287701 2343.783028 -158.061914 2746.759427 -128.721582 2646.78135 -110.181082 2567.972414 919.427864 70.482802 -0.16044 -0.082979 -0.020956 -0.03033 0.05415 0.548872 0.088006 0.513951 0.098598 0.944923 0.069826 1.090015 -0.140296 -0.099739 -0.09611 0.087552 0.017783 1.204357 0.060773 1.463771 0.106267 1.480709 0.074344 1.300799 -0.000144 -0.059914
72.584936 352.189522 142.323639 1439.929503 266.967338 2554.891127 349.382349 2872.867494 349.959922 2854.543564 300.061316 2815.012048 -51.057321 356.232658 -94.891713 1411.901717 -132.792565 2295.076726 -157.454987 2703.483459 -128.191005 2590.262752 -109.794393 2504.972305 901.762609 6.417633 0.000125 -0.054417 -0.080435 -2.628382 -0.086825 -29.028656 -0.080128 -34.018673 -0.072522 -41.143935 -0.05574 -38.704207 0.001739 0.000743 0.006183 -0.039671 0.000461 -0.255706 0.000584 -0.171812 0.000548 -0.304985 0.00034 -0.391209 -0.085677 -34.364204
71.001271 348.099676 141.096411 1335.763208 261.6303 2059.059388 338.443375 2303.254518 331.19307 2199.021006 285.15759 2186.975086 -54.289025 358.365269 -98.540331 1414.247952 -136.158072 2281.586631 -159.719412 2689.981113 -130.450495 2545.60202 -112.019726 2455.205585 877.356448 -12.675302 -0.008734 -0.011943 -0.002657 -1.955267 -0.026944 -26.719298 -0.086991 -31.437363 -0.258577 -42.695879 -0.189807 -39.584 -0.049581 0.003182 -0.034414 0.000974 -0.021058 -0.019882 -0.008083 -0.016901 -0.00987 -0.194185 -0.011163 -0.249667 -0.167411 -37.131276
69.162569 349.246607 141.47233 1345.913234 263.834043 1622.475829 340.981994 1704.344736 336.237241 1534.914547 289.719933 1564.189922 -55.594005 361.160312 -103.345159 1420.210169 -139.808101 2261.072246 -160.889288 2667.395064 -132.119064 2498.050265 -114.360173 2401.968233 889.893253 -116.694295 -0.012061 0.000943 0.00025 0.019209 0.004621 -25.978303 0.004743 -45.004289 0.019061 -59.532564 0.018104 -52.060041 -0.007749 0.005429 -0.057185 0.006271 -0.024139 -0.046321 -0.002134 -0.04761 -0.005302 -0.224165 -0.012099 -0.291764 0.044468 -52.450537
70.238117 368.039436 148.943517 1479.553871 272.147406 1286.578488 340.618219 1202.044119 335.947014 960.210821 291.779444 1029.922418 -61.874771 377.915271 -115.971824 1490.249274 -148.656103 2268.890596 -163.177806 2662.151296 -137.349848 2452.179418 -121.406417 2363.798672 902.911905 -343.44305 0.004149 0.246227 0.096117 3.162277 0.064476 -19.45746 -9.7e-05 -43.734446 -6.3e-05 -67.087842 0.003647 -55.613361 -0.168029 0.189943 -0.363777 0.842854 -0.135728 0.006747 -0.008081 -0.00258 -0.050773 -0.212534 -0.105317 -0.152855 0.047269 -59.748311
60.648434 371.539898 147.912213 1583.875621 255.697096 884.170339 315.255963 675.928045 306.08922 484.767673 267.865628 578.541715 -69.822869 382.809911 -130.294713 1612.809588 -166.810474 2266.889159 -178.455271 2641.2367 -152.292451 2405.50786 -137.411676 2333.886882 890.192172 -730.541801 -0.351777 0.008284 -0.001791 1.776797 -0.2564 -37.624791 -0.490555 -75.201705 -0.694642 -80.457823 -0.511156 -64.633725 -0.240057 0.015747 -0.416863 2.421303 -0.522804 -0.000442 -0.341767 -0.04124 -0.3857 -0.22421 -0.495355 -0.09523 -0.045116 -72.187458
58.412432 375.199731 149.264559 1608.53582 254.970295 609.381368 299.086305 382.356628 285.647876 248.295461 250.550821 336.210136 -69.537923 380.963488 -140.677158 1604.272973 -176.874109 2267.626503 -187.857912 2654.043746 -159.581064 2442.526312 -144.093153 2371.826029 872.237097 -1133.300414 -0.020998 0.008969 0.003077 0.095247 -0.000517 -25.495944 -0.212832 -41.533832 -0.353175 -39.18818 -0.289233 -32.682492 0.000291 -0.002232 -0.198978 -0.011326 -0.147371 6e-05 -0.120695 0.015487 -0.085181 0.141334 -0.079303 0.152942 -0.091463 -44.036373
53.752589 372.558982 162.698555 1584.608935 234.81665 362.198137 263.797254 160.298383 248.995668 97.513438 218.595452 165.097493 -68.772018 378.36232 -151.634247 1594.943615 -177.819641 2264.170994 -185.87659 2656.238198 -157.186073 2455.873839 -143.170155 2381.479321 801.851559 -1574.651969 -0.096837 -0.004663 0.289387 -0.089646 -0.414815 -31.969381 -1.107283 -47.514024 -1.257816 -34.60386 -1.089567 -30.107245 0.002121 -0.004455 -0.205432 -0.013603 -0.00126 -0.001317 0.005252 0.000453 0.009054 0.018185 0.001483 0.009802 -1.480303 -36.208587
49.198961 369.463525 174.363938 1505.758559 215.954256 222.37993 235.809063 61.312632 218.855323 28.114807 192.08289 71.697217 -69.839804 372.876466 -152.345563 1590.387187 -180.41908 2269.450225 -186.900283 2654.705211 -160.642838 2460.337602 -147.852342 2383.451558 754.505042 -1962.441316 -0.100755 -0.006457 0.201924 -1.006093 -0.394819 -16.966945 -0.784572 -23.33529 -0.971875 -20.908209 -0.856692 -19.198471 -0.004113 -0.02003 -0.000832 -0.003259 -0.009431 0.003074 -0.001406 -0.000221 -0.018799 0.002026 -0.037668 0.000408 -0.72034 -21.321915
45.167019 367.580131 190.18669 1361.834259 181.853572 173.023797 184.515903 38.072745 168.910503 14.585199 150.120851 50.263484 -74.628903 366.412014 -158.88098 1572.888006 -188.207402 2265.282065 -194.836445 2652.076421 -169.197945 2459.830293 -155.872186 2382.896957 676.216774 -2095.590391 -0.086175 -0.002406 0.343543 -3.614053 -1.464276 -3.092525 -3.141447 -2.755357 -3.229936 -2.200127 -2.5825 -1.898185 -0.079401 -0.028264 -0.068626 -0.048403 -0.082285 -0.001916 -0.082504 -0.000651 -0.110966 -2.6e-05 -0.1059 -3.2e-05 -2.14355 -2.184982
42.238995 360.10209 181.599262 1238.845607 138.727392 122.902579 130.893169 15.254424 127.533733 2.618882 112.461757 24.774279 -76.156301 363.053556 -164.239085 1569.804748 -190.442581 2266.688383 -194.825629 2670.637286 -171.448128 2494.720478 -157.93657 2407.079865 594.721069 -2335.680735 -0.049057 -0.038425 -0.099188 -2.909754 -2.91402 -4.275414 -4.591625 -5.128505 -2.901823 -4.843351 -2.714529 -4.461802 -0.007736 -0.007731 -0.044428 -0.001512 -0.006597 0.000218 0.0 0.032362 -0.007432 0.122851 -0.00679 0.061046 -2.615545 -6.508938
43.720119 340.788419 193.017748 1067.137309 120.986329 99.179314 106.989369 11.886303 103.193671 2.010615 92.154365 22.012404 -72.957232 355.696242 -162.936228 1540.338489 -190.245714 2261.70957 -194.938793 2664.514622 -171.946105 2487.915789 -158.22007 2401.491076 541.55111 -2348.473347 0.012761 -0.266153 0.174061 -6.401765 -0.606655 -1.270721 -1.204043 -0.2098 -1.287442 -0.040134 -1.01021 -0.08159 0.03432 -0.037657 0.002594 -0.139588 5.1e-05 -0.002737 -1.6e-05 -0.003513 -0.000361 -0.004647 -0.000127 -0.003248 -1.244681 -0.017469
45.174831 326.07373 214.866519 960.970543 89.53089 99.054431 63.952489 16.51114 58.4492 5.412022 55.439055 30.77176 -68.296195 354.601781 -156.834746 1534.783312 -187.67496 2276.106179 -195.556943 2730.900254 -171.930865 2563.509639 -156.816757 2465.762065 430.871675 -2333.347723 0.011904 -0.162364 0.585597 -2.780699 -2.363298 -3.9e-05 -5.506234 0.379134 -6.316279 0.825215 -4.639569 0.731867 0.076923 -0.000843 0.058216 -0.005018 0.008744 0.022837 -0.000489 0.408423 0.0 0.565657 0.003126 0.424361 -6.319201 0.024433
45.314834 327.244892 222.142493 1024.910534 85.111053 142.030611 59.545028 39.532884 52.122376 18.121639 50.10894 53.883374 -67.179534 354.990296 -147.638253 1534.489689 -183.005852 2272.927092 -192.301699 2723.234617 -170.561668 2550.955252 -155.134411 2457.777941 411.258478 -2139.065312 0.000108 0.00105 0.060575 1.029614 -0.055938 3.861423 -0.078673 4.946745 -0.181157 3.727126 -0.13467 3.215924 0.004602 0.000106 0.13892 -1.4e-05 0.029407 -0.001111 0.013661 -0.005387 0.002737 -0.015409 0.004536 -0.006474 -0.228426 4.221824
45.374839 326.194719 238.9926 1049.609861 96.224711 159.822666 70.436822 72.237121 59.860643 40.374524 58.205706 85.567602 -64.039175 353.278016 -139.964674 1513.792135 -180.215942 2261.899354 -191.752681 2721.749737 -169.731238 2555.062406 -153.422967 2463.036885 431.187725 -1953.068101 2e-05 -0.000844 0.307959 0.147041 0.340886 0.524812 0.457141 4.891724 0.267685 4.39801 0.30305 3.647131 0.037583 -0.00207 0.102388 -0.070268 0.010715 -0.013409 0.000392 -0.000202 0.001013 0.001652 0.004746 0.00281 0.23576 4.229194
49.108155 324.895643 250.052917 1071.331015 101.832688 219.213117 75.179119 109.277622 65.072881 65.313753 63.428431 117.71921 -62.49789 353.110606 -137.520974 1505.559887 -181.274744 2246.102676 -192.309056 2687.911667 -170.326118 2521.545618 -154.571743 2433.029248 445.956462 -1775.215095 0.073786 -0.001296 0.125087 0.111229 0.079411 4.681807 0.077242 3.819489 0.108775 2.984593 0.112178 2.558632 0.009387 -2e-05 0.010761 -0.011223 -0.001551 -0.027677 -0.000403 -0.105832 -0.00052 -0.110643 -0.002142 -0.091958 0.124342 4.244542
55.460803 318.359483 251.056493 1134.599132 125.018024 260.286862 102.213481 130.563086 93.298896 80.383231 88.614293 137.852245 -54.706115 358.498088 -124.95865 1479.514322 -172.727795 2246.359038 -187.905952 2679.148658 -169.051055 2511.54008 -152.565761 2426.103178 513.525401 -1693.289445 0.193143 -0.033208 0.001005 0.907481 1.187942 1.762418 2.0721 0.946392 2.535607 0.781416 2.100528 0.79424 0.259287 0.020394 0.30079 -0.113629 0.103193 7e-06 0.025496 -0.007154 0.002395 -0.009945 0.006551 -0.004936 2.382138 0.967672
59.677104 322.228976 255.669456 1249.612236 147.60704 375.155629 130.237976 220.15425 112.7279 137.295716 108.687489 206.069814 -52.887433 360.876334 -120.152453 1490.28724 -174.482647 2252.203114 -189.935981 2689.244639 -173.891157 2521.324436 -157.145722 2435.55393 566.636092 -1481.900911 0.077225 0.011687 0.020997 2.775702 0.937446 10.468631 1.695509 11.636117 0.918155 7.57161 1.023765 6.833427 0.015372 0.003931 0.047125 0.019539 -0.004435 0.003796 -0.005453 0.009493 -0.034157 0.009511 -0.033866 0.009186 1.306496 7.044418
64.124059 326.165439 229.551989 1457.197081 181.300505 536.109554 180.99598 353.387143 165.397617 228.342616 151.143398 306.047457 -50.876601 364.380588 -114.622425 1491.816066 -169.420223 2262.389511 -183.80216 2707.429336 -167.740869 2532.244364 -151.576195 2442.938296 666.268731 -1239.772326 0.079893 0.011949 -0.703408 7.971565 1.73034 14.32702 4.166862 15.689508 5.032668 11.517093 3.492077 9.853824 0.019486 0.008466 0.065138 0.000392 0.037263 0.011492 0.050338 0.030638 0.055365 0.011798 0.050243 0.005589 4.032315 10.791654
66.193692 327.031112 203.133126 1547.815795 195.82326 753.132844 201.347143 580.799498 191.075071 396.00004 173.901925 476.257417 -51.80288 364.801973 -114.197118 1494.947395 -169.122515 2264.431931 -182.970456 2703.55412 -165.477579 2521.809611 -149.217957 2431.940378 712.185269 -919.173409 0.016435 0.000574 -0.807294 1.366653 0.279734 18.397462 0.542005 28.102593 0.926002 22.932031 0.797715 18.741199 -0.004178 0.000122 0.000395 0.001641 0.000131 0.000461 0.000943 -0.001388 0.007686 -0.010772 0.009244 -0.012406 0.764956 23.936831
67.194337 339.02424 164.144532 1675.593772 188.399121 981.852665 196.057793 830.708132 193.573134 587.287904 174.452021 663.599605 -54.307559 369.629439 -115.820197 1502.355425 -172.27312 2259.898596 -187.466063 2681.849321 -168.964113 2494.48574 -151.591019 2405.213193 724.238301 -661.045405 0.003753 0.107984 -2.075293 2.533595 -0.071733 15.141923 -0.035201 22.299415 0.008112 18.785931 0.000434 15.500791 -0.029565 0.015866 -0.005727 0.009155 -0.014538 -0.002271 -0.02728 -0.043739 -0.018174 -0.074417 -0.009361 -0.07384 0.050569 21.225089
69.678955 338.05849 159.055706 1613.520599 183.45267 1154.94929 183.7355 1090.753741 178.60396 817.86615 163.495234 874.34321 -52.471086 362.204489 -115.085414 1457.607916 -167.939401 2219.153324 -186.285241 2630.2969 -162.880997 2448.078127 -144.92051 2351.555525 682.607757 -435.96178 0.022553 -0.000689 -0.040065 -0.585784 -0.032901 7.022588 -0.199949 17.678269 -0.301156 19.047425 -0.177665 14.507475 0.015794 -0.037667 0.001169 -0.338257 0.027603 -0.185331 0.001865 -0.250155 0.05576 -0.217874 0.075041 -0.302646 -0.616088 23.33958
69.945195 332.833524 158.299327 1528.488073 166.986579 1260.536124 164.856794 1260.345673 157.522457 980.389414 145.694257 1020.30028 -51.287268 356.186141 -113.647263 1438.534208 -167.204703 2217.420798 -187.880461 2638.515542 -161.381921 2466.096825 -141.638273 2359.560781 637.7854 -336.672597 0.000254 -0.020347 -0.000901 -1.150833 -0.38706 2.308834 -0.511582 6.124567 -0.661757 7.359346 -0.512853 5.630391 0.006754 -0.02521 0.004521 -0.062809 0.000805 -0.000338 -0.003401 0.00641 0.003465 0.033034 0.018798 0.006801 -0.760994 6.406253
66.552694 343.807114 153.969194 1557.199825 155.512891 1349.638113 152.15177 1363.296941 144.355212 1068.794942 133.375384 1104.746991 -56.631994 352.492052 -118.545912 1437.413014 -171.691247 2223.513807 -193.086072 2648.454375 -165.88758 2478.563148 -145.358323 2368.847501 619.737455 -292.161779 -0.042165 0.088989 -0.030024 0.133582 -0.204167 1.521255 -0.254697 2.020673 -0.2873 1.907876 -0.272026 1.678566 -0.132431 -0.009628 -0.05168 -0.000219 -0.029699 0.00418 -0.035567 0.009342 -0.031017 0.015715 -0.024111 0.00912 -0.129519 1.577284
65.630521 339.301409 156.05843 1538.223775 148.254567 1350.298395 140.406242 1376.529354 132.449427 1071.560067 124.671844 1105.88861 -55.709926 348.901439 -117.594559 1425.081383 -169.920921 2214.215663 -192.637841 2638.319139 -163.944364 2466.422578 -142.772684 2359.010848 591.109499 -286.570679 -0.003217 -0.01486 0.00704 -0.058166 -0.086729 8.1e-05 -0.235873 0.031954 -0.256161 0.001786 -0.14682 0.000295 0.003784 -0.009191 0.001916 -0.026562 0.004587 -0.009741 0.00026 -0.009715 0.005724 -0.014903 0.011602 -0.010233 -0.338472 0.027008
61.306892 349.201941 145.874679 1616.342364 131.644296 1409.130266 121.808813 1417.815114 116.140765 1099.676095 108.706194 1135.749842 -60.330329 349.51054 -126.926361 1430.336917 -174.675911 2200.12017 -194.22118 2620.315339 -165.555489 2450.224526 -144.816055 2349.255475 559.024516 -266.942602 -0.073655 0.071187 -0.17179 0.967399 -0.493293 0.627228 -0.660337 0.30501 -0.535539 0.182049 -0.546754 0.198902 -0.092022 0.000266 -0.178133 0.004837 -0.032808 -0.022504 -0.00324 -0.03082 -0.003939 -0.026683 -0.007259 -0.010106 -0.44762 0.348124
61.696454 348.823119 140.097135 1625.067165 126.790953 1398.902212 118.532479 1392.091012 114.999683 1073.56746 106.487737 1113.13677 -59.538865 345.869003 -126.643811 1409.56571 -170.628308 2194.352902 -189.833642 2609.848325 -157.341024 2439.400813 -137.481066 2336.830246 541.369835 -276.389008 0.000617 -0.000103 -0.058368 0.011742 -0.045576 -0.018628 -0.022333 -0.117752 -0.002817 -0.156836 -0.011435 -0.113693 0.002613 -0.009535 0.000157 -0.075962 0.023724 -0.003784 0.025063 -0.010474 0.104505 -0.01198 0.095309 -0.016473 -0.141635 -0.082124
61.93311 353.498752 137.598642 1682.815341 125.667386 1387.677419 117.38859 1373.083344 114.06136 1047.06107 105.447365 1085.551703 -60.486588 343.592023 -130.847211 1420.664171 -170.466168 2187.400466 -185.129398 2601.747604 -155.443921 2412.711893 -137.282237 2309.690691 535.814462 -280.932485 0.000227 0.015564 -0.01124 0.504115 -0.0025 -0.022608 -0.002773 -0.06533 -0.001922 -0.165662 -0.002554 -0.17305 -0.003742 -0.00376 -0.034311 0.021761 3.9e-05 -0.005516 0.029511 -0.006296 0.005753 -0.073401 7.2e-05 -0.079259 -0.014325 -0.01852
63.688216 356.256733 143.453218 1658.930921 128.124203 1362.868924 119.67272 1355.854208 115.757021 1035.863494 107.374611 1075.168806 -58.884919 344.347987 -128.610363 1414.144956 -170.15448 2179.75231 -188.616396 2594.84909 -158.387531 2410.228197 -139.184655 2308.134498 544.954218 -285.922454 0.012261 0.005359 0.060985 -0.085356 0.011892 -0.111882 0.011004 -0.054389 0.006256 -0.030099 0.008726 -0.024947 0.010746 0.000415 0.009642 -0.007496 0.000143 -0.006697 -0.016267 -0.004579 -0.013805 -0.00064 -0.006546 -0.000262 0.038647 -0.021964
67.743655 350.633673 159.638143 1533.017091 140.751044 1376.232707 131.441809 1414.215002 121.757902 1098.754218 113.750923 1135.308969 -58.401681 350.469066 -140.903121 1391.544655 -168.634064 2160.0509 -184.783265 2585.223586 -151.357886 2400.033609 -133.374902 2295.869047 544.622831 -250.990388 0.062582 -0.022365 0.432442 -2.484449 0.296653 0.0326 0.275945 0.614851 0.075819 0.926653 0.091952 0.818264 0.000996 0.026963 -0.280488 -0.091026 0.003412 -0.044719 0.019675 -0.008943 0.079779 -0.010803 0.061926 -0.016338 -5e-05 1.137562
70.381306 350.461144 159.450226 1377.76571 146.081507 1414.098671 141.724333 1489.189984 128.154633 1240.371263 119.032292 1241.224109 -56.081085 356.518968 -148.782726 1367.406787 -159.201949 2137.222155 -179.451801 2587.816312 -136.635887 2379.52491 -126.447151 2268.347075 529.445178 -183.91345 0.025187 -2.1e-05 -5.5e-05 -4.143242 0.049535 0.25694 0.193596 0.968205 0.081878 4.290877 0.059919 2.361337 0.023522 0.025886 -0.107184 -0.105592 0.135713 -0.060638 0.039022 0.00065 0.376534 -0.044001 0.092375 -0.082979 -0.107243 5.203905
75.588832 351.879855 165.287481 1302.264282 172.652366 1445.817499 158.080873 1550.434842 154.3541 1279.398169 144.91398 1259.896371 -56.632353 359.245977 -163.992524 1325.177567 -149.202449 2042.026254 -161.152345 2494.260391 -131.183013 2245.434367 -113.160356 2138.093128 570.132516 -134.962557 0.09292 0.001433 0.052467 -1.063719 1.109454 0.175899 0.446516 0.617068 1.217474 0.302248 1.272001 0.0697 -0.001348 0.005195 -0.370034 -0.331172 0.162151 -1.084338 0.491938 -0.861208 0.055517 -1.944239 0.368676 -1.925568 0.753028 3.779644
73.03097 360.408225 184.166543 1308.859779 194.20548 1288.891188 178.927834 1380.726412 165.588315 1151.830197 163.291959 1164.683758 -57.655187 374.094549 -161.754069 1372.772162 -136.358313 1921.347649 -155.728151 2294.965507 -124.256836 1998.239577 -99.654401 1919.176096 576.728263 -115.843226 -0.022013 0.051058 0.510338 0.00833 0.633676 -4.506179 0.645402 -4.917015 0.197296 -3.34909 0.548417 -1.870208 -0.004577 0.150341 0.007691 0.419841 0.289002 -1.837664 0.046428 -4.148443 0.093918 -7.205689 0.429 -5.91033 0.018967 0.729811
76.393051 357.751429 190.749598 1356.200124 255.791272 1132.539052 277.648318 1135.006433 258.923575 914.29967 237.833442 953.680678 -54.530663 380.439682 -147.475707 1407.4738 -132.235628 1807.097302 -129.695048 2111.129857 -104.436647 1813.463222 -92.266205 1751.770795 692.243848 -152.457997 0.037829 -0.004914 0.0578 0.420494 4.234184 -5.053114 10.800369 -12.028901 10.387665 -13.699143 6.986904 -10.534845 0.043519 0.02668 0.32982 0.216573 0.031642 -1.750892 1.189703 -3.836761 0.860498 -4.48125 0.142261 -3.819058 5.268677 -2.510131
78.98018 361.174359 246.578457 1451.392431 291.761627 913.678076 304.425809 786.629688 280.824699 587.73151 259.586068 661.532441 -52.950955 382.730555 -146.202128 1418.882951 -103.124112 1777.611848 -81.62622 2047.243719 -61.844674 1743.359425 -61.026402 1699.657375 606.241087 -306.613455 0.021541 0.008149 3.578166 1.614227 1.182777 -11.738225 0.616256 -31.842739 0.444519 -35.930603 0.475859 -26.640544 0.011609 0.003438 0.002762 0.023028 1.807333 -0.121266 5.53967 -0.490778 5.547374 -0.690928 3.216966 -0.393455 -2.851248 -26.656497
81.587991 355.328856 325.657815 1271.265694 285.399609 609.679065 277.052334 483.57942 238.961364 366.405054 227.20148 440.387167 -48.509598 374.299956 -150.195278 1394.745047 -90.202496 1659.133397 -66.471077 1896.11371 -48.091089 1606.402973 -49.650724 1583.229279 501.453128 -438.410206 0.021178 -0.023845 5.490468 -5.964984 -0.035065 -30.640966 -0.64467 -36.680951 -1.68857 -26.024942 -1.078422 -22.418987 0.097255 -0.046945 -0.0269 -0.103541 0.432313 -2.042822 0.777471 -2.897109 0.863718 -2.800932 0.586163 -2.06522 -4.967613 -11.750266
80.169908 346.657762 370.290027 1018.419618 262.369035 285.988877 245.255104 155.148072 203.139157 116.839471 194.879461 180.914998 -49.066394 372.439112 -161.189726 1387.102293 -74.82841 1485.278974 -46.628966 1635.586125 -33.424967 1386.062685 -37.168114 1398.243635 401.366063 -698.049796 -0.006216 -0.053556 1.432641 -14.003504 -0.484367 -60.535782 -0.96878 -90.908491 -1.453678 -69.430206 -1.239394 -56.775306 -0.001589 -0.002319 -0.194158 -0.010499 0.717676 -4.80988 1.754139 -9.622451 1.330195 -8.123038 0.902046 -5.744256 -5.565007 -30.05654
79.266589 338.908795 398.088337 831.821721 222.612425 109.868915 201.803526 24.082277 172.65965 16.113323 160.573192 50.407898 -52.383476 365.707591 -176.152928 1419.665845 -61.27936 1329.402684 -31.649886 1384.721358 -24.035411 1150.973557 -27.704761 1191.841324 325.535205 -894.719418 -0.002559 -0.043795 0.503007 -9.4333 -1.632281 -41.336776 -2.116635 -56.979479 -1.238074 -46.173254 -1.659396 -40.330281 -0.054243 -0.030695 -0.332018 0.188904 0.676059 -4.319507 1.446529 -10.436363 0.772361 -10.915502 0.693947 -8.237136 -3.966185 -12.188679
68.862553 322.796244 361.693066 637.408007 155.505161 34.982813 126.381475 0.045855 99.002442 -0.006781 108.369752 9.35778 -62.415315 352.45462 -197.171793 1525.258592 -65.344634 1197.596845 -34.353373 1183.444661 -27.3252 952.381499 -30.364363 1008.747936 230.3519 -957.470652 -0.365822 -0.1962 -0.872209 -12.919561 -6.002652 -20.859411 -8.784141 -22.026431 -10.176131 -16.781183 -5.115144 -16.328089 -0.439163 -0.122296 -0.59217 1.893667 -0.065275 -3.439773 -0.055391 -7.89955 -0.105468 -9.396201 -0.060938 -7.630094 -8.209634 -1.063295
63.883202 313.337533 353.881505 464.414947 104.887397 11.833098 60.028115 -4.224525 46.182246 -2.760014 50.559554 2.12178 -72.227977 357.681985 -208.001977 1605.894405 -44.710434 1039.225083 -15.567579 943.262795 -13.661874 748.275176 -17.598565 824.006333 110.081001 -841.925231 -0.093422 -0.070325 -0.042639 -13.665234 -4.967175 -6.12414 -12.209226 -5.150639 -9.949262 -2.493194 -10.887064 -2.567736 -0.358044 0.01924 -0.14477 1.038469 1.951656 -5.613573 3.669515 -13.606116 2.344432 -12.292456 1.730073 -9.334748 -21.952963 3.713617
63.302649 279.689265 345.216681 382.816208 74.335126 8.930915 37.02798 -4.107396 28.067863 -1.85675 32.39363 2.594045 -69.784673 361.310246 -196.933165 1599.586657 -37.055985 957.076279 -11.861472 868.372329 -10.183414 676.501378 -13.426111 743.662554 72.064096 -749.240965 -0.001325 -0.955369 -0.053699 -3.938634 -2.62334 -0.203819 -2.764635 0.000823 -2.243527 0.089223 -2.013515 0.023707 0.02102 0.009155 0.15131 -0.006206 0.359069 -1.690948 0.251531 -1.548596 0.255077 -1.808968 0.281853 -2.060182 -4.011576 2.701689
58.92998 273.112032 345.963176 346.744162 64.342466 12.810721 27.703224 -0.507723 20.789167 -0.043976 25.400868 6.514566 -71.041054 363.872975 -188.558035 1638.129403 -31.430195 915.758574 -8.110455 801.927597 -7.545972 616.279405 -10.485754 691.272906 53.385048 -626.735251 -0.078238 -0.039129 0.000403 -0.89231 -0.360488 0.348977 -0.675153 1.726923 -0.54523 1.329226 -0.424599 0.886913 -0.005605 0.004528 0.090989 0.22942 0.231456 -0.455823 0.35541 -1.322113 0.197272 -1.40343 0.181471 -0.956695 -1.398425 5.464305
57.120933 276.553674 330.92086 297.522606 47.312384 10.206757 15.019916 -0.768011 11.256881 0.056105 15.863363 8.290853 -68.61349 363.501389 -173.941778 1624.541237 -29.361857 813.311609 -8.134815 660.681414 -6.722097 504.420954 -9.177355 581.292811 35.376661 -493.837367 -0.014101 0.010775 -0.167162 -1.882999 -1.306393 -0.147767 -1.926076 -0.026836 -1.450546 0.199426 -1.117341 0.106942 0.0211 -9.5e-05 0.294789 -0.028296 0.035196 -3.037646 -1.8e-05 -6.836146 0.023806 -5.596336 0.043579 -4.761362 -1.846008 7.908632
55.070073 262.858078 312.784387 320.085383 40.201836 13.775127 11.657465 -0.199787 8.73295 0.022969 12.548974 8.300141 -69.418933 352.628367 -175.413643 1623.696302 -31.634899 709.650748 -10.473462 523.435345 -9.332007 392.189597 -11.197086 471.936992 36.11998 -386.209775 -0.018746 -0.173893 -0.255549 0.412275 -0.289345 0.266963 -0.212752 0.184374 -0.159977 -0.007278 -0.193979 3e-06 -0.00235 -0.082547 -0.003101 -0.00011 -0.042367 -3.531948 -0.147543 -7.980706 -0.213567 -7.051895 -0.100356 -5.692537 0.003864 6.606089
53.277664 265.500589 327.741396 343.427531 30.304451 21.328011 5.270306 0.744655 3.805669 5.253017 7.52529 25.326467 -72.301346 358.669085 -187.016256 1606.522303 -29.332635 618.287638 -9.924967 415.771645 -8.344435 337.378873 -9.945163 430.667988 23.420624 -258.435525 -0.014827 0.006608 0.174655 0.410711 -0.698134 0.822178 -1.25124 1.715861 -1.008707 4.581267 -0.638763 4.629143 -0.029315 0.025651 -0.185767 -0.045655 0.043485 -3.146652 0.007376 -6.191289 0.027609 -2.061812 0.037098 -0.943947 -1.37008 12.789855
59.579252 262.121066 330.720515 348.459579 27.090592 59.37047 4.233203 17.851538 2.692272 28.669743 6.026977 64.091129 -64.992994 356.605801 -186.826871 1588.16807 -32.334968 594.136441 -11.963654 396.350616 -10.100842 326.186914 -11.719741 419.019408 23.22273 -161.448333 0.176068 -0.010823 0.006739 0.018299 -0.090051 9.529554 -0.056758 11.304216 -0.096099 9.378706 -0.08308 8.839637 0.194654 -0.002976 4.8e-05 -0.052725 -0.073129 -0.240567 -0.095148 -0.23225 -0.083815 -0.094391 -0.0728 -0.07985 -0.00042 11.354864
62.973771 250.414886 338.308514 351.992791 30.441235 88.824209 6.207919 39.175495 3.617227 51.135078 7.479415 94.335539 -60.859496 346.771744 -180.725523 1493.658948 -29.453687 530.321369 -11.346832 330.953281 -9.01313 280.805022 -10.041259 373.535685 24.050083 -92.282122 0.04702 -0.1337 0.043032 0.008911 0.097653 2.95646 0.188438 4.136851 0.068166 3.22729 0.078323 2.913695 0.067899 -0.068749 0.050644 -1.449477 0.067215 -1.812272 0.008162 -2.946149 0.030974 -1.698871 0.064829 -1.306203 0.007241 9.609217
67.466171 237.612468 347.085153 375.264331 37.860905 99.488015 9.826647 42.509099 6.277839 48.614166 10.900088 92.871992 -55.799739 325.215507 -175.96217 1450.664061 -36.802147 580.89007 -17.627031 412.58561 -13.874013 328.28455 -14.161778 416.841977 38.817203 -124.238632 0.077383 -0.167952 0.056196 0.372429 0.404196 0.302179 0.413679 0.068052 0.364407 -0.03186 0.321122 -0.005721 0.109778 -0.345833 0.031807 -0.313936 -0.408771 1.15123 -0.688817 4.494748 -0.522145 1.853373 -0.353334 1.187309 1.758958 -2.371231
66.715493 242.155743 352.197017 508.437124 40.513506 144.749643 11.228042 74.585245 7.249266 74.623136 11.985084 127.067688 -58.525781 331.72708 -186.37832 1477.118889 -39.696038 609.308979 -18.671324 431.509337 -15.680384 339.248821 -16.264218 430.347122 44.252997 -95.653096 -0.0021 0.021512 0.018685 10.092121 0.044902 4.230536 0.04669 4.479042 0.034926 2.775831 0.025735 2.674595 -0.032505 0.032272 -0.149747 0.119523 -0.054757 0.339334 -0.015025 0.212152 -0.055255 0.09005 -0.072726 0.10765 0.178039 1.865952
64.538688 256.606169 343.397984 612.685182 40.072313 221.586497 10.928306 142.505413 6.607613 129.281954 11.168862 190.835757 -61.785814 331.411299 -196.35577 1432.497741 -44.767206 657.312885 -21.189598 490.786991 -18.026031 382.574433 -19.308945 473.003974 46.461062 -67.064434 -0.018052 0.209377 -0.055655 4.857298 -0.001208 8.148668 -0.002028 10.898504 -0.014864 7.462479 -0.014391 6.461262 -0.044176 -7.5e-05 -0.130073 -0.342169 -0.152374 0.909981 -0.079627 1.906912 -0.081716 1.301428 -0.130539 1.007705 0.026877 2.531129
67.910262 285.623447 333.565808 755.296279 54.064225 287.408821 20.690144 201.035048 14.227935 170.75567 19.699106 237.217462 -59.352376 362.501246 -192.211781 1467.316251 -39.802687 678.585415 -15.13056 516.901688 -13.530578 400.066772 -15.674791 488.763621 55.508265 -48.084765 0.04292 0.776983 -0.071405 7.45386 1.045646 4.273954 1.544659 5.022618 1.44352 2.880247 1.202055 2.520264 0.024444 0.696824 0.022098 0.209043 0.145842 0.16938 0.508959 0.338444 0.321845 0.195505 0.189272 0.129128 0.402148 1.574949
71.473055 287.629857 316.294593 862.484835 56.090682 310.442197 23.686639 211.746094 16.712787 173.59783 21.335458 240.049427 -56.756041 352.42217 -190.43485 1455.526805 -42.165695 692.060613 -17.035981 525.389884 -14.945349 405.763052 -16.930187 495.640679 63.266897 -48.551744 0.045542 0.003511 -0.229547 3.554876 0.018641 0.443868 0.101283 0.138991 0.099941 0.011729 0.03264 0.008402 0.029032 -0.071052 0.004126 -0.023777 -0.034068 0.066241 -0.056484 0.034564 -0.035167 0.020133 -0.024177 0.024022 0.253676 -0.001128
69.438848 304.51645 303.726624 976.449534 56.274572 321.002434 25.285674 201.753784 18.369465 163.875036 21.968186 233.816805 -58.244001 360.673285 -200.002674 1474.245902 -49.420709 782.345219 -21.753127 662.465476 -18.418982 498.984577 -20.909462 580.215509 73.57686 -90.946628 -0.014684 0.240832 -0.127391 3.534777 0.00015 0.088311 0.026113 -0.120751 0.039138 -0.140089 0.004623 -0.04099 -0.009627 0.047738 -0.117249 0.059801 -0.287805 2.766866 -0.287895 7.935601 -0.181316 4.815398 -0.209815 3.329435 0.388935 -6.598148
69.34456 311.989378 297.998966 1014.635875 56.636031 303.369546 27.4073 173.524959 19.717258 142.235656 22.254488 213.484407 -58.366704 359.532704 -202.741689 1472.956572 -52.980105 803.710845 -24.685816 675.145627 -21.456548 515.034369 -23.895789 600.178543 82.31086 -115.952183 -3.2e-05 0.045293 -0.027261 0.366215 0.000579 -0.249035 0.04273 -1.063206 0.023855 -0.765817 0.000927 -0.462351 -6.5e-05 -0.000903 -0.009314 -0.000282 -0.06188 0.143914 -0.092694 0.060103 -0.115863 0.127025 -0.099632 0.168821 0.244864 -1.51663
67.406651 334.617794 292.619708 1104.524522 69.8679 317.236829 37.238753 178.591614 29.650822 139.055648 31.958396 208.557585 -61.797809 367.387601 -214.561093 1513.557802 -62.338629 844.164932 -30.522089 732.926129 -26.363632 549.089001 -29.384567 628.270602 111.93237 -135.500362 -0.013732 0.396069 -0.024497 1.907266 0.693907 0.15495 0.751963 0.036454 1.009713 -0.017976 0.875552 -0.028758 -0.048995 0.04244 -0.167416 0.275997 -0.380366 0.496633 -0.309356 1.186017 -0.252437 0.545057 -0.283473 0.321245 2.271882 -0.760999
64.849829 335.029572 288.719852 1105.992576 70.210645 329.640101 40.866759 181.589102 32.143415 144.171617 33.263992 214.162148 -62.91726 368.503319 -221.493389 1518.739957 -71.020156 847.761601 -38.242296 730.768732 -33.562397 548.969939 -36.066409 629.047802 131.396301 -130.483992 -0.024717 0.000127 -0.013081 0.000487 0.000419 0.118922 0.084306 0.012473 0.050292 0.046209 0.013069 0.037155 -0.005024 0.000846 -0.055108 0.004428 -0.282879 0.003823 -0.43475 -0.00159 -0.433956 -6e-06 -0.341966 0.00024 0.779712 0.047308
72.575491 324.701803 306.06753 1053.942391 87.921138 328.525316 54.438842 188.942379 41.724119 142.478234 43.86168 212.663079 -55.974098 359.067106 -208.975273 1501.398771 -68.715136 809.992661 -37.41898 703.104311 -31.88966 524.111607 -33.470263 602.306077 146.567681 -120.057148 0.217329 -0.080843 0.253037 -0.627245 0.994902 -0.000944 0.971322 0.072971 0.623949 -0.005002 0.731573 -0.002632 0.202911 -0.061194 0.182053 -0.049786 0.019013 -0.430304 0.00448 -0.266897 0.021378 -0.287965 0.04848 -0.290414 0.414339 0.217063
71.867098 327.124086 314.596876 1093.436831 104.756011 391.094069 70.407811 246.554544 56.21704 187.234241 58.532667 262.762175 -55.500138 354.247076 -212.040614 1485.794838 -84.438173 770.131908 -53.291413 656.556821 -46.776666 494.81604 -46.344655 569.925956 205.553849 -73.292511 -0.001737 0.004501 0.058609 0.36322 0.73687 2.725243 1.025497 3.827595 1.078236 3.05177 1.056474 2.647026 0.001008 -0.016285 -0.011159 -0.040755 -0.809218 -0.50285 -1.399468 -0.797002 -1.421469 -0.421231 -1.045183 -0.447297 4.975734 5.740599
67.993053 351.745585 300.665212 1201.273842 85.517463 510.338101 50.471777 379.448995 40.067106 281.963935 44.130521 357.524748 -61.052713 353.217466 -215.105281 1501.322211 -99.416656 767.878107 -73.873234 604.974344 -66.593496 426.559354 -61.814913 516.077888 209.970015 -14.911426 -0.053665 0.446638 -0.157751 2.535232 -0.975103 7.92178 -1.655306 14.268714 -1.364093 9.662309 -1.015225 7.281277 -0.132337 -0.000749 -0.010994 0.040357 -0.611157 -0.001651 -1.676655 -1.055014 -1.745403 -2.53175 -1.112087 -1.335814 0.023468 22.085986
65.180292 344.761943 281.683062 1266.716016 67.617977 597.856987 35.054009 476.01765 27.368651 355.804448 31.377754 429.499618 -65.873147 347.968909 -216.117294 1490.929171 -144.899128 686.771938 -126.641731 504.019028 -118.529299 352.626968 -107.009592 438.425869 259.80997 0.007126 -0.029708 -0.035012 -0.309452 0.867798 -1.049703 3.461275 -1.401161 5.468012 -1.206379 4.289031 -1.084714 3.298029 -0.091569 -0.019644 -0.001188 -0.018049 -4.270898 -2.262857 -7.067978 -4.604707 -7.434524 -3.515434 -6.161803 -3.163867 2.651295 15.570495
70.258899 348.150778 292.297704 1297.866949 54.651992 648.672346 21.000075 540.842131 15.912685 404.746799 21.314099 475.849842 -64.87652 356.70362 -212.883612 1503.347165 -201.138545 632.203144 -198.543346 454.121122 -188.134878 318.965383 -166.608456 401.280688 313.477559 5.101807 0.095251 0.008287 0.098157 0.189196 -0.689426 1.036187 -1.790401 2.068373 -1.543645 1.576382 -0.96996 1.18725 0.003798 0.054137 0.012187 0.02575 -4.600711 -1.129297 -8.048683 -1.300171 -8.003867 -0.844124 -6.569716 -0.821978 2.51754 4.727593
73.998545 357.221305 286.227214 1440.339367 51.664106 716.392709 18.15629 599.137634 14.814822 437.518827 19.948725 509.447505 -66.008768 371.776494 -211.916603 1588.732029 -239.815519 652.294503 -249.3564 467.619497 -242.566442 325.209111 -213.799568 409.81408 377.274193 8.31397 0.04848 0.058322 -0.03185 3.709024 -0.041994 1.680826 -0.103403 1.491513 -0.019619 0.637811 -0.022596 0.57299 -0.004897 0.155952 0.001101 1.179136 -1.699493 0.157138 -2.891638 0.098843 -3.453345 0.03026 -2.938471 0.04489 2.952383 0.390222
74.117906 356.795147 281.425625 1440.133975 49.922706 733.924837 17.518691 619.440724 14.212988 458.290367 19.039465 530.877975 -65.930244 373.559762 -204.39772 1578.679444 -248.432323 609.418889 -266.386924 412.271553 -258.948513 289.709584 -226.99381 374.12412 394.49463 19.244542 4.8e-05 -0.000127 -0.020308 -7e-06 -0.014927 0.105972 -0.005698 0.16915 -0.00624 0.240852 -0.010604 0.220755 2.3e-05 0.002133 0.067903 -0.015952 -0.076042 -0.728711 -0.281262 -1.742506 -0.267633 -1.025557 -0.197515 -0.812841 0.192143 2.260406
74.062907 358.225706 281.554629 1402.38324 40.468106 698.168619 10.9939 585.509893 8.555919 432.707774 12.953831 506.996774 -68.916378 377.203633 -214.606233 1583.654901 -249.358565 649.229523 -253.738028 467.939139 -243.031193 331.724203 -216.179249 415.945217 342.787007 6.699461 -1e-05 0.001431 1.5e-05 -0.25069 -0.495821 -0.446447 -0.756602 -0.477833 -0.71396 -0.367343 -0.584125 -0.274786 -0.033068 0.008843 -0.124377 0.003914 -0.000862 0.629756 0.153827 1.76207 0.252425 1.421913 0.131971 1.107644 -1.815435 -3.234705
72.246924 357.619706 279.99278 1410.387776 34.470926 696.792654 7.424094 568.441791 5.06893 426.373427 8.62608 505.81709 -75.911401 378.352175 -240.600001 1568.688154 -223.432325 669.210787 -209.606127 480.354581 -197.580858 335.798398 -180.223304 423.117646 265.943499 5.401018 -0.01127 -0.000257 -0.002172 0.01139 -0.240355 -0.000679 -0.349264 -0.126234 -0.453766 -0.023353 -0.438408 -0.000687 -0.169025 0.000873 -0.742771 -0.03553 0.711389 0.151419 2.106493 0.081277 2.350432 0.012433 1.634071 0.030656 -4.869674 -0.069867
72.224482 366.491257 279.999662 1414.373256 38.160548 673.514705 10.429451 551.076127 6.855734 415.431533 10.534081 496.139349 -75.697852 382.089133 -246.992231 1513.703548 -205.542056 691.562228 -187.556824 549.455485 -178.280857 384.639112 -162.241873 465.125996 255.057864 0.592776 -2e-06 0.054348 0.0 0.002812 0.093775 -0.19773 0.25477 -0.134694 0.134628 -0.071115 0.095238 -0.046739 0.00015 0.009182 -0.041902 -0.490455 0.373217 0.18358 0.612528 2.320973 0.495842 1.657439 0.472391 0.993922 -0.113733 -2.415195
68.132313 366.523778 265.024861 1307.525963 41.207349 518.682654 13.138936 383.656045 9.054209 295.033124 12.483772 377.748608 -73.898493 378.433916 -254.509854 1435.352472 -151.98448 709.478082 -113.029778 613.289935 -99.180145 444.777766 -98.951741 516.712799 168.167575 -15.313343 -0.059667 1e-06 -0.205759 -2.097937 0.058502 -10.096865 0.156263 -15.11554 0.152627 -10.275931 0.082721 -8.056684 0.010822 -0.008784 -0.056349 -1.041007 4.034231 0.114555 9.385598 1.75357 11.514231 2.183114 7.783939 1.356148 -9.015528 -21.931855
65.493698 357.395152 265.304101 1250.115864 52.332368 387.050568 23.069314 237.033113 16.922242 182.442983 19.221826 258.193349 -72.292173 364.579556 -256.990191 1450.307775 -133.273251 846.351685 -96.028882 776.634708 -84.078165 576.23496 -83.961738 641.10524 176.440211 -110.202731 -0.026054 -0.057558 7.4e-05 -0.644409 0.663926 -9.61623 1.388357 -17.566661 1.220238 -13.464369 0.724256 -11.339113 0.008825 -0.129177 -0.006014 0.038754 0.614335 6.032399 0.692413 9.631559 0.623323 8.498038 0.61526 6.701567 0.099311 -43.355932
63.609374 335.602642 272.011532 1174.28321 67.207285 315.00202 40.667264 171.38835 30.396986 128.386517 29.629632 195.249328 -72.520052 341.145239 -252.952491 1449.126751 -119.001535 900.464511 -80.837117 839.022634 -70.009116 630.811638 -71.015736 692.859986 192.668038 -190.031364 -0.013752 -0.342736 0.041867 -1.186273 0.929091 -3.706798 2.477591 -5.309994 1.959107 -4.736579 1.121567 -4.389995 -0.000179 -0.389188 0.015985 -0.000241 0.404014 0.838354 0.65365 1.204991 0.643636 1.234475 0.541667 1.00436 0.3569 -10.807246
47.818504 347.980862 237.617659 1201.431266 74.026491 316.051888 48.266673 160.411373 41.147529 116.77853 39.786143 182.276368 -85.485221 340.515702 -274.957988 1490.13837 -123.985039 923.195675 -79.70787 838.901956 -72.215769 631.946297 -75.163306 700.270914 222.386241 -205.409966 -1.124567 0.112081 -1.161912 0.15512 0.164722 0.000873 0.32528 -0.181626 0.81232 -0.27496 0.74704 -0.222962 -0.532829 -0.000291 -0.45884 0.286132 -0.05111 0.141673 0.003972 -4e-06 -0.017119 0.00051 -0.058852 0.019712 1.06529 -0.299148
50.229346 341.501034 238.034056 1240.879009 85.904732 339.398363 62.497231 174.115473 52.405307 126.284602 49.096335 194.842103 -84.161587 332.980503 -273.809633 1465.512971 -119.576888 890.863455 -77.421642 767.786771 -69.583161 571.552763 -72.270383 651.179738 242.761427 -160.516928 0.029644 -0.03045 0.000182 0.318597 0.441714 0.415921 0.91795 0.280816 0.679828 0.18596 0.488953 0.209406 0.005164 -0.042154 0.001202 -0.102587 0.039894 -0.288154 0.016633 -1.57462 0.02444 -1.516278 0.028385 -0.891908 0.446468 2.764249
57.951375 354.706116 262.419531 1286.7181 95.601453 378.499142 67.084205 212.664079 56.475155 157.300504 55.273552 231.377091 -74.359384 340.569158 -264.661399 1452.78395 -123.671644 838.123713 -84.388393 720.904577 -74.393619 519.059488 -75.860205 597.413219 260.505052 -104.876593 0.275954 0.125243 0.594465 0.41569 0.259202 1.065616 0.081211 1.925779 0.07609 1.701218 0.182962 1.568754 0.303352 0.042751 0.077717 -0.027761 -0.034467 -0.804554 -0.150047 -0.738395 -0.080384 -1.264034 -0.043505 -1.158176 0.31289 5.898099
63.299851 363.819879 285.925377 1342.407402 93.54622 418.843426 61.638039 236.769037 48.807293 175.193659 49.77941 258.40472 -70.208397 351.167376 -244.70095 1458.389128 -128.054451 760.144109 -89.814799 542.279777 -77.426257 400.50538 -80.319463 502.828782 249.180141 -45.921716 0.11802 0.057802 0.504043 0.589863 -0.011166 1.021333 -0.115264 0.64689 -0.279602 0.481809 -0.143767 0.746301 0.059606 0.081193 0.391247 0.005396 -0.038157 -1.903449 -0.084536 -12.693293 -0.030292 -7.674266 -0.063674 -4.073107 -0.125832 12.001866
72.745747 364.911897 300.005874 1352.243714 77.919574 519.817306 44.14751 374.036678 33.662058 274.453022 37.458842 355.883379 -68.099452 352.54202 -231.515285 1460.999997 -161.768094 624.046913 -141.853222 438.633942 -130.457303 312.621489 -120.459985 401.54347 296.655564 -1.242069 0.328319 0.000818 0.169208 0.017953 -0.713557 5.446799 -1.455957 15.624049 -1.402615 11.092561 -0.874393 7.78354 0.01608 0.001343 0.18258 0.001167 -1.96755 -6.706961 -5.920209 -5.491111 -6.877882 -5.436009 -4.053432 -5.68963 2.068566 32.05909
73.15949 365.707762 301.614324 1360.631898 73.667843 620.258611 34.735294 488.538313 25.917427 363.526731 31.992134 442.531249 -69.269483 353.121526 -234.919232 1450.187132 -207.1404 583.162789 -202.326126 419.725719 -185.976394 298.969165 -167.849657 382.074686 350.746688 3.152941 0.000587 0.000433 0.00215 0.012968 -0.059638 4.433086 -0.563541 7.633478 -0.5055 6.248766 -0.215485 4.715652 -0.004983 0.000238 -0.012421 -0.020081 -2.800818 -0.692502 -5.354244 -0.208283 -4.908553 -0.152397 -3.921406 -0.241886 2.263642 8.352874
75.733483 372.510204 306.188712 1392.904075 64.136421 688.505232 25.567534 576.152548 19.651067 424.425203 26.012309 498.5797 -69.369876 361.686038 -231.290514 1486.573455 -254.406787 612.48123 -263.170886 444.379811 -249.422384 308.312441 -221.115744 390.394854 409.093678 9.258355 0.022251 0.031342 0.017214 0.189126 -0.330022 1.780601 -0.700955 3.611045 -0.432916 2.356856 -0.309061 1.670483 -3.6e-05 0.05131 0.014122 0.225421 -2.426621 0.359513 -3.993617 0.351779 -4.647455 0.071879 -3.66447 0.044809 2.243501 1.605548
72.412585 363.896738 296.372082 1419.250737 60.223987 734.498428 25.149843 630.444097 19.602533 460.457592 24.50538 533.394364 -71.813294 359.746115 -235.084068 1474.678245 -282.640227 609.048956 -299.548182 441.042656 -283.721086 306.721226 -251.520607 388.605109 452.476585 15.561583 -0.037226 -0.050376 -0.079969 0.123422 -0.061559 0.743472 -0.00172 1.222059 -3e-05 0.733923 -0.022481 0.587421 -0.021145 -0.002608 -0.015429 -0.023891 -0.742653 -0.004822 -1.177047 -0.006289 -1.104413 -0.002058 -0.978992 -0.002056 1.09293 0.813717
75.52293 364.508315 313.334896 1438.209705 64.718666 743.943455 29.361534 634.509762 23.330482 470.5379 28.323783 545.926841 -69.133971 359.992554 -235.498972 1462.770635 -288.810199 584.53626 -308.502844 405.107942 -292.179914 283.328364 -258.486696 366.896391 480.636991 23.614983 0.032701 0.000257 0.236009 0.062896 0.080872 0.03017 0.162947 0.006534 0.162158 0.054574 0.138175 0.072763 0.025468 4.2e-05 -0.000183 -0.024135 -0.03331 -0.251736 -0.06594 -0.76339 -0.062125 -0.463894 -0.047576 -0.311956 0.425023 0.83669
71.240137 367.11072 299.70026 1471.787054 62.707754 737.915131 27.756865 612.788683 21.855689 454.679285 27.083829 532.442671 -70.699093 360.009744 -235.838445 1488.140268 -291.518044 596.588921 -311.358906 410.38912 -301.228748 286.610436 -266.758675 371.722711 485.36274 19.304048 -0.062503 0.004628 -0.151644 0.193725 -0.015868 -0.012262 -0.022545 -0.189145 -0.024074 -0.135922 -0.013876 -0.084308 -0.008759 0.0 -0.000122 0.109056 -0.006318 0.061497 -0.00658 0.017101 -0.068996 0.00945 -0.065141 0.015768 0.011559 -0.217051
70.103606 369.016899 295.534743 1476.241069 72.523909 759.552457 35.758795 633.478487 29.70872 473.202981 34.772189 550.224192 -67.543841 362.135466 -224.268906 1511.82296 -285.840722 638.503094 -303.279388 450.382258 -294.717826 316.715519 -261.206843 402.327134 511.570226 15.655682 -0.004569 0.002468 -0.014576 0.003365 0.356737 0.15633 0.506072 0.171752 0.601499 0.184917 0.47967 0.14603 0.036012 0.003129 0.145483 0.093481 0.027914 0.711406 0.053106 0.929582 0.035568 0.751568 0.029191 0.605256 0.344532 -0.190891
67.25083 367.703274 289.337273 1489.601048 78.238321 758.206366 42.103172 628.509143 35.681955 468.565334 39.871043 546.60312 -68.062223 361.140377 -218.585846 1525.174558 -279.33142 656.51864 -289.399528 469.637736 -279.842397 332.844724 -249.652878 418.379646 515.377536 11.5759 -0.029628 -0.001171 -0.032836 0.030091 0.108337 -0.000597 0.258908 -0.009784 0.27339 -0.011419 0.174354 -0.005977 -0.000991 -0.000685 0.036466 0.029349 0.037486 0.125317 0.162547 0.201525 0.192596 0.200283 0.130673 0.157004 0.007058 -0.307347
58.056828 367.198319 260.386448 1506.019929 74.730066 759.738669 38.857097 631.058373 32.775344 468.744499 36.760467 546.110688 -74.131402 359.818302 -225.158922 1554.051511 -277.599158 717.563056 -287.314096 556.341525 -278.109742 397.631086 -248.392867 477.413202 501.831597 2.92348 -0.337744 -0.000173 -0.762867 0.044996 -0.040235 0.000773 -0.065101 0.00258 -0.061733 1.7e-05 -0.063157 -0.000111 -0.129583 -0.001212 -0.048685 0.135407 0.002694 1.356637 0.003771 3.670161 0.00269 2.878644 0.001594 1.947299 -0.090198 -2.864619
56.244663 366.577184 246.349013 1505.912487 69.229257 770.286078 34.866413 640.542812 29.706088 473.89795 33.288439 554.019528 -75.903612 361.563114 -233.270592 1531.991815 -272.199227 854.823642 -266.591647 758.766627 -255.23657 555.602063 -234.776555 622.800367 459.092939 -3.247259 -0.014366 -0.000263 -0.194468 -2e-06 -0.105134 0.036355 -0.108088 0.035371 -0.075431 0.014087 -0.0861 0.028429 -0.010467 0.00211 -0.071771 -0.078845 0.026519 6.002499 0.387765 15.672301 0.490697 13.1807 0.1919 9.648362 -0.950906 -12.332979
49.489703 371.634114 217.081622 1521.442288 54.4158 788.793804 24.998581 656.76447 22.208763 487.351564 24.911815 571.454159 -79.836595 366.278535 -236.842644 1551.701288 -226.196529 981.937834 -200.639855 905.555606 -192.146256 682.319535 -183.413921 743.194667 345.004636 -16.363694 -0.215995 0.017321 -0.925096 0.039833 -0.89058 0.109856 -0.818881 0.101423 -0.544219 0.094153 -0.605968 0.135047 -0.049669 0.015275 -0.013571 0.062987 2.127601 4.403787 4.678113 6.485845 4.470865 6.502675 3.166195 5.315922 -8.134781 -5.031906
46.935705 374.436906 210.191179 1517.795864 46.342545 798.498412 17.825231 699.481937 15.957797 503.45382 18.372071 577.352744 -85.410069 368.241002 -241.481714 1555.465061 -227.652537 1357.95178 -208.03516 1453.613409 -192.024242 1155.736283 -183.024075 1166.285799 318.693989 -133.595338 -0.03383 0.005265 -0.055563 -0.002187 -0.323955 0.029667 -0.605073 0.672899 -0.515375 0.130853 -0.496896 0.015143 -0.094018 0.002622 -0.022497 0.00228 -0.002336 30.40982 -0.066917 64.542447 1.9e-05 62.013653 0.000207 47.462866 -0.521714 -56.447252
47.114405 379.348453 216.690649 1526.706033 35.669886 759.05521 9.424185 643.258853 7.816951 465.820221 9.887372 549.326045 -92.092866 372.086631 -237.058166 1573.484474 -156.667362 2366.805923 -134.043312 2798.58704 -105.631065 2538.027036 -106.377359 2439.638833 170.918454 -829.207687 0.00017 0.016002 0.049482 0.013038 -0.697407 -0.499506 -1.327358 -1.1776 -1.437218 -0.730868 -1.303813 -0.348643 -0.125845 0.009988 0.020446 0.051887 6.612486 139.226603 8.098102 218.312177 12.81342 268.393305 10.33429 232.311657 -22.833335 -297.135597
42.339618 386.59859 205.830563 1505.08107 29.783814 677.74614 6.39223 556.378852 5.136304 399.503064 7.083341 483.759204 -97.694925 366.761169 -248.333406 1475.918867 -212.26408 2014.291019 -204.74478 2409.755194 -172.850413 2161.61053 -163.785889 2096.522979 237.579071 -702.54422 -0.127523 0.034314 -0.139592 -0.077124 -0.265196 -2.302499 -0.293328 -3.150142 -0.280412 -2.544969 -0.233255 -2.082765 -0.082697 -0.019193 -0.130975 -1.561205 -4.213176 -14.20518 -7.459443 -14.534515 -8.234382 -15.098756 -6.169988 -12.995278 5.475702 5.246004
45.846336 380.479792 208.668555 1452.634239 35.515911 500.312579 11.005801 345.562071 8.581323 240.583545 10.46785 326.504666 -82.227441 359.550957 -234.959248 1401.652434 -234.183658 2072.749992 -236.566526 2522.15923 -205.035629 2331.110988 -188.697692 2253.484972 297.509189 -1073.926934 0.06975 -0.024404 0.009716 -0.465036 0.252072 -13.438748 0.622857 -24.983847 0.439633 -20.04189 0.32942 -15.406304 0.666084 -0.035789 0.185087 -0.95852 -0.538426 0.418105 -1.148785 1.281075 -1.37313 3.198578 -0.881424 2.832764 3.366691 -39.253654
39.96877 382.25308 176.959653 1431.459972 45.241437 358.263725 28.936754 182.239232 26.078258 126.785819 18.739122 200.019575 -82.887728 354.802608 -238.231536 1371.346342 -254.451092 2195.725999 -272.844218 2677.72566 -222.201218 2506.121713 -204.593848 2410.456009 400.524287 -1505.537685 -0.201517 0.002061 -1.305869 -0.077729 0.587757 -11.832309 4.250979 -25.905033 4.740627 -18.069597 1.195666 -15.418285 -0.00132 -0.015781 -0.011315 -0.165613 -0.420504 1.771855 -1.2934 2.327583 -0.34498 3.166974 -0.321379 2.642281 7.64328 -36.366139
36.827752 390.301351 121.912708 1468.085901 76.898803 314.893385 85.115122 127.509637 85.830941 80.317968 68.197075 141.939843 -83.6813 348.70151 -240.58373 1364.625652 -266.659386 2251.267484 -287.395736 2726.625435 -237.580817 2573.156048 -218.457029 2470.026101 609.011373 -1744.253109 -0.064262 0.041924 -5.113068 0.231331 4.173934 -1.398591 14.795534 -4.87343 17.287396 -5.280306 15.439251 -4.968338 -0.00189 -0.026456 -0.005778 -0.008254 -0.143024 0.346861 -0.18901 0.221233 -0.257294 0.442366 -0.227206 0.363563 21.762718 -8.779355
35.939732 386.84556 135.889808 1490.906847 121.068098 292.210837 137.313316 107.188321 134.334271 60.499453 113.022364 118.790992 -86.585416 339.742864 -241.853649 1382.479093 -280.614182 2220.468855 -304.411562 2678.964786 -256.857295 2518.741763 -234.734089 2424.982985 762.700584 -1798.517197 -0.005419 -0.007684 0.379172 0.088003 4.990303 -0.423879 6.211513 -0.881415 5.409193 -1.401595 5.631346 -1.029663 -0.024768 -0.058291 -0.001671 0.058015 -0.177944 -0.106062 -0.244673 -0.210114 -0.375905 -0.290756 -0.292402 -0.207244 8.637007 -0.415602
35.856309 387.980559 132.185186 1490.134458 167.459219 260.125766 193.258715 80.57094 189.011822 39.931284 161.508018 88.729466 -83.937107 334.194665 -226.990936 1378.299287 -280.033573 2178.05596 -302.172428 2624.016871 -258.402852 2469.863769 -237.320154 2378.984575 889.41555 -1881.703238 -4.8e-05 0.000831 -0.025599 -0.0001 3.75394 -0.932694 4.76844 -1.89626 4.656493 -2.128736 4.315519 -2.188909 0.020566 -0.022838 0.235639 -0.003164 0.000301 -0.204489 0.004133 -0.284685 -0.002318 -0.239457 -0.007084 -0.220224 4.866597 -0.94027
34.051082 390.087066 128.046627 1500.524386 185.843598 245.880164 219.232356 66.179484 215.501821 30.044157 183.052461 75.453846 -84.868232 328.780598 -227.265363 1397.621868 -291.64079 2164.866121 -311.443367 2600.14122 -268.476948 2450.353608 -247.468046 2357.846922 965.049538 -1937.742042 -0.023312 0.002852 -0.032911 0.018048 0.478647 -0.200568 0.818563 -0.707372 0.868295 -0.702019 0.674218 -0.537604 -0.002568 -0.022107 -8.3e-05 0.067251 -0.117848 -0.020029 -0.07004 -0.054559 -0.096319 -0.038682 -0.106223 -0.047163 1.543 -0.411122
34.715273 400.026715 132.15065 1552.048214 174.04847 261.991626 196.326706 76.59185 195.137573 35.428706 166.338828 81.119597 -84.454933 338.931454 -210.806642 1467.205746 -288.034298 2196.456706 -309.21767 2624.030763 -263.192352 2458.836965 -242.305934 2368.628625 911.579159 -1903.966045 0.003208 0.062523 0.032368 0.434862 -0.193339 0.25562 -0.631761 0.380195 -0.505258 0.221791 -0.399989 0.102544 0.000504 0.077163 0.309293 0.845187 0.011219 0.114412 0.003991 0.054622 0.026264 0.00733 0.027205 0.012297 -0.761915 0.148481
37.077759 396.274615 136.230902 1552.383553 162.327599 289.208779 176.401893 101.234821 170.55295 56.926962 146.773843 112.750019 -81.821278 336.466309 -206.356208 1435.855414 -279.071078 2218.498441 -303.225517 2659.206681 -258.821057 2501.085667 -236.701585 2408.534351 849.577266 -1803.349236 0.038882 -0.00884 0.031018 1.8e-05 -0.204266 0.672374 -0.532938 1.715772 -0.827323 2.536993 -0.611861 2.597704 0.020859 -0.004499 0.02374 -0.169282 0.070837 0.055022 0.029314 0.117102 0.018303 0.179941 0.032786 0.166678 -1.091733 1.365625
38.96481 393.066413 139.426237 1553.755463 150.486296 293.603943 160.591396 105.008726 157.919791 59.650677 136.086236 116.184321 -78.485518 337.019597 -196.601486 1438.129009 -271.853579 2233.704911 -296.098068 2685.303238 -250.938549 2527.956304 -229.534741 2431.67437 806.994815 -1810.962131 0.023418 -0.00652 0.01852 0.000303 -0.224202 0.016573 -0.37109 0.034531 -0.243027 0.031823 -0.201983 0.025761 0.03471 0.000227 0.118088 0.000899 0.047279 0.025969 0.042383 0.063713 0.060948 0.071787 0.055087 0.055314 -0.547385 -0.008018
42.979864 402.947687 164.579717 1594.732003 108.111597 331.537995 93.325496 157.717843 90.815596 98.862231 81.711758 164.249626 -71.621634 346.063627 -185.775269 1420.998822 -248.620253 2236.518893 -272.949279 2704.223276 -228.511842 2542.481259 -207.220273 2446.583151 607.441577 -1638.636414 0.098422 0.061333 1.042388 0.266659 -3.495453 1.151994 -9.071866 5.341645 -9.222716 4.926463 -6.896637 4.149809 0.157013 0.059874 0.153292 -0.051317 0.518812 0.000886 0.47104 0.03321 0.524802 0.020804 0.570412 0.022782 -14.14756 4.30698
41.823434 400.403995 165.80207 1613.674193 64.036504 440.733777 39.957842 256.752847 37.420948 167.784218 35.659349 247.120254 -77.39432 349.295509 -193.950559 1431.429303 -251.716227 2231.429745 -275.602972 2671.064535 -231.448904 2468.193214 -210.212524 2385.986057 454.999242 -1348.928299 -0.007885 -0.004027 0.002261 0.055917 -5.7379 7.758874 -11.150862 12.005759 -11.644851 9.06134 -9.412076 8.433611 -0.111855 0.007511 -0.088015 0.019071 -0.009579 -0.002898 -0.006419 -0.102275 -0.009377 -0.550726 -0.010725 -0.379938 -10.993327 14.079868
44.319358 404.503289 179.082703 1658.999382 54.998264 615.343195 29.202072 453.794236 27.531727 304.551971 27.721705 386.609899 -78.52613 366.703469 -189.850478 1523.810209 -243.914273 2246.478396 -264.195967 2706.593416 -228.406074 2472.274119 -206.741348 2381.243138 414.536838 -1041.388444 0.036166 0.010439 0.255797 0.313883 -0.34363 14.534788 -0.84149 27.867181 -0.757245 20.234367 -0.499007 15.542038 -0.004108 0.21165 0.021901 1.444268 0.061411 0.025287 0.12054 0.117367 0.010067 0.001685 0.014449 -0.002359 -0.941935 19.866708
45.121724 405.621628 176.263382 1680.596403 50.208311 651.328425 25.189735 479.088252 24.399097 321.758638 24.542099 409.912245 -78.959151 368.094497 -192.131054 1541.242649 -243.103862 2265.456962 -262.668221 2721.33089 -222.925039 2489.607874 -202.613895 2396.827017 394.825589 -1021.335407 0.003599 0.000772 -0.011184 0.069834 -0.109098 0.51126 -0.148192 0.342972 -0.094571 0.236405 -0.096809 0.340929 -0.000595 0.001317 -0.006808 0.049574 0.000674 0.039915 0.002215 0.020007 0.033282 0.030277 0.020809 0.025414 -0.24006 0.097476
47.188159 399.55751 163.725633 1685.215093 60.514544 561.618257 41.479918 361.587142 40.578293 240.042408 37.509749 324.977891 -71.882611 365.160725 -186.999628 1478.690684 -225.194252 2254.55988 -239.688433 2725.398517 -199.272931 2498.401212 -180.996621 2400.261962 419.697328 -1189.608905 0.023132 -0.022836 -0.231255 0.003169 0.480703 -3.322055 2.020813 -8.25206 2.046517 -5.974748 1.370122 -4.924611 0.166085 -0.005869 0.034728 -0.64789 0.342593 -0.013136 0.525869 0.001519 0.663032 0.007751 0.609574 0.00123 0.379822 -6.412892
46.215791 420.532787 152.650733 1756.671693 77.297605 527.669432 68.102895 308.937203 68.134084 206.856676 58.439904 290.53066 -72.346308 373.533785 -196.425768 1510.118414 -228.279168 2266.542525 -241.66709 2728.508284 -198.632129 2503.10741 -181.048427 2407.260592 499.434374 -1270.81923 -0.005061 0.268284 -0.1939 0.741831 1.025756 -0.529154 3.283189 -2.070247 3.550315 -1.233853 2.310641 -0.964684 -0.000745 0.047456 -0.115884 0.165238 -0.010493 0.015879 -0.004067 0.000887 0.000516 0.002214 -4e-06 0.005094 3.465229 -1.340603
46.804717 412.694277 147.384228 1702.392114 111.634481 474.031802 117.812289 292.463118 123.900499 178.377407 103.819785 258.745117 -72.558075 360.329869 -192.150057 1454.32604 -229.615118 2243.451774 -250.370274 2694.1374 -204.984679 2511.017812 -184.895257 2414.224455 647.618321 -1350.87537 0.001864 -0.036871 -0.046225 -0.425903 3.146424 -1.437085 6.768786 -0.225679 8.275534 -1.054138 6.474988 -0.920456 -0.000155 -0.118794 0.023525 -0.525067 -0.001949 -0.059112 -0.076977 -0.108929 -0.049995 0.00624 -0.02022 0.005029 9.61197 -1.222583
48.540448 396.329256 137.768525 1623.058213 156.816906 389.034628 180.321499 180.760702 179.480307 110.815718 151.805604 179.832949 -68.647808 341.632012 -184.762281 1384.480272 -228.772581 2213.79834 -254.338341 2668.49524 -208.178411 2507.90445 -187.343342 2408.238183 774.253727 -1564.366847 0.015801 -0.165534 -0.162173 -0.946453 3.82959 -4.195576 6.626748 -13.372372 5.134602 -8.002653 4.544325 -7.157633 0.054152 -0.249068 0.07241 -0.85937 0.000774 -0.098641 -0.015599 -0.061306 -0.012344 -0.000966 -0.00805 -0.003715 5.650457 -7.827803
45.462207 389.620376 142.548998 1592.505692 203.129388 299.529459 250.53299 95.263007 248.259584 50.577504 209.138242 105.250036 -70.702801 334.179138 -175.416642 1412.370853 -234.636386 2200.892154 -258.831222 2626.693275 -220.709642 2474.787497 -199.794353 2382.538944 937.128533 -1817.781577 -0.050414 -0.028634 0.040766 -0.14515 2.991831 -5.842089 5.75928 -13.575177 5.565963 -11.663032 4.582472 -9.929033 -0.015153 -0.041097 0.121267 0.139068 -0.037101 -0.018865 -0.019668 -0.165002 -0.183108 -0.110055 -0.200275 -0.06893 7.768149 -9.507184
49.301862 382.620369 158.198853 1558.540682 248.181077 289.041451 297.94495 92.549454 291.542062 47.383892 249.849843 99.141001 -69.355182 326.669957 -178.651838 1411.01551 -235.179487 2192.812762 -253.608065 2620.376667 -215.852049 2457.361753 -196.91468 2365.508315 1009.110969 -1822.281391 0.07782 -0.031727 0.407458 -0.183059 2.254253 -0.093453 2.053053 -0.019604 1.73804 -0.052071 1.809096 -0.091317 0.006483 -0.042665 -0.014781 -0.000325 -0.000314 -0.007428 0.02662 -0.003802 0.027026 -0.030783 0.010452 -0.030543 1.331605 -0.002781
50.011311 381.833029 156.317286 1541.356258 274.43984 251.691262 319.9795 70.423667 307.887254 28.446361 265.947581 72.815869 -72.868317 329.679439 -184.670012 1414.644617 -241.857913 2177.747199 -260.938915 2609.896893 -220.402391 2445.583216 -200.339487 2356.201531 1049.28518 -1946.514863 0.002534 -0.000405 -0.005628 -0.047632 0.660094 -1.291493 0.39299 -1.508922 0.222891 -2.402757 0.251262 -2.027024 -0.043396 0.0069 -0.049847 0.002331 -0.046751 -0.025966 -0.052225 -0.010499 -0.023732 -0.014148 -0.014763 -0.009172 0.392082 -2.048154
50.886847 372.926535 193.155153 1457.397883 301.8129 245.711958 349.738957 73.162141 330.298775 29.468763 289.514829 72.596108 -71.23088 328.09132 -179.862125 1412.638214 -237.156188 2151.279239 -255.260472 2562.249993 -217.527008 2401.935369 -198.509837 2318.261496 1083.9187 -1899.306156 0.003799 -0.052552 1.946962 -1.175553 0.650502 -0.03594 0.661519 0.026117 0.39364 0.009025 0.500183 -0.000166 0.009304 -0.001917 0.031707 -0.000712 0.023075 -0.080914 0.031234 -0.219471 0.00944 -0.19651 0.004197 -0.153972 0.281164 0.289762
51.42015 372.873589 204.700773 1462.784769 305.925938 260.135572 356.368344 85.372229 335.930409 38.037814 294.493776 83.958024 -71.824053 332.721802 -178.540161 1401.450266 -238.056587 2124.14423 -258.886651 2517.802706 -221.731544 2356.99869 -202.139817 2282.090163 1103.505769 -1796.187349 0.00139 -2e-06 0.16756 0.004969 0.013918 0.205678 0.031121 0.470901 0.023803 0.546071 0.021224 0.41284 -0.00123 0.016224 0.002438 -0.02224 -0.000853 -0.08611 -0.012788 -0.194447 -0.020123 -0.212164 -0.016445 -0.142205 0.087697 1.43899
53.24443 372.423698 227.906937 1446.602234 305.799388 259.483899 347.750296 85.182994 324.597897 39.414959 286.907183 85.261073 -71.145638 338.674564 -176.777492 1420.845365 -238.17312 2130.069974 -260.763325 2523.075895 -221.416309 2353.928273 -201.364482 2279.536772 1082.190551 -1784.147086 0.0159 -0.000136 0.622867 -0.045005 -1.3e-05 -0.000409 -0.052742 -0.000105 -0.097222 0.012244 -0.0495 0.005017 0.00161 0.02639 0.004372 0.066643 -1.4e-05 0.004127 -0.003389 0.002758 0.000112 -0.001001 0.000745 -0.000715 -0.103937 0.020245
53.350518 369.80307 237.579623 1461.5253 296.111094 307.647484 330.775148 124.571636 306.766793 59.69184 271.464643 114.941205 -71.328003 340.948645 -174.667088 1496.589172 -235.728158 2207.645711 -258.013611 2618.871909 -219.975993 2436.163167 -198.958286 2360.193884 1046.286163 -1733.177981 5.3e-05 -0.004626 0.100509 0.038289 -0.077976 2.048845 -0.212373 3.731477 -0.251845 2.096461 -0.213583 2.212273 -0.000117 0.003805 0.006336 0.983414 0.006307 0.693738 0.007287 0.892432 0.00235 0.705944 0.007231 0.701125 -0.30285 0.369313
53.728294 366.891939 229.359224 1477.17868 294.899174 408.008664 326.845525 214.577158 299.410376 124.022872 267.340078 193.948069 -70.504021 336.815336 -173.528374 1474.391116 -240.099159 2153.50917 -268.562801 2549.898994 -228.745446 2377.612862 -205.334115 2310.560595 1051.562967 -1415.581636 0.000666 -0.005752 -0.072365 0.04169 -0.001243 7.072098 -0.011741 12.161163 -0.044639 11.631553 -0.015787 10.274976 0.002394 -0.012604 0.001862 -0.082929 -0.020077 -0.336021 -0.105679 -0.460213 -0.0857 -0.356089 -0.050278 -0.263719 0.006636 16.057958
58.399404 366.234162 229.815399 1492.376582 282.582611 599.397649 310.217233 409.342183 282.029796 267.512507 253.214865 349.474381 -68.517396 336.529561 -168.337203 1475.979434 -229.736704 2155.125375 -255.293327 2544.597834 -216.974671 2357.252189 -194.665926 2291.644014 993.750148 -1036.565159 0.097339 -0.000295 0.000227 0.038891 -0.131359 18.347298 -0.217049 31.178311 -0.259831 27.240611 -0.191678 22.731058 0.014195 -6.1e-05 0.039416 0.000428 0.114288 0.000303 0.168087 -0.002758 0.155451 -0.043777 0.142288 -0.038877 -0.817232 29.468439
61.055274 362.131496 202.232113 1520.82985 279.794938 847.757089 313.349034 684.862137 295.868675 498.640191 264.792031 582.86099 -65.897579 336.881684 -164.787388 1421.880516 -222.38793 2096.886793 -246.017013 2466.610404 -207.957966 2269.769253 -186.557952 2201.51241 999.924405 -640.689374 0.029528 -0.011555 -0.881401 0.134343 -0.006909 21.470894 0.007865 35.255856 0.165723 35.693972 0.129388 29.683758 0.025533 9.2e-05 0.018914 -0.505019 0.059727 -0.398857 0.085832 -0.60688 0.095674 -0.827092 0.086231 -0.9041 0.009561 47.387934
63.624539 359.835544 193.307523 1484.693381 256.270522 1116.290983 281.019108 1080.373364 263.939486 838.659159 240.024447 896.686397 -65.590497 342.121282 -159.784352 1366.472854 -214.011228 2029.622767 -236.483108 2401.874463 -199.066336 2199.234556 -178.404315 2119.878914 921.444329 -321.713895 0.026475 -0.003651 -0.100696 -0.217249 -0.516415 18.444213 -0.879925 44.878781 -0.911298 43.94841 -0.607946 33.66562 0.000359 0.020216 0.038561 -0.55056 0.080403 -0.548254 0.094201 -0.430414 0.097132 -0.556662 0.091092 -0.77112 -1.603465 54.397379
62.767618 351.890756 175.265498 1239.517871 267.789542 1394.653225 309.302574 1541.651707 287.534893 1379.029292 258.069718 1386.864885 -63.498896 342.255577 -152.871372 1313.624763 -203.758509 2037.053788 -228.288173 2421.441519 -189.725337 2230.387249 -168.464364 2146.265426 944.390423 -101.842252 -0.002905 -0.044344 -0.441853 -11.055172 0.126611 15.477262 0.677947 40.89397 0.505008 66.841598 0.326985 53.230339 0.016946 1.3e-05 0.076434 -0.521099 0.125828 0.006789 0.072253 0.03969 0.112228 0.109547 0.14245 0.081602 0.141101 61.5392
62.122197 348.106404 169.093061 1178.510942 273.832713 1769.031291 325.126995 2050.040955 299.490312 1956.491084 264.722104 1928.411581 -65.434042 342.496724 -151.227606 1302.307087 -201.517602 2070.745362 -226.783542 2472.024289 -184.627247 2286.905639 -163.300338 2202.522822 954.41139 -12.883519 -0.001668 -0.01023 -0.055323 -0.769726 0.033715 22.229315 0.197383 36.162244 0.121755 50.366794 0.042327 44.529575 -0.014523 4.2e-05 0.004443 -0.024483 0.006195 0.138169 0.002487 0.261439 0.034716 0.353581 0.040192 0.363898 0.026443 42.280299
63.440346 340.783852 166.787765 1210.695734 277.463816 2169.453771 345.249241 2478.528577 325.149673 2437.004192 282.091761 2400.563333 -62.594714 340.413805 -134.036342 1289.150554 -186.299478 2106.162805 -215.843204 2514.965961 -174.362443 2371.055536 -153.119533 2286.692863 975.721697 0.452306 0.006919 -0.038919 -0.007911 0.216789 0.011958 20.408184 0.302066 20.317059 0.527248 26.355721 0.275945 25.825308 0.031488 -0.003177 0.518482 -0.033397 0.298698 0.150161 0.135226 0.184883 0.146784 0.760181 0.163826 0.789138 0.117646 18.163783
64.269813 341.88677 150.129615 1287.718697 276.325493 2463.090575 338.534942 2815.858376 323.914523 2796.378354 279.323052 2728.912582 -62.178679 340.049619 -134.662756 1271.994739 -191.652163 2122.401288 -219.885212 2534.879864 -180.41972 2405.982346 -159.081942 2318.526105 987.823923 14.668746 0.002694 0.000891 -0.438105 1.187543 -0.00117 9.315545 -0.032966 10.757347 -0.001175 12.353616 -0.006827 10.519973 0.000694 -9.7e-05 -0.00073 -0.05746 -0.037905 0.03118 -0.018748 0.039265 -0.051712 0.127684 -0.05694 0.110024 0.037296 9.969445
65.704373 338.512241 136.546721 1354.504548 264.445982 2701.118399 336.993445 3030.093732 328.803727 3051.184575 283.736849 3001.509024 -60.190548 336.696768 -129.033859 1277.629451 -186.378727 2169.602163 -215.800035 2583.242709 -176.879024 2475.597202 -155.776279 2378.297942 988.004147 30.054024 0.007917 -0.008368 -0.321964 0.844187 -0.130499 5.488485 -0.001759 3.926837 0.018312 5.554199 0.0173 6.487385 0.016152 -0.008306 0.060084 0.006226 0.036783 0.259551 0.019153 0.228503 0.017544 0.496404 0.017353 0.380344 8e-06 2.729683
68.597692 343.189866 132.606217 1386.781203 259.419382 2787.522906 337.270331 3080.310452 335.702233 3109.223205 290.072593 3072.890248 -57.560002 341.17601 -124.322688 1295.7968 -180.62866 2298.466429 -212.294041 2696.303948 -175.73477 2613.149238 -153.696254 2514.287472 997.212897 21.542942 0.03117 0.016048 -0.028847 0.190024 -0.024116 0.68015 5.7e-05 0.20635 0.035809 0.273404 0.034979 0.41942 0.029387 0.014799 0.043806 0.064128 0.045047 1.858684 0.014357 1.210739 0.001857 1.859399 0.00699 1.890281 0.021358 -0.706806
67.230742 345.064478 143.154964 1544.896145 283.3088 3256.168272 354.443483 3634.039104 343.738485 3720.862558 294.868673 3641.521007 -57.862929 346.187548 -125.10581 1309.741674 -187.098673 2306.304312 -224.608854 2689.404908 -189.34401 2602.511985 -164.522679 2509.905206 1043.317043 99.681298 -0.006879 0.002553 0.201836 4.266933 0.526029 18.197457 0.213211 22.871801 0.047527 27.44151 0.019662 24.121458 -0.000398 0.01827 -0.001229 0.037317 -0.056923 0.006671 -0.173591 -0.004419 -0.253748 -0.010847 -0.184221 -0.001911 0.52091 28.543531
70.519737 371.025598 148.910057 1724.083598 319.152765 3536.058937 410.263793 3979.736993 413.47444 4040.54609 351.870351 3944.821036 -58.489034 353.30272 -126.419806 1562.903896 -193.503647 2976.164658 -242.732639 3494.580238 -206.076403 3493.335839 -175.17508 3340.30475 1203.356719 19.899106 0.03927 0.470752 0.056707 4.914729 1.067229 5.769247 2.040041 7.852128 3.218024 6.586494 2.516878 6.065354 -0.001685 0.036188 -0.003432 11.17716 -0.053897 42.644017 -0.351558 52.64231 -0.354178 65.44207 -0.167063 59.234811 5.707387 -30.505857
72.693953 369.080736 146.207245 1688.565152 296.516372 3388.820509 381.270915 3767.255126 400.236975 3827.442555 342.497938 3757.880796 -55.018157 348.112409 -127.130786 1548.975137 -191.880305 2874.685279 -234.004276 3402.245943 -195.053071 3386.49753 -167.612284 3229.681179 1154.101109 13.488777 0.016505 -0.002555 -0.012377 -0.184841 -0.416278 -1.565486 -0.531164 -2.914488 -0.107681 -2.886471 -0.063256 -2.268801 0.053079 -0.019204 -0.000997 -0.031173 0.003419 -0.880115 0.079909 -0.618111 0.151493 -0.829607 0.083438 -0.93139 -0.514618 -0.621156
72.955399 369.412429 152.012477 1695.564359 297.421294 3516.125181 383.072116 3903.480365 411.440053 4005.824788 353.980183 3924.4431 -55.664379 349.159561 -130.909741 1506.376399 -195.700668 2676.29271 -235.669959 2957.971401 -197.548519 2887.728869 -171.502374 2807.414079 1179.179324 91.278777 0.000235 7.4e-05 0.056509 0.007238 0.000689 1.173641 0.002122 1.209713 0.077318 2.031358 0.094655 1.805851 -0.001887 0.000786 -0.027673 -0.296977 -0.018829 -3.546419 -0.002954 -15.535729 -0.007931 -19.856189 -0.022313 -14.785929 0.134775 34.589521
71.471845 383.124148 158.348526 1745.653397 314.448991 3575.224758 402.695987 3992.285903 417.581895 4080.779227 358.511236 3990.92646 -57.48026 347.98542 -135.211468 1481.400751 -188.892364 2447.744888 -222.486605 2787.783637 -183.967369 2690.202926 -159.961383 2605.582041 1155.882892 144.331652 -0.00762 0.124929 0.064682 0.364558 0.236977 0.246273 0.245083 0.499424 0.022751 0.347382 0.014408 0.279211 -0.014573 -0.000989 -0.03477 -0.104391 0.060267 -5.099505 0.189713 -2.521012 0.241807 -3.498495 0.20098 -3.764121 -0.116215 6.050705
68.593446 383.439157 150.089888 1726.49686 296.868419 3513.505816 379.156231 3939.702711 391.14069 4022.164717 335.33823 3928.191206 -61.259671 344.276926 -140.742417 1454.499821 -194.329265 2371.192819 -228.689377 2722.143115 -188.914893 2621.153849 -164.59654 2535.696638 1123.718351 149.409873 -0.029579 6.5e-05 -0.110585 -0.052846 -0.252848 -0.268687 -0.354444 -0.174296 -0.432364 -0.212004 -0.387071 -0.248498 -0.060163 -0.009933 -0.055434 -0.123246 -0.03857 -0.608079 -0.04264 -0.391006 -0.032824 -0.448847 -0.0331 -0.474998 -0.226928 0.0439
67.621016 383.00609 149.071426 1711.092615 296.425853 3504.834871 378.620099 3937.032129 390.41146 4029.856667 334.765331 3930.962304 -61.610012 342.329407 -145.860497 1441.532647 -194.478025 2344.513147 -227.100777 2681.419358 -185.952253 2550.884507 -162.824329 2473.568222 1115.243628 168.347257 -0.003471 -0.000122 -0.001734 -0.034514 -0.000165 -0.005356 -0.00019 -0.000453 -0.00034 0.003674 -0.000245 0.000489 -0.000499 -0.002762 -0.045702 -0.029031 -2.8e-05 -0.075472 0.002768 -0.153459 0.011707 -0.477375 0.004796 -0.385295 -0.016039 0.564808
66.648374 381.781026 145.453772 1710.794664 289.748543 3506.671267 369.863822 3945.037234 380.595018 4031.554813 325.791852 3927.674944 -62.64155 342.706176 -142.203207 1453.16985 -191.61198 2347.604999 -220.252693 2688.365792 -181.914182 2569.83986 -159.738395 2488.564693 1088.762492 163.864011 -0.003523 -0.000981 -0.022219 -1.3e-05 -0.038033 0.00024 -0.05122 0.004065 -0.062494 0.000179 -0.060954 -0.000688 -0.004282 0.000104 0.023218 0.023392 0.010638 0.001019 0.052418 0.004493 0.022164 0.035084 0.014762 0.022661 -0.159091 -0.030252
66.962456 380.781208 144.938018 1705.622941 285.809483 3484.353998 363.749793 3902.121235 375.176294 3982.541069 321.632543 3891.691744 -62.074617 342.249678 -141.629335 1447.246138 -189.185668 2321.758882 -218.127229 2667.932424 -179.178193 2542.514018 -157.310297 2463.801765 1072.904043 160.8846 0.000369 -0.000655 -0.000458 -0.003914 -0.013479 -0.035622 -0.025478 -0.117354 -0.019426 -0.149884 -0.013361 -0.082794 0.001289 -0.000152 0.00058 -0.006049 0.00773 -0.071533 0.005153 -0.038975 0.010365 -0.07303 0.009298 -0.06191 -0.058171 -0.013668
67.605724 381.55291 140.797507 1709.685682 277.112062 3472.295217 356.357317 3891.510477 368.374208 3968.759054 315.190986 3877.010914 -60.755382 343.806949 -138.377365 1449.469729 -183.308673 2333.860823 -209.281441 2693.982558 -170.599268 2581.260471 -150.058271 2497.33951 1040.349066 148.644403 0.001537 0.000391 -0.030001 0.002416 -0.067194 -0.010451 -0.037946 -0.007223 -0.031114 -0.011944 -0.032579 -0.013871 0.007085 0.001767 0.018885 0.000853 0.046365 0.015729 0.091547 0.063281 0.105223 0.146504 0.085564 0.11336 -0.250772 -0.242111
]