01-30-21_Raj_4K+Depth.white_alligator_above_blue_wall.0000000012 [ 39.004333 197.84528 82.73748 1039.359014 191.222415 2259.459706 248.36121 2580.966584 257.171389 2617.978868 215.896449 2565.301197 -38.122926 182.473659 -103.241389 971.954549 -25.461074 1731.27376 -14.424095 2141.850226 -4.99663 1908.069481 -6.305319 1827.14166 333.861539 56.021244 0.0 0.0 0.0 0.0 0.0 0.0 0.0 0.0 0.0 0.0 0.0 0.0 0.0 0.0 0.0 0.0 0.0 0.0 0.0 0.0 0.0 0.0 0.0 0.0 0.0 0.0
43.696593 181.04963 92.64521 1000.375675 194.195347 2229.848078 248.364404 2552.175533 253.001599 2580.68195 213.167565 2518.525939 -37.903204 178.837672 -106.852051 968.687159 -28.7828 1656.399315 -16.643997 2048.241559 -7.01425 1821.709706 -8.329944 1737.637491 344.268244 65.916887 0.133221 -0.372442 0.280078 -0.372558 0.011466 -0.097661 0.0 -0.080743 -0.017041 -0.133792 -0.008678 -0.215189 0.000318 -0.018295 -0.031029 -0.002751 -0.101802 -0.82754 -0.079411 -1.045762 -0.170675 -0.999927 -0.140719 -1.123809 0.079856 0.402194
42.375773 170.834228 93.808188 959.632801 197.00678 2185.783488 253.247589 2463.943779 261.468355 2522.06404 221.094739 2485.68266 -36.149539 171.663835 -108.367643 921.972544 -26.335544 1618.863447 -14.673632 2016.73266 -5.297434 1808.498253 -6.813739 1729.335885 341.199956 59.193234 -0.010135 -0.148311 0.003627 -0.423509 0.010103 -0.219871 0.023769 -0.776043 0.069674 -0.336698 0.072359 -0.107779 0.020767 -0.073422 -0.005337 -0.577203 0.054356 -0.215095 0.062045 -0.12212 0.120289 -0.02404 0.076093 -0.009939 -0.006867 -0.180802
42.160548 166.756975 92.732549 957.585835 201.306548 2187.421792 260.726943 2471.956425 269.794972 2528.225728 227.975149 2493.829963 -34.465292 170.530843 -107.494836 944.928472 -26.804787 1626.631397 -14.885452 2010.482532 -5.542532 1792.771877 -7.137204 1721.381067 352.676946 63.048811 -0.000274 -0.024622 -0.003101 -0.001093 0.023209 0.000307 0.054423 0.006504 0.065257 0.003759 0.052712 0.006665 0.020088 -0.001876 0.001765 0.141142 -0.002072 0.009296 -0.000759 -0.00485 -0.002771 -0.034338 -0.00375 -0.009169 0.094923 0.060819
39.79479 166.612457 90.797534 954.089172 199.72401 2158.995719 259.498589 2442.077986 267.561156 2491.660825 226.093091 2459.320672 -35.745858 172.457955 -111.568051 944.433652 -28.109056 1604.381362 -15.347673 1995.396712 -5.722633 1783.618167 -7.542436 1713.939309 351.543725 59.038243 -0.034153 -3.1e-05 -0.010201 -0.003198 -0.003123 -0.092956 -0.00145 -0.090835 -0.004643 -0.133171 -0.0039 -0.120217 -0.011679 0.005414 -0.037872 -6.5e-05 -0.015491 -0.076612 -0.003534 -0.028406 -0.00144 -0.011714 -0.005594 -0.00806 -0.000912 -0.065891
39.61924 166.070878 89.275475 974.051036 196.267414 2206.518909 254.203473 2490.98757 263.532645 2548.228211 223.02588 2515.936777 -36.460733 172.534673 -109.052369 937.510471 -29.156063 1593.657973 -17.309087 1980.684955 -6.554066 1771.403923 -8.11599 1702.798168 353.206152 70.424467 -0.000194 -0.000441 -0.006433 0.103334 -0.015087 0.258677 -0.027291 0.242466 -0.015279 0.317464 -0.010474 0.322143 -0.003539 9e-06 0.014343 -0.012734 -0.009572 -0.017978 -0.058956 -0.027217 -0.028187 -0.020983 -0.010508 -0.018164 0.001961 0.50168
42.279912 172.845633 86.458729 1001.791032 183.285917 2212.245222 237.377914 2519.155039 243.306501 2550.350789 204.876997 2501.174051 -36.868927 175.917975 -110.748089 944.135467 -27.594124 1611.16505 -15.657475 2008.000207 -5.490524 1792.685314 -6.961074 1719.027359 321.896415 66.600014 0.04323 0.067719 -0.022575 0.194739 -0.222062 0.00371 -0.288032 0.079181 -0.403737 0.000442 -0.385053 -0.02172 -0.001136 0.016425 -0.006541 0.011663 0.021499 0.047819 0.041399 0.093531 0.047047 0.063537 0.044299 0.038486 -0.726428 -0.053382
42.83907 172.932313 85.378948 1000.822899 182.099694 2195.868863 234.506026 2480.618517 245.089818 2513.761332 207.168967 2476.238121 -35.503231 173.971023 -105.758953 931.201434 -26.35696 1586.612594 -14.892904 1983.705937 -5.140695 1772.254957 -6.606449 1698.148305 321.221553 64.629796 0.001837 1.1e-05 -0.003393 -0.000234 -0.001926 -0.03042 -0.008739 -0.148515 0.003256 -0.132186 0.006374 -0.062463 0.012887 -0.005417 0.057492 -0.044603 0.014187 -0.094258 0.009569 -0.07393 0.005757 -0.058543 0.004635 -0.063786 -0.000354 -0.014791
44.113338 171.71663 86.691549 967.828059 194.217774 2013.391882 250.273424 2227.552513 265.949428 2233.075347 225.491398 2224.735183 -34.642369 172.639287 -104.524684 935.614502 -24.334956 1597.532652 -13.023473 1998.3327 -4.217838 1782.055028 -5.638477 1704.038024 337.151793 25.412014 0.009338 -0.002144 0.005007 -0.276518 0.195162 -3.957168 0.256484 -6.806117 0.425901 -8.305911 0.388136 -6.732548 0.005283 -0.002558 0.003622 0.005216 0.040343 0.018725 0.062664 0.026863 0.045613 0.013511 0.038319 0.005098 0.192755 -8.9894
43.549752 170.588603 80.175192 951.6831 180.920209 1821.217218 230.997994 1988.399601 251.605313 1972.517247 215.354672 1972.111713 -34.762137 172.150551 -102.528828 935.857365 -23.869922 1597.913374 -12.520148 1997.244138 -4.012806 1780.40983 -5.381338 1703.425419 319.167886 4.920089 -0.001812 -0.001859 -0.127285 -0.067899 -0.235754 -4.818525 -0.386156 -6.788526 -0.198813 -8.079218 -0.116556 -7.610062 -0.000103 -0.000346 0.00962 1.6e-05 0.002243 2.3e-05 0.004959 -0.000148 0.002554 -0.00038 0.003 -5.5e-05 -0.246436 -7.968797
41.353103 174.395028 77.060712 940.086432 169.669509 1674.680414 210.138987 1855.049324 228.114845 1802.424215 197.235072 1791.76278 -37.061065 175.748124 -99.798983 949.20514 -24.452092 1608.577415 -12.936824 1997.453782 -4.46386 1775.219364 -5.802301 1695.319178 296.39948 0.103436 -0.028421 0.021 -0.030848 -0.035544 -0.180568 -3.072526 -0.493431 -2.314022 -0.575474 -3.834012 -0.398069 -4.323262 -0.036802 0.018602 0.018417 0.047257 -0.003507 0.017733 -0.00341 6e-06 -0.012009 -0.003788 -0.007926 -0.009667 -0.421219 -3.59676
40.834987 176.36065 72.404064 923.636896 161.974514 1453.73215 191.490054 1610.772944 197.206612 1517.513622 172.095812 1505.972973 -38.179512 174.771086 -102.447487 927.771297 -24.820775 1600.24539 -12.812054 1990.870582 -4.316039 1762.323264 -5.574052 1673.797299 259.871653 -9.149154 -0.001633 0.005508 -0.072558 -0.072595 -0.089284 -7.812135 -0.433199 -8.619201 -1.124542 -12.247828 -0.856571 -12.406959 -0.008313 -0.001362 -0.017342 -0.122384 -0.001379 -0.010817 0.000302 -0.005433 0.001244 -0.023506 0.00229 -0.068741 -1.200605 -11.198203
43.800594 179.311778 92.957341 1026.631113 46.942811 988.6926 28.549964 1011.105547 26.382548 794.535573 25.434073 807.807939 -41.212668 174.150946 -108.497487 964.114505 -23.051882 1596.369326 -10.098247 1972.692497 -3.269563 1737.000493 -4.64982 1648.319008 48.2273 -181.975527 0.051973 0.012243 1.282287 2.721476 -34.520777 -44.680628 -72.161228 -69.498066 -79.328105 -115.944867 -65.210612 -107.846259 -0.057962 -0.000551 -0.086776 0.349109 0.032691 -0.00235 0.161298 -0.041685 0.07253 -0.091625 0.041861 -0.097702 -84.198009 -109.517765
48.177434 180.007721 110.186338 1014.397708 44.099484 908.947878 26.399757 958.956389 22.678346 735.218338 21.960811 748.923751 -44.588441 179.512889 -110.568263 990.571043 -22.693903 1608.730176 -10.457979 2000.720262 -3.313532 1780.952108 -4.489486 1683.114758 43.329169 -227.60002 0.104197 0.000674 0.73193 -0.036662 -0.044411 -1.6763 -0.042085 -0.690336 -0.140037 -1.150465 -0.127438 -1.114061 -0.066434 0.040649 -0.009787 0.179052 0.001401 0.023836 -0.003148 0.098853 -0.000147 0.274566 0.001406 0.18172 -0.131115 -2.549093
47.443588 190.147565 107.216308 1091.428266 25.2632 696.28494 9.117487 648.029905 9.481838 470.170778 10.24172 506.056873 -43.508579 195.029014 -103.590526 1056.600382 -21.800634 1648.930094 -10.249371 2039.692498 -3.610439 1806.960733 -4.781569 1692.287172 24.794175 -433.678085 -0.002816 0.138909 -0.020288 1.40935 -2.606588 -14.149264 -4.488261 -30.366596 -2.832217 -29.501064 -2.2081 -23.724336 0.006619 0.321531 0.113705 1.06513 0.008967 0.248045 0.001051 0.18796 -0.006369 0.094269 -0.004602 0.012463 -2.569976 -32.930619
49.791564 193.909223 106.943566 1104.872201 13.755622 594.376332 1.923058 517.113179 2.600279 364.299526 3.38385 409.018454 -42.646567 207.141429 -100.282475 1086.908254 -19.342432 1663.200339 -8.419967 2043.956575 -2.683419 1805.002717 -3.720938 1696.636345 10.566742 -547.49876 0.028353 0.018422 -0.000174 0.041147 -1.735526 -4.029563 -2.665951 -7.378334 -2.151271 -6.743316 -1.851625 -5.159727 0.004312 0.18244 0.02684 0.214278 0.073502 0.030742 0.089848 0.002226 0.068645 -0.000531 0.066413 0.002791 -2.988481 -6.624201
50.10278 184.526834 111.235692 1097.906492 16.483311 560.107363 3.511473 480.377115 4.394804 332.65918 5.121482 376.018173 -42.721997 195.588034 -98.258834 1074.606983 -19.171894 1680.048493 -8.633679 2067.488044 -2.736275 1835.878056 -3.646556 1718.163509 14.066609 -605.563546 0.000485 -0.116324 0.042222 -0.011014 0.123276 -0.508721 0.237314 -0.676696 0.234102 -0.71857 0.17939 -0.693917 -3.3e-05 -0.165754 0.010313 -0.035004 0.000378 0.042453 -0.001339 0.067341 -0.000258 0.130917 0.000375 0.067855 0.249895 -1.462913
49.776676 178.525507 108.946642 1058.520514 14.79934 520.872867 2.478426 439.976991 3.436596 304.096228 4.217887 346.466021 -40.916576 189.762694 -96.981962 1046.937154 -22.530617 1653.161186 -11.810125 2048.506738 -4.41358 1835.602757 -5.249022 1712.145328 15.639319 -645.443485 -0.000532 -0.049605 -0.011899 -0.359712 -0.045358 -0.712248 -0.089755 -0.887135 -0.058842 -0.640947 -0.043815 -0.604647 0.019488 -0.044033 0.004175 -0.180447 -0.135476 -0.108445 -0.248277 -0.043767 -0.199526 -1e-05 -0.145526 -0.005279 0.041661 -0.635813
48.954439 178.034388 107.4522 1049.93749 12.47796 502.382134 1.328704 428.774019 2.040126 296.248242 2.846379 338.32156 -41.748031 187.435216 -100.8587 1029.072329 -23.2738 1656.948814 -12.670422 2061.666299 -4.616693 1856.378338 -5.347529 1730.181464 12.794779 -669.455897 -0.003424 -0.000338 -0.00516 -0.01747 -0.098958 -0.167082 -0.177753 -0.072237 -0.18103 -0.051298 -0.134416 -0.048434 -0.004182 -0.007181 -0.037986 -0.076868 -0.00603 0.002167 -0.015121 0.021067 -0.002285 0.058455 -0.000458 0.047251 -0.142641 -0.219273
48.351435 175.809763 111.209794 992.523375 9.047001 498.825016 0.132075 445.198033 0.272042 311.449152 0.768928 354.743162 -44.902263 184.736437 -101.774713 1017.607755 -23.011549 1664.491111 -12.92435 2078.917812 -4.048178 1866.880019 -4.596697 1746.576191 6.419052 -653.287271 -0.001868 -0.006993 0.032289 -0.807122 -0.275197 -0.006319 -0.622952 0.154337 -0.822202 0.190147 -0.656482 0.194576 -0.057429 -0.009785 -0.00207 -0.03211 0.000743 0.008564 -0.00126 0.035939 0.018671 0.01481 0.028386 0.038655 -1.088671 0.098823
50.191249 171.568026 115.611879 937.929725 10.323562 495.29327 0.307572 449.203408 0.376161 316.203117 1.032952 356.790081 -43.368531 182.926195 -104.40065 1002.882133 -22.798828 1655.397351 -12.945036 2070.719324 -3.755152 1857.7551 -4.357423 1739.249637 6.508322 -641.081244 0.017176 -0.025898 0.042721 -0.772115 0.04211 -0.006274 0.036546 0.008969 0.008417 0.018004 0.019448 0.002944 0.013326 -0.004457 -0.016723 -0.053662 0.000494 -0.012455 -8e-06 -0.008099 0.005504 -0.011178 0.003198 -0.0077 0.000308 0.057553
49.020437 166.872759 115.796913 890.539166 9.353359 502.600723 0.148711 460.60629 0.175064 324.878346 0.743161 365.309778 -42.834038 182.093501 -102.93287 998.651256 -23.888505 1653.017235 -14.15709 2069.622607 -4.416786 1857.101588 -4.881401 1738.486589 6.35051 -628.490838 -0.006909 -0.032571 7.4e-05 -0.614241 -0.023933 0.026756 -0.028548 0.07146 -0.037991 0.0587 -0.023801 0.050262 0.001657 -0.00095 0.005196 -0.004472 -0.012718 -0.000856 -0.027116 -0.000145 -0.026828 -5.7e-05 -0.014871 -8.4e-05 -0.000968 0.062431
49.097003 172.273041 121.327948 916.757118 9.012934 502.404712 0.058296 464.727261 0.074846 325.95992 0.551255 365.881324 -45.010367 190.361651 -105.60105 1024.249451 -26.161969 1663.780626 -16.000804 2085.801956 -5.591163 1872.181298 -6.007341 1752.906068 6.9598 -635.763457 3e-05 0.042998 0.064516 0.190178 -0.003155 -1.9e-05 -0.020789 0.009176 -0.020975 0.000899 -0.014305 0.000223 -0.026963 0.091784 -0.01707 0.161969 -0.051661 0.017464 -0.056411 0.031498 -0.069142 0.030488 -0.05837 0.029776 0.013953 -0.020918
50.296958 162.05721 124.114359 872.322124 10.514455 480.651234 0.199851 456.986586 0.258875 318.466427 0.947874 356.041998 -44.424812 186.733192 -102.739811 1025.877072 -23.120071 1659.97378 -13.247423 2074.973337 -3.991807 1842.328195 -4.475353 1726.358047 6.283785 -628.842041 0.007244 -0.156114 0.015817 -0.551897 0.057814 -0.240715 0.042271 -0.032504 0.055327 -0.043569 0.053418 -0.067055 0.001917 -0.017457 0.019648 0.000646 0.093969 -0.00218 0.129888 -0.014091 0.134405 -0.119965 0.11255 -0.101287 -0.017265 0.018941
51.65678 169.420068 125.781603 895.91096 11.234055 477.182193 0.395089 441.83218 0.424106 312.498567 1.199606 351.14487 -44.546342 192.668782 -104.161929 1041.154563 -24.905003 1680.167474 -14.436593 2097.228938 -4.924995 1870.093908 -5.568312 1748.837256 8.239583 -653.669107 0.009069 0.081783 0.005562 0.157349 0.011908 -0.006282 0.032947 -0.127763 0.020288 -0.028224 0.014805 -0.016956 -8.3e-05 0.046433 -0.004887 0.056459 -0.033181 0.061044 -0.025552 0.059359 -0.048966 0.103833 -0.059645 0.072704 0.132292 -0.240326
54.034647 169.921931 137.465201 898.42809 15.862081 453.651531 2.077483 391.968186 2.224782 275.666205 3.433746 317.825987 -41.553963 191.121542 -103.702848 1034.700332 -23.571932 1678.099466 -13.204222 2087.502303 -4.332351 1867.421657 -5.125327 1745.967692 12.766332 -708.117421 0.026752 0.000371 0.259403 0.001766 0.398159 -0.297465 0.660622 -1.492351 0.706165 -1.154401 0.574218 -0.830258 0.052015 -0.003119 0.000507 -0.010034 0.018333 -0.000637 0.027486 -0.011304 0.01899 -0.000955 0.009179 -0.001178 0.493553 -1.088939
57.115617 175.360913 145.612251 921.813829 25.334552 395.862344 7.65317 309.066235 6.986841 210.004133 8.385947 258.132248 -38.050203 194.828624 -102.613883 1032.915723 -21.303616 1657.775781 -11.06086 2062.777148 -3.02763 1834.461432 -3.993534 1721.006927 19.213073 -803.104244 0.042709 0.042841 0.117261 0.150231 1.103805 -1.967868 1.75586 -4.91911 1.326396 -4.45919 1.087459 -3.101756 0.077146 0.017804 0.002874 -0.00077 0.057365 -0.061911 0.094848 -0.07365 0.116569 -0.146736 0.070509 -0.089855 0.65654 -2.988121
58.33424 182.925389 170.430138 953.884638 47.508231 372.746418 25.327772 273.590228 22.319573 180.907462 23.181645 229.857779 -37.231224 195.45835 -102.381859 1022.258904 -21.370079 1646.313023 -10.581783 2050.070911 -2.885823 1824.363062 -3.97312 1711.877249 41.256607 -856.286814 0.006432 0.079863 0.975945 0.274194 3.456913 -0.347685 5.135817 -1.081011 4.330961 -1.084378 3.682109 -0.819809 0.004455 0.000508 0.000131 -0.02763 -5.2e-05 -0.019884 0.005303 -0.019627 0.001701 -0.013936 2.6e-05 -0.01214 4.161024 -0.852455
59.638479 182.728096 180.818966 932.956379 71.408922 358.527036 48.021879 267.633113 41.351378 173.764556 40.712547 222.160438 -35.708449 195.727852 -99.952787 1017.991871 -20.10907 1630.892052 -9.384813 2036.939322 -2.205514 1809.878447 -3.486243 1707.416459 62.656741 -862.049984 0.00721 -5.3e-05 0.153668 -0.116068 2.426611 -0.138259 3.599032 -0.032785 2.910928 -0.071934 2.452063 -0.065543 0.015897 9.3e-05 0.014581 -0.004462 0.019172 -0.036282 0.035911 -0.021096 0.045656 -0.028865 0.015906 -0.00291 2.227468 -0.009665
59.928176 177.6001 180.58132 926.81404 82.365702 360.780775 59.319273 274.385041 52.360572 172.192862 50.449125 218.938041 -34.216877 188.155563 -95.914551 984.985585 -19.654687 1616.906629 -9.814338 2036.70798 -2.079528 1814.056206 -2.994347 1709.20599 75.309722 -868.452073 0.000351 -0.036491 -7.8e-05 -0.010143 0.390844 0.003531 0.596167 0.042056 0.648922 -0.00357 0.521452 -0.011771 0.01591 -0.074691 0.041633 -0.271967 0.002596 -0.030112 -0.004805 -7e-06 0.001852 0.002408 0.018695 0.000469 0.581431 -0.011842
56.035967 178.351218 176.110845 909.374897 82.009011 353.552826 59.631712 268.173007 51.655495 170.793875 49.88481 217.765572 -35.389425 193.964837 -97.469593 994.98896 -20.637499 1611.020307 -10.359751 2023.868695 -2.345783 1802.088937 -3.320697 1702.195623 76.016963 -863.313971 -0.065337 0.000792 -0.028016 -0.082816 -0.000387 -0.036569 0.00041 -0.035564 -0.00239 -0.002853 -0.001587 -0.001574 -0.009877 0.044161 -0.006252 0.02527 -0.011988 -0.005367 -0.007374 -0.020299 -0.008017 -0.019802 -0.008438 -0.007203 0.001653 0.007622
56.479993 181.19049 177.830213 920.543329 82.077577 353.976146 59.431385 263.176107 51.975224 167.552099 50.292562 214.971376 -35.292726 196.735061 -99.144413 999.922897 -20.76314 1588.594237 -9.922245 1998.764903 -2.415649 1768.346204 -3.511607 1667.36718 76.80104 -847.247546 0.000876 0.011211 0.004176 0.034082 1.4e-05 0.000127 -0.000169 -0.023496 0.000493 -0.01553 0.00083 -0.009021 6.6e-05 0.009821 -0.007133 0.006101 -0.000191 -0.078593 0.004719 -0.078333 -0.000513 -0.159448 -0.002668 -0.180002 0.002011 0.075454
55.521588 181.533002 172.085099 935.111191 79.517369 354.779648 57.384362 258.864785 50.517816 164.136666 48.653176 212.134362 -35.618358 198.100482 -96.937767 1009.441968 -20.736125 1597.936485 -10.05146 2003.040691 -2.721319 1766.626929 -3.764282 1663.880552 76.689088 -853.789585 -0.004101 0.000162 -0.047166 0.057184 -0.020282 0.000455 -0.017937 -0.017803 -0.010362 -0.017585 -0.013582 -0.009422 -0.000748 0.002361 0.012417 0.022548 9e-06 0.013695 -0.000418 0.002284 -0.009102 -0.000418 -0.004389 -0.001825 -4.1e-05 -0.01258
54.811134 180.642279 168.247894 933.203631 72.053572 354.854311 50.548493 260.943152 45.526251 165.926657 43.900809 212.393057 -36.229141 197.122081 -98.960101 1022.428521 -21.217374 1579.719276 -10.12518 1954.086065 -2.871251 1701.623181 -3.93154 1604.045943 71.263834 -804.827586 -0.002287 -0.001095 -0.021633 -0.000974 -0.183881 4e-06 -0.216691 0.004155 -0.129798 0.004854 -0.12209 7.9e-05 -0.002596 -0.001211 -0.010439 0.041502 -0.00276 -0.052219 -0.000135 -0.302827 -0.00201 -0.609221 -0.001818 -0.547821 -0.099502 0.722831
54.971215 180.469922 158.239189 947.832767 67.819178 354.587695 47.21748 258.215569 43.121279 162.474579 40.914784 208.586509 -36.177139 197.102415 -97.081892 1048.363641 -22.884431 1519.119651 -11.119536 1833.896773 -4.586901 1565.615149 -5.686388 1486.783511 75.835963 -719.382314 0.000117 -4.1e-05 -0.153448 0.056887 -0.064109 -5e-05 -0.056762 -0.007165 -0.032629 -0.018144 -0.052579 -0.01721 1.9e-05 -0.0 0.008997 0.162415 -0.031519 -0.592587 -0.023283 -1.907229 -0.200013 -2.832087 -0.161446 -2.2252 0.071072 2.396861
51.72256 181.166582 149.732146 958.106781 55.556235 348.362563 35.451824 239.91854 33.642072 151.260666 31.379189 199.308524 -38.06995 198.362901 -96.385275 1043.029814 -16.401981 1479.61394 -5.511662 1773.248256 -1.360928 1503.691763 -2.478276 1434.994459 48.535838 -701.119283 -0.04947 0.000671 -0.117517 0.027691 -0.610952 -0.027565 -0.841539 -0.336149 -0.587524 -0.200475 -0.631633 -0.105532 -0.024131 0.002009 0.001254 -0.006802 0.538509 -0.260238 0.973979 -0.509891 0.950853 -0.624717 0.656685 -0.459021 -3.033233 0.117406
49.701809 180.126495 140.092902 946.045728 51.908082 336.240739 33.24794 219.987574 31.753318 138.285389 29.084722 186.14648 -38.894744 196.837989 -90.465809 1029.366617 -14.539231 1336.677981 -4.769234 1565.313993 -1.236496 1317.026532 -2.239485 1274.852995 45.521827 -601.788572 -0.020132 -0.001497 -0.160339 -0.038198 -0.061941 -0.107325 -0.035359 -0.432077 -0.027281 -0.290873 -0.043551 -0.224786 -0.00442 -0.002942 0.093788 -0.045041 0.056122 -3.629571 0.026842 -6.481633 0.002982 -6.183202 0.006047 -4.736008 -0.048303 3.791891
45.202678 174.704666 114.81682 945.880738 42.61804 334.3044 27.489616 222.852871 27.211066 141.72341 24.619672 187.366023 -38.752095 190.001046 -84.169899 1022.764747 -10.641741 1053.931651 -1.992073 1180.647113 -0.622594 965.845719 -1.501072 950.605153 36.065657 -367.615215 -0.106705 -0.041425 -1.256246 -7e-06 -0.457621 -0.002796 -0.27358 0.00927 -0.175214 0.021107 -0.185937 0.001991 0.000131 -0.060422 0.113526 -0.010619 0.303453 -16.77962 0.596678 -27.076447 0.104285 -27.173302 0.073608 -23.748061 -0.549848 28.709075
43.873997 169.345209 104.049116 946.46652 34.731851 296.111812 21.782688 176.469189 22.876277 111.587317 19.971067 153.942052 -39.610724 187.471612 -73.95707 1055.257366 -6.621149 882.61526 -0.392642 914.73209 -0.171602 718.12359 -0.671416 726.118678 27.010518 -263.55374 -0.00991 -0.041746 -0.265034 9.1e-05 -0.403067 -1.157977 -0.331616 -2.703022 -0.187929 -1.799017 -0.242972 -1.640531 -0.004704 -0.008475 0.330149 0.254048 0.474733 -7.592626 0.615906 -16.941519 0.140473 -18.320372 0.164659 -15.095525 -0.653356 8.637463
43.559272 167.649094 89.935384 968.647275 26.209672 275.291264 15.903556 145.67807 19.136025 91.88272 16.044824 132.714412 -43.090873 181.005362 -71.30666 1085.75821 -4.916229 738.093247 -0.062919 696.659002 -0.085088 532.567561 -0.384147 558.407988 21.773175 -182.03077 -0.000566 -0.004268 -0.514118 0.128453 -0.598821 -0.379451 -0.461403 -1.474897 -0.166824 -0.956371 -0.214648 -0.787061 -0.073256 -0.056741 0.024181 0.217268 0.126666 -6.456528 0.141206 -14.824344 0.015019 -13.841396 0.039842 -10.995402 -0.281951 7.521089
42.222029 161.961012 76.194589 958.25955 18.998759 212.402612 11.246604 90.218461 14.770509 59.556113 11.880427 95.161255 -44.246931 177.059731 -59.936389 1102.187081 -3.967811 605.974603 -0.080064 514.051906 -0.234148 398.192878 -0.441758 435.703455 18.724057 -149.756653 -0.010424 -0.049083 -0.569233 -0.028 -0.578789 -4.071777 -0.402375 -6.61198 -0.282208 -3.490495 -0.312257 -3.115617 -0.007651 -0.02174 0.493461 0.061682 0.050769 -6.509235 -0.001032 -13.850201 -0.036937 -9.750971 -0.002012 -7.601859 -0.11495 1.573439
37.765206 147.350292 57.526996 901.183851 12.251145 184.393343 6.684782 75.37522 10.140985 51.342305 7.774148 82.996783 -47.908152 162.96263 -58.228172 1082.487632 -5.128877 512.051353 -0.524789 407.123867 -1.473219 314.917607 -1.573678 352.610907 19.344634 -111.948325 -0.124262 -0.345271 -1.309413 -0.876177 -0.737182 -0.989802 -0.589979 -0.66659 -0.433952 -0.3046 -0.433732 -0.415775 -0.072757 -0.292354 0.012348 -0.088818 -0.074401 -3.952143 -0.194894 -6.227032 -0.532716 -4.879031 -0.347881 -4.391431 0.005059 2.745472
37.291403 135.242035 40.47387 887.025228 7.559109 152.43349 3.735323 49.616459 8.359421 38.817426 6.382077 64.476071 -49.188719 148.585328 -44.874629 1049.15872 -3.236935 367.689273 -0.15902 245.469937 -1.481971 190.891382 -1.498648 222.420641 16.880829 -57.547115 -0.001495 -0.259521 -1.495112 -0.056053 -0.563671 -1.519685 -0.426143 -2.683028 -0.085981 -0.874209 -0.068612 -1.167605 -0.008445 -0.331918 0.868411 -0.26057 0.216741 -11.925462 0.106048 -20.338571 -1.3e-05 -15.441546 0.000916 -14.931757 -0.083883 8.967522
35.21561 122.859532 34.719347 872.122151 4.254421 148.25268 1.645559 55.449751 4.970537 38.178076 3.692753 62.40133 -55.962683 124.803653 -40.451197 930.558574 -0.458178 236.703694 0.90126 130.620813 -0.020095 102.642686 -0.081865 127.143152 5.622721 -15.621716 -0.02972 -0.297198 -0.22052 -0.063129 -0.471638 -0.029067 -0.422377 0.162058 -0.437974 -0.002655 -0.36557 -0.016965 -0.21842 -1.036329 0.114736 -3.555719 1.259468 -14.364462 1.817427 -17.96517 1.156925 -13.579756 0.879981 -13.235017 -3.018562 13.202684
32.586743 123.927371 29.306009 843.744334 2.974268 144.485865 0.879919 53.669547 4.350483 39.618715 3.186495 62.550866 -56.866918 115.266763 -39.590319 889.846313 -0.20861 212.850827 1.587872 112.392364 0.019104 88.511475 -0.002396 111.337052 3.793005 -9.695214 -0.050983 0.00231 -0.229259 -0.234679 -0.114256 -0.024236 -0.118855 -0.014522 -0.020647 0.01334 -0.018654 8.9e-05 -0.003623 -0.189503 0.00463 -0.45531 0.048466 -0.633249 0.096572 -0.684623 0.078386 -0.523046 0.056248 -0.524378 -0.179491 0.703448
32.544633 122.073012 25.46709 820.971797 3.048387 126.000157 1.005836 37.80254 4.672996 32.378366 3.442233 52.526409 -56.019192 113.058043 -39.00973 831.046598 -0.173363 182.926437 1.5064 90.29468 0.06428 69.51854 0.004763 91.209658 3.64114 -7.009673 -1.4e-05 -0.006989 -0.134696 -0.155766 0.000456 -0.63242 0.004209 -1.386679 0.005765 -0.364986 0.004935 -0.43745 0.003183 -0.010683 0.002144 -1.004832 0.00163 -1.132901 -0.001073 -1.208186 0.013298 -1.145491 0.013917 -1.002527 -0.001551 0.217282
34.122142 120.421261 29.655528 817.442613 2.827004 128.85159 0.584325 46.925007 3.52668 43.534256 2.573876 61.957692 -55.604494 110.589198 -39.214901 798.098696 -0.1205 193.176692 1.627472 100.451644 0.12561 75.555619 0.031029 99.681357 2.321145 -4.385775 0.018667 -0.005626 0.159358 -0.003801 -0.004172 0.015952 -0.056883 0.492532 -0.080523 0.824192 -0.062999 0.389139 0.00077 -0.013627 -0.000269 -0.333204 0.004794 0.139705 0.00234 0.270614 0.010177 0.125667 0.011478 0.188079 -0.147953 0.306201
37.76843 113.475638 43.066344 790.238646 4.78934 162.091357 1.374018 78.036422 4.42966 56.474349 3.303222 80.56024 -48.220139 109.114933 -40.464087 807.221554 -0.865947 222.166124 0.331558 126.047665 -0.038957 89.015645 -0.067858 116.27422 5.299437 -3.685895 0.092529 -0.103149 1.247256 -0.230179 0.257137 1.905032 0.166279 3.934826 0.051407 0.840691 0.045431 1.21929 0.262933 -0.004946 -0.009793 0.025922 -0.340392 1.012914 -0.489879 1.450913 -0.304472 0.551361 -0.19066 0.638397 0.606094 0.0304
36.313104 116.173656 48.720926 807.924326 4.50983 232.608871 1.063144 130.030932 3.704904 94.742958 2.737113 125.5418 -49.11041 112.144733 -39.244207 839.594549 -0.866674 231.984583 0.361681 128.167791 -0.087152 94.005034 -0.135033 121.690562 4.928527 0.001442 -0.014296 0.015849 0.174342 0.09786 -0.004202 6.35045 -0.019908 6.601241 -0.032351 4.922442 -0.026587 4.968477 -0.004072 0.020745 0.009335 0.318224 -0.0 0.106147 0.000655 0.008841 -0.009573 0.068021 -0.011443 0.061649 -0.006728 3.833171
32.821325 124.660996 49.189429 815.78344 4.279439 238.038379 0.936442 137.023612 2.299239 97.904358 1.582618 129.47053 -49.768939 125.028287 -40.447406 893.356386 -1.265388 245.050162 0.105339 135.256176 -0.265331 99.79291 -0.319075 130.681857 4.126698 -0.009021 -0.088236 0.149599 0.001121 0.01902 -0.00302 0.031319 -0.004018 0.091565 -0.166863 0.025942 -0.157134 0.030265 -0.002193 0.350184 -0.009084 0.834135 -0.037613 0.178961 -0.07664 0.095387 -0.048351 0.086448 -0.038966 0.160218 -0.03557 -0.017678
33.678348 121.537474 50.54684 811.449564 4.36935 241.236323 0.830144 139.447352 2.183722 98.42345 1.555888 131.064799 -47.846123 123.857975 -38.904819 890.167631 -1.421256 245.246796 0.04152 135.390899 -0.403563 98.774954 -0.41289 129.940279 4.464805 -0.000313 0.005523 -0.019815 0.009238 -0.005771 0.000467 0.010669 -0.003201 0.010624 -0.001489 0.000686 -0.000114 0.004878 0.01894 -0.002752 0.014995 -0.002851 -0.004525 3.9e-05 -0.014591 3.4e-05 -0.014439 -0.002609 -0.006037 -0.001055 0.006655 0.005972
35.514845 125.287681 51.174767 813.54935 2.987894 250.606301 0.148472 149.032567 0.976098 105.431391 0.668396 139.459317 -46.190185 127.013136 -42.165734 862.207669 -1.840304 247.191517 0.000741 138.1788 -0.445569 100.387495 -0.396416 132.593108 2.740635 0.061813 0.024376 0.028492 0.001938 0.001357 -0.130861 0.089261 -0.276468 0.159286 -0.23987 0.120492 -0.184726 0.130275 0.014581 0.019842 -0.065609 -0.223071 -0.027032 0.00384 -0.031167 0.014206 -0.00104 0.006528 0.000168 0.013403 -0.209327 0.070928
37.282886 124.78381 49.422804 834.778233 2.698065 245.042231 0.132014 133.439065 1.106249 99.060927 0.79471 132.411701 -47.249391 124.223817 -38.594486 870.293354 -1.565665 234.791807 0.012212 126.406537 -0.359733 95.145906 -0.322552 125.050615 2.727655 0.039466 0.021473 -0.000508 -0.015257 0.13671 -0.007391 -0.031232 -0.000483 -0.430739 0.004071 -0.099252 0.005463 -0.091362 -0.006004 -0.015484 0.079 0.018868 0.011091 -0.159527 0.006936 -0.262023 0.004588 -0.070267 0.003804 -0.110427 -1.5e-05 -0.002496
37.008324 122.720303 49.037131 844.797498 2.70406 240.327523 0.133056 130.447977 1.124516 95.915135 0.797486 128.471762 -47.985703 122.297418 -38.157418 887.808266 -1.569747 232.560238 0.018287 124.812642 -0.442233 93.521144 -0.421517 122.971938 2.977137 0.015128 -0.000507 -0.008602 -0.000755 0.029885 3e-06 -0.022899 2e-06 -0.016952 7.5e-05 -0.025379 2e-06 -0.029753 -0.002846 -0.007527 0.001244 0.087247 -3e-06 -0.005328 0.000611 -0.005056 -0.004255 -0.006996 -0.006611 -0.008711 0.005458 -0.005725
38.118842 121.889017 50.935926 841.232283 2.675711 238.86601 0.087307 129.387192 1.021679 95.229064 0.756716 127.483052 -46.791057 122.291684 -36.448785 891.553323 -1.187669 232.825278 0.091881 124.088331 -0.323643 92.939124 -0.300865 121.926858 2.495383 0.013934 0.008208 -0.001413 0.018034 -0.003769 -7.5e-05 -0.002229 -0.004801 -0.002165 -0.002465 -0.001231 -0.000535 -0.00191 0.007529 -0.0 0.019568 0.003941 0.026599 7.5e-05 0.028187 -0.001054 0.009237 -0.000908 0.010147 -0.00223 -0.021246 -2.5e-05
37.76821 123.184202 52.732712 832.502443 2.936683 248.163049 0.12591 137.883774 1.019427 101.733227 0.736496 135.568296 -46.22657 127.814444 -37.246864 906.691163 -1.387023 244.200047 0.033641 132.297665 -0.481794 98.936444 -0.410954 129.623445 2.902869 0.019491 -0.00081 0.003422 0.015572 -0.022767 0.006071 0.088745 0.003524 0.135088 -1e-06 0.107421 -0.000137 0.124285 0.001713 0.060983 -0.004321 0.063717 -0.007729 0.135636 -0.014329 0.131463 -0.015679 0.09375 -0.008565 0.117772 0.015402 0.000465
38.007639 123.304963 54.671029 844.949786 2.96449 267.836461 0.18551 155.251286 1.137537 110.987204 0.798487 146.183966 -45.298505 129.314453 -36.721376 910.45817 -2.002282 246.485618 -0.040698 133.334843 -1.027012 100.527049 -0.798849 131.620225 4.326274 0.258805 0.000378 3e-05 0.017492 0.046183 6.6e-05 0.375179 0.005756 0.514943 0.003236 0.201383 0.001252 0.200056 0.004705 0.004375 0.001867 0.003905 -0.056312 0.005323 -0.148343 0.002025 -0.101954 0.006342 -0.063871 0.007631 0.141518 0.136249
36.875659 123.638769 59.535002 863.607166 3.161329 290.28551 0.144797 174.095811 0.924082 123.238917 0.601619 161.648336 -46.494058 132.7824 -40.620677 952.199495 -2.182031 276.846211 -0.018331 156.148242 -0.959954 115.993649 -0.803533 150.612159 3.767729 0.109738 -0.008556 0.000226 0.103624 0.101872 0.003163 0.451661 -0.002519 0.539563 -0.01108 0.320646 -0.01391 0.388682 -0.007786 0.022944 -0.098357 0.467761 -0.003863 0.881413 0.004402 0.900332 0.001132 0.553115 -7e-06 0.639726 -0.019295 -0.031492
36.295435 124.686686 59.677289 862.62129 3.427188 291.470826 0.154949 179.255673 0.772518 126.059711 0.485949 165.504186 -47.771075 133.497941 -47.885959 956.195249 -2.759732 287.324502 -0.055926 167.170407 -1.013196 120.514551 -0.918053 156.878491 3.555135 0.06236 -0.002301 0.002211 8.5e-05 -0.000282 0.005366 0.001208 0.000172 0.037676 -0.006783 0.015959 -0.006169 0.022723 -0.00865 0.000961 -0.298698 0.004183 -0.033883 0.097315 -0.01022 0.187931 -0.000718 0.043213 -0.003813 0.063857 -0.003087 -0.00665
36.171152 125.570919 60.199844 850.436939 3.615594 291.782702 0.092616 181.287103 0.515974 126.7578 0.330344 166.580453 -48.618924 135.94401 -57.087782 966.001327 -3.799125 337.6655 -0.160473 225.956166 -0.986301 157.411461 -0.985774 196.173734 2.929027 -1.65816 -0.000107 0.001562 0.001139 -0.043332 0.002521 8.3e-05 -0.007975 0.005723 -0.025798 0.000964 -0.014968 0.001744 -0.003729 0.011103 -0.404086 0.025013 -0.082881 2.030704 -0.02693 4.420081 0.000181 2.460068 -0.001205 2.193625 -0.030299 -2.363646
36.5672 126.857675 68.027658 839.703014 4.659503 287.584925 0.183769 182.986904 0.695337 125.677542 0.510032 165.744666 -49.54532 139.315761 -73.223078 978.974437 -7.017076 395.180976 -0.935502 298.232992 -1.617147 204.705293 -1.702836 244.257893 4.433299 -9.590952 0.001078 0.00328 0.239153 -0.034085 0.066109 -0.015208 0.015464 0.003966 0.013353 -0.002311 0.019435 -0.001051 -0.004371 0.020652 -1.002807 0.043266 -0.489779 2.26046 -0.321061 5.006787 -0.077587 3.101661 -0.097385 2.632664 0.155315 -3.273315
38.803576 126.481001 80.799019 850.62172 7.349898 300.348933 0.678826 201.030526 1.467675 133.261278 1.277795 173.048024 -49.593621 138.817408 -87.942265 973.942214 -8.704281 469.282263 -1.125465 394.349384 -1.632959 275.352385 -1.851544 311.230501 6.19686 -25.501091 0.033186 -0.00028 0.548991 0.035265 0.305236 0.138569 0.156204 0.424137 0.142587 0.111079 0.173248 0.078728 -1.2e-05 -0.000446 -0.673557 -0.006483 -0.090797 3.181815 -0.008773 6.70193 -3.8e-05 5.2268 -0.003112 4.052064 0.14731 -3.813952
38.975228 128.08069 98.32295 846.454342 9.356933 302.836734 0.931684 208.52677 1.518201 138.688361 1.534062 179.702606 -50.959198 139.810638 -105.480174 975.603287 -11.577097 514.02177 -1.65955 445.459032 -1.903831 321.713361 -2.67692 359.402575 6.822267 -37.942736 0.000189 0.005026 0.859265 -0.005117 0.120993 0.00513 0.019974 0.068609 0.000428 0.054157 0.011702 0.062774 -0.009273 0.00177 -0.796736 0.000708 -0.204495 1.018332 -0.051691 1.556676 -0.010388 1.80264 -0.075854 1.732355 0.01503 -1.231894
41.538826 128.883256 109.905842 825.402914 8.708906 304.406778 0.714474 214.875081 1.40325 144.746774 1.307613 186.013949 -51.485821 141.143427 -117.623065 958.575089 -14.591983 545.148757 -2.745047 494.054155 -2.475799 364.66765 -3.645361 399.806618 7.606872 -49.91702 0.040823 0.001253 0.322403 -0.132541 -0.011626 0.00203 -0.014393 0.047595 -0.002262 0.064757 -0.009037 0.054463 -0.001354 0.003161 -0.330697 -0.074958 -0.17425 0.45748 -0.135854 1.257602 -0.037509 1.345376 -0.074613 1.075885 0.021348 -0.819804
42.231402 133.670304 121.562577 804.124979 8.55843 309.757374 0.63705 220.656338 0.949511 151.957807 1.1741 194.792768 -53.855726 150.684366 -126.8323 942.064491 -13.709657 564.049392 -2.326479 517.45914 -1.982545 392.63119 -3.221372 430.739919 5.676103 -56.067249 0.002863 0.043644 0.293703 -0.138927 -0.000656 0.023308 -0.002219 0.038372 -0.044167 0.08764 -0.003594 0.101203 -0.026662 0.156006 -0.173529 -0.071714 0.013757 0.161044 0.017302 0.270815 0.02737 0.516458 0.013102 0.576248 -0.141074 -0.178598
42.905495 134.816906 142.607928 715.058502 9.073554 313.67884 0.52727 248.254419 0.532111 180.800532 1.011619 220.954995 -53.669373 154.140089 -132.979594 922.78878 -16.875124 642.403803 -3.688711 639.186381 -2.251239 490.970355 -3.897035 520.419974 4.972331 -75.892707 0.002669 0.002448 0.839632 -2.613136 0.007526 0.012333 -0.005187 0.812857 -0.06001 1.252367 -0.006048 0.823986 0.000161 0.019589 -0.072734 -0.099623 -0.164251 2.547095 -0.156279 6.423221 -0.008535 5.489309 -0.032139 4.237177 -0.023282 -1.497773
43.518841 136.580782 144.717303 690.323473 9.680317 322.239248 0.49682 265.20751 0.430387 198.046543 0.975262 237.892827 -53.612578 156.861918 -139.129952 902.661357 -18.468462 671.364342 -4.230346 676.84016 -2.401348 523.495758 -4.398754 550.393449 4.864966 -77.565515 0.002176 0.005732 0.007743 -0.217688 0.009818 0.057621 -0.000453 0.279948 -0.005391 0.392743 -0.000333 0.312727 1.5e-05 0.011911 -0.069516 -0.110966 -0.035933 0.31924 -0.018545 0.53878 -0.002422 0.521542 -0.015186 0.419581 -0.000586 -0.009118
44.640556 135.812763 151.909758 600.322603 2.147916 329.03679 -2.608513 289.014141 -3.332231 231.123298 -1.113589 272.451426 -52.756304 158.739541 -159.622705 887.69727 -15.363579 712.251919 -2.500545 725.022418 -1.750304 584.652128 -2.991821 615.881361 -0.252455 -80.583674 0.007136 -0.001083 0.087212 -3.141848 -2.708473 0.035475 -5.38214 0.511544 -6.157735 1.276536 -4.173118 1.171434 0.003447 0.005585 -0.703673 -0.062537 0.142774 0.604271 0.226071 0.828261 0.051365 1.688833 0.135154 1.840069 -7.333893 -0.028802
44.400104 129.081665 139.725232 493.52674 -0.006246 324.713886 -10.329807 301.57913 -12.253857 245.376373 -6.670719 282.454875 -52.735092 159.607117 -162.900699 867.968571 -14.920519 736.945426 -2.261849 775.322185 -0.260189 632.75133 -1.619665 662.373815 -8.942871 -90.061141 -0.000325 -0.085534 -0.254646 -5.225887 -2.38581 -0.014293 -2.556521 0.133676 -2.805997 0.213217 -2.333275 0.090175 2e-06 0.001182 -0.016659 -0.110851 0.003241 0.210397 0.005986 0.843399 0.660811 0.950563 0.208874 0.845787 -6.190214 -0.263388
42.692198 124.268264 122.758669 454.376719 -0.710434 295.96803 -15.48981 286.374259 -16.561592 240.258134 -9.738877 274.328273 -50.702143 163.161284 -181.785739 832.603397 -14.818378 736.357697 -1.80072 792.301764 -0.214957 645.596892 -1.48351 673.856683 -13.002939 -98.17513 -0.016748 -0.045729 -0.548921 -0.808826 -0.583455 -0.666016 -0.520862 -0.196637 -0.323809 -0.026972 -0.289384 -0.05931 0.01998 0.019569 -0.517735 -0.367768 0.000175 -0.000117 0.026255 0.091959 0.002158 0.064541 0.002988 0.04934 -0.378835 -0.174959
40.619461 125.593496 112.831711 430.48327 -2.099716 258.168736 -20.821547 250.644706 -22.052217 228.529322 -14.073472 257.570708 -51.600548 164.746149 -189.05296 818.20523 -14.418889 736.099417 -1.721132 783.402477 -0.124308 646.681557 -1.861663 677.570419 -18.86517 -106.35277 -0.025788 0.003514 -0.209237 -0.32265 -0.367439 -1.290704 -0.393573 -1.189918 -0.392358 -0.146747 -0.39784 -0.26404 -0.003945 0.00383 -0.071214 -0.062791 0.002729 -2.3e-05 0.000899 -0.025131 0.012335 0.000455 -0.021443 0.005103 -0.543827 -0.163549
37.694472 123.655736 120.301201 390.333734 -3.379389 220.138596 -26.861629 203.099486 -28.833475 178.240271 -18.564901 216.57397 -50.914233 163.590896 -192.234837 804.661035 -13.409626 730.862109 -1.504404 780.263895 -0.030767 645.582807 -1.820064 676.864351 -26.980509 -145.387069 -0.054643 -0.007533 0.119691 -0.982527 -0.151533 -1.514282 -0.384099 -2.497869 -0.453875 -3.120596 -0.310514 -1.775709 0.002297 -0.002032 -0.013277 -0.05652 0.018308 -0.009349 0.007289 -0.00315 0.031389 -0.000467 0.000235 -0.000184 -0.723982 -3.044704
35.953169 133.419856 125.867718 397.72582 -5.593559 196.347585 -35.539324 164.269717 -36.020605 142.046097 -23.686987 185.157784 -52.919601 169.224849 -205.952182 787.523898 -13.234367 742.251539 -1.046859 792.16906 0.048868 657.692303 -1.247776 691.565912 -38.722973 -188.436103 -0.020588 0.185495 0.062945 0.03467 -0.277475 -0.680064 -0.606321 -2.057856 -0.399469 -2.051644 -0.311618 -1.230287 -0.019367 0.04769 -0.236348 -0.092229 0.000576 0.04403 0.041363 0.045069 0.157185 0.056259 0.053851 0.078974 -1.057816 -2.787387
37.466977 124.853066 131.517877 416.703563 -1.225458 187.917227 -19.474067 146.744094 -19.711145 120.728417 -12.343447 162.840758 -55.77325 165.093051 -218.597567 771.571402 -17.362469 687.094768 -2.282324 718.331889 -0.148178 596.945658 -2.17096 641.248018 -16.44128 -180.763266 0.015608 -0.142117 0.062024 0.221139 1.582731 -0.092488 2.397987 -0.494177 2.439823 -0.86613 1.832243 -0.716329 -0.037467 -0.025533 -0.188366 -0.081614 -0.279759 -1.064614 -0.237729 -1.805755 -0.367237 -1.471468 -0.127006 -0.950168 4.700197 0.079738
37.142173 116.263294 144.801638 402.572917 -0.186709 169.673624 -16.279654 122.930433 -16.560476 102.747303 -11.290022 141.013799 -56.649444 149.676501 -219.221148 717.131386 -20.988932 645.326436 -3.483784 669.586837 -1.055329 558.991821 -3.989521 597.526568 -9.254765 -182.427526 -0.000707 -0.153054 0.319486 -0.12187 0.455499 -0.46568 0.142988 -1.053493 0.137098 -0.724565 0.023489 -0.784968 -0.003414 -0.377757 -0.000444 -0.995735 -0.171842 -0.654831 -0.12656 -0.856251 -0.412618 -0.623253 -0.274535 -0.771795 1.0254 -0.003813
40.097144 118.883941 175.814821 390.443612 7.431111 216.440047 -0.003486 185.456292 -0.265387 154.915112 0.018899 194.152905 -55.29283 153.596882 -210.59761 752.752581 -21.100931 630.596983 -3.429517 645.348846 -1.106324 530.311349 -3.958473 572.984907 0.288006 -111.978724 0.056545 0.014604 1.503475 -0.092765 9.973624 2.842659 15.806675 6.405121 12.633045 5.336356 12.232751 4.239288 0.008221 0.02534 0.086517 0.431686 -0.000149 -0.085022 0.000213 -0.223406 -0.000602 -0.377632 6.1e-05 -0.257306 12.808001 8.55313
41.568873 119.054208 191.615941 365.142672 13.573321 247.818944 1.000713 244.474152 0.307406 211.669558 1.827389 243.625875 -52.591616 154.734149 -207.85724 734.047078 -27.774013 602.835805 -7.092751 607.756873 -3.981179 498.529792 -7.761207 537.269109 6.501132 -60.511484 0.013262 6.1e-05 0.339916 -0.423722 0.918133 1.061651 1.122331 4.070046 1.144043 4.419993 1.474615 2.80443 0.033822 0.002097 0.008973 -0.117672 -0.457694 -0.312453 -0.658251 -0.563989 -0.890136 -0.490993 -0.634099 -0.57462 4.052448 7.857298
41.875797 116.550496 178.183617 375.948019 5.9529 357.906799 -0.194452 380.607344 -0.602072 325.875558 0.019954 352.290426 -52.221698 152.363073 -205.266817 740.583446 -30.546594 611.298905 -8.990723 615.182634 -5.939615 499.390684 -9.825657 535.911322 2.759583 -18.447259 0.000564 -0.013304 -0.244033 0.078777 -1.548388 10.087984 -2.077414 15.003935 -1.769899 12.2721 -1.465437 9.991175 0.000653 -0.009154 0.008121 0.014486 -0.065942 0.029496 -0.11238 0.022545 -0.195225 0.000371 -0.121589 -0.000859 -0.78949 12.137458
40.967872 110.624239 172.555734 369.321817 0.243757 346.036684 -7.684218 367.839927 -8.875 319.999651 -3.670931 349.72781 -52.656777 149.45767 -203.11792 735.979107 -11.596432 633.400705 -0.134876 650.463998 0.079401 534.50647 -0.476176 572.336342 -10.633304 -27.361916 -0.004975 -0.077312 -0.045155 -0.029457 -3.787458 -0.100086 -5.433911 -0.108905 -4.853916 -0.026729 -4.232173 -0.004677 -0.000902 -0.013984 0.005654 -0.007179 4.500948 0.196243 6.92321 0.49185 7.392491 0.596517 5.975754 0.598756 -24.226813 -0.875786
38.540036 103.269492 140.24681 371.353914 -0.434164 290.732515 -15.078694 292.626947 -16.239132 246.718216 -9.113852 280.583331 -55.166409 138.004674 -193.350122 712.11719 -6.678557 650.429642 0.114446 686.44981 1.695819 564.655853 0.053305 596.726507 -28.430405 -64.886602 -0.037077 -0.126484 -1.673045 0.002788 -1.328553 -2.406163 -1.234515 -4.296546 -1.103943 -4.757929 -1.216495 -3.804018 -0.02921 -0.228244 0.120343 -0.196613 0.674144 0.112942 0.497804 0.484404 1.041329 0.413568 0.848118 0.254454 -4.28963 -7.97701
37.341213 109.983027 136.249964 370.450505 -1.095305 255.116029 -18.90703 246.778325 -20.837325 208.715569 -12.302688 244.661512 -56.175531 141.976062 -192.542633 722.305096 -10.820339 691.039658 -0.275629 752.288382 0.183493 620.414117 -0.304078 645.263297 -24.931573 -109.435069 -0.009471 0.105703 -0.028889 -0.00055 -0.150278 -1.163223 -0.216311 -1.952064 -0.286237 -1.588292 -0.238733 -1.229797 -0.004573 0.028168 0.000845 0.03618 -0.497219 0.61483 -0.74529 1.50722 -0.763659 1.312457 -0.61201 0.948768 0.114829 -5.788354
37.166733 110.83724 126.635628 386.452519 -0.792183 214.472047 -16.716979 180.591733 -16.514349 143.59539 -9.987878 183.270181 -55.697825 143.169228 -196.268499 726.732032 -14.833204 682.094263 -1.102728 726.386928 -0.060516 595.377684 -1.427395 627.756917 -14.575481 -154.187675 -0.000204 0.001652 -0.175868 0.169172 0.024499 -1.762224 0.067382 -5.156248 0.251008 -6.070617 0.120519 -4.426512 0.00102 0.002496 -0.017852 0.006762 -0.315801 -0.029138 -0.275735 -0.226871 -0.454763 -0.257811 -0.41384 -0.120378 1.38149 -3.826371
36.547379 112.343208 129.956925 403.862433 -0.42371 158.663476 -14.903878 111.143364 -14.616174 86.984597 -8.813526 125.793101 -55.802589 144.022471 -198.813201 729.764044 -18.499675 672.388823 -2.237059 712.579011 -0.748329 587.119492 -3.005342 622.947563 -8.750062 -222.129079 -0.002602 0.005081 0.021496 0.191785 0.057176 -4.197152 0.052023 -8.386741 0.057924 -7.057396 0.036711 -5.391588 -4.9e-05 0.001267 -0.008195 0.003156 -0.202262 -0.034772 -0.198534 -0.06625 -0.383235 -0.028837 -0.290366 -0.009247 0.739143 -6.183987
42.820112 112.608451 157.964736 412.982755 1.482805 161.428491 -3.434342 106.500039 -4.72447 82.594898 -1.24719 122.235334 -53.143748 145.4716 -200.624489 731.999863 -18.154817 664.358791 -2.39915 709.426247 -0.301709 580.409852 -2.378459 616.549699 -2.638364 -225.105709 0.248268 0.000156 1.365479 0.050917 3.491798 0.011943 4.029479 -0.049537 2.720935 -0.056825 3.429837 -0.025518 0.032449 0.003627 -0.004107 0.00171 0.001622 -0.024119 -0.002834 -0.003495 0.099717 -0.01928 0.036621 -0.016512 1.778879 -0.009906
46.872269 114.436738 172.497643 491.105605 9.965832 197.353705 0.215599 139.21412 0.180022 107.598249 0.901135 149.76154 -50.132824 145.60549 -194.721648 740.438928 -19.646126 663.773121 -3.206764 704.944485 -0.978025 575.849137 -3.347143 612.59718 1.99725 -185.61063 0.091582 0.007361 0.319715 3.381647 3.760363 1.803145 5.370917 2.187493 6.748951 1.65067 4.268595 1.396417 0.0439 3.1e-05 0.04407 0.024184 -0.029429 -0.000129 -0.058479 -0.007101 -0.19331 -0.008995 -0.082538 -0.006355 9.22668 1.903362
51.276469 112.310548 186.468492 478.133673 22.603755 248.269915 4.691078 217.605166 2.9061 177.047675 5.311876 215.644469 -46.912269 140.621314 -182.3422 759.353621 -22.086014 674.991459 -4.3324 716.878096 -1.863762 564.473158 -4.511362 589.635616 9.424441 -109.259304 0.098864 -0.009969 0.271974 -0.08681 2.551911 2.918356 2.895319 8.71751 1.639524 8.602306 1.837297 5.988437 0.053454 -0.043399 0.203271 0.119276 -0.071386 0.047004 -0.084505 0.050081 -0.141561 -0.056745 -0.086717 -0.219293 2.744603 10.056393
51.047015 112.451139 204.01673 463.181494 22.614241 342.035239 4.061909 357.810506 2.277293 284.518808 5.105012 311.903738 -46.733505 142.293704 -179.88211 759.74984 -25.176873 673.653234 -6.265167 717.758978 -3.205921 564.99923 -6.226124 587.505316 10.887222 -47.637979 -0.000257 4.4e-05 0.394504 -0.11876 1e-06 7.494517 -0.022642 17.342506 -0.038282 12.686127 -0.002054 8.85633 0.000171 0.004943 0.008354 5.2e-05 -0.101175 -0.000664 -0.177738 0.00027 -0.18089 0.000123 -0.137807 -0.001928 0.052741 12.607402
53.013213 111.87411 202.172784 452.345369 10.268022 438.303507 0.050016 498.778823 -0.046406 414.060895 0.518924 428.19709 -46.96891 143.235633 -174.179657 786.918338 -23.499092 693.913921 -5.337692 741.754226 -2.310469 579.45862 -5.178984 594.296702 1.701988 -13.864158 0.018577 -0.000742 -0.004185 -0.06413 -2.405811 5.960945 -3.210458 11.679149 -2.973868 12.115976 -2.368716 9.193794 -0.000296 0.001554 0.045924 0.238637 0.028924 0.150091 0.037128 0.197261 0.073163 0.091346 0.048172 0.019514 -3.979931 10.103286
53.910898 112.644634 195.511602 458.536796 7.668282 411.362559 -0.081063 439.679233 -0.326702 359.808126 0.147252 384.578152 -46.926191 144.782632 -172.479794 802.639291 -17.522184 736.456687 -2.027902 793.724457 -0.682756 628.934267 -2.646561 638.630142 0.064878 -37.331525 0.003768 0.001322 -0.055791 0.021042 -0.189407 -0.427225 -0.258429 -1.862753 -0.126849 -1.904061 -0.113319 -1.171285 1e-05 0.004155 0.004168 0.077743 0.437761 0.632804 0.785528 0.879751 0.481265 1.013274 0.421088 0.797326 -1.102271 -5.695346
50.945285 112.479078 185.94697 472.633882 6.004755 354.304349 -0.535975 364.693602 -1.409435 289.836616 -0.033836 318.521209 -48.824742 146.361663 -166.748047 852.509446 -13.287827 797.964666 -1.00057 871.871336 -0.037033 692.967305 -0.967555 699.889892 -0.989541 -86.484115 -0.041946 -6.1e-05 -0.11993 0.106715 -0.101574 -2.128975 -0.200155 -3.5028 -0.378985 -3.779215 -0.322261 -3.109938 -0.018824 0.004282 0.048427 0.751472 0.29236 1.233283 0.179572 1.834268 0.401767 1.551794 0.413683 1.402566 -1.561171 -10.174382
49.492722 114.436356 175.618559 575.757886 4.973886 330.172803 -0.815519 304.057771 -1.211464 227.775312 -0.086413 263.830267 -49.248474 146.529294 -157.426343 853.333688 -12.431031 832.760946 -1.023481 931.346767 -0.005823 746.429002 -0.763372 747.635845 -1.049312 -149.539294 -0.010504 0.008441 -0.14755 5.084172 -0.048505 -0.425516 -0.029227 -2.754605 0.007488 -3.734022 -0.012103 -2.57381 -0.000915 4.8e-05 0.134052 0.000199 0.014276 0.371282 -0.00013 0.981104 0.013487 0.993173 0.012085 0.787653 -0.000876 -8.578704
47.866988 128.869655 153.249297 742.019016 5.636014 315.961401 -0.393348 277.904022 -0.181652 189.717045 -0.010618 239.954179 -50.100375 154.343141 -145.689796 897.453062 -12.594094 861.021621 -1.326795 942.779392 -0.1056 763.154153 -1.131359 769.477932 -0.01025 -191.863049 -0.013574 0.42848 -0.761649 10.530483 0.020681 -0.156305 0.076113 -0.58798 0.454895 -1.738299 0.036449 -0.566103 -0.003653 0.101482 0.227303 0.555987 -0.000531 0.23578 -0.019654 0.034871 -0.06183 0.092654 -0.036078 0.15724 0.852141 -2.633602
46.218303 146.475258 143.225861 870.233043 12.336161 303.600218 1.400174 197.98305 2.284045 127.082873 2.342042 174.942829 -48.806377 163.191207 -137.460799 939.875181 -13.025517 903.024027 -1.542349 992.807131 -0.187722 803.800153 -1.343558 806.346101 3.781371 -291.667154 -0.014446 0.563429 -0.169488 5.106183 1.295631 -0.123324 3.277781 -6.759005 3.753951 -6.253386 2.668053 -5.125057 0.008465 0.123299 0.119602 0.489808 -0.003633 0.500115 -0.008109 0.646624 -0.011731 0.527257 -0.009114 0.431345 4.185376 -10.41225
46.403997 152.893555 131.57831 916.101223 23.161446 277.780129 8.853917 164.628047 10.198998 100.300382 9.454658 143.463569 -46.757671 165.084167 -126.974849 955.211093 -12.082533 958.595942 -1.381167 1068.612558 -0.114448 865.13858 -1.08754 860.72939 12.474234 -376.291339 0.000186 0.06881 -0.246951 0.588982 1.690902 -0.57364 3.21221 -1.537349 2.830071 -1.582806 2.385386 -1.55992 0.021963 0.005458 0.207987 0.062054 0.017714 0.829634 0.004447 1.394283 0.009019 1.127565 0.013518 0.887281 2.519564 -5.382237
43.308417 155.505235 120.156242 918.644009 36.356147 291.045624 22.344585 184.388891 22.91244 117.061144 20.603774 159.811853 -44.768522 164.3206 -113.146154 948.756568 -10.669233 1011.692418 -1.027332 1155.387477 -0.029145 942.847475 -0.755425 927.499716 24.57595 -395.466586 -0.053423 0.011059 -0.259263 0.001762 1.481021 0.154702 3.067587 0.559865 2.53799 0.647175 2.144161 0.440954 0.021618 -0.000885 0.398532 -0.010941 0.043938 0.715567 0.026133 1.693515 0.028084 1.670772 0.030172 1.246997 2.032123 -0.238253
44.485616 152.305176 106.76501 948.0361 50.177653 290.367672 39.490585 140.086552 41.216915 80.859252 35.097711 122.453095 -41.934522 156.900217 -119.698412 948.540858 -11.948362 1099.25226 -1.369326 1291.41587 -0.067189 1047.318279 -0.883753 1022.390594 44.612365 -546.162506 0.007893 -0.016635 -0.395471 0.231413 1.110943 -0.000395 2.424708 -3.038644 2.667819 -3.339035 1.918763 -2.483204 0.046329 -0.085719 -0.092209 -1.2e-05 -0.036199 1.816728 -0.024526 3.78413 -0.00783 2.743912 -0.005031 2.310288 2.964716 -12.136711
46.006375 157.386933 98.52767 974.888886 57.901474 244.711766 49.469914 111.914777 53.172517 60.804732 45.212336 97.5852 -40.689922 155.947951 -120.543801 918.350827 -14.579827 1191.973845 -2.82533 1453.351515 -0.338024 1205.14404 -1.453348 1161.418078 61.989599 -724.548881 0.012779 0.041696 -0.165328 0.187503 0.276343 -1.951364 0.561498 -1.579643 0.760225 -1.426683 0.639488 -1.409754 0.009374 -0.001449 -0.001487 -0.244122 -0.130837 1.876902 -0.260804 4.7811 -0.103806 5.536079 -0.070473 4.429936 1.425871 -12.58352
46.193669 171.939853 88.305739 1052.379367 72.258273 231.678197 71.300419 92.939584 76.312636 49.648918 64.357718 85.36518 -40.253099 159.940427 -123.741518 984.609057 -16.123685 1319.251791 -3.399185 1587.35699 -0.55052 1325.156954 -1.776662 1277.982287 89.826436 -861.804472 0.00019 0.321703 -0.279838 1.481543 0.79421 -0.178326 1.989432 -0.880708 2.084448 -0.564812 1.68562 -0.408569 0.001179 0.025231 -0.02093 1.153856 -0.038839 3.227526 -0.026509 2.954278 -0.025783 2.847726 -0.016222 2.786541 2.573886 -5.949018
46.643376 182.682093 87.827381 1064.89853 87.052653 214.989816 89.814912 84.953748 93.886024 45.559275 79.225785 81.228799 -39.139577 164.074513 -125.176755 1008.046762 -16.249846 1405.609249 -3.456481 1695.039904 -0.477995 1428.713314 -1.669154 1374.718127 107.762093 -964.013272 0.001089 0.16274 -0.00065 0.037012 0.688426 -0.311864 1.067327 -0.179337 0.909677 -0.087875 0.771869 -0.051359 0.007809 0.026374 -0.004138 0.137842 -0.000246 1.368782 -0.000239 1.766808 0.00256 1.947752 0.001678 1.764416 0.815718 -2.863056
50.252582 181.001272 87.082909 1069.993289 97.109555 205.977587 102.923255 77.187701 111.304099 39.751186 94.380237 73.689792 -38.445995 160.642838 -119.806687 991.412588 -16.978855 1405.001932 -4.222846 1706.036272 -0.758474 1461.063448 -2.02674 1398.124174 130.438786 -1018.822913 0.067242 -0.003884 -0.001584 0.006079 0.274803 -0.09648 0.446273 -0.186091 0.740625 -0.197942 0.662698 -0.183549 0.0031 -0.018134 0.058863 -0.069194 -0.007998 -6.6e-05 -0.038336 0.017777 -0.032232 0.18108 -0.017339 0.098789 1.081866 -0.75767
48.381363 174.812694 85.456622 1051.989783 98.820513 184.382902 105.864042 63.808952 111.623775 31.026764 94.398188 61.744498 -38.710289 159.001737 -113.999048 1010.109243 -16.36273 1437.942083 -4.176869 1748.49728 -0.585387 1491.574463 -1.570801 1428.358946 128.376184 -1092.351399 -0.017751 -0.053822 -0.007665 -0.076375 0.007471 -0.597765 0.020712 -0.63617 0.000229 -0.539765 1e-06 -0.527815 -0.000453 -0.004213 0.072141 0.087327 0.005693 0.190839 0.000126 0.260962 0.011193 0.157647 0.029009 0.161715 -0.008219 -1.280822
49.455912 177.287192 86.534009 1088.658847 103.040357 184.262975 109.939338 62.318536 117.691856 29.368834 99.647261 59.430741 -39.210459 160.515644 -114.55626 1029.897168 -15.979043 1452.558818 -3.889602 1765.310661 -0.533791 1505.958632 -1.513952 1442.948753 134.077818 -1114.717199 0.005901 0.008695 0.003375 0.314091 0.044112 -2e-05 0.038483 -0.008806 0.0803 -0.02276 0.071009 -0.022092 -0.001605 0.003587 -0.000679 0.095973 0.002276 0.036957 0.005117 0.040226 0.00119 0.034513 0.000524 0.037067 0.061939 -0.113327
50.713688 170.941443 92.73209 1063.028005 114.264964 177.41094 124.8207 54.4428 131.687179 25.325673 112.10213 54.976032 -39.26568 154.949981 -114.151007 1020.498771 -13.921098 1451.577164 -2.49948 1754.772209 -0.166549 1490.007683 -0.940744 1424.97518 141.220127 -1126.821081 0.007897 -0.057824 0.107181 -0.152662 0.290089 -0.064913 0.472137 -0.265918 0.393023 -0.149645 0.366608 -0.08676 -1.9e-05 -0.0491 0.000359 -0.02154 0.070905 -0.000166 0.153063 -0.015775 0.10401 -0.042463 0.067864 -0.056322 0.092665 -0.03268
50.144979 171.575756 95.229297 1012.58025 126.017286 143.163594 142.581309 33.346376 146.393537 12.739023 123.662961 36.126607 -38.130361 155.853211 -111.941262 1017.962204 -13.761017 1451.358711 -2.552796 1759.596916 -0.153236 1498.247539 -0.889157 1432.51139 156.019415 -1234.680863 -0.001603 0.000587 0.016589 -0.613158 0.287578 -1.834591 0.590474 -2.572509 0.389147 -2.141203 0.283615 -1.971331 0.008327 0.001312 0.010799 -0.001578 0.000463 -8e-06 -0.000281 0.003312 0.000277 0.01136 0.000727 0.009938 0.36865 -2.464492
45.291646 170.358246 97.06539 992.336354 137.998512 163.95772 153.577824 47.63588 156.8929 18.922505 132.995197 45.985436 -40.124701 155.47008 -107.362444 1013.896217 -14.250584 1476.36325 -3.065729 1795.019204 -0.339336 1534.946189 -1.129579 1469.593359 171.825294 -1213.016659 -0.123486 -0.002168 0.008766 -0.102205 0.271998 0.704758 0.204223 1.270677 0.181791 0.609686 0.169719 0.594001 -0.025417 -0.000236 0.047806 -0.004068 -0.004278 0.106779 -0.023463 0.176499 -0.036508 0.222017 -0.014368 0.236919 0.381234 0.095875
43.873287 171.238874 97.093462 969.53068 137.915762 158.752983 159.244594 45.015766 155.59236 17.668396 133.650114 44.039735 -39.554811 158.974756 -105.947157 1008.807096 -14.829967 1470.933108 -3.398064 1792.417563 -0.431439 1535.569287 -1.265703 1470.328751 172.410211 -1223.807589 -0.011282 0.001135 2e-06 -0.132556 -1.2e-05 -0.041974 0.051331 -0.037055 -0.002706 -0.021498 0.000804 -0.021029 0.002038 0.019531 0.004695 -0.006402 -0.005772 -0.005002 -0.008549 -0.000943 -0.005523 6.3e-05 -0.003871 9.2e-05 0.000497 -0.023893
43.48511 170.294148 98.488389 969.446608 137.645001 159.960403 156.341507 45.387005 154.913702 18.063124 131.465659 44.019406 -39.964888 158.707401 -107.068545 1006.459637 -15.1942 1495.866375 -3.608061 1824.205985 -0.488995 1575.021439 -1.383999 1506.365526 172.809823 -1255.743146 -0.000862 -0.001307 0.004975 -2e-06 -0.000133 0.002287 -0.013353 0.000762 -0.000742 0.00218 -0.009 -2e-06 -0.001057 -0.000113 -0.002952 -0.001367 -0.002209 0.104773 -0.003148 0.139705 -0.001801 0.250199 -0.002642 0.218144 0.000231 -0.205667
44.903381 169.863507 97.801293 993.696786 132.244813 162.38889 148.690624 46.627949 149.091949 18.263397 126.347237 44.790659 -39.816865 158.96416 -106.196144 1008.152741 -15.028834 1504.880246 -3.561161 1838.572375 -0.470378 1588.981733 -1.356453 1517.680572 166.311001 -1266.53878 0.011379 -0.000273 -0.001203 0.149784 -0.054031 0.009148 -0.095966 0.008368 -0.055749 0.000552 -0.050814 0.003349 0.000137 0.000104 0.001784 0.000711 0.000452 0.013538 0.000153 0.028175 0.000181 0.030798 0.000138 0.021169 -0.062277 -0.023103
45.903178 169.724637 97.568714 1008.728343 131.703322 169.576044 147.416358 51.780446 148.887946 22.257215 126.178994 50.705835 -39.656203 158.825088 -105.860362 1006.238598 -14.695216 1508.163783 -3.396427 1845.606158 -0.415229 1598.643495 -1.269152 1524.479449 165.028649 -1243.64031 0.005504 -2.8e-05 -0.000138 0.056419 -0.000555 0.077811 -0.002742 0.134981 -7e-05 0.197301 -5.6e-05 0.183373 0.000162 -3e-05 0.000266 -0.000909 0.001872 0.001789 0.00195 0.006714 0.001719 0.014643 0.001452 0.007597 -0.002481 0.104445
48.067449 168.708224 93.381589 1010.432638 126.441722 174.08425 138.997106 56.780516 144.882842 24.003891 122.904132 52.456235 -38.632302 156.084343 -104.553022 990.955089 -14.663017 1507.644166 -3.821056 1852.013069 -0.429538 1609.889148 -1.188995 1530.73099 161.089927 -1240.733508 0.024926 -0.001526 -0.045913 0.000719 -0.053627 0.029571 -0.123771 0.115207 -0.027303 0.032986 -0.021529 0.014851 0.006696 -0.011927 0.004061 -0.058479 1.8e-05 -4.5e-05 -0.012502 0.005551 -0.000121 0.019708 0.001307 0.006396 -0.023786 0.001701
49.645054 170.699011 98.307702 1010.387356 126.997821 159.540256 139.063029 42.561054 144.40069 17.056308 122.520249 43.339803 -38.789208 156.957785 -105.85889 998.228057 -15.361079 1512.395799 -4.009905 1859.225664 -0.588927 1606.504266 -1.461644 1529.857778 163.433202 -1292.495433 0.012736 0.005839 0.063307 -1e-06 0.00061 -0.317166 8e-06 -1.022933 -0.000402 -0.592051 -0.0003 -0.434769 -0.000159 0.001219 -0.004052 0.013296 -0.008116 0.003738 -0.002277 0.007009 -0.012549 -0.001781 -0.01406 -0.000125 0.00846 -0.528886
50.221489 170.938326 99.818336 1005.876933 131.338574 177.094392 146.960352 58.468523 150.174825 24.740099 127.045516 53.105865 -37.7877 157.144751 -107.910643 992.795487 -14.922822 1521.12844 -3.814127 1885.237038 -0.471822 1632.20394 -1.286123 1549.171258 167.481819 -1255.044113 0.001664 8.4e-05 0.005759 -0.005045 0.036471 0.458 0.109046 1.260204 0.056596 0.712359 0.041031 0.495728 0.006549 5.6e-05 -0.009847 -0.007411 0.003171 0.012569 0.00245 0.090347 0.006484 0.101967 0.005612 0.060573 0.024768 0.2753
52.050408 175.802809 101.764611 1012.301647 146.670239 189.294721 158.74307 71.515944 155.78848 31.824025 134.623264 60.561106 -35.293469 162.795505 -103.485723 1003.593876 -13.841906 1549.807092 -3.42304 1914.927051 -0.306003 1659.720744 -1.036645 1576.108811 169.903439 -1231.897105 0.016355 0.034124 0.009396 0.010226 0.423078 0.203185 0.227155 0.656487 0.051503 0.445338 0.109746 0.244752 0.042576 0.049905 0.046316 0.029204 0.020316 0.133914 0.010575 0.115983 0.01788 0.115007 0.013437 0.116093 0.008691 0.107722
51.333379 177.687725 103.412004 992.8261 170.616552 203.722095 187.71432 77.944726 185.102555 36.942396 161.706314 69.24478 -33.556596 166.678706 -102.750807 1001.079363 -14.401285 1550.794887 -3.724192 1913.646855 -0.374609 1655.482473 -1.185131 1573.298642 202.131428 -1197.824062 -0.002487 0.005026 0.006614 -0.094584 0.90493 0.264899 1.213433 0.138325 1.262734 0.190748 1.240223 0.290783 0.021911 0.022885 0.001309 -0.001577 -0.00554 0.000157 -0.006347 -0.000214 -0.003467 -0.002709 -0.004967 -0.001254 1.398524 0.238922
50.155236 182.975858 110.65565 975.900628 187.49879 207.098281 214.898585 78.997184 214.932488 36.966601 185.25342 70.477898 -34.007306 172.014032 -102.486283 1009.694041 -15.402222 1571.910685 -4.508374 1936.993549 -0.60397 1682.281494 -1.513783 1602.346708 238.323543 -1220.496742 -0.006839 0.03877 0.122591 -0.072757 0.398152 0.013873 0.918784 0.003529 1.113734 4e-06 0.799958 0.005442 -0.001503 0.042026 0.00017 0.018454 -0.016813 0.071394 -0.037433 0.070777 -0.027259 0.107587 -0.020085 0.132856 1.489469 -0.106285
48.559885 185.194364 111.694947 978.724923 190.330484 203.133041 226.952143 73.928112 224.500064 34.319948 191.218459 68.105011 -35.138261 174.60502 -103.565351 1019.581018 -17.308889 1560.518496 -5.652568 1904.770302 -1.192214 1654.327081 -2.330408 1582.976233 258.412433 -1212.090969 -0.012892 0.006684 0.002429 0.00204 0.010611 -0.019164 0.164439 -0.084036 0.104168 -0.049148 0.04726 -0.020316 -0.00925 0.009684 -0.002825 0.024086 -0.055615 -0.020716 -0.064628 -0.135141 -0.099055 -0.117104 -0.087739 -0.058898 0.406382 0.014523
49.769023 184.632349 110.275075 1005.151719 189.657446 208.467988 215.087623 77.729648 216.32177 35.77095 186.4444 69.712493 -35.473866 174.559971 -106.148608 1023.628818 -18.364203 1540.129595 -5.929698 1877.651254 -1.437396 1625.959803 -2.696577 1555.285114 253.026155 -1179.394245 0.007435 -0.000427 -0.004541 0.176021 -0.000596 0.034576 -0.159253 0.047653 -0.07587 0.015021 -0.030176 0.009375 -0.000798 -3e-06 -0.015911 0.00401 -0.015613 -0.067036 -0.003316 -0.09722 -0.011455 -0.12266 -0.013354 -0.122172 -0.028364 0.223528
46.967072 182.275161 109.231394 997.198404 187.223924 202.623143 210.578667 73.924473 211.430804 33.656387 182.455221 67.327006 -35.890509 173.314873 -105.620467 1022.378016 -17.124687 1533.251525 -4.968331 1862.451738 -0.998961 1594.981463 -2.13108 1526.929852 241.495978 -1165.25329 -0.040588 -0.007572 -0.002481 -0.015795 -0.007857 -0.041553 -0.023882 -0.047746 -0.027963 -0.032209 -0.02157 -0.020764 -0.001216 -0.002228 0.000659 -0.000382 0.021653 -0.007696 0.042486 -0.030885 0.039774 -0.148975 0.033235 -0.130432 -0.134436 0.042644
45.227046 180.506277 105.552912 970.39425 181.165379 192.399576 209.57023 67.815938 209.903948 28.941692 179.13575 60.730761 -36.785443 172.559492 -106.025578 1029.148622 -17.545795 1501.579037 -5.122467 1807.255414 -1.213899 1536.885963 -2.418559 1478.408664 243.042901 -1144.021631 -0.016422 -0.004312 -0.031502 -0.182583 -0.049823 -0.13232 -0.00121 -0.13169 -0.002767 -0.177801 -0.015237 -0.169999 -0.00551 -0.000825 -0.000388 0.011172 -0.002557 -0.165277 -0.001177 -0.415129 -0.010463 -0.538876 -0.009092 -0.391713 0.002469 0.097605
48.341322 178.081075 100.181089 988.487014 165.977565 186.315424 195.203856 64.824152 195.995621 27.197138 166.306389 57.79725 -35.546573 169.793755 -106.322714 1045.87901 -17.623603 1458.339848 -4.794128 1773.465373 -1.348074 1471.405663 -2.613483 1436.09856 229.853171 -1098.512697 0.051841 -0.008201 -0.070143 0.083557 -0.332399 -0.048875 -0.255028 -0.033745 -0.238357 -0.027113 -0.238317 -0.036307 0.01061 -0.011172 -0.000208 0.067447 -8.6e-05 -0.315841 0.005437 -0.159436 -0.003516 -0.712726 -0.003777 -0.307126 -0.183976 0.461816
49.40994 180.288204 96.661382 991.806558 154.593604 191.107699 171.783262 72.611598 174.989188 32.439139 148.91653 63.268414 -36.871315 172.945089 -101.908128 1040.792252 -12.497233 1384.582737 -2.260522 1637.850177 -0.162516 1348.717493 -0.806742 1317.817049 185.817272 -962.820719 0.005841 0.006797 -0.03147 0.002782 -0.202194 0.030426 -0.748097 0.220805 -0.595206 0.230831 -0.480037 0.123689 -0.012118 0.014488 0.046801 -0.0062 0.439443 -0.956943 0.47066 -2.696724 0.574462 -2.67001 0.516154 -2.541286 -2.339151 4.470966
49.626745 181.689877 93.677995 1020.385672 141.730648 188.069807 152.223463 68.341915 159.863171 30.839364 137.108327 61.125481 -39.355857 170.201444 -106.114221 1025.978066 -15.020955 1188.308552 -3.547777 1348.873352 -0.901209 1100.056124 -2.021592 1085.513703 184.770221 -762.520511 0.000237 0.002714 -0.023382 0.202964 -0.279312 -0.01217 -0.590937 -0.064682 -0.341812 -0.020226 -0.243848 -0.01846 -0.040501 -0.010969 -0.042527 -0.053093 -0.115971 -7.497356 -0.144439 -14.012673 -0.29832 -12.657907 -0.274198 -11.253442 -0.001479 11.666177
56.830561 181.98212 93.568301 1087.702874 114.813946 177.843646 116.765519 57.514067 135.503484 27.803077 117.500274 54.866484 -38.771057 166.917497 -102.263685 1060.935263 -16.259531 967.378258 -4.052232 1046.972448 -1.711472 814.728109 -2.925234 819.007093 167.672171 -541.519902 0.244016 0.000117 -3.2e-05 1.075088 -1.41596 -0.142923 -2.347262 -0.466645 -1.006219 -0.078657 -0.756156 -0.168993 0.002189 -0.015995 0.035579 0.292799 -0.024531 -11.351149 -0.01676 -19.097403 -0.128818 -21.378153 -0.083235 -18.738813 -0.414983 18.863332
58.356914 176.38044 70.46719 1120.481029 108.673073 189.224612 96.619721 66.311099 125.980086 35.87919 103.295115 61.581055 -38.897124 163.480678 -80.641953 1182.275462 -17.484554 811.691702 -5.530289 778.945148 -4.66227 586.289485 -5.327534 606.37846 179.113094 -332.095636 0.010113 -0.043784 -1.634811 0.243292 -0.084384 0.176476 -0.953116 0.312883 -0.173482 0.514178 -0.457428 0.193748 -0.000102 -0.017875 1.282476 3.284183 -0.022244 -6.825163 -0.114678 -19.779054 -0.724195 -18.749135 -0.357381 -15.948417 0.188777 25.473106
56.966792 177.719667 69.269483 1152.152164 68.997799 249.8538 59.658504 112.474147 77.805706 70.538108 67.716921 101.019608 -38.226927 169.128639 -61.750025 1214.168245 -14.381161 687.973265 -4.935649 600.217021 -5.911975 455.351364 -5.890082 483.97967 126.61222 -167.450503 -0.008379 0.002533 -0.005133 0.220693 -4.486544 4.20607 -4.433726 6.062528 -5.775999 5.802186 -3.74187 4.855374 0.002912 0.047957 1.258812 0.21223 0.151479 -5.111936 0.016906 -11.629886 -0.074107 -8.262474 -0.014114 -6.891754 -4.541606 27.912462
51.072399 178.267328 69.412129 1108.917419 52.53924 259.857433 45.291485 127.172457 54.529298 78.090823 46.479956 111.752467 -40.090388 167.52363 -62.66882 1185.131263 -16.704845 555.894543 -6.574529 455.141524 -8.082793 325.413049 -6.538587 360.258592 104.600139 -84.682463 -0.160913 0.000421 7.3e-05 -0.413392 -1.119566 0.098175 -0.98803 0.451172 -2.063126 0.192023 -1.992073 0.270871 -0.022172 -0.003826 -0.003393 -0.175713 -0.086969 -7.032195 -0.117274 -10.019003 -0.16939 -10.888382 -0.01693 -9.114715 -1.050192 13.972339
49.755568 146.281344 72.687245 1033.65529 35.876441 300.932645 26.806978 177.346005 32.731987 113.882044 27.491834 151.296222 -38.364657 163.871717 -59.514676 1134.232855 -14.55735 464.891104 -6.001455 340.9394 -8.112577 238.109746 -6.352267 279.254918 73.435408 -22.65048 -0.008599 -1.58004 0.037748 -1.322274 -1.584328 1.506305 -2.409788 4.161826 -2.766261 3.365947 -2.478595 2.989264 0.018982 -0.020122 0.040719 -0.55855 0.073846 -4.064588 0.013064 -8.23404 -2.7e-05 -6.803769 0.001347 -5.15089 -2.74888 19.740741
44.870636 143.871866 75.163668 989.718604 23.225057 301.481528 14.210336 179.612567 17.345634 120.257469 14.592416 161.080622 -41.401681 152.444088 -61.232523 1075.593153 -14.505364 363.809363 -6.692135 232.581054 -8.960847 164.396021 -7.650301 206.107293 51.240922 -3.442897 -0.126173 -0.010005 0.020741 -0.477089 -1.369968 0.00025 -1.982142 0.007196 -2.422314 0.086815 -2.025679 0.153273 -0.057837 -0.206492 -0.01222 -0.778165 4.6e-05 -6.187886 -0.018804 -10.329385 -0.021086 -6.807423 -0.060293 -5.543599 -1.9914 8.43175
41.815802 145.101027 74.810829 957.666624 19.186903 296.232135 11.756948 170.30986 14.040354 116.950958 11.480237 159.568113 -42.147661 149.007392 -61.554584 1037.458269 -12.840851 309.874772 -6.512961 183.509428 -7.549804 130.683424 -6.852675 172.099487 42.181604 -0.381057 -0.053843 0.002614 -0.000415 -0.263789 -0.192679 -0.023052 -0.116158 -0.123678 -0.174526 -0.023046 -0.18641 -0.003567 -0.00333 -0.019591 -0.000422 -0.344144 0.050705 -2.16245 0.001216 -2.903763 0.060406 -1.932145 0.02195 -1.532069 -0.440285 1.533154
38.368386 156.094992 66.009736 960.889153 13.345424 307.37677 6.894227 182.091008 9.938266 132.541843 7.906328 176.519234 -45.312066 152.530277 -66.512875 989.400042 -11.98463 293.146979 -6.864976 170.873495 -6.235155 123.925248 -5.874542 165.941706 31.917199 0.144788 -0.074143 0.200712 -0.275297 0.002706 -0.528743 0.102892 -0.645057 0.196983 -0.353483 0.487616 -0.332272 0.427751 -0.057265 0.02058 -0.096019 -0.569827 0.01477 -0.232059 -0.004632 -0.225346 0.062831 -0.089708 0.037642 -0.05609 -0.714373 0.995622
36.287248 157.288991 60.933219 986.186166 10.831812 316.179482 4.918661 188.648487 8.086471 137.240407 6.2609 181.188966 -47.860678 149.244534 -70.111541 971.502305 -9.201495 288.927916 -2.93606 170.776116 -4.369176 122.387344 -4.269975 163.127406 24.34366 0.425213 -0.029013 0.002275 -0.101547 0.16434 -0.13102 0.062137 -0.166367 0.057997 -0.095376 0.040919 -0.095877 0.030482 -0.034863 -0.017888 -0.047402 -0.081681 0.1836 -0.015291 0.821953 -1.4e-05 0.165463 -0.004801 0.127702 -0.012035 -0.512085 0.073752
36.423672 155.768468 59.825646 980.547589 11.869253 319.711511 5.879599 191.946363 9.125084 138.612281 7.063557 182.651319 -47.529392 144.877246 -73.705194 954.502725 -9.362713 289.373165 -2.455658 171.239888 -4.090996 121.738895 -4.045996 163.487308 25.435847 0.547358 0.000128 -0.003693 -0.005079 -0.008083 0.023718 0.009809 0.042842 0.014288 0.031366 0.003411 0.024198 0.002939 0.000575 -0.032426 -0.044906 -0.075024 -0.0007 0.000171 0.021445 0.000314 0.004575 -0.000861 0.003017 0.000198 0.011983 0.007701
35.980551 151.42191 59.230385 951.843263 13.37235 291.735157 7.335136 166.001601 10.605645 120.753043 8.345227 164.066954 -47.209493 136.008301 -75.572872 932.445775 -9.73367 262.557528 -2.639622 147.713945 -4.45783 104.331051 -4.325741 143.756856 28.815299 0.599868 -0.001356 -0.030752 -0.001488 -0.213203 0.044793 -0.640356 0.080405 -0.941501 0.055628 -0.615601 0.053396 -0.498426 0.00054 -0.140053 -0.011684 -0.128919 -0.003603 -0.651806 -0.003322 -0.868817 -0.007874 -0.671216 -0.004675 -0.634175 0.10536 0.001202
38.92791 142.274081 61.225574 963.137194 21.181779 277.393328 15.726585 149.607598 20.75779 103.939523 16.723608 145.461823 -46.271158 128.662485 -80.363914 936.377475 -11.047999 243.68021 -3.814511 132.513779 -6.004375 89.205204 -5.505968 127.176557 49.090404 0.562834 0.058006 -0.1425 0.016525 0.033304 0.894054 -0.180733 1.580879 -0.426073 1.688547 -0.629952 1.441537 -0.559664 0.00471 -0.10196 -0.073618 0.004136 -0.041604 -0.352085 -0.107837 -0.412549 -0.114938 -0.591986 -0.071096 -0.507808 2.684571 -0.00059
41.155712 137.703469 61.17941 979.078503 48.436851 238.504113 48.818079 109.046892 59.184521 71.711047 49.061259 107.244762 -45.61606 122.50745 -90.182174 933.598246 -22.929219 247.701951 -11.512391 136.046536 -14.166219 89.986038 -12.897622 126.979349 131.261738 -1.036038 0.030993 -0.03731 -9e-06 0.065423 5.556826 -1.467855 9.128361 -3.200043 9.841245 -2.981962 8.496779 -2.906516 0.002335 -0.075427 -0.282851 -0.002065 -2.145034 0.016458 -2.073353 0.023237 -1.725075 0.001701 -1.549642 -7.7e-05 19.806924 -3.126115
37.253121 133.960307 70.4802 946.725092 110.757435 273.150203 131.594173 141.824685 133.705659 97.126766 110.668253 137.303328 -47.743065 116.952763 -96.2198 909.067742 -47.269428 219.3313 -38.084331 107.57828 -38.604522 67.03515 -33.483575 102.359123 315.999332 2.781529 -0.097181 -0.025789 0.328927 -0.271787 12.705496 1.174358 20.110353 2.15052 14.976657 1.923918 12.358907 1.854351 -0.024233 -0.064434 -0.097806 -0.163288 -4.35486 -0.862506 -7.718723 -1.669016 -5.999805 -1.686355 -4.818787 -1.32536 39.935051 7.212722
41.538288 142.649571 81.112537 975.74888 166.978415 334.755407 213.041572 188.700312 221.682376 134.782097 186.878282 182.682737 -41.471511 132.091593 -110.371363 949.892434 -102.033983 274.299644 -102.910375 151.534076 -100.74422 102.211192 -87.045813 142.616399 621.312649 2.248843 0.116613 0.136513 0.373323 0.2191 5.749814 3.129594 9.762459 3.340876 11.061515 3.077491 9.925305 3.234126 0.22071 0.460553 -0.485263 0.44833 -10.4065 3.070051 -15.786515 3.755545 -14.622122 3.695835 -12.555224 3.330414 51.119266 -0.028284
43.881262 143.373487 121.134346 846.788195 267.051878 304.522638 351.340135 162.828665 344.348318 119.501228 294.252429 166.555682 -40.755534 156.098045 -113.915376 976.230977 -180.90185 336.528249 -214.545116 200.714497 -209.043004 146.113639 -180.255232 191.694496 1089.98654 -1.336534 0.032139 0.000916 3.99942 -4.568282 11.694411 -0.715285 17.206946 -0.953337 13.451457 -0.459559 12.134385 -0.372554 0.003117 1.00162 -0.028002 0.18009 -11.214385 3.178063 -20.27596 3.450145 -19.546811 3.911663 -16.777887 3.622046 65.42869 -7.052742
48.906825 171.818106 143.833691 829.274627 337.603073 323.938767 459.73747 185.860256 443.056588 140.781665 376.782201 186.46898 -40.937853 189.671155 -116.740659 967.676198 -239.84081 335.882233 -308.910437 203.462616 -296.644169 156.879984 -256.238081 203.77459 1464.766694 -0.435638 0.136197 1.286123 0.974097 -0.091504 4.130065 0.299999 7.276075 0.761473 6.211483 0.871391 5.094459 0.562079 -0.000203 1.633782 -0.017304 -0.018824 -4.148631 -0.00031 -8.57605 0.009343 -7.645455 0.191342 -6.664255 0.184544 27.639481 0.246072
48.907408 180.482013 155.13649 819.854575 354.371668 345.796455 505.184223 207.625713 484.87201 159.985507 411.780825 206.028917 -42.757457 194.032165 -143.539041 959.172542 -295.750578 325.016091 -376.950444 187.269925 -360.001601 137.053894 -310.984597 185.001283 1680.468488 0.88649 0.0 0.106549 0.213732 -0.026905 0.203206 0.356772 1.07084 0.602433 0.942647 0.613704 0.777051 0.487683 -0.019782 0.024784 -1.383256 -0.018764 -2.926172 -0.089334 -3.383258 -0.335672 -3.063715 -0.669406 -2.648161 -0.45353 7.405186 2.56501
50.946306 181.372422 160.701996 836.189769 362.846717 375.331707 526.870201 233.12241 503.071865 179.906253 424.391557 226.582433 -45.039684 188.400021 -156.445043 936.558963 -321.808731 314.619078 -410.092738 179.180666 -393.643302 127.181598 -340.63857 174.651806 1786.728359 4.560069 0.020818 0.001096 0.04904 0.080567 0.050075 0.605092 0.227863 0.738093 0.167653 0.584271 0.0951 0.488528 -0.029667 -0.041475 -0.277751 -0.13488 -0.550012 -0.084505 -0.698119 -0.089295 -0.751235 -0.184487 -0.675094 -0.148941 1.628666 1.425388
48.97229 182.175068 170.866794 851.815894 397.567976 349.266936 533.980195 200.975514 510.84411 154.841156 436.137276 201.820376 -49.960405 194.551511 -160.935712 964.545404 -342.914037 324.736872 -435.81133 183.358952 -426.327213 132.767084 -370.516702 183.396808 1870.523873 0.848349 -0.019501 0.000886 0.155846 0.072328 0.793116 -0.468944 0.023826 -1.191947 0.02979 -0.939727 0.080165 -0.716233 -0.127525 0.04941 -0.031771 0.206007 -0.335137 0.080062 -0.39106 0.024078 -0.651647 0.060014 -0.62792 0.10681 0.960094 -1.474702
53.702957 181.330362 181.376837 857.568214 419.835078 355.636328 555.612108 204.700006 530.889785 156.665348 455.0693 204.799282 -47.679579 195.923364 -156.207013 988.767007 -335.794412 337.935759 -428.112976 193.228969 -416.53701 139.621822 -360.493607 191.575266 1887.92718 0.490609 0.109038 -0.000981 0.156831 0.009679 0.303348 0.028777 0.214753 0.017098 0.192883 0.005341 0.20111 0.010912 0.026643 0.00241 0.035255 0.150183 0.037343 0.131459 0.0343 0.129364 0.05686 0.086264 0.068718 0.0892 0.040293 -0.048675
53.342247 179.304755 187.436685 841.664359 415.989528 346.932261 546.778789 201.165512 516.28982 154.395128 442.47489 200.754187 -48.089684 197.322474 -159.228573 1003.506075 -341.599072 335.144736 -435.236523 190.369546 -422.048159 136.027209 -365.869809 187.695048 1871.931399 0.581427 -0.000608 -0.005689 0.049787 -0.074427 -0.008847 -0.053919 -0.035391 -0.01539 -0.101783 -0.008285 -0.088367 -0.020174 -0.000878 0.002489 -0.014472 0.054521 -0.024871 -0.005787 -0.029389 -0.010658 -0.01811 -0.023439 -0.019896 -0.019849 -0.034026 0.003854
52.855794 179.4522 185.347295 841.200301 418.380317 341.125753 549.928456 193.841002 521.874691 148.843294 447.765804 195.385442 -49.150183 197.660375 -161.88198 1024.498977 -340.001588 349.520736 -428.740819 200.071717 -418.443594 144.047151 -361.936259 196.894356 1874.930764 0.039272 -0.001114 3e-05 -0.005855 -6.4e-05 0.003425 -0.024501 0.004523 -0.067914 0.015022 -0.050827 0.015723 -0.036382 -0.005783 0.000145 -0.010963 0.108657 0.001872 0.150944 0.024419 0.120564 0.007729 0.114849 0.01063 0.110039 0.0012 -0.318483
54.681518 175.748993 189.449171 829.945548 416.851165 335.548266 539.743598 193.922171 500.538718 144.844963 429.0309 192.237812 -48.428348 198.446438 -157.665224 1025.242205 -337.735602 359.929565 -429.235867 213.461199 -418.878132 148.61243 -360.680926 204.547386 1835.200061 -0.024185 0.015499 -0.019305 0.022447 -0.037899 -0.0014 -0.022987 -0.047599 8e-06 -0.222646 -0.027218 -0.200181 -0.01278 0.00267 0.00078 0.027823 0.000135 0.003788 0.076362 -0.000143 0.216821 -0.000113 0.03561 0.00109 0.072955 -0.212738 -0.125093
55.345896 174.012221 192.166334 833.339154 410.16118 329.916927 527.311384 187.048454 488.650895 139.480013 418.972801 187.364228 -47.250415 199.266031 -156.441539 1027.219797 -333.016506 369.435914 -424.086479 222.177852 -413.148717 154.737114 -355.717263 211.498585 1800.432998 -0.395857 0.002006 -0.004312 0.009673 0.003462 -0.027059 -0.023827 -0.072426 -0.062015 -0.071435 -0.05062 -0.059651 -0.031286 0.007251 0.000844 0.002384 0.000953 0.016601 0.061954 0.015537 0.087214 0.019727 0.061836 0.017196 0.058074 -0.16624 -0.224351
56.56899 172.221333 185.068092 857.248123 403.854887 367.788372 524.111266 217.683867 489.469195 169.473293 419.732985 219.613866 -45.339433 199.63633 -147.890539 1069.260323 -326.118991 429.526239 -415.712519 271.342195 -409.66604 203.739876 -352.693736 263.636286 1794.721987 -1.576423 0.006684 -0.004632 -0.066788 0.169074 -0.024428 1.028589 -0.00487 1.161109 0.000342 1.459325 0.000345 1.27977 0.019723 0.000172 0.120155 0.42156 0.03609 2.262916 0.041751 2.454976 0.00737 3.365062 0.006452 2.869262 -0.004536 -0.392358
56.747375 170.313438 183.547622 910.886803 389.018522 443.725549 505.07357 294.57602 480.951182 232.016086 412.414132 284.423505 -44.753289 198.557372 -135.483641 1120.99824 -300.152492 499.397344 -387.128083 337.533642 -383.70981 263.441505 -328.405354 324.462174 1723.836611 -0.997615 0.00014 -0.005313 -0.003136 0.813787 -0.138822 3.560711 -0.176093 5.80378 -0.037385 4.90128 -0.032186 4.18401 0.001907 -0.001462 0.271734 0.611157 0.538544 2.631485 0.509023 3.60856 0.424708 3.830371 0.433207 3.15401 -0.714106 0.065921
56.884854 172.763362 173.568342 969.125945 375.41751 588.10373 488.04947 446.712387 475.186444 359.740519 407.666448 413.757977 -45.299709 198.277702 -129.422518 1166.404577 -291.217803 545.836878 -376.532913 379.879408 -377.732911 299.234141 -322.620053 363.073942 1700.252958 2.783696 8.3e-05 0.008748 -0.139458 0.902284 -0.121006 10.150953 -0.145924 15.779601 -0.017379 13.948377 -0.013743 12.083839 -0.001658 -9.9e-05 0.069349 0.450716 0.067498 1.032159 0.073503 1.250833 0.023458 1.139565 0.025706 1.085067 -0.081218 7.114213
54.972717 177.589138 146.531747 1057.335587 326.815569 802.846333 424.701045 667.807529 441.820654 565.060295 375.96651 618.500559 -45.225282 193.891544 -117.206805 1177.445115 -276.474234 704.118003 -354.462111 546.274506 -373.841254 434.558463 -319.774288 501.314726 1628.486088 8.555222 -0.016345 0.033237 -1.143839 1.920745 -1.683903 16.676549 -2.200967 22.150207 -0.607217 23.080051 -0.641434 20.508488 3.1e-05 -0.024529 0.302712 0.026003 0.191485 10.062027 0.333266 15.070085 0.010076 12.586036 0.006303 11.125956 -0.773729 1.578767
52.510211 178.353924 125.081878 1067.12952 290.940287 1067.861756 378.197355 1012.57475 417.625988 888.779818 355.750652 925.368564 -45.015206 185.646687 -102.899431 1186.867629 -238.86951 882.498746 -292.938932 778.756015 -320.317683 617.898279 -275.905351 673.641631 1469.44347 24.550545 -0.028213 0.000822 -0.848294 0.022575 -1.042582 18.866957 -1.347873 35.74853 -0.340625 36.498678 -0.279315 30.804717 0.000245 -0.089564 0.465497 0.018776 1.373843 10.059418 2.929935 20.554293 2.066561 16.092083 1.617564 12.706006 -4.085187 4.120574
46.996896 169.905615 121.323615 902.564299 291.328582 1259.838402 376.158385 1339.581355 381.698866 1287.535613 323.30024 1291.54075 -41.465447 190.031775 -85.75536 1148.535533 -204.681757 993.872096 -247.306047 925.476088 -278.200502 760.740513 -239.661119 808.08037 1311.631879 68.90198 -0.152853 -0.102487 -0.028663 -6.886638 0.000129 7.930128 -0.002756 22.841823 -0.807813 36.842909 -0.775812 30.449884 0.072884 0.025593 0.780602 -0.314603 1.319513 3.308239 1.930687 6.327429 1.483713 7.419986 1.275559 6.111512 -4.481104 11.194853
43.472691 154.561887 100.281341 809.374197 241.131353 1505.517101 321.218455 1701.254637 327.238315 1711.179651 274.928141 1681.709233 -39.329462 179.979413 -68.361133 1039.879256 -162.0368 1091.148271 -201.188085 1076.894667 -219.857549 932.644903 -187.367573 966.242358 1083.5502 117.227649 -0.068668 -0.362997 -1.001286 -2.538303 -2.371432 10.934868 -2.167475 21.585097 -2.094925 30.076019 -1.958865 25.711346 0.02824 -0.136575 0.984738 -2.699093 2.487988 2.270436 2.377421 5.733318 3.428976 8.748052 3.214005 7.063288 -10.884292 6.38295
46.65567 156.660797 103.42443 834.124124 237.390036 1735.333771 317.301804 1968.864977 326.570153 2021.474592 273.134146 1984.00726 -38.216572 179.474957 -64.77598 991.481279 -135.903636 1187.622182 -170.530766 1217.106576 -174.212541 1080.059434 -146.690451 1104.179274 977.826154 146.32662 0.056223 0.007078 0.02425 0.186369 -0.014626 8.158701 -0.012012 9.769537 -0.000341 12.919743 -0.002936 12.485962 0.007986 -0.000354 0.04828 -0.576632 1.148318 2.043073 1.26638 4.288963 2.65245 5.405728 2.485807 4.599969 -2.712977 1.611331
46.291839 154.869713 95.489241 850.957611 208.183915 1835.287644 277.579396 2112.862412 281.750691 2176.661425 234.346137 2121.941365 -39.237785 174.28949 -73.356106 972.765842 -117.734537 1222.391976 -139.034141 1290.208082 -135.319057 1138.644959 -115.193759 1149.542322 807.58857 166.691096 -0.000712 -0.005149 -0.158341 0.084083 -0.95822 1.399299 -1.327687 2.540801 -1.653336 2.869272 -1.484504 2.317514 -0.006732 -0.038006 -0.266736 -0.089163 0.651599 0.250829 1.606477 1.065875 2.453258 0.773619 1.900946 0.456581 -8.134526 0.663144
43.773143 174.360554 89.319634 936.727152 191.010976 2053.669129 253.803734 2359.689769 257.640544 2428.129782 213.355056 2361.872242 -42.822219 187.159255 -85.368595 1002.790776 -97.382521 1270.274485 -102.244156 1372.75858 -93.015104 1202.25636 -81.099762 1203.821365 660.264835 213.232664 -0.035225 0.577447 -0.103011 2.058711 -0.369552 6.136366 -0.532163 6.816041 -0.539117 6.87149 -0.492368 6.424006 -0.078323 0.229193 -0.455213 0.228176 0.964906 0.459938 2.821354 1.279818 3.953091 0.864444 2.983548 0.626041 -7.411918 2.861503
41.772875 187.618541 84.443485 989.134581 184.040541 2198.52868 246.269032 2544.914148 248.021286 2622.469403 205.091365 2541.566784 -42.903347 185.211804 -86.256888 981.174253 -83.403781 1248.378462 -83.976102 1362.026731 -72.624652 1187.489697 -63.526447 1184.730349 589.066947 280.56516 -0.023389 0.242878 -0.068431 0.713199 -0.064779 2.46818 -0.056767 3.498785 -0.091502 3.740336 -0.081606 3.293706 -3.8e-05 -0.005092 -0.002299 -0.117766 0.541242 -0.095179 0.898207 -0.021057 1.259836 -0.045623 1.071624 -0.076296 -2.03039 4.612148
41.96587 178.280619 82.621822 982.899594 174.772662 2197.265904 232.518791 2555.459668 234.902879 2625.9646 194.284897 2543.428664 -44.00351 177.624725 -93.615527 963.190654 -68.200816 1243.80406 -61.260185 1397.936523 -48.32483 1201.492214 -43.57733 1181.98876 496.315875 274.950082 0.000222 -0.119174 -0.009932 -0.009857 -0.119711 -0.000181 -0.197486 0.010902 -0.178211 0.001164 -0.146229 0.000341 -0.006964 -0.079333 -0.150585 -0.083168 0.764206 -0.004198 1.787459 0.23362 2.466167 0.041037 1.874257 -0.001588 -3.970269 -0.028379
43.760761 182.785226 83.964796 995.343773 177.481764 2213.752627 234.874013 2587.385616 236.644916 2642.122056 195.832769 2554.356388 -42.772736 180.220023 -92.548107 963.24874 -61.490721 1267.978236 -53.127281 1441.500286 -39.8552 1243.543411 -36.362832 1222.036481 470.732249 260.424248 0.018792 0.028101 0.005413 0.039141 0.010418 0.030811 0.005934 0.099097 0.003218 0.024778 0.003071 0.011712 0.008729 0.009411 0.00306 1e-06 0.173703 0.116333 0.289489 0.334206 0.407693 0.361638 0.326215 0.333593 -0.338472 -0.197095
42.168211 183.676606 83.922746 990.201889 177.409035 2249.69958 234.83985 2637.260556 234.516979 2706.172947 194.620854 2617.072563 -40.823942 185.852049 -96.447138 968.252368 -55.709347 1274.215044 -44.285318 1452.104972 -31.62444 1253.539212 -30.139697 1236.911347 438.379256 276.075964 -0.014759 0.001084 -5e-06 -0.006658 -7e-06 0.144754 -1e-06 0.238061 -0.004805 0.383549 -0.001881 0.380307 0.022718 0.043327 -0.040223 0.006481 0.142682 0.00765 0.402114 0.019432 0.47546 0.020007 0.291813 0.044992 -0.575863 0.228358
45.568287 180.839806 84.439651 983.855843 180.124495 2196.88203 234.240122 2569.190112 237.265707 2584.931596 197.511241 2515.229161 -39.256717 187.208428 -101.5234 979.700034 -50.047399 1259.544983 -34.35229 1463.099608 -22.672868 1233.958823 -22.870946 1217.170207 406.628642 246.944647 0.065907 -0.011039 0.000794 -0.0102 0.010312 -0.313701 -0.000383 -0.445004 0.008007 -1.389256 0.010653 -1.01057 0.015337 0.002466 -0.065092 0.033638 0.151672 -0.042469 0.629863 0.020733 0.742971 -0.077065 0.500706 -0.079402 -0.596715 -0.811911
46.68564 179.161438 88.704203 996.819737 182.120768 2266.083838 234.530671 2651.316458 238.064588 2680.323464 198.67531 2598.660059 -38.30845 185.774456 -101.950131 986.701915 -43.479372 1285.960052 -28.168624 1504.323975 -18.248295 1267.926025 -18.917761 1245.0871 388.135079 261.27139 0.006767 -0.003912 0.052526 0.042426 0.005501 0.536547 9e-05 0.646025 0.000671 0.864189 0.00171 0.680615 0.005797 -0.002757 -0.000447 0.012466 0.230909 0.13706 0.306551 0.286365 0.239905 0.230591 0.187405 0.158265 -0.215195 0.201977
48.766993 178.778612 90.620134 1008.459166 188.145425 2246.621347 241.587965 2636.199736 243.695377 2656.418217 203.816454 2564.742126 -38.109679 187.474306 -101.720542 1050.858368 -36.473475 1351.469998 -20.148112 1566.526343 -13.769951 1303.111463 -14.702574 1274.046965 373.321678 238.449714 0.022695 -0.000205 0.010235 0.03378 0.049017 -0.041969 0.052306 -0.021609 0.032907 -0.053541 0.032836 -0.111403 0.000259 0.003871 0.000129 1.010294 0.307539 0.813712 0.670347 0.630042 0.314737 0.240773 0.265288 0.166466 -0.144104 -0.521392
49.461068 182.574317 97.214311 1006.695073 190.933795 2242.868826 243.746928 2631.638136 240.820371 2650.938051 201.451271 2562.30068 -37.482193 189.093694 -100.611032 1028.884764 -30.551371 1390.015671 -16.404323 1632.500867 -9.156061 1388.479642 -10.238134 1355.792755 343.890561 202.349272 0.002452 0.019936 0.115784 -0.000772 0.010255 -0.001568 0.004802 -0.001975 -0.00853 -0.002829 -0.006902 -0.000581 0.002604 0.003482 0.003042 -0.116085 0.262142 0.270992 0.192229 0.680379 0.469075 1.354136 0.402825 1.270798 -0.604114 -1.480759
49.090864 182.09519 93.831801 1011.274047 189.296033 2249.443734 242.397054 2643.706264 240.274949 2647.481472 200.819981 2557.69106 -37.799939 185.742449 -100.611749 1002.787756 -23.047475 1438.875931 -9.432586 1741.315925 -3.589484 1492.578067 -4.937648 1439.85871 302.599872 164.346884 -0.000695 -0.000315 -0.029946 0.005195 -0.003527 0.004811 -0.001874 0.013804 -0.000309 -0.001128 -0.000495 -0.002075 -0.000671 -0.014981 -0.0 -0.167616 0.527876 0.421986 0.958389 1.755252 1.279851 1.881257 0.955753 1.264228 -1.319945 -1.974496
48.384846 188.845427 95.017808 1029.341565 191.705885 2290.685677 246.372682 2671.700544 245.034767 2691.972186 205.252385 2611.241143 -36.145669 185.807604 -101.295072 998.395104 -21.126402 1476.169275 -9.959022 1814.643446 -2.777832 1605.331229 -4.0243 1544.76671 299.99173 139.656476 -0.002557 0.061424 0.003724 0.079986 0.007621 0.187322 0.016169 0.073718 0.023342 0.185361 0.024191 0.277397 0.018507 6e-06 -0.001156 -0.004821 0.041792 0.238564 -0.007147 0.756125 0.051943 2.052592 0.046663 1.8443 -0.005644 -1.004306
]