01-30-21_Raj_4K+Depth.monkey_in_grey_box.0000000000 [ 45.870474 182.350571 100.611211 1102.746368 228.41292 2527.845122 294.711687 2890.059849 306.536121 2959.351891 260.01907 2906.531579 -46.835264 161.662583 -124.153541 936.056857 -48.785934 1520.314214 -35.724764 1856.780783 -20.048895 1628.669619 -20.435753 1572.820635 483.374182 197.20996 0.0 0.0 0.0 0.0 0.0 0.0 0.0 0.0 0.0 0.0 0.0 0.0 0.0 0.0 0.0 0.0 0.0 0.0 0.0 0.0 0.0 0.0 0.0 0.0 0.0 0.0
43.184671 163.794509 109.823187 1052.3202 249.612383 2457.111348 320.23224 2743.250276 326.757493 2827.2015 278.307485 2810.899552 -49.173044 158.024523 -140.025888 980.927633 -54.158318 1586.745314 -38.441117 1931.761288 -22.545331 1688.175738 -23.677328 1631.679507 520.963605 146.02352 -0.04051 -0.497732 0.201728 -0.590039 0.470308 -0.501862 0.529788 -1.913325 0.322921 -1.509189 0.310743 -0.799846 -0.028466 -0.020701 -0.47725 0.525216 -0.140281 0.710253 -0.04976 0.742057 -0.073221 0.53383 -0.119262 0.540593 0.703678 -3.838179
41.69621 170.99896 107.844464 1053.381209 251.411438 2416.767787 322.643928 2716.812848 325.531871 2781.69545 277.744566 2756.91225 -50.438329 163.140043 -137.051382 986.108863 -55.22938 1600.868963 -40.030895 1939.010587 -23.659146 1691.888503 -24.575891 1635.6488 524.710887 134.773724 -0.013052 0.077526 -0.008994 0.000267 0.00323 -0.166975 0.004524 -0.064005 -0.001151 -0.184603 -0.000285 -0.261745 -0.008036 0.040743 0.015967 0.006824 -0.005244 0.03129 -0.016105 0.006788 -0.013427 0.002039 -0.008367 0.002411 0.006714 -0.225445
40.329183 176.252145 107.421989 1041.40364 250.077989 2359.445404 321.689841 2674.749631 329.533677 2724.382492 280.102999 2690.298145 -50.670401 166.459157 -133.35852 1007.547601 -54.226461 1616.0777 -39.474031 1946.879359 -23.638769 1697.785049 -24.410257 1641.993855 529.691799 120.81154 -0.011392 0.039737 -0.000415 -0.034243 -0.001773 -0.343994 -0.000706 -0.164084 0.012224 -0.298294 0.004985 -0.407328 -0.000266 0.016712 0.025217 0.115274 0.004595 0.035951 0.00195 0.007967 4e-06 0.005129 0.00028 0.006142 0.011765 -0.38165
40.015359 180.728969 106.883045 1059.939343 249.125667 2419.433247 319.078018 2754.070662 328.188279 2817.957985 279.27733 2775.021078 -50.046809 169.082985 -131.988651 1015.614748 -53.627723 1624.861853 -39.428319 1953.231685 -23.28723 1707.202438 -23.975311 1653.021113 526.319394 138.441949 -0.000613 0.028073 -0.000678 0.081752 -0.000908 0.37652 -0.005323 0.579515 -0.001376 0.790009 -0.000609 0.656723 0.001931 0.010259 0.003536 0.016084 0.001662 0.011904 1.3e-05 0.005173 0.001317 0.013023 0.001955 0.018452 -0.005385 0.600168
40.402081 182.877184 102.865575 1073.57869 243.84381 2445.721756 316.619475 2762.711353 328.072751 2837.336366 278.703678 2804.038712 -48.878359 170.128046 -130.590773 1015.261088 -53.458978 1614.467898 -39.936256 1931.002164 -23.165606 1692.313654 -23.934964 1643.614419 525.594359 147.11054 0.00093 0.006346 -0.038478 0.043598 -0.028297 0.071025 -0.004754 0.006767 -1e-05 0.033201 -0.000295 0.075463 0.006901 0.00161 0.003721 -3.1e-05 0.000133 -0.016675 -0.001625 -0.06361 0.000159 -0.032604 1.7e-05 -0.013421 -0.00025 0.131608
40.652252 179.851494 101.407763 1079.344959 242.042876 2459.388658 314.93781 2745.506593 330.6027 2823.412963 281.373133 2803.90552 -47.844227 170.186748 -129.989611 1018.475162 -52.873693 1610.316306 -39.04436 1926.913114 -22.771003 1688.696436 -23.614172 1639.834347 526.903585 145.010862 0.000386 -0.01262 -0.005202 0.007722 -0.003338 0.01904 -0.002239 -0.026869 0.004859 -0.017123 0.006362 -2e-06 0.005528 5e-06 0.000693 0.00254 0.001611 -0.002672 0.005036 -0.002167 0.001695 -0.001935 0.001082 -0.002176 0.000814 -0.007546
40.659093 178.018243 99.657317 1072.677776 236.880346 2447.76553 307.905662 2739.80171 323.872043 2814.652492 275.168845 2789.367479 -48.088609 171.18623 -132.193889 1021.413127 -53.129845 1597.047405 -38.821808 1909.539506 -22.864077 1673.726338 -23.734644 1627.221138 518.841151 147.430543 0.0 -0.004696 -0.00762 -0.010328 -0.027825 -0.013765 -0.039699 -0.002967 -0.03461 -0.006806 -0.034584 -0.018894 -0.000311 0.001463 -0.009266 0.002116 -0.000309 -0.027447 0.000318 -0.039339 -9.5e-05 -0.033325 -0.000153 -0.024348 -0.03108 0.01001
41.235438 176.524382 100.116191 1069.072833 232.991652 2437.242094 303.170925 2728.460804 319.927151 2802.690522 271.577199 2777.453134 -47.820977 168.954274 -130.497133 1016.567012 -52.857658 1585.562189 -38.852639 1898.218943 -22.793051 1661.995844 -23.66509 1614.477478 513.507977 148.178518 0.002028 -0.003147 0.000527 -0.003034 -0.016092 -0.011335 -0.018343 -0.01176 -0.012086 -0.012736 -0.011797 -0.01275 0.000373 -0.007323 0.00548 -0.005762 0.00035 -0.020724 -6e-06 -0.016828 5.5e-05 -0.020626 5.1e-05 -0.025049 -0.013776 0.000946
41.364411 173.361487 97.509671 1066.717943 227.329884 2436.939606 296.023406 2725.782668 314.040612 2802.773828 266.827993 2780.828498 -47.762959 167.949674 -130.691396 1015.257669 -53.244995 1569.063653 -39.312792 1884.938913 -23.049507 1649.544441 -23.946047 1602.115042 507.248649 151.946198 0.000101 -0.014296 -0.01719 -0.001298 -0.03482 -9e-06 -0.042631 -0.000658 -0.02733 1e-06 -0.020946 0.001025 1.8e-05 -0.001498 -7.2e-05 -0.000422 -0.000707 -0.043144 -0.001354 -0.023309 -0.000717 -0.023409 -0.000829 -0.023757 -0.019191 0.02365
41.813489 170.966537 94.359508 1054.181865 219.237122 2417.066677 284.966786 2714.190741 301.888289 2787.575303 255.931043 2757.216458 -47.185538 166.936749 -130.415302 1005.816441 -52.637272 1547.98159 -38.741112 1857.298863 -22.441076 1627.570273 -23.290883 1578.102355 488.946474 155.110507 0.001212 -0.008329 -0.025862 -0.037049 -0.073335 -0.040681 -0.105217 -0.012351 -0.119895 -0.02066 -0.113586 -0.050336 0.001756 -0.001532 0.000146 -0.022052 0.001744 -0.071295 0.002094 -0.102076 0.004069 -0.073673 0.004544 -0.090657 -0.168139 0.016305
42.481493 171.25424 94.77133 1055.885576 219.876992 2416.454851 286.090692 2714.104415 303.389219 2782.266996 256.854621 2750.620926 -47.118292 167.14043 -127.596409 1007.267988 -52.251983 1548.411713 -38.524274 1857.411889 -22.313434 1624.920478 -23.155594 1575.995703 490.258486 154.676396 0.002647 0.000121 0.000448 0.000688 0.000466 -3.9e-05 0.001106 -1e-06 0.001861 -0.00253 0.000832 -0.003949 2.4e-05 6.2e-05 0.015399 0.000523 0.000708 3e-05 0.000304 2e-06 0.000182 -0.001079 0.000197 -0.000704 0.000879 -0.000304
43.334584 171.095389 95.932473 1055.8879 221.384735 2420.001467 286.988865 2726.357777 302.496404 2795.566158 255.954977 2759.190458 -46.631653 166.979724 -126.112919 1007.312632 -51.522823 1550.453383 -37.967853 1858.604528 -21.890144 1626.081661 -22.670597 1578.138819 487.134081 157.462616 0.00424 -3.7e-05 0.003535 0.0 0.002576 0.0013 0.000704 0.013799 -0.000658 0.015855 -0.000789 0.006664 0.001263 -3.9e-05 0.004337 0.0 0.002562 0.000673 0.002024 0.000191 0.002027 0.000207 0.002567 0.000728 -0.004994 0.012435
44.492573 170.11724 96.931957 1055.670987 222.009879 2421.072411 287.932744 2727.190051 303.220847 2800.409562 256.488694 2766.7593 -46.253199 165.509247 -125.903831 995.506252 -51.13576 1546.676578 -38.058293 1856.747651 -21.6439 1628.522649 -22.439015 1581.292938 486.887975 157.852536 0.007634 -0.001402 0.00259 -1.1e-05 0.000441 0.000118 0.000775 6.4e-05 0.000433 0.002096 0.000278 0.005183 0.000771 -0.003252 8.7e-05 -0.034799 0.00073 -0.002303 -5.4e-05 -0.000464 0.000696 0.000915 0.000594 0.001574 -3.1e-05 0.000241
45.859736 166.078252 99.053749 1064.095564 227.157998 2447.512223 294.204785 2747.258016 314.59085 2823.189684 266.621136 2792.611163 -45.966602 160.043715 -125.398922 998.220148 -50.42635 1554.926428 -37.586375 1866.479315 -21.534118 1636.857457 -22.178352 1586.610695 500.738899 160.670867 0.010344 -0.024263 0.011486 0.016741 0.029503 0.071794 0.033789 0.036782 0.104634 0.046139 0.09814 0.060108 0.000445 -0.045882 0.000507 0.001847 0.002478 0.010972 0.001472 0.012718 0.00014 0.010637 0.000761 0.004463 0.097131 0.012469
45.69121 164.33527 96.828468 1049.047711 217.271793 2427.058453 282.409898 2738.782848 297.734383 2822.801105 251.276686 2787.159918 -45.681661 161.772111 -124.04511 1000.854767 -49.881526 1549.212079 -37.269894 1859.785212 -21.226243 1634.273119 -21.844545 1585.906351 477.954742 161.388963 -0.000155 -0.004597 -0.01264 -0.053579 -0.109971 -0.042912 -0.120647 -0.006546 -0.232062 -1.3e-05 -0.227365 -0.002663 0.000443 0.004641 0.003674 0.001736 0.00148 -0.00526 0.000669 -0.006013 0.001108 -0.001021 0.001266 -7.8e-05 -0.265245 0.000801
45.25936 165.493911 96.340982 1051.160779 217.375478 2396.936009 282.26748 2709.207819 297.576841 2785.905768 251.028822 2753.699693 -45.543184 163.794128 -119.691108 995.408086 -49.793288 1520.681205 -38.26047 1823.552293 -21.785831 1614.148908 -21.984672 1572.061695 480.396319 158.891273 -0.001025 0.002035 -0.000615 0.001063 1.2e-05 -0.094048 -1.8e-05 -0.080276 -2.1e-05 -0.121354 -6.1e-05 -0.101031 0.000105 0.006279 0.038892 -0.00743 3.9e-05 -0.132583 -0.006496 -0.178216 -0.00364 -0.062336 -0.000224 -0.030348 0.00311 -0.009739
46.494789 164.064358 98.894296 1021.557908 221.440256 2330.872999 285.87297 2630.016894 301.174646 2695.836774 255.022454 2663.591683 -44.261165 165.111049 -117.0044 999.750069 -51.53583 1456.43666 -39.539443 1710.750165 -24.214581 1491.183381 -24.138148 1460.960014 496.185221 177.03911 0.008318 -0.003101 0.016697 -0.211407 0.018827 -0.461581 0.011441 -0.587309 0.010809 -0.739999 0.015759 -0.749453 0.009151 0.002636 0.015249 0.004725 -0.014984 -0.693261 -0.010513 -1.800576 -0.064162 -2.435561 -0.0503 -2.035549 0.127642 0.490555
46.349605 160.987058 99.902082 965.901662 225.606516 2152.227593 290.864244 2426.883151 305.764784 2470.75518 258.981317 2444.893227 -45.122605 168.432492 -118.515088 977.026354 -58.702427 1393.677211 -46.867699 1639.980378 -30.532068 1417.66845 -29.901653 1385.699446 529.538991 145.317077 -0.000114 -0.014567 0.002554 -0.779444 0.019414 -3.560801 0.021598 -4.08155 0.017357 -4.905147 0.015246 -4.683478 -0.004151 0.016538 -0.004845 -0.130613 -0.233197 -0.691065 -0.311318 -0.747437 -0.365725 -0.929114 -0.308227 -0.995051 0.542431 -1.564629
45.888601 161.296218 100.320082 936.515368 229.165097 1991.048774 296.308568 2232.08062 311.616111 2250.580593 263.941616 2225.630416 -47.695961 173.111227 -119.599506 979.939783 -70.201455 1334.268457 -58.166877 1537.681475 -44.002205 1308.932127 -41.313441 1286.147512 589.813074 126.812766 -0.001152 0.000148 0.000436 -0.226976 0.013923 -3.136219 0.025241 -4.074364 0.027729 -5.136601 0.023527 -5.149604 -0.035679 0.032048 -0.002469 0.002169 -0.513917 -0.646974 -0.609528 -1.647088 -1.227293 -2.169055 -0.920281 -1.855276 1.623976 -0.629858
45.76868 169.386011 105.249883 916.508446 245.575941 1886.011703 319.270865 2149.35663 327.2753 2146.800748 276.52944 2110.055345 -48.25777 182.431632 -118.839232 992.123067 -83.922528 1300.068662 -73.941027 1483.091312 -60.869586 1254.385594 -55.321244 1236.389847 670.429226 119.165055 -7.8e-05 0.098969 0.05912 -0.10801 0.28373 -1.42309 0.428418 -0.781007 0.191932 -1.224792 0.146608 -1.540699 -0.001645 0.122186 0.001212 0.037634 -0.611982 -0.222006 -0.945125 -0.493306 -1.365347 -0.580432 -1.020649 -0.490789 2.581101 -0.118916
44.534965 172.309656 106.213221 844.580785 250.86755 1698.125462 327.416571 1969.764831 331.212053 1953.404495 278.283024 1912.399408 -51.27267 183.990977 -122.281731 945.286707 -108.87063 1212.922206 -104.390663 1353.927676 -90.252602 1143.087391 -81.157314 1135.058443 767.255054 107.905566 -0.008428 0.012508 0.002194 -1.469473 0.028203 -4.928038 0.051304 -3.916922 0.011768 -4.563544 0.002771 -4.859157 -0.045673 0.003318 -0.024576 -0.566211 -1.621 -1.511504 -2.618824 -2.941802 -2.884021 -2.584799 -2.467759 -2.165922 3.264241 -0.279327
41.932554 168.430713 108.768099 775.667767 249.107698 1508.234616 321.713147 1751.608643 331.019428 1742.984024 278.967333 1708.349046 -57.02385 181.181986 -136.938364 874.876085 -155.340568 1162.450818 -163.487918 1296.34817 -146.169986 1125.126226 -131.009532 1120.291495 917.121705 67.341044 -0.039171 -0.022079 0.015182 -1.466181 -0.003097 -5.627909 -0.025056 -6.399933 -2.8e-05 -5.994054 0.00042 -5.754288 -0.152818 -0.010804 -0.414684 -1.362381 -4.118711 -0.536263 -6.600092 -0.625556 -6.707795 -0.071115 -5.939964 -0.048344 6.680406 -4.759385
43.571507 162.726915 134.896991 712.42691 287.292475 1401.0752 370.138872 1665.018601 351.699865 1646.708946 299.461843 1610.450253 -57.779443 172.645161 -142.355212 748.082467 -218.048008 1068.36434 -258.489379 1208.275509 -231.492885 1078.69767 -202.897709 1074.768382 1153.862589 59.847685 0.015709 -0.049124 1.404988 -1.344408 1.360858 -1.974186 1.696844 -1.097433 0.31329 -1.367493 0.363188 -1.444236 -0.002487 -0.102999 -0.052534 -4.960456 -5.303252 -1.984971 -10.833087 -1.548974 -9.764452 -0.489116 -7.830355 -0.4721 13.575803 -0.220928
41.031799 165.151184 137.982058 681.466906 299.764343 1300.005908 389.205114 1538.249022 364.133903 1516.871913 312.803468 1496.783331 -59.745363 168.839862 -175.696529 686.249308 -261.602823 1096.309906 -308.370948 1286.044055 -266.830816 1173.141514 -238.186091 1163.41225 1254.381583 22.051349 -0.038128 0.008962 0.01744 -0.343871 0.132496 -1.891572 0.239403 -2.509441 0.107998 -2.665454 0.145378 -2.079743 -0.016444 -0.021203 -1.75241 -1.333415 -1.981596 0.180394 -2.19896 1.212639 -1.254549 1.981395 -1.413868 1.756073 2.098723 -9.243073
42.283439 166.610072 144.079487 648.159036 310.198966 1214.988766 400.251881 1445.121798 371.886947 1412.994435 322.153549 1392.862031 -58.329734 162.987893 -168.997043 617.039679 -290.607929 1169.09788 -363.431219 1416.048579 -313.479669 1352.254564 -274.802147 1323.541185 1368.239949 0.667169 0.009402 0.003208 0.065913 -0.417256 0.089259 -1.437375 0.077292 -1.453858 0.040835 -1.84205 0.068846 -1.869283 0.008486 -0.051605 0.065112 -1.838945 -0.762279 1.169648 -2.260146 3.129236 -1.877997 6.359781 -1.308458 5.160512 2.472686 -15.047279
41.52761 163.117357 140.42065 648.216397 301.369249 1230.876825 388.503773 1460.996238 362.443769 1435.125872 314.23341 1414.080404 -56.139931 152.971468 -157.331903 567.147982 -296.798075 1162.799571 -384.936499 1415.9786 -332.405493 1397.100271 -287.660234 1365.09975 1389.048944 0.255278 -0.003408 -0.018499 -0.023528 1e-06 -0.063744 0.051604 -0.087496 0.043357 -0.06072 0.085988 -0.049287 0.080199 0.020947 -0.158808 0.208561 -1.051475 -0.032617 -0.008506 -0.309054 -1e-06 -0.277343 0.365771 -0.146989 0.321206 0.078523 -0.097066
45.707126 167.490304 141.21609 656.31897 286.744861 1255.464354 365.20509 1505.650317 334.182353 1484.804427 290.032495 1454.834341 -55.373835 154.263325 -165.034315 568.529832 -286.138179 1246.056862 -366.576671 1529.424879 -308.42946 1513.474091 -265.133744 1467.830127 1284.70739 -0.137073 0.10018 0.028922 0.001123 0.025163 -0.181857 0.121577 -0.360191 0.336086 -0.573505 0.422636 -0.484819 0.289477 0.002632 0.002716 -0.092031 0.000841 0.097475 1.439241 0.224303 2.185581 0.448674 2.327424 0.459171 1.863266 -2.036705 -0.766474
45.692539 185.574739 136.81131 728.080779 235.725229 1392.368457 292.569036 1666.113734 253.318544 1647.524161 219.387887 1597.567196 -58.931673 166.710181 -166.848351 623.829169 -247.991812 1322.269263 -303.642592 1592.261776 -250.54601 1584.268473 -216.579496 1514.4797 1007.72148 0.619109 -1e-06 0.463458 -0.034895 1.861175 -2.497021 3.541628 -4.022794 4.061621 -5.59167 4.229377 -4.922151 3.33898 -0.055384 0.241426 -0.004958 1.283029 1.363905 1.131011 2.96132 0.632491 3.005073 0.809057 2.453258 0.364871 -16.795128 1.338809
44.328365 184.816568 122.849887 725.716555 194.941206 1390.884478 229.35787 1671.11865 185.115855 1643.263567 160.199086 1596.004266 -59.818869 166.539529 -167.434923 616.970537 -225.35913 1347.613381 -278.974501 1646.680889 -216.215269 1617.264963 -184.652436 1558.009046 801.455476 0.103655 -0.010337 -0.000776 -0.375609 -0.001922 -1.935468 -0.000396 -3.841929 0.003753 -5.337279 -0.002758 -4.643036 -0.000382 -0.003314 -4.4e-05 -0.000515 -0.018956 0.541386 0.120293 0.52246 0.457194 1.264242 0.170043 1.272276 0.308366 -11.796753 -0.216114
43.471512 187.049351 103.693865 763.980473 149.373009 1437.206023 214.115615 1744.223735 156.382798 1699.778892 146.746549 1628.291745 -61.260511 167.976943 -161.550668 675.61459 -189.621002 1397.760918 -217.674809 1738.160542 -170.269025 1660.140862 -146.428949 1572.440788 653.008355 0.233819 -0.004181 0.006703 -0.811348 0.491499 -3.028677 0.379378 -0.262017 0.782493 -1.21092 0.47774 -0.294935 0.161664 -0.008583 0.003088 0.052627 1.331013 1.541749 0.458041 3.797522 1.236403 2.740822 0.280469 2.213861 0.033266 -7.59532 0.026113
43.043503 181.844489 95.952382 755.336987 118.158406 1396.535112 162.859774 1705.252979 145.657423 1637.685909 118.372701 1569.61807 -58.409152 151.516614 -151.271516 651.097606 -170.65338 1372.820416 -199.191155 1695.26715 -153.607594 1631.888981 -131.148676 1547.981121 598.424415 0.005139 -0.001059 -0.036721 -0.150148 -0.024587 -1.827244 -0.291877 -3.500781 -0.220145 -0.190488 -0.577665 -1.522699 -0.538303 0.033974 -0.4243 0.168929 -0.22655 0.499647 -0.112258 0.40998 -0.267941 0.428847 -0.12123 0.420898 -0.095866 -1.190965 -0.16963
44.367265 205.317972 101.709301 815.681468 111.52046 1488.398494 140.147088 1822.526426 140.402357 1741.994264 102.790204 1655.23075 -61.98791 167.972462 -149.400037 688.232499 -183.150536 1378.602685 -215.784187 1698.735393 -171.086813 1641.601397 -146.523161 1557.464445 621.463309 1.48968 0.010024 0.712248 0.083853 1.159376 -0.095942 1.462949 -0.852444 1.949791 -0.048273 1.610038 -0.549632 1.136615 -0.0532 0.424075 0.005824 0.514909 -0.220783 0.006076 -0.331874 0.001772 -0.470819 0.014408 -0.425964 0.01448 0.217577 1.319828
47.984588 193.837849 107.581618 788.821593 117.764936 1453.971919 142.361328 1767.709366 128.893135 1695.726596 102.647215 1624.476973 -56.292637 164.739494 -139.602314 675.952685 -192.910773 1323.393951 -236.74808 1604.842172 -193.327081 1571.970001 -164.312959 1510.380972 637.932324 2.344341 0.070871 -0.165124 0.082399 -0.224837 0.085048 -0.201407 0.008678 -0.418508 -0.246054 -0.311368 -5e-05 -0.144192 0.137195 -0.015708 0.166128 -0.05527 -0.126679 -0.564087 -0.485845 -1.334571 -0.679298 -0.754472 -0.509491 -0.361326 0.107687 0.096472
46.33938 193.211487 106.1413 813.934806 118.997114 1506.783582 147.853066 1825.103475 123.348186 1753.990785 101.220758 1684.754016 -57.641022 161.316657 -139.065137 672.306446 -207.407192 1315.750178 -258.904489 1584.256848 -215.815533 1549.625244 -183.530261 1496.24977 665.47924 6.327204 -0.014349 -0.000507 -0.004853 0.196759 0.003206 0.471044 0.051965 0.458456 -0.060954 0.492063 -0.00499 0.549013 -0.007979 -0.017966 0.000518 -0.00493 -0.26256 -0.011069 -0.49546 -0.066439 -0.618504 -0.079974 -0.531255 -0.033209 0.291127 0.968786
45.653023 189.955204 105.415173 797.897486 128.334856 1506.831938 158.997002 1829.612592 129.643804 1768.331918 107.325391 1699.153295 -57.587907 159.653356 -133.202661 656.995603 -210.317104 1297.907318 -259.979184 1556.305692 -224.867983 1522.9948 -189.606064 1475.242859 695.995261 9.156512 -0.00256 -0.013837 -0.001246 -0.079786 0.176331 0.0 0.202425 0.002782 0.078344 0.029195 0.089368 0.030636 1.2e-05 -0.00431 0.063123 -0.088178 -0.010136 -0.060905 -0.001113 -0.124386 -0.092987 -0.115405 -0.04947 -0.074255 0.342035 0.260691
44.413967 180.067543 105.130553 761.112264 144.100952 1471.329756 176.442348 1792.822604 143.078453 1746.763768 119.646835 1677.550133 -56.353384 152.520413 -130.707342 640.038081 -205.825604 1302.478741 -264.181726 1576.837722 -224.175905 1555.893283 -188.013573 1499.70346 725.44281 5.520103 -0.008523 -0.132131 -0.000192 -0.434039 0.456581 -0.211615 0.453951 -0.186827 0.331105 -0.06617 0.334688 -0.069106 0.006688 -0.081502 0.011797 -0.110857 0.024239 0.004018 -0.016848 0.067276 0.000533 0.175768 0.003358 0.100562 0.305061 -0.457629
45.495852 179.06029 102.244156 772.007064 136.994239 1473.801151 170.168553 1795.432368 138.768464 1745.344359 114.789998 1675.443237 -56.722413 151.463133 -133.628202 650.451532 -196.407975 1326.771103 -242.642755 1615.297373 -199.643741 1584.942553 -168.836764 1520.508512 671.304112 3.865084 0.006509 -0.001413 -0.020088 0.038711 -0.089851 0.001037 -0.056784 0.000949 -0.032956 -0.000288 -0.050315 -0.000662 -0.000602 -0.001839 -0.016138 0.042016 0.110264 0.112224 0.457887 0.231694 0.710599 0.13434 0.515645 0.07166 -1.049618 -0.147079
45.512095 179.238037 103.150322 757.793074 137.457584 1432.89628 165.61355 1740.810802 131.326347 1687.197994 109.779467 1620.315642 -56.496613 150.680342 -133.356868 651.653008 -193.989243 1329.165159 -241.570919 1624.84143 -197.153631 1588.523443 -166.95839 1520.735827 650.296486 1.486524 1e-06 4.4e-05 0.001999 -0.066035 0.000391 -0.287834 -0.030897 -0.421873 -0.102548 -0.492527 -0.055904 -0.461087 0.000225 -0.001014 0.000138 0.000554 0.007493 0.001079 0.001186 0.014056 0.007813 0.00202 0.005254 8e-06 -0.166975 -0.557637
46.474267 181.960411 100.536611 760.99749 114.839495 1405.944468 134.697757 1716.223109 103.171208 1642.246502 86.305831 1572.865785 -57.578816 146.352 -143.464283 631.539104 -182.732689 1332.306417 -220.014715 1658.198566 -167.475186 1627.670788 -141.929476 1545.161709 533.542702 0.032486 0.005032 0.010259 -0.01677 0.00338 -1.015886 -0.127942 -1.595564 -0.087439 -1.696371 -0.303463 -1.4101 -0.352566 -0.005133 -0.031538 -0.184585 -0.157651 0.168212 0.001854 0.503616 0.169466 1.209825 0.238259 1.015705 0.097302 -5.771373 -1.079505
47.647647 189.536964 107.2081 791.907208 111.195274 1416.671963 127.218168 1722.714008 96.775688 1627.512081 81.409614 1557.457624 -55.98993 151.418536 -145.58902 650.800759 -181.883956 1349.569357 -215.787164 1665.076487 -169.260441 1615.08154 -144.127212 1537.446119 522.007187 0.023826 0.007314 0.077269 0.107151 0.307651 -0.029379 0.020385 -0.10682 0.006126 -0.10231 -0.033199 -0.071484 -0.037921 0.011115 0.043106 -0.007809 0.14467 0.000988 0.05556 0.020505 0.007117 -0.004732 -0.024438 -0.008443 -0.009656 -0.063034 -0.00067
50.896925 193.783166 119.17462 852.095995 112.063196 1425.877126 124.514364 1716.129526 94.830757 1615.229819 81.552407 1546.709161 -55.278914 153.637292 -146.233192 650.665284 -189.511855 1334.362079 -223.02054 1640.822899 -175.129564 1592.425178 -150.11552 1518.818819 527.701814 0.081065 0.053583 0.023519 0.316495 1.102159 0.001687 0.014905 -0.014521 -0.006304 -0.009871 -0.02326 6.3e-05 -0.018609 0.002272 0.008069 -0.000711 -7e-06 -0.078341 -0.043083 -0.059622 -0.088969 -0.050015 -0.080018 -0.060942 -0.056765 0.015447 0.016994
45.499711 188.953727 122.631443 776.300702 118.818051 1383.183603 123.130027 1664.546069 95.048197 1507.424542 81.533354 1455.588544 -57.445966 148.85602 -151.624852 620.405209 -196.872026 1277.749401 -235.091013 1564.538712 -186.201702 1530.04569 -159.67934 1464.71263 547.318583 -0.084235 -0.151213 -0.030471 0.02471 -1.764939 0.098834 -0.324458 -0.003869 -0.393562 0.000125 -1.861468 -1e-06 -1.383087 -0.020832 -0.037789 -0.048802 -0.360248 -0.070108 -0.61356 -0.159046 -0.90787 -0.16968 -0.623159 -0.14766 -0.490647 0.178996 -0.33057
45.174069 188.398631 137.528314 708.159929 119.049071 1209.626954 134.573337 1485.502033 103.229761 1342.321906 89.200194 1303.934813 -57.748094 148.532221 -156.005493 596.19314 -201.237377 1213.985068 -242.21381 1496.092994 -191.199007 1448.869231 -163.647239 1396.016835 575.408681 -2.034341 -0.000585 -0.000408 0.426851 -1.564748 0.000112 -5.815259 0.254195 -5.092414 0.16887 -4.786705 0.172228 -4.17033 -0.000396 -0.000176 -0.031192 -0.240951 -0.023934 -0.816009 -0.05315 -0.765431 -0.033087 -1.106249 -0.024348 -0.824928 0.351455 -1.290656
44.131392 187.676757 144.490665 697.458271 121.638821 1192.105757 122.443333 1432.521316 92.871734 1274.546129 85.241866 1247.461689 -57.820362 149.011539 -158.126516 546.991775 -212.205815 1129.113583 -259.436278 1375.259845 -209.419255 1339.580046 -179.42681 1302.262562 581.21126 -0.809078 -0.006087 -0.000693 0.085955 -0.040739 0.013933 -0.063911 -0.2864 -0.481008 -0.273745 -0.877829 -0.044916 -0.62507 -2.3e-05 0.000386 -0.007161 -1.059276 -0.145519 -1.537608 -0.295725 -2.543595 -0.414546 -2.142538 -0.36308 -1.629282 0.014555 0.277535
42.029296 186.181694 144.41258 642.887324 113.918748 1082.62393 111.448903 1334.445906 81.234547 1191.066507 74.70312 1157.985281 -59.377176 148.079931 -161.295006 563.376336 -203.008097 1071.525142 -240.770888 1304.245843 -195.024103 1216.565984 -168.033882 1182.179345 527.994184 -0.135038 -0.025647 -0.002989 -1.1e-05 -1.111364 -0.126541 -2.636186 -0.258547 -1.738692 -0.389348 -1.413613 -0.347576 -1.664722 -0.010341 -0.001461 -0.015715 0.120892 0.101885 -0.753644 0.348374 -0.941195 0.256261 -2.96173 0.186832 -2.903753 -1.277351 0.283038
42.176649 169.059812 137.915342 548.282427 100.789933 963.215072 95.832494 1210.811982 66.662097 1088.763672 61.552573 1049.974959 -61.262144 146.987088 -159.4138 629.375908 -200.356107 1027.7454 -226.364284 1201.918271 -189.073286 1059.665746 -161.933932 1038.962242 480.270651 0.197057 0.000129 -0.412859 -0.074771 -3.762791 -0.40177 -3.487723 -0.589101 -3.004484 -0.719672 -2.296475 -0.636089 -2.643439 -0.014727 -0.002024 0.005517 1.827405 0.008718 -0.456557 0.222205 -2.089907 0.046101 -5.413991 0.056388 -4.622061 -1.130066 0.658347
37.909589 141.663031 123.126919 479.201436 84.697712 799.189205 87.753104 1016.263159 65.268384 885.463737 54.255609 842.594243 -63.309052 147.564462 -146.190669 780.607246 -163.253345 960.091509 -164.206087 1084.533987 -152.361381 879.429841 -136.311614 864.72716 417.0728 0.010315 -0.113757 -1.210159 -0.419229 -2.324897 -0.699369 -7.649493 -0.177868 -8.513797 -0.007362 -10.495503 -0.230116 -11.396317 -0.016818 0.000566 0.286208 8.133812 1.897939 -1.151597 4.977875 -3.015187 1.979415 -8.394493 1.102647 -7.990197 -2.228207 -0.117204
35.684518 139.302957 120.052184 437.009429 82.245116 671.274615 79.092942 836.266298 57.360344 731.959386 52.000623 700.922016 -60.529707 157.139446 -136.988728 831.786996 -129.366717 946.102745 -118.528131 1054.872089 -110.496324 846.653085 -102.415877 828.198767 327.081128 -4.172034 -0.033644 -0.009912 -0.019439 -0.971998 -0.018017 -5.574164 -0.224905 -8.765232 -0.255251 -7.300776 -0.023931 -6.515471 0.031193 0.150479 0.149548 0.812465 1.968729 -0.05133 3.714215 -0.205634 3.355316 -0.311229 2.418596 -0.394134 -5.461457 -4.597234
35.482529 141.505298 156.793619 432.315381 84.101722 498.708007 74.570472 596.857411 52.911189 483.146975 50.173431 489.077227 -59.599589 160.755497 -143.438084 800.761596 -128.067739 936.530872 -121.26926 996.355347 -103.473899 772.874616 -94.72944 767.451371 304.37059 -33.87261 -0.000287 0.008636 2.44889 -0.012673 0.010361 -12.796336 -0.066565 -20.138589 -0.089792 -25.746931 -0.016339 -19.008217 0.003601 0.020567 -0.074172 -0.294834 0.003277 -0.024333 -0.015667 -0.834843 0.115268 -1.681382 0.149899 -1.156765 -0.408531 -14.269221
39.806523 138.747962 187.36896 420.664012 84.415773 385.258394 72.461995 425.840488 51.279115 340.852571 47.841753 364.543366 -55.25822 160.823066 -159.539202 809.180727 -121.757178 876.360105 -106.499178 953.303742 -88.042067 726.489262 -84.13742 732.037599 273.704505 -72.101696 0.12427 -0.013565 1.360844 -0.07958 0.000293 -7.310378 -0.015119 -14.400222 -0.012783 -12.37922 -0.027738 -9.132917 0.082076 7e-06 -0.428133 0.022014 0.079715 -0.998824 0.479402 -0.475382 0.62274 -0.717676 0.313891 -0.418246 -0.81397 -7.135596
44.10079 136.367779 190.652554 463.080031 81.323266 304.622604 69.893013 282.377646 50.390718 214.733736 45.675015 251.474006 -52.92333 160.073199 -163.216792 821.293583 -101.683034 847.999117 -82.424351 915.690304 -66.327651 707.71096 -65.14844 718.601574 232.343591 -142.779592 0.10996 -0.010296 0.014261 1.018483 -0.028854 -4.728708 -0.023182 -14.682743 -0.003882 -14.503888 -0.025105 -10.465787 0.0252 -0.000876 -0.020953 0.044994 0.90357 -0.233246 1.540225 -0.378523 1.534859 -0.12294 1.212613 -0.062225 -1.693112 -11.956172
46.123369 133.855743 190.824847 487.843547 73.723412 251.283772 51.090973 211.98316 41.479534 157.900392 45.81462 197.542822 -54.231421 162.707374 -167.605956 857.364878 -80.895541 827.971844 -57.341566 860.358882 -44.403639 661.00648 -45.163975 682.994172 171.716552 -172.770099 0.022673 -0.011676 3.9e-05 0.322495 -0.186371 -2.564829 -1.469936 -5.037577 -0.433203 -4.359551 0.000107 -3.25059 -0.007985 0.010749 -0.029118 0.387598 1.187241 -0.119664 2.269134 -0.862113 2.192098 -0.797076 1.825319 -0.452374 -4.574272 -1.428413
45.752471 132.401139 187.426158 508.489541 67.640476 195.568946 40.173232 138.371406 31.623803 101.85326 34.755074 141.771311 -52.96362 156.619096 -171.038245 848.550295 -71.900047 772.645795 -47.924202 806.172285 -35.437594 622.275467 -37.406547 650.339958 134.014261 -220.617914 -0.000749 -0.003973 -0.015269 0.213936 -0.130936 -3.486944 -0.655386 -7.820434 -0.667417 -6.11872 -0.762664 -4.614836 0.007497 -0.058045 -0.017394 -0.022773 0.265025 -0.95647 0.422098 -0.881161 0.505034 -0.584608 0.365209 -0.399921 -2.333603 -2.920709
45.946237 138.305296 195.898168 471.060263 61.336157 167.815604 32.813539 110.787547 27.431238 83.78482 33.817129 119.981075 -51.885668 154.657494 -177.863757 819.713439 -62.161431 755.105535 -35.776262 767.116705 -26.42892 600.359844 -30.436993 637.598007 107.71099 -235.58679 0.000205 0.064393 0.093633 -0.715361 -0.154168 -1.061375 -0.372009 -1.531583 -0.149012 -0.881407 -0.006415 -0.908568 0.005541 -0.006181 -0.06677 -0.249249 0.354189 -0.100694 0.886243 -0.484836 0.659412 -0.196434 0.35894 -0.063031 -1.435353 -0.245644
44.487683 136.171496 194.748597 432.012547 45.907217 144.483715 21.447769 94.307521 15.468118 75.651705 18.406526 110.615337 -51.52017 152.815442 -175.677647 822.387513 -42.380235 745.372838 -19.680989 714.974986 -13.269604 564.778941 -16.672216 613.126911 57.391226 -227.022907 -0.011763 -0.008294 -0.001691 -0.844582 -1.115672 -0.872783 -1.203709 -0.663183 -1.701801 -0.207577 -2.325524 -0.190275 0.000646 -0.005518 0.006759 0.002177 1.88854 -0.031565 2.387025 -0.917487 2.244483 -0.54341 2.055813 -0.239418 -7.855076 0.079275
42.525403 139.127983 194.218688 413.411418 36.136066 146.20465 15.398269 99.313571 9.835917 82.678774 11.983351 119.985384 -52.246296 156.310952 -173.268501 803.302562 -33.47647 672.126564 -13.050267 647.697503 -8.404115 520.693726 -11.592576 569.616008 36.42378 -188.401085 -0.022129 0.015876 -0.000361 -0.204657 -0.583938 0.005094 -0.500006 0.064726 -0.634773 0.156016 -0.686553 0.190446 -0.002541 0.019764 0.008317 -0.112029 0.524357 -1.893688 0.678664 -1.661816 0.553181 -0.895604 0.460193 -0.800613 -2.373103 1.799225
42.326316 138.738344 197.135052 428.448492 30.447319 173.84738 11.598868 122.016581 6.594765 103.62353 8.371471 145.825586 -52.288439 156.318553 -175.9579 787.47054 -17.988774 591.154713 -3.136325 569.828132 -1.047872 473.35839 -3.079917 526.409648 12.90019 -134.032409 -0.000234 -0.000273 0.010867 0.134305 -0.243462 1.195979 -0.268689 1.167463 -0.32285 1.181085 -0.32302 1.258979 -8e-06 0.0 -0.010356 -0.078785 2.38569 -2.597675 3.391299 -2.4927 3.516859 -1.12766 2.721899 -0.851949 -5.97083 4.616872
42.320345 137.795601 205.420217 432.126283 29.915539 182.392266 11.707725 129.92866 6.672752 109.785087 8.578721 149.29296 -51.72256 158.981821 -164.347954 790.015645 -9.15157 521.578303 -0.203109 465.292416 -0.002049 391.993439 -0.552765 450.859583 6.908632 -86.880785 -0.0 -0.001607 0.085269 0.007859 -0.002342 0.102495 0.000254 0.124266 0.000229 0.088967 0.001267 0.02037 0.001539 0.011248 0.198101 0.002053 1.479048 -2.17735 1.743167 -5.292003 0.957257 -3.833673 1.023108 -2.924663 -0.927862 5.090666
41.065214 139.451716 203.694702 441.850347 23.061041 260.34086 5.986395 240.495262 2.601029 214.694783 4.814444 257.591466 -51.474104 164.105512 -163.667522 803.998556 -16.124594 527.050675 -2.88949 488.588575 -1.229018 399.902087 -2.843262 451.216304 7.405916 -28.569936 -0.009447 0.004946 -0.003639 0.054098 -0.445314 6.915919 -0.950516 16.886217 -0.941669 17.427526 -0.539874 14.677376 0.000299 0.04063 0.000706 0.061331 -0.980868 0.014279 -1.560434 0.284518 -1.130713 0.039493 -0.888713 7.1e-05 0.00864 15.807789
43.038068 140.652557 199.953112 446.695758 22.605087 299.281984 5.905455 270.640832 2.898352 235.703724 4.970975 281.053081 -50.9689 164.794963 -161.623783 809.305013 -15.541533 535.453729 -2.363105 502.495698 -0.976022 409.538171 -2.562615 456.960084 7.238213 -23.857402 0.023142 0.002574 -0.017342 0.013212 -0.002276 1.356495 -0.000275 0.889731 0.008043 0.49025 0.001252 0.511199 0.001246 0.000723 0.00642 0.008727 0.005368 0.033229 0.026442 0.097579 0.014562 0.057359 0.00729 0.018164 -0.00096 0.212227
45.180039 139.953391 202.835226 476.80585 22.294743 322.942062 5.264068 298.416448 2.399566 255.574445 4.491015 301.463521 -51.415192 169.095154 -158.325351 833.599852 -15.967585 567.512704 -2.553882 539.35995 -1.143418 435.454037 -2.783149 482.991343 6.855812 -23.822595 0.026008 -0.000871 0.010311 0.490989 -0.001073 0.45 -0.01843 0.678266 -0.023532 0.40202 -0.012181 0.357684 -0.000973 0.027692 0.017003 0.179643 -0.002881 0.466014 -0.003702 0.652393 -0.006621 0.397513 -0.004551 0.360527 -0.005189 1.3e-05
45.359342 142.338216 201.481728 495.82123 22.604123 342.009886 5.458448 318.202582 2.416168 269.423264 4.538241 314.812265 -50.628194 170.6614 -157.635663 835.465503 -17.244796 584.833591 -3.258332 567.571349 -1.587173 454.943175 -3.363116 498.731035 7.919909 -24.159969 0.000178 0.010074 -0.002266 0.185898 0.001066 0.273446 0.001762 0.317531 2.9e-05 0.18269 0.000124 0.144586 0.003035 0.00361 0.000753 0.001043 -0.024567 0.130182 -0.042848 0.359558 -0.036299 0.213316 -0.027424 0.126183 0.038366 -0.001186
44.025615 143.701333 194.363583 594.659875 23.262443 384.770224 5.851464 344.166285 3.115175 282.64183 5.392779 330.731138 -51.193956 168.098403 -154.595161 846.394169 -18.523576 599.183884 -3.620095 580.288949 -1.677782 462.726984 -3.769801 504.146762 9.365303 -22.081868 -0.009951 0.003248 -0.064005 4.488489 0.004725 1.259 0.006831 0.509062 0.044345 0.158274 0.036834 0.196307 -0.001572 -0.009696 0.014805 0.035507 -0.022867 0.086966 -0.00952 0.070454 -0.001258 0.033012 -0.011603 0.014623 0.060538 0.046718
41.400147 150.466262 167.88827 661.768475 22.263261 397.188828 6.169292 340.558049 3.662565 276.434097 5.483822 327.243598 -51.974708 170.709836 -151.435186 866.073971 -22.772055 614.408066 -6.822984 601.705523 -4.118432 476.068434 -6.306726 512.97473 15.54863 -26.963979 -0.040355 0.077796 -0.968774 1.793489 -0.010966 0.098619 0.004202 -0.009507 0.022141 -0.034465 0.000381 -0.009243 -0.002954 0.010064 0.016315 0.113085 -0.219122 0.095495 -0.50329 0.19404 -0.538902 0.094804 -0.324583 0.038311 0.779507 -0.243592
41.317119 153.441498 152.778677 701.860468 22.283965 384.832661 6.294517 329.206884 3.979336 249.177789 5.53671 299.07074 -52.228978 172.732731 -144.641594 888.039514 -23.139793 659.97892 -7.390255 658.836187 -4.407646 513.767341 -6.642254 545.189673 16.763021 -47.349126 -4.2e-05 0.014564 -0.356174 0.589499 5e-06 -0.097622 0.000629 -0.096197 0.006568 -0.707182 0.000127 -0.633956 -0.00031 0.005958 0.077951 0.137535 -0.001473 0.815046 -0.011325 1.295312 -0.004907 0.718161 -0.004348 0.490492 0.022829 -2.850644
42.19558 159.170439 149.751985 730.460125 23.683883 362.008269 7.445531 276.364929 4.520456 209.98824 6.51106 259.547848 -51.846519 180.412195 -138.917007 909.712306 -18.379148 698.155626 -4.103217 698.474739 -2.066775 557.328193 -3.935405 587.221172 12.700419 -83.116561 0.00462 0.052499 -0.015141 0.285558 0.021322 -0.348852 0.048295 -2.309889 0.017242 -1.675459 0.039464 -1.399898 0.000703 0.083508 0.057791 0.130643 0.273836 0.536673 0.480058 0.57892 0.437994 0.886164 0.352208 0.780307 -0.281433 -4.998615
43.495448 170.47216 150.805921 803.683218 26.432138 344.866039 10.629903 222.409263 8.110947 159.633474 8.967879 209.484211 -51.239428 184.204482 -131.310705 971.032149 -18.712298 819.643985 -4.252048 859.140213 -2.193227 691.164856 -4.095928 709.396242 18.739612 -186.469957 0.00986 0.193795 0.001848 1.748428 0.075411 -0.207887 0.282708 -2.926957 0.521047 -3.446061 0.196217 -2.679505 0.001788 0.019722 0.107071 0.999903 -0.001496 4.869924 -0.001326 8.308351 -0.001877 7.194277 -0.001604 5.768867 0.585474 -20.598634
42.680282 171.743813 135.54026 858.92586 26.886657 312.138527 12.071389 199.289254 10.341956 136.196954 10.212746 182.574639 -51.02202 183.82899 -127.802989 977.173171 -26.646928 937.462656 -11.143976 1024.634818 -6.908507 826.026014 -9.2073 826.641123 34.155784 -291.395935 -0.003856 0.002363 -0.40721 0.918013 0.001937 -0.815638 0.045812 -0.634265 0.135364 -0.929815 0.04044 -0.92458 0.000231 -0.000192 0.023744 0.009679 -0.699389 3.954477 -1.628712 7.28365 -1.316639 6.005705 -1.021137 4.481155 2.296339 -11.661699
41.584707 170.436441 119.276735 869.261139 32.362834 276.257231 18.760441 172.369594 16.901872 107.822553 15.245521 148.644257 -51.892494 183.946512 -128.900106 1023.064041 -46.174226 1070.151027 -28.767293 1200.271282 -21.533676 962.237293 -23.299974 945.693765 76.590989 -425.852173 -0.007122 -0.002498 -0.519534 0.030905 0.253613 -1.095068 0.734349 -0.976192 0.801558 -1.655291 0.502415 -1.742514 -0.003681 1.9e-05 -0.002344 0.5265 -2.667002 4.389657 -4.10166 6.943299 -4.048286 5.195125 -3.213599 4.003069 8.452584 -12.715377
41.172385 173.628106 117.355205 927.864436 44.142005 261.225051 31.75671 145.985636 29.691439 86.419993 25.680497 127.303899 -51.931531 187.030847 -123.855388 1068.78325 -54.75462 1132.578969 -38.162057 1256.559002 -30.467549 1016.020907 -30.851347 999.642648 120.312969 -509.80435 -0.001027 0.014804 -0.007802 0.955765 0.912237 -0.210249 1.700355 -1.09518 1.789699 -1.182718 1.352666 -0.826412 -7e-06 0.012822 0.050348 0.499677 -0.365389 0.884818 -0.662644 0.64488 -0.773173 0.731252 -0.529102 0.74821 4.915528 -3.773933
42.279641 180.393221 119.200519 968.18968 55.566454 247.948918 43.046827 125.278474 41.175483 68.663415 35.892116 108.365905 -50.302496 187.612091 -126.754042 1068.693421 -56.88899 1165.814107 -39.33406 1315.885526 -30.904473 1073.958578 -31.868828 1053.797365 143.424378 -599.513667 0.007346 0.064644 0.007198 0.428867 0.656661 -0.173109 0.856918 -0.791504 0.93669 -1.019891 0.852686 -0.762144 0.01298 0.000451 -0.016764 -2e-06 -0.020404 0.240305 -0.008863 0.684194 -0.001555 0.803218 -0.008254 0.714227 1.014582 -3.633296
43.630858 187.097043 120.05767 1014.651159 62.791467 251.491493 50.964389 131.089502 49.247094 70.320214 42.738049 109.230771 -51.537584 191.20148 -133.963481 1080.69655 -62.157013 1199.578575 -43.085239 1366.660915 -33.501064 1108.589743 -34.632863 1084.081974 163.984357 -620.496963 0.010627 0.061151 0.001535 0.544412 0.220727 0.012564 0.333999 0.065867 0.360978 0.009876 0.298587 0.001719 -0.00749 0.017006 -0.099698 0.033516 -0.116617 0.240995 -0.085409 0.480583 -0.052364 0.274769 -0.057466 0.214512 0.688312 -0.180462
43.477761 185.377321 118.492119 1002.401047 64.068704 254.032824 53.114944 133.212705 50.83333 72.39884 43.911867 110.98846 -53.145269 187.624909 -136.892752 1063.277935 -65.827874 1216.874315 -47.157455 1396.422628 -36.617678 1144.885462 -37.23126 1113.266532 173.738865 -641.477461 -0.000135 -0.00397 -0.005137 -0.037199 0.00643 0.006388 0.02222 0.008528 0.012571 0.015138 0.007951 0.007015 -0.012346 -0.016884 -0.01584 -0.07076 -0.052655 0.061898 -0.091927 0.160289 -0.069297 0.292318 -0.046991 0.193819 0.1409 -0.174414
46.34291 185.688189 123.685962 1026.003077 68.713555 258.180899 57.142513 136.319895 55.061714 74.508153 47.637691 113.161561 -51.782419 189.085744 -135.806026 1095.02728 -63.688454 1236.770271 -44.197028 1416.199982 -34.162577 1147.947585 -35.287202 1117.944795 175.966439 -637.540515 0.045709 0.00013 0.055701 0.137318 0.081266 0.016797 0.073586 0.017911 0.084453 0.015144 0.075847 0.010534 0.008851 0.002832 0.002165 0.233534 0.017671 0.080667 0.04798 0.069534 0.042592 0.002045 0.026063 0.004905 0.007095 0.006059
45.925311 191.148653 124.849736 1023.082153 70.747464 271.065584 60.138074 146.188939 58.20657 79.689087 50.589904 119.980356 -52.223636 191.634175 -137.590322 1097.068865 -64.638709 1247.304435 -44.430056 1427.206935 -35.015236 1170.769846 -36.146995 1137.243924 183.512819 -639.565883 -0.000945 0.039564 0.002725 -0.002082 0.014832 0.156864 0.038262 0.172433 0.043666 0.087063 0.044374 0.099737 -0.000936 0.008529 -0.005823 0.000951 -0.003518 0.022336 -0.000306 0.021304 -0.005255 0.112318 -0.005174 0.082579 0.079218 -0.001606
42.917052 194.720234 126.574463 1014.310005 70.106401 278.90432 58.308841 159.602674 55.027353 87.882132 48.395958 128.720906 -53.803423 191.283083 -143.63982 1078.457483 -69.70886 1256.825026 -49.070611 1457.378769 -38.356794 1194.818459 -39.548814 1160.944224 185.268266 -634.616667 -0.050945 0.01653 0.005916 -0.018885 -0.001459 0.055866 -0.014126 0.294342 -0.044639 0.200411 -0.024317 0.15364 -0.01177 -0.000161 -0.065072 -0.079611 -0.095705 0.018098 -0.115229 0.157798 -0.076131 0.122242 -0.076479 0.122209 0.004178 0.009612
43.934621 197.728258 130.267704 1014.967873 81.824028 328.99376 72.8499 208.944428 66.553277 126.33913 58.682609 170.529053 -53.563317 193.351696 -144.590057 1069.387794 -70.410612 1251.59952 -49.644844 1449.897857 -38.514915 1196.987911 -39.752125 1162.659129 206.326156 -545.570237 0.005961 0.011528 0.026555 0.000107 0.452535 2.067144 0.808547 3.317917 0.547566 3.480169 0.495246 2.934896 0.000268 0.005563 -0.001566 -0.019149 -0.001757 -0.005443 -0.00167 -0.009625 -0.000163 0.000984 -0.000261 0.000633 0.566601 3.364121
43.485386 199.172228 134.137387 1010.529837 89.236564 373.199727 80.225528 264.368252 72.003997 169.029976 64.413819 213.939995 -53.621263 194.125997 -144.860673 1058.095283 -72.971437 1249.912083 -52.889513 1452.376635 -41.424005 1189.610344 -42.238995 1158.2009 222.656092 -461.801855 -0.001154 0.002627 0.028319 -0.004862 0.160678 1.392855 0.177793 3.256202 0.107255 3.10142 0.133491 2.458657 -1.6e-05 0.000774 -0.000127 -0.02997 -0.02287 -0.000569 -0.051351 0.001059 -0.05295 -0.011403 -0.037723 -0.004282 0.310926 3.488936
44.126681 203.097788 136.296096 1014.482568 95.560255 423.680042 88.786126 316.362122 78.873955 213.420271 70.834073 258.893077 -54.114944 195.528104 -143.395541 1067.046965 -69.866704 1161.210082 -49.797747 1303.132334 -39.890014 1058.913439 -40.306362 1043.026542 230.947447 -321.558041 0.002347 0.019154 0.008616 0.003858 0.108229 1.600507 0.21694 2.332237 0.156487 2.584885 0.152471 2.141735 -0.001131 0.002523 0.003723 0.018854 0.033746 -1.632167 0.046555 -4.044665 0.014471 -3.801635 0.022627 -3.015187 0.075785 12.656062
43.584137 209.097645 128.916009 1037.895271 111.185407 495.242466 108.838914 393.896534 99.793326 267.070191 89.055183 313.462784 -54.762692 197.086182 -135.91663 1081.068679 -66.352702 1027.985224 -45.750334 1089.375217 -37.78345 858.939136 -37.809321 868.624397 260.386159 -168.101108 -0.001678 0.043669 -0.102703 0.133546 0.591294 2.790752 1.019999 4.244652 1.228905 3.004577 1.041639 2.607339 -0.001927 0.003092 0.100146 0.045763 0.045332 -4.057501 0.085763 -9.568132 0.028571 -10.454143 0.03992 -7.972078 0.882717 24.667695
42.441061 209.767787 118.662495 1102.031748 125.77425 640.597648 128.559604 556.393404 123.941239 379.453639 109.91709 419.884786 -55.837324 193.780759 -132.826223 1106.185358 -65.790111 855.697384 -45.098706 832.47441 -39.437377 621.863822 -38.695123 652.002861 303.205901 -29.785701 -0.007595 0.000536 -0.212417 0.961344 0.44952 9.339055 0.820517 13.996323 1.306973 9.842573 1.09669 7.762967 -0.005221 -0.013977 0.01777 0.144215 0.001198 -7.895555 0.002337 -17.247841 -0.017714 -19.100972 -0.005128 -15.508536 1.629001 56.366361
42.056581 206.410154 119.554989 1088.372915 116.805842 756.555105 114.38822 735.468543 105.622305 547.680361 95.463382 570.800764 -56.223521 191.347966 -128.571701 1094.575847 -66.746899 751.109152 -46.067969 713.085547 -40.373558 530.339763 -39.214528 559.339815 276.599818 0.139476 -0.000875 -0.013545 0.001672 -0.042587 -0.165842 4.820292 -0.413667 12.471708 -0.732083 15.389944 -0.509223 11.562357 -0.000665 -0.007684 0.034626 -0.030622 -0.003454 -3.407476 -0.005153 -4.618076 -0.005491 -3.64081 -0.001731 -3.549383 -0.610771 34.001641
40.542914 200.904879 129.488097 977.72085 83.001182 836.031896 64.509291 874.105998 56.072739 677.643807 53.549925 689.820705 -57.548065 181.083878 -127.658964 1047.572915 -68.722745 645.313111 -48.308879 586.887279 -46.038522 417.2727 -43.518015 454.395777 203.728306 31.408612 -0.01387 -0.037206 0.19817 -2.965178 -2.880409 1.984349 -7.094101 5.981744 -7.779068 6.91175 -6.016007 5.631134 -0.007711 -0.141464 0.001626 -0.51573 -0.01441 -4.013439 -0.026608 -6.140014 -0.18589 -6.769639 -0.112003 -5.446646 -5.559918 27.362041
39.665663 197.032632 129.288833 915.549984 57.343643 918.463542 38.022449 1016.37888 30.24237 811.407287 30.434691 802.675429 -58.185608 182.976019 -128.993103 1059.76121 -102.463596 693.998082 -87.357007 641.093468 -89.338788 459.594983 -80.933662 492.459395 223.539162 49.660846 -0.004797 -0.01884 -7.7e-05 -1.021053 -2.365259 1.937517 -3.480213 5.361142 -3.955592 6.020247 -3.243662 4.272857 -0.001756 0.004917 -0.003468 0.035247 -3.3581 0.88516 -5.740999 1.196983 -7.111558 1.021944 -5.757577 0.765389 0.459526 2.081402
40.282449 195.069637 126.244617 915.586055 39.369244 950.306179 21.045715 1065.089933 15.49645 853.664889 16.728288 840.545754 -58.082945 182.196388 -129.900331 1063.503597 -125.085477 730.877739 -114.998916 688.031268 -115.303882 501.807296 -103.468382 535.132965 215.341464 46.464516 0.002379 -0.004914 -0.018134 0.0 -1.684978 0.271309 -2.492211 0.570052 -2.442198 0.536311 -2.035591 0.436445 4.5e-05 -0.000832 -0.00159 0.003298 -1.127274 0.477353 -1.896839 0.829059 -1.653911 0.927156 -1.382099 0.88645 -0.076568 -0.053156
42.338959 191.003067 124.163702 908.42736 33.04287 947.467261 15.514264 1078.859376 10.585292 853.025878 11.833406 836.740372 -56.826383 185.968672 -126.050676 1072.11797 -133.394659 821.661905 -129.666744 822.137975 -129.456763 616.329641 -114.278599 638.761798 214.078201 19.189827 0.025598 -0.021418 -0.008646 -0.014048 -0.276885 -0.002123 -0.420871 0.044217 -0.466555 -0.00012 -0.422567 -0.004317 0.006871 0.019326 0.028952 0.017374 -0.133589 2.656558 -0.440068 5.966287 -0.409526 5.880293 -0.268506 4.583008 -0.001858 -5.933458
43.561829 187.242111 123.284446 920.70519 32.7355 943.175294 15.140392 1049.81466 10.686958 824.039868 12.131749 816.562655 -56.261427 181.549305 -150.266216 967.387342 -138.246281 824.786041 -127.359926 856.063923 -115.775042 655.611246 -105.867537 673.571399 196.812066 9.617367 0.008705 -0.018698 -0.001562 0.041207 -0.000718 -0.004872 -0.00228 -0.19816 0.000243 -0.250512 0.001857 -0.123134 0.001411 -0.026572 -1.063132 -2.690786 -0.043329 0.002964 0.010352 0.342953 0.381956 0.606716 0.160738 0.461743 -0.362933 -1.636945
43.551994 192.235002 123.549047 926.9799 45.980141 958.60277 27.06581 1082.489593 19.998965 851.051332 20.297599 838.449016 -57.84212 174.786846 -151.732028 914.50334 -108.329238 853.939894 -89.163719 945.323908 -79.049746 726.656353 -74.517415 728.369178 178.570108 4.911631 -1e-06 0.032848 0.000142 0.010654 1.122267 0.062576 1.71981 0.250366 1.447038 0.217799 1.044933 0.144722 -0.010949 -0.064174 -0.003557 -0.743207 1.821649 0.253172 3.395658 2.212805 3.492745 1.826978 2.745146 1.071352 -0.443502 -0.783168
44.943691 192.988849 121.004687 933.910245 47.162572 1013.008187 37.88196 1129.456097 26.924036 895.465711 23.102936 884.445606 -57.937809 170.609234 -175.305192 868.312084 -97.602629 855.986319 -75.252162 950.307098 -51.580897 732.849967 -58.252963 738.98593 153.037233 8.140358 0.010944 0.000738 -0.013236 0.012905 0.007506 0.750785 0.906973 0.498679 0.513827 0.564826 0.090761 0.614101 -4e-05 -0.025265 -0.850695 -0.598489 0.279554 0.001225 0.5896 0.00655 2.920709 0.013142 0.999968 0.038408 -0.984443 0.405656
48.903823 194.191028 102.809241 951.765662 66.933146 1033.859197 86.174757 1140.108842 82.272632 918.858461 61.375376 907.389644 -55.720915 159.275208 -171.274209 845.974403 -79.957056 835.977437 -40.048131 928.588279 -27.247891 708.394859 -33.298137 717.262278 204.214889 13.667735 0.083591 0.001866 -0.740846 0.084538 1.725983 0.106205 9.785659 0.025001 15.06673 0.150812 9.166921 0.146903 0.021622 -0.194762 0.023442 -0.14554 0.878969 -0.118315 5.505786 -0.125532 3.849573 -0.207493 3.466705 -0.162041 3.684694 0.712098
46.143368 197.116641 106.164513 931.547779 91.711397 1016.652723 105.146627 1116.200672 97.033447 912.150083 81.720487 901.371739 -57.432414 162.693461 -171.253304 846.519027 -67.703335 814.912543 -34.05623 915.535737 -25.428783 695.509608 -29.595737 712.395569 221.808945 14.663587 -0.040094 0.010937 0.026938 -0.108525 1.94697 -0.072194 0.942971 -0.126671 0.608602 -0.012289 1.4537 -0.010011 -0.012944 0.018146 1e-06 8.8e-05 0.509321 -0.134397 0.242643 -0.046193 0.031419 -0.059133 0.10907 -0.008283 0.363457 0.017508
45.334015 194.321122 119.819214 932.221918 86.711085 998.804963 76.252664 1091.687814 65.253457 876.576623 59.91641 870.319202 -59.138721 161.468177 -176.544497 850.839381 -73.629888 819.107566 -45.121524 913.286884 -35.705173 694.289545 -38.310406 709.13718 197.496414 10.612362 -0.00358 -0.009982 0.412909 0.000122 -0.070081 -0.079026 -2.315954 -0.13608 -3.142091 -0.35377 -1.688361 -0.272151 -0.012489 -0.002316 -0.040251 0.005498 -0.124314 0.005385 -0.777014 -0.001383 -0.8699 -0.000536 -0.561516 -0.003734 -0.705449 -0.326777
43.494426 191.415499 121.186636 918.061303 68.05465 984.614481 49.964281 1078.246876 40.683953 867.008639 39.466654 856.770541 -60.126843 160.597514 -170.998648 863.812818 -91.289768 830.102674 -69.384472 927.567607 -59.075254 708.81802 -57.601885 713.991491 197.808476 7.960151 -0.01905 -0.010944 0.003879 -0.054188 -1.128597 -0.050764 -2.768016 -0.041628 -2.888517 -0.026253 -2.126697 -0.053144 -0.004093 -0.001177 0.044251 0.049081 -0.948251 0.036652 -2.600087 0.055393 -2.926365 0.07522 -1.960141 0.008279 0.000123 -0.190347
38.35816 183.255819 122.20265 846.950203 51.093401 887.987649 32.111624 1006.786985 23.090905 799.27211 23.485022 790.575134 -64.404061 159.552001 -174.144417 868.743153 -135.074827 844.041287 -121.155143 940.490542 -106.13344 723.874225 -99.712186 725.943137 228.233781 1.867295 -0.16131 -0.088862 0.002121 -1.43309 -1.213433 -2.494648 -1.965127 -1.224924 -2.474636 -1.377359 -2.062424 -1.330505 -0.073476 -0.001707 -0.014336 0.007015 -4.274977 0.058026 -7.168018 0.0447 -6.8438 0.079115 -5.740856 0.049601 1.087782 -2.116687
37.246391 176.855243 117.708087 852.212921 46.245821 884.625004 28.734694 1005.976559 20.020829 789.599718 21.638077 779.495544 -65.76565 159.063223 -163.111419 899.862748 -145.493743 852.811941 -136.38713 933.4979 -122.733509 722.981905 -112.124283 723.71451 241.895178 1.467718 -0.008175 -0.056886 -0.042105 0.00815 -0.120782 -0.003189 -0.093781 -0.000163 -0.109452 -0.029441 -0.037815 -0.039093 -0.007121 -0.000375 0.180515 0.273804 -0.19352 0.022667 -0.450832 -0.013046 -0.602808 -0.000275 -0.363943 -0.001713 0.198534 -0.024024
41.643152 177.24037 122.394268 856.80369 45.782189 885.634369 22.756983 1001.752358 15.525793 791.037083 16.988189 781.501109 -62.130231 159.652527 -162.292289 899.138395 -132.551725 829.651086 -111.652052 892.967878 -99.98169 683.72743 -94.918888 689.093417 194.305834 3.909317 0.122618 0.000209 0.045735 0.006166 -0.001168 0.000288 -0.348156 -0.004444 -0.285354 0.000654 -0.280902 0.001288 0.051679 0.000545 0.001031 -0.000146 0.301366 -0.159424 1.236403 -0.449744 1.165172 -0.547808 0.716127 -0.424262 -2.60376 0.586304
43.622512 176.325507 126.521291 849.360809 47.485597 939.253994 27.758341 1075.503625 20.069344 865.017265 20.525632 848.01821 -58.809841 154.768627 -171.815527 853.593837 -114.920246 786.663875 -107.362876 854.230274 -96.192848 649.390442 -81.597305 657.173449 204.137726 15.429463 0.022978 -0.001184 0.034215 -0.016234 0.015557 0.787907 0.248194 1.309652 0.291172 1.653267 0.167158 1.358183 0.045589 -0.037933 -0.13575 -0.591835 0.628888 -0.571741 0.042004 -0.429484 0.036592 -0.442281 0.503404 -0.378464 0.121323 3.805762
44.301027 179.26916 120.799485 871.23012 63.173345 999.988489 46.376797 1145.31871 36.731454 931.33458 34.943357 908.821733 -58.577501 153.645493 -173.213035 830.134616 -107.015758 773.518844 -96.896692 841.828296 -93.47982 641.193229 -75.109521 650.86873 247.405978 26.998221 0.002618 0.012184 -0.066196 0.138989 1.117644 0.951295 2.376015 1.097645 2.498821 1.224561 1.906521 1.052508 0.00023 -0.002045 -0.00283 -0.163435 0.140808 -0.055376 0.268318 -0.045344 0.019404 -0.026033 0.134357 -0.015194 2.077827 1.607686
44.364009 181.992814 105.007871 871.390754 82.935108 1063.628781 81.503863 1216.812147 71.799708 1026.056535 62.515656 992.041776 -58.085171 154.831663 -171.466937 845.556994 -62.012784 773.609856 -33.395511 839.289573 -29.638782 628.961772 -31.391177 637.671305 193.700201 48.344306 2.2e-05 0.010267 -0.552862 7e-06 1.342598 0.981541 4.919071 1.082176 5.821714 2.293233 3.981596 1.822566 0.001039 0.002281 0.004423 0.070972 6.101011 3e-06 16.522004 -0.001917 17.845091 -0.058895 9.386821 -0.067587 -3.281613 3.087139
48.812165 182.929662 89.821803 954.548947 107.632443 1088.756001 119.513022 1195.924273 117.776838 997.662803 99.35569 974.222186 -54.878626 153.429907 -158.98851 846.074784 -48.069061 765.552486 -22.524874 827.282863 -18.300249 616.35021 -20.981942 623.186356 228.928483 45.689477 0.106236 0.001203 -0.592743 1.894607 1.60715 0.146674 3.626176 -0.090418 5.659798 -0.199199 4.247919 -0.080748 0.045519 -0.003187 0.235685 7.9e-05 0.886675 -0.02109 1.066773 -0.043251 1.360191 -0.063862 1.044848 -0.083206 1.470789 -0.037484
51.640588 185.672107 92.347007 933.719906 119.681327 1077.14896 133.729645 1176.70648 130.989748 980.134029 111.68386 959.255613 -54.579618 151.406875 -155.407435 838.877615 -47.801194 738.105554 -21.87676 792.543377 -18.240504 581.083377 -20.977137 589.699735 246.991576 51.860468 0.039827 0.010202 0.017503 -0.114884 0.319553 -0.031101 0.399364 -0.077831 0.351141 -0.077678 0.360391 -0.057927 0.000408 -0.006713 0.020395 -0.015371 0.000374 -0.250521 0.00473 -0.372562 4.9e-05 -0.519452 0.0 -0.462355 0.342907 0.195384
50.673541 179.225189 106.592388 856.556135 126.621676 948.159432 133.958169 1031.192372 124.753184 861.434257 108.979867 849.083589 -54.787219 151.579571 -151.265724 832.792595 -53.329318 703.912091 -29.396975 745.393016 -23.880844 544.043354 -25.595751 557.354929 257.798332 36.306208 -0.00457 -0.056956 0.510687 -1.663714 0.097802 -4.11177 9.8e-05 -4.800356 -0.076054 -3.829426 -0.016568 -3.359204 -0.000197 4.9e-05 0.027969 -0.011075 -0.151206 -0.405459 -0.554486 -0.722943 -0.379348 -0.609858 -0.229579 -0.456122 0.115691 -1.382877
47.869874 188.877537 105.909184 985.467152 112.682214 906.139892 113.08143 968.767673 109.215945 759.411437 96.962064 782.731299 -54.847987 156.601119 -157.837259 880.893658 -62.53366 695.830318 -35.882404 734.305806 -31.266936 542.354247 -33.076079 549.885685 257.356284 18.223682 -0.039892 0.126573 -0.001098 4.516351 -0.406332 -0.476155 -0.883703 -0.974468 -0.516462 -3.214059 -0.35095 -1.349555 -1.7e-05 0.040914 -0.069863 0.675202 -0.366183 -0.023331 -0.322959 -0.041538 -0.496858 -0.001313 -0.478803 -0.025193 -0.00019 -3.085443
45.080655 185.882116 107.315944 1017.289868 100.66981 905.657309 97.079014 808.178646 93.137991 598.773095 82.971535 638.77641 -57.138548 152.992921 -154.390758 905.642241 -59.581369 659.145267 -34.64872 697.949485 -29.730653 523.876042 -30.836318 523.539672 228.112234 2.501148 -0.041858 -0.011971 0.004641 0.252839 -0.338437 -6.4e-05 -0.610128 -7.271381 -0.639745 -9.533152 -0.544733 -7.30788 -0.023428 -0.021027 0.019023 0.171427 0.035693 -0.496703 0.01079 -0.461508 0.019349 -0.160129 0.039257 -0.323365 -0.881614 -7.222218
41.205627 190.561212 92.543061 1085.5736 77.468483 713.44101 73.73851 587.818141 71.657251 419.918985 62.552233 465.217848 -57.554666 152.993511 -152.195666 919.190576 -53.709597 643.202013 -30.184446 631.527121 -26.252502 473.084026 -27.320153 506.499718 184.654946 -1.583998 -0.087056 0.029081 -0.546728 1.10894 -1.517372 -11.450266 -1.602136 -17.501855 -1.405984 -15.823813 -1.439698 -13.727893 -0.000755 0.0 0.007858 0.050295 0.152267 -0.097592 0.153883 -1.66031 0.108151 -1.294688 0.106392 -0.140956 -2.294027 -8.066008
38.084993 183.501354 96.104362 1057.752329 71.016942 622.636976 65.17548 507.62903 62.674813 363.889632 54.395313 410.413632 -56.114969 148.670056 -133.324932 966.07191 -49.85484 601.754943 -29.225945 549.929154 -27.30489 400.914929 -27.086994 472.252861 172.716123 -0.89675 -0.061433 -0.066628 0.033618 -0.180573 -0.140223 -3.089234 -0.264175 -2.938951 -0.300653 -2.005151 -0.284813 -1.716732 0.009118 -0.030984 0.624288 0.582996 0.071764 -0.690119 0.007733 -2.821174 -0.010341 -2.984722 0.0005 -0.599338 -0.199478 0.097095
37.563869 178.237406 92.04654 1070.215958 65.564577 538.009753 56.158467 416.246685 54.034471 291.467061 46.724419 339.563974 -58.070363 145.88555 -130.112506 997.16189 -53.55263 556.133895 -32.635893 463.53189 -29.870306 322.161894 -30.407635 377.47775 164.254668 -0.768186 -0.001795 -0.038302 -0.043762 0.0365 -0.108873 -3.08936 -0.335517 -4.530511 -0.320275 -4.013952 -0.291375 -3.354049 -0.016744 -0.013162 0.019587 0.246188 -0.066137 -0.899088 -0.094053 -3.689386 -0.057583 -4.30144 -0.095973 -5.301934 -0.106252 0.004971
36.168499 174.792677 87.142101 1116.765496 58.764506 519.690727 47.713458 392.341529 48.202592 266.105754 41.416678 314.485774 -58.89759 153.444673 -116.688758 1072.765429 -59.158432 548.914986 -41.572908 443.866936 -38.424969 306.190172 -37.931392 356.115894 172.701554 -1.405511 -0.013205 -0.016807 -0.06713 0.495456 -0.186101 -0.158652 -0.343868 -0.353444 -0.166469 -0.577081 -0.159958 -0.480963 -0.002925 0.095462 0.365335 1.38116 -0.139492 -0.02358 -0.540111 -0.213112 -0.537897 -0.203021 -0.415425 -0.311089 0.105891 -0.09553
37.105819 169.661357 80.256496 1157.729324 51.867637 512.242221 43.374772 369.185405 46.725682 247.371103 39.111727 295.672987 -58.500932 149.490827 -95.160325 1119.510185 -57.055181 541.10498 -42.827913 418.628699 -44.053027 290.428413 -38.86163 337.175542 181.518065 -1.726398 0.005995 -0.038223 -0.141673 0.368911 -0.215187 -0.026882 -0.103388 -0.352141 -0.01149 -0.341889 -0.032994 -0.290093 0.00067 -0.025803 1.096715 0.498414 0.019034 -0.02798 -0.009331 -0.369338 -0.192245 -0.208237 -0.005634 -0.258768 0.109738 -0.016482
39.536707 171.747093 76.520584 1215.810396 50.474699 515.128723 43.659525 370.99127 48.031545 241.705545 39.8928 287.50336 -52.086106 155.079553 -88.825501 1143.200447 -59.994916 556.726805 -43.410502 440.322501 -48.520309 305.691622 -38.680553 345.783044 193.102471 -3.752577 0.03856 0.006371 -0.044519 0.710735 -0.00948 0.004055 0.000466 0.002203 0.008999 -0.032817 0.003861 -0.057226 0.186209 0.05128 0.10909 0.12402 -0.036922 0.111153 -0.001968 0.273995 -0.107851 0.195434 0.000211 0.054243 0.179155 -0.388418
40.327026 171.982607 61.194516 1238.278919 49.346235 538.598181 43.958685 410.300737 50.525739 269.220782 41.72512 310.009719 -51.453023 156.221615 -83.303162 1172.160561 -64.434391 620.002643 -55.888689 492.468257 -62.267494 332.086403 -51.598407 372.087551 224.973644 -3.295275 0.003911 8.1e-05 -0.855462 0.102858 -0.006379 0.261398 0.000511 0.989523 0.031565 0.741436 0.02057 0.424021 0.001935 0.002095 0.088608 0.181121 -0.079223 1.702486 -0.78714 1.458691 -0.856223 0.546415 -0.928976 0.482092 1.216587 0.014852
41.055245 174.012221 56.646348 1239.93582 56.533087 550.71246 51.579912 427.846631 53.669635 291.559262 44.983179 332.879251 -50.0773 159.300484 -81.361649 1134.230446 -76.53581 761.04057 -73.199363 709.08131 -78.293531 523.831159 -66.742614 546.233549 261.608608 -33.782268 0.003258 0.005953 -0.087803 0.000554 0.244195 0.067364 0.304462 0.183674 0.047441 0.445099 0.061232 0.406898 0.009321 0.015022 0.011446 -0.311914 -0.520376 7.220568 -1.165944 19.686568 -0.916591 21.754016 -0.973009 16.663286 1.38109 -15.975708
40.101937 180.156495 60.510232 1218.939868 62.68864 694.479751 56.320859 631.558727 64.113177 444.661182 53.284407 470.064934 -50.906536 165.71382 -83.258124 1061.191549 -89.253287 894.267513 -88.038264 920.227965 -88.747771 722.921966 -77.454057 726.867172 303.723819 -33.642522 -0.005599 0.053301 0.063734 -0.089642 0.159015 8.327381 0.104204 19.77028 0.463917 16.095216 0.351254 11.806111 -0.003405 0.063282 -0.010924 -1.215292 -0.488491 5.370075 -0.684273 13.739467 -0.327459 15.998801 -0.398392 12.879732 1.570898 0.000145
40.803722 185.408485 63.794098 1156.499422 70.584571 1000.376995 73.097662 1040.261785 76.396334 829.237209 63.594115 830.929072 -50.620009 172.108557 -79.455248 1016.045226 -98.395423 1093.847321 -103.843351 1187.523998 -104.364234 997.024495 -89.200138 984.769909 359.344384 -7.724039 0.003044 0.037729 0.043384 -0.820792 0.234108 27.833571 1.092014 50.72655 0.537918 59.436209 0.455591 51.049016 0.000404 0.060529 0.044446 -0.490659 -0.222832 10.042921 -0.652032 17.017363 -0.632467 21.981905 -0.414458 19.541435 2.336946 9.126452
44.276989 188.02616 71.776022 928.287703 84.982648 1185.137419 87.409382 1349.49469 85.978775 1177.998426 71.790061 1143.476964 -51.531722 186.022323 -74.874099 906.855212 -109.079073 1212.20635 -128.77792 1356.074131 -126.19734 1187.783844 -105.241567 1161.848145 420.505591 -0.020237 0.070924 0.009175 0.235179 -12.528269 0.667719 7.823701 0.63933 20.091726 0.282997 30.531179 0.248313 24.895069 -0.004069 0.270384 0.068009 -3.102627 -0.275253 3.039413 -1.340223 5.590585 -1.036075 8.343694 -0.662838 7.316213 2.402041 6.953543
49.001492 188.313964 77.248458 882.191916 92.723136 1223.60242 100.372088 1400.97949 92.98918 1244.607827 77.182255 1205.775017 -49.749051 181.713097 -73.972654 798.875822 -127.109281 1202.914696 -158.814196 1369.678492 -152.580559 1239.385355 -126.063258 1206.954222 483.799386 0.00549 0.119724 0.00011 0.100513 -0.586907 0.16866 0.307142 0.447947 0.481902 0.137356 0.915884 0.09762 0.826163 0.01569 -0.025249 0.00273 -3.421188 -0.689203 -0.017874 -1.572803 0.03395 -1.251247 0.548585 -0.939074 0.429488 2.217738 0.046809
47.392078 199.865635 83.535891 947.621565 90.196439 1275.021554 95.074116 1441.824594 85.401365 1262.610964 71.291914 1225.127843 -52.841669 192.773869 -80.67466 904.413232 -129.71935 1189.654339 -149.603443 1299.609648 -152.102073 1134.181667 -128.221105 1124.678025 465.448386 3.443339 -0.013437 0.171919 0.122981 1.170176 -0.017452 0.529133 -0.071819 0.293444 -0.161446 0.064637 -0.116888 0.077037 -0.046624 0.16338 -0.145292 3.272743 -0.013263 -0.036747 0.137568 -0.919812 0.000376 -2.332619 -0.009156 -1.45209 -0.177399 3.173846
47.880473 203.008182 81.482017 1078.519534 91.344904 1120.798086 93.083179 1164.406824 89.485834 941.3409 75.77317 940.364602 -51.048803 189.547714 -80.520442 962.815171 -122.022638 1144.064976 -134.527636 1211.903591 -138.174176 1002.183096 -117.697741 1013.510408 450.052737 -0.952569 0.001252 0.012257 -0.012782 4.232725 0.003633 -4.968982 -0.010534 -14.806793 0.047703 -23.541498 0.068291 -18.804898 0.015471 -0.013612 7.4e-05 0.913552 0.117686 -0.445338 0.400238 -1.531885 0.334333 -4.081766 0.225261 -2.891841 -0.129461 -8.018072
45.494726 198.658508 91.822453 1109.286237 90.641697 931.564152 87.980446 913.659609 84.343117 692.862496 73.676796 712.417524 -52.463272 190.009344 -83.543572 1022.549739 -122.466814 1052.488618 -134.574236 1113.142438 -131.712762 900.560919 -111.850848 904.347268 426.854977 -13.594455 -0.030483 -0.023552 0.308763 0.216344 -0.001359 -8.742588 -0.071917 -15.183515 -0.07609 -19.000863 -0.014704 -15.794378 -0.009665 0.000281 -0.027855 0.898834 -0.000403 -1.909782 -4e-06 -2.098489 0.077358 -2.715668 0.074476 -3.109266 -0.306891 -7.349898
45.108953 197.538382 96.656225 1139.974808 69.378316 690.052103 52.583015 597.49568 53.093313 420.540182 48.919622 462.799942 -52.772843 190.203952 -99.679453 1078.144516 -93.14708 947.494782 -78.676471 957.469822 -73.505606 738.574591 -67.440079 750.894682 251.541404 -44.484264 -0.000821 -0.001583 0.061994 0.209365 -1.419026 -18.085398 -4.529978 -33.443992 -3.59988 -33.816609 -2.525755 -26.815465 -0.000455 5e-05 -0.711901 0.735785 2.002788 -2.757851 7.456383 -5.860176 8.427856 -8.023727 5.587386 -7.128417 -23.043956 -8.895823
44.912728 192.910442 113.50345 1104.106586 57.20854 527.908039 39.258696 413.89196 39.935691 283.97957 44.528323 332.898065 -52.370492 189.346389 -117.722508 1084.417393 -66.437598 858.587701 -44.038469 846.196497 -38.805247 628.549116 -38.565128 651.498427 157.47376 -67.555059 -0.000214 -0.027428 0.676358 -0.286668 -0.586345 -10.841171 -0.971681 -16.804998 -0.935179 -13.361825 -0.103235 -10.675192 0.00077 -0.000969 -0.750026 0.009098 2.251042 -2.189619 4.989984 -3.435657 5.495064 -4.434592 4.008437 -3.526848 -10.964058 -2.401062
41.380398 194.047609 112.721066 1048.076683 44.640795 464.335183 27.171064 353.433589 25.537042 250.256451 25.540476 300.887048 -54.120031 188.061633 -139.702828 1045.102903 -50.343721 800.413335 -27.090964 790.063727 -22.717051 590.00938 -25.275844 619.264945 96.425714 -71.751281 -0.072327 0.001671 -0.001353 -0.729464 -0.778376 -2.038645 -1.108996 -2.385497 -1.602883 -1.065432 -2.621795 -0.808917 -0.014373 -0.002187 -0.940114 -0.362936 1.114281 -1.020282 2.048478 -0.963116 2.140793 -0.609607 1.398481 -0.408874 -7.448507 -0.063214
44.476115 187.212914 112.473578 995.670625 20.552915 369.410825 6.848089 254.775603 7.122499 180.468401 7.153328 231.486537 -52.471216 181.858395 -150.000084 986.273207 -33.417145 715.089104 -13.458147 698.982699 -9.779824 527.38735 -12.554063 561.879395 33.594449 -90.841159 0.055829 -0.061266 -0.000136 -0.672012 -4.613236 -5.42133 -6.737668 -8.055026 -5.686403 -5.691293 -5.660535 -4.542927 0.012753 -0.052015 -0.183062 -0.852048 1.728106 -2.403824 2.360412 -2.788203 2.686222 -1.756137 2.203258 -1.394854 -16.189258 -1.124554
45.074732 185.157135 122.120499 894.09623 12.303106 427.939596 1.542771 344.751153 1.136342 266.001823 1.748728 316.709526 -52.988869 184.019356 -143.60139 963.974039 -20.052071 696.065395 -5.393568 675.68214 -3.041419 530.997874 -4.876569 570.302032 7.895873 -45.34445 0.002001 -0.005675 0.198433 -2.731771 -1.052581 2.151027 -1.890081 6.79011 -2.568992 8.269705 -1.82838 6.664932 -0.00127 0.006382 0.069734 -0.127489 1.697295 -0.128235 1.812064 -0.197486 1.913532 0.006158 1.781893 0.03133 -8.916866 7.824518
45.126609 178.227698 127.660581 779.973056 2.389586 504.639784 -1.443291 468.806185 -2.234546 372.730423 -0.721215 414.143131 -54.083029 185.314594 -142.273299 971.532959 -14.523621 670.467192 -2.705413 623.594568 -1.409697 494.005269 -2.680159 538.365399 -0.094577 -8.52641 1.5e-05 -0.066075 0.061446 -3.894482 -3.848462 3.159464 -5.970466 9.513874 -6.557866 8.980003 -4.716014 6.523796 -0.005591 0.002271 0.003085 0.01476 0.444845 -0.239777 0.45913 -1.044507 0.30987 -0.667753 0.326242 -0.460084 -9.718761 14.545277
45.065369 167.680429 129.341634 724.913447 5.061176 519.864666 -0.131186 551.21067 -0.723576 456.609379 -0.058924 481.053408 -53.558562 179.785953 -139.651263 944.06862 -25.586102 690.314703 -9.703586 674.469693 -6.847059 519.863036 -8.6132 550.804362 3.118953 -2.050868 -2.1e-05 -0.160839 0.005498 -1.007576 0.495443 0.113133 0.704213 3.33407 0.415003 4.252638 0.367844 2.504062 0.001278 -0.041862 0.012193 -0.196891 -1.555717 0.144749 -2.161617 0.997359 -2.043133 0.329793 -1.684042 0.071032 4.299771 2.213896
40.458476 151.556823 127.236926 696.270628 8.145597 549.07671 0.095785 570.522541 -0.053436 468.306486 0.102781 485.988525 -54.678653 166.720109 -142.818269 895.860293 -31.475757 684.428647 -13.377887 684.009869 -9.778724 519.924193 -12.098616 544.854596 8.38643 -1.34898 -0.124169 -0.407435 -0.008633 -0.288666 0.365231 0.399228 0.451164 0.16625 0.383744 0.073968 0.31735 0.012593 -0.005796 -0.246427 -0.017755 -0.631666 -0.304765 -0.012601 -0.29433 0.033499 -0.260515 2e-06 -0.295372 -0.016155 1.276623 0.07324
42.001092 152.533737 132.186282 684.89778 5.358382 540.968141 -0.158994 552.651864 -0.897789 445.735208 -0.070373 475.419049 -53.213033 169.265016 -141.322073 899.348949 -22.0232 678.075377 -6.693677 676.692853 -3.880039 521.598042 -5.887348 549.897146 1.045024 -2.979349 0.014431 0.001569 0.047217 -0.046824 -0.29077 -0.030159 -0.501592 -0.142178 -0.513165 -0.278729 -0.343249 -0.058101 0.009955 0.009638 0.003939 0.00339 0.841692 -0.014813 1.145682 -0.019673 1.339375 0.001345 1.106537 0.011613 -3.510636 -0.318799
45.706642 149.275264 137.192929 675.714057 3.773088 508.571398 -0.641491 486.831028 -1.529592 396.022221 -0.316632 433.951827 -54.219877 174.391644 -142.30764 937.217578 -14.715627 648.430843 -2.259331 612.416032 -1.166774 478.769519 -2.701111 519.368607 -0.024521 -3.922362 0.078313 -0.017591 0.04653 -0.030994 -0.138662 -0.500124 -0.161758 -2.086005 -0.083665 -1.469271 -0.088459 -0.945943 -0.004718 0.038241 -0.001712 0.390453 0.734094 -0.331287 1.175288 -1.603465 0.791403 -0.917225 0.612901 -0.435898 -1.389705 -0.064728
45.41319 158.067609 136.790674 740.997779 5.39545 510.794804 -0.028289 465.156526 -0.475789 383.291001 -0.020454 430.066608 -54.65534 180.104977 -142.072809 947.181622 -15.142016 631.113326 -2.579512 581.960593 -1.495425 447.394565 -2.988924 490.162017 0.284197 -2.477112 -0.000473 0.12579 -0.000295 1.504974 0.144679 0.002425 0.400359 -0.246771 0.2992 -0.103998 0.176133 -0.008735 -0.000871 0.046043 9.7e-05 0.026343 -0.003045 -0.117194 -0.010605 -0.388355 -0.020364 -0.531585 -0.007284 -0.422574 0.475678 0.165332
44.61125 172.473454 134.02813 791.072958 17.473963 482.656712 6.849727 381.131964 5.984966 291.605572 5.722662 347.594702 -55.120598 190.395452 -139.516197 985.803608 -21.312338 639.852166 -5.94941 582.395493 -4.605826 444.689588 -6.659886 488.325505 21.091404 -16.08974 -0.003572 0.314071 -0.01409 0.818563 3.449846 -0.398566 7.758401 -4.18156 9.835711 -6.256785 6.427376 -4.385487 -0.000986 0.142934 0.011606 0.385882 -0.525994 0.030043 -0.693981 8.1e-05 -0.852378 -0.004101 -0.725606 -0.001723 16.479028 -5.940516
47.016103 175.232437 139.764268 901.033913 37.977146 476.948898 22.665688 376.41761 20.540622 276.392575 19.345342 328.11097 -51.456187 187.907259 -135.1245 997.695185 -26.709116 668.742048 -9.389031 628.941293 -7.550328 473.615063 -9.684378 511.452676 52.997851 -26.395347 0.031564 0.010946 0.060095 3.576667 3.929803 -0.016975 4.595241 -0.014669 4.350383 -0.203765 4.024539 -0.280962 0.063015 -0.008183 0.035115 0.035647 -0.304216 0.31894 -0.390639 0.894595 -0.362003 0.455672 -0.282277 0.267528 7.22225 -1.268863
46.892349 174.702539 144.772806 942.175542 58.193837 496.045821 39.550163 430.899885 35.194108 315.185272 33.593378 361.301522 -51.59648 186.145261 -134.138215 1007.624605 -29.171159 681.109701 -11.564972 634.510362 -9.020558 476.293059 -11.089921 514.622354 79.85007 -16.570447 -8.2e-05 -0.000401 0.044085 0.459211 2.148947 0.187425 2.334914 1.840481 1.960801 1.273285 1.953413 0.799414 -9.5e-05 -0.00415 0.001806 0.024583 -0.054264 0.056659 -0.113285 0.012274 -0.065351 0.003775 -0.047602 0.004896 2.742085 1.138401
46.658846 179.495 144.545409 995.12565 73.749617 554.631453 56.511264 461.148838 51.540922 355.354024 48.436934 395.631599 -51.66145 186.436669 -131.48377 1032.202847 -38.622337 726.837443 -19.134174 684.452817 -16.387573 502.777392 -17.989937 536.659038 126.053554 -12.758198 -0.000291 0.032424 -8.9e-05 0.723749 0.920201 1.634635 1.509225 0.513011 1.554357 1.204239 1.354164 0.778907 -2e-05 0.000114 0.013264 0.148079 -0.662033 0.742776 -0.947764 0.945873 -1.091466 0.358273 -0.83047 0.230989 5.250838 0.248821
47.837301 187.161783 143.308048 1026.196107 113.490496 723.914959 103.866676 675.231817 93.932002 499.115533 85.731793 529.946162 -52.634807 186.714703 -130.331455 1084.806456 -45.63921 835.863871 -23.959757 834.974911 -21.014117 616.227691 -22.535795 637.375278 203.803264 -6.165488 0.007349 0.080165 -0.002659 0.238812 4.26601 11.256381 7.150826 20.347738 6.313418 12.180502 5.287616 9.797334 -0.004542 0.000104 0.002536 0.65365 -0.292673 3.807913 -0.271033 7.474118 -0.287252 5.765933 -0.255766 4.328022 9.294027 1.185533
49.014052 200.276555 130.530431 1022.557744 169.181276 1073.926934 190.720211 1141.517882 185.710119 940.950868 159.348484 937.924432 -52.294819 189.546237 -120.230606 1085.949711 -57.001752 966.57533 -36.475923 1030.652876 -32.807257 780.391103 -31.853318 783.187282 374.628102 7.504539 0.007149 0.222031 -0.298272 -0.003231 5.540273 34.400063 13.094618 60.857682 15.489716 69.456035 11.317737 57.835909 0.000551 0.010654 0.203679 0.000301 -0.630866 4.745793 -1.310245 10.290305 -1.307927 9.681726 -0.804046 7.503168 25.799735 27.274313
47.657151 201.997473 105.434941 972.117524 224.921972 1480.321334 288.793587 1662.888237 300.167672 1561.250387 253.258971 1535.302797 -50.545145 192.686736 -116.505521 1065.988824 -63.468882 1124.95889 -46.616553 1254.793268 -40.230336 996.878076 -37.584804 985.088661 560.17832 63.032247 -0.009523 0.003681 -1.338278 -0.637854 3.961806 32.536983 10.136449 48.890444 13.673708 78.105624 10.829242 73.228893 0.014885 0.012902 0.029309 -0.092578 -0.17371 6.0055 -0.621104 11.017609 -0.378197 13.23428 -0.236945 11.564344 18.600024 27.038374
51.302167 207.36393 112.357739 995.891817 263.365277 1797.807975 337.145445 1988.674167 359.143292 1939.020036 306.425513 1930.22643 -47.628723 205.861178 -112.642609 1058.119906 -62.696002 1240.17384 -48.451413 1408.374888 -37.19799 1166.72664 -35.467157 1148.650474 627.507096 97.553643 0.067152 0.035177 0.110052 0.143606 1.515691 15.410504 1.87031 14.562058 2.642994 20.445266 2.530968 22.575822 0.043328 0.217807 0.032562 -0.014576 0.002367 2.807954 -0.017709 4.432119 0.059401 6.677079 0.0307 6.278153 1.909938 3.754448
48.354958 211.103842 107.075576 1011.21036 269.447821 1937.732072 350.675361 2191.39077 371.54771 2159.278774 314.898251 2125.005529 -48.873567 209.745516 -109.347481 1093.00218 -73.799789 1347.234433 -63.117408 1505.374179 -51.773327 1254.497271 -47.297831 1238.711658 700.710734 122.083879 -0.043589 0.016712 -0.063585 0.058458 0.03472 2.621525 0.133084 4.91837 0.105298 5.923067 0.057772 4.680473 -0.008029 0.018152 0.024457 0.282841 -0.45239 2.215901 -0.968141 1.61501 -1.20199 1.591389 -0.84992 1.699345 2.018813 1.374129
44.701627 210.709467 109.550765 1054.380431 281.047086 2146.29732 370.654852 2412.087007 397.576414 2429.431671 337.795741 2402.799245 -51.107164 200.085544 -110.311069 1079.094714 -83.260626 1365.741334 -76.469027 1530.91569 -61.466933 1291.308345 -55.341461 1276.347635 771.695249 178.342302 -0.071741 -0.000184 0.014141 0.451168 0.122215 5.329034 0.27675 5.293264 0.440558 7.95931 0.401763 8.529752 -0.024953 -0.113862 -0.002114 -0.044524 -0.285205 0.063124 -0.640017 0.107431 -0.41566 0.266149 -0.315667 0.281613 1.712073 5.314541
43.041822 215.625475 98.29145 1092.597069 271.378328 2279.988422 340.504813 2571.416003 364.996785 2606.887443 309.741848 2570.585487 -49.963143 200.919579 -112.783724 1079.454622 -86.319454 1383.472463 -79.613549 1553.931679 -63.480374 1310.574776 -57.333126 1297.76388 732.911929 220.695563 -0.0157 0.028344 -0.305196 0.340159 -0.08462 2.019457 -0.639402 2.547628 -0.696272 3.127317 -0.607988 2.831094 0.006475 0.000867 -0.013703 3e-05 -0.027589 0.057179 -0.031679 0.085862 -0.016224 0.071333 -0.017604 0.089092 -0.49993 2.254021
43.071585 223.283472 96.993408 1123.389694 255.108032 2417.319869 327.75046 2740.528693 343.871329 2780.599051 292.683437 2726.766739 -49.942585 202.976251 -112.460809 1094.136336 -89.135018 1379.864658 -82.183234 1541.460159 -66.633923 1304.518804 -60.16313 1298.642244 713.249339 276.000504 5e-06 0.066813 -0.004314 0.213952 -0.251465 2.007954 -0.121726 2.692644 -0.314857 2.801266 -0.241563 2.302838 2e-06 0.005236 0.000231 0.049585 -0.022592 -0.002355 -0.020407 -0.025124 -0.038222 -0.007012 -0.034087 0.000149 -0.133676 3.088585
43.333485 222.857765 96.322145 1138.644757 246.137068 2416.015077 322.174518 2743.961169 339.326991 2774.449335 286.701967 2716.534177 -50.016496 201.632523 -111.777484 1093.50414 -88.94008 1384.005702 -82.312482 1550.625421 -66.871327 1321.712082 -60.245266 1310.857247 707.470596 266.266793 0.000397 -0.000203 -0.001165 0.05144 -0.080285 -0.000176 -0.023919 0.001074 -0.015114 -0.003404 -0.030877 -0.009618 -2.7e-05 -0.002231 0.001041 -9.1e-05 0.000107 0.003102 -5.1e-05 0.013583 -0.000211 0.056281 -2.8e-05 0.028589 -0.011752 -0.087367
43.031264 224.640388 95.271937 1165.32898 241.347891 2434.270104 316.345583 2770.600317 333.664443 2787.272257 281.594136 2725.145076 -51.155965 199.655532 -111.993736 1088.133816 -89.181055 1391.661945 -80.006897 1560.204175 -64.753675 1330.616718 -59.281911 1319.694124 692.3977 266.244618 -0.000529 0.003551 -0.002878 0.154531 -0.023526 0.034353 -0.026606 0.064343 -0.023823 0.014782 -0.022955 0.006813 -0.006417 -0.00487 -0.000104 -0.00661 -0.000163 0.010559 0.016375 0.014747 0.017036 0.014948 0.003882 0.014843 -0.08115 -0.0
42.65408 220.899181 94.440989 1163.70462 235.087175 2452.143999 307.710528 2801.411114 322.863874 2829.272993 272.62146 2759.977313 -50.959666 197.479829 -110.316953 1085.792973 -82.956931 1400.178682 -74.407192 1575.563422 -58.937851 1343.731249 -53.846584 1327.849052 657.692303 273.372192 -0.00083 -0.015708 -0.00182 -0.000566 -0.041137 0.03269 -0.059744 0.085186 -0.088846 0.157044 -0.072638 0.110599 0.000189 -0.00596 0.006324 -0.00126 0.112562 0.012991 0.101568 0.037616 0.136802 0.032156 0.130647 0.012559 -0.446142 0.047075
42.900966 219.30014 94.036706 1166.366103 233.959783 2444.008557 307.456613 2779.368061 323.115501 2809.985406 272.623133 2745.889191 -51.027299 192.730176 -110.488116 1089.080536 -77.777265 1435.685009 -68.132953 1616.36405 -53.775796 1382.11001 -49.307303 1363.875146 640.525841 250.669807 0.000356 -0.002904 -0.000434 0.00152 -0.001355 -0.006759 -5.2e-05 -0.043533 4.9e-05 -0.032984 0.0 -0.018024 -2.2e-05 -0.028908 -6.6e-05 0.002485 0.083479 0.222287 0.138155 0.260776 0.118268 0.270192 0.099924 0.241098 -0.113502 -0.491984
41.896435 218.565931 94.315914 1172.162602 231.166433 2484.062761 305.135482 2834.942015 319.472613 2871.665114 268.644174 2804.351506 -50.970687 193.635667 -111.800423 1114.434631 -73.709748 1458.613687 -61.66406 1637.596903 -49.148554 1397.526721 -45.285067 1381.335437 619.233352 262.582929 -0.00595 -0.000616 0.000207 0.007184 -0.008388 0.162778 -0.004397 0.27506 -0.010326 0.334806 -0.014625 0.307909 1.6e-05 0.001061 -0.003874 0.14587 0.054617 0.090822 0.1613 0.069275 0.104068 0.042753 0.085555 0.055527 -0.179956 0.138277
41.321027 220.505846 93.085135 1173.243184 229.60437 2492.086603 303.625351 2861.95819 318.341563 2894.022365 267.613514 2820.002667 -50.567437 194.125415 -112.173075 1109.599125 -70.508926 1457.973176 -58.22799 1647.296509 -44.971747 1400.072519 -41.636767 1380.984558 602.615429 268.257737 -0.001989 0.004286 -0.004042 0.000249 -0.002648 0.006469 -0.001873 0.064059 -0.001003 0.043347 -0.00099 0.021777 0.000801 0.000309 -0.00031 -0.005257 0.035524 -7e-05 0.049248 0.01432 0.092723 0.001158 0.076597 -2.2e-05 -0.113012 0.030333
40.534868 225.690948 92.850482 1177.835999 227.659372 2514.053609 302.545026 2896.924974 313.273915 2925.028444 261.942956 2847.682433 -49.349543 200.487069 -113.079528 1134.317367 -67.654398 1473.890851 -53.200859 1670.346094 -41.409543 1416.074149 -38.675882 1399.478887 582.477486 270.693688 -0.003775 0.030128 -0.000148 0.004486 -0.004137 0.048196 -0.000963 0.106157 -0.02033 0.082607 -0.030361 0.067591 0.007423 0.051282 -0.001824 0.136148 0.029491 0.04321 0.113458 0.08007 0.073481 0.045462 0.054598 0.061508 -0.171111 0.005505
40.407499 225.396265 94.386317 1176.873941 230.753011 2515.628846 305.49042 2887.570002 315.405519 2920.779954 263.848082 2847.904452 -49.60739 200.104683 -112.548498 1138.71636 -66.974211 1503.958038 -53.238602 1705.359557 -41.841591 1455.687694 -38.982559 1433.779965 587.004102 252.516418 -0.0001 -9.6e-05 0.006299 -0.000197 0.010439 0.000247 0.007134 -0.007565 0.003614 -0.001544 0.003451 4e-06 -0.000336 -0.000183 0.000625 0.004257 0.001718 0.151797 -7e-06 0.181588 -0.001121 0.273231 -0.000606 0.207642 0.00876 -0.315851
39.987048 229.414653 94.400447 1194.931366 229.523272 2544.575585 302.401038 2920.267148 312.148741 2948.365532 261.351458 2872.293106 -49.609237 203.881471 -113.99943 1149.075746 -66.563975 1514.22386 -51.865233 1721.639255 -40.473225 1468.606422 -37.894397 1446.322044 577.421133 255.247045 -0.001099 0.017752 1e-06 0.06874 -0.001643 0.082795 -0.00785 0.09204 -0.008451 0.064828 -0.005934 0.051992 -0.0 0.017655 -0.004646 0.023454 0.00063 0.017459 0.008973 0.038668 0.011374 0.028536 0.007702 0.027309 -0.039434 0.007342
40.233021 228.62214 93.823141 1191.219352 226.166857 2531.788028 297.483282 2898.681357 307.72433 2926.025275 257.882365 2853.464739 -49.04623 206.903271 -113.122379 1162.965023 -66.134494 1539.815697 -51.782934 1750.06633 -40.245309 1495.752265 -37.7373 1472.433565 570.540622 237.708261 0.000377 -0.000686 -0.000885 -0.002887 -0.012361 -0.016106 -0.020158 -0.040037 -0.01579 -0.04248 -0.011589 -0.030957 0.001606 0.011115 0.001693 0.041719 0.000695 0.107227 3.3e-05 0.116385 0.000322 0.124295 0.000163 0.116801 -0.02062 -0.312104
40.532098 228.369142 93.590269 1194.783846 223.639697 2550.71111 294.927528 2924.85566 306.069511 2955.390897 256.216328 2878.482786 -49.27529 207.265837 -111.449973 1164.217068 -65.756563 1553.651852 -52.750329 1762.827244 -40.629909 1518.122954 -37.822223 1494.559789 569.72925 237.172619 0.000554 -7e-05 -0.000145 0.002663 -0.007099 0.035227 -0.005513 0.058821 -0.002231 0.073311 -0.0027 0.054598 -0.000267 0.000159 0.006227 0.000337 0.000541 0.030943 -0.004476 0.023178 -0.000914 0.083025 -4.8e-05 0.082504 -0.000289 -0.000302
]