01-30-21_Raj_4K+Depth.snake_below_blue_flowers.0000000006 [ 45.917556 168.650629 78.864692 976.878058 184.7797 1994.4849 241.516171 2262.970312 256.184176 2274.485444 215.016822 2223.859244 -41.21703 161.01073 -117.127706 887.358643 -17.498639 1522.017295 -5.371235 1893.394657 -0.983213 1664.657934 -2.224756 1572.996983 288.909071 47.490649 0.0 0.0 0.0 0.0 0.0 0.0 0.0 0.0 0.0 0.0 0.0 0.0 0.0 0.0 0.0 0.0 0.0 0.0 0.0 0.0 0.0 0.0 0.0 0.0 0.0 0.0
45.296539 159.553055 82.55108 952.968831 193.591462 1982.757785 250.794013 2229.620101 271.125743 2244.355565 228.572394 2207.212765 -41.720153 160.534675 -116.713226 913.610965 -14.839449 1528.79627 -3.629276 1914.644062 -0.35035 1673.05655 -1.330807 1583.556584 290.968551 41.881814 -0.002114 -0.126113 0.0421 -0.148114 0.102621 -0.017289 0.087431 -0.123787 0.211731 -0.100448 0.20717 -0.031269 -0.001526 -0.000352 0.000367 0.191347 0.109519 0.007532 0.170178 0.059288 0.159734 0.010567 0.114214 0.017663 0.003657 -0.176173
40.593861 156.97175 79.187804 928.856568 190.920371 1989.930822 248.350502 2232.531205 269.089942 2256.817072 226.400964 2225.27725 -43.455126 162.711556 -123.269357 936.383311 -17.249796 1547.460785 -4.967215 1930.130849 -0.797305 1689.499683 -2.190492 1608.051294 299.182074 40.9913 -0.128837 -0.010526 -0.034973 -0.154484 -0.009278 0.006476 -0.005981 0.00095 -0.003836 0.01725 -0.005182 0.036811 -0.017672 0.00733 -0.089571 0.140162 -0.090653 0.056622 -0.104755 0.031191 -0.09061 0.040204 -0.106553 0.093996 0.057159 -0.004785
42.68589 152.529246 81.210697 934.869154 191.923819 1987.410735 248.49856 2233.949437 269.046532 2246.743679 226.856074 2214.492498 -43.711173 163.85867 -125.330049 939.958144 -15.65007 1527.965549 -3.641345 1913.87136 -0.336581 1670.161691 -1.500218 1588.589248 288.415286 42.669847 0.026281 -0.031885 0.012757 0.009699 0.001315 -0.000798 2.2e-05 0.000225 -2e-06 -0.011266 0.000228 -0.013099 -0.000376 0.002015 -0.008541 0.003405 0.038916 -0.061791 0.102717 -0.034388 0.097821 -0.055655 0.065126 -0.059246 -0.09865 0.016841
46.366731 150.650492 85.170561 947.762669 196.511486 2005.94679 252.467736 2264.053861 271.37548 2271.676363 229.943636 2235.383056 -43.400645 167.64431 -124.399859 963.24652 -17.298748 1553.981961 -4.471243 1945.137661 -0.694701 1689.170669 -2.104088 1602.80651 299.531058 43.067517 0.076103 -0.005821 0.047129 0.044152 0.027093 0.04302 0.015724 0.100743 0.005018 0.06879 0.010435 0.049037 0.000553 0.021616 0.001732 0.142488 -0.041274 0.109811 -0.04256 0.126664 -0.064177 0.053782 -0.050947 0.031668 0.105087 0.000922
44.419409 146.013796 82.635801 956.5805 204.275114 2024.039776 263.88284 2289.824514 285.622792 2287.84836 242.152404 2241.604948 -45.115679 162.288037 -116.048863 971.808868 -18.038813 1572.09549 -5.256385 1943.667133 -1.202036 1686.35246 -2.659891 1597.734681 323.883092 45.781947 -0.020887 -0.036237 -0.019145 0.020415 0.075202 0.040615 0.126194 0.072919 0.182244 0.02868 0.15789 0.004323 -0.016616 -0.043481 0.145062 0.018944 -0.00775 0.052478 -0.031737 -0.000278 -0.069109 -0.001176 -0.032533 -0.004019 0.475806 0.041474
49.340206 140.239046 88.558866 939.215999 215.216142 1978.558328 275.203155 2197.65093 302.980411 2205.863514 258.732557 2183.79733 -39.664874 159.425841 -116.796372 966.233094 -16.215577 1567.511428 -4.027051 1952.368273 -0.580895 1688.347663 -1.804562 1600.04344 330.094286 34.540461 0.129218 -0.058255 0.102495 -0.079527 0.142704 -0.258411 0.118871 -0.946731 0.255989 -0.747942 0.274491 -0.377577 0.175406 -0.012732 -0.0012 -0.008021 0.048556 -0.003347 0.081756 0.009716 0.111696 0.00059 0.082701 0.000833 0.029496 -0.790539
47.484242 142.045103 86.275047 899.663218 209.219621 1829.175374 266.657537 2015.107679 293.475884 2001.593766 250.976413 1995.772413 -40.964706 159.174575 -115.007481 951.505484 -16.781207 1563.295552 -5.172611 1944.747832 -0.763065 1694.911073 -1.997166 1609.571806 324.168276 12.744023 -0.01779 0.005778 -0.014917 -0.425423 -0.042362 -2.931384 -0.06739 -3.956753 -0.075732 -4.961518 -0.059015 -4.231449 -0.010478 -9.9e-05 0.006903 -0.056552 -0.004848 -0.002839 -0.071602 -0.007451 -0.012404 0.006366 -0.004882 0.014143 -0.026838 -5.323339
51.050507 150.364651 85.3012 904.023043 201.051401 1685.155513 254.929086 1863.460733 281.102347 1812.324995 240.639389 1802.116011 -41.900254 168.338363 -117.040444 983.154872 -17.227128 1588.661469 -4.755303 1976.127327 -0.698422 1702.697572 -1.867499 1610.723426 309.824201 1.70996 0.064558 0.118377 -0.002764 0.005269 -0.08132 -2.95226 -0.13188 -2.965732 -0.133247 -4.699202 -0.108688 -4.940536 -0.005281 0.128226 -0.008906 0.258896 -0.002924 0.10207 0.008774 0.12557 0.00143 0.008922 0.002176 0.000206 -0.162288 -5.117652
51.944891 150.329278 85.782353 867.160107 183.940611 1445.182297 225.913879 1609.602176 233.206416 1521.979392 200.154348 1509.021984 -41.594509 170.461265 -110.631574 974.558764 -17.070268 1585.632917 -4.648419 1974.67135 -0.664513 1703.988076 -1.82193 1609.089038 258.768224 -5.138546 0.003883 -2e-06 0.000677 -0.383648 -0.380429 -9.211786 -0.876222 -9.290139 -2.235054 -12.665458 -1.863127 -12.997502 0.00056 0.006651 0.090221 -0.018872 0.000359 -0.001445 0.000607 -0.000268 0.000422 0.000244 0.000281 -0.000415 -2.29689 -12.776983
54.356547 152.969846 89.356253 873.23127 155.464358 1157.302049 183.716271 1276.482432 175.483672 1107.949813 148.519582 1098.383106 -41.543475 175.313242 -110.727954 984.221755 -15.956464 1589.298939 -4.060047 1983.480293 -0.365779 1701.332571 -1.248941 1605.437981 191.872957 -63.38282 0.02736 0.011495 0.036469 0.010589 -1.196696 -15.971301 -2.179267 -19.289254 -4.096869 -32.794797 -3.844464 -32.538683 1.6e-05 0.034044 -2.1e-05 0.023835 0.018787 0.002117 0.019899 0.009802 0.04426 -0.001035 0.05393 -0.002073 -4.99278 -32.427292
56.848087 161.372304 99.135392 973.4101 145.994278 1012.535868 158.766126 1058.534282 148.609087 847.885084 128.778122 850.594427 -42.64501 175.336919 -107.752874 1025.119874 -12.661343 1590.889014 -2.253842 1966.07494 -0.044408 1682.084455 -0.520901 1576.807189 153.791371 -141.485234 0.027915 0.11232 0.253847 2.719313 -0.148784 -4.834605 -0.910029 -10.193783 -1.116176 -17.367337 -0.703613 -15.815824 -0.007207 1e-06 0.020257 0.416263 0.190337 0.000398 0.263863 -0.038352 0.155287 -0.054751 0.156678 -0.128799 -2.104114 -15.471822
50.696456 177.72952 94.403284 1132.664624 121.605297 774.139293 120.640739 692.47722 117.083264 492.479633 100.795917 529.614158 -45.82394 182.906042 -113.487956 1063.77594 -11.71972 1597.919569 -1.599376 1976.508099 0.002868 1696.330695 -0.299246 1591.041171 115.927154 -360.796851 -0.176083 0.39474 -0.05786 6.029786 -1.113721 -15.976089 -2.613348 -38.690414 -1.876984 -47.977569 -1.711722 -37.84224 -0.057132 0.079971 -0.074346 0.357706 0.01819 0.00775 0.055987 0.013805 0.069848 0.030037 0.030521 0.031979 -2.670994 -50.408533
52.049935 167.478194 110.591893 1137.807813 95.983562 507.827131 84.732274 373.665986 87.634549 234.48558 76.828675 284.256863 -43.745306 175.06694 -111.586372 1047.580053 -10.205433 1585.449454 -1.183781 1960.856572 0.06926 1696.423001 -0.101228 1595.242133 82.77652 -669.501856 0.008915 -0.152246 0.640212 0.005825 -1.513783 -27.966526 -3.163576 -48.783519 -2.129175 -47.320093 -1.624402 -37.864683 0.024123 -0.085843 0.008033 -0.062119 0.052356 -0.024424 0.031204 -0.031109 0.04394 1e-06 0.052381 0.002769 -2.78485 -47.33551
51.588688 142.611558 125.997347 1013.27152 78.370762 340.785228 59.367439 223.058817 61.941976 125.346598 55.035755 170.133021 -43.782805 157.190482 -112.366331 1018.754994 -7.731379 1592.808145 -0.402466 1986.157532 0.584845 1714.174481 0.020889 1617.339511 50.48914 -912.448396 -0.001026 -0.998657 0.502094 -3.608027 -0.89188 -16.602781 -2.24996 -19.318559 -2.223111 -16.950451 -1.8133 -14.565015 -8e-06 -0.481252 -0.001358 -0.201062 0.171444 0.008519 0.205767 0.081092 0.251582 0.046197 0.214085 0.075998 -3.970412 -18.766457
47.777872 146.541704 131.731643 946.442132 40.734875 178.198178 22.016264 73.527531 24.920801 34.380174 23.10073 66.757612 -45.503611 162.741285 -114.206099 1072.323488 -8.951982 1622.144885 -0.735392 2007.869601 0.206665 1734.225798 -0.034067 1641.835176 20.588626 -1280.24961 -0.073101 0.02671 0.0638 -1.139826 -6.102572 -26.125184 -9.077432 -40.453851 -8.284316 -28.434155 -6.824042 -23.745854 -0.016584 0.048157 -0.00747 0.686262 -0.044711 0.133853 -0.049795 0.059015 -0.096191 0.058296 -0.108308 0.092055 -6.595147 -31.067415
48.887402 150.878028 122.560101 933.580216 28.613632 120.335395 13.104736 31.260971 17.110803 10.38851 15.946704 32.844583 -42.541264 165.703768 -109.790708 1067.216168 -8.335209 1634.79098 -0.92019 2023.644531 0.250674 1761.020857 -0.008238 1671.723712 13.219388 -1500.895908 0.006368 0.031613 -0.165449 -0.043997 -1.067537 -5.661259 -1.149404 -8.902277 -0.731971 -6.971394 -0.660952 -5.951228 0.04985 0.013361 0.043522 -0.006096 0.011006 0.024551 -0.010346 0.030863 0.002122 0.102709 0.0088 0.134801 -0.812921 -8.766467
51.515079 161.071544 103.011196 871.653465 23.222931 76.153492 10.810244 12.315988 16.316085 2.945259 15.037893 16.599017 -38.458229 175.598022 -109.936588 1063.439647 -9.470462 1669.563732 -1.563048 2062.963672 0.059259 1820.201926 -0.113079 1725.482205 14.408751 -1676.709949 0.034391 0.16659 -0.848689 -1.062481 -0.281063 -5.031732 -0.110326 -4.333629 -0.009448 -2.270885 -0.013331 -2.745087 0.102975 0.143446 -4.8e-05 -0.003347 -0.036228 0.182967 -0.084654 0.189158 -0.066173 0.489028 -0.060273 0.425373 0.025612 -4.867544
58.427329 165.462628 97.588851 720.897215 19.385946 47.888269 8.23416 3.388446 14.437997 0.146216 13.47814 6.941619 -33.603363 184.255288 -98.629932 1074.98373 -8.358301 1679.046972 -1.481985 2084.61716 0.18333 1852.817568 -0.007247 1752.222615 11.367461 -1820.045029 0.217507 0.029526 -0.073298 -7.151607 -0.173114 -3.263304 -0.175034 -2.784363 -0.057399 -1.779006 -0.042689 -2.072143 0.163725 0.104152 0.3067 0.03116 0.034722 0.013428 0.001079 0.056524 0.034128 0.144813 0.063073 0.102806 -0.180047 -2.938951
58.163741 176.363025 99.718673 611.826748 15.335673 37.875357 5.141735 0.950336 8.919162 -0.008875 8.622719 5.194758 -31.668365 201.557457 -94.415794 1084.179709 -8.005789 1758.504218 -1.697357 2171.808791 0.170186 1940.095241 -0.008909 1837.15369 6.625275 -1948.402931 -0.000298 0.173844 0.011495 -4.470676 -0.237041 -0.58651 -0.362384 -0.74982 -0.661359 -0.227135 -0.539949 -0.126376 0.028688 0.388162 0.046002 0.019583 0.003797 0.91843 -0.007303 0.893141 -0.000244 1.004294 -8.6e-05 1.004951 -0.636175 -2.186647
58.977988 179.218327 96.339051 546.817257 12.490006 30.138028 3.328989 0.257403 6.639705 -0.218905 6.52745 3.382294 -28.367925 207.013371 -86.775869 1090.189434 -6.305349 1781.223781 -1.10472 2199.007171 0.465574 1971.774506 0.031429 1866.519486 3.588874 -2013.544867 0.00283 0.011464 -0.029131 -1.825222 -0.145892 -0.44154 -0.196238 -0.218559 -0.167882 -0.139627 -0.145587 -0.193688 0.090788 0.03643 0.16114 0.008305 0.101382 0.072913 0.063388 0.084625 0.072789 0.128275 0.073806 0.11642 -0.461759 -0.535565
85.022874 176.827739 133.704556 539.555841 19.57304 25.519575 5.650259 4.7e-05 9.995396 -1.224542 10.667851 1.690282 -14.281382 229.477672 -61.161882 1131.211944 -1.160839 1869.926885 0.166055 2301.977884 4.429585 2073.930054 2.45084 1966.454478 1.11702 -2175.94375 2.374903 -0.008026 3.054884 -0.024268 0.79214 -0.19195 0.305229 -0.250486 0.341976 -0.40796 0.505919 -0.290513 2.393467 0.578453 2.234279 0.378813 2.055274 1.077661 2.127384 1.178004 2.023016 1.289938 1.927193 1.302996 -0.701474 -3.148751
84.673742 166.478076 135.548934 504.028061 17.724537 23.510477 4.356564 0.00091 7.857649 -1.265046 8.57174 1.502745 -14.573478 221.876771 -61.875568 1121.989694 -1.349299 1845.804614 0.105747 2278.157055 4.196431 2048.790009 2.268819 1943.054643 0.569467 -2151.87477 -0.000359 -0.156041 0.006317 -0.604929 -0.045835 -0.041181 -0.083978 0.000543 -0.12845 -0.00033 -0.114524 -0.005512 -0.001478 -0.064005 -0.00207 -0.018873 -0.007085 -0.078301 -0.006775 -0.061945 -0.003152 -0.076652 -0.003511 -0.070029 -0.091362 0.06693
80.31754 167.655346 126.043382 533.85266 16.959114 19.307243 4.444601 -0.45225 8.206612 -3.317276 8.490664 0.329759 -17.430413 224.368444 -67.128442 1123.586882 -1.882696 1858.333954 0.009023 2305.374251 3.494205 2082.569806 1.908934 1971.777153 0.990899 -2252.121366 -0.057518 0.002074 -0.17276 0.428609 -0.008447 -0.206806 0.00044 -0.493724 0.003791 -0.485247 -0.000193 -0.424607 -0.127772 0.006956 -0.106989 0.000568 -0.044319 0.02119 -0.052992 0.080809 -0.032127 0.138101 -0.01553 0.105368 0.057989 -1.141087
66.364501 168.615334 116.942836 554.784611 15.50241 21.942966 4.011087 -0.20275 7.314165 -2.429128 7.432086 0.762435 -25.15355 219.449072 -79.609454 1118.917353 -3.98294 1808.716757 -0.216752 2243.563856 1.681629 2021.024666 0.62475 1916.754074 1.981605 -2163.58699 -0.665145 0.00137 -0.170481 0.201255 -0.032701 0.084292 -0.01112 0.049381 -0.025679 0.06905 -0.035227 0.089359 -0.7062 -0.027265 -0.531759 -0.004862 -0.388898 -0.335689 -0.314222 -0.419955 -0.327759 -0.461549 -0.349553 -0.38931 0.169955 0.887641
66.441728 165.109364 116.576752 561.767219 19.718184 21.866474 7.010304 -0.243401 11.330996 -2.450738 10.961197 0.724758 -25.109327 215.814045 -80.294466 1089.491487 -4.253302 1738.503985 -0.299145 2154.529118 1.545171 1919.29791 0.55753 1824.713644 4.507577 -2058.915637 2.2e-05 -0.018417 -0.000287 0.021834 0.253217 -6.7e-05 0.415932 -0.001856 0.437825 -4.8e-05 0.341739 -0.000477 1.9e-05 -0.015179 -0.001467 -0.196051 -0.004439 -0.694955 -0.006622 -0.901299 -0.002887 -1.313352 -0.001912 -1.132273 0.511812 1.297545
66.845886 154.569816 117.700133 705.631321 28.388342 41.179346 14.609771 1.204958 20.549915 -0.29061 19.2356 3.521421 -25.339593 202.230249 -84.815801 1064.626433 -5.189597 1698.361512 -0.409274 2107.450159 0.988883 1861.209779 0.24301 1765.586147 12.522932 -1908.014285 0.000613 -0.173787 0.002693 8.191575 0.787754 3.030918 1.379627 2.53148 1.361999 1.053499 1.155778 1.051071 -0.000526 -0.220752 -0.061917 -0.143514 -0.046533 -0.234439 -0.008613 -0.260031 -0.061813 -0.446293 -0.064373 -0.486909 2.004121 2.87117
53.536754 148.399533 123.867594 773.329045 31.619882 116.788578 16.027543 36.405904 18.910269 14.625244 17.813153 38.245502 -34.117129 188.432339 -99.31565 1057.812037 -9.45715 1657.630659 -1.816994 2040.375226 0.015136 1775.241966 -0.170092 1689.062883 17.855391 -1467.604289 -0.73797 -0.062839 0.078743 1.550205 0.087075 19.270018 0.032822 24.364338 -0.03408 19.039075 -0.027317 18.556709 -0.651479 -0.243742 -0.5718 -0.010939 -0.635495 -0.247179 -0.501566 -0.542373 -0.759331 -1.016306 -0.819718 -0.84763 0.471679 28.853002
50.602878 154.080894 133.715997 857.684816 27.783061 185.359549 11.684588 86.704702 13.567129 45.365685 13.310433 80.327209 -36.138968 186.258071 -102.302144 1042.59385 -10.736273 1656.043948 -2.556178 2046.493106 -0.006157 1779.874928 -0.365202 1690.481525 14.151349 -1256.926456 -0.041336 0.05336 0.18834 2.182894 -0.124039 7.883769 -0.342422 10.744009 -0.442538 8.474554 -0.327432 7.718673 -0.029098 -0.006309 -0.02212 -0.055131 -0.040553 -0.00038 -0.062924 0.004579 -0.040602 0.003019 -0.036825 0.000298 -0.215051 8.157679
46.052233 159.784879 124.132953 907.078875 19.132584 277.71864 5.465957 175.806128 7.72785 109.070172 7.872208 150.988308 -40.396058 188.021991 -109.418359 1050.023823 -12.488553 1653.482312 -2.901813 2045.740069 -0.086604 1782.516525 -0.757774 1691.198422 9.450626 -1009.726428 -0.107184 0.051834 -0.17814 0.691382 -0.804399 9.303788 -1.167122 15.583975 -0.816235 13.751202 -0.709977 11.056856 -0.118487 0.004157 -0.119627 0.01319 -0.066198 -0.000991 -0.010955 -6.9e-05 -0.046577 0.000979 -0.070853 7.6e-05 -0.47285 13.520078
42.923456 160.314155 121.808221 952.217888 14.22 401.879224 2.226632 317.670121 3.860164 206.660452 4.306732 249.619069 -45.443843 188.615005 -116.407301 1081.072599 -14.702666 1657.647889 -3.882082 2046.797002 -0.31886 1781.398367 -1.291577 1680.930323 6.397897 -774.560419 -0.055028 0.000438 -0.010987 0.548011 -0.363777 11.438148 -0.71529 20.831122 -0.664504 15.460805 -0.533599 12.331388 -0.148545 0.000467 -0.108174 0.226193 -0.090295 0.00262 -0.071198 0.000136 -0.073111 -0.000175 -0.070742 -0.015633 -0.296786 15.565133
40.704371 160.389331 104.253502 989.797924 9.922 472.86638 0.499412 404.769104 1.336727 271.707659 1.82971 310.20537 -50.883276 187.900478 -115.982993 1084.539875 -14.286022 1656.505569 -3.770217 2036.930176 -0.250494 1772.215813 -1.140323 1665.771922 2.744534 -656.083986 -0.029447 9e-06 -0.682632 0.363641 -0.385667 2.885125 -0.61701 5.269649 -0.653771 4.443106 -0.522149 3.288095 -0.153701 -0.000678 0.000387 0.002776 0.002994 -0.000197 0.000818 -0.01192 0.004119 -0.011864 0.004708 -0.034329 -0.761681 4.914154
40.221037 160.07976 98.023999 1040.191041 11.230779 503.470471 1.151962 423.648143 2.425024 284.530571 2.820593 325.952495 -53.023021 187.907749 -121.435841 1087.480162 -14.562399 1663.820255 -3.814115 2049.763534 -0.235002 1788.191967 -1.105509 1682.644066 4.169843 -646.124793 -0.001443 -0.00015 -0.095947 0.625584 0.040528 0.479773 0.134399 0.215148 0.160865 0.147822 0.106795 0.194928 -0.022034 0.0 -0.062627 0.00199 -0.001324 0.008057 -0.000127 0.02015 0.000247 0.035844 0.00027 0.042508 0.148499 0.038084
40.030216 161.985666 93.920564 1078.16624 11.038571 489.820821 1.513138 401.090267 2.744988 264.028678 2.904596 308.204128 -54.557471 178.70745 -121.123981 1068.475587 -14.046005 1647.420857 -3.543557 2033.979669 -0.150648 1773.228678 -0.872198 1666.130034 4.181755 -668.779042 -0.000227 0.005639 -0.043867 0.340413 -0.000829 -0.09379 0.024587 -0.308554 0.009911 -0.383253 0.000616 -0.248414 -0.010944 -0.11546 0.0002 -0.083764 0.004661 -0.04061 0.004976 -0.030503 0.009339 -0.031434 0.01381 -0.040719 8e-06 -0.195168
39.810359 160.086623 92.974467 1070.052951 18.532761 583.894006 6.48564 516.275058 8.919091 355.63318 8.330219 392.04749 -53.260045 173.274229 -115.959886 1076.06666 -11.292906 1630.865333 -1.960951 2007.546175 -0.003054 1755.332794 -0.370197 1646.21411 9.252244 -530.77031 -0.000303 -0.005599 -0.002395 -0.015321 0.965375 4.129035 1.733423 7.260054 1.76806 6.808341 1.396945 5.037536 0.007807 -0.041936 0.056248 0.013435 0.150007 -0.041803 0.232415 -0.086445 0.110801 -0.045382 0.105935 -0.059874 0.993642 7.965432
37.070283 161.225749 83.908877 1075.948371 20.432654 732.0505 11.750777 708.709798 12.013722 522.865892 10.264088 546.333715 -52.803633 174.382907 -114.054167 1075.857655 -11.09131 1633.729321 -1.843102 2012.617419 -1e-06 1753.572932 -0.33285 1641.374397 12.020086 -361.358173 -0.048845 0.002019 -0.232467 0.008098 0.046346 8.366747 0.776599 15.209353 0.230013 16.06424 0.100838 12.77057 0.000982 0.001768 0.007895 -1e-05 0.000908 0.001256 0.001826 0.003199 0.002954 -0.000441 0.000993 -0.003562 0.180837 16.23308
39.064363 167.009148 75.395973 1089.022313 23.866777 825.139563 17.75946 829.561813 16.580687 623.089941 13.758187 641.61258 -50.378152 181.361505 -110.659537 1071.679089 -10.791536 1631.182842 -1.847847 2012.14308 0.001107 1751.430534 -0.285988 1643.474508 16.310837 -285.215569 0.026118 0.050955 -0.227618 0.039476 0.133308 2.78493 0.6182 4.754627 0.367063 4.391156 0.255471 3.827071 0.028512 0.068456 0.025642 -0.004065 0.002053 -0.000993 -3e-06 -2.8e-05 0.001169 -0.000655 0.001777 0.000671 0.326804 4.499052
39.507217 176.796274 83.544226 1073.844507 28.046394 918.218431 15.769255 969.876285 13.880008 749.911912 12.998146 755.697584 -50.796365 185.307779 -111.029971 1070.693936 -12.643343 1643.108209 -2.806976 2028.94627 -0.072577 1766.930829 -0.659731 1655.22978 15.95994 -214.632953 0.001248 0.139334 0.209002 -0.053255 0.168528 2.48654 -0.05912 5.47898 -0.119959 5.869718 -0.010797 4.665088 -0.000864 0.021236 -0.000309 -0.000227 -0.073279 0.021717 -0.099886 0.034935 -0.091611 0.034144 -0.076984 0.020946 -0.001908 5.008508
38.846138 179.66809 91.867523 1073.899002 25.197214 1015.233739 11.737867 1105.419486 9.787617 870.406773 9.541656 864.20895 -51.669676 184.132248 -116.24832 1066.589073 -14.871565 1646.168645 -3.888203 2044.458365 -0.311817 1783.303521 -1.156496 1667.502748 13.5934 -161.964349 -0.002789 0.011568 0.197582 1e-06 -0.076288 2.435515 -0.29702 4.431078 -0.356495 4.486506 -0.266604 3.638468 -0.003722 -0.00187 -0.059915 -0.003942 -0.090372 0.001424 -0.087882 0.029536 -0.083524 0.037753 -0.069257 0.022666 -0.094905 3.701142
38.371856 181.750139 89.996442 1083.254151 23.64587 1076.727436 10.0817 1193.874202 8.992188 946.529418 8.809669 932.12565 -52.338491 185.869601 -118.266696 1067.367664 -16.597584 1636.546872 -4.90681 2029.836117 -0.597429 1761.68526 -1.635558 1649.48271 14.225215 -125.59049 -0.001457 0.005997 -0.009625 0.020286 -0.024643 0.904006 -0.062945 1.702074 -0.016853 1.595324 -0.014604 1.284373 -0.00215 0.004079 -0.008686 0.000142 -0.04737 -0.014101 -0.059185 -0.026239 -0.046023 -0.065917 -0.041406 -0.048949 0.007176 2.309808
36.998752 181.877284 82.621497 1044.42301 19.260705 1046.191308 7.375549 1164.063525 5.494701 928.766286 5.529854 912.303644 -53.225686 189.584808 -121.990049 1071.215328 -19.976448 1554.617371 -6.483378 1912.160653 -1.625876 1628.87866 -3.22425 1528.69536 13.098436 -97.687561 -0.012509 2.2e-05 -0.157616 -0.354373 -0.224676 -0.219628 -0.211024 -0.188451 -0.428527 -0.08413 -0.380127 -0.106516 -0.003728 0.018382 -0.028853 0.003461 -0.156411 -1.051897 -0.109638 -1.7568 -0.252168 -2.601981 -0.26701 -2.296104 -0.023243 1.750367
36.757034 183.918138 82.908675 1050.780116 19.612826 1021.415032 7.308911 1133.124245 5.25592 896.332943 5.362329 886.582725 -54.631636 190.273832 -126.347438 1082.275651 -22.170185 1508.804806 -7.182068 1842.573807 -2.286369 1546.012325 -4.257778 1460.11081 14.475391 -87.994591 -0.000396 0.005693 0.000249 0.009644 0.001595 -0.148453 -0.000151 -0.20836 -0.002652 -0.288205 -0.001288 -0.183891 -0.009164 0.000625 -0.038231 0.028403 -0.057131 -0.342576 -0.017873 -0.644885 -0.056158 -1.081612 -0.071727 -0.787013 0.034402 0.253169
38.197561 187.835528 90.661616 1034.193846 21.700644 1026.348291 7.910753 1155.414018 6.271793 922.368036 6.057393 909.111233 -55.232569 189.846453 -123.875024 1062.19272 -21.664952 1378.922053 -6.726873 1675.206833 -2.053139 1398.667585 -3.938433 1331.149241 15.5018 -49.396325 0.013844 0.020641 0.173238 -0.065974 0.052789 0.005942 0.011904 0.108551 0.044849 0.186359 0.021172 0.141325 -0.001643 -0.00024 0.012215 -0.09404 0.002912 -2.92238 0.007451 -3.983701 0.006272 -3.6887 0.006224 -2.980727 0.017577 5.533275
39.754568 192.140803 93.158701 1028.423858 25.60872 1035.913947 11.403381 1171.45235 9.168419 936.170106 8.885089 921.267748 -56.395944 186.850172 -124.161112 987.357325 -20.600582 1227.91982 -6.119354 1467.831954 -1.828598 1214.074162 -3.561082 1167.459286 19.18612 -18.034206 0.015551 0.024391 0.016961 -0.008071 0.161693 0.022185 0.318415 0.055274 0.274141 0.05125 0.269994 0.040369 -0.006062 -0.011917 -0.000165 -1.366691 0.013404 -4.377103 0.014373 -6.848666 0.0065 -6.529034 0.0095 -5.36763 0.196217 7.737198
40.91425 190.823283 99.649522 963.825811 18.144787 989.020234 5.421677 1107.169845 3.32925 896.330623 3.955935 885.577254 -56.631545 183.832141 -128.927379 969.569284 -19.248307 980.818055 -4.83302 1101.791351 -1.867572 882.431285 -3.688081 877.034274 10.183852 0.054306 0.008336 -0.002266 0.109287 -1.047561 -0.641338 -0.543058 -1.099226 -0.906922 -1.44797 -0.433116 -0.983733 -0.35253 -0.000246 -0.012286 -0.044884 -0.080846 0.022951 -13.865733 0.075801 -26.204699 -0.000205 -26.397215 -0.001113 -20.732895 -1.413677 20.067768
41.296778 183.650918 99.126135 961.864399 12.939075 898.438452 2.224587 955.631891 1.231821 772.891187 1.780414 780.175156 -58.861732 181.651476 -143.75314 983.119737 -18.883167 743.243577 -2.46613 737.290601 -1.253361 566.503581 -2.737567 598.96403 4.970271 15.996679 0.00089 -0.068693 -0.000689 -0.000999 -0.439008 -2.174826 -0.700476 -5.573686 -0.510866 -4.570448 -0.428543 -3.338055 -0.021535 -0.006506 -0.40334 0.047016 0.001748 -16.44725 0.394411 -36.483375 0.061036 -34.862049 0.070691 -26.430115 -0.925068 14.186889
43.076123 182.027875 114.792999 931.031377 11.581031 852.051628 1.151092 900.06534 0.382748 733.309099 1.003088 749.169914 -58.764551 177.144446 -154.72577 908.987233 -13.119585 601.933045 -0.838179 578.513759 -0.314941 448.1883 -1.323542 492.516538 1.392074 34.918909 0.018764 -0.003602 0.574471 -0.251133 -0.037636 -0.614718 -0.175239 -0.832122 -0.241285 -0.520187 -0.110742 -0.314325 4e-05 -0.028309 -0.201755 -1.452809 0.523278 -7.442912 0.428855 -9.614853 0.311744 -6.921516 0.254123 -5.203089 -1.101552 3.646715
42.609597 178.380353 120.847051 877.505816 5.026586 800.648255 -0.086555 829.190867 -0.608221 697.144584 -0.034256 722.14219 -61.006615 167.585739 -177.330368 790.6772 -11.659012 461.136551 -0.471016 410.336355 -0.129433 329.275344 -1.004294 385.363343 -0.176499 68.187132 -0.00127 -0.018458 0.077783 -0.792246 -1.348122 -0.799584 -1.868941 -1.453024 -1.955946 -0.457226 -1.408084 -0.248268 -0.020987 -0.132548 -0.770293 -4.122655 0.043084 -9.36503 0.05254 -14.406217 0.040573 -9.147676 0.021995 -6.564049 -2.559934 5.514643
42.408527 173.171226 143.644749 828.263779 2.450896 741.101623 -1.694624 769.716371 -3.123334 649.883727 -0.949674 680.333383 -60.905166 159.958142 -193.688588 663.791089 -5.623951 358.01957 0.395411 312.527438 1.101402 254.056194 0.04789 309.899115 -7.934207 91.272741 -0.000238 -0.038595 0.984348 -0.710906 -0.457613 -1.150357 -1.015207 -1.106518 -0.97498 -0.829335 -0.623196 -0.623314 4.2e-05 -0.088825 -0.360792 -5.545269 1.087938 -6.516201 1.729548 -6.647709 1.98597 -4.86999 1.4908 -4.107601 -5.743956 1.679945
42.203131 167.560894 142.721837 774.375634 -0.133548 646.363138 -13.507676 662.191432 -17.175437 564.214745 -9.505787 602.63489 -61.485253 150.692927 -208.987423 536.09803 -3.845025 320.200882 1.014474 287.369666 3.24494 248.694881 0.720613 302.574574 -35.351318 63.730558 -0.000249 -0.046192 -0.001487 -0.90624 -3.728668 -3.238232 -5.63351 -4.042843 -5.650273 -3.026251 -4.446335 -2.35493 -0.001375 -0.138199 -0.290729 -6.813941 0.168603 -1.055237 0.143182 -0.527751 0.565346 -0.028587 0.396964 -0.043798 -9.790171 -2.466579
41.319227 164.033974 130.326148 724.255786 -2.361273 564.140843 -24.682499 574.367417 -29.277621 485.745598 -18.456195 526.123049 -62.89126 138.119111 -200.667126 426.579913 -1.546786 245.465174 2.801127 219.807705 6.631014 198.684048 2.499188 248.455059 -63.775485 63.10879 -0.004677 -0.018757 -0.281512 -0.838332 -1.371713 -2.795663 -1.671511 -3.122702 -1.604159 -2.936315 -1.471179 -2.596129 -0.007947 -0.273839 0.084503 -6.249899 0.51434 -4.95877 0.44415 -4.520165 0.598618 -2.80405 0.535813 -2.664121 -4.162653 -0.001524
39.122202 165.425214 127.689272 699.992234 -2.253233 505.578035 -23.674776 490.1252 -27.908967 415.701339 -17.947793 465.927259 -62.736596 137.577528 -201.261645 424.805584 -2.400083 237.033572 1.761615 205.62957 4.626188 187.528989 1.41894 239.740482 -55.260657 44.818108 -0.030008 0.002937 -0.013475 -0.206692 0.001265 -1.604242 0.010501 -3.338632 0.01638 -2.725411 0.00355 -1.827969 9.5e-05 -0.000532 -0.00044 -0.001849 -0.093343 -0.073676 -0.119992 -0.236316 -0.179961 -0.16113 -0.151858 -0.077786 0.30493 -1.561179
39.578881 162.058424 120.561929 675.509553 -2.694855 451.270242 -25.410572 430.572439 -28.484968 357.743424 -18.467668 403.607574 -63.048243 136.947083 -201.694905 410.524247 -2.177789 206.235669 2.139102 175.241432 5.203415 152.41605 1.686766 201.846457 -58.037437 43.144101 0.001325 -0.017307 -0.102335 -0.217902 -0.019747 -1.542416 -0.030701 -1.928021 -0.002942 -2.174589 -0.003711 -2.236106 -0.000386 -0.000724 -0.000233 -0.12209 0.0054 -1.071198 0.018308 -1.214208 0.016963 -1.818271 0.01157 -1.62891 -0.034033 -0.01593
39.66555 162.734366 126.204036 707.241051 -0.187549 426.041124 -11.129257 355.813499 -14.033364 286.532237 -8.864597 341.466779 -62.984934 135.096441 -205.752924 382.912659 -3.839394 183.701649 0.873679 145.709366 2.781191 129.085457 0.536276 178.49421 -29.309268 30.97685 4.7e-05 0.000703 0.06451 0.364137 1.460549 -0.362836 2.906465 -3.5616 2.531338 -3.947546 1.742546 -2.59586 1.6e-05 -0.006295 -0.020209 -0.480587 -0.233969 -0.651652 -0.278635 -1.361574 -0.376271 -0.968475 -0.320862 -0.71757 4.859499 -1.005471
41.023286 162.515228 136.246347 732.657803 1.138986 461.841051 -3.436839 400.820175 -2.682638 313.65456 -1.237225 364.304304 -63.170834 129.576964 -218.722988 377.81528 -8.928065 156.854378 -0.047341 114.961783 0.246365 96.48156 -0.101452 141.54678 -4.554928 62.217272 0.011424 -7.4e-05 0.192198 0.224343 2.250908 0.722031 2.196866 1.339747 4.444664 0.613139 3.478379 0.369588 -0.000137 -0.057558 -0.1982 -0.017078 -1.057914 -1.059883 -1.32777 -1.819775 -1.372034 -2.368753 -1.104231 -2.139869 10.755617 5.392183
43.145002 161.049835 155.722498 741.663321 11.320886 530.280329 0.558893 505.281087 0.247473 408.860313 1.016517 454.412041 -59.266721 129.792338 -226.355317 370.634656 -14.830312 154.499129 -1.440292 112.700943 -0.280778 96.505683 -1.549857 139.269473 1.055451 108.088543 0.026746 -0.003318 0.650315 0.027504 5.278135 2.36338 6.767608 6.041589 4.559687 6.300096 4.49665 4.973726 0.06226 8.9e-05 -0.065445 -0.034446 -0.744817 -0.008908 -0.965387 -0.011226 -1.053162 2e-06 -0.858249 -0.009234 9.995584 6.293934
41.273186 150.473061 161.312191 673.169101 12.083611 620.132661 1.034346 604.505006 0.140792 485.559732 0.975333 551.761328 -56.718148 128.015603 -229.081461 365.677271 -17.990898 148.685319 -2.735358 109.708409 -0.778176 94.572465 -2.504826 135.706021 1.580969 151.550439 -0.020755 -0.179602 0.04928 -1.658928 0.012431 3.5143 0.072596 4.444614 -0.014943 3.29468 -0.000426 4.720442 0.028004 -0.006122 -0.008159 -0.016689 -0.152532 -0.055747 -0.205907 -0.020133 -0.124085 -0.00978 -0.114063 -0.023091 0.052907 3.663466
40.464466 137.904002 156.314976 622.37182 6.499886 660.179835 -0.142889 740.11961 -1.019066 645.120073 -0.018825 666.573855 -57.758467 123.825805 -241.93773 380.394575 -19.382325 159.463849 -3.159781 121.792696 -0.923039 103.238421 -2.866506 144.762408 -0.002375 232.214415 -0.004001 -0.274045 -0.039313 -0.996247 -0.858702 0.626475 -1.946122 6.856311 -1.917425 11.315111 -1.26516 5.421871 -0.004727 -0.034855 -0.175486 0.145174 -0.025911 0.188565 -0.015298 0.315613 -0.006179 0.189916 -0.012191 0.146254 -1.705909 8.573188
42.340006 130.849734 163.203466 582.404267 4.341412 672.190385 -0.460019 768.642695 -1.716638 687.971858 -0.283159 701.300162 -55.992473 122.008615 -250.099763 394.325948 -17.361202 160.412657 -1.734019 123.40466 -0.339457 105.650362 -2.065421 148.620713 -0.529367 254.421048 0.021243 -0.092596 0.074263 -0.663129 -0.217046 0.054135 -0.090144 0.269638 -0.090431 0.688906 -0.155964 0.440871 0.013709 -0.006716 -0.067702 0.12527 0.055629 0.001407 0.212296 0.005299 0.142975 0.013925 0.065494 0.025372 -0.46082 0.506942
41.709797 137.357462 156.508791 589.808297 -0.036592 645.340063 -11.038828 727.734712 -18.803786 642.758569 -9.99794 667.506896 -56.274661 123.837081 -242.545741 378.93621 -13.291239 164.679674 -0.673611 130.761181 0.002409 113.277941 -0.742226 158.114824 -19.231888 216.368586 -0.002363 0.078963 -0.0701 0.023383 -5.175146 -0.273624 -6.991931 -0.559276 -9.15745 -0.768312 -6.915982 -0.41721 -0.000355 0.0068 0.057919 -0.153161 0.271402 0.028005 0.246099 0.106485 0.399062 0.132915 0.331352 0.146967 -13.379806 -1.540351
39.24122 135.521039 141.058323 561.687827 -2.37902 576.783517 -23.938989 676.749138 -29.361308 552.876222 -17.742032 603.593089 -58.279124 123.874427 -231.841711 387.817149 -9.468958 170.811714 -0.046353 130.2492 0.414488 114.262543 -0.072828 157.799595 -36.752879 164.453802 -0.037648 -0.006179 -0.401385 -0.343414 -1.82552 -1.924398 -2.465765 -0.925744 -1.171318 -3.383258 -1.102872 -1.607883 -0.017538 3e-06 0.120778 0.051434 0.323247 0.056045 0.366558 -0.000502 0.353696 0.00213 0.350061 -0.000157 -2.812321 -3.55518
39.678089 134.159754 129.861136 560.047694 -4.67109 547.261413 -31.014414 654.689 -37.790961 521.1647 -24.221474 575.394526 -57.733646 123.779513 -220.209174 388.225151 -5.046892 190.52213 0.402405 165.597212 2.686427 144.742759 0.404404 188.291472 -60.629079 116.599471 0.001209 -0.003436 -0.231491 -0.001199 -0.382992 -0.387754 -0.457395 -0.182766 -0.53119 -0.46825 -0.503252 -0.337269 0.001282 -1.8e-05 0.149694 0.000107 0.68996 0.537993 0.721909 2.119298 0.990472 1.799737 0.820463 1.345839 -2.972357 -4.10399
42.278517 138.456046 134.015572 572.981626 -1.983182 476.644605 -23.802613 501.604766 -27.17122 405.921614 -16.497858 451.027546 -54.335895 126.53631 -200.213971 407.021166 -2.723718 224.599206 1.330216 202.945427 4.721154 173.250927 1.48792 218.296281 -54.544484 48.79043 0.041265 0.033856 0.032705 0.073825 0.567032 -2.438055 0.476468 -10.178375 0.873913 -7.190633 0.739215 -7.562354 0.051519 0.015181 0.475752 0.222157 0.355406 1.401048 0.269356 1.897323 0.284931 1.280458 0.34091 1.108638 0.160836 -14.539799
42.193606 139.172349 136.486759 577.979282 -0.52171 505.85858 -15.75624 536.750313 -19.76143 447.707788 -11.275707 483.473912 -54.126126 127.733055 -199.519201 406.082788 -3.523614 206.199292 0.892004 176.533331 3.682292 151.380766 0.891171 196.402796 -40.504477 78.418417 -4.3e-05 0.000924 0.011288 0.01085 0.470541 0.434424 0.82697 0.594962 0.588625 1.023355 0.495368 0.563447 0.000203 0.002816 0.000604 -0.000541 -0.05142 -0.39312 -0.043635 -0.92027 -0.064461 -0.737525 -0.076057 -0.578322 1.042668 3.498406
42.471587 143.980557 155.721159 623.793589 2.408641 529.912408 -1.785667 600.379706 -3.592895 524.183317 -1.0787 548.283962 -54.501881 130.786742 -211.300474 406.433111 -7.067043 200.268795 0.023309 167.944808 1.016012 143.36064 0.012143 188.387422 -8.430123 119.283961 0.000456 0.040827 0.633733 0.87359 5.172326 0.27934 6.933345 1.781623 6.501937 3.0135 5.379278 2.037539 -0.00065 0.018036 -0.168963 7.6e-05 -0.61037 -0.043266 -0.626928 -0.107081 -0.82984 -0.109137 -0.695258 -0.083491 11.977451 4.269605
44.269057 147.016356 163.679723 658.548899 13.998798 615.122909 1.845142 652.175007 0.447445 559.554388 1.668346 580.691625 -51.915597 131.850362 -206.991417 406.498483 -8.661215 182.486702 -0.029839 136.867856 0.184587 117.010396 -0.135761 160.943047 0.057253 164.808277 0.018626 0.015836 0.099168 0.471073 4.793985 3.174972 7.261131 1.071371 6.57618 0.577375 5.430063 0.465233 0.031432 0.002154 0.022196 3e-06 -0.080999 -0.413284 -0.105893 -1.588352 -0.334475 -1.336789 -0.229111 -1.079722 9.876842 3.67124
43.767938 145.053716 167.275078 662.03622 26.08946 672.625316 9.141944 732.695557 4.527188 621.985116 6.494173 643.697328 -52.917606 130.276139 -204.023455 446.259737 -11.592048 180.334705 -0.574245 132.23412 -0.049315 104.382441 -0.682258 147.610443 5.521503 216.762515 -0.001426 -0.006594 0.01953 0.004605 1.866741 1.284481 2.772907 2.342835 2.128114 1.650525 1.579351 1.622177 -0.004789 -0.004727 0.010716 0.927471 -0.213181 -0.006382 -0.342283 -0.039898 -0.42472 -0.360434 -0.209335 -0.288186 4.454257 3.553562
46.515641 145.314562 168.081789 705.943428 28.204002 697.937045 10.188075 751.695873 6.249869 628.678981 8.307389 652.532004 -53.091141 127.890602 -207.477501 502.970668 -15.323351 190.171977 -1.362124 138.234998 -0.485409 102.28207 -1.662331 147.284314 10.218805 223.801954 0.041822 0.000117 0.00097 0.704813 0.041193 0.23375 0.028329 0.121608 0.138574 0.017914 0.111481 0.030107 -0.000142 -0.011022 -0.014496 1.695587 -0.259891 0.130617 -0.167536 0.066579 -0.225287 -0.010674 -0.21467 -0.00018 0.717237 0.056242
47.166461 156.836164 156.70213 810.377698 36.738318 683.486655 17.037162 727.684224 14.498486 637.957315 15.469572 659.795643 -55.799739 128.511963 -199.12075 553.103008 -19.408102 235.445191 -3.673673 183.949341 -2.379186 140.769784 -3.915967 188.744365 28.624091 179.377073 0.002261 0.219751 -0.199419 3.600649 0.563205 -0.075581 0.875597 -0.194878 1.710116 0.033983 1.104356 0.020102 -0.033693 0.000753 0.085887 1.190575 -0.241039 2.414723 -0.561873 3.259666 -0.71529 3.066647 -0.475501 2.567531 4.637399 -2.454985
47.14444 161.289556 139.337993 906.907625 43.515695 651.615883 23.998869 563.9261 23.400782 434.228139 22.411015 484.093495 -55.24515 128.526558 -193.772296 662.773642 -23.14874 361.166939 -6.086944 314.760446 -3.744268 223.224782 -5.515175 267.414345 45.866033 34.779711 -3e-06 0.031173 -0.509683 2.715157 0.286684 -0.380454 0.594833 -10.423177 1.06038 -19.533531 0.641424 -13.574529 0.001385 0.0 0.036406 4.956182 -0.164715 13.396839 -0.30304 17.461508 -0.154096 9.462173 -0.136575 6.834993 2.022931 -56.186119
45.887915 164.516792 113.715898 1009.872461 51.594168 557.167369 36.04472 433.142273 37.93521 306.619613 33.412322 359.484052 -56.125284 130.130728 -159.421552 838.547051 -23.122765 518.34748 -6.861025 472.581274 -4.822739 337.506704 -6.401712 376.125786 69.80987 -0.740974 -0.008486 0.015984 -1.30048 2.76751 0.343707 -3.695526 1.220719 -8.614565 1.746947 -11.072817 1.094768 -9.25413 -0.003478 0.004975 1.674402 10.325209 7e-06 14.159064 -0.02316 15.979567 -0.068154 11.769336 -0.033022 9.248619 2.505203 -45.673685
43.899111 171.982764 93.047011 1116.95493 46.983821 515.270643 35.266563 373.634993 38.757846 255.385429 33.359284 308.061938 -56.641459 140.45731 -157.867139 916.034113 -26.779241 702.156577 -8.843527 708.775016 -6.10213 531.460292 -8.245829 556.4907 75.617441 -50.022229 -0.022029 0.082835 -1.035668 2.697429 -0.107869 -0.818698 -0.004246 -2.197599 0.004412 -2.340209 -2.1e-05 -1.98351 -0.001181 0.197121 0.003808 1.711855 -0.134141 13.920297 -0.125635 23.852424 -0.075172 21.921752 -0.11655 17.607192 0.116008 -38.58697
45.021125 169.647771 87.377064 1152.906529 54.972894 449.296517 47.020844 293.255369 53.761591 182.058917 45.096104 230.612058 -52.515697 143.278795 -149.009065 948.548752 -25.542856 867.627583 -7.642802 952.489385 -4.854625 736.680733 -7.219912 737.65075 90.926734 -186.293621 0.007079 -0.00798 -0.089113 0.284731 0.313484 -2.258883 0.843842 -4.861759 1.224673 -6.189458 0.882874 -5.5969 0.077998 0.014029 0.127872 0.283517 0.01461 8.745514 0.043784 17.97419 0.07125 16.715346 0.034065 12.742555 0.705133 -43.247757
43.160585 162.395422 76.510939 1129.953335 57.190238 343.216422 52.450537 188.365498 61.226693 105.8538 50.604065 147.972459 -51.392885 142.313186 -145.923564 938.618587 -26.063436 1021.21369 -8.452133 1190.328752 -4.353231 957.318407 -6.837798 932.059775 98.231657 -426.506545 -0.01963 -0.079211 -0.36062 -0.115395 0.021919 -7.131648 0.148302 -11.560472 0.242575 -10.268137 0.158635 -9.129603 0.006067 -0.001632 0.01614 -0.026126 -0.002626 6.254578 -0.020361 13.240244 0.013661 14.430117 0.005194 11.356411 0.141103 -49.043308
41.9695 177.315525 81.873153 1105.806551 65.55174 256.791673 61.504978 111.689592 69.79254 55.147728 58.259696 91.644453 -48.981383 146.665907 -151.005667 891.312542 -23.402714 1170.620358 -6.843566 1430.369491 -2.024237 1187.494215 -4.396041 1138.956528 95.588749 -730.831009 -0.008333 0.327804 0.090797 -0.1304 0.285135 -6.256904 0.360284 -9.962238 0.280311 -8.193196 0.269517 -6.714743 0.028972 0.032783 -0.043495 -0.611563 0.07161 5.098092 0.084817 11.016323 0.440475 12.386708 0.268577 10.360519 -0.01802 -40.728028
39.714667 184.289918 86.827569 1110.139635 67.86896 211.713527 63.214283 81.78241 69.897946 35.983304 58.519124 69.053906 -53.756085 155.252623 -155.572807 946.293242 -26.118817 1254.63302 -8.66011 1533.447815 -2.548008 1282.300157 -5.047655 1237.845626 99.136817 -888.672493 -0.031127 0.067265 0.072767 0.004236 0.020124 -2.173684 0.011714 -2.325524 4e-05 -2.037879 0.000288 -1.595783 -0.111012 0.12213 -0.034021 0.822688 -0.074541 1.455569 -0.106789 1.793018 -0.030099 1.820289 -0.022507 2.058078 0.032327 -7.710197
43.195835 179.981412 94.135917 1071.404762 75.327568 171.113321 71.350355 54.629609 78.510232 21.256323 66.26131 49.073409 -50.173642 149.710995 -146.151755 939.25162 -20.977001 1313.471926 -5.803306 1625.69207 -0.965328 1369.73364 -2.635731 1315.662832 96.886835 -1049.724666 0.073114 -0.025481 0.147637 -0.34391 0.194378 -2.158989 0.246188 -2.729693 0.250101 -1.926962 0.240419 -1.70205 0.061761 -0.050354 0.147117 -0.013149 0.281527 0.67413 0.284944 1.347015 0.376673 1.441666 0.388385 1.186 -0.012913 -6.702115
42.597225 176.601207 96.763199 1034.024023 75.208529 157.17875 71.07914 46.984026 78.53981 18.113622 66.466509 44.806696 -50.056592 149.955338 -146.390797 913.601416 -19.945051 1317.381522 -5.525552 1629.53305 -0.746989 1403.234357 -2.338741 1349.006671 94.605856 -1102.489664 -0.002088 -0.016022 0.01808 -0.331863 -4.7e-05 -0.295864 -0.000258 -0.288042 3e-06 -0.125633 0.000159 -0.097008 6.8e-05 0.0001 -9.8e-05 -0.177554 0.013014 0.002905 0.003405 0.002266 0.013977 0.202371 0.008873 0.208629 -0.013586 -0.646907
43.607278 174.205145 111.229532 1015.925914 75.611014 129.589448 68.83639 28.48026 74.110209 8.386844 63.246228 30.371359 -50.875793 151.472743 -146.032091 948.25524 -19.958603 1387.892248 -5.369467 1692.413697 -0.853892 1453.695107 -2.557474 1397.054599 90.874111 -1241.247943 0.005918 -0.008183 0.503692 -0.079892 0.000537 -1.330237 -0.017976 -2.303715 -0.064283 -1.849614 -0.03998 -1.398918 -0.003325 0.003819 0.00022 0.322525 -2e-06 0.919058 0.001118 0.595183 -0.003573 0.445668 -0.004888 0.42038 -0.037544 -4.111117
43.546291 167.088034 116.013936 962.658526 84.028382 130.56564 77.736427 33.683917 80.582497 9.633658 68.393712 31.650657 -50.774787 147.604505 -142.592483 945.908602 -20.195147 1431.789126 -5.799157 1781.790337 -1.046152 1534.449763 -2.678266 1464.199869 99.991822 -1300.917923 -2.1e-05 -0.074216 0.050371 -0.717161 0.222067 0.001832 0.270459 0.218178 0.135458 0.043184 0.100679 0.013195 5e-05 -0.025017 0.020496 -0.001454 -0.000697 0.341715 -0.008269 1.149833 -0.009752 1.091397 -0.001394 0.78796 0.217902 -0.700386
45.878952 169.724793 119.063184 978.552072 88.778881 127.516502 82.777713 28.626196 86.715969 8.32186 73.754941 29.819151 -49.853199 149.143409 -135.641037 978.930238 -20.623394 1463.477412 -6.248841 1810.822373 -1.28384 1572.819217 -2.906608 1500.801234 109.102357 -1352.328649 0.030429 0.010321 0.019777 0.065065 0.065308 -0.018013 0.079186 -0.205607 0.11247 -0.047983 0.101137 -0.027291 0.00422 0.00399 0.086852 0.283273 -0.002247 0.173417 -0.008395 0.117306 -0.012155 0.236908 -0.00467 0.225921 0.198574 -0.498128
45.709785 168.299312 110.53887 976.394683 87.075011 122.752857 83.432906 25.74049 89.265451 7.098149 76.10939 27.342153 -51.039307 151.396094 -133.927747 992.799243 -22.438196 1482.628819 -7.818317 1829.226104 -1.942282 1600.974374 -3.650996 1525.129051 117.542404 -1394.868816 -0.000156 -0.003006 -0.158293 -0.00119 -0.008255 -0.04534 0.001291 -0.076639 0.018468 -0.048633 0.018496 -0.053694 -0.006972 0.008443 0.005445 0.048777 -0.038259 0.062248 -0.087828 0.046524 -0.067908 0.124887 -0.042387 0.097797 0.157204 -0.329386
40.922943 167.024323 109.54908 958.758347 91.026907 100.765878 87.866263 13.305193 92.93424 1.7668 78.750822 15.99308 -53.574136 151.049543 -134.636612 1000.406782 -24.109721 1487.059777 -8.894987 1829.733951 -2.72425 1594.641078 -4.607451 1521.383236 127.481505 -1490.249274 -0.132348 -0.002424 -0.002226 -0.080367 0.04385 -1.084031 0.057379 -2.033134 0.036941 -1.782291 0.022529 -1.5125 -0.030715 -0.000199 -0.000936 0.014518 -0.030022 0.003306 -0.034716 3.5e-05 -0.065983 -0.006276 -0.055573 -0.002303 0.201667 -1.577044
43.530795 167.407853 114.400078 975.381009 94.670799 115.271946 90.960271 21.383638 95.800288 4.630766 81.505746 22.615318 -51.363064 152.903874 -130.895761 1018.165508 -22.774103 1503.987395 -8.381581 1850.402545 -2.209765 1608.836085 -3.897223 1535.8045 127.109617 -1440.83843 0.040274 0.00022 0.052545 0.071432 0.035755 0.487562 0.026768 0.953779 0.021763 0.676853 0.023681 0.572174 0.023297 0.005656 0.026352 0.078119 0.019028 0.047901 0.00763 0.058041 0.026897 0.03145 0.029708 0.034014 -0.000272 0.416502
45.058407 168.259492 118.697559 984.737177 91.341999 114.874181 85.375203 21.104956 89.426246 4.39253 76.492171 22.297023 -51.158523 156.485005 -131.281815 1034.659494 -22.803126 1511.706505 -8.661005 1862.975239 -2.27163 1622.822894 -3.875649 1549.877722 120.20355 -1458.35692 0.013172 0.00108 0.039618 0.02233 -0.029788 -0.000344 -0.08847 -0.000914 -0.109705 -0.003146 -0.079565 -0.001128 0.000204 0.020726 -0.000284 0.066264 -9e-06 0.009879 -0.002291 0.021284 -0.000427 0.030268 3e-05 0.032093 -0.096443 -0.052929
48.134997 171.867252 119.728541 1015.257859 92.542889 127.161097 86.630069 26.273182 92.20959 6.669057 79.18059 26.802442 -50.155109 156.01599 -133.478521 1018.336877 -23.164056 1495.76794 -8.712284 1843.128285 -2.311112 1605.051588 -3.984903 1530.856221 123.717054 -1404.798629 0.050798 0.019134 0.002229 0.232892 0.003921 0.312074 0.004578 0.282731 0.021327 0.236794 0.023216 0.207148 0.004969 -0.000352 -0.009113 -0.064889 -0.001417 -0.042235 -7.6e-05 -0.053143 -0.00017 -0.048921 -0.000759 -0.058723 0.025306 0.500975
48.002014 171.672503 119.550949 1016.834228 91.633213 137.007565 85.375424 33.662265 91.588828 9.864688 78.699523 31.751034 -50.530442 155.539577 -140.942603 1007.581278 -24.347189 1491.897449 -8.825581 1832.912657 -2.521665 1592.183765 -4.471571 1518.15988 124.504986 -1351.398127 -9.2e-05 -5.5e-05 -6.6e-05 0.000611 -0.002247 0.183569 -0.004576 0.457222 -0.001048 0.311764 -0.000733 0.209488 -0.0007 -0.000364 -0.101528 -0.028551 -0.014734 -0.002507 -0.000366 -0.014195 -0.004589 -0.025894 -0.014015 -0.026434 0.001251 0.517358
48.45884 172.98107 104.23342 1045.901756 86.554636 134.917829 83.13319 30.060919 91.248712 9.075744 78.024365 30.529894 -50.57778 157.70901 -139.050166 1014.49206 -24.512787 1495.403046 -9.388812 1833.848276 -2.555759 1602.148443 -4.350445 1530.647972 124.346881 -1370.054627 0.001082 0.002484 -0.52484 0.204816 -0.072388 -0.00803 -0.014919 -0.101847 -0.000316 -0.016438 -0.001454 -0.011973 -1.1e-05 0.007512 0.006395 0.011809 -0.000281 0.002057 -0.00871 0.000119 -0.000114 0.015542 0.000832 0.025576 -5e-05 -0.063949
49.023775 169.064152 102.98337 1031.31028 93.243288 117.446008 92.06198 20.976018 100.882705 4.894249 85.381702 22.786023 -49.292404 152.232361 -138.236189 1005.904154 -24.354248 1484.727716 -9.064345 1822.808632 -2.60076 1585.268849 -4.334522 1513.949487 135.879247 -1413.996129 0.001637 -0.022428 -0.003771 -0.05125 0.124455 -0.605537 0.227675 -0.815094 0.241689 -0.640484 0.165716 -0.565377 0.008272 -0.04839 0.001195 -0.018252 0.000257 -0.01912 0.002853 -0.016665 -0.000196 -0.044695 1.5e-05 -0.045793 0.255664 -0.346793
48.639 170.916194 103.587675 1047.689247 104.428606 119.561832 108.361624 21.105915 116.213298 4.94947 97.753553 22.964024 -48.254375 151.798554 -133.803407 1001.825179 -24.515177 1479.305812 -9.477379 1817.703052 -2.779283 1584.470848 -4.476399 1513.746101 154.936404 -1412.306901 -0.000758 0.005045 0.000884 0.06452 0.316716 0.009444 0.663892 0.0002 0.541974 0.000155 0.418373 0.000346 0.005523 -0.000309 0.036118 -0.004144 -0.000265 -0.004959 -0.004601 -0.00358 -0.002963 -0.0001 -0.001142 -7e-06 0.62508 0.000505
48.567777 171.273897 102.668956 979.786975 126.841362 104.153595 143.576463 13.49182 147.624855 1.843928 123.455318 15.463454 -47.922221 152.539405 -133.587347 982.336829 -24.483374 1481.253013 -9.475122 1821.541042 -2.75325 1587.000323 -4.447693 1516.296486 190.699221 -1480.65342 -2.6e-05 0.000187 -0.002046 -1.137378 1.088591 -0.531246 2.47323 -0.848234 1.876543 -0.75139 1.498189 -0.739118 0.000574 0.000902 8.7e-05 -0.095709 1e-05 0.00064 0.0 0.002024 6.1e-05 0.001009 4.6e-05 0.001073 1.855163 -0.80746
47.395484 172.927845 98.830823 949.564735 129.164499 94.315625 146.242129 10.227209 150.312616 0.884936 125.757004 12.494157 -47.162326 154.30982 -131.517399 978.632809 -23.393142 1487.924598 -8.883436 1832.780475 -2.381043 1600.362941 -3.961426 1528.687436 190.530193 -1525.982518 -0.007161 0.003974 -0.036557 -0.236722 0.010541 -0.24398 0.012259 -0.22574 0.012124 -0.174058 0.010629 -0.158127 0.003037 0.005107 0.008081 -0.003498 0.012415 0.007495 0.009537 0.017284 0.013509 0.028011 0.014071 0.025211 -3.7e-05 -0.341718
49.573517 174.057827 96.613276 963.264464 123.332432 86.830457 140.400733 7.484159 145.730519 0.308094 126.694392 10.116173 -46.616797 154.614208 -132.048507 983.485512 -21.920301 1489.313389 -7.85369 1836.130644 -1.787882 1605.917097 -3.253051 1535.630016 179.801458 -1561.738174 0.024464 0.00184 -0.012581 0.04906 -0.067362 -0.154714 -0.059526 -0.213704 -0.035463 -0.148724 0.00174 -0.125397 0.001587 0.00015 -0.000535 0.006001 0.023943 0.000324 0.031707 0.00153 0.042414 0.004811 0.034861 0.007865 -0.155442 -0.207031
49.577882 175.59194 95.156371 1013.577772 112.842727 99.347491 128.431365 8.949967 132.946397 0.984922 112.512963 13.815153 -46.850277 155.50137 -131.181374 990.310302 -21.326676 1486.285514 -7.65411 1836.25835 -1.620423 1602.171108 -2.99246 1532.47186 163.921851 -1523.707602 0.0 0.003366 -0.005534 0.640375 -0.233065 0.421246 -0.266592 0.0655 -0.293386 0.191292 -0.420744 0.287597 -0.000292 0.001269 0.001428 0.011799 0.004074 -0.001541 0.001284 2e-06 0.004116 -0.002187 0.005439 -0.001625 -0.367005 0.234387
45.690525 181.873828 89.956526 1041.192259 89.933123 105.445345 93.181829 15.694809 99.643929 3.079499 83.839551 18.846069 -48.955273 161.216289 -132.776219 1008.15066 -22.474209 1504.66221 -8.631035 1859.825054 -2.025883 1622.408485 -3.505578 1552.43792 130.085788 -1484.120302 -0.079343 0.055201 -0.073047 0.185567 -1.298319 0.090804 -2.821334 0.940935 -2.396483 0.581281 -2.104875 0.38979 -0.023128 0.051565 -0.004818 0.079632 -0.015035 0.056455 -0.029329 0.075133 -0.022613 0.063505 -0.020291 0.064613 -1.953513 0.260524
45.508919 183.263 88.446719 1085.402947 78.193356 152.46359 74.750729 45.359342 84.148738 16.8656 71.697268 42.236128 -49.021271 160.73071 -132.717571 1007.67115 -21.099097 1509.456617 -7.414174 1879.260154 -1.452133 1641.438631 -2.854631 1565.642271 107.709258 -1325.534955 -0.000181 0.002643 -0.006389 0.459607 -0.410377 4.32206 -1.014498 7.69101 -0.654349 5.53155 -0.47468 4.655785 -2.2e-05 -0.000366 6e-06 -5.7e-05 0.021704 0.003813 0.04621 0.05051 0.047651 0.055479 0.033399 0.027959 -1.055157 4.479086
42.735361 178.2125 83.664998 1084.506113 65.036873 192.032502 61.347921 72.78388 68.527264 35.54238 57.222066 67.796453 -50.233021 156.853109 -130.578921 986.762391 -21.673803 1497.666199 -8.05797 1864.415182 -1.801024 1627.849944 -3.242599 1550.744657 92.547132 -1182.319936 -0.043598 -0.035284 -0.066437 -0.000185 -0.605528 2.279993 -0.661553 3.227098 -0.80128 3.440907 -0.815223 3.009973 -0.007397 -0.023673 0.008686 -0.109602 -0.003861 -0.023114 -0.0134 -0.029433 -0.018763 -0.028241 -0.012356 -0.035609 -0.574814 4.092599
41.721039 177.895952 81.008965 1083.078581 54.639214 214.248817 48.461495 92.79765 54.865557 48.69293 45.738724 84.597686 -51.113087 156.725037 -133.489746 982.860352 -22.443392 1497.715793 -8.495736 1873.337133 -2.00559 1637.695557 -3.531909 1557.760612 77.850928 -1121.608191 -0.006091 -0.000141 -0.021421 -0.00047 -0.452539 0.607872 -0.758749 1.213978 -0.758625 1.032843 -0.642379 0.928987 -0.003821 -2.6e-05 -0.016043 -0.003865 -0.006713 0.0 -0.005789 0.010648 -0.005501 0.014842 -0.00618 0.007918 -0.63493 0.800059
39.948047 166.80062 72.09795 1059.824079 45.073612 217.243152 38.548769 97.56477 45.10475 53.91777 37.330796 88.682086 -51.467732 147.222183 -127.598226 955.071093 -24.037165 1483.167292 -10.187599 1856.131808 -2.944165 1630.46434 -4.474231 1544.917113 71.096327 -1091.386323 -0.019248 -0.178618 -0.259536 -0.126181 -0.459882 0.01039 -0.566503 0.059699 -0.477649 0.133108 -0.426602 0.048144 -0.000613 -0.148589 0.06648 -0.199254 -0.027332 -0.035503 -0.076761 -0.039687 -0.089801 -0.008 -0.055649 -0.026583 -0.153236 0.206373
39.320043 169.167476 65.815688 1061.717809 33.101039 212.17395 25.628691 94.082721 31.885554 53.336109 26.41354 87.582163 -51.829696 149.237252 -132.921245 950.529441 -26.555839 1485.945444 -12.232105 1858.313912 -4.050889 1635.870342 -5.791954 1549.093606 58.666583 -1098.440986 -0.002488 0.008337 -0.14316 0.000845 -0.922249 -0.029922 -1.313973 -0.031635 -1.143354 -0.001577 -0.941837 -0.003432 -0.000634 0.006848 -0.054386 -0.005412 -0.062733 0.0013 -0.093416 0.000641 -0.088105 0.004474 -0.08492 0.002819 -0.596683 -0.011364
38.820806 168.025383 58.78187 1045.572734 25.478822 216.366131 18.523781 103.254289 24.97558 60.255722 20.35879 93.631906 -52.292836 150.673172 -132.180389 952.699841 -26.135513 1497.486283 -12.276297 1869.767601 -4.053216 1649.685577 -5.718314 1559.79737 49.151562 -1079.376486 -0.001595 -0.001934 -0.198696 -0.061849 -0.498006 0.020505 -0.575402 0.213247 -0.421424 0.210955 -0.393554 0.101012 -0.00103 0.003437 0.001035 0.001238 0.001677 0.022322 -4e-05 0.017594 -0.0 0.029046 0.000236 0.018426 -0.420674 0.083446
37.918104 166.361737 47.292543 1040.00112 15.335953 213.307871 8.835907 98.555361 14.718874 57.430924 11.693066 90.397338 -52.72808 150.950079 -132.188681 955.614939 -26.373426 1499.304621 -13.170888 1872.039712 -4.432897 1655.789272 -5.911554 1566.024127 35.306927 -1096.475492 -0.00531 -0.004139 -0.624062 -0.007442 -1.280384 -0.010884 -1.772628 -0.054712 -1.348011 -0.033906 -1.193685 -0.028428 -0.000902 0.000127 -0.0 0.002227 -0.000539 0.000552 -0.015729 0.00069 -0.008498 0.005635 -0.001606 0.006202 -1.14245 -0.067188
35.159393 167.138195 37.831901 1023.218663 10.961907 189.019606 5.652923 83.993527 11.270164 53.378037 8.57633 81.730617 -55.731593 149.424954 -136.900144 954.218789 -28.203306 1496.049882 -13.767629 1866.34567 -4.835235 1652.780723 -6.550542 1562.991319 30.869393 -1112.114351 -0.05209 0.000904 -0.527357 -0.068256 -0.366312 -0.733803 -0.353951 -0.581722 -0.229836 -0.074143 -0.241057 -0.218325 -0.041595 -0.003872 -0.04125 -0.00051 -0.030685 -0.001768 -0.00661 -0.004336 -0.008737 -0.001368 -0.016393 -0.00147 -0.14895 -0.055369
32.292818 165.971729 32.895124 980.051365 7.230454 168.851557 2.991975 69.125496 7.112687 44.826687 5.134034 70.947642 -58.970024 148.30247 -140.725942 950.33907 -29.690757 1498.909758 -15.212282 1865.773293 -5.689601 1659.117858 -7.517395 1568.739973 25.525236 -1158.517162 -0.060939 -0.002042 -0.172505 -0.465147 -0.386793 -0.568743 -0.419716 -0.723561 -0.476299 -0.37302 -0.439166 -0.381252 -0.045725 -0.002116 -0.026362 -0.003952 -0.019111 0.001365 -0.03603 -4.4e-05 -0.034734 0.006063 -0.033264 0.005276 -0.253787 -0.474195
30.286604 166.089775 25.517046 971.266563 4.969766 166.131258 1.751156 67.648662 5.499368 41.735901 3.666707 68.725858 -59.92896 147.495251 -141.845981 937.813632 -30.295626 1497.984768 -16.247612 1864.810775 -6.049151 1656.287485 -7.871473 1568.775149 23.083945 -1172.184437 -0.032167 2.1e-05 -0.467838 -0.019775 -0.211281 -0.011046 -0.165177 -0.007973 -0.103612 -0.055197 -0.123184 -0.017672 -0.003867 -0.001101 -0.00222 -0.041545 -0.00305 -0.000143 -0.017041 -0.000124 -0.005508 -0.001208 -0.004074 0.0 -0.061343 -0.040073
28.93015 164.941217 23.280759 973.530422 3.822711 167.712693 1.045664 68.174483 4.312325 41.449942 2.757861 68.464664 -60.693747 145.036416 -142.155305 932.634346 -30.443208 1492.0494 -16.223379 1857.022476 -6.079329 1651.321315 -7.950921 1563.923199 20.631976 -1169.523046 -0.015538 -0.001993 -0.051269 0.001318 -0.075143 0.003746 -0.090442 0.001018 -0.07207 -0.000492 -0.06461 -0.000249 -0.002425 -0.010334 -0.000168 -0.007171 -0.000179 -0.005891 9e-06 -0.008149 -3.8e-05 -0.003728 -0.000199 -0.003757 -0.068818 0.001512
29.607509 162.058348 24.454126 963.146813 3.562792 170.317561 0.643259 71.114773 3.770403 41.551773 2.428032 68.57 -59.943265 139.954096 -139.45256 919.946643 -28.584275 1478.32891 -15.121821 1841.558462 -5.328841 1636.577736 -6.99078 1549.112843 18.064036 -1156.582936 0.003919 -0.012708 0.014423 -0.027836 -0.004575 0.010037 -0.048639 0.031037 -0.018188 6.2e-05 -0.010499 4e-05 0.002334 -0.045321 0.01297 -0.043447 0.029279 -0.031688 0.019362 -0.032328 0.024712 -0.033057 0.030881 -0.035231 -0.085301 0.035993
30.126282 162.957076 24.666689 957.854591 3.550944 166.34936 0.635804 68.745625 3.823294 39.876802 2.483777 66.171386 -59.589006 135.973686 -136.910745 909.853975 -27.659163 1463.208133 -14.528551 1828.893696 -5.027842 1634.909312 -6.531441 1543.76093 17.619925 -1164.12006 0.002253 0.001243 0.00046 -0.00729 -1e-05 -0.023387 -2.2e-05 -0.020067 0.000184 -0.017229 0.000316 -0.021351 0.000525 -0.028711 0.011689 -0.027834 0.007609 -0.038864 0.005936 -0.02185 0.004375 -0.000425 0.007804 -0.00463 -0.002764 -0.012239
30.268762 165.13686 24.245769 961.238573 3.681743 168.698856 0.782641 70.664115 3.983868 41.702715 2.604991 68.003768 -59.254791 138.050821 -135.377444 915.810071 -27.458655 1471.035751 -14.301414 1836.45477 -4.906533 1642.73591 -6.419324 1551.181501 17.732794 -1160.963517 0.000168 0.007241 -0.001811 0.002984 0.001183 0.008238 0.007621 0.013201 0.001651 0.020436 0.001444 0.012513 0.00047 0.007873 0.004317 0.009716 0.000365 0.010441 0.000895 0.007799 0.000741 0.009344 0.000485 0.008896 0.00018 0.002143
30.99689 165.861172 24.620411 976.847692 3.548316 171.929458 0.677668 72.891317 3.790104 42.830878 2.483796 69.585746 -58.867631 141.43887 -135.567602 918.519541 -27.488397 1472.460782 -14.39285 1837.814414 -4.908672 1643.851724 -6.45035 1553.404001 17.325334 -1155.993945 0.004327 0.000792 0.001436 0.062858 -0.001231 0.01532 -0.003778 0.017278 -0.002415 0.007528 -0.001443 0.009095 0.000634 0.020536 -6.7e-05 0.002001 -8e-06 0.000345 -0.000146 0.000252 -0.0 0.000189 -3.7e-05 0.000796 -0.002368 0.00533
33.537367 168.034345 23.934148 1008.701083 3.535259 174.301687 0.52974 73.792774 3.790846 42.596992 2.507563 69.193058 -58.502528 143.572106 -133.024137 930.57512 -26.318907 1481.519818 -14.012204 1847.878663 -4.637861 1651.560872 -6.046777 1559.117596 16.814748 -1163.680627 0.050024 0.007072 -0.00485 0.255522 -1.2e-05 0.008127 -0.009096 0.00277 0.0 -0.00032 5.7e-05 -0.000556 0.000568 0.007983 0.012043 0.0393 0.012711 0.013891 0.002551 0.013741 0.003842 0.009017 0.006518 0.005244 -0.003818 -0.012736
35.286317 170.915337 24.176965 1014.347971 2.79642 177.755505 0.169439 76.220554 2.750738 44.309517 1.834793 71.402324 -58.501342 147.720682 -133.635919 939.740513 -26.598981 1490.899137 -14.300985 1856.76075 -4.805737 1657.381927 -6.235036 1564.931516 14.828154 -1159.703278 0.022226 0.012244 0.000613 0.007881 -0.043255 0.016942 -0.099984 0.019647 -0.083218 0.016875 -0.052433 0.017359 0.0 0.029543 -0.000702 0.022457 -0.000741 0.014798 -0.001473 0.010648 -0.001492 0.00512 -0.001443 0.00541 -0.062422 0.003404
37.90702 166.689479 26.090313 1015.060733 1.651267 186.368718 -0.074504 84.482378 1.138236 48.935549 0.778986 77.134139 -55.331263 148.669838 -129.506885 933.983471 -24.728064 1507.246355 -12.892378 1882.197631 -4.021861 1682.721084 -5.343601 1587.10314 9.439269 -1157.740682 0.046932 -0.026449 0.036428 0.000125 -0.14995 0.101885 -0.468654 0.212513 -0.350054 0.114823 -0.222731 0.110633 0.04415 0.00152 0.032397 -0.008844 0.03411 0.044566 0.036507 0.086527 0.034872 0.096117 0.034367 0.077979 -0.605899 0.000831
36.466564 163.53845 24.080171 992.487133 0.515649 175.126961 -0.621776 77.670435 0.232794 42.605862 0.087808 68.702636 -56.291072 145.828753 -129.828263 924.938169 -25.934089 1508.519582 -14.470516 1884.756219 -4.746702 1691.14131 -6.046923 1593.913775 7.081882 -1196.895115 -0.013951 -0.015034 -0.040286 -0.126917 -0.321409 -0.17484 -0.265817 -0.143146 -0.341516 -0.219097 -0.343721 -0.243936 -0.004127 -0.013705 -0.000199 -0.022007 -0.014357 0.000269 -0.045547 0.000869 -0.03001 0.010507 -0.021734 0.007291 -0.169052 -0.325565
36.073139 159.854052 23.889845 1017.395381 0.183136 172.181912 -1.211477 74.876266 0.048214 40.522801 0.000684 66.037391 -56.476902 141.072411 -127.532118 921.293076 -25.617407 1494.234671 -14.318866 1868.971541 -4.708264 1679.440705 -5.90098 1580.403762 5.709381 -1198.21398 -0.001067 -0.020989 -0.000378 0.154348 -0.084183 -0.012487 -0.097434 -0.025592 -0.069122 -0.026103 -0.072989 -0.026363 -0.000153 -0.039429 0.010243 -0.003598 0.000973 -0.033979 0.000399 -0.033188 7.8e-05 -0.020309 0.000891 -0.02875 -0.073848 -0.000363
34.745974 158.631419 21.962432 1018.970173 0.030362 170.719259 -1.731132 73.376834 0.00138 39.062239 -0.026707 64.097953 -57.95673 139.849474 -126.637237 936.147492 -26.08535 1498.72123 -14.663701 1871.153701 -5.030355 1685.669382 -6.201312 1585.25461 5.198359 -1211.522032 -0.012437 -0.002347 -0.040528 0.000609 -0.064361 -0.00312 -0.046248 -0.007583 -0.033281 -0.013403 -0.035942 -0.014453 -0.009569 -0.002662 0.001575 0.059398 -0.002118 0.003363 -0.002052 0.000637 -0.005328 0.005765 -0.003727 0.003717 -0.011977 -0.036748
34.607402 156.762349 22.07061 1018.50769 0.110001 172.930588 -1.44843 74.559149 0.012348 40.197377 -0.008898 65.487958 -59.102469 136.622789 -127.804404 935.209072 -25.629989 1499.077759 -14.176518 1870.573368 -4.731547 1680.630734 -5.91512 1579.746283 5.227318 -1200.993728 -0.000138 -0.005538 0.000133 -5.2e-05 0.02478 0.007115 0.012593 0.004725 0.005472 0.008129 0.004774 0.007455 -0.005607 -0.01883 -0.002677 -0.000235 0.002005 2.1e-05 0.004115 -4.5e-05 0.004574 -0.003771 0.00338 -0.004793 4e-05 0.022973
33.779635 157.675403 21.865387 1025.484218 0.177728 175.76377 -1.184067 76.284938 0.043153 40.99649 -0.000222 66.349061 -59.926053 137.372691 -128.598331 942.540574 -25.767411 1501.017142 -14.103116 1870.737585 -4.792732 1676.823686 -6.001659 1576.761509 5.745441 -1193.439072 -0.00501 0.001326 -0.000479 0.011906 0.008084 0.01151 0.013308 0.009873 0.009334 0.003933 0.006309 0.002812 -0.002849 0.001026 -0.001229 0.014313 -0.000184 0.000627 9.5e-05 4e-06 -0.000197 -0.002158 -0.000314 -0.001411 0.012239 0.011918
32.133954 157.733188 23.072091 1024.704078 0.200123 178.831136 -1.101539 79.082765 0.024013 42.581277 -0.003117 68.148402 -60.411653 137.382961 -127.102763 941.805824 -25.176304 1496.031439 -13.680056 1864.202861 -4.494274 1672.178738 -5.701095 1573.845531 5.175309 -1181.080315 -0.020547 5e-06 0.016205 -0.000148 0.000664 0.013267 0.00149 0.025193 -0.002785 0.015027 -0.001675 0.012037 -0.00098 0.0 0.004374 -0.000143 0.003429 -0.004147 0.003221 -0.005717 0.004797 -0.003221 0.00386 -0.001349 -0.014892 0.032162
32.364055 156.638193 27.231932 1014.056977 0.400774 181.079065 -0.859994 80.422273 0.06839 43.331092 0.002914 69.703983 -60.19041 137.222113 -126.333034 934.239057 -24.990863 1487.292854 -13.439283 1855.738421 -4.425973 1664.642613 -5.599086 1566.827144 5.594715 -1170.830215 0.00041 -0.001907 0.172292 -0.027802 0.03449 0.00702 0.014929 0.005625 0.011354 0.003272 0.012059 0.008777 0.000203 -4.7e-05 0.001169 -0.01526 0.000343 -0.012798 0.001069 -0.00963 0.000261 -0.00851 0.00046 -0.007842 0.008169 0.022336
33.890166 156.334352 30.883833 980.550948 0.5609 181.459046 -0.575366 81.424941 0.350202 44.36524 0.143643 71.613714 -58.203568 144.452909 -126.707273 954.686146 -26.031282 1499.248308 -13.870994 1864.588908 -4.873766 1660.929759 -6.241036 1565.888267 7.836861 -1162.385992 0.017579 -0.000147 0.114853 -0.281442 0.013425 0.000199 0.028504 0.003106 0.109074 0.006098 0.105637 0.012904 0.016672 0.092825 -0.000277 0.11067 -0.010609 0.02393 -0.003412 0.010527 -0.010787 -0.002073 -0.017415 -0.000141 0.188464 0.01528
35.888938 160.140247 43.052576 1026.987894 1.980615 204.52096 -0.150828 103.19476 0.479695 52.320597 0.263878 82.832983 -58.566508 147.363895 -131.547818 950.466594 -26.131552 1495.206903 -13.847007 1870.977606 -4.517377 1663.175788 -5.84188 1569.810061 7.941193 -1125.518925 0.028633 0.022886 1.008264 0.537145 0.433505 0.689579 0.13702 1.28801 0.010165 0.327841 0.018141 0.408032 -0.000564 0.014519 -0.045368 -0.004673 -9.6e-05 -0.002727 1e-05 0.005463 0.006765 0.000759 0.006595 0.002452 0.000345 0.297055
36.105795 165.676838 63.56175 1041.715461 8.649624 239.970429 1.510939 131.466342 3.501919 68.24995 2.85312 104.994129 -56.380144 158.160021 -129.077602 961.778812 -25.228849 1500.541241 -12.788512 1876.349758 -3.980014 1660.294109 -5.450235 1570.677828 14.948575 -1055.298221 0.000327 0.047045 1.991249 0.052425 2.352178 1.415854 2.616529 1.709282 1.389431 1.056897 1.38163 1.311945 0.020795 0.190808 0.011707 0.03346 0.007934 0.004749 0.021041 0.003851 0.017008 -0.001249 0.006794 0.00012 1.098988 1.130821
31.877678 165.811894 75.302428 1054.060141 25.024396 433.156663 14.018966 328.750013 15.277468 213.683844 13.126581 258.952733 -58.547123 160.914389 -132.933752 971.922959 -28.26291 1490.657953 -13.789732 1854.698919 -5.134629 1633.971212 -7.179417 1545.025117 38.125834 -665.871235 -0.131608 2.8e-05 0.497215 0.036357 4.249431 28.317693 6.325166 44.430056 4.150586 40.40606 3.74014 34.168047 -0.020431 0.011889 -0.028378 0.026608 -0.086116 -0.016328 -0.018865 -0.062819 -0.073427 -0.105169 -0.118935 -0.105606 5.328126 44.634065
34.712815 169.929157 79.715906 1068.279009 40.559462 458.059823 30.810738 333.369235 32.685081 218.432979 27.836433 267.251302 -54.116304 159.197436 -129.872411 980.802561 -29.22878 1479.424336 -13.869107 1830.856463 -5.59019 1593.439785 -7.719501 1506.211922 65.309755 -631.940903 0.060381 0.025246 0.06284 0.047631 1.866481 0.348001 3.263627 0.016113 3.270479 0.026098 2.732283 0.065441 0.087161 -0.004605 0.017831 0.020189 -0.008114 -0.021244 -0.000114 -0.077121 -0.00968 -0.254517 -0.009792 -0.246871 3.636012 0.443617
37.281794 174.142294 81.362563 1083.329287 84.382589 797.809939 84.554381 767.735078 81.035254 568.529547 68.535849 599.554094 -58.019593 164.521608 -128.239261 998.128439 -28.653022 1493.792329 -13.35126 1838.884703 -5.045486 1586.649869 -6.861041 1500.407559 126.521425 -255.64544 0.045849 0.025796 0.008417 0.052638 7.937565 46.82935 13.283135 89.295526 10.790381 82.162973 9.01569 66.226575 -0.067955 0.043786 0.005167 0.075847 0.002864 0.034717 0.004926 0.008782 0.013958 -0.007249 0.025294 -0.005603 10.028174 83.713691
39.991985 173.743186 81.294082 1002.819466 115.581247 1030.980691 131.367402 1106.731778 126.482878 914.349594 106.08997 916.136944 -56.77333 171.277173 -125.220306 995.267803 -31.18753 1497.670581 -15.196477 1844.554651 -6.520173 1576.526731 -8.173929 1486.682847 190.437893 -89.629502 0.047541 -0.000229 -1.4e-05 -1.554119 2.448825 14.925539 5.135736 30.908549 5.037791 40.887795 4.085898 33.431067 0.006765 0.067961 0.01798 -0.002053 -0.053698 0.002514 -0.059696 0.004364 -0.094401 -0.016199 -0.057432 -0.03153 6.511425 42.531662
42.448594 169.603522 81.789579 895.983038 154.490979 1342.315354 190.449573 1535.665052 192.053317 1408.122358 160.773181 1380.142542 -53.224904 172.811782 -118.877182 986.43925 -30.165586 1525.464496 -14.77894 1879.916519 -6.316968 1608.685232 -7.811236 1518.660865 268.032176 -6.674276 0.03661 -0.024956 0.000753 -3.007967 2.817591 20.509432 5.469915 35.04621 6.821863 53.096614 5.662677 47.36902 0.057249 0.003422 0.08243 -0.019666 0.008512 0.127768 0.002908 0.167875 0.001608 0.162343 0.004115 0.170134 6.613973 47.387031
42.410312 167.567993 86.791472 922.678153 208.541489 1773.566532 267.591965 1964.046776 293.531843 1926.733892 250.147273 1923.602383 -53.229687 174.215215 -127.09275 987.971548 -29.159346 1533.934741 -14.08338 1895.633064 -5.220738 1634.792426 -7.144213 1558.5368 377.045691 11.985518 -9e-06 -0.006144 0.074221 0.195932 4.046235 29.987794 6.542809 26.31695 10.721962 40.572066 9.837057 45.005609 -0.0 0.002838 -0.137241 0.000595 0.008534 0.011725 0.008382 0.032712 0.052196 0.105072 0.014882 0.258377 9.277971 36.547739
38.749015 171.990971 80.646931 914.19478 200.440147 1784.378717 258.082166 1977.736783 276.854145 1961.993785 234.34559 1956.975956 -54.043804 184.746807 -130.616317 988.485327 -29.210222 1538.96632 -14.306418 1888.594381 -5.385196 1650.514605 -7.44275 1582.384133 359.464049 13.453293 -0.082627 0.028807 -0.112782 -0.01959 -0.080246 0.016429 -0.086026 0.023773 -0.243874 0.159858 -0.257754 0.143512 -0.003089 0.154527 -0.024089 6.7e-05 -2.2e-05 0.004119 -0.000876 -0.006546 -0.001275 0.03762 -0.003055 0.090531 -0.209881 0.042379
41.233601 171.786308 84.05319 962.729357 215.012627 1982.419403 279.315979 2197.888445 306.035622 2203.214931 259.673562 2193.00996 -49.503332 178.708088 -124.347678 966.419491 -26.312272 1535.079066 -12.29579 1886.200929 -4.352124 1652.756491 -6.201223 1583.73804 383.378292 39.492532 0.0386 -6.1e-05 0.035227 0.627622 0.255652 5.209631 0.419662 5.807571 0.730921 6.990828 0.6497 6.717755 0.099596 -0.050169 0.077073 -0.124537 0.07568 -0.002458 0.076092 -0.000759 0.054957 0.000761 0.056604 0.000289 0.385034 6.845734
40.689161 164.331755 82.333411 965.534356 212.30481 2036.154156 273.211578 2241.131157 300.262065 2261.560471 255.054151 2261.148913 -47.941657 172.520033 -126.82505 963.234681 -25.448985 1510.594557 -11.640194 1862.531995 -3.806413 1627.334146 -5.718927 1560.828375 371.68272 52.065417 -0.001809 -0.082675 -0.008888 0.00204 -0.00858 0.359276 -0.033722 0.210629 -0.02749 0.381245 -0.020729 0.521219 0.012515 -0.054516 -0.012218 -0.002628 0.0072 -0.098418 0.00898 -0.074722 0.018271 -0.098519 0.009761 -0.083455 -0.090585 0.867373
40.415267 161.733981 77.159006 952.780975 197.727588 1965.49381 253.488574 2194.148384 274.100173 2194.262298 231.163805 2173.488535 -50.805754 170.578638 -130.335674 958.463445 -26.703695 1513.267723 -12.152393 1865.393044 -4.320573 1630.282392 -6.286519 1560.560408 347.247186 41.811716 -0.000462 -0.010348 -0.083959 -0.042394 -0.259202 -0.623902 -0.369407 -0.24885 -0.596139 -0.508245 -0.587281 -0.866485 -0.041544 -0.005493 -0.023964 -0.005923 -0.015095 0.001182 -0.005514 0.001098 -0.016281 0.001334 -0.013425 -1.2e-05 -0.415387 -0.561659
40.137237 163.08295 73.335381 959.994366 194.461733 2012.409387 245.517379 2258.139046 262.97908 2267.442298 221.126824 2238.554258 -51.133842 171.285286 -130.840325 954.662757 -27.342402 1507.580522 -12.455315 1855.487569 -4.642638 1624.445022 -6.670935 1554.642987 337.504952 53.483822 -0.00048 0.002801 -0.048581 0.013601 -0.013598 0.276672 -0.063671 0.459878 -0.115152 0.600182 -0.111381 0.479798 -0.000528 0.00073 -0.000488 -0.003775 -0.003774 -0.005354 -0.001865 -0.013185 -0.005788 -0.005235 -0.005704 -0.00562 -0.069307 0.71752
38.397706 163.979014 69.732202 972.01773 180.326301 2035.353545 232.095444 2301.983603 249.931439 2300.406996 209.593442 2264.73543 -51.397243 170.357624 -128.251884 945.798248 -27.857507 1495.945448 -13.154929 1851.362364 -5.08795 1621.561585 -6.926473 1548.79803 326.339472 59.196719 -0.019267 0.001227 -0.045381 0.037412 -0.266659 0.065028 -0.18863 0.210783 -0.165983 0.118949 -0.154442 0.076107 -0.000338 -0.001259 0.01293 -0.020674 -0.002403 -0.022536 -0.009558 -0.002295 -0.010195 -0.001281 -0.002401 -0.005504 -0.093905 0.144915
39.161954 163.554381 69.505221 973.875808 178.598862 2055.661694 230.348553 2325.917716 248.108404 2323.696182 207.88388 2287.553009 -50.727356 169.538867 -129.452491 944.94313 -28.106464 1494.75059 -13.394636 1851.509064 -5.078247 1620.020545 -7.010573 1547.40123 324.178364 63.286052 0.003765 -0.000275 -0.000185 0.000887 -0.004157 0.050406 -0.003299 0.06189 -0.003337 0.058648 -0.0035 0.057185 0.002197 -0.000986 -0.002797 -0.000193 -0.000554 -0.000239 -0.001082 3e-06 5e-06 -0.000366 -0.000254 -0.000315 -0.00359 0.068284
37.154234 160.052613 67.912178 962.34139 175.501991 2057.557893 225.112416 2335.907014 239.567286 2345.634518 200.096167 2304.138373 -51.683473 166.209706 -130.786333 943.498593 -29.026601 1485.416805 -14.203237 1838.162454 -5.455552 1607.502796 -7.482251 1537.40779 317.326968 69.523509 -0.026414 -0.018947 -0.009234 -0.034357 -0.013542 0.000437 -0.030099 0.010702 -0.0748 0.051538 -0.074335 0.029954 -0.004463 -0.016506 -0.003418 -0.000552 -0.00741 -0.014617 -0.011848 -0.024139 -0.006759 -0.024275 -0.007678 -0.016187 -0.036588 0.146553
37.470772 157.0994 67.615526 954.436985 167.752603 2052.228329 217.759767 2347.732793 236.067246 2353.95777 197.232226 2302.152333 -51.640717 162.367547 -129.329297 932.051404 -27.202112 1469.321918 -12.540107 1815.388234 -4.553096 1582.035611 -6.49905 1513.044908 306.189755 76.436402 0.000671 -0.01375 -0.000325 -0.016298 -0.087487 -0.003456 -0.061039 0.01493 -0.012878 0.00737 -0.010322 -0.000428 9e-06 -0.022465 0.004081 -0.034934 0.029608 -0.043836 0.051764 -0.070982 0.040769 -0.101674 0.034613 -0.09729 -0.099474 0.163795
36.547379 156.144667 67.471801 959.859926 166.786379 2085.53628 218.053113 2385.204534 234.399245 2396.917625 195.39194 2343.601238 -52.401294 159.567511 -130.992545 921.308454 -26.706559 1462.687657 -12.34485 1809.09296 -4.178879 1581.064696 -6.138138 1513.014767 301.172888 84.561287 -0.00576 -0.001455 -7.6e-05 0.007681 -0.001395 0.134062 9.9e-05 0.148338 -0.002957 0.194237 -0.004313 0.184905 -0.00278 -0.012177 -0.005313 -0.031136 0.002278 -0.007506 0.000766 -0.005467 0.008022 -0.000149 0.005155 -0.0 -0.02072 0.205145
36.503575 155.90508 67.208556 959.236599 164.110856 2076.493259 214.082997 2368.047761 229.128194 2375.109394 190.496298 2327.053321 -52.343105 159.26588 -131.735132 921.595413 -27.140718 1462.425061 -12.534746 1809.449425 -4.369774 1580.700205 -6.377907 1512.525609 296.782672 80.587847 -1.3e-05 -9.2e-05 -0.000257 -0.000101 -0.010817 -0.009824 -0.018237 -0.030964 -0.029971 -0.049832 -0.031056 -0.029314 1.6e-05 -0.000143 -0.001049 2.2e-05 -0.00175 -1.2e-05 -0.000725 1.8e-05 -0.002132 -2.1e-05 -0.002297 -4e-05 -0.016117 -0.047807
36.223867 155.703383 66.75469 949.076231 164.303485 2057.461102 215.021192 2350.614505 229.591093 2363.76013 190.787303 2315.622833 -52.289905 156.492909 -129.90923 905.380913 -25.990305 1463.113743 -12.164697 1812.091557 -3.84374 1586.328891 -5.759923 1516.885145 292.848246 77.260088 -0.000538 -6.5e-05 -0.000769 -0.027048 5.6e-05 -0.043811 0.001026 -0.032204 0.000234 -0.01359 0.000111 -0.014071 1.4e-05 -0.012176 0.006371 -0.071954 0.012456 8.1e-05 0.002772 0.000964 0.016862 0.005002 0.015742 0.003137 -0.013127 -0.035082
35.434968 155.355129 65.66336 942.422548 162.472375 2052.070101 213.05845 2343.448886 227.029373 2353.220978 188.305294 2310.897542 -52.564474 154.484163 -132.654199 899.105152 -27.428866 1464.894216 -12.932451 1817.930244 -4.420783 1590.648432 -6.499248 1518.977711 294.810949 74.426422 -0.004343 -0.000195 -0.004497 -0.011703 -0.00513 -0.003536 -0.0045 -0.005469 -0.007186 -0.011774 -0.008125 -0.002413 -0.000359 -0.006488 -0.014349 -0.010913 -0.019374 0.000541 -0.011746 0.004696 -0.02017 0.002937 -0.022314 0.000721 0.003278 -0.02647
33.933275 156.388388 63.651595 945.190682 159.893166 2055.190686 211.508987 2344.085739 224.737685 2354.899169 185.875289 2312.142684 -53.566763 154.256218 -135.397765 891.141185 -29.168165 1470.769206 -14.246647 1826.39905 -5.247206 1604.82307 -7.438555 1532.443627 298.665161 71.691111 -0.016256 0.001712 -0.01565 0.00203 -0.010318 0.001185 -0.002827 4.3e-05 -0.005813 0.000299 -0.007891 0.000168 -0.004733 -8.4e-05 -0.014041 -0.017714 -0.026732 0.005879 -0.031791 0.00984 -0.035386 0.031438 -0.031687 0.029713 0.012515 -0.025605
]