01-31-21_Dhruva_4K+Depth.snake_below_chair.0000000003 [ 75.461768 394.209963 126.998157 1679.481009 209.43806 3038.196357 253.843903 3372.59057 261.536693 3290.187995 226.158431 3228.779191 -65.386704 375.57332 -130.646905 1543.471249 -94.603247 2224.529395 -79.93803 2647.368305 -63.177277 2362.393972 -59.287601 2281.864087 581.798985 76.662209 0.0 0.0 0.0 0.0 0.0 0.0 0.0 0.0 0.0 0.0 0.0 0.0 0.0 0.0 0.0 0.0 0.0 0.0 0.0 0.0 0.0 0.0 0.0 0.0 0.0 0.0
67.880156 396.388411 131.065754 1620.719585 255.243998 3045.112602 320.842535 3430.534508 332.80324 3403.288501 287.410589 3327.704117 -58.416532 382.594253 -128.75844 1598.256372 -108.071131 2178.189068 -99.328837 2481.379591 -80.06342 2183.549577 -74.346535 2131.794458 739.334824 134.774554 -0.200643 0.003001 0.032059 -0.523177 2.263167 0.003932 3.91881 0.246766 4.28821 0.955605 3.665783 0.746337 0.196367 0.032509 0.006874 0.477705 -0.447971 -0.243882 -1.051811 -2.686764 -0.998806 -3.519369 -0.85119 -2.552011 9.426143 8.142739
65.284661 410.71629 132.262223 1661.604161 254.84877 3184.321699 317.447703 3590.22545 331.090029 3574.266119 286.535567 3493.610278 -59.780613 393.403865 -140.982516 1572.369882 -106.77973 2216.868884 -94.530446 2551.506194 -73.599306 2258.7676 -70.258349 2202.708567 716.894374 150.275057 -0.025297 0.127186 0.002718 0.254639 -0.000153 1.555646 -0.009028 1.816363 -0.002211 2.095128 -0.000667 2.017861 -0.007872 0.075292 -0.277127 -0.105677 0.003881 0.170209 0.059394 0.488584 0.136023 0.636847 0.057801 0.58013 -0.172914 0.421757
63.289324 396.657185 116.696677 1602.146773 221.258287 3003.067197 277.223103 3394.535247 290.118276 3379.572525 250.535537 3297.470927 -62.684439 376.875691 -149.554601 1522.754058 -117.265147 2159.415877 -106.653503 2486.207488 -82.518049 2200.770657 -78.56913 2145.578043 682.087414 125.926973 -0.015484 -0.122418 -0.487075 -0.541627 -1.186422 -2.655421 -1.361992 -2.741839 -1.352617 -2.72605 -1.207904 -2.83303 -0.034432 -0.177346 -0.126484 -0.397704 -0.245496 -0.377145 -0.365591 -0.423218 -0.254965 -0.377145 -0.232225 -0.375325 -0.433069 -1.075273
65.036392 373.66541 121.50081 1611.791464 232.013726 3140.856823 294.091927 3558.188031 303.183795 3554.628494 260.211908 3477.008355 -60.406048 359.035539 -134.595464 1522.117055 -102.644618 2185.913626 -94.497184 2543.159934 -70.030912 2272.769667 -65.112026 2211.098189 664.640428 142.733943 0.011893 -0.343194 0.048451 0.014471 0.127623 1.545297 0.249091 1.926292 0.14388 2.210022 0.09167 2.379471 0.021088 -0.216275 0.394037 -6.7e-05 0.486555 0.080792 0.367663 0.322474 0.511936 0.579428 0.631581 0.492707 -0.113018 0.526223
67.318203 407.124348 116.837473 1656.302283 225.526038 3058.47932 285.216877 3457.942594 298.637659 3427.898718 257.382962 3350.595608 -60.330283 380.291351 -139.807819 1574.441235 -108.058986 2259.312947 -98.027127 2616.578004 -74.082452 2322.498201 -69.765654 2256.997164 670.201605 107.245811 0.019671 0.717232 -0.045626 0.303129 -0.045998 -0.547345 -0.067987 -0.716183 -0.017171 -1.150139 -0.007731 -1.170363 2.4e-05 0.305618 -0.049509 0.442106 -0.069577 0.606024 -0.032364 0.52236 -0.056963 0.269081 -0.080305 0.235757 0.011584 -2.53184
68.586585 402.821588 120.215313 1698.93365 233.294717 3238.116437 294.169413 3638.561227 310.427967 3629.83975 268.421185 3556.884011 -57.708876 374.72767 -137.401894 1571.986544 -103.375943 2273.3329 -93.111992 2628.925138 -69.251129 2346.858662 -65.627237 2286.014694 672.919523 139.328847 0.005919 -0.011429 0.024067 0.270846 0.065774 2.562977 0.06917 2.298905 0.114129 2.889632 0.115876 3.081037 0.029112 -0.020499 0.010441 -0.000958 0.051868 0.021683 0.063207 0.014532 0.081447 0.063546 0.063262 0.092673 0.00275 2.09615
71.482982 411.33282 128.606578 1720.849173 251.359838 3328.448049 318.204815 3759.573454 330.119086 3746.655772 285.522772 3668.177439 -54.972496 380.435613 -128.417653 1598.89779 -103.069341 2296.955158 -95.246689 2650.054594 -71.371956 2370.966289 -66.65942 2306.765619 708.484494 156.684372 0.029949 0.04449 0.141534 0.070223 0.336799 0.621344 0.471871 0.989772 0.302735 0.925022 0.264047 0.857222 0.03323 0.021572 0.151869 0.1142 0.000228 0.061048 -0.012097 0.042286 -0.015994 0.061594 -0.004027 0.046878 0.457895 0.509223
71.888272 387.014276 131.43477 1624.846596 255.882033 3194.800982 322.709561 3598.265821 335.038245 3638.885717 292.27447 3574.550668 -48.020433 384.68143 -115.537228 1572.667816 -98.340327 2288.386514 -95.916653 2644.733802 -71.733813 2397.700772 -65.006257 2328.263261 716.827348 128.978143 0.000573 -0.370471 0.01538 -1.37765 0.020159 -1.369211 0.015831 -1.768405 0.01819 -0.786334 0.039449 -0.605182 0.234901 0.011781 0.34027 -0.108467 0.055525 -0.008006 -0.001174 -0.002673 -0.000457 0.074941 0.010379 0.049854 0.024417 -1.34678
70.509526 389.748215 128.359098 1625.143454 251.076893 3170.278552 316.400183 3581.374504 328.470598 3620.102281 286.455664 3553.980334 -50.394103 387.403261 -116.366919 1594.790081 -97.689505 2307.522589 -93.400539 2664.065438 -69.920721 2411.26039 -63.912218 2341.697479 701.488011 122.383321 -0.006675 0.004811 -0.018207 1.4e-05 -0.022773 -0.047238 -0.031144 -0.01987 -0.032505 -0.024302 -0.029253 -0.029679 -0.02863 0.004798 -0.001484 0.077254 0.00108 0.039839 0.016721 0.035198 0.011604 0.019117 0.004642 0.019323 -0.082951 -0.086527
70.406311 402.244585 124.785209 1613.457152 252.178867 3015.051606 317.681701 3383.790821 333.102005 3386.230799 290.47128 3326.224579 -50.890462 387.045643 -114.09561 1565.922468 -99.196944 2318.961795 -96.89722 2686.986539 -72.783931 2443.954338 -66.017388 2367.148106 717.298674 76.649372 -3.8e-05 0.098592 -0.025229 -0.021085 0.001206 -1.948093 0.001295 -2.803032 0.016212 -3.904404 0.013975 -3.770738 -0.001216 -8.3e-05 0.011193 -0.13183 -0.005771 0.014142 -0.032128 0.049091 -0.028726 0.110078 -0.017056 0.068779 0.088098 -5.325649
70.438923 384.893992 124.582214 1555.257965 250.693117 2859.582633 315.929088 3177.528914 331.530832 3166.624025 288.958412 3128.337148 -49.232831 388.91913 -108.092633 1570.564088 -96.985777 2314.559272 -92.164265 2684.516756 -68.661192 2442.925628 -62.763557 2364.321629 701.942267 46.878717 4e-06 -0.191249 -8.3e-05 -0.534512 -0.002195 -2.057561 -0.002424 -3.24283 -0.001857 -3.680891 -0.001975 -3.034183 0.013723 0.002262 0.081108 0.003435 0.012461 -0.002092 0.059252 -0.000568 0.060096 -0.000108 0.041113 -0.000844 -0.083082 -3.641072
68.610083 364.179229 124.275905 1394.913004 249.858699 2499.385067 315.042856 2827.110067 326.046231 2798.139463 283.421778 2756.222369 -49.325721 387.421152 -108.970471 1535.04859 -97.206613 2283.983072 -92.055232 2670.571677 -68.754768 2432.379689 -62.782777 2338.776993 694.248711 12.804098 -0.012027 -0.286476 -0.000189 -4.360683 -0.000695 -12.11886 -0.000622 -10.233596 -0.022873 -11.392796 -0.026779 -11.777272 -4.4e-05 -0.001445 -0.001775 -0.203083 -0.000126 -0.101653 3.2e-05 -0.018157 -3.2e-05 -0.011406 -1e-06 -0.069373 -0.021197 -10.683236
68.616058 358.870213 135.317115 1342.825751 247.37954 2222.971393 310.324743 2533.23231 309.426386 2436.224065 267.436861 2393.936501 -51.83815 384.73211 -108.193667 1527.507059 -93.244612 2268.786401 -87.044812 2676.124661 -65.875614 2423.297165 -59.551559 2322.98224 660.844665 0.017194 0.0 -0.019491 0.234913 -0.495542 -0.00618 -8.096601 -0.017798 -8.061904 -0.217371 -12.526802 -0.231975 -12.75823 -0.031203 -0.004682 0.001389 -0.009286 0.041216 -0.025363 0.070098 0.002884 0.03079 -0.008494 0.042681 -0.026758 -0.41178 -11.882892
71.153984 360.331849 150.55072 1309.150908 261.626925 1835.63072 320.353207 2069.203822 308.002728 1909.385707 268.440032 1898.531491 -51.741209 392.782203 -109.407386 1516.834886 -91.856497 2259.93359 -84.080515 2688.016271 -62.724228 2401.070335 -57.121203 2295.028897 648.714246 -28.134532 0.023044 0.001485 0.40618 -0.21381 0.199435 -18.52559 0.079737 -23.451975 -0.001641 -32.053741 0.000939 -28.683835 4.5e-05 0.041675 -0.003385 -0.018706 0.005205 -0.008653 0.025676 0.013181 0.038619 -0.051202 0.025316 -0.084603 -0.056183 -29.542744
67.277277 357.037251 148.838931 1243.84421 267.818024 1436.002112 325.097441 1549.120819 311.746279 1391.508969 273.622566 1417.134374 -54.580235 392.844282 -111.551934 1494.793913 -96.353561 2228.72688 -89.079034 2663.281919 -66.855926 2376.798567 -61.217086 2260.068893 667.337973 -131.09073 -0.054293 -0.007565 -0.004894 -0.835423 0.036199 -24.498963 0.017436 -37.572363 0.011306 -40.877905 0.024775 -35.132838 -0.037911 2e-06 -0.010407 -0.080656 -0.053734 -0.108481 -0.07216 -0.057163 -0.065887 -0.061651 -0.070904 -0.13416 0.131781 -37.764547
64.102296 360.4093 155.16938 1317.932812 272.509082 1178.864551 324.893387 1125.08764 308.906979 900.023139 272.573436 970.302714 -57.969663 392.969637 -115.741887 1511.805463 -101.058492 2218.777649 -93.956439 2643.06517 -70.735332 2349.619934 -64.991456 2239.14962 675.281536 -341.232986 -0.03837 0.007924 0.065917 1.071574 0.020364 -12.673753 -3.2e-05 -33.832208 -0.006494 -53.327229 -0.001008 -42.18714 -0.051048 1e-05 -0.038622 0.048127 -0.056074 -0.011128 -0.064996 -0.038512 -0.054701 -0.078144 -0.05645 -0.048633 0.023499 -49.322623
56.746342 364.252315 171.077145 1407.10106 264.598762 781.894565 310.223322 590.455387 292.322875 419.218064 258.877636 516.746198 -64.791475 387.426373 -134.854419 1503.993405 -109.493003 2200.581918 -100.645352 2611.419021 -76.711848 2327.912253 -70.625339 2233.445188 668.531821 -771.374392 -0.224083 0.01019 0.388062 1.459267 -0.058253 -40.605179 -0.169449 -85.433757 -0.228768 -90.736489 -0.176504 -70.856498 -0.18969 -0.019688 -0.729902 -0.010118 -0.169007 -0.037459 -0.114991 -0.095298 -0.121174 -0.050371 -0.117074 -0.003638 -0.016951 -86.511111
51.698257 367.561847 208.722458 1460.447911 251.232753 491.308251 282.395174 290.884372 267.579095 182.662839 234.822495 265.659162 -69.483259 382.165043 -143.232566 1560.633402 -119.29978 2175.89287 -110.614898 2572.071928 -85.509141 2304.75298 -79.19645 2224.471202 655.613993 -1189.73678 -0.117558 0.007483 1.870286 0.496266 -0.173196 -33.604089 -0.653737 -52.474886 -0.547019 -48.435109 -0.586382 -41.383466 -0.081994 -0.017985 -0.126236 0.523451 -0.210271 -0.06964 -0.235367 -0.149341 -0.238716 -0.057888 -0.245372 -0.009033 -0.063012 -45.144068
46.30575 343.432998 232.533243 1401.765351 235.37203 278.98157 240.094079 110.83222 214.464017 60.54733 194.645884 122.483107 -70.485704 353.992519 -153.376089 1505.09506 -121.249242 2106.134767 -110.992918 2478.385996 -85.42048 2233.773929 -79.366599 2165.947008 570.584473 -1558.796827 -0.148469 -0.409545 0.6429 -0.601633 -0.258556 -29.841451 -1.715178 -42.610141 -2.935243 -32.879503 -1.883383 -27.372206 -0.00359 -0.539274 -0.173497 -0.503104 -0.0079 -0.568249 -0.000322 -0.869011 2.3e-05 -0.555063 -9.1e-05 -0.390081 -2.951697 -24.890519
44.817749 328.889008 258.613398 1334.571978 220.951274 153.493112 212.872741 30.161985 186.231797 9.730434 171.503076 43.838985 -71.814759 335.765796 -165.31254 1477.932007 -126.619396 2069.2308 -113.814821 2436.467961 -88.168565 2199.750723 -83.227833 2131.668555 530.67982 -1916.875419 -0.01215 -0.15733 0.692924 -0.825123 -0.22792 -18.606348 -0.818682 -25.358229 -0.99583 -21.732865 -0.732114 -19.767869 -0.006207 -0.240861 -0.223618 -0.123674 -0.05818 -0.163091 -0.017712 -0.178759 -0.021754 -0.13055 -0.045854 -0.136707 -0.723216 -18.494599
43.095803 316.194426 254.127928 1244.205385 206.242517 105.435002 185.218375 11.580382 158.402309 1.285035 147.309054 21.400344 -72.836927 329.484664 -170.872482 1517.926487 -129.068934 2076.807252 -113.212418 2435.786613 -89.381159 2201.49605 -85.080757 2143.547046 485.759785 -2096.404399 -0.016865 -0.12492 -0.01962 -1.583818 -0.253295 -4.498976 -0.961701 -4.363907 -1.125465 -3.943284 -0.919344 -3.980228 -0.003612 -0.029653 -0.045979 0.266973 -0.011734 0.006923 0.000799 -4.8e-05 -0.004141 0.000346 -0.0102 0.016502 -0.993072 -4.017511
44.59883 318.267921 236.126227 993.835173 169.835232 70.054931 139.176217 3.66208 121.23395 -0.078517 112.492353 9.914013 -75.196537 330.546509 -178.071053 1502.067693 -139.07786 2081.896235 -125.644735 2461.472584 -99.482873 2232.439817 -93.692764 2170.282 440.359274 -2258.997346 0.012881 0.003388 -0.330615 -14.048585 -1.766404 -3.603438 -3.284064 -2.218133 -2.481157 -1.998838 -2.343511 -2.182705 -0.018807 0.000854 -0.07426 -0.04164 -0.186863 0.003114 -0.323765 0.067362 -0.270347 0.107977 -0.207552 0.082846 -1.113489 -3.035964
43.883987 290.538381 232.141485 781.198461 115.341135 36.59458 86.898509 0.000447 77.244948 -2.874019 73.284602 2.788855 -75.165476 325.859472 -180.447663 1491.844153 -140.343037 2077.531345 -127.455663 2462.015552 -100.431095 2230.181199 -94.435718 2166.028425 353.832732 -2393.174963 -0.002888 -0.631832 -0.016954 -12.782224 -5.255032 -5.384892 -6.127407 -3.581639 -4.936033 -2.002464 -4.184474 -2.186453 3e-06 -0.016734 -0.007877 -0.017456 -0.002864 -0.00229 -0.006479 3e-05 -0.002249 -0.000572 -0.001467 -0.002086 -4.727567 -1.935373
43.391614 285.019512 226.939752 807.468481 86.736396 60.20544 60.336163 4.301452 52.995682 0.146861 50.853093 13.080192 -74.284721 322.580442 -182.241847 1469.217279 -140.691085 2053.013617 -127.837761 2449.75558 -100.745836 2214.647611 -94.736924 2147.705022 299.879729 -2178.725295 -0.001389 -0.02646 -0.029471 0.217214 -2.034792 2.923659 -2.415853 4.214234 -2.277374 4.320238 -2.043491 3.789518 0.002595 -0.008291 -0.004438 -0.086453 -0.000216 -0.072766 -0.000286 -0.015301 -0.000246 -0.027143 -0.00024 -0.038916 -2.230262 5.03226
42.575676 282.391769 232.611871 870.178184 83.998553 107.914049 57.147604 24.364574 48.29235 8.686072 47.606965 37.734664 -69.639555 316.764793 -179.230536 1417.773707 -133.636126 2050.426354 -119.728737 2452.967261 -92.726121 2216.971039 -87.946401 2146.414404 274.853628 -1948.119584 -0.003872 -0.006085 0.035006 1.17244 -0.021953 6.91139 -0.043277 8.191354 -0.109259 6.57404 -0.053525 6.381686 0.074981 -0.026451 0.012543 -0.458375 0.090732 -0.000816 0.132841 0.001052 0.166286 0.000609 0.126249 -0.000194 -0.545125 6.448095
40.027915 292.265757 224.094701 966.12295 82.000861 135.963435 54.731732 66.970431 43.852167 38.395693 43.254342 79.37613 -72.851426 323.518534 -173.626849 1455.594571 -131.534625 2057.10897 -118.0343 2443.869034 -92.080854 2187.394612 -87.381298 2119.530674 263.022675 -1646.181704 -0.0393 0.084836 -0.079426 2.508219 -0.012021 1.61841 -0.026087 10.546243 -0.107042 10.557376 -0.104314 7.653376 -0.036204 0.03562 0.044499 0.24892 0.008327 0.005436 0.006038 -0.008452 0.001127 -0.099308 0.000911 -0.084711 -0.130131 12.70454
41.198664 287.169386 237.877658 989.119678 94.278755 259.675531 64.421474 165.831044 52.526841 108.311031 52.871179 168.124332 -70.031062 325.040215 -166.970251 1453.670904 -133.342758 2039.044738 -121.762505 2422.317109 -95.722304 2161.705584 -89.816663 2092.659989 290.065791 -1302.263422 0.008438 -0.022413 0.205653 0.135244 0.428098 19.839141 0.394647 22.033579 0.39118 17.731112 0.482266 16.458831 0.027838 0.001785 0.065054 -0.000636 -0.006172 -0.039832 -0.028984 -0.047726 -0.035307 -0.07587 -0.016736 -0.085708 0.661529 20.126688
46.841587 283.049018 246.3579 1044.942205 113.658319 356.867207 84.167001 243.903661 71.422169 160.459012 70.805933 229.692167 -61.484692 330.626759 -150.979373 1430.929504 -121.945484 2043.308542 -111.320009 2436.014895 -86.345095 2176.327459 -80.587205 2101.623204 314.827177 -1154.904322 0.181027 -0.014887 0.074261 0.766137 0.905049 7.708831 1.317809 7.506915 1.448709 5.107524 1.307293 4.79313 0.277981 0.0238 0.402375 -0.089645 0.254541 0.002227 0.234038 0.01931 0.241642 0.024642 0.250128 0.009577 0.507018 4.422625
46.912555 310.521071 238.508715 1268.07343 122.586167 514.181716 98.694287 377.502243 83.4077 254.6517 81.329932 335.288405 -62.635512 355.121758 -152.764384 1475.286472 -116.366147 2095.104053 -100.643917 2505.513337 -75.290791 2225.313099 -73.027608 2144.719347 317.18927 -974.402096 2.7e-05 0.636082 -0.063537 10.787631 0.168755 14.323546 0.577968 14.531357 0.464603 10.82784 0.364435 9.955815 -0.005335 0.437621 -0.005245 0.338525 0.065321 0.324144 0.269035 0.488743 0.378446 0.272588 0.186122 0.218697 0.004414 7.66442
53.435273 338.715261 204.288744 1399.554701 142.957489 708.109649 131.816212 574.90651 116.875682 403.788051 109.25756 483.46749 -56.814297 382.792068 -142.134625 1517.085955 -110.633768 2123.966772 -94.69336 2510.476336 -71.443277 2212.226439 -69.410242 2135.675619 371.075427 -725.754611 0.212216 0.612479 -1.324262 3.242175 0.782551 15.482292 2.392047 20.682405 2.8161 17.112023 2.057283 13.520417 0.141929 0.518973 0.191639 0.291956 0.072391 0.098726 0.090657 0.002455 0.050452 -0.019297 0.045941 -0.009554 2.112691 18.280595
55.384658 346.564825 171.285442 1466.783859 156.191146 1037.405378 154.383871 980.663218 143.119309 727.962493 131.288713 792.329531 -58.15924 392.297079 -140.509377 1524.121658 -112.353948 2107.183792 -96.882904 2493.509249 -73.794003 2208.601505 -71.26162 2134.039878 422.450138 -400.599442 0.017462 0.044958 -1.452881 0.788529 0.292857 31.342622 0.891148 53.851155 1.327893 47.421154 1.011019 37.951199 -0.007867 0.058283 0.004673 0.008138 -0.006635 -0.033285 -0.012513 -0.028765 -0.019025 -0.001486 -0.012183 -0.000313 1.664806 47.953585
58.66494 356.741783 141.765988 1471.66815 157.618526 1306.438523 166.176972 1342.310769 159.403039 1076.540662 142.920575 1114.235064 -60.80278 393.247946 -138.440126 1525.155122 -113.827221 2100.596189 -99.874202 2474.551031 -76.999139 2189.158039 -73.785657 2112.076717 457.977418 -195.377777 0.047183 0.073635 -1.394889 0.004059 0.003246 15.491394 0.217001 28.323863 0.438566 33.987723 0.246821 27.371847 -0.029376 0.000575 0.007675 0.000175 -0.004798 -0.005157 -0.02274 -0.036173 -0.034067 -0.042982 -0.021963 -0.056803 0.717096 36.44803
59.704182 359.880263 130.607597 1430.492802 152.329672 1421.353849 160.037908 1516.740755 151.636596 1256.394204 135.103438 1275.487488 -60.451826 392.971054 -138.744241 1517.253811 -113.933381 2092.286046 -100.958212 2466.52056 -77.88822 2182.464445 -73.808648 2107.519388 446.878945 -127.040007 0.004562 0.006873 -0.22866 -0.292109 -0.045127 2.421628 -0.057771 5.325925 -0.096976 6.943079 -0.109918 5.44666 0.000508 -4.9e-05 -0.000167 -0.01026 -2.5e-05 -0.008235 -0.002926 -0.006526 -0.002552 -0.005124 -2e-06 -0.002461 -0.068066 7.325454
59.626603 367.43033 114.194698 1382.094498 139.47952 1518.306892 145.60513 1661.586425 136.053905 1429.246188 120.688208 1425.264546 -60.607732 395.372003 -137.889933 1506.014146 -113.948714 2097.486076 -102.06698 2473.124763 -78.540444 2184.46894 -73.979113 2102.438656 421.337999 -79.797243 -2.5e-05 0.039189 -0.550825 -0.416444 -0.283073 1.599241 -0.340955 3.302236 -0.422326 5.568284 -0.406511 4.156332 -0.0001 0.003656 0.001319 -0.020893 -1e-06 0.003227 -0.003028 0.004415 -0.00136 0.00046 -9.8e-05 -0.003066 -0.375759 5.467518
59.039113 377.023354 103.414914 1431.847992 132.241591 1605.58725 142.40009 1732.591173 133.963343 1484.52148 118.641524 1483.956586 -62.908514 395.592002 -139.48839 1513.688358 -117.054888 2111.02442 -104.436647 2491.864932 -82.259819 2196.154605 -77.616706 2107.601478 426.173636 -69.449875 -0.001454 0.06181 -0.267164 0.439882 -0.096417 1.219527 -0.017834 0.742776 -0.008093 0.524344 -0.008752 0.592101 -0.021431 3.1e-05 -0.004606 0.009752 -0.020884 0.021776 -0.013597 0.035367 -0.043021 0.015586 -0.043649 0.003166 0.013795 0.359126
57.349059 376.447215 101.623239 1408.285191 121.043374 1547.03689 130.783061 1689.546722 122.250095 1457.327345 107.420506 1455.488488 -65.221106 391.972198 -140.17976 1497.042076 -120.632294 2115.869843 -111.073436 2498.390934 -86.472973 2204.993258 -80.599673 2112.781042 414.357008 -77.130527 -0.012271 -0.00022 -0.007828 -0.097745 -0.247668 -0.543744 -0.247117 -0.270722 -0.267886 -0.125693 -0.27866 -0.137858 -0.020872 -0.008319 -0.000855 -0.046019 -0.026923 0.002777 -0.102217 0.004267 -0.052608 0.008875 -0.028123 0.003178 -0.083066 -0.201367
54.860966 370.198275 104.804516 1351.321219 119.457772 1508.198273 127.344253 1658.657331 117.809572 1424.495294 103.862545 1422.024476 -65.591945 382.16982 -143.706477 1434.627122 -126.862575 2088.403809 -119.195833 2479.863645 -91.823995 2200.216207 -85.272962 2100.555212 417.65035 -83.978451 -0.027588 -0.02615 0.024515 -0.58799 -0.005227 -0.246871 -0.022907 -0.142491 -0.041073 -0.187031 -0.02996 -0.194591 -0.000526 -0.062063 -0.021907 -0.664479 -0.078431 -0.089717 -0.143297 -0.034476 -0.080315 -0.00259 -0.065846 -0.017738 0.006518 -0.145601
54.506633 372.336456 101.85747 1395.449557 121.517433 1520.484456 131.240979 1657.746538 124.414618 1419.546707 109.229089 1422.648837 -65.421314 376.510534 -142.233488 1416.234413 -125.386975 2092.417324 -117.720697 2490.363038 -90.367305 2216.530866 -83.898395 2114.783298 426.848081 -88.419702 -0.000574 0.003079 -0.021014 0.354496 0.008802 0.02492 0.029362 -0.000125 0.090071 -0.004305 0.067587 6.9e-05 0.000111 -0.021108 0.003794 -0.059332 0.004316 0.001926 0.004592 0.01109 0.005823 0.030132 0.005584 0.024012 0.050089 -0.057216
55.416024 375.076436 108.528407 1411.463449 126.276564 1526.103596 134.837184 1662.623313 125.991259 1419.818564 110.871317 1425.182864 -66.535919 373.907292 -146.094834 1409.810425 -124.834019 2102.716066 -115.936138 2504.281743 -88.548995 2229.413805 -82.441993 2127.790351 425.787969 -90.938898 0.003762 0.005022 0.105788 0.045681 0.045706 0.005182 0.024304 0.003581 0.004964 1.3e-05 0.006127 0.001127 -0.004707 -0.004515 -0.025857 -0.007301 0.000611 0.012641 0.006815 0.019394 0.00924 0.018665 0.006376 0.019939 -0.000659 -0.017693
55.01661 371.416861 108.981422 1412.530684 127.577557 1506.77988 136.615961 1632.496051 127.506877 1376.963713 112.3343 1389.675689 -66.589216 375.325356 -145.181022 1419.527282 -124.186883 2103.978718 -115.197981 2509.542255 -87.982011 2234.259621 -81.903789 2132.026323 427.321951 -103.235635 -0.000722 -0.00897 0.000472 0.000202 0.003334 -0.06156 0.005828 -0.13773 0.004531 -0.32835 0.004795 -0.223956 -1.1e-05 0.001342 0.001433 0.016685 0.000841 0.000189 0.001179 0.00276 0.000911 0.00263 0.000881 0.002106 0.001379 -0.389757
54.520276 367.999244 113.150592 1376.141387 128.006095 1480.714544 135.58877 1612.286964 126.449698 1357.941237 111.350071 1368.338393 -66.964749 372.800679 -146.128913 1411.2683 -124.60377 2076.052052 -115.024421 2479.311144 -87.937458 2204.270507 -82.104633 2106.506116 425.286801 -101.997982 -0.001125 -0.007898 0.039129 -0.237432 0.000359 -0.11371 -0.001938 -0.062934 -0.0022 -0.066156 -0.002165 -0.082539 -0.000528 -0.00426 -0.001542 -0.012048 -0.000349 -0.09329 6.5e-05 -0.091597 6e-06 -0.101313 -0.000123 -0.076829 -0.002429 0.003732
57.174237 375.745048 132.592216 1387.376132 149.435446 1482.346883 152.878005 1628.071318 141.863587 1360.883652 125.831543 1366.286238 -69.268292 374.642927 -147.626665 1413.445826 -120.087714 2052.293269 -100.900487 2438.110677 -74.455015 2196.249995 -72.63979 2109.442223 421.866217 -99.480852 0.031535 0.040336 0.770257 0.022837 0.828831 0.00045 0.518581 0.038444 0.443109 0.001592 0.442507 -0.00077 -0.019477 0.00227 -0.003818 0.000839 0.041678 -0.068367 0.462428 -0.172601 0.56065 -0.007309 0.289727 0.001022 -0.006906 0.015724
59.062931 375.105584 142.777883 1360.564401 162.860458 1475.538543 168.850085 1622.550737 155.4246 1367.306503 139.044122 1371.470835 -65.956574 375.648349 -155.876949 1408.354645 -101.73485 2005.317757 -75.033037 2412.866773 -51.443447 2096.250345 -53.632219 2021.640077 385.704029 -77.57591 0.015345 -0.000272 0.188443 -0.130805 0.288691 -0.007836 0.396709 -0.004688 0.309459 0.007561 0.329741 0.004909 0.040559 0.000674 -0.112156 -0.004593 0.760531 -0.27193 1.912031 -0.065684 2.120877 -1.164972 1.43879 -0.93318 -0.81006 1.360232
62.716109 372.537929 165.455421 1201.364742 185.746998 1404.754172 193.5063 1603.719868 171.45484 1353.248089 155.258936 1350.049593 -60.665053 370.71269 -156.832134 1391.143017 -83.271286 1806.788699 -54.9489 2151.53414 -37.20726 1798.79046 -39.950571 1746.263335 368.403953 -31.647706 0.054807 -0.004409 0.835355 -4.951161 0.752077 -0.869909 0.839828 -0.054956 0.3933 -0.036324 0.447022 -0.084305 0.110615 -0.01632 -0.001459 -0.05291 0.923635 -5.173065 1.561022 -7.48738 1.150542 -11.374948 1.005519 -10.076411 -0.198468 10.125692
64.582989 358.13862 179.09028 1065.543709 204.627355 1327.19222 217.069415 1523.128903 191.09295 1319.031952 173.277367 1310.165797 -57.907869 357.519057 -169.300147 1357.250323 -67.832775 1405.726459 -35.677397 1575.915844 -26.620966 1258.717691 -30.98677 1257.175717 360.361437 0.705714 0.01369 -0.141896 0.269895 -4.072493 0.456839 -1.101242 0.676706 -1.038743 0.532259 -0.219062 0.494479 -0.299 0.032061 -0.119527 -0.238413 -0.208987 0.790756 -25.133361 2.072726 -44.713643 0.884022 -48.076727 0.568622 -40.08969 -0.044379 41.805241
63.845714 345.712777 191.869407 971.107931 203.652595 1208.695306 216.085575 1386.649914 190.132771 1220.19399 173.232177 1219.849225 -59.885041 334.871887 -215.170238 1269.011652 -59.468196 1082.613732 -22.612002 1155.114993 -15.751863 889.260373 -21.947546 926.461863 315.336823 26.12034 -0.002116 -0.109692 0.220178 -2.190584 -0.001164 -2.770074 -0.001117 -3.202438 -0.001209 -1.924336 -3e-06 -1.612576 -0.016595 -0.370478 -2.746124 -1.482766 0.275103 -21.067391 1.483154 -32.613509 1.417741 -32.012314 0.777493 -25.188732 -1.501758 18.239206
71.184808 354.826578 263.74711 1064.861574 185.550381 1136.20818 159.952714 1242.473778 128.832781 1064.158367 127.147924 1102.097046 -58.863516 321.310653 -265.864285 1070.991775 -50.83129 760.037378 -14.567153 754.518631 -8.830982 587.055369 -15.113733 660.480346 205.123974 70.429269 0.199592 0.059286 5.705408 2.15976 -0.421204 -1.120652 -4.2132 -3.956149 -5.945849 -5.335338 -3.556169 -2.987688 0.004394 -0.140149 -2.678666 -8.393647 0.338673 -28.454977 0.880808 -42.490584 0.994338 -31.262004 0.6355 -22.44887 -11.803182 10.767642
66.382371 362.937894 311.045985 1027.614703 90.188005 850.964566 47.81702 815.854944 36.985919 713.846246 45.599757 794.655033 -62.611362 319.211866 -335.477519 818.627259 -36.631169 526.266339 -5.151728 483.79034 -2.809792 406.834919 -8.409541 486.463781 60.184213 42.873057 -0.083852 0.045834 1.949383 -0.33153 -17.015224 -20.578837 -32.858761 -44.696805 -27.760759 -34.851773 -20.459606 -25.082274 -0.05783 -0.003439 -4.042915 -16.927857 1.160441 -21.420974 2.393061 -29.956663 1.678199 -16.4761 0.975586 -13.277921 -43.090051 -3.402043
70.881386 364.708911 335.313017 966.736835 37.4842 604.175391 7.767369 509.927297 4.697949 462.147693 9.956877 560.592798 -61.746887 325.746937 -340.63428 737.25281 -22.919716 403.45186 -0.754633 312.148268 -0.099675 275.818283 -2.539728 366.313728 6.166228 23.910563 0.073751 0.002155 0.455704 -0.929369 -11.385917 -21.080196 -17.040262 -35.779595 -15.320412 -27.251329 -12.940619 -20.365232 0.003005 0.033109 -0.019666 -2.129449 1.60001 -8.147511 1.96293 -18.727397 1.851041 -12.69049 1.706338 -8.506554 -27.822032 -2.748663
67.800085 344.552196 302.635126 922.223405 20.487574 456.079436 1.55022 352.799526 0.61606 315.78269 2.811941 405.674389 -61.879225 302.443536 -339.788294 647.737247 -22.877816 333.156726 -1.748239 249.617657 -0.156348 228.16247 -2.306946 310.924266 1.393115 7.103438 -0.034235 -0.286478 -0.837487 -0.524553 -2.54758 -10.393938 -2.377522 -14.429449 -1.911529 -13.893102 -2.186163 -12.499624 -7.1e-05 -0.432381 0.000526 -2.895841 1.9e-05 -3.361831 -0.205675 -3.491013 -0.006351 -2.258197 0.005593 -2.268878 -1.697512 -4.948913
68.002686 324.599723 283.211092 793.04266 5.663585 351.993574 -1.606077 261.347122 -2.736374 240.051505 -0.283238 320.036437 -61.299938 275.760525 -333.584532 523.702797 -20.526226 234.654281 -1.301561 166.216391 -0.105631 162.68449 -1.887541 231.580407 -1.766745 7.501094 0.000151 -0.297533 -0.322095 -4.871371 -4.607425 -6.731558 -6.312101 -6.847246 -5.949178 -5.183271 -4.880058 -5.070594 0.001362 -0.616013 0.028578 -6.585018 0.06375 -8.609247 0.032888 -8.449482 0.004956 -5.523745 0.021021 -5.83357 -6.297553 0.005415
60.973472 309.663702 267.495739 788.759152 1.977185 392.765606 -5.876564 308.313592 -7.99537 287.088031 -2.66778 369.349767 -67.385806 260.203351 -339.497747 440.967992 -25.300782 176.097398 -3.360099 115.831936 -1.174184 121.67373 -4.079515 183.200471 -3.041575 34.964642 -0.191689 -0.175886 -0.224278 -0.0058 -0.9481 1.116875 -1.338306 1.939409 -1.376891 2.102722 -1.212494 1.766008 -0.143988 -0.225833 -0.025975 -3.554416 -0.249401 -4.195369 -0.479138 -4.536768 -0.575456 -2.972871 -0.41719 -2.831174 -0.172077 10.076042
46.054781 257.843314 266.948153 643.184176 3.068725 386.437756 -4.036577 321.73624 -5.802631 308.807256 -1.437682 388.822807 -81.399933 198.170035 -367.892514 280.98144 -36.865163 79.034802 -8.34304 36.49144 -4.659902 46.659456 -9.524743 91.851242 -0.062592 115.393568 -1.04486 -2.370873 -0.000281 -7.418979 0.119476 -0.025694 0.172257 0.142995 0.175346 0.395943 0.188617 0.250116 -0.661466 -4.216994 -0.570115 -17.94994 -1.085098 -19.184553 -1.113816 -22.294546 -1.155803 -17.638394 -1.137289 -15.612388 2.231518 23.319715
48.630853 268.438323 302.003047 637.866011 10.753799 439.068844 -0.073029 376.591497 -0.779865 357.919597 0.115926 440.842898 -79.550645 208.669803 -370.233827 259.023667 -37.662129 56.647358 -8.329841 22.124252 -4.716739 29.88469 -9.818334 68.957924 1.660763 180.958293 0.03505 0.106659 1.080949 -0.011039 2.33332 1.679485 3.023721 2.157837 2.327961 1.811314 2.370102 1.632437 0.010624 0.135512 -0.003713 -0.44661 -0.004261 -1.8597 5e-06 -1.788029 -0.000172 -1.860724 -0.002228 -1.637925 2.368184 7.343743
46.757834 272.084184 309.518974 633.639093 10.432396 563.883355 -0.089083 552.348822 -0.733104 544.712693 0.062467 630.049881 -82.669669 205.9095 -377.815744 232.508067 -40.898429 44.484304 -10.101411 13.499572 -5.843393 19.941325 -11.519673 54.540038 2.437022 356.209371 -0.018391 0.012296 0.046189 -0.007026 -0.002438 7.796708 -0.000797 16.778338 0.000723 19.539209 -0.008198 16.84721 -0.029988 -0.009189 -0.038425 -0.715711 -0.066688 -0.734086 -0.085337 -1.0598 -0.060273 -1.002237 -0.067934 -0.844502 0.074196 29.391966
45.725866 263.345641 324.898114 638.019794 13.94664 686.360174 0.044147 687.194295 -0.459082 681.489312 0.436961 768.315699 -86.317128 195.666149 -401.770496 234.129754 -45.67864 33.821115 -11.639096 6.692752 -7.573324 11.239589 -14.010977 40.8447 4.303183 517.689934 -0.005758 -0.071314 0.186433 0.007545 0.254619 6.013522 0.258653 7.356509 0.031919 7.652247 0.169 6.852426 -0.039368 -0.130664 -0.368122 0.002818 -0.132066 -0.729424 -0.054448 -1.181876 -0.111995 -1.238817 -0.121843 -0.988308 0.263492 15.048897
46.645045 273.745627 325.705252 644.51223 21.303011 723.155003 1.553294 746.135421 0.04049 748.064046 2.24184 820.308781 -87.739536 206.58557 -427.204783 245.466575 -54.369555 41.14015 -15.494924 10.738304 -11.001945 15.49828 -19.165578 46.088806 12.377311 548.214181 0.004573 0.1007 0.000501 0.016433 0.776158 0.480339 1.07371 1.212396 0.772251 1.551044 0.699309 0.851052 -0.005812 0.148235 -0.390274 0.13401 -0.378193 0.358162 -0.27536 0.475962 -0.319169 0.341331 -0.402878 0.158315 2.084353 0.43715
49.589172 276.618851 343.458404 606.052664 33.211451 668.734804 6.655395 681.980941 1.914298 677.194848 6.957237 753.173248 -84.970615 212.284575 -424.589518 237.569149 -52.569746 38.774175 -14.633885 10.053161 -10.383746 13.129194 -18.089327 42.15722 21.214903 501.739603 0.045046 0.0075 0.23554 -0.591528 1.316571 -1.064269 1.778204 -1.441716 1.397974 -1.763031 1.300466 -1.432884 0.022197 0.038771 0.004015 -0.064564 0.015147 -0.035032 0.012306 -0.011292 0.008937 -0.098196 0.015549 -0.087625 1.18336 -1.029067
50.147933 320.37017 371.992128 633.356603 46.667885 651.592908 13.207254 624.207361 6.091092 612.550415 14.203956 706.818995 -83.244147 250.063379 -424.568025 254.250706 -52.966266 49.848191 -14.370698 17.0457 -9.955335 21.191738 -17.933251 56.980919 31.620619 405.8737 0.001565 1.605352 0.56922 0.300787 1.14159 -0.111282 1.111703 -1.278308 1.175993 -1.621068 1.279514 -0.736051 0.00886 1.546052 0.0 0.282984 -0.000745 0.694612 0.001194 0.91771 0.004512 0.96045 0.000338 1.114527 1.034813 -5.077079
44.87363 315.082213 365.870265 553.153614 47.760446 508.973789 14.654801 483.263323 7.335863 497.538145 15.120036 590.695983 -85.784562 240.367997 -421.962081 224.96524 -50.979709 49.152524 -13.744129 18.435587 -8.740209 24.997002 -16.365599 62.630323 32.090686 299.492891 -0.146492 -0.022002 -0.025396 -2.713792 0.006321 -8.796388 0.037628 -9.005348 0.057824 -5.974078 0.014313 -5.206747 -0.019092 -0.095844 0.004011 -0.895672 0.018985 -0.002444 0.006983 0.027233 0.039531 0.157015 0.035844 0.133489 0.001734 -8.068125
45.010047 295.761392 363.56111 530.657233 35.538329 385.953699 7.180199 335.917791 2.810502 346.770801 8.57921 433.67132 -85.779317 224.294748 -420.082793 208.412698 -50.38873 42.151744 -13.671283 16.804643 -8.597918 26.315192 -16.121219 62.455936 21.239893 182.0327 0.000104 -0.305633 -0.003655 -0.233501 -0.901531 -8.495727 -1.319212 -13.36042 -1.065075 -13.570236 -0.920487 -12.106651 0.0 -0.27808 0.002097 -0.316221 0.001723 -0.268789 9.7e-05 -0.037761 0.000584 0.016935 0.000919 -0.000122 -1.115534 -14.545936
48.241002 277.950476 329.847425 509.044322 23.830392 272.360871 2.193475 215.682764 0.619212 222.754248 3.381044 296.488301 -85.602865 221.16578 -422.257821 215.99836 -50.424319 45.378753 -13.825124 20.6046 -8.335536 32.371261 -15.579693 69.700127 13.498521 85.292227 0.05599 -0.276537 -0.820069 -0.224665 -1.165892 -9.874332 -1.436525 -13.263569 -0.791307 -13.666545 -1.188683 -13.00281 9.1e-05 -0.010989 -0.002808 0.067796 -6e-06 0.059506 -0.00043 0.193496 0.002033 0.31331 0.004626 0.198696 -0.873557 -18.118391
46.506455 243.807232 295.716958 502.225971 12.458134 231.528527 0.016367 158.44162 -0.177509 168.821894 0.309389 240.34471 -86.879007 184.353928 -408.382341 209.479207 -44.0234 41.057079 -12.003085 17.921491 -6.509569 29.692413 -12.656232 65.61198 4.537187 56.913044 -0.015879 -1.118346 -0.931764 -0.022986 -1.827985 -1.657136 -1.830896 -4.404887 -1.459793 -3.731874 -1.644893 -2.943904 -0.004721 -1.674291 0.1159 -0.049946 0.217151 -0.108107 0.064348 -0.093545 0.112726 -0.05784 0.151751 -0.061771 -2.383831 -2.860515
38.294728 231.888544 278.353526 504.076102 9.035208 290.975668 -0.242731 228.852915 -0.954786 234.092636 0.016153 310.181855 -93.262628 161.667282 -412.546444 205.587691 -43.524307 42.263674 -10.367983 19.379648 -5.778434 30.0992 -12.069256 66.087242 2.035489 96.310913 -0.398528 -0.149336 -0.262649 0.001701 -0.27431 3.39277 -0.385156 6.454271 -0.308928 5.321964 -0.184155 4.447567 -0.113143 -0.744518 -0.010561 -0.018243 0.001423 0.008737 0.059835 0.028512 0.021771 0.001384 0.006968 0.000858 -0.494718 5.151715
36.087496 215.412887 257.946308 475.343998 2.695002 301.401275 -4.23427 246.603962 -6.406041 249.207004 -1.619323 324.81072 -96.700238 151.447912 -411.359053 189.662741 -43.840366 33.655816 -10.634257 12.002517 -5.987722 19.960134 -12.292216 51.822123 -0.007062 128.111047 -0.032756 -0.303531 -0.388407 -0.421531 -1.861086 0.09175 -2.449404 0.331481 -2.414556 0.236396 -1.95894 0.168531 -0.031106 -0.166813 0.000856 -0.320945 -0.000572 -0.489564 -0.001688 -0.879408 -0.001861 -1.03754 -0.00102 -0.866105 -2.282333 2.264431
38.87289 210.892845 259.051152 510.421454 1.368253 310.891791 -7.080962 254.384731 -9.677572 249.343412 -3.339688 320.041982 -97.428052 148.427272 -410.952237 250.357919 -40.969932 39.574269 -8.208729 13.42111 -4.851343 19.348305 -10.672057 50.761069 -0.825015 129.776313 0.051768 -0.023963 0.001181 0.624295 -0.222711 0.073556 -0.363939 0.060425 -0.336242 1.9e-05 -0.307975 -0.017633 -0.001364 -0.015214 0.000101 4.206162 0.048589 0.239556 0.156763 0.039608 0.059734 -0.004762 0.057223 -0.005488 -0.67942 0.005377
38.18942 220.9134 240.854226 680.226348 0.546984 411.546151 -9.78001 350.732121 -11.678701 321.314767 -4.518872 390.12515 -100.19332 157.450387 -406.598474 286.767218 -43.433164 38.155154 -9.751642 13.203561 -6.261452 16.56517 -12.391932 45.765635 -0.837448 191.967173 -0.003031 0.116285 -0.331301 12.170612 -0.18502 7.046245 -0.217429 7.719509 -0.093962 4.556703 -0.088972 3.466555 -0.019348 0.133116 0.011593 1.235432 -0.035951 -0.012956 -0.066396 -0.000889 -0.089828 -0.108003 -0.064215 -0.129348 -4.6e-05 6.067754
38.258405 226.10528 233.404251 816.119363 1.957472 507.225157 -5.408473 435.578799 -7.220905 384.818045 -2.235865 460.806509 -106.836094 160.647371 -397.287073 353.920863 -43.814244 40.130025 -10.459636 11.32247 -6.931964 13.526522 -12.615573 42.57836 -0.00295 254.049734 3.1e-05 0.030151 -0.058518 6.183446 0.434958 4.995491 0.642704 4.591083 0.533247 2.861256 0.397509 2.940601 -0.106598 0.016066 0.053929 3.52907 -0.000832 0.024914 -0.012404 -0.072244 -0.017049 -0.153814 -0.001 -0.057514 0.740994 4.341872
42.543557 270.124517 237.163623 989.763608 2.532182 654.097548 -4.165742 588.327942 -6.029406 508.871866 -1.41523 587.976825 -102.670406 195.3053 -374.299841 470.350314 -44.45962 55.673095 -12.616737 17.56465 -8.588326 19.193718 -12.979973 53.680595 0.22572 330.407868 0.113707 1.956271 0.015017 8.367747 0.036936 9.324907 0.080996 11.457871 0.05368 8.651885 0.09342 7.738574 0.041418 1.691282 0.342496 8.264341 -0.002359 1.26926 -0.10104 0.682495 -0.088639 0.494521 -0.002594 0.642394 0.280276 5.009482
58.807875 313.881823 264.061706 1089.436696 8.97952 693.497666 -0.654055 620.788674 -1.227815 527.497477 0.006458 613.871948 -88.619119 255.069239 -363.008981 620.314279 -44.193224 104.197002 -12.806828 35.379693 -8.434848 29.762008 -12.313081 73.967041 3.22638 306.66512 1.313516 1.641589 0.722258 2.390448 1.974873 0.576101 1.51851 0.43581 1.815532 0.167383 1.61289 0.279002 0.516771 3.982898 0.086457 10.359051 0.0004 7.541904 -0.000711 3.08727 0.000692 1.154321 0.008793 1.622325 1.74534 -0.442582
75.52407 342.909346 298.905425 1146.56657 27.987775 756.762921 3.042947 695.228498 1.768655 573.682592 5.601005 659.716874 -68.128427 286.79326 -339.036641 671.625911 -55.770402 234.890318 -20.272149 154.303119 -12.889039 121.326996 -17.973458 182.588532 24.20678 167.361275 1.044135 0.641763 1.079326 0.729953 5.261347 1.380579 6.51853 2.107012 5.943727 0.968962 5.227086 0.825399 1.345086 0.929458 0.409404 1.019367 -0.672662 26.198414 -0.853402 41.910055 -0.47039 30.906892 -0.533647 24.128953 9.758288 -20.930972
73.667127 359.466761 306.288637 1128.209877 51.882533 750.788194 17.785241 693.464782 12.149755 578.021126 18.096629 666.724058 -69.345205 316.487657 -362.898379 798.644026 -75.974927 365.885885 -33.152498 292.43947 -21.935875 227.971099 -29.327503 301.576024 66.736235 79.983653 -0.011557 0.195185 0.045038 -0.074067 3.658061 -0.01184 6.11499 -0.00112 4.647224 0.008172 3.562162 0.018509 -0.005385 0.731245 -0.405698 5.496888 -1.558506 14.455295 -1.575929 21.892863 -1.19562 16.6779 -1.382919 14.848784 10.557211 -15.947727
74.104975 370.033953 330.081075 1121.90684 79.135726 681.627959 37.522162 624.014379 27.742798 495.328424 35.287025 585.841302 -65.350946 322.595965 -382.463862 835.311833 -91.055855 484.802188 -43.327051 446.329496 -28.531686 349.63998 -38.124583 426.323767 112.543439 12.654472 0.000649 0.07654 0.444929 -0.008828 2.86582 -1.670579 3.641527 -1.831799 3.173719 -3.190135 2.843523 -2.614177 0.059236 0.029192 -0.256838 0.411485 -0.682209 8.352564 -0.679814 16.205858 -0.432873 12.959645 -0.576117 10.769324 5.950791 -29.009487
78.686252 370.538215 350.333225 1116.674967 107.326503 588.382231 63.432323 503.045061 46.320109 398.480347 53.030704 493.320261 -60.679584 325.396867 -381.183864 871.094217 -87.944166 570.99381 -39.891784 553.142469 -24.555714 436.797071 -34.388492 517.725399 138.327238 -0.879315 0.068698 0.000172 0.301464 -0.006114 2.143367 -3.427734 3.381581 -6.510733 2.367735 -5.262447 1.800776 -3.973423 0.086603 0.006053 0.001073 0.37521 0.027048 3.524078 0.070934 5.72391 0.149099 4.844525 0.096311 4.435113 1.328512 -20.2053
76.99825 372.961182 350.226021 1088.00189 119.379609 470.624531 76.910721 347.75841 56.056226 286.719427 61.769183 384.708494 -59.596276 323.217294 -377.383723 865.89506 -81.754652 618.679936 -36.121269 610.283363 -20.74568 498.82435 -30.276141 578.244125 145.005264 -29.177115 -0.009151 0.003948 -8e-06 -0.186463 0.320636 -6.567478 0.648725 -14.291306 0.46401 -9.175938 0.333066 -6.74351 0.004879 -0.003662 0.009519 -0.007781 0.112914 0.956094 0.093573 1.404066 0.160504 2.058322 0.130895 1.672178 0.07871 -19.926103
76.813577 352.748308 350.750149 984.683403 119.146252 355.888327 77.708209 225.241079 57.645095 195.238459 62.87708 287.550509 -58.796357 321.422153 -375.431831 865.331 -70.482652 644.386868 -27.686881 630.337843 -15.531618 532.170728 -24.049995 615.745355 133.020563 -82.73813 -0.000111 -0.281545 0.000196 -2.576693 -0.000114 -8.00256 0.002057 -13.251405 0.011102 -8.761694 0.004924 -7.057911 0.002702 -0.002499 0.00253 -9.2e-05 0.417876 0.261631 0.5599 0.1621 0.376659 0.539417 0.357959 0.589071 -0.258429 -13.649077
72.309911 332.515423 360.376599 841.898597 96.948976 252.052663 57.673608 136.476418 41.452091 125.502033 46.406312 204.947943 -62.019309 308.602675 -385.126439 846.851418 -71.597322 571.036966 -27.933565 527.53444 -15.39261 449.503425 -24.331075 538.995327 107.364235 -99.974539 -0.068023 -0.29876 0.065159 -5.589331 -1.143074 -8.933142 -1.490625 -11.060424 -1.331963 -7.672937 -1.248335 -6.976525 -0.042996 -0.130436 -0.06179 -0.099728 -0.004373 -2.215324 -0.000547 -4.572806 0.000312 -3.486922 -0.000817 -2.553425 -1.373074 -0.814825
70.775291 313.193742 355.457402 739.82176 79.809968 185.2922 41.64519 86.01614 29.340835 84.099809 34.982443 151.933708 -61.831784 298.587601 -388.351294 817.137258 -61.671596 506.781861 -21.938276 458.226314 -10.963841 399.038155 -19.168214 488.669209 76.176016 -116.755472 -0.00823 -0.289148 -0.016903 -3.297218 -0.832884 -5.125509 -1.301894 -5.797614 -1.04369 -4.129732 -0.805725 -3.959558 0.000142 -0.082601 -0.006723 -0.265327 0.370143 -1.917017 0.36167 -2.439521 0.374755 -1.501989 0.307472 -1.233009 -2.669251 -0.650632
67.253519 314.68463 348.794788 693.179927 71.643578 176.291396 34.800172 84.467751 24.498358 85.678268 30.684747 152.875278 -65.172882 310.430802 -399.660993 810.262491 -62.649051 496.836541 -22.713642 410.992233 -12.235837 389.767514 -20.658652 474.158079 71.361231 -109.961962 -0.044936 0.00177 -0.031517 -0.759258 -0.220327 -0.112045 -0.307073 -0.007032 -0.218217 0.007338 -0.140786 0.001454 -0.043955 0.115165 -0.081164 -0.014521 -0.003843 -0.049278 -0.006732 -1.284319 -0.034897 -0.05448 -0.027898 -0.109358 -0.078585 0.101805
68.958444 305.563506 362.078131 636.036637 65.79804 170.887481 28.84439 84.823678 19.407866 88.408409 25.869112 155.366162 -61.938457 316.079069 -377.455632 796.138614 -55.902905 434.954234 -20.033525 329.957906 -10.714567 316.61221 -17.851185 416.12296 58.963158 -70.409312 0.01067 -0.067069 0.124117 -1.228869 -0.124365 -0.042059 -0.27928 0.000374 -0.296095 0.021409 -0.205402 0.010065 0.041158 0.025461 0.317313 -0.062092 0.192099 -2.057142 0.0841 -4.444507 0.050474 -3.798329 0.102472 -1.893593 -0.59107 4.39007
68.908907 272.107338 367.680129 607.070041 53.431265 155.975529 18.957369 72.289715 12.31536 72.498912 18.132602 135.343152 -61.270495 295.706759 -352.608556 784.146629 -50.449887 348.406564 -17.976718 226.113929 -10.446551 205.047962 -15.906099 296.115555 45.446977 -33.696476 -9e-06 -0.969631 0.021502 -0.337532 -0.643091 -0.340329 -1.033661 -0.500756 -0.803015 -0.788447 -0.685467 -0.690376 0.001811 -0.33929 0.422946 -0.045501 0.139888 -4.795682 0.05569 -9.782247 0.001697 -12.069401 0.056084 -10.183015 -0.87855 6.688219
70.177536 270.243163 369.770404 585.080968 50.493079 179.350491 16.733189 91.614727 10.6012 84.288331 17.029462 150.576099 -58.064549 293.866685 -331.001427 811.020393 -56.752359 310.94844 -21.450115 194.789025 -12.073585 170.480565 -18.898063 252.466126 45.301715 -15.023011 0.005786 -0.003204 0.002962 -0.20281 -0.041543 0.815705 -0.069371 1.143237 -0.0642 0.443874 -0.017309 0.406072 0.043072 -0.002871 0.341558 0.226387 -0.185423 -1.064863 -0.153297 -1.167267 -0.058852 -1.594349 -0.128842 -1.739301 -0.000116 3.720708
69.25852 260.402366 363.467241 571.321299 49.034585 174.003375 16.867754 90.44764 10.517682 84.236928 16.40734 148.340907 -58.376677 289.267675 -322.589756 815.747605 -60.355749 285.152608 -28.792171 168.351472 -18.685724 144.75771 -23.281162 222.999043 57.241275 -8.142246 -0.003029 -0.091256 -0.027093 -0.081864 -0.010687 -0.04046 0.000269 -0.003741 -0.000165 -8e-06 -0.005788 -0.008357 -0.000418 -0.018136 0.054131 0.006868 -0.055451 -0.558409 -0.539353 -0.963639 -0.719091 -1.051221 -0.228355 -0.913994 0.697461 1.045488
67.958063 245.501969 359.942569 564.713359 49.82 158.573619 18.219 78.509863 11.694411 72.761253 17.052616 133.906917 -59.002343 272.722443 -319.154362 816.721064 -60.376727 263.38056 -28.337743 147.508788 -18.62826 126.354339 -22.914409 202.078722 59.841922 -7.348024 -0.006163 -0.219478 -0.008587 -0.019218 0.00312 -0.358121 0.026029 -0.422263 0.031192 -0.419965 0.006223 -0.369315 -0.001668 -0.243602 0.009195 0.00029 -2e-06 -0.432252 0.001807 -0.688424 4.4e-05 -0.625341 0.001456 -0.515112 0.028886 0.020374
69.816743 248.714715 357.349517 578.476485 49.260856 152.819053 17.993932 68.433793 11.526815 61.829722 16.688088 120.72357 -57.853544 277.34965 -326.261089 809.783257 -62.854773 264.844311 -32.299152 157.873505 -20.463731 137.579485 -24.376402 213.685935 62.707424 -14.947815 0.012538 0.010443 -0.004687 0.082852 -0.001578 -0.053177 -0.000699 -0.34587 -0.000605 -0.444666 -0.001969 -0.341509 0.005647 0.019462 -0.039128 -0.014797 -0.024918 0.002028 -0.129538 0.175941 -0.043114 0.238812 -0.022604 0.162055 0.033506 -1.335218
67.249266 251.150708 348.003878 597.74929 48.750262 136.487002 18.508367 48.174601 11.685057 43.990997 16.376451 98.146932 -60.081003 276.823451 -319.569035 810.44294 -65.144206 259.503054 -34.067605 150.929611 -21.882978 131.464599 -25.80791 207.210106 65.54952 -23.360116 -0.024049 0.005936 -0.061916 0.157906 -0.00133 -0.46136 0.003625 -1.77337 0.000539 -1.514418 -0.001469 -1.167512 -0.021037 -0.00025 0.034672 0.000134 -0.020476 -0.027205 -0.023566 -0.078082 -0.02379 -0.069499 -0.020421 -0.049821 0.031493 -0.93507
63.210255 253.226864 327.238423 639.781833 48.243941 137.193593 19.558565 42.613857 12.12494 39.86854 15.845966 93.085739 -62.933147 272.500472 -331.551778 805.016222 -71.249142 260.433242 -37.92361 150.783926 -25.362731 130.622413 -29.799137 206.404716 72.560258 -26.161817 -0.062539 0.004273 -0.319371 0.71402 -0.001322 0.000912 0.014489 -0.170456 0.004064 -0.101389 -0.004367 -0.066987 -0.033069 -0.01701 -0.11027 -0.009115 -0.136696 0.000832 -0.103342 -3.5e-05 -0.12832 -0.001353 -0.143421 -0.000784 0.178055 -0.079317
67.624643 243.672767 332.700818 624.782909 47.518338 119.161737 18.197737 35.191951 11.34392 33.631771 15.499922 81.973984 -59.37543 262.288039 -327.700393 781.845398 -69.006761 242.298233 -36.104112 135.966666 -24.160145 116.987573 -28.375958 188.124332 68.614231 -25.16817 0.074492 -0.091859 0.022607 -0.088954 -0.002749 -0.63496 -0.024532 -0.354797 -0.012999 -0.265084 -0.00191 -0.35301 0.051754 -0.097518 0.01125 -0.169175 0.017927 -0.327198 0.022364 -0.383082 0.014604 -0.375692 0.017411 -0.423736 -0.055159 0.009618
66.692516 240.30373 334.137571 600.736333 47.849628 118.722854 17.905118 39.150373 10.983329 37.638558 15.569954 86.150441 -59.83436 256.749886 -326.299741 772.66228 -69.246268 230.469835 -36.373723 123.688382 -24.460581 108.679753 -28.635955 178.810053 68.225528 -18.403508 -0.003234 -0.011726 0.001548 -0.235938 0.000575 -0.000405 -0.001186 0.10546 -0.002912 0.112719 7.9e-05 0.051883 -0.000883 -0.029547 0.0015 -0.027124 -0.000207 -0.147993 -0.000501 -0.290464 -0.000928 -0.152976 -0.000593 -0.118236 -0.000552 0.528322
66.268976 256.039758 333.963594 609.148471 43.40041 135.355183 13.681489 58.874995 8.057885 56.042972 12.957306 106.12073 -59.811586 272.310066 -330.670438 761.228527 -70.130857 238.600776 -36.644734 132.734738 -24.495467 117.229521 -29.029748 188.888104 60.651869 -11.162767 -0.000675 0.24951 -2.3e-05 0.029244 -0.108533 0.544973 -0.283657 2.004995 -0.226071 1.825629 -0.119891 1.039922 2e-06 0.22887 -0.014539 -0.042615 -0.002807 0.070477 -0.000503 0.159623 -1.2e-05 0.161845 -0.001345 0.138138 -0.222731 0.900332
65.783729 257.246237 335.374469 599.370799 43.323912 152.505765 13.414865 78.317371 7.84913 73.743014 12.956126 128.268625 -60.35811 273.475975 -329.230568 755.861609 -69.662188 235.09339 -36.176422 131.843929 -24.139934 117.149575 -28.71607 188.225801 59.519228 -5.000548 -0.000892 0.001418 0.001487 -0.039554 -3.4e-05 0.511365 -0.001312 1.384637 -0.00137 1.212619 -0.0 1.048745 -0.001243 0.001245 0.001571 -0.009493 0.000786 -0.012985 0.001506 -0.0015 0.0013 -1.4e-05 0.000852 -0.000582 -0.005338 1.220765
63.320387 254.933939 324.87652 600.783887 41.344518 153.132957 12.857474 73.39302 7.350221 69.245772 12.0193 125.251723 -63.61969 269.771084 -332.016565 753.941938 -72.124473 234.000902 -38.357347 130.924676 -25.902712 116.35766 -30.476466 187.247331 60.849359 -6.078771 -0.023503 -0.00522 -0.083464 0.000832 -0.02314 0.000644 -0.005913 -0.079941 -0.00819 -0.07074 -0.017576 -0.017951 -0.04291 -0.012634 -0.005869 -0.00122 -0.021382 -0.001272 -0.031915 -0.001608 -0.031057 -0.001343 -0.026183 -0.001275 0.00735 -0.05259
66.22444 253.833742 327.272388 612.14554 46.183056 149.737543 16.734627 65.168022 10.096164 62.080158 14.614373 118.538254 -60.26803 267.543509 -326.077551 762.515574 -73.015741 231.215464 -40.327556 128.382059 -26.97924 113.897119 -31.007676 184.174147 70.083695 -7.80176 0.032555 -0.00119 0.004401 0.053214 0.13384 -0.019033 0.255092 -0.244334 0.217451 -0.195637 0.126728 -0.092455 0.045346 -0.004618 0.026799 0.024237 -0.002737 -0.008339 -0.02467 -0.012466 -0.010959 -0.013147 -0.002295 -0.012714 0.326042 -0.107352
67.216668 261.439442 325.326392 645.132942 51.296446 155.226036 22.802728 65.828213 14.108108 62.608626 18.06581 120.129848 -58.679367 274.47134 -323.65229 776.58687 -70.858555 239.555108 -37.837987 136.13533 -25.54373 119.080614 -29.822894 190.55068 77.618859 -8.999071 0.003689 0.056135 -0.002901 0.432822 0.134207 0.049393 0.468434 0.001664 0.334813 0.00112 0.182768 0.005307 0.01061 0.044276 0.004526 0.064325 0.016173 0.073874 0.039656 0.113653 0.019621 0.057671 0.011539 0.054257 0.192331 -0.042717
67.022755 271.093994 324.332812 758.384944 74.921144 169.900215 45.292408 67.065777 31.523729 63.309123 33.242647 122.089049 -59.694557 275.472619 -324.997286 796.82561 -71.591673 273.943045 -36.996396 171.752132 -25.454067 138.476281 -30.192535 210.192172 113.631378 -14.522894 -0.00014 0.087523 -0.00076 4.576701 2.230681 0.331319 3.821021 0.005762 3.45411 0.001948 2.295996 0.007924 -0.004353 0.000912 -0.001394 0.13017 -0.001887 1.152739 0.004732 2.067036 7.9e-05 0.731347 -0.001138 0.481631 3.421188 -0.657796
67.497214 285.927594 331.873001 869.752384 110.466627 231.731183 77.885063 102.245723 59.327628 87.966749 60.116583 158.187757 -57.012328 278.033209 -321.522343 857.416364 -66.516861 329.148162 -30.664181 219.970247 -21.182684 171.788965 -26.353227 248.542629 151.410762 -13.896268 0.000837 0.197546 0.043322 3.81333 3.43958 4.787964 4.390232 3.69521 4.35909 2.023097 3.951527 2.334418 0.030826 0.005923 0.009339 1.110016 0.093269 2.531968 0.296961 2.978973 0.196016 1.793549 0.13049 1.605869 2.706374 0.006909
67.858354 302.572552 329.833136 987.055341 130.632257 311.605642 99.153078 169.600533 78.304712 133.740639 78.069545 211.283882 -54.306549 285.89499 -301.16244 958.29839 -65.081152 411.322726 -29.754968 301.767081 -20.448931 228.961988 -25.799371 309.869998 178.784828 -12.722498 0.000482 0.235438 -0.003144 3.708984 0.844812 5.90313 1.282131 8.476333 1.314581 4.776715 1.171176 3.83508 0.032889 0.054804 0.332943 2.804694 0.007832 4.573832 0.006842 6.451856 0.006467 4.099252 0.002941 3.377839 1.136647 0.025892
65.74332 333.302036 302.589711 1180.411087 157.662305 482.804629 131.189635 332.018357 109.533173 250.904417 105.900412 336.601458 -53.980199 299.089552 -277.981829 1076.980439 -76.356953 536.070636 -41.091688 446.246076 -29.207806 329.584912 -34.449023 407.72873 251.864339 -5.356961 -0.016742 0.742956 -0.587067 8.641685 1.269945 18.666379 2.238736 27.02226 2.61409 18.27848 2.117303 14.524439 0.000492 0.148823 0.464095 3.463266 -0.450184 8.248995 -0.91292 14.085706 -0.778586 9.13843 -0.624133 6.703797 6.245951 1.568381
65.611835 351.437509 262.236397 1306.270163 177.224024 664.733629 160.369478 527.871132 140.780463 393.357819 132.836116 475.197553 -53.930988 317.654876 -235.057475 1298.223105 -84.209057 720.228661 -49.225178 637.107226 -38.669692 470.131683 -42.301347 542.721115 327.016237 -3.419799 -6.6e-05 0.240203 -1.443341 3.187112 0.571818 14.513151 1.463865 22.601233 1.957997 15.946347 1.524392 11.918547 1.1e-05 0.279491 1.798825 10.326474 -0.192109 13.57095 -0.366976 16.945126 -0.662712 12.447113 -0.402742 9.635324 4.898944 0.216449
69.043604 351.985578 219.149318 1377.840491 214.380228 1022.136846 216.204051 982.345142 199.770763 760.186837 183.441609 815.304874 -55.266639 321.79328 -202.25856 1414.058774 -94.243687 928.077691 -63.133983 884.104852 -52.204169 668.161152 -53.098742 726.364679 456.218577 2.967601 0.043737 0.000214 -1.932161 0.954361 1.766713 38.296867 4.1623 70.005675 5.148063 59.88029 4.074773 45.623507 -0.008169 0.013392 1.231702 2.474674 -0.282353 13.157242 -0.8642 20.186309 -1.013544 17.357999 -0.612995 13.357402 10.730103 12.758773
65.728967 353.22682 163.614301 1208.401378 225.354119 1339.56183 257.045422 1518.865394 238.244692 1373.740941 209.447462 1357.107814 -59.709018 326.998399 -189.492819 1448.201489 -95.917412 1223.085505 -63.541793 1272.471495 -55.985783 991.890749 -56.472557 1017.893078 525.213725 31.021717 -0.040767 0.001092 -4.050205 -5.556419 0.136952 21.42903 1.765596 58.220531 1.692988 90.10804 0.861626 68.647858 -0.085853 0.02088 0.20805 0.203644 -0.007366 20.324515 -0.000656 35.257679 -0.06611 31.871487 -0.051954 24.535013 2.428199 14.79973
64.752475 360.889525 151.569884 1214.847804 227.95976 1724.852267 263.648093 1999.872405 249.241491 1846.985964 216.651957 1788.275775 -66.308624 337.658874 -188.912926 1507.116193 -107.346387 1563.088996 -75.491854 1729.167215 -67.492366 1391.345218 -67.335223 1374.593598 576.132376 32.215096 -0.003654 0.041113 -0.230216 0.008575 0.007489 24.317875 0.041864 33.031565 0.12405 34.958404 0.060911 29.692316 -0.172931 0.085497 0.000444 0.587295 -0.321565 20.823533 -0.514511 34.946282 -0.537302 33.714781 -0.477456 26.740021 1.177693 0.011261
65.17062 357.294591 131.081244 1247.207499 230.064495 2074.510574 278.819815 2383.17905 280.318314 2300.550652 240.844236 2239.876091 -65.492685 346.737614 -164.596923 1501.332026 -118.295607 1702.071807 -96.696722 1914.734955 -84.557286 1593.420631 -80.332391 1561.601205 672.790887 64.744274 0.000673 -0.008997 -0.743562 0.212667 0.004836 16.123876 0.212203 16.792636 0.912647 24.874969 0.640088 25.39474 0.002526 0.060219 0.837274 -0.00556 -0.265811 2.959269 -1.310668 4.728138 -0.960654 6.848338 -0.573094 5.961352 3.745987 5.619499
64.98175 347.038515 116.037241 1279.502425 228.157428 2356.645377 283.49373 2644.387895 298.001847 2610.0595 256.55571 2567.767932 -64.455876 348.705406 -156.096183 1474.243499 -122.60557 1761.224217 -105.482807 1984.977487 -89.972073 1708.64198 -85.1501 1676.977457 715.460371 95.121372 -0.000137 -0.074675 -0.458347 0.206396 -0.003969 8.990982 0.019425 6.79018 0.270422 9.76366 0.248203 11.194504 0.004136 0.002784 0.112686 -0.123304 -0.038558 0.505193 -0.190998 0.632664 -0.084017 2.010865 -0.070144 2.055826 0.655903 2.912606
60.473285 358.594642 108.372917 1299.287355 225.334435 2700.855403 287.37199 2997.074479 305.170571 2996.391227 261.91691 2959.761107 -67.135523 354.647632 -159.81336 1488.447245 -111.211679 2435.943115 -96.016558 2895.305107 -73.076821 2671.15002 -71.672388 2553.330749 676.917076 9.339948 -0.081036 0.094633 -0.130919 0.075898 -0.008787 11.726945 0.013174 11.035224 0.042602 13.326595 0.027719 13.916917 -0.027286 0.025102 -0.02187 0.034048 0.277777 54.587457 0.22248 85.65416 0.877712 107.069655 0.580227 91.768315 -0.533573 -44.84828
58.329916 361.894871 107.68767 1325.777581 227.674212 2900.537465 305.661714 3216.29946 337.174448 3240.060212 288.797538 3203.521705 -65.169995 354.0791 -162.83376 1494.172463 -130.537581 2016.107693 -120.663392 2258.660522 -97.176115 1996.166791 -93.253361 1969.256423 796.374336 149.892136 -0.019336 0.007558 -0.001087 0.133663 0.006042 3.560329 0.282103 3.868636 0.797768 4.762103 0.656419 4.822307 0.014601 -0.000228 -0.014138 0.005495 -0.773713 -19.839778 -1.406323 -39.471971 -1.714257 -49.065643 -1.41806 -37.874036 4.850896 84.399344
60.320191 374.94058 110.607 1522.695445 231.225705 2975.290669 305.829511 3324.806375 328.957652 3343.855979 283.989514 3295.940467 -63.621877 355.394475 -162.999155 1498.953142 -137.938372 2025.073386 -129.819434 2301.788571 -102.754735 2031.916231 -97.902883 1992.926914 799.418553 162.544711 0.016694 0.115497 0.019521 6.814719 0.013743 0.47553 2.3e-05 0.900044 -0.050679 0.818224 -0.02018 0.657105 0.009305 0.001219 -4.2e-05 0.003818 -0.102024 0.009946 -0.167399 0.203935 -0.077845 0.158642 -0.056554 0.070706 0.002904 0.256297
62.029683 392.417801 122.226371 1638.639792 233.828426 3387.230834 318.899918 3881.55286 341.628487 3946.234385 293.071159 3845.668753 -63.86953 357.699684 -172.89234 1460.738122 -152.99469 1986.258741 -147.046278 2260.421125 -112.336195 1994.681088 -106.406808 1965.129161 845.766899 329.684201 0.011943 0.199055 0.290109 2.126889 0.007283 13.349496 0.136743 21.538654 0.119719 24.929817 0.071467 21.189214 -0.000241 0.003726 -0.145726 -0.246723 -0.389857 -0.187794 -0.536455 -0.187552 -0.213514 -0.172166 -0.177055 -0.097614 0.652995 29.245443
62.695294 398.817318 128.622869 1693.507988 249.497226 3522.940983 320.711442 4062.037689 336.916966 4129.330363 291.901837 4011.253328 -64.30016 359.626685 -184.849468 1444.994686 -168.455081 1987.193382 -166.256584 2269.065774 -127.88858 2023.017421 -120.198518 1995.66404 879.957721 371.791665 0.001776 0.02588 0.081567 0.451769 0.254048 1.332747 0.002565 2.050646 -0.016358 2.07592 -0.001169 1.745041 -0.000723 0.002588 -0.199883 -0.04265 -0.372005 0.00011 -0.589499 0.008249 -0.503967 0.099928 -0.420087 0.117703 0.338735 1.264932
64.918967 393.193103 126.120751 1633.456612 244.272518 3224.986328 310.308048 3683.119547 323.890601 3703.354387 279.056441 3615.244185 -63.159891 344.705337 -186.854001 1394.509545 -175.72276 1900.610651 -175.554347 2179.416159 -133.786516 1936.455814 -124.596784 1908.353807 874.004849 283.922923 0.019375 -0.01997 -0.012288 -0.542005 -0.027643 -6.581302 -0.085764 -9.274503 -0.128406 -11.591805 -0.144516 -10.288412 0.005101 -0.158073 -0.005405 -0.448837 -0.076741 -0.964233 -0.12648 -0.90344 -0.066476 -0.946314 -0.039515 -0.976434 -0.010102 -5.914076
68.019842 393.151679 124.796927 1622.158689 241.118303 3204.178411 305.617948 3665.328452 318.802213 3678.814557 274.496719 3587.555417 -62.043767 339.963287 -192.384116 1294.151862 -182.337774 1779.968599 -181.997076 2061.876996 -137.387572 1829.176266 -128.035229 1805.145669 874.756205 319.850395 0.03617 -1e-06 -0.003492 -0.019604 -0.010249 -0.033672 -0.017857 -0.021537 -0.020143 -0.040788 -0.01878 -0.05322 0.004975 -0.016422 -0.040323 -1.873641 -0.06111 -1.977734 -0.058051 -1.628997 -0.023911 -1.52846 -0.023401 -1.434493 0.000161 1.069878
66.943874 397.158834 122.909286 1612.205831 237.284804 3186.193918 301.096554 3678.120107 313.611176 3682.67698 269.490579 3572.584892 -62.848725 336.696276 -196.34817 1300.928135 -180.918766 1801.712072 -176.998824 2117.984381 -136.168157 1871.080348 -127.770647 1839.521069 863.07756 303.772747 -0.004289 0.010159 -0.007192 -0.015314 -0.015359 -0.025307 -0.016848 0.011141 -0.021305 0.001013 -0.023035 -0.01565 -0.002594 -0.007887 -0.020212 0.008847 0.002772 0.066 0.034797 0.376589 0.002718 0.237282 0.000137 0.162113 -0.039242 -0.207284
67.424074 397.103482 123.290137 1615.206702 240.350347 3259.946752 304.87212 3740.469371 319.373329 3775.791556 274.961843 3679.552097 -61.780005 336.81539 -201.4264 1301.015205 -179.874436 1827.460532 -174.880081 2135.871057 -133.128032 1885.835558 -126.103749 1855.38885 864.89701 324.765873 0.000858 -2e-06 0.000295 0.001395 0.009838 0.421931 0.011762 0.262011 0.026227 0.581263 0.027491 0.788913 0.004582 1.1e-05 -0.032417 1e-06 0.001511 0.091342 0.006379 0.037605 0.017161 0.028976 0.005472 0.034072 0.000958 0.350682
67.283095 397.341012 121.581176 1615.947113 243.16102 3262.294861 308.856697 3722.011746 323.300776 3762.730663 277.963345 3676.165262 -61.975052 337.17401 -201.033315 1301.15248 -177.739691 1869.79956 -171.989564 2188.015055 -131.57537 1935.066969 -124.82363 1899.916908 867.373027 301.081661 -7.4e-05 3.6e-05 -0.005964 8.5e-05 0.008169 0.000423 0.012935 -0.022826 0.012001 -0.011314 0.008147 -0.00078 -0.000154 9.5e-05 0.000192 4e-06 0.006372 0.24243 0.012044 0.314427 0.004554 0.317181 0.003265 0.264002 0.00177 -0.448306
65.487524 397.641664 114.608961 1600.443775 215.210634 3063.077473 268.242606 3497.305865 278.56369 3481.905645 239.462034 3397.695467 -62.262508 338.821127 -199.210504 1325.564251 -176.337459 1892.242242 -171.862095 2191.954153 -131.252041 1944.50181 -124.230194 1918.346743 792.239856 222.342955 -0.012142 5.7e-05 -0.102931 -0.037364 -0.852967 -3.137951 -1.430908 -3.497905 -1.664975 -5.444879 -1.434418 -5.48325 -0.000333 0.002007 0.004151 0.11344 0.002777 0.066942 2.4e-05 0.001771 0.000199 0.011472 0.000707 0.044478 -1.701568 -5.956216
66.464322 399.82974 122.13914 1615.531906 236.448279 3074.202282 289.00644 3527.004251 285.104952 3547.496304 246.617956 3478.228048 -59.905199 341.871561 -191.294872 1329.575245 -171.077457 1900.552704 -167.312006 2200.43261 -127.29092 1950.845257 -119.902937 1924.111401 793.401234 236.928694 0.003616 0.003002 0.119785 0.035394 0.499588 0.010083 0.386978 0.062782 0.037956 0.306017 0.052677 0.471625 0.022745 0.006835 0.080234 0.00303 0.039822 0.009105 0.030522 0.008183 0.030346 0.005165 0.038353 0.004324 0.000425 0.231668
67.442379 397.796432 124.634511 1624.473369 245.85063 3084.295838 300.846623 3575.895169 290.558447 3563.992535 251.735708 3534.225315 -57.835139 342.284083 -184.804494 1355.845429 -168.185817 1929.512379 -164.992204 2224.089737 -125.301892 1985.334677 -117.765001 1956.313655 797.475449 229.282863 0.003572 -0.002592 0.012617 0.012338 0.091657 0.008271 0.118847 0.168266 0.025832 0.019133 0.026279 0.223584 0.018199 0.000124 0.056007 0.128497 0.012323 0.109486 0.008097 0.063246 0.007831 0.151104 0.009616 0.13362 0.005217 -0.0627
68.641833 398.174799 127.932869 1632.572153 266.719736 3319.266386 335.363117 3746.829073 350.265175 3824.680732 302.746293 3793.309499 -57.121744 341.910245 -181.350508 1363.890114 -165.404899 1934.785904 -163.754921 2222.973922 -123.563358 1991.597227 -116.191517 1962.802811 889.905166 296.414359 0.005286 9e-05 0.021538 0.010069 0.425015 4.312424 0.937007 1.995322 2.787556 4.600251 2.351392 4.581732 0.002214 -0.000102 0.016291 0.011898 0.011592 0.003598 0.002328 -0.00014 0.006073 0.004931 0.005291 0.005372 2.533415 4.303962
70.303021 394.219904 129.071778 1630.146179 267.912943 3314.475272 336.088506 3727.920657 354.105682 3798.299717 306.553967 3768.824016 -55.638545 341.087884 -168.40217 1396.413942 -157.193023 1949.547055 -155.568644 2233.22097 -119.683022 2001.558299 -111.561566 1969.854775 885.518898 285.3251 0.009931 -0.00987 0.002524 -0.000902 0.001332 -0.00173 0.000392 -0.023916 0.01047 -0.045649 0.011898 -0.039641 0.009755 -0.000495 0.239765 0.191616 0.104535 0.028048 0.10495 0.011782 0.030952 0.012424 0.047066 0.006323 -0.005418 -0.105703
70.825595 392.966683 128.60624 1640.31905 245.97859 3327.439196 302.424774 3785.748357 308.17483 3831.869597 266.634372 3767.814884 -55.89524 340.424967 -169.354672 1398.132643 -154.346103 1949.479156 -151.092621 2232.324775 -117.184415 2001.278312 -109.098995 1969.05805 805.42917 294.686925 0.000968 -0.000998 -0.000421 0.015822 -0.468324 0.012652 -0.888028 0.222534 -1.594631 0.073848 -1.391786 -6.8e-05 -0.000295 -0.000322 -0.001343 0.000529 0.013008 -1e-06 0.032668 -9e-05 0.013179 -1e-05 0.013742 -8.1e-05 -1.897742 0.075558
72.83942 388.289395 130.859961 1635.1819 245.941292 3304.369932 303.39711 3756.105597 311.789113 3789.942434 269.734765 3709.926979 -54.285775 338.106383 -166.5943 1394.078213 -148.281566 1959.770879 -144.172297 2239.67454 -111.351266 2014.047726 -103.631661 1980.332692 795.79632 278.368045 0.014115 -0.014001 0.009788 -0.004028 -1e-06 -0.040124 0.00078 -0.058255 0.010535 -0.11532 0.008961 -0.224069 0.011756 -0.003961 0.011341 -0.002944 0.060772 0.013547 0.081109 0.00604 0.074455 0.020304 0.070269 0.016093 -0.028976 -0.232403
72.793085 388.7822 131.622755 1649.404883 256.674394 3354.519088 315.941271 3794.769429 330.425095 3836.722841 286.681278 3762.831027 -53.439456 340.418643 -163.595394 1420.963209 -149.379347 1956.812612 -146.095699 2233.674347 -112.592829 2008.024646 -104.784442 1975.163371 828.782081 293.44709 -7e-06 0.000156 0.001108 0.030794 0.114613 0.188843 0.127049 0.098989 0.270449 0.143472 0.258126 0.187272 0.003325 0.00394 0.013619 0.128385 -0.002024 -0.001117 -0.006373 -0.004024 -0.003442 -0.00451 -0.003188 -0.003378 0.334909 0.198855
]