01-31-21_Sreya_4K+Depth.blue_monkey_above_grey_box.0000000000 [ 19.112201 281.775203 23.856936 1195.110834 76.596362 2238.033416 107.755039 2643.821498 116.706143 2536.024856 90.799806 2419.720574 -60.716131 121.056031 -161.577563 736.299795 -88.795842 1262.935243 -75.124451 1563.568232 -52.650116 1359.672479 -53.163825 1313.234101 326.131154 181.851241 0.0 0.0 0.0 0.0 0.0 0.0 0.0 0.0 0.0 0.0 0.0 0.0 0.0 0.0 0.0 0.0 0.0 0.0 0.0 0.0 0.0 0.0 0.0 0.0 0.0 0.0
23.218738 254.529443 29.675721 1149.224256 83.54804 2144.018688 118.032616 2505.045394 130.169691 2412.011481 99.905418 2312.760077 -61.670052 120.194271 -150.888424 737.823815 -92.425552 1267.276654 -81.489873 1573.592527 -59.333275 1364.362764 -57.562128 1314.192014 365.268653 148.229457 0.199659 -0.692527 0.317179 -0.449121 0.150953 -1.008635 0.234033 -1.870538 0.367395 -1.554327 0.217507 -1.208881 -0.003718 -0.001539 0.182886 0.000788 -0.036354 0.003725 -0.129411 0.016016 -0.199603 0.004038 -0.08739 0.000175 1.108601 -1.71681
21.220366 253.490851 31.429259 1132.784185 90.293547 2164.793739 125.313435 2561.816151 134.675068 2465.464767 105.143205 2353.281698 -64.212151 115.813269 -150.669294 736.246584 -88.884383 1281.2942 -78.111735 1585.104867 -56.023608 1386.064682 -54.802176 1336.160258 364.422403 154.34477 -0.044955 -0.001062 0.025166 -0.05922 0.130921 0.050084 0.108944 0.318049 0.038324 0.292912 0.066908 0.175956 -0.025671 -0.040666 8e-05 -0.000844 0.034585 0.03855 0.035755 0.020979 0.047488 0.08562 0.033901 0.091047 -0.000491 0.061804
21.548476 254.982668 30.395672 1133.45051 88.839433 2163.047778 123.521024 2561.170283 131.628499 2465.147214 102.919264 2354.159338 -63.943147 119.842899 -147.699964 761.861632 -89.686053 1270.709592 -79.80097 1571.909976 -58.286404 1371.897441 -56.296662 1323.918305 365.096545 159.040221 0.001259 0.002188 -0.00864 9.8e-05 -0.005902 -0.000352 -0.006456 -4.1e-05 -0.017427 -1e-05 -0.011886 8.2e-05 0.000282 0.034455 0.014776 0.219002 -0.0018 -0.02195 -0.009035 -0.027574 -0.022399 -0.036388 -0.010052 -0.02817 0.000311 0.035178
22.80899 263.085609 32.2176 1159.946867 91.711169 2199.011643 126.943016 2606.753236 135.648951 2500.567468 106.628944 2384.286491 -62.023627 123.033945 -145.054003 804.121768 -84.263982 1292.507005 -72.841862 1592.281993 -51.862056 1387.97019 -51.089865 1341.911387 355.261221 162.567662 0.017914 0.063372 0.026513 0.153066 0.02284 0.148258 0.023378 0.201033 0.03024 0.126327 0.032839 0.095776 0.014626 0.020964 0.011958 0.570327 0.084524 0.092684 0.158718 0.065581 0.187508 0.046802 0.126304 0.060723 -0.067146 0.019345
23.489846 264.576754 34.167072 1160.946255 92.924702 2198.747236 127.926599 2607.80081 137.027379 2499.991059 107.836727 2383.100342 -60.093385 124.80918 -143.06947 795.60717 -85.455355 1293.407169 -75.744584 1593.687479 -54.013881 1393.352356 -52.635369 1348.826506 363.103813 160.586561 0.005007 0.002107 0.028631 0.000215 0.003988 -8e-06 0.001898 0.000105 0.003484 -3.3e-05 0.003401 -0.000148 0.015256 0.006358 0.006835 -0.02266 -0.004182 0.000157 -0.028356 0.00031 -0.021869 0.005208 -0.011515 0.008886 0.042811 -0.006073
24.642302 271.007786 35.883368 1166.928817 101.115243 2184.821082 138.646669 2582.592934 148.032137 2476.233375 117.168414 2367.285567 -58.674527 128.383342 -135.583079 800.578602 -89.011371 1305.623644 -83.946063 1602.72323 -61.248895 1409.788716 -57.534998 1365.358304 399.720575 149.19677 0.013799 0.038612 0.021029 0.007688 0.172941 -0.022121 0.215638 -0.061213 0.212499 -0.056713 0.193591 -0.026325 0.008475 0.025228 0.100584 0.007742 -0.036243 0.028711 -0.210747 0.012771 -0.227294 0.048188 -0.109005 0.050347 0.879338 -0.209455
24.192031 273.479622 35.307493 1172.950843 100.614679 2192.683116 137.879645 2588.929979 146.719257 2482.949461 116.289389 2374.040534 -58.937668 131.329625 -135.677762 806.401109 -88.670972 1308.9731 -83.51993 1602.70939 -60.871354 1410.470489 -57.285883 1367.049418 396.598544 150.625838 -0.002076 0.005611 -0.002329 0.007749 -0.000621 0.00706 -0.001064 0.003883 -0.002924 0.004548 -0.001655 0.004812 -0.000294 0.016712 -1.7e-05 0.010548 0.000326 0.002145 0.000542 -0.0 0.000584 8.2e-05 0.00027 0.000523 -0.00612 0.003406
23.530365 276.516455 35.861448 1180.582395 101.579681 2190.661743 138.983614 2586.435212 146.352866 2477.807995 116.113724 2367.463633 -59.916133 140.373543 -136.792138 853.320977 -84.341968 1322.47279 -75.049766 1609.893214 -54.908126 1410.194268 -52.962232 1367.205892 380.548042 149.451404 -0.004587 0.008384 0.002156 0.012373 0.002303 -0.000466 0.002201 -0.000601 -0.000229 -0.002664 -6.6e-05 -0.004561 -0.004028 0.15056 -0.002279 0.663338 0.054167 0.034628 0.226383 0.008032 0.15367 -1.4e-05 0.084814 4e-06 -0.165764 -0.002298
25.445197 286.311826 37.888013 1200.292759 105.932249 2155.70428 143.530615 2513.213285 151.583314 2392.190814 121.480707 2295.007053 -59.821635 146.884853 -128.302312 866.262548 -80.583085 1344.471166 -71.667443 1635.872752 -53.128454 1433.167043 -50.782814 1389.858785 384.193101 122.165161 0.037447 0.085245 0.027849 0.081589 0.045653 -0.140582 0.036594 -0.525696 0.045915 -0.752656 0.060625 -0.563035 3.7e-05 0.073806 0.135981 0.0487 0.042841 0.090729 0.038992 0.103973 0.014659 0.092805 0.022895 0.093063 0.008687 -1.374045
25.487427 294.319915 38.028808 1222.320498 104.657266 2135.098859 143.104477 2461.271057 149.36791 2319.511777 119.130833 2232.553736 -59.2469 155.341905 -125.075745 884.187886 -79.767801 1366.58093 -70.682956 1650.085538 -52.650203 1446.050495 -50.251441 1402.744752 379.379334 102.704834 1.8e-05 0.055227 0.000131 0.100146 -0.00386 -0.049476 -0.000317 -0.271191 -0.008154 -0.560578 -0.011475 -0.430762 0.001387 0.118348 0.020545 0.091784 0.002073 0.090159 0.003404 0.030737 0.001081 0.028825 0.001397 0.02973 -0.015174 -0.843634
26.306983 310.308888 36.357153 1223.572396 99.018396 2040.881154 131.018128 2345.387129 141.357645 2202.335127 113.632267 2122.863732 -56.45191 167.229136 -120.520963 901.631235 -76.415976 1405.444559 -67.110032 1692.162859 -49.863426 1484.829002 -47.52331 1440.55337 359.132674 70.485504 0.006484 0.211445 -0.018786 0.00032 -0.078073 -1.062997 -0.266579 -1.397128 -0.110373 -1.518481 -0.064955 -1.381476 0.033765 0.219106 0.04224 0.085193 0.035971 0.272446 0.04633 0.264877 0.037885 0.256551 0.038068 0.25139 -0.277588 -3.023338
26.653943 305.530738 33.107349 1190.964273 81.925692 1891.157053 105.006222 2172.431326 112.051018 2013.572148 88.951941 1935.553637 -56.802436 166.385725 -119.815691 891.904498 -76.825488 1416.162972 -66.366831 1703.328003 -50.427747 1487.534455 -47.76885 1440.067927 312.818121 39.743896 0.001137 -0.018537 -0.076061 -0.220195 -0.809132 -2.85163 -1.437747 -3.31185 -1.700355 -4.227956 -1.508991 -4.324811 -0.000542 -0.001066 0.001035 -0.026375 -0.000547 0.020358 0.002069 0.018357 -0.001588 0.001231 -0.000316 -4.1e-05 -1.598027 -4.373488
30.350931 296.748582 34.498788 1179.279822 85.923405 1803.444915 102.471198 2075.945187 106.554114 1900.913651 85.882746 1826.746262 -54.949076 170.932715 -115.926127 902.775612 -70.387957 1434.276536 -58.638555 1728.769801 -44.152341 1500.240176 -41.699482 1441.571119 287.886828 23.683158 0.120008 -0.064032 0.01432 -0.0288 0.047614 -1.041317 -0.015487 -1.095804 -0.069122 -1.621486 -0.026942 -1.573708 0.01537 0.030648 0.03209 0.032926 0.140821 0.057553 0.239123 0.0943 0.208417 0.027016 0.206105 0.000392 -0.51759 -2.067101
34.645702 299.14795 35.016541 1166.320302 90.025735 1827.706552 66.141619 2113.801713 62.708981 1935.754773 53.62218 1855.866293 -53.526287 185.232409 -111.707168 948.934846 -61.374208 1474.564374 -49.393644 1769.474048 -36.280319 1539.009578 -34.547363 1476.869202 194.385355 22.724295 0.142048 0.004831 0.001928 -0.035801 0.04783 0.081053 -3.960323 0.17103 -5.777317 0.158201 -3.781382 0.115134 0.009331 0.287175 0.0391 0.575416 0.308673 0.279009 0.396296 0.236818 0.386148 0.247286 0.336183 0.21347 -9.150705 -0.009907
34.817825 302.206931 34.472466 1307.495035 -0.147252 1725.183128 -8.049123 2013.172044 -11.4542 1689.442844 -8.884289 1610.833228 -55.119713 189.415454 -113.947378 973.574499 -49.5009 1500.17969 -36.031338 1835.841025 -24.077421 1594.754139 -23.893312 1523.994492 2.317913 1.365298 0.000213 0.00778 -0.00213 4.031537 -97.454882 -1.479534 -120.337553 -1.227029 -127.764718 -8.37744 -106.159416 -8.67055 -0.011685 0.023353 -0.01112 0.157902 0.637573 0.110288 1.051548 0.610897 1.246438 0.495842 0.979351 0.370048 -154.250074 -12.949497
34.512583 296.004229 38.582675 1268.990207 2.53649 1688.399339 -0.014438 1986.206941 -0.547147 1668.449937 -0.462732 1584.958215 -58.034077 185.171978 -116.646846 964.929371 -56.627553 1503.187014 -43.29163 1828.903637 -30.820863 1577.689198 -29.833669 1509.141693 23.154963 1.269065 -0.000672 -0.032158 0.115715 -0.287738 3.906042 -0.198192 7.381766 -0.090905 6.9945 -0.065622 5.291879 -0.104751 -0.037537 -0.024037 -0.015801 -0.019277 -0.239552 0.001506 -0.33296 -0.006566 -0.41574 -0.045897 -0.329409 -0.036366 10.820751 -0.001758
37.987358 301.100174 41.829678 1228.10885 12.595215 1666.17918 7.104836 1964.131834 4.064793 1680.385414 2.978526 1598.175474 -56.08979 201.357631 -113.762811 1000.502366 -50.135778 1546.720413 -35.829474 1883.180403 -24.405045 1622.602477 -24.15537 1549.17853 48.389821 0.50547 0.083317 0.021746 0.065583 -0.334668 3.827257 -0.073592 7.759829 -0.06168 7.594581 0.021269 5.789243 0.027441 0.016563 0.33903 0.01805 0.32195 0.19755 0.310707 0.352676 0.396829 0.373942 0.315175 0.299438 0.262075 4.598103 -0.172693
41.05093 288.980906 55.725409 1105.801001 31.39091 1544.673238 23.086294 1854.024387 15.264331 1572.632479 12.710723 1494.042751 -55.816259 225.748708 -108.302502 1031.983212 -47.892146 1610.93801 -33.226016 1958.67599 -22.017243 1695.687079 -21.913325 1618.05056 73.94646 -2.317369 0.059395 -0.124468 0.994724 -3.206956 4.218034 -2.299854 4.576732 -1.587962 3.575224 -1.785093 3.38328 -1.75387 0.000334 0.697028 0.067141 0.243816 0.025679 0.653067 0.049094 0.741846 0.061451 0.804934 0.05459 0.748907 2.69923 -4.987427
42.579721 308.065809 58.397627 1157.382753 27.539171 1626.097284 19.089225 1936.264871 12.517743 1650.623576 10.130321 1574.99944 -56.078853 242.302222 -109.184927 1099.905093 -44.35865 1650.796483 -29.432276 2001.043938 -19.668483 1720.947336 -19.842645 1644.776701 63.56807 -0.733481 0.013975 0.305107 0.03129 0.587894 -0.126012 1.04564 -0.189833 0.892319 -0.1361 0.943689 -0.146225 1.067943 -0.000308 0.292815 -0.00179 1.082269 0.067697 0.243545 0.114954 0.226669 0.066222 0.09338 0.051374 0.10946 -0.392194 0.443363
41.161983 273.549216 65.632259 1060.257032 31.902721 1568.409481 24.4117 1885.788579 14.675915 1644.090738 11.989851 1555.033607 -53.073814 231.888362 -103.307413 1046.335713 -42.247285 1619.23471 -28.093131 1986.289821 -18.250841 1712.762705 -18.319224 1622.032538 65.658869 -0.702493 -0.012002 -1.025116 0.211177 -2.127923 0.160378 -0.520918 0.326839 -0.333324 0.085775 -0.006477 0.078299 -0.06368 0.041373 -0.114365 0.081301 -0.66864 0.02574 -0.152318 0.015589 -0.027297 0.026509 -0.009755 0.03042 -0.079176 0.016915 0.000334
39.814496 271.995705 67.942734 1075.607032 35.600005 1579.065492 28.966196 1905.33354 18.978811 1656.526917 14.983947 1571.800564 -53.081674 227.39765 -100.732375 1038.790683 -39.217402 1625.453676 -25.534904 1993.112648 -15.966299 1708.537763 -15.948203 1619.064422 69.760128 -0.401967 -0.011212 -0.002212 0.019984 0.055159 0.101331 0.018038 0.194662 0.050382 0.276205 0.023429 0.166688 0.044955 -0.0 -0.021955 0.016249 -0.013651 0.056364 0.00596 0.061053 0.005849 0.07635 -0.002609 0.082126 -0.001359 0.062119 0.041673
40.912039 266.739692 78.805842 1010.866943 46.295002 1538.249256 39.362363 1884.686353 25.051955 1637.326043 20.394575 1553.287012 -52.858264 227.318651 -91.815257 1029.285344 -38.232418 1603.978863 -26.620781 1959.743701 -16.426758 1672.558501 -15.472549 1585.600638 82.050741 -0.187523 0.007461 -0.02564 0.402625 -1.004635 0.701354 -0.267223 0.795518 -0.056241 0.420844 -0.055964 0.416186 -0.054839 0.000236 -7e-06 0.206592 -0.021844 0.006264 -0.071402 -0.011305 -0.140848 -0.003273 -0.191438 0.0036 -0.174723 0.498342 0.040389
44.129729 271.228412 81.96141 1027.558147 50.514131 1525.191435 43.125976 1858.208824 28.352276 1610.050821 23.552402 1533.077419 -51.061538 236.792746 -91.077583 1059.934298 -34.668054 1637.070881 -22.722761 1993.761721 -13.532968 1695.94996 -12.881658 1609.477829 81.06128 -1.116138 0.060895 0.018727 0.030972 0.068337 0.091983 -0.027829 0.085904 -0.093653 0.102076 -0.114546 0.1136 -0.066167 0.015533 0.096709 0.001488 0.224823 0.087189 0.168944 0.154208 0.146357 0.140082 0.081218 0.118621 0.08922 -0.003001 -0.388671
41.754386 264.622032 83.913682 909.802376 54.880039 1372.318482 48.696715 1704.554764 31.606878 1499.243923 26.900072 1421.004439 -51.174213 239.159044 -91.369287 1054.777427 -34.713939 1631.02974 -22.22236 1986.451868 -13.259119 1685.851702 -12.833804 1590.546214 85.808854 -5.47117 -0.032854 -0.040726 0.011489 -3.582 0.090467 -4.035608 0.16914 -3.314921 0.088396 -1.975057 0.111186 -2.126697 -6.2e-05 0.005882 -0.000233 -0.006288 -1.5e-05 -0.005584 0.002786 -0.006712 0.0014 -0.015077 4.5e-05 -0.056001 0.06755 -1.645008
47.773711 278.964944 73.88179 1084.718116 45.5014 1419.906831 35.003457 1646.595025 27.027062 1378.331373 22.930389 1334.102558 -49.862416 248.476856 -87.567716 1115.250993 -32.795753 1640.354054 -19.665179 1957.464845 -13.002165 1647.406341 -12.309985 1568.586998 77.521111 -11.987994 0.202581 0.189257 -0.319213 7.684697 -0.439084 0.405557 -1.127698 -0.501258 -0.179135 -2.541428 -0.158372 -1.370875 0.008516 0.089031 0.040387 0.842791 0.027257 0.013288 0.078129 -0.106526 0.001257 -0.221719 0.005457 -0.07632 -0.210405 -1.261837
50.775551 280.744498 80.732436 1155.734966 48.014031 1274.327174 36.373436 1413.115202 28.656914 1114.735707 24.779516 1103.422808 -48.379166 256.258977 -85.878492 1146.777389 -31.540798 1642.643627 -18.569935 1942.336384 -12.240945 1626.841268 -11.527058 1552.36864 78.356515 -48.25334 0.045729 0.002829 0.151844 1.125813 0.033762 -3.935985 0.013149 -8.921174 0.023858 -13.974345 0.035847 -10.939954 0.011198 0.059997 0.008226 0.219706 0.012241 0.000798 0.01569 -0.029344 0.01148 -0.064584 0.012861 -0.04214 0.002239 -12.138912
47.370866 273.814762 66.717879 1249.897542 42.635046 1015.531171 30.078275 1021.141501 30.452022 754.990724 26.037608 778.987236 -50.656528 253.90345 -85.682848 1143.343337 -34.865005 1571.872639 -22.713187 1856.926413 -15.634723 1570.972412 -13.94181 1491.472487 89.726587 -147.826686 -0.059072 -0.043298 -0.667525 1.843588 -0.159731 -14.671349 -0.298851 -31.765847 0.027265 -34.934761 0.015576 -28.169193 -0.026188 -0.005438 0.000112 -0.002575 -0.083255 -0.779144 -0.208439 -0.960158 -0.207362 -0.488078 -0.114732 -0.609216 0.385008 -27.164292
42.610375 271.240486 73.617921 1262.112237 46.589494 780.01101 34.300082 714.446908 35.542557 507.970192 30.175834 556.840024 -50.636634 250.429506 -85.534937 1118.770017 -30.302286 1541.311328 -19.052159 1840.892205 -11.456762 1570.172586 -10.261969 1490.033682 87.357843 -291.972719 -0.126016 -0.006079 0.169734 0.029697 0.087674 -15.513536 0.138578 -27.312801 0.196624 -24.392738 0.152527 -18.600975 2e-06 -0.011965 6.4e-05 -0.133474 0.159927 -0.15001 0.160767 -0.034763 0.324094 -0.000102 0.281369 -0.000347 -0.015843 -24.293162
39.647571 269.52424 81.852067 1274.600179 45.578146 628.356361 32.265287 526.126467 34.224618 354.653133 29.341481 411.680441 -52.731067 252.519544 -82.883169 1132.212517 -27.570615 1572.865549 -16.534266 1880.484082 -9.481563 1610.562916 -8.726593 1530.702773 79.734107 -453.672224 -0.053375 -0.002723 0.218205 0.030739 -0.005549 -8.188983 -0.031107 -14.376935 -0.012449 -13.734121 -0.005849 -10.939875 -0.021221 0.004343 0.020878 0.040139 0.064505 0.159865 0.089188 0.210616 0.093373 0.256457 0.062175 0.273783 -0.174011 -17.74409
40.749865 263.244862 80.88691 1303.564209 46.132437 552.583206 33.188268 428.971394 36.05925 272.592035 30.662102 327.14527 -51.500235 244.092012 -82.231494 1170.623213 -24.999356 1571.006668 -14.19614 1889.681426 -9.054406 1617.869307 -8.138641 1532.963766 81.252008 -562.277188 0.007557 -0.037007 -0.002862 0.162701 0.001675 -2.433441 0.006508 -4.954285 0.023949 -5.391104 0.014535 -4.852117 0.007267 -0.071513 0.001286 0.320362 0.062919 -0.00055 0.089077 0.011219 0.004923 0.008268 0.010252 0.000834 0.007156 -5.821613
41.585591 259.813524 83.61512 1320.978238 49.601093 547.03039 36.59925 414.547882 39.497664 262.34403 33.317883 317.840226 -51.354777 245.365823 -82.082005 1216.477422 -24.694464 1579.69677 -13.323919 1882.399595 -8.498759 1606.784033 -8.040062 1525.411651 84.63963 -570.620922 0.004242 -0.011255 0.022625 0.057772 0.06286 -0.01402 0.083409 -0.123324 0.078278 -0.098172 0.055144 -0.067124 0.000103 0.001658 6.8e-05 0.440451 0.000935 0.011984 0.013826 -0.007029 0.008797 -0.019054 0.0003 -0.009324 0.034592 -0.030726
43.611175 252.273908 86.923181 1294.733123 55.011747 493.599835 40.34319 366.414638 44.623393 221.54014 36.150112 275.48909 -49.204982 238.594331 -79.272904 1206.997294 -22.606504 1576.935001 -11.469556 1877.751984 -6.621686 1599.140187 -6.751491 1518.141997 85.624264 -630.262349 0.024083 -0.055507 0.032087 -0.13167 0.140015 -1.372586 0.091142 -1.484715 0.156308 -1.723478 0.057759 -1.513417 0.022982 -0.047375 0.024454 -0.018542 0.046106 -0.001208 0.069443 -0.002872 0.116964 -0.009113 0.056234 -0.008682 0.002847 -1.481949
44.57097 237.596344 87.163246 1204.362428 58.849706 393.560999 47.106469 264.101225 51.649926 156.593661 42.209172 207.537776 -48.252429 235.921108 -80.980964 1188.415603 -22.973365 1572.922519 -11.909885 1870.794302 -6.81668 1598.41591 -6.786523 1520.147119 95.994249 -754.406156 0.005223 -0.219935 0.000166 -1.634498 0.064702 -5.65838 0.261925 -8.356543 0.256759 -5.619202 0.234607 -4.803516 0.004655 -0.00753 -0.009103 -0.072072 -0.001476 -0.002556 -0.004147 -0.006457 -0.001415 -8.2e-05 -4.5e-05 0.000662 0.296292 -5.576346
47.551296 223.056591 91.44468 1133.879983 68.555885 350.375843 58.700463 226.245387 62.921373 129.844495 52.693677 176.453354 -46.626565 232.043233 -80.716317 1170.302448 -22.745241 1582.957261 -11.797019 1883.457436 -6.614663 1616.37771 -6.655918 1538.241308 110.338177 -829.973881 0.048222 -0.229519 0.051323 -1.06253 0.370262 -1.254496 0.637135 -1.463461 0.555787 -1.251727 0.580922 -1.260224 0.013932 -0.016068 0.000217 -0.069549 0.000569 0.015954 0.000269 0.021357 0.001519 0.050179 0.000634 0.053525 0.499188 -1.803145
48.58323 207.540094 101.190177 1035.481966 88.118537 325.320586 82.166377 209.830466 81.723505 123.606296 69.196182 169.994352 -44.479494 226.985368 -80.904065 1144.310546 -23.267244 1576.003275 -12.438829 1888.458393 -6.758261 1629.531125 -6.802448 1549.724496 135.484266 -855.539947 0.005539 -0.279658 0.246673 -2.23272 1.226112 -0.464692 1.968253 -0.309058 1.227234 -0.076782 1.122293 -0.060214 0.025303 -0.027866 -0.000109 -0.145942 -0.002961 -0.007654 -0.0085 0.003315 -0.000771 0.026651 -0.000798 0.021351 1.289526 -0.193906
48.197543 210.977508 95.803089 1115.0004 99.739626 385.012399 100.653664 261.531392 102.816131 156.864755 85.691289 205.651964 -46.33865 235.409981 -88.407652 1152.685334 -28.124764 1566.709651 -16.231014 1858.298753 -9.245447 1600.552273 -8.918308 1531.201158 173.724566 -755.278834 -0.000769 0.014117 -0.073673 1.47068 0.35979 2.512501 0.937146 2.843966 1.209392 1.978887 0.880847 1.6962 -0.019032 0.076752 -0.166354 0.015267 -0.230079 -0.013742 -0.251905 -0.121387 -0.194452 -0.129995 -0.143038 -0.055684 2.373728 3.123271
47.69909 222.025243 88.728849 1157.528351 104.931414 396.316322 107.094697 269.961825 111.133059 159.405898 92.83687 208.132318 -46.254861 236.066239 -87.117899 1151.334943 -26.884494 1558.149505 -15.418976 1851.740923 -8.467962 1596.226917 -8.131093 1527.010673 180.954765 -746.776065 -0.001295 0.14096 -0.135649 0.397967 0.065859 0.081774 0.099873 0.066865 0.161715 0.010209 0.143058 0.007434 3.8e-05 0.000457 0.004739 -0.000396 0.013984 -0.011725 0.010419 -0.005796 0.017071 -0.002926 0.018184 -0.002871 0.073702 0.024066
47.331 221.361766 89.420384 1129.496361 109.997092 391.470829 112.909093 265.596407 113.063937 155.848895 94.645747 205.592733 -46.720304 233.986952 -86.980539 1143.796451 -24.288668 1559.436987 -13.07364 1861.501135 -7.24657 1609.570132 -7.063082 1538.829534 177.558241 -763.721016 -0.000713 -0.000496 0.001342 -0.1718 0.059705 -0.014902 0.076847 -0.017792 0.008315 -0.020067 0.008726 -0.007794 -0.001165 -0.004599 5.4e-05 -0.01238 0.065881 0.000266 0.096691 0.012827 0.047537 0.027769 0.037582 0.022781 -0.01609 -0.095048
45.823093 223.285431 94.791582 1048.050826 110.314387 318.308277 113.416342 192.322612 111.467278 111.758769 93.29855 158.661299 -46.416666 235.667671 -81.453665 1153.733216 -22.882863 1568.92648 -12.48969 1865.282092 -6.396134 1616.95025 -6.163623 1546.445222 171.266019 -878.512879 -0.012205 0.004161 0.078323 -1.523663 0.000228 -3.780791 0.000568 -5.900459 -0.005677 -3.657058 -0.004828 -3.036036 0.000495 0.003007 0.090702 0.021488 0.020953 0.014393 0.006671 0.001918 0.026532 0.00844 0.030618 0.009399 -0.056755 -4.016878
44.899188 207.073921 91.17784 955.583432 104.238957 275.469601 102.674935 161.135321 111.348436 92.717052 89.247375 134.204702 -45.420662 219.653528 -75.475749 1082.811623 -21.899766 1560.547458 -11.441495 1869.970187 -5.740485 1620.129464 -5.617182 1545.760865 167.653494 -937.698458 -0.004705 -0.30545 -0.035114 -2.134815 -0.086035 -1.547335 -0.267131 -1.378591 -3.2e-05 -0.888556 -0.044959 -1.022945 0.005401 -0.281705 0.1139 -1.124757 0.010792 -0.011217 0.022967 0.002942 0.017723 0.001561 0.01268 -7.6e-05 -0.019253 -0.964608
46.717819 209.311191 91.360684 955.27557 101.948266 269.064717 102.717036 159.443603 106.832398 91.900147 88.200693 133.241669 -44.666166 226.483123 -75.745258 1096.135649 -20.877531 1568.322379 -11.055866 1886.491905 -5.215509 1637.042424 -5.053603 1558.281029 159.257456 -953.199214 0.018052 0.006011 9.2e-05 -2.5e-05 -0.012725 -0.037669 4e-06 -0.004464 -0.046743 -0.001807 -0.003087 -0.001734 0.00316 0.052278 -0.00024 0.040738 0.012216 0.00966 0.003305 0.036333 0.012585 0.043911 0.014893 0.02525 -0.107835 -0.063535
49.639133 219.643193 93.543683 1041.398639 109.236689 321.656595 110.235208 201.936399 114.15037 119.041332 95.155266 164.618411 -45.909196 229.980785 -77.49351 1132.171803 -19.992968 1574.834097 -9.845565 1889.091492 -4.466644 1639.39219 -4.499317 1560.575948 163.777575 -874.905527 0.044294 0.124449 0.012887 1.858249 0.125807 2.345783 0.132754 2.506949 0.121203 1.753373 0.131939 1.657232 -0.00853 0.013401 -0.009973 0.291407 0.009573 0.006745 0.035071 0.000895 0.029004 0.000843 0.016094 0.000844 0.031626 1.677342
47.56186 222.346333 94.449099 1106.878716 110.145486 384.914514 119.425266 277.117619 115.11208 165.021375 94.120246 212.988854 -48.181985 229.890313 -80.445794 1146.746506 -21.3641 1575.553958 -10.893516 1876.327554 -5.224743 1623.153306 -5.150348 1548.572848 169.385002 -753.080501 -0.022199 0.008266 0.00218 0.998157 0.001882 2.837376 0.183948 5.936129 0.002017 3.745998 -0.00283 3.110874 -0.027454 -9e-06 -0.027595 0.046606 -0.022735 8.2e-05 -0.026494 -0.021634 -0.029696 -0.040414 -0.021987 -0.02317 0.047192 4.564588
45.556499 223.256397 96.741917 1108.406179 124.242485 443.969161 142.72319 329.157787 137.946492 196.978253 114.334996 248.037526 -49.815793 227.753363 -79.645834 1151.206318 -19.553505 1572.128104 -9.61855 1859.853844 -4.19637 1607.894981 -4.162081 1537.597801 190.262486 -679.314983 -0.021596 0.000929 0.013749 0.000527 0.424308 2.10638 1.037331 2.237585 1.032322 1.413316 0.982468 1.334185 -0.01362 -0.004989 0.001999 0.004328 0.040079 -0.001864 0.039662 -0.036318 0.056295 -0.036028 0.052588 -0.019515 0.606479 1.90065
44.565041 222.545731 94.674916 1122.116277 143.305408 501.591016 163.644876 386.30841 161.667206 242.223643 136.124273 296.024226 -49.777055 221.143132 -75.26421 1128.694425 -18.029574 1574.712046 -9.052021 1861.693499 -3.815827 1612.565918 -3.740601 1538.165099 215.157735 -604.827015 -0.005454 -0.000566 -0.011161 0.042136 0.679986 1.757353 0.715199 2.286216 0.940472 2.336745 0.949604 2.120365 8e-06 -0.048672 0.061979 -0.111145 0.030909 0.001061 0.008597 0.000455 0.009042 0.003387 0.011248 5.2e-05 0.765081 2.162196
44.486132 219.350632 91.689194 1143.972642 144.410073 507.729755 159.622178 386.731207 160.425642 240.053259 135.666515 291.424527 -50.109151 215.552311 -73.975832 1125.365956 -19.317013 1567.053177 -10.064787 1856.530374 -4.726531 1613.616848 -4.513476 1538.035595 220.225095 -608.914736 -3.5e-05 -0.011551 -0.023919 0.105404 0.002121 0.018668 -0.02503 0.000116 -0.002393 -0.004884 -0.000385 -0.018008 -0.000552 -0.03579 0.005561 -0.002458 -0.022197 -0.009335 -0.026846 -0.003585 -0.048684 0.000171 -0.036264 -3e-06 0.02949 -0.006883
46.167867 219.322826 83.20989 1159.391724 140.442476 530.386296 155.777767 414.374844 160.922026 261.904273 136.594505 312.478864 -47.276313 215.297383 -69.956611 1092.51117 -18.513778 1573.000529 -10.119207 1878.558178 -4.637438 1635.325314 -4.239926 1557.043651 220.195199 -588.33893 0.0156 -1e-06 -0.205664 0.051609 -0.027633 0.247265 -0.023431 0.477089 0.000383 0.47583 0.001582 0.367128 0.041211 -7.5e-05 0.056128 -0.243362 0.008528 0.005632 -7.3e-05 0.064955 0.000424 0.072526 0.004275 0.058368 -1e-06 0.176819
46.321285 223.747832 80.907926 1220.586492 127.866202 569.432797 139.4489 445.428966 144.093868 282.534118 121.563234 332.28325 -48.122922 222.000109 -65.118182 1111.365704 -18.67645 1602.700323 -10.575463 1917.28228 -5.072849 1686.317214 -4.606095 1602.176834 203.239499 -588.355556 0.000127 0.022097 -0.016145 0.78686 -0.294902 0.693346 -0.451917 0.560985 -0.46457 0.390993 -0.43797 0.304226 -0.003757 0.051371 0.086685 0.080653 -0.000356 0.138882 -0.00503 0.197531 -0.009767 0.391422 -0.007582 0.322407 -0.339617 -0.0
45.800501 225.479405 77.014674 1235.086998 120.433296 628.612179 131.645185 518.628152 133.605879 337.097073 112.096451 385.120122 -47.505807 223.461282 -70.823689 1123.98291 -17.477701 1574.757223 -8.354252 1880.504243 -3.696133 1639.113942 -3.792808 1559.904716 181.746362 -489.549639 -0.001472 0.003337 -0.047997 0.042812 -0.111278 1.462524 -0.112342 2.78296 -0.198123 2.407004 -0.191853 1.948368 0.001991 0.002396 -0.119783 0.035609 0.019879 -0.122871 0.13077 -0.178085 0.108745 -0.335033 0.039469 -0.282569 -0.600432 4.538063
43.256263 231.900888 72.351327 1251.172125 116.57392 659.753846 125.73869 551.803051 127.142009 367.40588 106.036319 416.447238 -49.746865 221.881832 -73.376068 1111.346231 -15.004604 1583.739226 -6.221782 1893.719388 -2.279093 1654.104293 -2.535275 1570.437361 163.466274 -462.372407 -0.03635 0.04508 -0.072815 0.052033 -0.031425 0.376425 -0.067781 0.514203 -0.080131 0.652268 -0.084197 0.612402 -0.025825 -0.002801 -0.022591 -0.035719 0.094284 0.012771 0.156834 0.023136 0.170459 0.034117 0.126209 0.01772 -0.484334 0.388032
48.591747 241.164582 71.620726 1323.896834 112.829115 749.132229 109.401962 648.469548 120.932705 441.545067 103.330799 488.878073 -46.106572 219.875578 -71.569132 1081.634345 -16.886732 1542.874644 -8.238556 1843.836152 -3.517552 1612.905577 -3.363476 1529.745876 165.700085 -366.646744 0.155101 0.090711 -0.001854 1.027145 -0.030567 2.837898 -0.568195 3.898953 -0.077722 3.404539 -0.017482 2.902077 0.06915 -0.004556 0.011263 -0.201287 -0.055587 -0.26706 -0.14133 -0.332898 -0.133844 -0.259779 -0.05843 -0.26706 0.00758 5.545199
46.544265 243.973854 58.765694 1360.88706 87.731218 812.058544 88.206291 713.288339 99.536504 489.043615 83.298266 532.878887 -47.34523 221.887869 -73.201148 1099.451272 -17.323969 1545.296902 -7.607497 1842.642632 -3.534609 1609.364247 -3.6456 1527.658251 140.584986 -324.091871 -0.022035 0.008134 -0.635248 0.254833 -1.576558 1.268689 -1.140024 1.543541 -1.040691 1.212987 -1.078248 0.947862 -0.008209 0.004583 -0.009199 0.072773 -0.002794 0.00095 0.012571 -0.000193 -2.1e-05 -0.001946 -0.00568 -0.000713 -1.031445 1.312102
46.407367 244.140532 54.928931 1379.559792 64.278797 865.389826 58.865939 788.811046 67.591659 543.830804 56.173789 584.179649 -47.251153 220.26092 -73.900543 1091.150043 -18.026715 1521.555049 -8.252591 1804.695053 -3.617034 1552.107741 -3.934129 1474.729861 102.48049 -258.45766 -0.000101 2.8e-05 -0.064757 0.063616 -1.82004 0.847998 -2.956358 1.899771 -3.081372 1.454073 -2.663003 1.178612 4.7e-05 -0.002993 -0.001663 -0.015729 -0.006986 -0.091899 -0.013125 -0.197412 -0.000475 -0.518521 -0.005494 -0.466567 -3.005331 3.709219
45.113317 251.074437 53.551408 1413.147019 55.512039 888.527153 48.995567 813.311354 56.63473 567.266515 46.736642 605.544332 -47.06103 216.509854 -75.327413 1087.142109 -18.881328 1490.328198 -8.66697 1754.312071 -4.210619 1489.015983 -4.329064 1422.530248 91.73012 -218.165084 -0.009149 0.048546 -0.008746 0.20198 -0.321223 0.152618 -0.452567 0.187345 -0.484151 0.247185 -0.433619 0.191846 0.000192 -0.016108 -0.006822 -0.003687 -0.009896 -0.161883 -0.005075 -0.35664 -0.022539 -0.654528 -0.009443 -0.470275 -0.297767 1.706174
45.735821 252.582629 57.068058 1362.891589 55.506533 886.053925 47.090516 825.075016 56.611138 588.828419 46.810997 625.301487 -44.723069 215.742162 -73.104949 1051.82991 -19.073057 1427.272687 -9.308042 1691.297207 -5.109848 1452.12973 -4.800538 1383.687077 95.737117 -191.574194 0.002133 0.002258 0.055912 -0.454932 -0.0 -0.001723 -0.018887 0.042232 -2e-06 0.201089 3e-05 0.158578 0.029782 -0.000682 0.016639 -0.291504 -0.000484 -0.681461 -0.011435 -0.57627 -0.04348 -0.231313 -0.012182 -0.268843 0.042828 0.863746
45.290763 243.018556 58.488305 1298.040242 49.488026 851.558799 37.658325 807.30352 43.979869 574.759888 37.115006 607.66636 -45.28254 219.832715 -72.243985 1087.98164 -17.727322 1397.567275 -7.679278 1610.227091 -4.625585 1332.859299 -4.504098 1281.410695 77.131417 -157.106049 -0.001088 -0.092292 0.008728 -0.790385 -0.172639 -0.342433 -0.526517 -0.096741 -0.796209 -0.085052 -0.561972 -0.126124 -0.001739 0.019208 0.00255 0.30541 0.024614 -0.156192 0.078264 -0.995503 0.012052 -2.55512 0.004723 -1.963214 -1.004175 1.707825
45.196667 242.195443 60.435236 1313.371695 44.27687 859.679621 31.272369 818.588547 36.860494 581.914868 31.162404 615.6419 -46.655589 225.344366 -71.33797 1156.766798 -16.921236 1392.953683 -6.762585 1591.935237 -4.532579 1300.902659 -4.460952 1253.79373 67.244427 -142.685809 -4.9e-05 -0.000698 0.015938 0.045005 -0.144922 0.019269 -0.296445 0.039164 -0.314101 0.02213 -0.259977 0.025999 -0.010253 0.034121 0.002859 1.054129 0.009378 -0.003814 0.029123 -0.052245 0.000472 -0.193879 0.000104 -0.150426 -0.338933 0.347014
46.426535 228.582307 69.415655 1267.756451 38.47638 796.184948 29.082086 746.589413 33.448956 522.74378 30.533155 557.819532 -44.378144 210.34416 -66.068297 1081.129041 -13.574463 1338.546192 -4.915925 1553.923925 -2.654071 1291.697983 -2.630875 1237.919444 54.947221 -170.997713 0.008255 -0.196862 0.310913 -0.403101 -0.203539 -1.21781 -0.039756 -1.656879 -0.082816 -1.585889 -0.003209 -1.425466 0.028493 -0.258296 0.101086 -1.278591 0.184203 -0.541913 0.146925 -0.229653 0.249854 -0.01634 0.240197 -0.050567 -0.620362 -1.280276
46.429621 221.717343 74.527705 1267.540202 34.569858 789.630368 25.155912 741.333515 28.530572 515.665254 29.461839 550.883961 -43.618182 206.34816 -68.315654 1114.891335 -12.256591 1301.412002 -3.468259 1514.470422 -1.968788 1267.199844 -2.159269 1214.141868 45.488776 -166.138864 0.0 -0.052332 0.090804 -9e-06 -0.104535 -0.013546 -0.14229 -0.009283 -0.195457 -0.024126 -0.009566 -0.021693 0.003282 -0.019161 -0.018793 0.259551 0.03364 -0.261181 0.125927 -0.253658 0.051075 -0.117272 0.023272 -0.115288 -0.446361 0.035015
46.308913 218.084888 74.467719 1257.298825 33.506135 785.09671 20.413933 738.436747 22.750188 517.536834 22.897578 553.377092 -45.780536 202.030937 -75.258677 1120.428756 -11.159761 1290.639951 -2.176919 1505.909133 -1.017719 1231.030321 -1.438654 1191.89462 33.391481 -152.191842 -7.9e-05 -0.015001 -1.2e-05 -0.020771 -0.008311 -0.006526 -0.247396 -0.002835 -0.326825 0.001695 -0.413108 0.002814 -0.026155 -0.022821 -0.167975 0.006859 0.025702 -0.022383 0.149682 -0.012134 0.155484 -0.261846 0.072903 -0.102856 -0.933157 0.305677
46.732405 217.45818 77.269833 1239.697403 30.56198 790.211334 15.678213 750.146484 17.18994 527.59324 15.833227 558.438412 -45.753398 206.232759 -71.197884 1147.868019 -11.157989 1272.392933 -2.519233 1440.905627 -1.413216 1157.714722 -1.694865 1126.710439 28.460764 -122.230918 0.000964 -0.000451 0.025875 -0.062037 -0.067683 0.008303 -0.31204 0.046057 -0.388927 0.048383 -0.649705 0.01152 4e-06 0.021623 0.056308 0.16597 0.0 -0.064954 -0.012493 -0.71704 -0.032388 -1.12537 -0.010492 -0.91646 -0.196846 1.64044
48.635176 218.07635 83.378253 1232.100877 29.969779 799.708276 14.275796 776.865116 15.577834 552.256791 14.409022 580.158009 -45.538638 208.370063 -71.123067 1151.639142 -10.272798 1265.091025 -1.886354 1422.773275 -1.044397 1142.074974 -1.327399 1113.528665 24.689311 -105.97581 0.018984 0.000439 0.116174 -0.011673 -0.002897 0.028364 -0.032848 0.23377 -0.03968 0.281692 -0.033554 0.207178 0.000253 0.005509 2e-05 0.003092 0.018289 -0.010506 0.045695 -0.057406 0.027832 -0.05318 0.022423 -0.038782 -0.133977 0.57966
49.461697 218.319707 88.617884 1200.704765 30.919419 804.392055 15.038078 789.04995 15.920484 566.823962 14.718143 591.933484 -44.362501 209.695106 -71.249344 1155.290027 -9.818241 1250.674819 -1.653681 1400.079879 -0.774447 1126.549587 -1.100157 1101.210746 23.71763 -95.180444 0.003482 6.8e-05 0.079828 -0.202597 0.007406 0.006838 0.009913 0.047408 0.001864 0.094815 0.00164 0.059153 0.007694 0.0021 -5.6e-05 0.002889 0.005143 -0.041305 0.007655 -0.09122 0.020144 -0.053125 0.010659 -0.034255 -0.009753 0.289884
48.20942 221.621323 89.247375 1172.889807 31.255972 814.098912 15.127964 810.973035 15.128613 599.162437 13.989411 620.550266 -44.496112 211.911224 -82.089457 1145.761522 -10.573951 1251.891802 -1.763118 1416.741959 -0.722608 1142.447451 -1.135275 1115.639775 22.463953 -86.905565 -0.008028 0.012389 0.001114 -0.16298 0.000911 0.029109 0.000134 0.150199 -0.0101 0.448538 -0.009251 0.337751 -0.0001 0.005824 -0.383645 -0.019729 -0.014008 0.000296 -0.001753 0.04928 0.000898 0.055695 -0.000276 0.046958 -0.01702 0.188123
46.705149 227.718912 91.905632 1169.439271 31.682085 828.231358 14.795144 849.603673 14.463805 641.479574 13.70926 662.786685 -46.628559 216.423912 -88.215416 1136.19492 -12.316678 1260.037913 -2.343976 1429.648895 -1.018308 1155.330547 -1.562065 1128.207074 23.157688 -75.042486 -0.011921 0.041374 0.019505 -0.002542 0.001442 0.060807 -0.001851 0.449401 -0.007469 0.721909 -0.001417 0.695218 -0.024955 0.023772 -0.110213 -0.020053 -0.066436 0.013209 -0.041282 0.029263 -0.025297 0.036117 -0.033979 0.035194 0.005275 0.435084
48.897154 232.633962 97.367934 1152.013175 31.708897 881.733629 14.03955 965.073239 12.837477 738.65753 12.60736 749.444674 -46.036014 219.190085 -89.418298 1122.249257 -13.326813 1247.139824 -2.858257 1416.095008 -1.279258 1144.260543 -1.931515 1118.83222 22.221658 -44.204755 0.025133 0.026239 0.078836 -0.065406 6e-06 0.837208 -0.009902 3.677444 -0.048483 3.425489 -0.023079 2.661281 0.001895 0.008783 -0.004073 -0.043057 -0.019903 -0.033177 -0.025483 -0.032278 -0.014867 -0.026645 -0.01959 -0.019556 -0.009655 4.056361
48.663654 230.056087 104.682817 1072.738489 26.354237 916.513498 9.595032 1049.056398 7.580149 838.752459 8.237769 830.685628 -44.483429 214.20005 -100.924257 1045.99255 -16.868685 1198.063576 -4.590668 1363.841687 -2.244893 1100.43256 -3.233343 1079.907627 18.075286 -17.737111 -0.000279 -0.007181 0.132454 -1.412848 -0.247434 0.33637 -0.42166 1.751685 -0.688461 3.178977 -0.463125 2.089847 0.013316 -0.028728 -0.348078 -1.341383 -0.208447 -0.49254 -0.204255 -0.491135 -0.134876 -0.427915 -0.166758 -0.344571 -0.213889 5.939557
48.583355 224.511138 108.428334 992.525628 15.746848 1008.069661 3.069727 1231.01861 1.314042 1018.133366 2.261911 991.967998 -42.562337 218.871107 -110.975964 1014.325571 -19.515043 1243.118235 -6.183009 1427.78232 -3.117574 1176.733265 -4.452471 1150.622741 8.479639 -5.737672 -3.3e-05 -0.033821 0.032917 -1.558283 -1.358176 2.178986 -1.810427 7.272378 -2.582097 8.684684 -1.866465 7.149774 0.021202 0.025191 -0.238541 -0.243374 -0.096369 0.415802 -0.118323 0.732359 -0.071486 1.278658 -0.097305 1.121232 -1.794319 3.298587
45.436731 229.404542 104.32058 986.479687 27.279294 1021.972684 11.363723 1241.471178 8.019388 1016.27912 8.748387 1002.864579 -45.914931 216.917957 -126.74807 996.393164 -19.164796 1330.028435 -4.52696 1537.908668 -1.998986 1259.710622 -3.832635 1231.387958 18.026031 -13.055715 -0.05267 0.026377 -0.03966 -0.009235 1.574343 0.047609 2.620995 0.022094 2.841031 -0.000845 2.11354 0.029761 -0.063541 -0.004377 -0.523787 -0.079966 0.001586 1.468152 0.12881 2.045391 0.123771 1.413379 0.023219 1.369619 1.778824 -1.483343
48.761873 217.96845 130.199887 840.890712 50.497102 1047.865398 30.033377 1329.400946 21.421002 1117.17805 21.747039 1083.915953 -42.430072 204.416639 -137.067222 867.743989 -20.446505 1324.145166 -5.079349 1594.042279 -1.487236 1317.857944 -3.407256 1281.154029 34.196832 -8.283458 0.058706 -0.146193 1.432263 -5.808864 3.546341 0.161959 4.448975 1.504141 3.227162 2.387274 2.909088 1.574628 0.068759 -0.185503 -0.201894 -4.444513 -0.020742 -0.00652 -0.015895 0.503079 0.037765 0.655956 0.012507 0.492908 2.566719 0.540474
48.820161 214.524687 139.297892 750.999218 59.111543 1108.888242 40.003596 1377.603655 26.082397 1192.29695 26.409864 1140.220744 -44.360992 200.651169 -156.136325 816.265638 -35.962462 1275.576044 -15.872432 1554.694926 -8.008876 1303.729274 -11.281692 1263.314856 62.997376 -2.488627 1.7e-05 -0.013711 0.153614 -2.540041 0.33904 0.863458 0.713295 0.429199 0.229259 1.221997 0.226272 0.712802 -0.021482 -0.017502 -0.620756 -0.787003 -2.17589 -0.453734 -2.993873 -0.245856 -2.593623 -0.038073 -2.289011 -0.062536 4.365103 1.69146
53.4273 206.935252 163.594251 630.996685 78.863263 1093.101104 57.093321 1375.103132 37.722545 1185.918721 37.447096 1137.697839 -46.864557 183.34725 -183.610614 661.662067 -49.782522 1140.312122 -28.086813 1430.442305 -13.407466 1206.708438 -17.401981 1172.888174 96.108394 -0.090323 0.103849 -0.068339 0.976033 -5.219934 1.421093 -0.056594 1.515786 -0.001136 1.07076 -0.008553 0.961087 -0.001397 -0.03436 -0.390077 -1.112703 -8.108656 -1.121062 -3.789639 -1.731006 -2.587051 -0.6916 -1.875482 -0.660555 -1.678802 3.48345 1.630728
52.264478 201.557203 169.77263 526.520425 87.271347 976.408838 60.350701 1265.845654 43.034666 1124.149374 42.715179 1073.627124 -48.510511 184.682081 -200.881308 625.085685 -58.328049 1021.608964 -33.696372 1272.180328 -18.589332 1063.252085 -23.767933 1048.765872 118.192035 0.847855 -0.006397 -0.035404 0.057258 -4.7246 0.212903 -3.292549 0.045181 -2.260988 0.174902 -0.825979 0.173291 -0.928384 -0.014204 0.002421 -0.38808 -0.519955 -0.338267 -3.261237 -0.255185 -4.637784 -0.422388 -4.537593 -0.495149 -3.470024 1.140896 1.491644
54.950314 189.669595 193.547593 510.53094 92.309035 821.099889 65.260343 1047.236879 43.889988 923.043011 44.641312 898.282668 -47.507328 164.135368 -223.53034 522.87148 -61.007685 779.14595 -34.682445 963.636889 -18.565517 808.603167 -24.410934 816.455355 119.546322 3.785649 0.033647 -0.180647 0.778728 -0.123272 0.070674 -6.722097 0.095986 -10.353498 0.004208 -9.901809 0.021237 -7.811386 0.005241 -0.605667 -0.604772 -4.559636 -0.030089 -16.397902 -0.00711 -21.39188 8e-06 -17.40223 -0.004291 -14.523507 0.003857 1.050387
57.591797 176.443219 200.545897 488.889803 96.962123 726.819767 72.794864 907.565967 47.914217 783.921235 48.940552 774.31725 -46.163494 155.673039 -251.449337 465.559111 -71.389128 670.273359 -40.710113 829.880298 -21.832344 682.562908 -28.609232 699.027454 134.432871 3.506962 0.031003 -0.238989 0.062143 -0.234333 0.057205 -2.873857 0.205756 -4.996137 0.088243 -5.678829 0.098808 -4.6002 0.00964 -0.111979 -0.82124 -1.662976 -0.40764 -4.094746 -0.241344 -4.994592 -0.132305 -5.336301 -0.166478 -4.556328 0.43665 -0.005327
51.94343 161.196537 187.212343 472.686753 95.574064 696.325991 72.853817 869.322296 48.706199 734.501255 49.413083 719.077 -45.47945 140.492279 -225.500349 447.925494 -70.044929 607.078191 -40.911581 744.675053 -24.429225 595.640518 -30.003104 607.614641 142.123966 7.268071 -0.145731 -0.34442 -0.229313 -0.136524 -0.005004 -0.326733 1.2e-05 -0.411604 0.003246 -0.804447 0.001135 -1.022011 0.002553 -0.389321 0.706415 -0.170213 0.006388 -1.564204 -0.000249 -2.307082 -0.072945 -2.958941 -0.016576 -3.201547 0.106966 0.677736
56.428804 145.750236 189.370667 485.543183 99.938486 743.692625 80.373585 943.56249 52.221698 800.128037 52.466294 775.307912 -44.584859 131.148676 -210.016657 452.260818 -69.097351 642.317544 -43.595392 803.352905 -25.326752 648.143861 -30.000786 648.205775 150.283752 7.99682 0.092861 -0.388894 0.006185 0.08625 0.048719 0.779228 0.184631 1.520758 0.061244 1.403872 0.045761 1.058307 0.004443 -0.160743 0.275329 0.01044 0.003227 0.497064 -0.042628 1.112489 -0.008096 1.108645 0.0 0.656173 0.113874 0.017405
56.487294 150.199149 189.055009 473.196952 107.508 828.875259 93.938067 1067.034698 61.205847 932.55553 59.405242 890.830365 -47.226286 132.677198 -200.756721 473.451635 -61.358099 830.980446 -37.080118 1061.031173 -19.931105 894.882559 -24.352218 872.677239 150.991091 0.388359 1.5e-05 0.033441 -0.000132 -0.079498 0.138148 2.308775 0.528578 3.794839 0.356359 5.068071 0.215405 4.009726 -0.038005 0.004428 0.104385 0.242575 0.229767 12.129527 0.263514 17.892838 0.322786 19.855206 0.294307 16.656401 0.00083 -4.860616
56.319383 159.736286 182.943125 466.463019 115.331085 848.190577 109.689368 1086.446709 74.902211 978.301121 70.036549 911.858119 -47.682337 144.461721 -203.266351 518.003665 -63.864337 841.821725 -40.569295 1067.1266 -23.141342 952.510356 -27.618301 911.403166 181.310297 0.172257 -0.000125 0.14677 -0.050212 -0.024129 0.137363 0.111234 0.610123 0.087494 0.690876 0.547649 0.437324 0.122645 -0.001096 0.250665 -0.007794 1.001501 -0.025083 0.035131 -0.078433 0.008729 -0.119798 0.899043 -0.10273 0.420349 1.386054 -0.043324
56.446984 162.878715 185.414735 462.722625 117.065529 938.041628 108.348409 1236.39865 69.923612 1121.740741 67.100267 1051.165224 -47.691104 154.789242 -199.348664 552.34672 -63.222245 1012.868187 -42.550089 1285.610604 -23.551621 1110.999719 -26.884525 1071.101208 174.637155 0.025836 7.2e-05 0.015305 0.008292 -0.007528 0.006472 2.261275 -0.004124 4.845148 -0.085599 4.904421 -0.031438 4.949244 -0.0 0.178261 0.019061 0.551104 0.001622 7.904116 -0.023605 10.166588 -0.001803 6.095447 0.00494 6.442602 -0.062558 -0.06467
55.766841 172.832625 174.364647 521.324868 114.924783 942.543502 104.124946 1212.407864 68.721164 1063.827069 64.29084 1018.70496 -50.967751 156.706905 -195.070636 549.143892 -34.574905 1049.188645 -14.916836 1358.165614 -3.810787 1180.59325 -7.024357 1145.507323 104.89747 -3.039444 -0.002061 0.1476 -0.169734 1.746498 -0.009877 0.005388 -0.04198 -0.117521 -0.005214 -0.76744 -0.030039 -0.254541 -0.054427 0.005903 0.023201 -0.004656 4.289865 0.319894 7.079915 0.995777 8.415091 1.056989 6.424595 1.249167 -8.839256 -3.625734
54.691568 171.362289 164.459688 523.077169 105.827126 863.797402 92.362817 1105.086779 61.315526 951.444076 58.280079 913.761586 -47.132245 153.770527 -180.939291 544.794494 -48.740773 858.632413 -24.382642 1085.263136 -11.393098 896.951734 -15.845397 885.065068 125.569717 0.803416 -0.005234 -0.003141 -0.144808 0.00147 -0.187547 -1.717255 -0.352368 -2.486305 -0.211048 -3.135998 -0.14747 -2.8516 0.075009 -0.013886 0.265639 -0.008646 -1.213118 -9.540385 -1.157015 -15.287837 -2.02562 -19.453477 -1.769638 -16.771491 0.928993 6.9682
55.08153 171.546011 162.746684 558.380522 104.536994 844.724738 89.729127 1093.222697 60.091352 931.683497 56.930313 912.398164 -48.402924 150.874587 -196.774941 536.289463 -49.578302 800.804269 -27.455812 1005.984499 -13.277704 852.813333 -17.203238 832.77419 129.862426 1.743781 0.000693 4.9e-05 -0.004484 0.576379 -0.003956 -0.10646 -0.019047 -0.032015 -0.006172 -0.103682 -0.007907 -0.000509 -0.008451 -0.013765 -0.3321 -0.033456 -0.003567 -1.007905 -0.091175 -1.503256 -0.072088 -0.556791 -0.027906 -0.796049 0.036073 0.179936
56.401226 170.917363 160.830247 619.366701 102.120038 838.762816 84.460411 1031.580383 58.6428 836.92228 55.571875 832.577771 -46.793585 147.55838 -207.080697 537.874135 -58.135424 717.486897 -31.088814 880.150457 -16.39445 686.398588 -20.92451 695.433529 137.050684 7.455081 0.007811 -0.000577 -0.005675 1.580055 -0.014134 -0.010557 -0.0797 -0.894336 -0.008836 -2.540459 -0.008202 -1.826567 0.013604 -0.018426 -0.131515 0.001169 -0.340441 -2.287775 -0.112832 -4.202209 -0.164145 -9.022563 -0.182033 -6.183943 0.096811 1.987751
57.660437 175.454458 159.886383 733.300061 97.833245 837.451564 75.894368 983.688709 56.068097 771.176746 53.345991 775.036583 -45.348946 148.296373 -199.319042 562.052344 -60.270899 716.716442 -33.84906 873.032426 -18.862452 666.776849 -23.138704 675.961983 139.971514 3.794886 0.006951 0.029717 -0.001389 4.80677 -0.045958 -0.000513 -0.22896 -0.569139 -0.028898 -1.344533 -0.022747 -1.030113 0.011325 0.00092 0.074125 0.265771 -0.019258 -0.000207 -0.05869 -0.01445 -0.086487 -0.14227 -0.055667 -0.138239 0.015399 -0.612076
54.179901 183.374933 143.588962 773.077452 88.045647 875.575961 70.43122 1007.498788 50.234288 817.532084 47.352448 809.585159 -46.084557 152.838284 -185.034118 611.426091 -59.294348 737.759702 -33.501512 899.574723 -18.581829 682.029818 -22.350643 688.690264 129.920779 6.134624 -0.054171 0.087425 -0.437923 0.525272 -0.257866 0.424293 -0.10202 0.142362 -0.160199 0.676422 -0.178525 0.376666 -0.002959 0.034254 0.265549 1.039153 0.003988 0.152234 0.000897 0.198728 0.001052 0.086247 0.006827 0.05936 -0.187209 0.279598
54.055241 187.725753 142.468025 782.971949 91.15149 903.673969 72.324966 1080.284323 52.28594 870.030496 49.1804 858.729 -46.330413 157.909754 -185.634018 627.890434 -60.55438 748.704375 -33.877814 911.454451 -19.097221 679.740091 -22.91866 688.796008 134.581773 11.726883 -7.2e-05 0.025506 -0.002196 0.031459 0.026917 0.221876 0.012561 1.269132 0.020531 0.816785 0.017309 0.723977 -0.000327 0.041386 -0.000485 0.109369 -0.006624 0.040293 -0.001051 0.038964 -0.003525 -0.001925 -0.003564 4e-06 0.041071 0.898015
53.346121 187.478957 136.66334 790.551503 82.41039 993.522806 57.267388 1169.041428 44.950325 937.832615 43.495841 922.29237 -41.838353 159.540331 -170.190014 678.540931 -53.923941 755.748543 -28.963854 910.136267 -17.594739 686.444032 -20.782509 696.771964 118.790569 19.571563 -0.002341 -8.1e-05 -0.060362 0.018255 -0.220254 2.128758 -0.877757 1.751834 -0.277098 1.271873 -0.174504 1.134627 0.114506 0.004188 0.33532 0.982232 0.192175 0.016491 0.19242 -0.000477 0.030775 0.016448 0.05224 0.022957 -0.492565 0.999045
49.394942 197.691382 108.974702 855.142146 57.517548 1075.010504 39.798363 1269.690564 27.881452 1023.177671 26.354665 994.653948 -41.523461 165.327714 -133.796099 736.104269 -36.053417 787.895945 -16.803067 912.945932 -9.476443 689.987126 -11.485428 700.478502 69.867402 32.713166 -0.076005 0.13541 -1.565538 1.268024 -2.23199 1.605684 -1.584899 2.077835 -2.028378 1.85803 -2.13586 1.366252 0.000595 0.051554 2.186445 1.17164 1.792499 0.334782 1.645199 0.002165 1.245959 0.00456 1.368357 0.004916 -6.453817 1.678493
55.187705 201.958338 100.369938 996.010888 51.152768 1192.482394 18.114636 1384.456763 18.455145 1114.653121 24.655678 1080.841357 -39.169974 177.131198 -121.51901 851.241223 -30.407766 789.136514 -13.04355 866.37588 -8.75918 647.9636 -9.86422 666.294117 52.642807 62.905394 0.160552 0.022779 -0.176917 5.367685 -0.186552 3.044975 -4.212613 2.482425 -0.968933 1.957964 -0.028302 1.790289 0.034328 0.203475 0.295349 4.181195 0.240224 0.000488 0.237724 -0.609542 0.014112 -0.660119 0.061643 -0.42756 -1.216909 4.891836
51.167177 194.490743 93.113948 1003.735689 42.458691 1177.400733 15.220722 1353.868679 17.611319 1092.708388 18.979902 1062.536004 -36.086672 167.764183 -114.327412 849.898528 -19.7458 717.34481 -5.28482 776.369789 -3.374384 575.456866 -4.527213 594.774707 36.40353 82.218793 -0.076021 -0.070337 -0.136104 0.01492 -0.404601 -0.047989 -0.125851 -0.170845 -0.009873 -0.109086 -0.370705 -0.078169 0.063189 -0.127223 0.109671 -0.00053 1.146397 -1.711597 1.723212 -2.467572 1.260324 -2.150467 1.026191 -2.029685 -1.49329 1.290873
46.371683 211.471627 86.758491 1076.026187 32.390849 1089.976898 13.352654 1211.198408 12.510532 941.194423 12.529513 925.54717 -42.760302 178.307519 -104.888679 966.813653 -22.102992 707.742832 -6.821006 743.892245 -6.27433 575.280723 -6.940504 568.373652 36.504367 44.808053 -0.117956 0.3553 -0.112314 1.256753 -0.680192 -1.686038 -0.061131 -3.970768 -0.435021 -5.651307 -0.667305 -4.725222 -0.282937 0.160643 0.203295 3.76596 -0.066439 -0.032349 -0.097864 -0.34695 -0.446106 -1.3e-05 -0.256804 -0.299663 7e-05 -5.633864
44.794768 210.029614 71.052861 1114.96975 22.038224 980.799948 8.656725 1042.835592 8.157356 791.796173 7.731645 786.670228 -42.54589 176.0955 -89.550236 954.591119 -23.610551 691.92036 -9.59734 697.257585 -9.209126 502.015076 -9.041265 515.661464 34.701086 32.869353 -0.013639 -0.002467 -0.783469 0.346126 -0.993625 -2.880055 -0.506797 -6.296641 -0.463645 -6.451697 -0.576266 -5.641407 0.000269 -0.006903 0.605936 -0.038876 -0.024865 -0.089435 -0.236441 -0.754731 -0.280681 -2.494244 -0.138671 -1.282347 -0.022838 -0.922948
49.006916 206.814887 76.768919 1131.374933 20.438474 903.577216 7.166359 962.960176 7.049972 759.380722 6.707177 737.548604 -43.509955 180.412435 -85.043486 1038.434738 -19.785072 695.149527 -7.273969 685.828881 -7.339172 486.512292 -7.009405 501.676454 28.775382 30.248238 0.094621 -0.012396 0.110557 0.059905 -0.030135 -1.582978 -0.070345 -1.591043 -0.040373 -0.338735 -0.03639 -0.791737 -0.0054 0.026138 0.058176 1.764369 0.168944 0.003759 0.160743 -0.04722 0.105992 -0.12157 0.129126 -0.096128 -0.277196 -0.054448
45.119402 206.759517 70.863021 1167.200655 19.405581 875.871584 6.629081 838.057798 8.007476 602.031319 7.32981 619.521725 -45.122806 180.603267 -79.513277 1051.816765 -19.276324 707.521012 -7.473759 687.753315 -8.137297 486.817351 -7.584121 502.08025 32.289025 6.112706 -0.080313 -4e-06 -0.118178 0.279208 -0.01339 -0.215698 -0.010466 -4.336272 0.030475 -9.123643 0.013816 -5.142249 -0.014676 5e-05 0.092952 0.042837 0.003313 0.054559 -0.001353 0.001348 -0.020593 4.8e-05 -0.011321 8.1e-05 0.101171 -9.16546
44.620526 190.460843 80.470548 1097.50383 25.433081 728.407786 10.855149 665.745273 12.26807 471.29936 11.208039 499.374434 -45.881293 172.864048 -81.8429 1007.176242 -8.656479 680.302912 -0.860874 673.358712 -1.054998 472.144969 -1.432876 491.157253 20.518287 -0.000379 -0.001387 -0.334523 0.305279 -1.072722 0.406975 -6.791741 0.518422 -9.904791 0.452703 -7.991343 0.410213 -6.469423 -0.003161 -0.084736 -0.016818 -0.483977 2.097548 -0.266927 3.261582 -0.076118 3.332318 -0.112252 2.423938 -0.060064 -1.32856 -6.209344
43.914395 183.581943 83.319103 1074.77229 31.238047 638.044636 15.911948 568.164641 17.779786 398.307187 15.882051 433.824442 -45.771019 173.746014 -86.583419 1029.918018 -10.057206 714.078294 -1.248641 703.775149 -1.254529 490.658981 -1.780398 510.517472 28.480005 -4.810077 -0.002816 -0.063259 0.024772 -0.118939 0.298093 -2.99112 0.482001 -3.86451 0.509836 -3.068787 0.406264 -2.305036 6.6e-05 0.001122 -0.066726 0.126947 -0.052496 0.409122 -0.035946 0.335941 -0.008635 0.178022 -0.018848 0.187113 0.651176 -4.725066
41.18998 186.1477 83.13482 1068.621716 34.687394 521.729277 19.695323 428.840793 21.589556 293.078404 18.808336 335.23029 -47.044307 179.346819 -89.110484 1046.376587 -11.621736 794.583961 -1.826301 813.893314 -1.399976 584.900476 -2.194649 596.411175 33.98496 -49.91681 -0.043619 0.008903 -0.000102 -0.008825 0.0903 -5.847457 0.201568 -9.782713 0.184769 -8.054823 0.123643 -6.346155 -0.008734 0.044423 -0.018175 0.065234 -0.056528 2.149515 -0.054747 4.000219 -0.003988 4.136718 -0.021644 3.337554 0.243045 -23.736328
41.920435 189.117628 96.031394 987.854646 36.587063 399.600224 20.265924 309.518554 20.603423 207.019031 18.317464 248.799886 -46.794034 186.21862 -88.961835 1054.368238 -12.373285 903.533678 -2.280767 969.965387 -1.541424 724.817483 -2.472471 725.347132 33.415802 -157.108141 0.00321 0.011752 0.464757 -1.586655 0.02532 -8.13043 0.004074 -9.705294 -0.011526 -7.46042 -0.003245 -6.430806 0.000334 0.064593 6.2e-05 0.015201 -0.011773 3.498663 -0.025222 6.840588 -0.003403 7.495104 -0.008276 6.303807 -0.002403 -29.911008
43.131926 186.038419 104.575939 875.116046 32.345611 317.080046 15.584187 232.551331 16.14952 157.249076 14.837933 195.691663 -46.428647 187.015848 -88.538002 1035.415987 -11.951844 918.86352 -2.26636 1001.824613 -1.131791 776.978588 -2.110101 772.978351 25.831836 -235.144937 0.008629 -0.012637 0.182053 -3.414345 -0.130613 -4.766631 -0.307013 -5.492019 -0.270871 -3.416052 -0.183087 -3.184112 0.000716 0.000851 0.000506 -0.085941 0.003651 0.064478 2.3e-05 0.2574 0.031572 0.906116 0.01435 0.757281 -0.487396 -7.840883
42.577426 168.417099 98.332702 713.33355 5.77971 208.229154 0.0009 137.913172 0.017345 95.473981 0.062807 128.30157 -46.037066 183.173687 -92.904018 1014.70565 -12.418887 910.157666 -2.579215 992.133581 -1.104287 778.231652 -2.27903 773.715796 1.398425 -328.541899 -0.001794 -0.438282 -0.096071 -8.260195 -10.779517 -11.401388 -15.34828 -12.291965 -15.108357 -7.666367 -12.970011 -7.086006 0.000829 -0.019939 -0.052537 -0.104611 -0.004476 -0.020719 -0.01011 -0.02355 0.000169 0.000505 -0.003252 0.000176 -15.209632 -7.791291
41.564492 153.767127 91.066719 604.080238 0.090819 194.876299 -5.115818 138.549201 -4.948754 101.745251 -3.506315 135.024469 -46.938115 179.720504 -93.4876 972.280698 -12.091195 906.060409 -1.727456 1007.880992 -0.048822 823.682989 -1.017015 819.846041 -4.014501 -346.4435 -0.006097 -0.333245 -0.139425 -4.538012 -4.421522 -0.221217 -5.252395 0.000732 -5.55205 0.099734 -4.507678 0.085834 -0.004366 -0.01643 -0.000914 -0.452968 0.002191 -0.004622 0.085069 0.061996 0.688723 0.644928 0.251175 0.667826 -10.151694 -0.23743
41.348734 151.998662 86.485888 581.234395 -0.487183 198.786056 -11.374596 148.407593 -11.366979 109.517765 -8.566749 144.204218 -42.872939 177.244814 -94.608465 932.873727 -9.094572 885.256233 -1.093197 991.080994 0.021647 801.453788 -0.275316 801.564823 -12.380709 -318.439942 -0.000281 -0.005114 -0.059102 -0.220187 -0.998693 0.019416 -1.233892 0.169392 -1.315415 0.143027 -1.111728 0.150935 0.092049 -0.008585 -0.00334 -0.407598 0.213 -0.120813 0.072235 -0.070598 0.135487 -0.152037 0.23403 -0.103063 -2.295228 0.589989
42.586372 150.47233 96.845947 602.822781 0.170087 241.857913 -5.21129 192.813346 -5.700853 141.523521 -3.691413 175.570379 -42.760692 175.020019 -95.837979 946.129879 -8.056362 912.093379 -0.768019 1019.38804 0.004376 822.860374 -0.281784 819.412949 -6.021125 -281.876466 0.009125 -0.003851 0.292957 0.196822 1.232992 2.110136 1.187663 2.901773 0.967959 2.048598 1.011223 1.542046 7.4e-05 -0.007026 -0.003969 0.046761 0.031452 0.200371 0.028627 0.199289 -0.006557 0.141063 -3.8e-05 0.098263 1.133852 1.11452
46.761217 145.416394 109.90178 541.67318 4.069036 258.736008 -0.415202 222.068053 -0.980201 160.672227 -0.234786 196.190849 -41.120923 178.920898 -92.904478 964.902709 -6.821582 907.850598 -0.411967 1007.022271 0.056815 812.791116 -0.095632 810.072477 -1.508991 -250.710388 0.09759 -0.043199 0.412641 -1.634757 2.575282 0.284613 2.684561 1.03271 1.953271 0.607291 2.064274 0.572318 0.016029 0.021497 0.022798 0.092209 0.051328 -0.004946 0.055 -0.03773 0.029655 -0.030994 0.049102 -0.026771 1.501576 0.912675
49.997402 138.528084 125.126745 489.624022 11.762528 253.622303 0.697745 227.755432 0.095333 162.662824 0.638716 200.054771 -38.687893 184.608053 -88.762539 990.416845 -5.88395 881.669737 -0.123389 962.278339 0.153859 751.938569 -0.033057 758.280798 -0.00697 -215.137452 0.054134 -0.083565 0.493649 -1.314288 1.995069 -0.02552 2.189433 0.035956 1.686913 0.006128 1.647999 0.01884 0.037095 0.044488 0.047223 0.166469 0.034645 -0.191525 0.084436 -0.508373 0.023682 -1.18373 0.016238 -0.855391 1.310846 1.360191
51.000862 135.504109 145.500933 532.230337 16.805022 255.038445 2.868747 228.197134 0.20187 169.67013 1.474702 203.181976 -39.194412 186.320387 -90.672059 999.442521 -6.920811 892.46442 -0.26601 971.056295 0.013491 757.555013 -0.187986 763.227758 0.110988 -210.191092 0.004985 -0.016685 0.768025 0.888624 0.44855 0.001971 0.736895 0.000214 0.019751 0.073883 0.172371 0.012126 -0.001647 0.003952 -0.010161 0.02047 -0.042049 0.03284 -0.027058 0.019927 -0.07623 0.010449 -0.063382 0.008042 0.173586 0.028763
48.744144 142.436296 151.060532 588.978705 32.540077 251.060743 13.188243 216.798232 8.080878 157.783572 9.477728 192.424793 -40.427204 186.946325 -90.824742 988.384884 -8.126912 904.193841 -0.698163 988.161905 -0.015982 779.318491 -0.389801 783.869001 8.815597 -235.778585 -0.025532 0.086462 0.052117 1.437039 2.576019 -0.015632 3.755164 -0.14602 5.72831 -0.215812 3.475311 -0.14628 -0.009544 0.000525 -6.4e-05 -0.030755 -0.048413 0.038288 -0.102272 0.074675 -0.05884 0.154103 -0.036392 0.137703 6.948279 -0.734646
47.577975 151.345127 148.761642 604.269087 24.805574 247.829641 7.327212 205.245895 5.132103 151.336181 6.242555 186.606965 -42.606251 192.619062 -92.69226 999.627007 -8.499507 947.576429 -0.788913 1047.992939 -0.018416 833.100345 -0.434412 833.965586 5.765375 -274.286613 -0.00706 0.13511 -0.008814 0.09797 -0.52399 -0.010463 -0.855032 -0.158137 -0.333245 -0.067245 -0.336494 -0.044652 -0.028597 0.042393 -0.009502 0.031787 -0.004175 0.508245 -0.002772 0.879237 -8.6e-05 0.89719 -0.001208 0.775812 -0.32261 -1.455684
46.505845 142.164117 143.421308 576.813292 12.576247 230.090443 1.037519 184.803198 0.551454 136.648777 1.22798 169.609965 -45.066889 186.050045 -94.837375 999.007663 -8.201234 936.296677 -0.710635 1031.139545 -0.015046 825.019203 -0.464696 826.140966 0.748674 -290.138785 -0.006109 -0.143627 -0.048808 -0.319166 -2.056984 -0.329331 -2.850342 -0.536075 -2.318966 -0.374777 -1.933122 -0.40574 -0.034537 -0.056983 -0.012269 -9.6e-05 0.002664 -0.033769 0.002044 -0.068308 0.00017 -0.019693 -0.00051 -0.01844 -2.358865 -0.222652
46.951469 141.636996 134.763621 600.669645 6.645481 238.22114 -0.002222 192.568025 -0.032902 142.76079 0.023709 177.023566 -45.429178 178.463871 -97.806834 988.069909 -6.601134 926.704987 -0.202444 1023.46692 0.181281 823.394941 -0.057868 825.070222 -0.368643 -280.44876 0.001062 -0.00049 -0.134755 0.241695 -0.937833 0.070587 -1.135776 0.079893 -0.853754 0.066857 -0.910433 0.079288 -0.000725 -0.078949 -0.022887 -0.030103 0.086738 -0.024692 0.154491 -0.014326 0.300777 -0.0008 0.194594 -0.000347 -2.168019 0.082287
47.41547 140.761934 128.070977 653.985661 4.123829 254.814516 -0.483252 192.901832 -0.510849 147.016284 -0.115116 178.34883 -44.365558 176.282928 -95.917412 990.085792 -5.589655 926.143674 -0.077841 1024.026848 0.28947 818.266438 -0.005838 815.641464 -1.569411 -271.601265 0.001141 -0.001356 -0.085222 1.133332 -0.299386 0.279309 -0.419932 0.000145 -0.28446 0.031249 -0.24331 0.002471 0.0063 -0.006704 0.009214 0.001027 0.042034 -8.5e-05 0.02922 7.7e-05 0.012601 -0.008011 0.026946 -0.027093 -0.416802 0.070902
46.630472 136.961243 126.413641 663.132606 4.929043 298.864413 -0.252335 254.942409 -0.4433 185.197122 -0.060242 218.282455 -44.544035 173.825611 -93.030569 976.869302 -6.527283 929.577345 -0.324831 1045.389453 0.066376 832.579662 -0.061319 822.237786 -0.852747 -232.432637 -0.003276 -0.026008 -0.005397 0.031762 0.035881 1.755055 0.037185 4.318108 0.002394 2.201329 0.008807 2.015419 -0.000179 -0.008624 0.022055 -0.044403 -0.036332 0.003177 -0.084646 0.110266 -0.078618 0.062051 -0.029316 0.013283 0.108451 1.524208
48.602675 139.675354 126.025583 741.478932 8.168476 380.711193 0.007412 345.903311 -0.001781 244.469399 0.138434 276.885188 -45.613362 177.415307 -93.762818 994.635713 -6.939452 939.3826 -0.622693 1040.088773 -0.084022 816.535404 -0.118534 809.211077 0.061339 -167.432378 0.020424 0.013315 -0.000298 2.1867 0.406929 4.946739 0.346242 6.925108 0.388886 4.107928 0.381319 3.480024 -0.006342 0.018344 -0.001435 0.080054 -0.006309 0.025721 -0.048035 -0.006736 -0.299758 -0.078049 -0.009343 -0.052008 1.371496 5.318444
48.965699 141.239182 129.3777 844.331365 11.992246 445.485702 0.666638 390.243418 0.547253 277.087456 1.11083 312.956554 -47.163227 176.259742 -108.341832 996.791133 -14.38471 927.90438 -3.356975 997.952942 -2.247198 770.716993 -2.876778 771.241301 5.012364 -123.562033 0.000675 0.004353 0.021999 3.338915 0.365937 2.543101 0.533464 1.336576 0.61147 1.020962 0.464977 1.103993 -0.012946 -0.001888 -0.526521 0.001166 -1.34197 -0.035279 -1.08805 -0.435619 -1.462163 -0.661446 -1.827413 -0.456171 3.964737 3.325956
52.661578 155.508506 140.853245 905.851403 19.622119 514.146508 3.185814 466.838994 2.303851 328.63914 3.725216 367.356526 -48.138925 177.292192 -116.325708 1012.652705 -18.789031 971.994688 -5.601569 1054.086459 -3.466616 816.712036 -4.447856 816.153759 11.422571 -109.197633 0.067226 0.343274 0.243768 1.081568 0.934516 2.459461 0.937809 3.429451 0.605407 2.197696 0.767591 2.178484 -0.004995 0.001507 -0.141904 0.062603 -0.29367 0.511663 -0.285753 0.76791 -0.131638 0.666483 -0.170476 0.635485 1.301649 0.443661
51.949487 154.539287 139.744749 858.570411 29.748011 573.954945 9.787486 558.342072 8.706918 409.210868 9.662948 439.517771 -46.245619 173.960881 -114.620192 962.409066 -22.312731 953.24798 -8.017835 1033.262865 -5.531522 797.166273 -6.545661 795.291633 28.118284 -64.082779 -0.002424 -0.001515 -0.00219 -0.633605 1.049575 1.644955 1.80529 4.091743 2.053216 4.412328 1.388736 3.233279 0.018991 -0.015798 0.006298 -0.639178 -0.151324 -0.091274 -0.216053 -0.103872 -0.240133 -0.118364 -0.20201 -0.135049 3.697691 5.976045
53.493587 159.309437 147.59415 852.757808 47.667439 617.256902 24.156571 633.449159 19.61631 466.04975 19.977673 492.712065 -43.887777 175.788267 -109.799702 890.248903 -38.152705 960.050694 -23.516229 1071.153683 -15.814069 840.904539 -15.276047 833.046154 70.656149 -54.910599 0.011306 0.036253 0.107233 -0.009871 2.102463 0.787299 3.191359 2.368992 2.185317 1.847491 1.852623 1.518907 0.030845 0.004774 0.051777 -1.405836 -2.111652 0.012094 -4.071417 0.341147 -2.639884 0.584034 -1.822525 0.437746 9.628941 0.354029
54.011603 173.545178 160.508319 860.2407 55.730481 632.324693 30.2485 640.946935 24.327547 479.173514 24.441217 511.716644 -47.190861 187.510543 -127.674926 931.883635 -44.062838 957.464473 -26.147642 1058.148408 -18.670011 818.112483 -18.624685 821.117481 85.621285 -45.059447 0.001248 0.304561 0.270769 0.016344 0.31486 0.090849 0.342143 0.022056 0.253277 0.091112 0.224834 0.179807 -0.059915 0.189166 -0.673709 0.475728 -0.212703 -0.001744 -0.069761 -0.039717 -0.118467 -0.156569 -0.165791 -0.043011 0.718181 0.486555
52.250733 177.946279 168.161315 852.815596 61.879272 632.924214 40.076275 627.196719 32.11615 470.287363 31.081403 506.656409 -47.980459 180.795483 -159.800476 855.558602 -44.373816 856.461938 -23.654276 943.450992 -14.960999 736.777318 -17.190731 754.300401 90.9173 -29.78466 -0.014591 0.027555 0.089111 -0.016092 0.160843 0.000142 0.690094 -0.074548 0.539953 -0.041584 0.398494 -0.012572 -0.003276 -0.061221 -1.800664 -1.63031 -0.000547 -2.81418 0.062455 -3.288948 0.205151 -2.128749 0.028717 -1.41757 0.079456 1.575278
53.182992 182.220203 184.574365 777.519813 82.188908 626.715405 60.348432 630.867179 45.751181 482.877516 44.440982 519.072389 -44.622915 174.420139 -173.358426 742.525676 -41.156821 752.986615 -19.785204 841.300916 -10.322509 663.828252 -13.515103 689.998399 99.537099 -14.36706 0.004122 0.025359 0.382063 -1.739667 1.438733 -0.015302 2.067392 0.005354 1.203081 0.083154 1.191017 0.075148 0.060888 -0.057216 -0.275986 -4.002437 0.060521 -3.329783 0.172649 -2.925672 0.429128 -1.901028 0.220788 -1.432113 0.195162 2.779362
58.5204 190.25821 207.797262 753.355976 101.365331 626.548593 77.076828 626.139265 58.428058 498.314485 57.157428 530.642611 -44.213117 173.185816 -200.593844 690.975418 -39.332639 722.26633 -16.112988 825.652263 -6.93796 652.701478 -10.849455 679.991397 105.633699 -10.40104 0.127589 0.086739 0.687838 -0.190717 1.004456 -1.1e-05 1.02195 -0.008891 0.774159 0.121441 0.798961 0.063767 0.000945 -0.002192 -0.993114 -0.927202 0.020674 -0.31989 0.188319 -0.073453 0.335085 -0.04702 0.146259 -0.036548 0.090599 0.319594
62.160068 172.506411 245.359848 625.025034 105.777772 588.461825 77.084521 632.428116 57.68067 502.948344 58.71147 536.927084 -40.024861 163.127329 -222.941592 622.022726 -47.063401 658.253416 -20.596741 749.515003 -9.744551 604.8943 -14.846062 642.643576 114.841347 -4.700611 0.054898 -0.4346 1.559481 -5.986978 0.047001 -0.597097 0.0 0.015712 -0.002405 0.010723 0.010422 0.018498 0.104183 -0.150449 -0.589998 -1.811791 -0.346571 -1.484897 -0.274853 -1.841161 -0.237779 -0.909017 -0.312713 -0.527408 0.192352 1.117196
58.910078 172.947911 250.686228 578.527379 85.2903 587.310005 53.264265 660.020265 35.609181 531.233454 40.652898 558.831603 -42.217343 161.638863 -209.517512 614.355914 -57.530748 622.222239 -31.742571 702.741874 -18.077845 563.204457 -23.155451 596.435921 104.430982 -0.467072 -0.043629 0.000282 0.028597 -0.898523 -1.101571 -0.000564 -2.194967 0.294562 -2.648549 0.386874 -1.65477 0.218961 -0.02923 -0.003411 0.2084 -0.023771 -0.525082 -0.507039 -1.200539 -0.753411 -1.277304 -0.744199 -0.91959 -0.861886 -0.247265 2.204222
57.05275 168.959542 259.87319 537.646761 68.024807 616.803547 35.350999 704.945435 21.135608 569.386857 27.013647 597.347079 -42.614888 167.268217 -211.105487 604.790076 -63.416231 635.422797 -38.848107 711.324824 -24.00909 576.422267 -28.234526 607.862528 90.197854 -0.021599 -0.014875 -0.023263 0.082661 -0.748891 -0.975274 0.361261 -1.829436 0.739512 -1.876886 0.6615 -1.388855 0.641706 -0.000932 0.048178 -0.002998 -0.037529 -0.143284 0.06928 -0.358526 0.026048 -0.420036 0.076655 -0.251608 0.05421 -0.521129 0.287789
61.036181 174.648577 268.400092 542.670503 61.183793 643.54203 29.110797 726.769471 15.880792 605.188699 22.046479 612.735714 -40.934383 182.425755 -200.756636 656.145362 -64.760198 665.368536 -40.811109 740.64022 -25.797948 601.401887 -29.507539 632.661673 82.160433 0.005942 0.067205 0.047099 0.068821 0.011681 -0.181228 0.283663 -0.302751 0.166345 -0.374883 0.545759 -0.252102 0.097853 0.016903 0.328657 0.130038 1.046231 -0.007046 0.344739 -0.02419 0.295971 -0.032134 0.264917 -0.014034 0.247903 -0.187503 0.0502
62.74127 170.085211 276.093989 528.218 61.055833 640.891556 29.365733 736.805793 16.284897 599.504181 22.378803 624.026588 -40.989163 183.427159 -213.626343 632.920915 -63.958543 660.415551 -38.939811 740.407463 -23.541556 609.157592 -27.820397 640.896083 78.986218 -0.038551 0.011745 -0.030205 0.054361 -0.097529 -6.7e-05 -0.002735 0.000556 0.034412 0.002539 -0.013412 0.001243 0.05154 -1.8e-05 0.001371 -0.199899 -0.209228 0.002496 -0.009252 0.021957 -1.8e-05 0.051622 0.024845 0.024831 0.026621 -0.031265 -0.074764
66.836043 176.763069 281.171705 547.878176 67.65582 664.575737 34.879965 741.691728 19.789234 632.197899 26.101761 638.580587 -40.536614 192.199881 -213.896406 645.722448 -61.103907 673.94813 -35.78268 759.343437 -20.788569 627.088799 -25.044348 660.353516 81.1433 0.010364 0.064716 0.06429 0.023134 0.17961 0.169326 0.21486 0.237082 0.008073 0.170614 0.43398 0.14316 0.083884 0.001256 0.102457 -8.5e-05 0.064085 0.032584 0.068623 0.066726 0.119548 0.085565 0.130049 0.072939 0.145481 0.01453 0.088892
64.824392 177.895396 283.550034 565.614707 77.353792 665.223559 44.113893 760.566425 27.050339 654.48938 32.958604 664.024991 -42.183463 186.555429 -226.831656 622.252421 -59.766327 683.139826 -33.647362 777.433557 -18.350642 640.925659 -23.395938 675.574619 89.960653 0.071012 -0.015369 0.001808 0.005008 0.141269 0.324655 0.000158 0.541553 0.118578 0.566233 0.193111 0.399386 0.248532 -0.016395 -0.042061 -0.189864 -0.217232 0.007401 0.031129 0.032844 0.106477 0.076001 0.075498 0.028056 0.086715 0.22734 0.027118
64.27354 179.449486 279.566968 571.605916 81.852067 675.168007 47.602646 783.054509 30.603546 659.07304 36.551163 677.393557 -42.452128 186.569676 -224.057763 614.763145 -60.100594 683.315722 -33.454575 784.944071 -18.174708 643.494552 -23.115715 677.704787 95.946485 0.093161 -0.001175 0.003379 -0.014087 0.015782 0.063561 0.03689 0.066377 0.163816 0.109596 0.007997 0.092901 0.066617 -0.000426 0.0 0.008533 -0.022671 -0.000466 1.1e-05 0.000277 0.018052 0.000424 0.002569 0.000844 0.001677 0.096391 0.001501
64.450612 180.686903 265.850874 585.222844 87.960264 690.751385 55.486285 816.038994 34.910104 675.2693 39.563734 693.300297 -42.263016 186.304116 -217.445523 640.216181 -59.584819 701.671306 -33.036806 816.992097 -17.979573 651.558675 -22.488905 681.388798 102.996315 0.211873 0.000122 0.002126 -0.172493 0.080145 0.109892 0.088896 0.301889 0.340222 0.1417 0.098299 0.059641 0.092301 0.000211 -9.5e-05 0.049517 0.258141 0.001111 0.121641 0.001312 0.320605 0.000527 0.025107 0.004308 0.004993 0.12495 0.024048
61.899529 176.116145 264.043109 608.244376 80.158168 735.130259 48.525043 889.08015 29.575766 723.936609 34.318063 733.653906 -42.752156 182.709082 -186.419415 691.356044 -57.515242 757.855918 -34.187352 898.049733 -19.028726 705.566565 -22.324557 720.59254 96.050845 0.118038 -0.025757 -0.029278 -0.003084 0.222059 -0.181139 0.690787 -0.233212 1.565128 -0.22101 0.846632 -0.186459 0.570705 -0.001407 -0.017512 1.193523 0.982392 0.01829 1.081816 -0.009847 1.916575 -0.014874 1.075069 0.000301 0.548236 -0.121213 -0.013626
60.619936 175.929596 255.639531 619.843405 78.063962 759.017112 47.300168 928.097575 27.865561 760.244603 32.135711 766.609149 -43.969474 181.423961 -173.372945 726.185173 -59.717723 794.43393 -37.408115 935.59937 -21.593987 727.187155 -24.058444 740.81623 98.51986 0.367388 -0.006682 -4.9e-05 -0.06795 0.054776 -0.01386 0.190951 -0.007829 0.418928 -0.025465 0.444173 -0.035844 0.361996 -0.008544 -0.002268 0.236618 0.427942 -0.020691 0.43102 -0.072481 0.384513 -0.081077 0.163139 -0.032419 0.139939 0.015666 0.068937
60.896747 179.525666 240.390176 645.066936 74.324026 788.631432 42.560198 968.301889 24.452947 785.930477 28.245041 790.352085 -44.676564 186.546229 -151.49277 787.298605 -58.860726 866.38202 -38.912404 1025.709842 -23.059123 792.245728 -23.959962 797.458786 95.00369 -0.012636 0.000315 0.018191 -0.23446 0.251516 -0.0459 0.283362 -0.125099 0.42622 -0.111417 0.213368 -0.125479 0.181045 -0.00282 0.035654 0.737668 1.234362 0.003097 1.559161 -0.014826 2.071113 -0.024043 1.393467 0.000101 1.043203 -0.031946 -0.516291
60.338246 169.845563 203.996723 710.929363 68.002047 835.359552 38.012526 1014.708878 23.633437 797.813642 26.078714 794.557918 -42.612009 179.871478 -110.6317 816.717316 -52.863855 910.839851 -38.68148 1073.539631 -24.511164 836.101524 -22.552181 823.628249 96.2812 -0.448666 -0.001286 -0.13413 -1.492744 1.600454 -0.140477 0.672408 -0.128442 0.543089 -0.006984 0.044582 -0.043212 0.00558 0.024419 -0.060799 3.204385 0.269802 0.161059 0.556151 0.000344 0.544953 -0.022166 0.590685 0.021309 0.211243 0.004266 -0.310713
57.739489 173.34124 178.501854 751.350936 65.517384 861.986634 37.431669 1028.965065 25.015452 799.90415 26.472573 790.840285 -42.092769 187.849906 -81.294405 839.736695 -48.59075 957.211815 -39.589569 1109.997446 -28.80343 877.903309 -24.544934 857.249345 107.504292 -1.814022 -0.028601 0.017804 -0.850607 0.55879 -0.023121 0.208869 -0.002236 0.049725 0.019634 0.001368 0.001476 -0.004359 0.001591 0.086564 2.255462 0.159955 0.090028 0.575651 -0.005268 0.304383 -0.173062 0.509815 -0.042177 0.33628 0.30928 -0.458371
58.096755 170.006553 168.060307 807.619907 60.746416 864.017443 32.443111 1010.002783 23.307225 770.715172 24.617336 766.728141 -43.382427 193.85926 -79.401224 886.309611 -43.669884 980.68515 -33.869488 1124.044059 -24.904825 887.066413 -20.688084 865.731777 96.397622 -4.088091 0.000551 -0.016194 -0.157332 1.015808 -0.090169 0.001195 -0.178301 -0.088176 -0.030203 -0.271253 -0.033696 -0.186647 -0.00973 0.047306 0.011152 0.62844 0.131325 0.142169 0.223043 0.04416 0.141684 0.023786 0.16473 0.02088 -0.302718 -0.455688
54.331325 190.566807 146.566959 894.542743 55.273463 816.97472 29.630735 898.536896 23.977908 685.715405 24.022468 692.401935 -46.546176 212.746836 -91.549301 1048.502792 -35.14296 955.207961 -21.438688 1014.62249 -18.084612 772.025944 -16.273979 773.2828 83.710146 -2.557398 -0.063073 0.58666 -0.735003 2.220855 -0.129158 -0.658376 -0.063743 -3.257794 0.004757 -2.482481 -0.003638 -1.89427 -0.055669 0.438918 -0.432179 6.810223 0.46263 -0.167653 1.415045 -2.801027 0.544456 -3.993224 0.264518 -2.60938 -0.447433 0.178689
53.183862 201.294624 119.758479 1056.491305 56.662948 832.886342 34.683428 851.62907 33.262308 617.168794 30.863068 632.111578 -46.485808 230.934766 -78.384745 1250.271187 -32.824637 932.749572 -18.73115 920.02402 -20.129201 667.497502 -18.057475 683.317904 105.142593 -0.986229 -0.006123 0.146873 -1.352714 6.733012 0.008624 0.076729 0.198784 -0.628723 0.757986 -1.804417 0.427954 -1.372886 2e-05 0.372948 0.510687 8.871946 0.03955 -0.133583 0.091351 -2.314176 -0.054736 -3.80009 -0.046357 -2.780932 1.2201 0.367352
49.830223 201.537656 94.194162 1179.520955 57.359532 744.765491 41.145885 702.226232 45.157245 507.266369 39.461636 526.525759 -44.142638 220.73364 -61.820583 1254.852599 -35.467405 822.576402 -24.73589 781.084931 -27.201956 557.7956 -22.909416 577.234952 142.45529 -1.199292 -0.054604 7.3e-05 -1.532778 3.387228 0.002128 -2.462948 0.275879 -7.199202 0.907381 -5.383827 0.527651 -4.821011 0.030296 -0.115213 0.981901 0.004189 -0.051154 -3.460926 -0.416759 -5.683461 -0.531429 -4.92075 -0.288336 -4.471684 2.827635 -0.01041
48.505447 200.246864 81.92909 1189.358315 56.384575 729.265138 42.672456 679.530473 48.065424 502.524158 41.232491 506.678278 -44.899507 208.58978 -61.300125 1192.513269 -43.945486 760.371318 -34.626058 734.871871 -37.733382 543.156033 -31.269836 545.168519 170.97324 -0.789712 -0.008924 -0.002073 -0.427584 0.020426 -0.004178 -0.0815 0.013903 -0.186405 0.045373 -0.011135 0.019433 -0.190649 -0.003217 -0.171785 0.0011 -0.794083 -0.453855 -1.222709 -0.829688 -0.704553 -0.859702 -0.097337 -0.648936 -0.458153 1.300079 0.042628
46.595231 207.32814 71.552946 1200.997033 55.848058 734.831154 44.209075 670.776981 51.163639 495.001878 43.448289 494.406894 -44.314874 207.392256 -54.364501 1200.256827 -43.069277 701.385875 -35.399673 655.716098 -40.312833 450.002286 -32.836829 486.332589 182.30711 1.072012 -0.019186 0.06152 -0.351141 0.028335 -0.001282 0.01058 0.01359 -0.028373 0.048379 -0.028363 0.028995 -0.075215 0.001916 -0.001724 0.208128 0.01253 0.004412 -1.190588 -0.004273 -2.254701 -0.042637 -4.378351 -0.019154 -1.679342 0.181852 3.701922
45.177475 213.431417 65.082739 1238.354847 56.155429 754.322828 46.852929 675.642632 54.610139 481.559991 45.980828 491.643488 -43.508422 204.576286 -58.293094 1196.476753 -45.16085 685.244431 -36.69913 622.362898 -40.55282 427.694629 -33.393892 464.265058 189.281928 1.596927 -0.010952 0.044268 -0.15328 0.286078 0.000422 0.12757 0.038388 0.008792 0.056165 -0.092515 0.035867 -0.003872 0.003703 -0.009624 -0.06852 -0.002981 -0.024795 -0.093953 -0.011711 -0.435273 -0.000356 -0.283533 -0.002343 -0.256176 0.065465 0.052128
49.174716 230.776462 72.602202 1297.029847 63.895493 883.440461 51.450843 815.253562 59.112368 572.82612 50.597281 592.344676 -43.488019 210.102872 -60.19582 1202.676144 -48.123832 763.701579 -39.234462 692.167948 -43.782923 472.815055 -36.436875 509.006332 204.642277 4.793802 0.08471 0.338766 0.205486 0.679032 0.249773 5.097607 0.107587 6.551137 0.089156 3.957358 0.110397 4.687645 2e-06 0.036829 -0.015278 0.00801 -0.047068 2.125698 -0.042338 1.854724 -0.06188 1.1311 -0.066333 1.028922 0.299588 0.857067
48.664901 216.177058 68.923504 1215.375442 66.706828 902.623214 57.232481 857.765464 64.348872 618.91272 54.227821 635.259337 -42.194767 199.684337 -55.777479 1144.767079 -52.975203 801.908271 -41.848531 747.81839 -50.874773 536.490042 -37.206024 566.836733 229.656757 2.943633 -0.001328 -0.238503 -0.047819 -1.327255 0.030262 0.103017 0.153892 0.540207 0.111101 0.891458 0.062889 0.750336 0.00976 -0.132463 0.084195 -0.714388 -0.116467 0.466262 -0.042149 1.075749 -0.266038 2.010565 -0.004017 1.55542 0.720983 -0.224461
50.728927 219.725088 75.289033 1256.448924 70.964763 925.31834 58.078993 890.327333 65.273922 634.131763 56.040384 649.772201 -42.950796 198.562999 -57.938127 1144.241792 -54.7675 843.409697 -47.52331 811.251941 -53.958831 597.699234 -42.435547 620.270709 237.927395 0.538881 0.021433 0.01444 0.140555 0.341276 0.065861 0.140893 0.003107 0.303293 0.003301 0.092426 0.014898 0.081955 -0.003357 -0.001579 -0.020528 -6e-05 -0.014908 0.523498 -0.180346 1.290988 -0.045374 1.652853 -0.171879 1.203192 0.073151 -0.963572
52.106068 219.413049 81.684875 1252.659361 70.808992 920.288357 58.196884 895.399005 64.875992 634.333208 55.723495 649.612374 -44.710235 198.668421 -72.118702 1143.19158 -56.370925 863.185429 -46.001362 845.472242 -48.898155 613.404263 -40.6078 631.329567 226.420785 0.175538 0.009222 -0.000111 0.130352 -0.002862 -8.6e-05 -0.006854 6e-05 0.007202 -0.000608 1.6e-05 -0.000449 -1e-05 -0.017659 1.4e-05 -0.775392 -0.000241 -0.011567 0.114583 0.012384 0.353455 0.124571 0.101832 0.020116 0.048858 -0.14259 -0.099295
47.31796 188.398794 89.151732 1066.066862 80.090035 849.833888 66.651975 865.822625 68.83817 621.312649 60.087979 626.43491 -45.128491 173.967171 -87.28254 1028.855321 -54.336378 782.607236 -39.644381 794.46501 -40.089973 558.929112 -35.103962 569.736079 213.994226 1.649843 -0.115361 -1.181033 0.163257 -7.519928 0.285686 -1.402671 0.286629 -0.248357 0.058716 -0.067511 0.082269 -0.210509 -0.000974 -0.819599 -0.722907 -3.01141 0.018697 -1.973742 0.236247 -0.793435 0.436997 -1.26634 0.200315 -1.58037 -0.175346 0.749072
47.389903 169.191742 107.081682 925.574008 67.16312 674.014049 48.079268 675.104818 46.167503 484.69799 42.199569 502.600322 -42.261078 169.786998 -97.784377 1001.335859 -54.687909 690.513605 -38.736586 668.209146 -37.996726 467.233416 -34.022776 491.598554 167.930904 0.16022 2.7e-05 -0.516201 0.820851 -4.961451 -0.568505 -10.176929 -1.513255 -11.847948 -2.256635 -8.469766 -1.576341 -6.811747 0.047055 -0.025417 -0.29821 -0.186523 -0.000567 -2.881481 0.005257 -5.459298 0.028062 -4.105077 0.008456 -2.880227 -2.787984 -0.781787
47.870039 157.355454 124.788604 807.34298 55.946231 562.545902 33.533087 554.809179 30.043438 404.393488 29.247764 432.669153 -40.473718 164.568936 -116.884703 893.328951 -51.503315 606.61758 -33.637163 583.717153 -31.315616 402.721943 -29.369674 433.965485 122.704918 0.001731 0.00121 -0.214584 0.677089 -4.037955 -0.512068 -5.034326 -1.306782 -5.897086 -1.725224 -3.634058 -1.183743 -2.618081 0.019309 -0.04072 -0.851421 -3.081016 0.047763 -2.715963 0.179875 -2.854419 0.322752 -2.395219 0.171003 -1.796092 -3.540383 -0.128645
44.698678 151.35642 120.663982 789.757332 40.419246 540.514491 20.052632 529.840101 18.041573 389.69703 18.061376 417.533298 -45.077133 150.032279 -135.083486 857.248123 -44.697323 560.550391 -25.230016 534.496686 -23.735834 360.467352 -23.000171 391.703424 83.164931 0.569674 -0.054341 -0.058294 -0.034658 -0.096821 -1.259127 -0.220038 -1.723338 -0.287437 -1.521898 -0.136007 -1.341549 -0.13474 -0.123943 -0.336024 -0.658077 -0.371867 0.241057 -0.909472 0.603428 -1.083795 0.524309 -1.170628 0.38879 -1.082306 -3.832763 0.508602
46.966908 144.464013 118.211929 806.564962 32.643181 527.677168 14.696884 516.306885 12.784867 374.685672 13.208381 404.845375 -42.054301 151.597404 -128.889346 816.633682 -36.452852 522.7416 -20.065445 508.89069 -23.854782 366.413725 -17.156594 399.1845 71.567014 0.046166 0.028068 -0.080305 -0.012585 0.088486 -0.414983 -0.077141 -0.415206 -0.087538 -0.451509 -0.147415 -0.378882 -0.097883 0.052451 0.004061 0.072683 -0.492799 0.419886 -0.659998 0.295394 -0.314248 -0.000149 0.024323 0.427451 0.035383 -0.435273 -0.291497
46.949958 153.637588 118.918257 821.985022 29.934385 546.637193 12.000607 528.859442 10.704112 389.214404 11.160238 422.478438 -44.058249 151.657368 -144.658727 828.305292 -37.034436 568.833868 -19.109752 557.089991 -19.973864 397.90034 -16.222491 431.159011 59.921947 -0.047927 -2e-06 0.141184 0.001052 0.073005 -0.058655 0.167321 -0.136502 0.075381 -0.092343 0.138175 -0.086224 0.187931 -0.02332 6e-06 -0.454911 0.041408 -0.002301 0.973568 0.011659 1.090245 0.172161 0.648835 0.013073 0.615859 -0.516677 -0.188169
46.352284 160.534448 114.400715 816.758198 21.641543 567.507592 6.199546 562.861485 5.299547 420.652153 6.098891 450.984128 -45.391302 157.069966 -141.833274 828.724084 -40.36534 601.274871 -21.039891 595.376811 -20.269036 437.544884 -17.673533 468.593268 46.296989 -0.166274 -0.001914 0.075711 -0.043739 -0.008336 -0.671065 0.195492 -0.949261 0.529631 -0.940201 0.610412 -0.758817 0.465269 -0.009934 0.04745 0.013933 5.3e-05 -0.071706 0.449796 -0.046421 0.636151 -0.001083 0.94116 -0.031073 0.779065 -0.877477 -0.035663
49.235968 156.633717 109.782589 816.261891 23.216067 579.110877 7.41531 581.762611 6.368668 428.222251 7.02333 455.770552 -42.887108 153.115624 -134.929391 785.22381 -42.578943 605.727981 -23.285476 610.31031 -19.181577 447.607277 -17.483557 476.470897 47.655547 -0.214554 0.043507 -0.023988 -0.047571 -7.5e-05 0.027642 0.058712 0.054391 0.156067 0.049083 0.033755 0.032603 0.012633 0.035525 -0.025207 0.086123 -0.586332 -0.029543 0.008215 -0.056919 0.092486 0.014991 0.057196 0.000513 0.032833 0.009823 -0.003073
48.960987 157.474957 109.223234 812.50328 19.057441 586.516094 4.569123 596.546265 3.766688 444.44226 4.594538 469.588201 -42.481842 153.719902 -133.013207 796.112967 -40.972717 631.267865 -22.375025 645.053463 -18.095032 477.987711 -17.934412 502.644954 38.373333 -0.610165 -0.000385 0.001127 -0.000714 -0.004337 -0.205048 0.023523 -0.342876 0.092745 -0.339686 0.150752 -0.256714 0.10317 0.000962 0.000595 0.006852 0.037492 0.015441 0.263685 0.009078 0.480864 0.015839 0.498717 -0.00287 0.349909 -0.502225 -0.10108
49.123903 158.033215 108.675807 808.190508 17.237668 587.121659 3.64651 603.62018 2.803981 447.913888 3.607688 472.787838 -41.451515 159.015943 -129.551115 798.867062 -41.09272 638.916216 -22.423687 654.33492 -18.361214 486.187221 -18.428269 509.916866 35.515733 -0.784424 0.000135 0.000494 -0.000688 -0.005738 -0.045649 0.000156 -0.051969 0.020847 -0.070909 0.006753 -0.059583 0.005432 0.006324 0.044846 0.022826 0.002378 -8.8e-05 0.023027 -2.6e-05 0.033149 -0.000972 0.034866 -0.003354 0.026113 -0.055278 -0.01093
48.526911 155.966485 109.194768 799.496751 17.238708 591.501704 3.295383 619.731816 2.311058 460.311093 3.147588 481.438486 -41.340723 160.278159 -126.396284 809.154447 -42.800379 659.380186 -25.046674 675.355575 -20.922302 496.306182 -20.441169 517.878188 37.140574 -0.677442 -0.001825 -0.006802 0.000618 -0.023506 0.0 0.008139 -0.008886 0.1061 -0.023806 0.084614 -0.015687 0.039213 7.4e-05 0.002495 0.019444 0.032907 -0.017382 0.161288 -0.072522 0.166165 -0.083574 0.05211 -0.052155 0.030835 0.018171 0.00392
49.54725 155.783123 109.502671 811.239888 19.100894 588.144492 4.638067 604.790369 3.644143 444.176032 4.369101 469.757807 -41.225947 161.907083 -122.429813 812.517382 -43.353695 644.228234 -26.238822 657.230902 -21.446941 487.651489 -20.909926 510.333254 42.772229 -1.014751 0.005308 -5.4e-05 0.000217 0.042807 0.047744 -0.004777 0.114446 -0.09116 0.151125 -0.143927 0.099916 -0.071722 8e-05 0.004118 0.031616 0.003487 -0.001777 -0.088059 -0.013858 -0.123264 -0.003248 -0.038063 -0.002657 -0.027682 0.198685 -0.033959
48.323048 156.300445 109.678194 813.905388 22.260505 588.69623 6.916452 603.247838 5.84567 440.873122 6.244729 466.000083 -41.99495 161.94311 -119.69013 821.124142 -42.888552 655.56302 -25.880026 672.374912 -21.190613 491.314328 -20.531573 511.196457 49.295961 -1.365702 -0.007657 0.000429 7e-05 0.002186 0.120858 0.000129 0.22686 -0.000985 0.258896 -0.006163 0.167041 -0.007545 -0.003553 2e-06 0.015501 0.022672 0.001254 0.049423 0.001235 0.086247 0.000771 0.006852 0.001727 0.000365 0.231419 -0.026013
49.591565 161.839211 112.671711 842.387673 25.56464 590.494783 8.980824 594.870942 8.140834 436.380789 8.325059 464.567686 -41.99244 171.425261 -119.524882 897.102403 -37.734517 663.444688 -19.762701 671.57903 -17.36073 492.973667 -17.289205 513.152808 49.278093 -1.724707 0.008217 0.048218 0.020152 0.244915 0.114274 0.001372 0.134606 -0.029285 0.189602 -0.011502 0.149283 -0.001102 0.0 0.13488 5.7e-05 1.680663 0.164911 0.023548 0.411799 -0.000236 0.190712 0.001399 0.13924 0.001868 -2e-06 -0.020923
50.308668 163.903918 113.653299 902.544065 36.479271 602.241642 17.645529 604.530066 17.039007 445.491238 16.61602 473.657481 -41.27154 173.641458 -119.243017 912.604323 -31.239546 669.22505 -13.73812 675.436744 -11.886468 494.71561 -12.37794 517.562462 57.388336 -1.289451 0.002574 0.006544 0.002129 1.037252 0.967584 0.057847 1.449269 0.038894 1.624652 0.04706 1.41838 0.044033 0.003121 0.007117 0.000166 0.066396 0.306482 0.012536 0.546164 0.005524 0.516882 0.001536 0.409343 0.009433 0.308773 0.031592
50.882596 176.202929 116.705885 989.711666 50.22698 660.929554 30.257352 641.789842 29.104816 465.397979 27.291187 496.044228 -41.807515 180.053146 -118.481803 987.286718 -24.141076 762.477225 -7.980782 786.540003 -6.018858 563.374214 -7.22813 583.332864 61.594621 -4.676063 0.001628 0.222452 0.020226 2.008773 1.096821 1.364079 1.690026 0.557081 1.605428 0.217549 1.317494 0.258447 -0.001729 0.05812 0.001219 1.468404 0.456811 3.040161 0.776988 4.227772 0.988711 2.229951 0.688421 1.966405 0.074374 -1.054484
56.082692 210.498495 123.022375 1140.398471 66.192479 850.380969 43.176524 842.31813 42.944819 610.930243 40.009439 636.372575 -42.264139 201.620504 -105.177495 1101.864951 -24.707143 905.529239 -9.498952 937.974084 -7.830438 679.479199 -8.256632 694.80148 87.450959 -1.822011 0.126476 1.523796 0.08323 5.336577 1.099932 11.921428 1.145363 13.609799 1.341756 9.884224 1.212652 8.728336 -0.00124 0.609844 0.396052 3.144353 -0.00328 6.145554 -0.066054 6.661778 -0.118995 5.435036 -0.034194 4.869977 2.259904 0.660322
65.477346 235.926143 122.241067 1270.990921 75.440178 1003.85636 53.318567 1010.904087 54.485997 736.753373 49.616081 752.864115 -41.597969 208.579794 -89.747704 1055.104021 -27.50293 1053.328204 -13.727694 1164.184732 -10.397099 905.068875 -9.744123 890.122284 112.485462 -8.65043 0.363572 0.724748 -0.001244 3.538813 0.30223 6.362502 0.534466 7.683986 0.685971 5.886437 0.516338 4.892693 0.002646 0.059038 0.611651 -0.506925 -0.074909 5.583794 -0.388195 12.20656 -0.181613 16.140634 -0.061565 12.081394 1.573506 -2.532372
63.180167 251.81572 118.10619 1251.012951 68.87487 1221.021127 50.434181 1315.842499 45.369178 1027.752279 40.975274 1018.467553 -41.54286 222.374241 -80.087955 1061.656243 -28.547321 1166.622402 -16.644337 1319.330596 -11.296152 1076.270014 -10.060495 1053.538685 101.942127 -0.559472 -0.02051 0.258893 -0.03557 -0.079129 -0.149415 10.623821 -0.040102 20.068836 -0.417056 24.160907 -0.413031 20.026243 1.8e-05 0.22083 0.274931 0.010141 -0.009731 2.892845 -0.140368 4.850739 -0.018638 7.410328 -0.002527 6.881931 -0.259363 4.81005
58.304107 237.279203 95.255473 1171.982213 144.328501 1437.981863 172.043896 1665.311688 170.519168 1499.330701 142.688087 1455.359784 -39.815925 224.502386 -75.448824 979.839402 -29.720124 1227.064251 -23.162393 1451.568081 -13.385998 1218.078904 -11.131922 1175.888976 279.457651 14.593964 -0.097896 -0.21607 -1.227168 -1.289214 13.798188 8.866212 36.178394 20.55432 39.975703 44.390454 30.736144 38.884448 0.01833 0.005067 0.0692 -1.640142 -0.011804 0.763216 -0.537267 3.157228 -0.088633 4.386648 -0.027101 3.359804 43.829001 20.8683
56.340677 229.76715 87.030632 1106.172076 166.111668 1670.769991 208.348726 1996.279972 206.6931 1877.65177 172.209992 1812.185184 -39.016655 218.371671 -78.707455 978.957093 -30.350439 1301.071641 -20.524281 1543.144835 -12.986523 1285.672155 -11.49549 1247.924034 323.298633 55.884724 -0.016814 -0.060416 -0.185649 -0.950743 0.765191 8.728019 1.736437 14.988655 1.738512 21.258439 1.386903 19.541619 0.004052 -0.042436 -0.034445 -0.000199 -0.003307 1.08346 0.079727 1.400512 0.003026 0.912567 -0.002921 1.070668 1.596483 13.361977
52.966961 247.71696 87.088472 1106.981638 195.851954 1854.07084 251.647482 2155.139487 258.349774 2042.416555 216.589058 1981.940145 -38.312656 219.656885 -79.176666 1002.905917 -32.028352 1362.407094 -21.212432 1579.296906 -13.79903 1325.238105 -12.94435 1297.584807 391.563646 77.251496 -0.052076 0.337508 1e-05 0.000148 1.223856 4.769286 2.042358 3.040597 2.877901 3.464153 2.541105 3.79945 0.003205 0.001885 -0.000697 0.144704 -0.022571 0.70632 -0.005673 0.209294 -0.012326 0.29981 -0.042984 0.484466 3.266912 1.725741
48.572055 250.049901 84.580308 1150.477982 201.631846 2059.854232 262.858367 2386.301527 273.031019 2273.07003 227.450864 2201.749994 -42.099305 217.684834 -84.360963 1070.154927 -32.291565 1425.472025 -19.054735 1652.297332 -13.400352 1394.918236 -13.245623 1370.24503 407.40594 106.670063 -0.095157 0.005467 -0.018324 0.419079 0.042026 5.413506 0.122155 5.886958 0.202849 6.168374 0.132867 5.778363 -0.089207 -0.004446 -0.082194 1.091048 -0.000539 0.713391 0.057851 0.82463 0.002922 0.892617 -0.001733 0.98966 0.157079 2.368019
43.051051 276.40843 83.77369 1204.561841 208.072215 2136.133722 274.316031 2491.854816 284.116291 2364.229611 235.914425 2280.989212 -46.747564 224.001826 -87.639013 1143.350996 -33.883851 1453.180643 -20.895537 1687.975906 -14.224855 1422.899406 -14.276179 1396.509719 425.486937 118.853722 -0.166493 0.660269 -0.001932 0.621104 0.050623 0.693405 0.122207 1.142112 0.11029 0.89609 0.077302 0.700391 -0.121676 0.045175 -0.03124 1.210552 -0.019159 0.133358 -0.042432 0.190553 -0.012307 0.138931 -0.019301 0.124668 0.19628 0.329344
43.171981 282.98013 85.776667 1235.386773 218.558529 2279.377126 290.726926 2644.932283 302.939846 2549.796962 252.339235 2467.486867 -43.704907 215.026349 -86.243824 1119.368593 -29.092115 1447.195573 -17.03362 1674.337481 -10.980327 1409.32124 -11.34384 1382.028244 429.269704 167.821318 8.5e-05 0.038604 0.011831 0.19472 0.128893 2.324088 0.238366 2.281379 0.30186 3.50502 0.276343 3.663786 0.051189 -0.091757 0.005597 -0.127097 0.182562 -0.006175 0.197121 -0.027661 0.209698 -0.032548 0.168364 -0.037738 0.00837 4.21309
43.872537 285.299024 84.952705 1251.068186 215.010616 2254.968715 284.06184 2595.099586 296.820153 2489.388842 248.254419 2413.188406 -42.672105 215.714059 -84.128837 1146.538012 -29.083147 1473.866824 -17.395666 1700.032014 -11.537684 1443.143703 -11.817295 1423.153933 425.398296 141.73008 0.002819 0.004731 -0.001988 0.04945 -0.014517 -0.065696 -0.038645 -0.23696 -0.031222 -0.362089 -0.016666 -0.30205 0.006175 0.000549 0.013128 0.162894 1e-06 0.121766 -0.001904 0.097828 -0.006899 0.200528 -0.00484 0.30148 -0.008768 -1.101539
38.739295 283.192636 76.708872 1240.192312 188.512776 2281.837038 246.116402 2647.315249 255.24095 2548.596808 212.574298 2460.690029 -45.564666 217.431109 -87.164526 1139.686642 -34.351522 1489.53077 -21.603959 1716.610311 -14.750609 1465.648284 -14.923743 1441.909015 392.710088 148.836168 -0.159636 -0.003902 -0.210331 -0.02374 -0.870946 0.079562 -1.359642 0.260046 -1.568023 0.347927 -1.383361 0.231485 -0.047424 0.003403 -0.026902 -0.010266 -0.219153 0.041399 -0.227715 0.040221 -0.197079 0.087057 -0.181047 0.061387 -0.653303 0.086906
39.012597 279.475288 70.370956 1233.539684 170.081558 2292.808039 222.867286 2669.870818 230.757086 2569.123646 191.131595 2470.944504 -46.284093 210.025468 -88.722336 1124.156169 -35.240657 1511.787386 -22.580297 1753.276172 -15.871554 1508.173737 -16.043845 1478.044977 367.665386 140.453566 0.00048 -0.01228 -0.136619 -0.008945 -0.473982 0.013155 -0.576623 0.047841 -0.617122 0.041166 -0.569863 0.010661 -0.002818 -0.064156 -0.006899 -0.053272 -0.00568 0.082524 -0.010788 0.193727 -0.020523 0.304071 -0.020264 0.223609 -0.412564 -0.121475
37.021887 285.823591 69.900836 1243.873851 166.287481 2312.053836 217.324775 2711.358846 222.774042 2599.675614 184.267829 2490.621974 -47.477383 211.442938 -93.144606 1132.600633 -39.621116 1482.576951 -25.963996 1718.500523 -18.891612 1464.558655 -19.226086 1437.273361 371.412496 161.733829 -0.026065 0.035647 -0.000788 0.021554 -0.021398 0.040219 -0.034895 0.159934 -0.070264 0.090295 -0.062753 0.03902 -0.007594 0.002384 -0.053774 0.015799 -0.128269 -0.142479 -0.118071 -0.174173 -0.131433 -0.319971 -0.143853 -0.285116 0.009499 0.750217
35.814562 283.866381 66.272275 1244.89109 160.124936 2314.73262 211.433751 2716.367355 217.56525 2607.918606 179.128809 2498.498486 -47.03515 203.915601 -96.97844 1096.421809 -40.605407 1456.267881 -27.028581 1705.274147 -18.740722 1456.900738 -19.21127 1428.30646 364.013918 166.369118 -0.010007 -0.003362 -0.048353 0.000208 -0.058178 0.000775 -0.040472 0.002311 -0.030809 0.006524 -0.036339 0.006217 0.001035 -0.068213 -0.038659 -0.293625 -0.006038 -0.117764 -0.010694 -0.025547 0.000303 -0.010037 3e-06 -0.01403 -0.037217 0.032744
35.053021 287.092172 65.435007 1234.510385 164.50112 2294.226729 216.354032 2691.004927 222.805536 2586.548281 183.907307 2476.644187 -47.005845 198.331253 -99.777786 1089.633538 -40.191897 1449.981833 -25.926926 1689.663099 -18.451893 1428.848044 -19.29305 1399.5576 369.494459 170.511696 -0.004092 0.009113 -0.002661 -0.021731 0.029498 -0.045617 0.028297 -0.05948 0.03118 -0.04396 0.03145 -0.048 5e-06 -0.038765 -0.019915 -0.01054 0.001058 -0.006798 0.01146 -0.035893 0.001122 -0.136355 -8.7e-05 -0.146138 0.020475 0.025471
32.724008 278.577817 58.829863 1240.458277 156.024925 2287.907091 207.679395 2679.201878 216.496786 2565.528827 177.461595 2456.403191 -47.709999 188.479224 -104.410943 1062.805308 -35.201746 1432.563728 -20.763412 1692.154523 -12.951878 1435.919445 -14.52294 1403.427052 335.355039 162.754364 -0.040028 -0.064082 -0.175668 0.007147 -0.112095 -0.004358 -0.08874 -0.012971 -0.045302 -0.042878 -0.05749 -0.041526 -0.002618 -0.125486 -0.052571 -0.167201 0.165325 -0.052626 0.286397 0.000918 0.485384 0.008728 0.338128 0.002671 -0.827258 -0.090295
32.069924 273.40363 56.776474 1232.705388 151.525345 2302.095422 202.353512 2703.122421 211.236883 2590.176296 172.71346 2476.882089 -49.931845 183.93471 -108.694014 1037.52604 -39.545253 1412.26031 -24.96447 1673.321084 -17.556407 1416.256059 -18.552062 1384.193525 350.589197 175.843433 -0.003302 -0.024252 -0.018237 -0.012152 -0.032917 0.021929 -0.03459 0.053155 -0.032342 0.058915 -0.032192 0.042506 -0.025282 -0.027729 -0.043046 -0.152134 -0.126306 -0.072453 -0.193386 -0.052697 -0.349476 -0.067782 -0.246327 -0.066353 0.169189 0.253085
30.788774 280.124746 55.164948 1234.445883 148.578135 2301.130041 198.839339 2704.55618 207.696747 2588.437782 169.489589 2475.622706 -50.951284 183.850648 -111.379383 1021.343789 -43.981964 1394.886402 -29.377524 1644.082762 -19.959854 1386.105735 -20.94731 1358.222727 356.42922 186.220165 -0.013057 0.040806 -0.0116 0.000614 -0.014472 -0.000101 -0.015391 0.00019 -0.014958 -0.000292 -0.015186 -0.00016 -0.005151 -1e-05 -0.016384 -0.063595 -0.117916 -0.053766 -0.179486 -0.12885 -0.077067 -0.162197 -0.072691 -0.122975 0.02412 0.148729
]