01-31-21_Sreya_4K+Depth.alligator_above_blue_wagon.0000000011 [ 36.886518 235.977873 58.927921 1104.733915 126.900039 2154.804133 163.830136 2549.963104 166.180199 2470.068166 136.069131 2356.149453 -48.95911 157.845796 -92.298498 926.368251 -46.186337 1327.066171 -35.575968 1550.450566 -24.998164 1323.85064 -24.339631 1284.752255 320.084529 177.289811 0.0 0.0 0.0 0.0 0.0 0.0 0.0 0.0 0.0 0.0 0.0 0.0 0.0 0.0 0.0 0.0 0.0 0.0 0.0 0.0 0.0 0.0 0.0 0.0 0.0 0.0
37.409354 238.046931 61.359593 1105.003165 127.827652 2188.362464 164.615352 2606.413018 165.089987 2531.904995 133.882018 2412.875996 -47.650527 164.650685 -97.85164 947.824876 -46.358249 1348.010547 -34.932788 1576.488628 -24.497562 1340.080976 -23.775867 1300.916418 316.777205 187.989382 0.00184 0.004516 0.024581 1.6e-05 0.001689 0.129649 0.000939 0.309005 -0.001794 0.382243 -0.00886 0.337387 0.008863 0.071802 -0.081104 0.122827 -0.00016 0.081993 0.002934 0.108412 0.002532 0.049443 0.003303 0.050525 -0.008588 0.156737
38.625412 226.442221 64.044136 1100.699505 142.318946 2213.957075 187.163577 2616.110929 191.797997 2569.772328 155.889153 2461.895035 -47.949871 155.862438 -98.645797 914.02358 -50.064563 1300.768944 -39.471859 1520.127366 -27.908872 1303.820742 -26.603132 1271.697144 366.033432 212.706585 0.009725 -0.144988 0.028738 -0.004199 0.388953 0.074403 0.723389 0.009004 1.000761 0.140538 0.836892 0.246466 -0.000469 -0.120506 -0.001605 -0.306851 -0.071258 -0.421316 -0.138583 -0.512956 -0.111145 -0.24866 -0.079395 -0.165939 1.778927 0.763075
38.817686 211.868623 64.705336 1037.878181 133.974588 2116.207911 174.428798 2511.826103 175.615715 2475.345721 142.255952 2365.626159 -47.74496 152.178533 -92.293288 909.004485 -50.51142 1331.302778 -42.108432 1556.647135 -30.360356 1344.895847 -27.982288 1304.832272 352.013815 171.087047 0.000239 -0.242349 0.001698 -0.922896 -0.126033 -1.103436 -0.22432 -1.060509 -0.356537 -0.883742 -0.311864 -0.959977 0.000219 -0.022029 0.105703 -0.006909 -0.000993 0.177113 -0.042617 0.216743 -0.051592 0.318506 -0.017426 0.213074 -0.136877 -2.263337
42.904948 215.707756 69.113504 1070.047102 141.484666 2136.679763 181.360301 2550.321892 182.666383 2477.653418 149.448781 2361.478882 -46.427794 155.496242 -94.996254 927.735169 -45.281898 1341.553544 -34.565933 1578.791464 -23.666134 1347.174051 -22.700321 1303.153851 337.831674 170.881442 0.102274 0.017236 0.072625 0.245478 0.102396 0.049272 0.067526 0.146375 0.069382 0.000538 0.088694 -0.001819 0.009212 0.017888 -0.019506 0.095508 0.142851 0.019657 0.371882 0.078199 0.416332 0.000964 0.275986 -0.00054 -0.145797 -6.2e-05
41.173303 200.311225 68.501312 1062.393788 139.343904 2164.055009 181.121979 2568.250305 182.169517 2503.566821 148.84373 2384.445986 -48.729289 156.636029 -102.341937 930.562392 -47.431765 1332.674339 -35.874299 1570.125585 -24.413054 1348.190439 -23.575694 1308.769536 339.958946 177.367596 -0.017834 -0.285004 -0.001362 -0.013734 -0.00816 0.087126 -7.8e-05 0.031398 -0.000338 0.067404 -0.000614 0.055573 -0.027836 0.002081 -0.136765 0.002151 -0.024929 -0.014741 -0.012152 -0.011924 -0.005802 0.000192 -0.00828 0.006037 0.003338 0.060408
40.516275 207.337495 69.861772 1058.531955 144.924169 2151.960484 188.486589 2551.287917 189.773861 2500.811881 155.214897 2387.409256 -48.333946 155.163292 -96.474652 904.835957 -47.273977 1304.395882 -37.048729 1533.408136 -26.043235 1325.722674 -24.844418 1286.943676 356.420442 184.895905 -0.002642 0.060557 0.006689 -0.003516 0.054776 -0.016946 0.073379 -0.028101 0.077743 -0.000758 0.066757 0.00092 0.000805 -0.003478 0.086594 -0.18031 0.000131 -0.151625 -0.009458 -0.217207 -0.026341 -0.094395 -0.016625 -0.091762 0.194591 0.078233
39.759905 208.405943 69.274543 1061.69159 147.986743 2150.430321 188.535036 2539.105461 192.168978 2492.096422 155.650804 2387.506821 -50.114003 158.093164 -96.290968 921.410676 -46.699813 1319.43625 -36.601017 1545.409137 -25.039217 1335.15974 -23.877145 1297.183764 355.941908 179.052872 -0.003563 0.001373 -0.001239 0.002354 0.016011 -0.000272 3e-06 -0.014578 0.00751 -0.007607 0.000306 1e-06 -0.016094 0.013702 8.8e-05 0.075216 0.001754 0.043108 0.001361 0.02339 0.009868 0.016735 0.009603 0.020289 -0.000161 -0.046907
39.339256 212.95206 65.710316 1069.767524 146.308883 2154.940264 190.44546 2544.789966 195.830267 2498.46333 159.181719 2394.226976 -48.359475 159.26731 -95.670818 920.561594 -45.264172 1323.936089 -35.483097 1548.933851 -24.008447 1337.611488 -23.009004 1300.983709 356.974859 179.861885 -0.001119 0.024525 -0.047064 0.0153 -0.004783 0.002362 0.004815 0.003178 0.017275 0.004061 0.019801 0.004722 0.015632 0.002172 0.001002 -0.000196 0.011207 0.00383 0.008669 0.002007 0.010832 0.001125 0.008038 0.002779 0.000748 0.000912
38.925753 212.803697 65.845866 1068.716998 146.138785 2154.074856 191.047059 2544.363618 195.733022 2498.307813 159.180666 2394.321472 -49.947767 161.224538 -98.898564 921.022445 -43.452415 1328.101665 -31.867583 1563.734632 -20.391883 1358.89675 -20.475246 1323.68886 342.479406 172.130687 -0.001092 -2.6e-05 7e-05 -0.000258 -4.9e-05 -8.7e-05 0.000474 -1.8e-05 -1.2e-05 -2e-06 -0.0 1e-06 -0.012831 0.005976 -0.026775 5.8e-05 0.018502 0.003271 0.097114 0.035189 0.147536 0.08401 0.073882 0.098209 -0.150218 -0.084915
39.597033 212.66008 66.652559 1069.063673 147.709453 2162.006969 193.29849 2555.572059 198.318411 2509.811592 161.798571 2402.161475 -49.318897 161.148335 -98.339854 931.738078 -44.856263 1328.014562 -33.636818 1563.951721 -22.783861 1358.720319 -22.509629 1323.055497 355.54124 175.223363 0.002869 -2.4e-05 0.002456 2.8e-05 0.004198 0.007289 0.006594 0.012317 0.008482 0.013212 0.010676 0.006407 0.001992 -9e-06 0.000791 0.030988 -0.011159 -1e-06 -0.023897 8e-06 -0.06631 -6e-06 -0.048169 -7.6e-05 0.122222 0.013768
42.196239 211.881377 69.480676 1071.171435 149.591924 2166.921896 196.93718 2562.087675 201.183604 2516.344591 164.21258 2409.968939 -46.624896 160.735773 -95.481087 920.283656 -46.142559 1318.55023 -37.087523 1552.270712 -26.180081 1349.101466 -24.487001 1309.399255 372.511929 180.447182 0.041309 -0.000714 0.02938 0.001038 0.00596 0.00279 0.016965 0.004148 0.010275 0.004246 0.008938 0.006334 0.03783 -0.000264 0.021084 -0.035422 -0.009092 -0.016923 -0.084232 -0.021893 -0.117926 -0.017084 -0.041617 -0.035422 0.197818 0.038364
42.101741 209.404678 69.279305 1070.176375 149.484341 2166.900809 196.578002 2557.686539 200.850137 2509.120662 163.978633 2410.535461 -46.583189 160.776431 -94.511207 926.37968 -45.073692 1318.864946 -35.638281 1553.498675 -24.64316 1347.042135 -23.106259 1308.161095 366.199829 179.266686 -5.3e-05 -0.00728 -0.000146 -0.000231 -1.9e-05 -0.0 -0.000164 -0.001892 -0.000138 -0.005192 -8.3e-05 3.3e-05 9e-06 3e-06 0.002476 0.010062 0.006263 1.9e-05 0.014441 0.000243 0.023244 -0.000786 0.020033 -0.000293 -0.026968 -0.001937
41.849804 209.293599 69.146311 1070.683794 143.204033 2181.384455 188.435366 2581.770307 191.049036 2539.243922 155.568272 2432.754656 -46.766393 160.816792 -93.730673 931.1596 -45.011607 1325.564251 -35.545578 1559.49795 -24.559554 1350.858282 -23.019527 1311.885967 352.606094 185.964689 -0.000378 -1.5e-05 -6.4e-05 6e-05 -0.067387 0.024122 -0.086114 0.056429 -0.122578 0.089873 -0.110698 0.050967 -0.00018 3e-06 0.001618 0.00615 2.1e-05 0.008486 6e-05 0.005781 7.1e-05 0.002699 8.2e-05 0.002648 -0.128551 0.061423
41.812564 208.919701 69.679054 1067.264264 146.244436 2177.34779 191.64647 2570.884071 193.573715 2527.562533 157.922937 2422.922194 -46.55923 161.843761 -92.377195 935.409042 -43.088642 1334.464196 -33.390034 1567.474614 -23.071232 1355.015721 -21.637689 1314.781971 350.300984 181.288226 -8e-06 -0.000167 0.001022 -0.002735 0.015969 -0.001869 0.013565 -0.0115 0.008286 -0.013466 0.008843 -0.009955 0.00023 0.001634 0.004922 0.004837 0.020989 0.014889 0.033709 0.010174 0.023259 0.003194 0.021384 0.001596 -0.00378 -0.029775
43.179383 207.792708 73.195589 1064.686139 145.425594 2175.484734 188.681562 2548.32961 190.070067 2529.722955 155.418284 2400.715341 -44.656765 162.344763 -85.79091 927.449797 -42.56327 1330.326473 -32.504895 1566.498269 -22.274147 1355.875058 -21.091705 1314.628959 342.4772 181.552517 0.010991 -0.001524 0.043282 -0.001559 -0.001149 -0.000399 -0.011557 -0.049686 -0.015999 0.000461 -0.01001 -0.051118 0.019842 0.000387 0.121778 -0.017003 0.001611 -0.003212 0.005945 -0.000152 0.007006 0.000136 0.003488 -4e-06 -0.04418 9.6e-05
42.004105 205.749419 67.539089 984.143219 143.239129 1842.683058 185.952009 2141.804986 191.07161 2083.172072 157.388578 2009.025707 -44.066993 166.121885 -80.765055 901.019242 -42.69103 1292.470576 -34.516365 1506.06596 -24.319051 1305.957492 -22.095258 1263.20533 351.723786 90.321189 -0.008108 -0.005048 -0.113721 -1.583751 -0.008281 -13.805739 -0.009944 -17.651289 0.001316 -21.665035 0.006205 -17.430114 0.00196 0.021718 0.075845 -0.191037 -9.6e-05 -0.273209 -0.030191 -0.59436 -0.044895 -0.468095 -0.011662 -0.51296 0.061584 -15.764049
42.300223 205.162646 60.244804 948.126396 125.757806 1632.807456 160.502127 1891.803826 166.83688 1791.011504 138.75056 1733.898415 -42.048696 163.949401 -77.241019 840.45486 -43.415332 1247.554109 -35.244514 1470.124203 -24.751426 1268.828205 -22.283853 1221.490213 320.10991 44.886368 0.00052 -0.000419 -0.20836 -0.3357 -0.568631 -6.342702 -0.936015 -7.754931 -0.821435 -11.031937 -0.58709 -10.125446 0.023655 -0.00715 0.039303 -1.053462 -0.003046 -0.397171 -0.0038 -0.217032 -0.001905 -0.267722 -0.000401 -0.350199 -0.744225 -7.862512
47.125125 207.336208 53.554811 1019.976738 12.364188 1496.089305 3.337194 1784.163199 0.93066 1535.22129 0.919847 1449.764635 -43.30571 158.998731 -75.924852 837.391021 -47.616054 1214.329419 -40.599406 1431.417915 -30.057455 1235.699155 -26.043509 1198.81301 41.566067 16.235961 0.130258 0.005727 -0.196814 1.311972 -59.257728 -2.988399 -117.552097 -1.576318 -142.846193 -9.84983 -117.075783 -12.704455 -0.009257 -0.037948 0.005655 -0.002797 -0.096975 -0.224204 -0.189275 -0.258181 -0.257442 -0.21912 -0.146464 -0.10624 -130.975218 -7.130725
48.654049 198.256888 50.264076 1147.236432 -0.864367 1320.98647 -15.126573 1530.936213 -17.415759 1238.679352 -12.872995 1186.55101 -41.987496 153.10906 -58.926 864.787982 -35.704923 1186.061176 -32.428412 1396.781032 -27.095029 1201.64304 -21.847832 1156.100138 1.065167 0.281063 0.012204 -0.101634 -0.052166 3.739599 -19.766809 -5.447258 -32.673667 -9.68564 -26.398287 -15.896354 -20.675046 -13.172727 0.010187 -0.055576 1.0757 0.220494 0.855771 -0.166457 0.458561 -0.212106 0.076828 -0.237939 0.184142 -0.38739 -29.323371 -12.244637
44.787866 188.249598 47.60096 1133.893832 -0.388459 1155.857562 -10.970296 1300.201052 -11.689703 1028.947475 -8.81903 996.885415 -43.200967 155.652291 -56.413895 936.616423 -26.488676 1159.008784 -20.951675 1346.181227 -18.696908 1149.635487 -14.890512 1107.842283 0.818973 -3.345475 -0.080016 -0.129574 -0.036241 -0.039022 0.093911 -5.510626 0.333097 -9.41802 0.568815 -9.719839 0.382184 -8.25331 -0.008643 0.010474 0.02736 1.432598 0.686652 -0.156041 1.248348 -0.466751 0.776683 -0.575244 0.664786 -0.514387 -0.016154 -5.565907
41.593779 185.151458 49.22062 1173.930697 18.817436 795.597923 18.135749 738.037219 20.770664 522.520173 15.249012 547.125749 -45.77864 158.641404 -35.502947 1024.850618 -7.428252 1127.956031 -3.179073 1298.675752 -3.415755 1079.994009 -2.567626 1043.772415 41.032487 -100.091264 -0.059073 -0.012853 0.013548 0.347312 24.613225 -33.542165 57.316293 -79.058066 63.624635 -84.980945 47.261273 -66.957774 -0.037344 0.014214 2.410205 1.985559 5.86237 -0.210829 7.808138 -0.426668 6.129665 -1.087876 5.091527 -0.954134 30.257581 -66.838772
41.211405 177.063458 45.741062 1211.466432 22.07481 635.189181 13.455261 538.811228 20.716641 361.422533 17.002589 389.483264 -44.890122 157.874853 -20.759528 1028.879793 -1.421611 877.271176 -0.123398 873.159409 -0.787246 684.829771 -0.375518 682.919715 29.58079 -51.238916 -0.000883 -0.090311 -0.06377 0.295343 0.129944 -9.020325 -0.348652 -15.638329 -3.5e-05 -14.803904 0.047708 -13.361868 0.004354 -0.000928 1.966088 0.003952 2.350606 -15.731478 2.049809 -42.092499 0.923343 -44.809769 0.979281 -38.127343 -0.934776 8.10214
41.525843 174.830899 43.492736 1121.72517 16.448724 501.009027 8.303644 401.488112 14.192726 266.179071 11.969964 298.463711 -44.238327 155.861322 -22.120229 1001.787448 -0.019959 734.681543 1.04786 723.374291 0.686143 561.301257 0.846933 567.813344 8.637638 -54.417207 0.000598 -0.007082 -0.028329 -1.726492 -0.413039 -7.950871 -0.61864 -10.08151 -0.615017 -7.269067 -0.440439 -6.047803 0.002383 -0.006461 -0.021595 -0.180736 1.104676 -6.318961 1.890433 -7.041871 2.943305 -6.137784 2.35035 -5.307948 -6.249183 -0.047815
40.685816 174.062545 37.307857 1129.252185 10.458827 448.094297 3.88677 335.836246 7.146332 230.725849 5.675194 264.497647 -46.163089 156.869085 -10.712908 1036.95917 3.426769 441.911616 10.601103 355.062286 4.89297 273.508602 4.644153 297.029985 0.212758 -1.818271 -0.004292 -0.000846 -0.237058 0.012585 -0.675177 -1.476208 -0.82831 -2.92866 -1.19697 -1.266374 -1.161 -1.025599 -0.020493 0.001624 2.045349 0.303408 3.969782 -37.006729 4.983089 -64.84311 1.914538 -51.175449 1.524583 -43.484482 -6.139143 36.341234
41.034739 171.004572 35.627323 1173.946014 5.008455 441.516261 1.04111 314.954417 4.374535 215.251558 3.348986 249.060099 -46.857009 158.299102 -14.466412 1135.358274 1.5076 445.649138 6.522913 350.342931 2.257996 267.054021 2.440661 288.894888 0.346775 -2.790015 0.000745 -0.01355 -0.019364 0.433685 -0.992122 -0.02432 -0.904669 -0.335102 -0.338402 -0.26854 -0.304972 -0.232079 -0.002588 0.003244 -0.281341 2.229728 -0.388515 0.007869 -0.492711 -0.015787 -0.503167 -0.038537 -0.351374 -0.056477 0.016287 -0.10362
42.582599 172.686123 34.162194 1200.872272 4.198739 443.623603 0.22268 315.100622 2.265328 222.27879 1.71361 255.207908 -52.322753 159.79377 -14.272216 1151.584529 2.289561 368.528435 8.260418 257.407347 2.360138 196.442142 2.564017 221.66729 -0.000972 0.797869 0.014328 0.004114 -0.015381 0.152653 -0.035674 0.002509 -0.300806 1.7e-05 -0.34391 0.056436 -0.271414 0.037477 -0.150722 0.003512 0.000656 0.057565 0.081388 -3.660752 0.102461 -7.147766 0.00113 -5.410303 0.00152 -4.445405 -0.384461 6.571886
44.916883 181.905179 27.994586 1269.325284 2.441332 403.128614 0.178231 255.149637 3.189986 184.456318 2.205886 220.871277 -56.623786 159.909824 -16.878258 1148.374746 1.566254 334.598278 6.551228 222.680284 1.817283 172.603812 2.067786 198.87523 0.191832 0.196774 0.031142 0.119864 -0.306752 0.948652 -0.236786 -0.968868 -0.002472 -3.16011 0.078934 -1.762382 0.031037 -1.239858 -0.084932 2.1e-05 -0.109202 -0.00224 -0.06845 -0.819146 -0.098946 -1.257636 -0.035422 -0.770717 -0.026659 -0.618083 0.220111 -0.202178
44.588401 177.570314 32.048865 1219.589433 2.401339 392.973063 0.075234 264.802118 2.072846 180.229065 1.421611 214.456685 -56.124793 159.739827 -18.387505 1111.919166 0.507744 291.320749 3.718684 182.003991 0.573514 136.533627 0.81948 163.034543 0.465713 3.028231 -0.000603 -0.026138 0.137034 -0.496984 -0.000165 -0.064778 -0.02187 0.089603 -0.119934 -0.024501 -0.085796 -0.047262 0.001104 -4.5e-05 -0.03231 -0.29401 -0.290456 -1.497948 -0.398347 -2.049451 -0.348997 -2.111548 -0.2838 -1.779062 0.059753 1.681142
46.925416 170.855029 30.083963 1184.177716 2.348943 326.866646 0.101543 192.087929 2.945985 135.228796 2.160829 166.644849 -53.295242 159.194654 -16.472447 1130.668331 0.433144 314.444552 2.614119 195.537772 -0.45225 149.96979 -0.116621 175.022227 5.70676 -0.381212 0.029845 -0.064719 -0.031077 -0.260853 -0.000289 -3.041866 0.001969 -5.823354 0.076535 -3.226156 0.077096 -3.011059 0.036592 -0.000466 0.052642 0.078378 -0.002962 0.441512 -0.097073 0.242651 -2.044334 0.315232 -1.554386 0.212612 2.911976 -5.558302
44.017508 180.47873 25.201163 1220.905328 2.02144 382.047948 0.059512 247.192267 2.686701 173.493122 1.923637 207.233401 -53.697454 168.106131 -18.298719 1126.697234 -0.007038 352.036852 0.841063 240.194944 -0.178999 183.571041 -0.043847 209.514493 4.252663 -0.14225 -0.046502 0.13183 -0.216047 0.280447 -0.012288 2.150895 -0.005581 3.469913 -0.005971 2.380501 -0.006893 2.209694 -0.000756 0.12134 -0.047993 -0.003493 -0.550609 1.061025 -0.48962 2.294443 0.062207 1.696829 0.017451 1.550072 -0.106723 0.057726
48.683032 181.239515 23.547745 1248.505455 2.346833 378.811142 0.166068 240.375944 3.813801 172.469775 2.85309 205.607604 -51.452296 171.311264 -22.446046 1160.45341 -0.75187 360.187662 0.002376 243.344157 -1.092525 185.647255 -0.602017 211.791501 8.98881 -0.242525 0.11748 0.0008 -0.028048 0.154245 0.012136 -0.006885 0.026753 -0.047649 0.098458 -0.001514 0.091299 -0.003201 0.023972 0.015133 -0.211624 0.249118 -0.613419 0.046641 -0.754032 0.010255 -0.387078 0.005838 -0.320923 0.006153 0.875976 -0.013296
47.703618 173.330018 26.483706 1210.090529 2.649888 351.569206 0.217071 219.30932 3.933076 154.662757 2.983682 187.00297 -49.927549 166.29778 -19.787723 1094.509589 -1.178502 357.744664 -0.119122 245.102696 -2.317859 186.95692 -1.515515 212.188363 12.289583 -1.52985 -0.004976 -0.088231 0.086219 -0.30013 0.009199 -0.508216 0.00341 -0.482978 0.000918 -0.48501 0.001461 -0.441057 0.011467 -0.037227 0.083745 -0.964432 -0.047735 -0.004157 -0.155146 0.003166 -0.227732 0.002302 -0.207175 0.000186 0.257572 -0.554135
47.334936 167.700112 25.372848 1226.918101 2.514703 352.186166 0.272166 217.397009 4.370297 153.319919 3.183006 185.325792 -51.389466 155.355575 -19.366557 1081.348554 -0.418554 338.285053 0.117135 230.583908 -0.737837 176.477266 -0.451713 200.070705 8.699551 -0.814024 -0.000715 -0.046474 -0.0119 0.058098 -0.00177 0.00027 0.003112 -0.004187 0.011519 -0.002927 0.003222 -0.003777 -0.010548 -0.186173 0.002265 -0.039804 0.192397 -0.272079 0.472506 -0.221621 0.440202 -0.151122 0.312443 -0.178128 -0.309303 0.111983
46.771081 171.559595 27.82571 1233.356098 2.143716 380.819242 0.131305 246.755479 3.236409 170.010983 2.311593 203.793139 -53.345599 156.816757 -18.887881 1069.055878 0.120333 332.147015 2.13122 228.814054 0.109553 175.488804 0.225827 198.502783 2.155067 -0.043428 -0.001689 0.021954 0.056578 0.008423 -0.014796 0.559454 -0.025388 0.929418 -0.084986 0.431102 -0.069541 0.438472 -0.018269 0.00342 0.002995 -0.035136 0.987734 -0.028099 1.249074 -0.003409 1.41601 -0.001388 1.316318 -0.003084 -2.194799 0.481414
44.146638 170.653224 24.682233 1241.414895 1.819815 395.550392 0.086938 258.241718 3.102501 180.34311 2.143664 213.818568 -57.738356 154.484386 -20.802758 1080.51335 0.088475 326.006195 1.964082 223.948661 0.112348 171.144822 0.210282 194.289799 2.034069 0.120378 -0.037887 -0.0012 -0.094179 0.013121 -0.013257 0.13977 -0.004557 0.130645 -0.001415 0.152383 -0.003166 0.120355 -0.086889 -0.008738 -0.046219 0.030535 -0.002445 -0.028649 -0.003412 -0.026143 1.8e-05 -0.02722 -0.000277 -0.022594 -0.001748 0.308412
42.575015 171.578644 24.119585 1283.79531 1.608631 405.894354 0.045411 263.293702 2.7652 185.064443 1.838711 219.588428 -58.838687 154.129063 -21.232532 1101.819643 0.071136 328.14714 1.860419 224.558118 0.097718 171.306817 0.19794 195.011784 1.823282 0.265654 -0.014242 0.001251 -0.003244 0.355659 -0.00651 0.066756 -0.006684 0.024469 -0.009703 0.030503 -0.011693 0.038408 -0.005193 -0.000205 -0.002197 0.10401 -0.000945 0.003504 -0.001405 0.000414 -0.00051 3.8e-05 -0.000187 0.000669 -0.005764 0.028379
43.667954 167.026942 27.434953 1228.050364 2.252366 407.489558 0.096854 274.604073 2.633438 185.921368 1.858859 220.341515 -55.13476 155.039993 -20.694184 1061.129028 0.079604 329.890294 1.709344 235.131044 0.067889 174.716405 0.190532 198.911376 1.855674 0.17411 0.006926 -0.030594 0.106713 -0.618645 0.054042 0.001564 0.009627 0.118925 -0.001608 0.00099 5.5e-05 0.000645 0.060201 0.001342 0.003456 -0.382781 0.000238 0.002309 -0.003198 0.121606 -0.002709 0.016799 -7.1e-05 0.019302 0.000143 -0.009634
45.304162 167.849271 28.785615 1206.969339 2.900818 387.580313 0.252446 255.288947 3.407619 175.06418 2.502185 208.731241 -53.676971 158.575571 -23.861827 1104.044596 -6e-06 349.777415 0.453815 243.858981 -0.237253 177.949141 -0.065639 204.238654 5.443169 -0.011789 0.015046 0.00101 0.016227 -0.091256 0.040962 -0.249312 0.036568 -0.352145 0.049812 -0.16331 0.047712 -0.15711 0.009766 0.01993 -0.112742 0.425353 -0.081045 0.291012 -0.401653 0.079525 -0.558968 0.014817 -0.479835 0.035199 0.942508 -0.276509
46.98901 162.358965 32.084811 1139.761095 2.966287 386.265065 0.059176 258.929426 2.089743 174.746029 1.633264 208.382195 -51.156093 158.578198 -25.908295 1112.937021 -1.901915 409.33338 -0.245239 311.795007 -2.203523 219.918269 -1.408225 244.113897 8.585025 -2.593671 0.01538 -0.045646 0.089475 -0.962589 0.000365 -0.001118 -0.067174 0.012887 -0.160304 -0.000145 -0.092317 -0.000146 0.030314 0.0 -0.042092 0.017834 -1.89491 2.339835 -1.366266 4.168675 -0.994688 2.219753 -0.865803 1.776718 0.356363 -2.255739
46.475689 163.050525 36.072244 1125.694902 3.932036 396.5062 0.11858 271.690367 2.782334 180.098338 2.157141 214.942887 -50.15874 159.47371 -29.5675 1098.976204 -2.380795 444.419894 -0.140292 361.720159 -1.28232 245.476661 -0.847756 268.014416 7.842402 -5.051807 -0.00141 0.000735 0.11674 -0.043669 0.067936 0.066996 0.01022 0.153467 0.049479 0.040368 0.036378 0.050842 0.004909 0.001261 -0.120813 -0.044058 -0.026858 0.721276 0.014559 1.852931 0.123926 0.702333 0.070729 0.558011 -0.016794 -0.405941
45.983536 171.056798 41.89574 1134.324393 6.953747 410.04132 1.542038 293.909703 5.062396 193.493614 3.988687 228.244407 -49.311028 170.343621 -33.828325 1137.834956 -3.086281 427.99755 -0.260865 322.166387 -1.597025 223.802935 -1.132552 251.245035 12.34617 -1.102177 -0.00131 0.095942 0.217785 0.016475 0.427794 0.113578 0.805388 0.436607 0.338659 0.240224 0.279258 0.199656 0.003612 0.179171 -0.143347 0.33756 -0.04571 -0.15458 -0.018549 -1.144789 -0.01725 -0.500769 -0.020586 -0.270853 0.508772 1.434668
48.498515 166.359508 50.906833 1098.679042 8.071494 409.523576 1.994564 295.495192 5.555337 193.724757 4.545647 228.520672 -45.231495 169.092984 -45.77001 1120.725652 -6.679281 425.456078 -1.854448 322.597357 -3.455228 221.616443 -2.585 252.460728 17.772976 -0.937573 0.033479 -0.032698 0.438523 -0.284521 0.041633 -0.000164 0.029071 0.002132 0.011449 6.9e-05 0.018193 8.4e-05 0.088057 -0.002304 -0.900869 -0.064805 -0.685003 -0.003784 -0.724256 0.000144 -0.354132 -0.005367 -0.295479 0.001467 0.492929 0.006653
49.102599 176.572376 61.080613 1123.555715 9.271835 415.260436 2.44987 293.884464 5.441959 199.041192 4.506868 238.981543 -45.720223 183.410853 -49.743838 1190.343558 -9.867571 403.824703 -4.267278 288.870169 -7.119063 205.578376 -5.375117 235.575355 25.009579 -0.052812 0.001869 0.152109 0.463089 0.139245 0.041588 0.019952 0.023383 -0.002201 -0.000584 0.035983 -8.3e-05 0.117051 -0.001313 0.290899 -0.082701 1.048812 -0.310069 -0.28217 -0.495556 -0.930867 -0.655019 -0.301163 -0.505004 -0.292193 0.616472 0.545345
48.666149 176.512187 74.491793 1069.613714 10.794239 436.385769 2.526939 330.869684 5.359113 227.581137 4.386299 267.758233 -46.63902 184.492667 -64.320044 1189.829914 -16.651706 402.168917 -8.095592 285.052117 -11.780708 189.884808 -9.718018 229.922577 33.031222 1.705435 -0.000974 -5e-06 0.664965 -0.663464 0.057835 0.26205 0.000597 1.095717 -0.000318 0.955695 -0.000817 0.817744 -0.00457 0.001591 -0.935179 -5.5e-05 -0.882437 -0.001701 -0.607677 -0.0127 -0.58392 -0.311515 -0.638311 -0.034324 0.556996 2.358471
47.297585 192.854979 78.506588 1100.557922 22.638482 634.702858 10.054144 589.046983 11.597569 423.645322 10.607256 455.709093 -46.553577 194.587262 -79.563352 1186.334822 -24.341719 389.535494 -13.069696 266.579969 -16.717344 168.097012 -14.672673 212.007026 56.163112 58.025132 -0.009759 0.361724 0.052685 0.220626 2.168353 18.519779 2.500168 36.972073 1.189287 30.215399 1.351474 24.840497 3.9e-05 0.134429 -0.809732 -0.00257 -0.72775 -0.100804 -0.592789 -0.309369 -0.430836 -0.663649 -0.508539 -0.363292 3.051749 39.835033
47.369636 193.342414 85.307586 1098.432887 30.347779 699.57613 15.740345 677.611069 16.769904 496.671546 15.548865 521.987713 -46.596777 191.422343 -90.058992 1169.02492 -31.165332 376.278852 -18.23521 257.651738 -21.275646 157.335192 -18.685544 200.117077 75.82335 94.922082 2.7e-05 0.000308 0.141238 -0.001027 0.563836 1.578018 0.634545 3.099971 0.47553 2.901854 0.471044 2.24912 -1e-05 -0.012975 -0.325028 -0.063607 -0.421018 -0.114748 -0.429113 -0.076034 -0.274438 -0.177992 -0.242246 -0.171551 1.472474 4.517212
51.765221 195.664899 90.273159 1106.884863 30.707335 732.530354 15.25823 730.015896 16.535381 531.28195 15.89001 554.960255 -43.637945 187.165941 -102.62759 1095.518066 -38.487695 342.26291 -23.584 231.077087 -25.079289 132.126258 -22.16707 174.386606 82.342822 133.516536 0.097497 0.006933 0.070229 0.016196 0.001059 0.379205 -0.003749 0.975833 -0.000826 0.582818 0.001851 0.504873 0.048524 -0.023928 -0.41035 -1.193327 -0.385956 -0.805613 -0.343473 -0.723034 -0.156317 -1.099801 -0.148621 -0.884958 0.134421 3.283848
53.678805 192.842729 90.033822 1086.17423 29.771747 744.068967 14.48857 755.033961 16.26828 555.889624 15.421855 574.538276 -40.861653 179.640767 -102.339706 1035.922772 -41.054176 313.583838 -26.200214 209.585158 -26.539777 113.344815 -22.934728 152.422967 84.365562 167.209713 0.017365 -0.01025 -0.000159 -0.097795 -0.007237 0.045084 -0.009959 0.21075 -0.001087 0.278528 -0.0035 0.169689 0.045621 -0.077199 0.000202 -0.833308 -0.041416 -0.627344 -0.06879 -0.524413 -0.020665 -0.719556 -0.006533 -0.738882 0.012272 1.893442
50.84659 190.85729 90.574861 1060.071303 27.918603 809.675725 13.308976 849.539045 15.245963 638.905218 15.881006 648.624832 -40.961272 170.447802 -103.859326 928.908705 -35.895866 278.390321 -21.393093 185.924944 -21.040301 99.73659 -18.465235 136.190137 72.106909 233.776567 -0.038378 -0.005137 0.00081 -0.15874 -0.029771 1.385738 -0.025039 2.785467 -0.016586 2.887494 0.003368 2.24576 -6.1e-05 -0.12072 -0.0056 -2.916412 0.173087 -1.047073 0.243392 -0.708335 0.318893 -0.434982 0.241968 -0.456863 -0.480934 5.56391
49.033708 187.619847 86.1274 1023.243067 21.439213 780.254405 8.223798 835.020554 10.151124 629.618473 9.750618 637.881441 -39.744459 161.02563 -108.234404 806.70022 -32.42383 245.041018 -18.756646 167.279935 -18.096502 90.458723 -16.805657 126.08039 55.354809 242.774429 -0.016454 -0.013847 -0.055978 -0.325545 -0.427135 -0.272241 -0.609072 -0.062565 -0.516278 -0.033994 -0.743906 -0.044859 0.009174 -0.13394 -0.045129 -4.307846 0.088282 -1.06347 0.086655 -0.49246 0.110871 -0.226425 0.039065 -0.194923 -1.105647 0.084953
50.816673 176.190032 86.936185 979.578585 20.515587 811.021072 6.860698 890.623657 6.155768 676.529749 6.874818 678.758472 -37.712296 150.133632 -103.364065 724.873328 -26.462331 197.472291 -13.573541 128.751406 -10.388107 69.742505 -9.241714 102.671795 32.537221 311.839845 0.01592 -0.17959 0.00189 -0.476032 -0.010168 0.297458 -0.061714 0.896044 -0.497026 0.842698 -0.250611 0.634697 0.026663 -0.190693 0.056057 -2.187432 0.302541 -2.56417 0.418177 -2.517956 1.062837 -1.345092 1.122438 -1.200873 -3.01349 4.317117
46.977325 162.675976 81.547455 930.699311 16.449135 836.909348 5.630653 939.812323 4.505034 740.187554 6.771407 733.701695 -37.881116 138.692011 -90.507766 625.75527 -3.649413 149.589956 0.008543 91.45665 0.074642 55.34186 0.008117 86.010502 3.419909 390.741291 -0.075395 -0.269579 -0.086198 -0.625452 -0.224354 0.203359 -0.06071 0.661034 -0.128576 1.430901 -0.000392 1.069021 -0.000189 -0.226715 0.426742 -3.641879 10.457535 -3.318905 14.263142 -3.181124 12.223872 -0.83172 9.797614 -0.737064 -14.859799 4.444463
45.826482 156.256557 84.698589 916.342082 13.196772 824.017112 3.528628 917.577722 1.426106 736.42094 2.726434 732.878043 -37.890655 132.894171 -84.525609 577.925691 -0.060472 140.531633 3.904864 84.627018 4.349165 55.307102 3.175057 85.359728 -0.794359 388.097972 -0.007136 -0.064611 0.029867 -0.055801 -0.178944 -0.050036 -0.244466 -0.133089 -0.861759 -0.004804 -0.904403 -0.000231 -1e-06 -0.061893 0.102257 -0.950656 2.770337 -0.141446 3.548114 -0.132498 3.28428 -5e-06 2.862098 -0.001236 -7.510713 -0.004486
47.129258 153.92068 85.506054 884.987756 8.352271 801.989798 0.976345 892.20322 0.201092 706.911224 0.762914 706.187176 -34.464872 130.563733 -86.436008 540.048842 -0.049528 140.546967 4.254949 90.738136 5.142208 59.300085 3.639264 89.446707 -3.30953 356.724333 0.00913 -0.008796 0.001915 -0.272901 -0.551613 -0.149207 -0.792745 -0.177894 -0.556165 -0.301703 -0.604883 -0.247544 0.081145 -0.010307 -0.010674 -0.641816 0.000546 0.0 0.007513 0.106512 0.033189 0.06958 0.01583 0.047783 -0.861078 -0.661058
49.848023 156.456524 85.50666 907.591824 9.029941 806.225257 1.201278 886.383608 0.705349 686.360954 1.294804 688.479113 -33.745591 132.521601 -98.648639 535.8364 -5.300192 150.043157 -0.054189 97.051531 0.00325 62.623908 -0.034679 93.719305 0.612836 334.339929 0.038118 0.010359 0.0 0.142522 0.013215 0.005577 0.011648 -0.009521 0.153208 -0.151563 0.069931 -0.112424 0.003793 0.007285 -0.403359 -0.008247 -4.325009 0.155204 -5.269498 0.106157 -4.886894 0.045315 -4.384452 0.049839 6.770663 -0.362624
47.192622 165.899786 78.017678 927.448708 10.628543 794.340525 1.85006 859.986706 1.223598 666.554927 1.805274 673.37124 -35.96332 139.696981 -125.224508 565.332365 -7.811502 186.583679 -0.863026 125.449921 -0.550503 69.362628 -0.189205 103.978844 3.415557 305.87569 -0.036338 0.138347 -0.171578 0.107438 0.065106 -0.044125 0.06977 -0.19951 0.070923 -0.144983 0.042317 -0.083803 -0.035287 0.094584 -1.583001 0.395111 -0.242745 1.989096 -0.484703 1.819718 -0.638354 0.172139 -0.061879 0.266389 1.13483 -0.633079
45.824344 174.388732 83.222396 929.384723 12.742555 796.169644 2.716473 860.30486 1.584891 673.382686 2.189795 686.194503 -39.838758 149.239364 -155.586115 521.624042 -20.196513 201.252597 -6.114828 134.940539 -3.344701 90.346568 -4.093142 123.278092 9.534366 270.422799 -0.010064 0.1059 0.084024 0.001009 0.095807 0.001052 0.082946 2.9e-05 0.023336 0.017396 0.018548 0.060475 -0.099132 0.157616 -1.646193 -0.879148 -2.887099 0.277506 -2.383398 0.173013 -1.181338 1.384525 -2.522299 0.820954 1.536743 -1.091534
50.184873 193.427125 97.068502 983.304766 18.36147 834.094515 5.018611 904.791314 3.198711 699.289707 4.071465 717.432455 -39.522766 158.861071 -168.588555 543.456543 -32.652546 210.73378 -13.980896 148.066296 -8.518893 101.047347 -10.036273 138.546255 22.15781 268.692926 0.099074 0.49305 0.532468 0.760173 0.511736 0.441183 0.350527 0.560694 0.280444 0.244499 0.289435 0.347646 0.000629 0.150275 -0.260865 0.22379 -1.488858 0.109111 -1.60348 0.304548 -1.187799 0.299373 -1.310696 0.445557 2.622558 -0.002775
52.145487 192.648016 106.36279 953.78468 15.150181 844.873207 2.922247 943.111227 1.146084 744.362303 1.979835 756.765462 -38.672657 157.080798 -161.337779 512.000236 -31.264237 210.577976 -14.610887 150.637397 -7.751761 107.034133 -8.995245 147.923159 14.85911 286.871242 0.018784 -0.000786 0.212428 -0.224947 -0.154217 0.034599 -0.281714 0.397362 -0.515439 0.703783 -0.37298 0.524814 0.004621 -0.005016 0.079685 -0.468858 0.015079 -2.9e-05 -0.006941 0.011066 0.018094 0.086142 0.028494 0.153507 -0.726682 0.297481
47.169203 184.895662 105.770538 909.85793 12.771465 854.639711 1.797259 973.71529 0.393248 778.641581 1.018417 787.594988 -41.742563 147.723797 -172.699909 492.385061 -34.421006 201.540617 -15.822793 159.115699 -9.234702 111.191692 -10.967769 150.27323 13.439262 301.348865 -0.12475 -0.079601 -0.000827 -0.517757 -0.101509 0.028063 -0.136043 0.244328 -0.196655 0.385822 -0.158324 0.30775 -0.058619 -0.143656 -0.193295 -0.191556 -0.075899 -0.099102 -0.024139 0.116052 -0.064855 0.039608 -0.097691 0.009261 -0.035642 0.178193
48.240547 179.138542 99.359789 896.515506 7.90182 849.729984 0.266583 970.102019 -0.026631 778.677008 0.092989 786.599514 -38.90177 153.34494 -155.927184 507.630776 -28.583223 201.731306 -12.775278 160.362157 -7.189242 114.173998 -8.467598 150.398858 6.34075 296.513293 0.006015 -0.045527 -0.100199 -0.049276 -0.581713 -0.007072 -0.679475 -0.003358 -0.624552 0.0 -0.495934 -0.000315 0.050051 0.05248 0.428309 0.116221 0.271039 4.5e-05 0.162841 0.002432 0.12787 0.019734 0.161482 2.6e-05 -1.317617 -0.019556
46.056359 169.672226 95.658925 871.033086 4.893682 828.120721 -0.000764 942.826977 -0.507094 764.690868 -0.039449 770.896873 -39.197211 150.193744 -145.872951 499.497515 -19.580662 208.087691 -6.371737 169.488269 -3.009259 119.001665 -4.001864 157.127566 1.045744 280.37011 -0.025299 -0.128476 -0.035119 -0.183697 -0.358622 -0.13916 -0.295884 -0.194457 -0.301307 -0.063373 -0.253571 -0.079159 -0.000559 -0.016358 0.167521 -0.032841 0.848838 0.049297 1.102547 0.126272 0.895966 0.049981 0.827095 0.073621 -2.236426 -0.225915
50.951795 162.571918 91.625054 886.22284 1.641639 856.286116 -1.232019 994.063584 -3.685518 811.601533 -1.461479 812.679476 -36.128147 148.479488 -106.445301 484.222942 -0.159472 192.3861 3.494929 160.406089 7.218839 121.164 4.656428 159.026766 -21.220394 305.591273 0.123601 -0.075878 -0.043447 0.065651 -0.866579 0.235497 -1.171434 0.6778 -1.458454 0.698188 -1.020704 0.551312 0.062549 -0.00492 3.099551 -0.118594 16.205978 -0.307929 19.304624 -0.125043 19.549762 0.009734 17.291807 0.005704 -31.687621 0.543041
51.884637 163.118651 83.594846 923.489448 1.098439 891.79734 -1.710061 1025.470284 -3.886253 828.644641 -1.770003 823.667422 -33.038656 152.417007 -104.423429 578.210013 -3.558811 195.404022 0.036946 155.551768 0.470791 111.642605 0.142572 148.339491 -7.062306 331.971385 0.004231 0.000459 -0.184106 0.383748 -0.054382 0.360731 -0.039097 0.244225 -0.002661 0.088546 -0.014762 0.036892 0.069034 0.025764 0.009693 4.165402 -2.211591 0.011743 -2.8132 -0.037293 -4.002592 -0.194786 -3.16943 -0.185857 3.798835 0.545992
54.140686 162.973968 87.344027 947.666519 1.215864 912.991136 -1.570554 1044.494668 -3.657491 839.785231 -1.393312 832.096108 -32.950221 156.00326 -96.44263 643.808331 -3.682578 205.829879 0.005459 154.870825 0.199558 108.967858 0.056308 145.549036 -5.56571 343.742022 0.024005 -3.2e-05 0.04112 0.156202 0.002981 0.124445 0.002968 0.087425 0.003469 0.037195 0.022508 0.021453 5.9e-05 0.020851 0.158609 1.761939 -0.001058 0.135478 -0.014001 -0.000747 -0.057323 -0.016215 -0.019683 -0.013248 0.088997 0.102527
52.637142 154.751128 87.704143 928.693265 1.811911 919.331536 -0.711866 1059.398392 -2.125498 864.509308 -0.752646 855.38357 -35.465843 149.422914 -97.479244 586.817971 -1.268924 178.448264 1.128933 133.22612 1.805835 94.434444 1.020499 129.327332 -7.849648 387.491371 -0.010586 -0.106423 0.00037 -0.095929 0.059249 0.01097 0.167687 0.052789 0.206614 0.179345 0.097866 0.160693 -0.046265 -0.070894 -0.002771 -1.320321 0.628118 -0.976775 0.977382 -0.814233 0.804779 -0.519882 0.597383 -0.479076 -0.195847 1.309925
53.179559 155.158243 88.154909 920.196142 3.784953 969.965016 -0.003762 1128.805165 -0.500575 910.955883 -0.071787 892.817556 -35.341679 156.012789 -115.590667 695.307788 -8.139083 291.246386 -1.078298 239.601053 -0.011869 153.891619 -0.209995 194.799007 -0.358283 316.012471 0.00139 0.000267 0.000578 -0.019526 0.359308 0.678615 0.612122 1.10102 0.563094 0.60763 0.359544 0.40083 0.000109 0.071098 -0.771151 4.598295 -2.980604 13.745477 -4.41388 15.497529 -2.110508 7.223019 -2.156345 6.681315 4.85389 -3.640696
52.774921 158.086494 89.13603 912.779351 8.82466 994.835358 0.969273 1180.020288 0.030773 945.603036 0.253223 925.006692 -36.05492 163.659516 -124.096763 727.597723 -26.097803 261.55202 -10.897254 227.427942 -8.036648 121.138217 -8.055364 167.364206 9.06203 389.840476 -0.000773 0.013687 0.002715 -0.015005 1.050906 0.15741 1.093815 0.568105 0.779575 0.323321 0.594663 0.285017 -0.003563 0.09147 -0.150981 0.366424 -5.088151 -0.798114 -5.119756 -0.158673 -7.430819 -1.957272 -5.664138 -1.040624 13.024075 3.871602
47.084994 150.613988 88.277679 857.771749 9.697033 996.471999 1.27453 1187.772135 0.051212 960.498787 0.362883 937.512478 -39.658418 145.902756 -156.581503 710.204212 -27.697828 280.055318 -8.946793 251.765782 -6.035364 140.253163 -7.780248 188.037766 7.198482 366.686577 -0.162235 -0.090454 -0.002076 -0.854696 0.020556 0.000673 0.020861 0.012689 0.002589 0.058204 0.009838 0.041985 -0.085801 -0.509691 -1.886174 -0.105211 -0.0238 0.316163 0.096088 0.618448 0.143036 0.699853 0.00239 0.601795 -0.10714 -0.354401
50.38031 154.831292 90.669959 870.806525 13.573124 1007.031728 3.431173 1193.278261 0.809577 965.139714 1.151188 944.210009 -39.356866 145.53825 -153.706156 672.142017 -32.118109 309.06592 -12.470255 288.856392 -8.378388 168.340297 -9.973868 212.063875 14.396785 327.323932 0.055723 0.029116 0.015991 0.049147 0.325089 0.027828 0.523296 0.006366 0.453554 0.005592 0.221405 0.011919 0.000575 -0.000228 0.013323 -0.524111 -0.163549 0.714731 -0.291822 1.273843 -0.19171 1.280856 -0.136038 0.722036 1.235012 -1.117178
51.475002 154.595087 93.883656 871.892984 14.077744 992.170942 3.627697 1183.989227 0.918961 943.835131 1.122387 921.653498 -39.793775 142.861865 -150.870267 701.51769 -37.904121 419.378806 -16.660342 424.01308 -11.679129 256.549409 -13.073187 293.449642 19.150238 216.22938 0.005883 -9e-05 0.027983 0.000339 0.004605 -0.055234 0.002736 -0.018148 0.003464 -0.118886 -0.000182 -0.136348 -0.001206 -0.012419 0.013203 0.314135 -0.239462 8.401126 -0.302922 12.929793 -0.273455 9.257158 -0.209346 6.594413 0.338478 -11.474179
52.552202 165.267405 92.46905 904.741293 16.733018 974.850363 4.305619 1150.146849 1.704493 890.661368 1.91797 871.778764 -39.685636 153.972078 -138.791776 743.48198 -48.302706 610.323415 -27.581414 663.595767 -20.103484 456.408163 -20.411698 480.708341 33.515452 71.914452 0.005577 0.178092 -0.005369 0.303693 0.114629 -0.07626 0.029018 -0.245351 0.120366 -0.770795 0.105937 -0.693634 7.4e-05 0.207995 0.251937 0.609472 -0.629456 17.858943 -1.369117 26.716232 -1.136818 28.585613 -0.814045 22.989052 1.997006 -38.744414
53.848203 173.889192 95.409055 920.542424 16.757385 979.223982 3.826243 1153.500604 1.67128 892.85086 2.197246 874.57023 -39.070771 157.700327 -137.489033 752.893226 -55.498495 739.00586 -36.964607 839.863306 -26.104593 623.724963 -25.384048 634.411423 40.986186 24.070051 0.007893 0.109606 0.023005 0.068395 9e-06 0.004895 -0.014142 0.002441 -0.000163 0.001344 0.009487 0.002231 0.0024 0.0223 0.003071 0.029596 -0.249716 6.150091 -0.685669 10.368674 -0.391344 13.037695 -0.270741 10.643666 0.375514 -12.774298
53.586919 178.869397 96.154152 930.581666 18.294742 1006.540381 4.452622 1182.311533 2.064394 914.078362 2.639119 889.147153 -39.211094 164.562895 -112.697842 809.484254 -55.577385 878.147748 -39.76746 1006.230657 -29.456695 751.706495 -26.833247 745.018942 47.117269 7.932461 -0.000318 0.035157 0.001449 0.027223 0.03373 0.187893 0.02373 0.17769 0.020742 0.124693 0.020228 0.060239 -0.000126 0.073077 1.231318 1.025231 -2.8e-05 5.99709 -0.051208 7.511676 -0.101211 5.967175 -0.020114 4.441598 0.213589 -4.366685
54.477726 177.052513 83.119495 923.39508 16.705478 1073.417771 4.31131 1280.258994 1.971415 1019.261301 2.311511 975.372074 -37.941965 157.48887 -83.489918 756.174963 -55.339688 918.923506 -49.563404 1092.008059 -36.35816 861.461198 -29.160022 836.061539 55.262031 6.631721 0.003672 -0.004637 -0.474491 -0.013929 -0.036101 1.07544 -0.001139 1.948676 -0.001071 2.863348 -0.010852 1.994808 0.010439 -0.077702 2.186383 -0.90783 0.000255 0.462663 -0.538732 1.754052 -0.36285 3.738008 -0.048365 2.623407 0.324492 -0.058201
55.931609 185.606895 84.141083 1042.8277 24.074438 1023.629199 8.764226 1113.605838 8.378112 827.032925 7.981691 827.101834 -40.747392 172.34917 -85.618583 853.780006 -55.724385 1018.13755 -49.74161 1174.108172 -38.738924 932.95383 -30.945575 902.843668 83.148081 -3.190199 0.009573 0.100904 0.00312 3.63065 0.671314 -0.591129 0.781587 -5.807973 2.22137 -10.034272 1.702563 -6.108654 -0.050025 0.334923 -0.013398 2.961423 -0.000666 2.542483 -0.00016 1.487709 -0.037748 1.424761 -0.026528 1.282847 2.838259 -19.02116
52.75349 186.816035 77.249296 1040.626695 24.640467 821.492426 10.384361 808.105277 11.286938 580.220462 10.394428 603.065151 -42.168792 179.408208 -84.839955 838.853791 -55.359199 1061.07214 -47.536871 1256.964282 -36.416226 1040.9059 -32.161092 995.264795 88.2508 -66.835653 -0.046476 0.001963 -0.147216 -0.001163 0.003289 -11.105667 0.068662 -24.438595 0.216324 -21.81277 0.159082 -17.656748 -0.012184 0.070837 0.001778 -0.065813 0.0006 0.443336 0.024988 1.412366 0.0359 2.954206 -0.011707 2.251382 0.075973 -40.821809
50.337166 179.053909 75.418074 1058.241477 28.477174 658.295624 14.740401 606.115761 18.369388 408.882369 16.180026 444.99281 -41.927652 173.886834 -82.10042 811.962749 -50.691533 1105.668603 -46.293623 1334.330726 -33.174844 1134.705242 -27.295889 1076.020712 100.916353 -181.294004 -0.028322 -0.082348 -0.010983 0.073917 0.138745 -9.02652 0.380498 -14.499144 0.858122 -14.953115 0.637445 -11.989129 0.000346 -0.043147 0.02248 -0.219036 0.10277 0.458997 0.008237 1.155195 0.075529 2.022974 0.199387 1.574867 0.424483 -27.976046
49.243329 180.960698 62.715731 1103.907154 33.708275 580.876494 22.271306 500.645271 28.450462 331.56426 24.011455 374.353811 -41.743795 168.396678 -85.157305 788.803513 -48.684904 1138.113236 -43.420006 1391.863183 -29.901751 1202.697849 -24.856452 1135.928526 116.686375 -271.294774 -0.006008 0.00505 -0.585273 0.482295 0.220413 -2.420802 0.774269 -5.036948 1.098189 -4.047878 0.770372 -3.050708 0.000202 -0.044033 -0.027937 -0.167538 0.020261 0.234584 0.046034 0.607138 0.084979 0.989126 0.057084 0.811412 0.572192 -9.038935
47.186971 193.936116 57.645276 1213.737322 40.040059 521.799939 29.850699 409.24077 39.751674 262.405145 33.302815 307.204056 -42.465838 166.180507 -88.044808 816.29016 -44.657124 1176.877417 -37.291694 1434.848377 -23.802787 1241.071974 -20.606778 1177.109715 125.075212 -362.138131 -0.021928 0.224611 -0.106849 2.603817 0.272316 -1.583668 0.554028 -4.602757 0.942832 -4.040027 0.758137 -3.315995 -0.003096 -0.00734 -0.024071 0.235367 0.086941 0.324573 0.232993 0.326852 0.347439 0.30131 0.199055 0.366623 0.145585 -6.547964
47.476931 191.318533 59.841045 1156.622667 48.205323 423.93846 39.242788 311.247326 48.936508 190.714037 40.871255 233.235545 -41.872017 172.028182 -87.228922 877.569734 -41.893464 1198.420725 -33.691182 1449.457589 -21.007096 1246.163328 -18.561588 1185.457748 134.068915 -461.867951 0.000444 -0.008893 0.020521 -0.688199 0.378574 -5.076797 0.641324 -6.695142 0.476888 -5.707316 0.387138 -5.085866 0.002091 0.050557 0.001899 1.108833 0.044135 0.097698 0.091374 0.036999 0.087297 0.005211 0.053432 0.014749 0.156112 -6.057437
47.543734 193.578774 78.944958 1114.762772 62.595563 378.895833 51.07947 271.594487 55.521366 162.029744 47.100169 207.864114 -41.226674 179.810809 -86.811796 926.384941 -36.844139 1267.603016 -26.93047 1531.141917 -15.929333 1311.441491 -14.741385 1249.97214 130.929041 -551.532997 2.3e-05 0.006636 1.321116 -0.385756 0.938439 -1.264543 0.778954 -1.350428 0.207756 -1.168204 0.2208 -0.730269 0.002506 0.086086 0.0005 0.660593 0.16207 0.970617 0.378167 1.119503 0.350693 0.833188 0.219834 0.854641 -0.018602 -3.974546
45.995622 195.324459 79.716651 1039.221432 69.775412 344.108787 63.558519 236.209307 66.752158 147.008913 55.520922 191.435456 -41.581248 197.595269 -78.615102 999.264082 -31.831019 1333.759907 -22.72367 1602.622056 -13.634393 1380.061942 -12.793606 1317.204345 140.723114 -626.223686 -0.012812 0.003918 0.001877 -1.325044 0.194862 -0.837367 0.681235 -1.234369 0.516865 -0.36526 0.346073 -0.338111 -0.000759 0.41926 0.203193 1.379606 0.183217 0.841375 0.178525 0.815325 0.089209 0.874889 0.068978 0.880529 0.176614 -2.370744
47.579332 198.779585 88.511083 1126.0803 92.35411 406.078825 87.767622 291.566793 94.163563 174.501622 80.365624 220.052557 -41.594355 194.562569 -82.375007 1014.753687 -33.263133 1331.704275 -22.585311 1591.46701 -13.700787 1359.181964 -13.041785 1298.540003 179.700688 -559.662113 0.013403 0.015146 0.23003 1.742829 1.57989 2.563931 1.949033 2.911203 2.351904 1.177622 2.290535 0.9963 -1e-06 -0.011727 -0.043912 0.059565 -0.015756 -0.000793 0.000211 -0.019479 -8.1e-05 -0.07958 -0.001192 -0.066589 2.379526 1.869462
48.290155 204.273154 97.440584 1144.545052 105.107453 385.099769 102.625174 257.15036 105.692088 152.00432 90.697317 199.966513 -41.663925 193.605312 -84.884596 1000.235797 -32.640082 1312.744045 -21.554646 1571.603016 -12.289458 1343.828261 -11.864264 1286.560101 190.062014 -591.912892 0.002635 0.03744 0.214524 0.075079 0.412277 -0.278191 0.5806 -1.080391 0.332784 -0.77599 0.312287 -0.48055 -2.9e-05 -0.00118 -0.018828 -0.052301 0.002945 -0.067972 0.012035 -0.062373 0.038347 -0.043607 0.027851 -0.027759 0.145199 -0.451693
48.114612 204.030777 89.496209 1120.299475 98.966861 391.845587 96.022282 271.95442 100.890069 165.480646 86.591295 210.803007 -42.147003 191.964861 -85.544474 993.451227 -32.740104 1318.526423 -21.877653 1574.885425 -12.778282 1348.850148 -12.253461 1290.599694 185.479264 -569.431659 -0.00016 -7.2e-05 -0.168885 -0.12978 -0.092406 0.029286 -0.109768 0.207145 -0.055819 0.286145 -0.047554 0.142963 -0.001392 -0.00349 -0.001277 -0.011544 -7.7e-05 0.006354 -0.001201 0.001712 -0.004767 0.004683 -0.003141 0.003166 -0.027963 0.217616
49.28437 200.88435 84.575868 1114.632027 84.079859 369.775332 77.471369 245.927365 85.185524 147.123915 72.699543 192.946704 -41.086454 190.611159 -82.798593 1005.478288 -32.024203 1348.101148 -21.515424 1622.231789 -13.108771 1386.702073 -12.258031 1320.717206 165.127746 -630.461083 0.007025 -0.012225 -0.069553 -0.007186 -0.606377 -0.319843 -0.994635 -0.654431 -0.663906 -0.539436 -0.606906 -0.395051 0.006757 -0.002395 0.022396 0.036182 0.003957 0.164007 0.001512 0.350597 -0.00211 0.261892 -0.0 0.173685 -0.591166 -1.553057
48.44436 199.17963 84.072372 1040.458844 71.900553 316.650021 66.12034 205.764381 71.175203 126.430194 59.169619 169.475388 -40.784383 191.046482 -82.347473 993.211522 -32.427767 1334.102993 -22.092569 1606.635187 -13.344378 1373.672346 -12.469498 1309.246987 146.156871 -666.619099 -0.00361 -0.003632 -0.000752 -1.276812 -0.476221 -2.058882 -0.449357 -1.789125 -0.628945 -0.783838 -0.695929 -0.760828 0.000557 0.000248 0.000616 -0.037643 -0.001263 -0.036528 -0.003819 -0.037669 -0.001049 -0.030752 -0.000904 -0.025013 -0.578617 -0.504077
47.591749 196.497867 88.428782 976.595097 60.554055 302.009987 51.272799 199.583277 51.506951 122.981456 43.371043 165.157235 -40.613497 195.976262 -81.505908 993.78209 -32.332189 1324.419335 -22.063414 1596.607721 -12.962327 1369.754156 -12.472487 1307.702164 116.147125 -671.871772 -0.003785 -0.009088 0.055018 -1.011277 -0.486884 -0.173246 -0.942722 -0.04713 -1.586858 -0.023845 -1.224363 -0.027862 0.000179 0.031398 0.002161 8.2e-05 7.1e-05 -0.017636 1e-05 -0.015695 0.002774 -0.002798 -0.0 -0.000456 -1.722336 -0.010307
48.811916 195.276813 88.235291 1003.227023 77.237457 337.885248 70.20605 219.702294 73.3363 148.167998 62.016117 182.446767 -41.24095 194.51061 -82.796532 978.344746 -32.512236 1316.894586 -21.873192 1587.848838 -12.979565 1357.943104 -12.54929 1294.915001 148.020751 -608.996369 0.007722 -0.001903 -0.000106 0.17913 1.013718 1.006452 1.484504 0.482974 1.92329 1.172298 1.662454 0.43025 -0.002405 -0.002751 -0.005069 -0.060421 -0.00025 -0.010719 0.000412 -0.012046 -6e-06 -0.025571 -0.000118 -0.031413 1.929933 1.544148
49.758847 198.137564 88.631127 1023.671154 85.932245 521.597769 92.460912 422.954413 98.30191 274.418216 81.595528 314.429332 -42.211921 194.387017 -85.647982 983.191317 -33.895024 1317.557411 -22.579334 1584.660186 -13.565461 1348.697792 -12.966018 1287.557857 184.901903 -406.38721 0.004549 0.010401 0.000443 0.103107 0.231823 19.8636 1.529562 32.987765 1.825391 19.299727 1.340948 17.849523 -0.005649 -2e-05 -0.024137 0.005987 -0.014398 8.3e-05 -0.005609 -0.001602 -0.006467 -0.01579 -0.003403 -0.01048 2.049152 20.419589
48.378503 197.474301 86.841733 1045.528791 114.528319 552.442822 131.98194 453.330524 137.711932 291.502169 115.677579 334.299387 -44.20214 185.668046 -89.792375 968.421153 -34.809174 1308.750561 -23.381179 1570.903193 -13.679946 1333.958004 -12.981197 1275.056458 238.199521 -378.300758 -0.009708 -0.000556 -0.009124 0.115448 2.050125 0.443006 3.506929 0.526647 3.31364 0.257923 2.96641 0.304374 -0.022922 -0.100026 -0.048958 -0.055892 -0.006082 -0.014766 -0.006995 -0.029988 -0.000241 -0.040494 -4e-06 -0.030493 3.370345 0.502812
47.277419 200.7965 84.382096 1110.540238 128.705285 576.045394 148.638371 464.228457 153.235056 303.890253 130.241581 350.15207 -45.044244 179.478151 -87.904092 956.638939 -35.537583 1323.91657 -25.648218 1582.195168 -15.191993 1372.391569 -14.083536 1309.53708 264.924634 -384.68371 -0.006337 0.013856 -0.017667 0.98036 0.413506 0.246853 0.494764 0.06472 0.414404 0.128891 0.431639 0.183608 -0.003973 -0.052469 0.010033 -0.036057 -0.003771 0.043684 -0.05244 0.02022 -0.039621 0.272916 -0.022458 0.23001 0.710298 -0.0267
50.431599 201.346805 83.446027 1181.289468 130.09075 618.575123 139.958468 511.576967 146.821434 337.529481 126.488576 382.255935 -43.668032 180.718713 -85.628952 961.41765 -34.86124 1312.373055 -24.922824 1563.750424 -14.896492 1348.00617 -13.622489 1287.181461 255.25133 -336.474017 0.050924 0.000377 -0.002611 1.092282 0.003709 0.757291 -0.130559 1.149411 -0.068552 0.882711 -0.027433 0.703948 0.010675 0.002136 0.014915 0.005953 0.003249 -0.025273 0.005203 -0.054071 0.001451 -0.109296 0.003836 -0.096234 -0.089951 1.613223
52.971559 213.076112 76.643005 1217.690134 129.310183 648.943047 127.586107 547.126864 133.150866 370.733577 115.495779 413.406207 -43.058482 190.40195 -89.193101 973.281231 -34.860853 1326.03195 -23.769822 1573.232681 -14.344431 1352.923816 -13.744063 1293.444682 234.901783 -307.219204 0.0312 0.166019 -0.144613 0.276177 -0.001174 0.363838 -0.286228 0.597028 -0.333954 0.778749 -0.249818 0.610002 0.002142 0.126348 -0.036335 0.036374 0.0 0.035356 0.013653 0.014331 0.005212 0.004477 -0.00027 0.0076 -0.422605 0.665136
51.299477 215.903981 75.36394 1237.094778 111.545387 709.736017 110.809067 620.774788 116.227627 422.98984 99.61448 464.279314 -44.183754 190.49202 -90.550754 983.830417 -35.775335 1320.613451 -24.41918 1567.732318 -14.909608 1351.275645 -14.369952 1287.656028 214.393668 -262.21275 -0.013408 0.009321 -0.005381 0.076696 -0.656033 1.360747 -0.591074 2.324434 -0.574882 1.722062 -0.587048 1.475614 -0.007257 1.1e-05 -0.005127 0.028431 -0.00592 -0.005547 -0.004375 -0.004816 -0.00546 -0.000502 -0.006968 -0.006491 -0.468291 1.781384
51.240282 215.323621 74.478984 1252.432591 110.023099 693.323054 111.594683 597.313574 120.845871 405.236558 103.468443 446.680893 -43.769949 187.647852 -87.15974 975.856126 -35.021515 1330.216036 -23.911175 1581.892658 -14.817805 1360.138462 -14.007899 1296.276707 220.296306 -280.547988 -1.7e-05 -0.000391 -0.002613 0.047248 -0.00523 -0.096003 0.001388 -0.22596 0.044986 -0.190295 0.036572 -0.170004 0.000973 -0.010696 0.032356 -0.016224 0.004013 0.017393 0.00267 0.031832 0.000142 0.014485 0.00231 0.01438 0.040078 -0.309784
51.27967 211.766867 70.455633 1215.393313 105.77299 723.338222 110.374431 650.587289 119.356491 452.491673 101.396119 490.157662 -43.079644 192.185503 -85.420976 983.283085 -34.550165 1331.795632 -23.43929 1581.43231 -14.557145 1355.72055 -13.763958 1293.506849 217.280052 -241.748359 8e-06 -0.01481 -0.055854 -0.277975 -0.041857 0.318005 -0.003354 1.137664 -0.004618 1.30271 -0.010482 1.009378 0.002743 0.027105 0.008759 0.014078 0.001597 0.000469 0.002351 -3.3e-05 0.001157 -0.003593 0.001071 -0.001481 -0.010396 1.44314
49.051365 208.038427 69.587884 1056.451396 83.960154 865.280767 82.284797 908.644928 81.129233 696.781562 68.978541 707.45712 -43.493051 190.770509 -87.692812 958.244051 -36.423924 1313.120272 -24.662722 1562.09152 -15.689331 1349.080449 -14.946547 1287.231074 168.172986 -106.775234 -0.024748 -0.016557 -0.002688 -5.566736 -1.258037 6.353965 -2.058728 21.50293 -3.678198 26.263253 -3.112514 19.878771 -0.000987 -0.002614 -0.014908 -0.161465 -0.024738 -0.065933 -0.015561 -0.059498 -0.021197 -0.008151 -0.024366 -0.007631 -3.14094 27.196734
47.366108 198.151324 66.703177 1048.706613 85.509637 922.637598 87.11317 961.859038 88.503232 746.871191 74.487935 760.090291 -44.953761 186.852046 -90.285675 934.145599 -37.417229 1306.717532 -25.280819 1546.193961 -16.482125 1315.771366 -15.822129 1256.387655 181.37178 -80.006204 -0.014729 -0.120349 -0.030532 -0.014246 0.007084 0.920247 0.068826 0.757099 0.160351 0.869228 0.105825 0.944141 -0.012063 -0.020331 -0.018888 -0.153446 -0.006681 -0.007824 -0.003825 -0.040655 -0.00977 -0.20818 -0.012461 -0.187007 0.249282 1.928186
48.584726 192.562897 63.316308 1030.738987 96.143398 982.787664 105.961452 1022.589765 109.833619 815.04867 91.241425 828.919533 -40.645525 181.514211 -83.793277 903.286806 -34.730587 1285.206288 -23.463681 1525.822096 -14.782285 1284.703331 -13.949289 1228.455617 205.203543 -53.198077 0.007739 -0.039968 -0.04412 -0.077627 0.311511 0.949639 0.922204 0.929499 1.150338 1.488676 0.848975 1.491397 0.108486 -0.038676 0.121111 -0.259148 0.05004 -0.089266 0.033882 -0.067548 0.046244 -0.185593 0.058966 -0.156996 0.735295 2.725529
46.432424 195.197694 67.342022 1051.416848 108.323159 997.968947 131.82634 1017.883094 142.761574 817.537026 111.508186 840.26082 -41.544013 179.96398 -85.6193 904.643406 -34.815047 1301.270305 -23.641725 1545.069632 -14.440829 1304.797177 -13.735248 1250.49755 248.011993 -56.691442 -0.02438 0.008952 0.062033 0.102678 0.363087 0.058178 1.410886 -0.005428 2.155417 0.001896 1.015471 0.03853 -0.004911 -0.003324 -0.009841 0.000509 -5.1e-05 0.049885 -0.000336 0.06032 0.001995 0.077963 0.000827 0.097996 2.026265 -0.055541
46.592057 200.986583 68.104617 1088.887973 123.605236 1051.822178 151.821394 1068.002 164.043135 874.70279 121.014653 898.235865 -41.705063 177.577383 -86.482673 905.387369 -34.278966 1323.338009 -23.462122 1573.298878 -13.800048 1338.446972 -13.25467 1283.169644 273.002064 -49.131924 0.000137 0.042295 0.002147 0.328036 0.504026 0.707553 0.705629 0.602207 0.73899 0.965838 0.194413 0.966939 -0.000156 -0.007965 -0.002166 0.000153 0.00208 0.092774 0.000342 0.127776 0.007271 0.214198 0.004279 0.210665 0.599661 0.270353
46.467116 203.610408 67.327544 1068.416163 142.008662 1082.749057 192.138076 1100.498008 209.977098 921.429855 166.710335 944.39079 -40.696043 173.710582 -87.162077 894.334713 -34.828729 1314.613399 -24.227781 1560.090932 -14.205776 1331.759959 -13.733922 1278.71965 333.414509 -37.677787 -8.4e-05 0.008508 -0.002229 -0.097136 0.63832 0.224055 2.371001 0.243498 2.831325 0.607914 3.651805 0.578145 0.006178 -0.021283 -0.001329 -0.033939 -0.002187 -0.014428 -0.006147 -0.027837 -0.002939 -0.008373 -0.004256 -0.003865 3.016708 0.758978
45.644002 202.921652 69.281538 1072.741612 154.677063 1093.28182 194.293289 1106.037673 212.028463 932.475443 176.45755 954.920605 -43.187844 166.659007 -87.504644 874.172082 -36.989508 1296.958151 -26.970757 1533.216283 -16.469593 1316.032125 -15.665094 1263.854081 346.68473 -32.955593 -0.003678 -0.000583 0.013975 0.004369 0.270592 0.025491 0.00601 0.006954 0.004986 0.032905 0.138456 0.029189 -0.037018 -0.073053 -0.000336 -0.11494 -0.032513 -0.059679 -0.073531 -0.116746 -0.083648 -0.046712 -0.063496 -0.043457 0.129478 0.158028
47.163227 209.455916 70.412313 1113.561881 156.839523 1106.046593 190.087734 1101.638816 206.401248 916.232203 174.665434 946.068278 -43.252108 169.899011 -88.158155 889.75208 -37.031788 1308.951751 -26.620381 1537.011446 -16.408668 1317.166489 -15.662263 1267.136615 339.201835 -36.282078 0.012435 0.051772 0.004577 0.381109 0.007506 0.037043 -0.023007 -0.004382 -0.03784 -0.07136 -0.004573 -0.020611 -2.4e-05 0.015596 -0.001216 0.068807 -1.2e-05 0.0276 0.001145 0.002346 5.6e-05 0.000244 0.0 0.002129 -0.04082 -0.079956
50.025812 209.791701 71.602567 1111.783818 152.97073 1101.243778 178.922333 1097.006283 191.165959 903.899928 162.367927 931.416801 -43.329366 173.769663 -88.511307 907.174021 -35.654011 1294.977203 -24.194523 1507.030231 -15.643657 1277.682927 -15.01719 1230.724594 316.181178 -32.259701 0.042166 0.000134 0.004988 -0.00071 -0.024157 -0.005225 -0.168958 -0.00488 -0.292025 -0.041779 -0.224427 -0.057169 -3.4e-05 0.021798 -0.000353 0.084458 0.013059 -0.037499 0.057937 -0.147648 0.009131 -0.300411 0.006782 -0.265408 -0.404431 0.118128
49.908598 210.050087 71.18345 1136.569451 146.753986 1088.135979 171.135153 1092.730259 183.360405 886.606152 154.86185 909.632127 -43.931658 172.380472 -87.293287 917.261964 -35.306325 1294.548898 -23.628772 1507.752943 -15.661697 1273.599162 -14.979333 1225.740241 306.199246 -34.946881 -6.9e-05 8e-05 -0.000615 0.136621 -0.064479 -0.039238 -0.086625 -0.004175 -0.081347 -0.083519 -0.088814 -0.128891 -0.002079 -0.002788 0.004219 0.02789 0.000852 -3.5e-05 0.003347 8.7e-05 -5e-06 -0.003268 2.4e-05 -0.005057 -0.080052 -0.053743
48.138015 207.547307 69.446448 1124.995475 146.764239 1077.782282 172.086663 1085.404125 185.450448 883.411761 156.563603 906.089295 -43.296179 171.237002 -83.250347 912.116241 -34.736945 1299.149425 -24.008535 1523.135533 -15.473604 1294.136531 -14.538299 1241.477899 308.061101 -39.085824 -0.015988 -0.0075 -0.010728 -0.029616 0.0 -0.024747 0.001319 -0.012321 0.005922 -0.002882 0.00465 -0.003456 0.002315 -0.001903 0.047928 -0.007237 0.002314 0.00408 -0.001514 0.039036 0.000568 0.082133 0.003295 0.050193 0.002822 -0.115788
47.823203 208.755784 69.479185 1109.161372 147.553022 1083.294367 174.499182 1092.594311 190.019286 894.960124 159.572706 917.713322 -42.916466 172.626835 -82.300477 911.125535 -34.797113 1303.884664 -24.391295 1530.265557 -15.523022 1301.904454 -14.529664 1249.809039 314.164102 -38.019913 -0.000516 0.001754 4e-06 -0.056111 0.001057 0.00703 0.008397 0.011868 0.027799 0.037497 0.014321 0.037043 0.000836 0.002809 0.002725 -0.000269 -2.6e-05 0.004307 -0.001514 0.008325 -3.9e-05 0.011622 1e-06 0.01393 0.029931 0.007368
49.373119 213.647513 74.458924 1089.170628 171.178743 1111.228602 189.981657 1119.492037 205.2447 935.678679 180.111376 959.111441 -40.223721 177.454846 -78.636665 910.205498 -33.146698 1323.834809 -23.908086 1555.074035 -14.782675 1329.9767 -13.615164 1278.125694 330.192082 -34.574169 0.012358 0.028326 0.086166 -0.090896 0.876824 0.177796 0.328982 0.163537 0.293347 0.452904 0.621494 0.456626 0.043618 0.033293 0.04171 -0.000232 0.020048 0.075734 0.002417 0.099741 0.009044 0.149717 0.014861 0.158599 0.199374 0.081824
47.846206 212.007547 76.802764 1034.70896 176.249613 1125.102234 214.379966 1143.50881 232.1532 960.693314 192.206657 989.100463 -40.083256 175.939557 -82.766597 885.036696 -35.203479 1330.396694 -25.983985 1568.151722 -15.602145 1347.300723 -14.687357 1293.040636 368.122915 -32.610292 -0.011991 -0.003159 0.01816 -0.698383 0.037008 0.043035 0.736742 0.127446 0.828483 0.164989 0.196518 0.230826 0.000123 -0.003249 -0.052846 -0.176439 -0.030953 0.008111 -0.043205 0.02738 -0.011052 0.05605 -0.020316 0.04326 1.030918 0.028709
46.32522 208.001633 77.539113 969.250827 191.919773 1156.698684 236.95888 1201.56432 257.812305 997.948987 203.225478 1031.153517 -39.911287 176.942368 -88.877134 904.274855 -37.113626 1344.577822 -26.389039 1592.776269 -15.920817 1353.692795 -15.418391 1299.592458 401.867155 -27.063236 -0.012284 -0.019104 0.001757 -1.06936 0.333631 0.218771 0.565126 0.718732 0.672335 0.354355 0.153551 0.43773 0.000185 0.001425 -0.108802 0.103425 -0.025231 0.03759 -0.001566 0.095918 -0.001611 0.007564 -0.008877 0.008279 0.739763 0.258377
45.360305 205.245298 77.461873 970.88728 202.213042 1194.894485 247.919636 1248.644882 268.169786 1020.532474 205.816796 1032.608861 -39.79998 173.70909 -86.247589 885.256411 -38.485143 1334.546066 -28.469668 1583.415934 -17.313328 1352.644082 -16.424535 1299.678194 421.760939 -23.353404 -0.005078 -0.009192 -1.9e-05 0.00069 0.134434 0.310219 0.123901 0.452366 0.101988 0.12634 0.008208 0.000513 7.8e-05 -0.014907 0.019743 -0.101063 -0.012442 -0.018782 -0.03947 -0.013793 -0.029186 -0.000203 -0.0159 1e-06 0.240291 0.136676
47.334157 208.478659 78.196677 988.376077 203.099402 1226.203552 253.437236 1331.7108 272.504949 1173.414074 213.941303 1172.127298 -38.441634 175.244036 -82.002858 883.952354 -37.239626 1346.371714 -28.27676 1605.812717 -16.878846 1376.286329 -15.658088 1321.484345 425.024039 -8.083793 0.021018 0.012635 0.001734 0.078056 0.000969 0.202449 0.030362 1.337361 0.01738 5.333135 0.078633 4.418878 0.011792 0.003376 0.053553 -0.000481 0.010244 0.026082 0.000328 0.078643 0.002761 0.102415 0.009156 0.090707 0.006287 3.957453
47.117188 209.882792 77.684934 1013.051631 201.710142 1316.136998 248.573734 1432.99488 267.691427 1280.711165 213.53514 1276.996769 -38.381494 174.698284 -83.789839 876.595682 -36.894881 1352.088646 -27.914918 1610.952604 -16.994356 1379.827461 -15.5222 1324.84062 419.581943 -1.846891 -0.000249 0.002356 -0.00084 0.152118 -0.002384 1.591163 -0.023559 1.855877 -0.021446 2.346696 -0.000193 2.246242 2.4e-05 -0.000426 -0.009631 -0.01537 0.000802 0.006056 0.001165 0.004106 -0.000197 0.002275 0.000296 0.002128 -0.017533 2.202842
46.789467 211.760796 77.037377 1005.560127 188.982322 1413.283254 231.353972 1588.861986 241.450038 1438.429201 199.077437 1416.236768 -38.25505 176.765446 -87.136481 882.818204 -37.343434 1370.162734 -27.602203 1641.950381 -16.700095 1393.091388 -15.708885 1338.604854 385.14995 0.362994 -0.000572 0.004182 -0.001355 -0.013901 -0.207376 1.729376 -0.309021 4.022483 -0.676696 4.577906 -0.253373 3.601758 0.000104 0.006079 -0.032766 0.011004 -0.001355 0.060001 0.000881 0.147696 0.001285 0.031723 -0.000558 0.035566 -0.736957 3.847457
46.119928 212.637047 76.740772 974.723632 189.056812 1477.292537 237.682255 1677.013094 249.904961 1564.87139 207.814017 1535.365389 -37.869158 177.725308 -84.749064 883.442764 -37.492375 1374.210765 -27.821466 1647.990158 -16.837682 1410.08795 -15.853156 1352.887861 396.478071 4.029324 -0.002413 0.000905 -0.000286 -0.240104 7e-06 0.708802 0.042693 1.189885 0.072749 2.662857 0.093805 2.405035 0.000978 0.0013 0.016581 0.00011 -0.000148 0.002985 -0.000434 0.005544 -0.000282 0.051528 -0.00033 0.037898 0.082093 1.973541
43.766163 211.739719 79.266695 958.032615 189.591209 1661.632588 242.846038 1944.428217 253.456594 1877.141964 211.940465 1821.955466 -37.994742 178.938917 -84.960231 884.189658 -39.526064 1372.743342 -30.42943 1644.056903 -18.583113 1422.447295 -17.513303 1368.962103 409.298771 31.479402 -0.030823 -0.000949 0.02045 -0.072072 0.000377 5.417556 0.027746 9.886754 0.01253 14.194366 0.020283 12.254421 -0.000104 0.002065 -0.000131 0.000158 -0.026855 -0.000392 -0.05841 -0.00235 -0.043031 0.026964 -0.041326 0.047465 0.102001 12.98401
42.315382 212.455779 78.12617 951.37458 188.352164 1753.438152 242.750376 2048.090499 252.402487 1999.016466 211.447878 1938.445543 -39.082843 177.845235 -83.697385 876.923777 -40.830797 1363.229378 -32.360936 1627.43249 -19.916845 1417.253298 -18.63163 1365.828344 414.122875 49.899209 -0.012226 0.000604 -0.004132 -0.011608 -0.002031 1.234204 -9e-06 1.345977 -0.001098 1.916468 -0.000287 1.804754 -0.007681 -0.001676 0.004728 -0.014989 -0.010593 -0.016542 -0.029715 -0.04224 -0.023109 -0.00475 -0.017305 -0.001795 0.014131 2.112041
42.623799 212.642175 81.328319 955.370631 195.569529 1968.301681 258.116543 2300.871573 264.867786 2282.014708 220.753566 2208.702488 -39.093351 176.427939 -85.285622 879.86313 -41.624076 1363.141571 -33.471677 1624.733554 -20.861874 1415.238318 -19.542542 1363.554884 434.398937 103.038421 0.00056 4.1e-05 0.032156 0.004187 0.067846 6.207429 0.235766 7.352597 0.150218 9.364063 0.100192 8.815278 -1e-06 -0.002835 -0.007464 0.002459 -0.003816 -1e-06 -0.009371 -0.00112 -0.010952 -0.000717 -0.01087 -0.000947 0.24229 9.528625
45.189655 216.83132 84.612269 1003.377495 206.734577 2103.264927 275.917925 2440.821006 280.410232 2422.525543 232.488436 2351.137014 -39.673246 179.109265 -89.230596 886.25265 -40.744919 1383.271167 -31.683159 1636.891459 -19.668087 1423.451209 -18.605629 1376.107667 448.606199 132.031727 0.037494 0.020431 0.032498 0.588387 0.15496 2.237478 0.296776 2.06573 0.221554 2.098792 0.151939 2.225138 -0.002135 0.010111 -0.044594 0.011558 0.004692 0.07377 0.024552 0.02266 0.017585 0.011881 0.011507 0.028758 0.114302 1.794854
45.135178 222.98636 95.965928 1058.184472 226.951246 2221.301567 296.559892 2583.000056 301.270129 2588.375617 252.331945 2501.046171 -39.547502 178.256505 -84.608651 887.750724 -40.55635 1381.159106 -32.614922 1636.30045 -20.223014 1420.709216 -18.740645 1377.677767 477.603234 173.812173 -1.6e-05 0.043071 0.357278 0.728655 0.471466 1.611172 0.372267 2.012306 0.374153 2.745393 0.406264 2.316289 0.0001 -0.001017 0.061454 0.000633 0.000219 -0.000807 -0.006752 -5.3e-05 -0.00386 -0.001322 -0.000244 0.000448 0.454019 2.867192
45.242961 230.3225 94.691098 1076.246549 222.895939 2144.999119 289.862189 2503.969754 296.364899 2470.414772 248.593844 2384.969039 -39.387946 177.441428 -84.852693 890.661901 -42.424637 1387.259911 -35.278139 1645.177758 -22.148327 1429.443816 -20.449847 1384.239207 480.550096 141.497712 6.4e-05 0.059366 -0.004262 0.076424 -0.018279 -0.666755 -0.038249 -0.613938 -0.020131 -1.375492 -0.013948 -1.379018 0.000161 -0.000934 -0.000176 0.002383 -0.021035 0.006722 -0.052255 0.012008 -0.043765 0.013384 -0.037289 0.007794 0.004532 -1.660241
44.946009 234.549384 92.621517 1089.492471 219.477858 2174.816175 285.717792 2547.500726 292.139671 2521.932334 244.855006 2430.406848 -40.227463 177.980788 -86.830568 896.03585 -44.701348 1377.870249 -37.518657 1619.541249 -24.306296 1407.383462 -22.370232 1367.812921 484.978852 161.384874 -0.000489 0.019217 -0.011434 0.040507 -0.013205 0.102906 -0.014921 0.187567 -0.015168 0.26582 -0.014165 0.21438 -0.004426 0.000409 -0.011393 0.008082 -0.029752 -0.015942 -0.034487 -0.100658 -0.050149 -0.085777 -0.043084 -0.049023 0.010157 0.653597
44.495475 236.466243 93.10371 1087.016138 219.423908 2156.321459 284.757739 2526.298419 292.322161 2497.098096 245.013867 2410.22527 -40.326761 177.854297 -87.982962 901.34776 -45.007488 1373.03884 -37.623658 1610.399305 -24.219773 1396.63468 -22.388081 1360.202871 484.827124 158.744797 -0.001135 0.0039 0.000626 -0.001409 -3e-06 -0.039488 -0.000808 -0.0443 2.8e-05 -0.06144 2.6e-05 -0.042071 -6.1e-05 -2.2e-05 -0.003798 0.007849 -0.000522 -0.004243 -7.3e-05 -0.012938 7.7e-05 -0.020602 -4e-06 -0.010614 -1.2e-05 -0.010886
43.399978 232.212416 90.933271 1069.740037 216.227189 2125.218476 281.261564 2494.140129 289.275227 2461.38106 242.213161 2377.007794 -41.03073 173.541723 -89.558189 891.862488 -45.939046 1358.546755 -38.562204 1595.138815 -24.808038 1383.044394 -22.9206 1347.001445 483.509954 154.330997 -0.006827 -0.019305 -0.012799 -0.069194 -0.011729 -0.112974 -0.010798 -0.102996 -0.007981 -0.128641 -0.00805 -0.115245 -0.003046 -0.026464 -0.006988 -0.025087 -0.004771 -0.038443 -0.005781 -0.036325 -0.003529 -0.033223 -0.00313 -0.032188 -0.000896 -0.031115
43.160859 232.022351 90.041288 1069.82913 212.788916 2132.966845 276.727512 2515.131711 284.282489 2473.815166 237.345681 2383.238555 -42.741634 172.954966 -94.130597 900.667708 -46.796317 1351.210352 -38.272158 1589.516369 -24.596698 1374.416262 -23.121218 1338.300438 476.120455 160.385556 -0.00033 -3.9e-05 -0.002198 2e-06 -0.013778 0.00705 -0.018421 0.043983 -0.021731 0.015664 -0.024703 0.004078 -0.017473 -0.000497 -0.056917 0.021627 -0.003963 -0.009931 0.000547 -0.004963 0.000452 -0.013499 -0.000437 -0.014097 -0.028451 0.058245
43.03232 224.402551 87.395451 1054.401915 200.268879 2114.572655 255.374665 2497.711706 260.213062 2456.367151 217.696443 2364.658851 -41.474467 167.68699 -95.030591 885.490342 -47.379933 1335.077198 -38.540406 1578.469624 -24.732807 1362.270914 -23.422614 1324.762302 445.392737 160.093259 -9.6e-05 -0.063609 -0.019728 -0.056021 -0.189789 -0.039829 -0.428609 -0.030268 -0.532255 -0.030875 -0.424436 -0.036354 0.009534 -0.040737 -0.002141 -0.064484 -0.001808 -0.048446 -0.000468 -0.01926 -0.000188 -0.026951 -0.000976 -0.034412 -0.512448 -0.000133
42.809582 235.895291 84.950123 1088.031184 198.845391 2175.760249 255.812626 2573.089834 261.631456 2528.823367 218.258943 2428.095418 -42.000976 164.774687 -93.897286 891.562043 -46.953307 1332.059932 -37.864866 1573.24994 -24.597998 1354.197672 -23.456666 1317.213864 446.673964 181.925679 -0.000289 0.143498 -0.017349 0.263952 -0.002539 0.436343 0.000188 0.560284 0.001928 0.526578 0.000363 0.419839 -0.00166 -0.012756 0.003399 0.010373 0.000965 -0.001707 0.002986 -0.004322 0.000184 -0.011997 -1.2e-05 -0.010783 0.00092 0.697536
43.133727 240.160766 81.726953 1091.134489 193.27247 2144.87324 251.471832 2530.4461 259.300832 2478.90204 215.907484 2383.898545 -43.373909 168.406424 -95.392055 896.977618 -49.345691 1331.307127 -40.789902 1573.372643 -26.496744 1361.053956 -24.87271 1324.346886 451.576078 166.309618 0.000611 0.01911 -0.031167 0.00221 -0.039604 -0.110403 -0.018572 -0.178163 -0.005214 -0.248836 -0.006368 -0.202972 -0.01104 0.019794 -0.005902 0.008199 -0.029722 -0.000106 -0.054407 2e-06 -0.035292 0.008656 -0.020749 0.009631 0.013377 -0.350315
40.356934 237.729766 78.476752 1080.896814 186.393781 2130.862586 241.301131 2515.267424 246.888264 2466.378472 205.119705 2372.597664 -44.72012 168.139209 -99.629174 895.333549 -52.535049 1324.583763 -43.649601 1571.951096 -28.788781 1346.73873 -27.110296 1308.504539 444.290354 168.083643 -0.046189 -0.006183 -0.032973 -0.024127 -0.062318 -0.022955 -0.104971 -0.022831 -0.152211 -0.015858 -0.138228 -0.013425 -0.010287 -0.000106 -0.046034 -0.000754 -0.049933 -0.00851 -0.048438 -0.000321 -0.047532 -0.03784 -0.04818 -0.047664 -0.029626 0.004706
41.167107 234.764499 78.084291 1071.311116 176.147866 2152.62082 228.965821 2542.821186 234.506573 2512.501571 194.123754 2412.72375 -43.179383 165.271849 -99.808272 878.962907 -53.109253 1313.289181 -44.309954 1550.977508 -29.802098 1338.964048 -28.059464 1302.776688 431.506613 183.142147 0.004026 -0.009305 -0.000492 -0.021347 -0.144811 0.055262 -0.161808 0.07505 -0.159258 0.213641 -0.151454 0.168236 0.013504 -0.01233 -8e-05 -0.075524 -0.00156 -0.02418 -0.002479 -0.07043 -0.008763 -0.011253 -0.008166 -0.006282 -0.093305 0.322959
39.862952 232.275183 74.620819 1067.361433 174.039033 2147.031632 226.953221 2536.995375 232.43609 2505.555255 192.128327 2407.192892 -43.794598 163.221742 -96.644037 875.381082 -53.070644 1314.045301 -45.378252 1557.006255 -30.066181 1352.869226 -28.114302 1313.73937 429.696357 176.203087 -0.010496 -0.006634 -0.039282 -0.003647 -0.00635 -0.003633 -0.004442 -0.003341 -0.00459 -0.004808 -0.005154 -0.003173 -0.002176 -0.006397 0.025485 -0.003656 7e-06 0.000109 -0.006363 0.005847 -0.000582 0.035915 -2.7e-05 0.022966 -0.001903 -0.067004
40.120397 230.172364 74.856719 1070.881178 173.040732 2154.7535 226.121951 2536.795432 231.395497 2507.700284 191.121872 2412.546917 -44.063195 162.650129 -96.415589 871.967434 -51.138701 1315.937418 -44.007504 1561.377803 -28.354974 1368.536064 -26.545059 1329.781073 421.753105 171.170477 0.000414 -0.004781 0.000186 0.002897 -0.001436 0.006931 -0.000763 -4e-06 -0.001167 0.000459 -0.001322 0.002974 -0.000411 -0.000501 0.000135 -0.003334 0.01791 0.000681 0.010511 0.003064 0.025067 0.045097 0.022531 0.048673 -0.037052 -0.036457
39.403509 231.816482 73.111167 1072.762891 172.798383 2136.550272 226.456751 2511.888836 232.724791 2474.297231 192.096768 2381.908378 -44.836066 161.893583 -97.584964 866.483429 -51.920235 1316.764161 -44.931385 1561.824623 -28.921334 1367.817109 -27.042 1329.114962 425.727951 162.774135 -0.003231 0.002926 -0.010296 0.000826 -8.5e-05 -0.038608 0.000124 -0.061436 0.001904 -0.111981 0.00124 -0.097897 -0.00336 -0.000882 -0.003524 -0.00865 -0.002963 0.00013 -0.004799 3.2e-05 -0.0028 -9.4e-05 -0.002304 -8.3e-05 0.009321 -0.105571
]