01-30-21_Ganesh_4K+Depth.alligator_above_chair.0000000007 [ 40.125909 230.021734 84.697273 1080.38796 205.96929 2152.259116 263.946942 2388.912848 287.004315 2400.790397 247.253653 2374.027175 -52.397196 211.533173 -81.120804 1067.864288 -120.349323 1548.593958 -141.254908 1756.447987 -134.271827 1587.582836 -118.097705 1551.790276 813.890934 83.784329 0.0 0.0 0.0 0.0 0.0 0.0 0.0 0.0 0.0 0.0 0.0 0.0 0.0 0.0 0.0 0.0 0.0 0.0 0.0 0.0 0.0 0.0 0.0 0.0 0.0 0.0
40.260662 252.024607 82.533427 1140.192768 192.286987 2153.219856 246.79443 2398.533381 270.980509 2401.3868 232.996747 2363.774329 -54.69893 214.832096 -81.961356 1067.33417 -122.334729 1554.903395 -145.320526 1759.099898 -138.859406 1598.911375 -121.465663 1563.387935 797.799669 81.316333 0.000113 0.502419 -0.014 0.805479 -0.235101 0.000107 -0.288102 0.009666 -0.230128 3.7e-05 -0.211665 -0.011094 -0.024738 0.012763 -0.002166 -6.6e-05 -0.008121 0.006414 -0.028841 0.001 -0.03853 0.020138 -0.023676 0.021589 -0.08033 -0.018447
39.734502 235.263955 77.962987 1121.594816 184.388406 2150.470124 236.11432 2367.492925 261.013251 2389.956202 225.873207 2362.271429 -52.551078 206.23293 -77.339009 983.952316 -121.731003 1518.956571 -146.767922 1731.371724 -139.472129 1596.447201 -121.917644 1562.991319 782.082412 79.77371 -0.00173 -0.288333 -0.065089 -0.076464 -0.082823 -0.000878 -0.118116 -0.101082 -0.09338 -0.013635 -0.055297 -0.000239 0.021509 -0.087817 0.067076 -1.695377 0.000747 -0.210195 -0.003586 -0.110138 -0.000674 -0.00095 -0.00042 -2.5e-05 -0.078183 -0.007386
37.058525 242.399095 73.516389 1104.05133 187.804079 2147.613039 243.94881 2400.542453 263.250568 2413.105251 225.825553 2373.803268 -51.644272 205.790288 -79.055893 959.63631 -121.170823 1490.880955 -147.672945 1693.320595 -137.543343 1568.539077 -120.100321 1539.808446 781.363815 90.603396 -0.046639 0.053294 -0.065278 -0.069144 0.015673 -0.00095 0.063933 0.114542 0.004774 0.055785 -3e-06 0.014039 0.003946 -0.000238 -0.009424 -0.152113 0.000646 -0.130947 -0.001391 -0.211396 0.006715 -0.123046 0.006823 -0.086608 -0.000165 0.344532
37.407313 226.668932 69.582465 1088.289936 176.651508 2147.927115 227.103921 2377.727955 250.509782 2384.616547 216.212552 2357.065246 -55.419041 201.603155 -89.879432 941.598222 -126.713983 1433.596706 -150.197031 1634.795318 -135.89905 1507.012646 -119.25968 1478.321118 755.42938 100.24565 0.000817 -0.263829 -0.054084 -0.056657 -0.170678 1.1e-05 -0.301284 -0.054466 -0.158004 -0.084583 -0.104539 -0.02961 -0.066565 -0.021518 -0.347084 -0.085571 -0.061985 -0.561092 -0.010694 -0.514626 0.004944 -0.61548 0.001476 -0.626395 -0.218846 0.243733
35.270032 235.080138 71.282805 1108.165484 185.42001 2182.806957 240.086044 2419.834336 261.748898 2430.976061 224.535788 2404.46433 -55.286138 207.346421 -88.47744 958.84583 -125.011826 1436.202465 -149.624513 1632.223205 -135.609939 1499.673453 -118.593291 1477.144088 774.165165 111.921839 -0.031433 0.076615 0.010263 0.089928 0.106192 0.140464 0.180406 0.184779 0.12331 0.223156 0.078596 0.235925 8e-05 0.040331 0.00551 0.078268 0.005755 0.001183 0.000547 -0.001013 0.000154 -0.008957 0.000934 -0.000234 0.11475 0.321531
35.151971 227.820742 68.635463 1073.084058 181.40686 2124.748083 234.810804 2367.185226 256.810585 2370.295614 220.230933 2341.013654 -52.859391 203.334341 -88.765684 941.848079 -121.967338 1426.885626 -143.722054 1624.846236 -129.533476 1488.80232 -113.966212 1465.872146 751.121077 102.023748 -9.9e-05 -0.056926 -0.025047 -0.282129 -0.021953 -0.391288 -0.0293 -0.289534 -0.023515 -0.383468 -0.020834 -0.424211 0.027231 -0.019598 -0.000234 -0.076006 0.018765 -0.015159 0.059388 -0.008354 0.069638 -0.019773 0.046035 -0.021586 -0.174085 -0.229088
34.395937 233.548059 70.711472 1089.261314 186.077851 2124.914308 241.721669 2360.815053 263.564964 2367.9854 225.963872 2345.639714 -54.792249 204.314473 -90.63239 935.734289 -123.3462 1423.434568 -147.059288 1622.129281 -131.291308 1490.110989 -114.987092 1468.470516 766.898147 101.203489 -0.004109 0.03555 0.015465 0.060515 0.029687 3e-06 0.050115 -0.004291 0.043837 -0.000563 0.036831 0.002283 -0.017353 0.001178 -0.009712 -0.009954 -0.003875 -0.002089 -0.019151 -0.001137 -0.005924 0.000287 -0.002276 0.00115 0.081989 -0.001655
34.786882 230.932955 70.714479 1076.807236 182.354112 2112.59584 236.354527 2344.56625 258.550235 2346.805821 221.199687 2324.279483 -58.209116 199.944093 -98.051029 916.63765 -124.737141 1395.747823 -146.443735 1595.86354 -129.035823 1466.642673 -113.395396 1442.787097 752.892736 102.963048 0.001105 -0.007362 0.0 -0.035803 -0.018818 -0.017905 -0.030128 -0.028056 -0.024083 -0.047571 -0.02538 -0.048851 -0.05167 -0.023624 -0.145899 -0.098439 -0.003899 -0.135957 0.000645 -0.107194 0.009771 -0.093138 0.005547 -0.113293 -0.064534 0.007582
35.045681 235.059302 71.323271 1085.242519 184.504164 2106.311752 239.188818 2342.169957 260.451759 2342.373616 222.686155 2318.133214 -57.057928 201.595369 -96.590429 924.138559 -123.867395 1393.955147 -146.022295 1593.597774 -129.193561 1464.065079 -113.095121 1440.758113 756.516906 102.71764 0.00048 0.01827 0.001305 0.016455 0.0063 -0.00468 0.008446 -0.000613 0.003483 -0.002095 0.002489 -0.004069 0.005749 0.003395 0.00548 0.015283 0.001521 -0.000576 0.000304 -0.000805 -4.8e-05 -0.001134 0.000199 -0.000714 0.004351 -0.000146
35.082176 234.312651 70.031062 1077.229558 180.158415 2093.162404 233.739204 2338.392623 253.847417 2331.542966 216.635025 2302.368831 -56.991087 201.406351 -96.678318 925.017569 -123.629557 1396.208588 -145.391669 1598.518381 -128.807818 1466.198728 -112.608768 1441.316082 744.304412 99.901605 9e-06 -0.000594 -0.005907 -0.014846 -0.025895 -0.020587 -0.031399 -0.001524 -0.042406 -0.012549 -0.041676 -0.026893 2e-05 -4.4e-05 -2e-05 0.000209 0.000114 0.00091 0.000682 0.003793 0.000288 0.000777 0.000524 5.4e-05 -0.049689 -0.01957
35.374534 233.25894 71.605846 1079.998906 184.498011 2106.651792 239.283038 2347.789399 259.92162 2343.006861 222.114421 2318.110543 -56.576701 200.968923 -96.215181 928.017135 -122.994941 1390.512607 -145.128312 1589.196289 -128.093912 1454.894133 -112.532563 1432.172566 752.950469 105.299236 0.000607 -0.001187 0.008755 0.001778 0.025823 0.021663 0.032488 0.009421 0.035908 0.014057 0.034217 0.026816 0.000756 -0.000238 0.000556 0.002428 0.000817 -0.005821 0.000119 -0.013631 0.000992 -0.021874 1.3e-05 -0.014547 0.024964 0.071002
35.606762 231.136257 75.398664 1083.220409 192.220375 2107.425533 249.018617 2342.542377 270.581119 2338.65982 231.669397 2317.261743 -56.017764 205.01011 -94.775508 972.770862 -121.909351 1415.982637 -142.333381 1606.883666 -126.276698 1463.469204 -110.595591 1442.971395 766.550069 102.098416 0.00038 -0.004851 0.048937 0.002399 0.079159 7.1e-05 0.097062 -0.002935 0.107103 -0.002018 0.100607 -7.8e-05 0.001387 0.020114 0.005426 0.526932 0.002406 0.115578 0.013588 0.048942 0.006491 0.012598 0.008408 0.02028 0.06086 -0.024701
34.715554 229.263549 74.645742 1077.830616 190.651813 2103.592966 247.444699 2340.782658 270.047817 2337.673257 230.94002 2315.581531 -56.766504 204.244021 -95.377676 961.744615 -123.397641 1403.935089 -144.51216 1596.428625 -127.387506 1455.545565 -111.535944 1434.795545 768.383935 103.996713 -0.005647 -0.003809 -0.001889 -0.006721 -0.003213 -0.001744 -0.002495 -0.000331 -0.000263 -0.000104 -0.000575 -0.000305 -0.002485 -0.000717 -0.000953 -0.031424 -0.004515 -0.025736 -0.008275 -0.017062 -0.002432 -0.010754 -0.00199 -0.011614 0.001096 0.008743
34.180661 225.043204 75.413571 1064.666885 193.052281 2096.523116 251.072549 2334.118113 273.218475 2337.15484 233.551156 2317.75241 -56.29617 201.358561 -96.266638 940.828737 -123.122157 1389.71924 -144.189831 1585.066423 -125.812221 1447.221196 -110.068056 1426.122465 769.836431 106.12644 -0.002076 -0.019603 0.001964 -0.04044 0.007509 -0.00595 0.013201 -0.00475 0.009253 -2.9e-05 0.007339 0.000509 0.000978 -0.010264 -0.002062 -0.114972 0.000154 -0.03617 0.00018 -0.020289 0.0049 -0.011936 0.004862 -0.013147 0.000686 0.010793
34.131265 225.681636 74.834855 1065.883933 192.883041 2091.181724 250.287002 2330.769692 272.222928 2330.096383 232.618416 2309.217061 -56.000412 201.475467 -96.028123 940.370999 -123.603115 1393.56729 -144.729779 1589.800832 -127.041821 1448.978589 -111.114335 1427.279668 771.198595 104.15469 -1.8e-05 0.000452 -0.001115 0.000348 -3.7e-05 -0.003406 -0.000615 -0.001202 -0.000909 -0.005337 -0.000933 -0.007873 0.000389 1.7e-05 0.000148 -5.6e-05 -0.000469 0.00266 -0.000505 0.00353 -0.00299 0.000533 -0.002475 0.000235 0.000602 -0.009244
35.080199 220.056447 74.430639 1053.119678 184.346483 2058.737409 238.242668 2298.605452 259.828801 2294.161637 221.83682 2269.829597 -56.973405 195.509268 -96.968227 935.733195 -123.352423 1401.986512 -143.989569 1602.76833 -126.368409 1459.359306 -110.59766 1435.591285 748.60114 94.009427 0.006506 -0.035496 -0.000547 -0.038444 -0.096602 -0.126828 -0.148495 -0.111738 -0.14438 -0.139625 -0.12791 -0.169402 -0.00419 -0.044835 -0.00229 -0.005732 0.000127 0.012678 0.000949 0.026336 0.000895 0.018526 0.000602 0.012065 -0.168007 -0.25987
35.365601 219.753715 76.295142 1052.991826 187.06003 2053.340955 241.368356 2285.561308 263.615092 2283.622884 225.088808 2262.749721 -56.911291 195.152894 -96.839377 938.408232 -123.256122 1410.892706 -144.032057 1613.855091 -126.388243 1470.127631 -110.567824 1445.142191 755.066882 89.20847 0.000578 -0.000104 0.011533 -4e-06 0.009913 -0.003541 0.010185 -0.018558 0.013694 -0.012131 0.011831 -0.005529 1.7e-05 -0.000163 4.3e-05 0.001909 1.9e-05 0.0141 -3e-06 0.019106 -1e-06 0.019791 2e-06 0.015833 0.013901 -0.062912
35.463572 217.725377 76.740094 1044.402206 189.062631 2020.199709 244.152732 2241.307236 266.401809 2237.19546 227.664049 2222.287427 -57.049824 193.175118 -97.275381 935.5939 -123.629027 1400.573257 -144.579951 1603.823702 -126.658904 1459.599767 -110.750786 1434.548558 760.441501 82.706146 6.8e-05 -0.004702 0.000647 -0.017589 0.005331 -0.134816 0.007984 -0.216316 0.007326 -0.238404 0.007324 -0.182521 -8.4e-05 -0.005036 -0.00049 -0.002113 -0.000282 -0.018939 -0.00052 -0.015637 -0.000145 -0.018916 -7.6e-05 -0.019486 0.00953 -0.123013
35.779399 215.612435 75.66534 1021.686885 183.039719 1894.101734 234.009564 2089.807113 257.055552 2058.008081 220.071921 2051.017206 -57.923473 194.092779 -100.400096 942.758895 -123.819305 1404.753726 -143.932857 1608.168893 -126.032408 1461.785537 -110.281648 1436.805868 743.073128 50.864995 0.0007 -0.005151 -0.00379 -0.124874 -0.048747 -2.03163 -0.107595 -2.650509 -0.083445 -3.739299 -0.064373 -3.433558 -0.003319 0.001087 -0.024698 0.013666 -7.3e-05 0.003115 0.000726 0.002939 0.000777 0.000818 0.000498 0.000887 -0.100322 -3.850708
35.96718 213.699789 75.332638 1000.023171 185.670564 1755.917446 238.51746 1944.203766 261.286613 1876.508289 223.495943 1868.991898 -59.197132 192.332531 -103.466685 948.00068 -120.838336 1390.128118 -132.992035 1592.344784 -114.689056 1423.70421 -101.426491 1394.274953 722.193607 31.210969 0.000246 -0.004261 -0.000367 -0.116073 0.009386 -2.616664 0.021503 -2.628556 0.017269 -4.188535 0.013216 -4.228446 -0.006926 -0.004009 -0.023065 0.007266 0.018161 -0.038268 0.216211 -0.039119 0.267411 -0.251301 0.185274 -0.319486 -0.14877 -2.387928
38.059837 214.3119 74.457381 1003.893375 174.496032 1619.274764 217.897705 1772.220079 237.865983 1647.019526 201.44205 1647.634001 -61.530082 196.326873 -110.32553 1044.975538 -111.721847 1399.903694 -110.63333 1601.837352 -93.25267 1414.229012 -83.718326 1380.064378 628.988679 8.86403 0.029584 0.000438 -0.002557 0.003737 -0.173392 -2.767084 -0.466014 -3.981548 -0.54976 -7.481289 -0.572674 -6.973723 -0.022543 0.020526 -0.11005 2.360715 0.178754 0.017126 1.028154 0.014105 1.107873 -0.015818 0.848794 -0.036395 -3.218484 -6.809103
38.837296 213.58566 74.646977 1025.625469 167.472177 1415.662594 197.578261 1538.784642 212.794568 1343.863003 179.532055 1341.995888 -64.343613 199.362803 -112.571516 1152.356716 -94.932593 1395.291141 -82.725065 1574.912155 -73.096184 1297.675845 -66.118402 1267.409485 535.325881 0.403821 0.00393 -0.000616 0.000121 0.116357 -0.072141 -6.837814 -0.497173 -8.239189 -0.697934 -15.403673 -0.630549 -15.66415 -0.031448 0.011647 -0.011316 2.625368 0.683135 -0.003806 2.024661 -0.114107 1.225696 -2.505788 1.03724 -2.397923 -3.773447 -5.483948
40.084614 211.80486 78.923458 1037.139024 156.769886 1178.3583 177.467154 1246.863673 184.924435 1006.453964 155.153417 1013.257669 -69.219189 199.109816 -112.207294 1195.86965 -80.850033 1354.068483 -64.410806 1492.856714 -57.298786 1189.333443 -51.825234 1163.581609 448.096442 -7.62895 0.009857 -0.003727 0.059555 0.032132 -0.176674 -10.877253 -0.539598 -15.338101 -0.977701 -24.34513 -0.889056 -23.054916 -0.089019 -8e-05 0.000295 0.403185 0.56501 -0.309054 1.144253 -1.097589 0.960468 -2.360998 0.869272 -2.218262 -3.87626 -11.543172
41.615385 209.263592 83.491171 1117.849336 138.66969 1042.363105 146.242562 1059.496754 150.081052 793.675255 126.793839 812.132262 -72.214858 199.636499 -112.223836 1226.100656 -66.414669 1298.434545 -48.083567 1409.423501 -41.279428 1103.662988 -37.864683 1079.67416 348.780428 -25.494229 0.014342 -0.007669 0.064243 1.511943 -0.554978 -4.16803 -1.50946 -7.62337 -1.816929 -12.619659 -1.429896 -11.11405 -0.031729 0.000348 -1e-06 0.188679 0.709208 -0.583501 1.19116 -1.199495 1.310314 -1.60096 1.093166 -1.5698 -6.213177 -5.230943
40.82836 206.139126 85.166931 1140.170428 114.123944 789.062005 108.979245 760.056275 106.258498 537.303787 91.365014 568.820932 -72.056405 209.429261 -107.61179 1274.308876 -47.964276 1245.882656 -29.904912 1342.460142 -24.313173 1041.423644 -23.205155 1017.502611 232.227585 -82.651406 -0.003757 -0.011751 0.008325 0.110327 -1.194493 -17.60139 -2.734944 -24.808305 -3.773621 -24.924342 -2.896029 -21.603599 8.7e-05 0.117233 0.048385 0.464774 1.497919 -0.542777 2.148256 -0.814852 2.232239 -0.903122 1.785579 -0.921751 -11.810555 -16.33858
44.07922 218.967234 92.037733 1313.675423 73.082629 718.097554 54.600889 635.167249 58.657179 417.88426 51.527743 462.411883 -68.844204 223.32284 -101.414846 1370.078233 -28.227907 1222.395518 -12.112988 1298.788524 -9.663689 978.413355 -10.040314 959.764641 115.937871 -117.44885 0.062256 0.193596 0.133252 6.141727 -4.554139 -1.671604 -9.302933 -5.600765 -7.019208 -7.494435 -5.665457 -5.504667 0.03662 0.223085 0.09188 1.734765 2.600577 -0.11175 3.952806 -0.361068 3.320382 -0.983065 2.717643 -0.84318 -19.994941 -3.048866
44.081674 212.224657 91.298482 1311.075433 42.792112 628.566003 22.385232 540.900352 24.692924 353.678249 22.027956 398.276259 -70.264744 227.775761 -99.324857 1386.480346 -19.580002 1124.663033 -7.383904 1162.54044 -5.976133 864.424137 -5.944308 852.724389 54.964586 -112.248842 0.0 -0.05272 -0.00149 -0.001288 -4.029132 -2.979503 -7.064634 -3.784037 -7.233948 -2.676111 -6.174668 -2.392913 -0.007253 0.021979 0.01088 0.048798 0.788659 -2.035693 0.582227 -3.773933 0.440942 -3.528796 0.533704 -3.163501 -11.246864 0.058868
44.873031 205.284067 105.292019 1255.064384 23.352194 541.863386 7.329294 448.039666 8.032965 296.232751 7.569371 341.895808 -67.675285 232.336959 -70.18203 1399.407758 -8.628076 1002.468796 -1.598419 991.714769 -1.550384 740.717921 -1.601277 742.919918 16.641444 -100.094424 0.00352 -0.057694 0.49867 -0.611348 -2.921218 -3.215779 -4.096724 -4.369425 -4.558007 -2.543776 -3.77193 -2.150432 0.024307 0.022609 2.524013 0.029994 2.212867 -3.512657 2.111348 -6.78365 1.438726 -4.774038 1.375178 -3.782588 -11.118343 0.348142
42.802095 181.142194 103.741091 1231.340479 10.809891 511.085687 0.949012 447.458235 1.07105 302.172531 1.331963 342.602408 -63.647933 226.650626 -43.662085 1349.981045 -1.627807 823.166797 0.153231 781.116082 0.011738 574.097751 0.005061 591.157901 0.858536 -43.259909 -0.024462 -0.754866 -0.005754 -0.113183 -2.385699 -0.449912 -3.003616 -0.000189 -3.2376 0.02948 -2.550863 0.000365 0.061769 -0.035225 3.131988 -0.444316 2.760593 -8.826271 2.741454 -12.553197 1.831928 -10.60021 1.786376 -8.66018 -9.940277 11.747712
41.678469 169.852787 98.658466 1127.877761 5.386898 420.194948 0.156199 323.743872 0.208327 221.615201 0.265823 269.146655 -66.029641 211.94949 -29.453752 1292.900038 0.000537 379.783804 2.105757 246.76428 0.160721 185.533006 0.194547 226.313799 0.003083 1.601986 -0.007473 -0.181603 -0.063827 -2.269753 -0.934839 -4.445971 -0.335185 -9.987652 -0.334647 -6.231837 -0.407716 -4.426111 -0.021874 -0.246448 1.393812 -0.61649 1.687478 -84.692281 1.122912 -149.81078 0.08559 -106.900854 0.136853 -85.933074 -0.758718 61.511429
41.796995 169.996295 86.281469 1122.965807 1.6885 552.126672 -0.655111 499.126852 -0.665087 350.106565 -0.313117 389.042857 -68.346941 195.142819 -31.149662 1197.100509 0.168914 267.131853 4.558567 150.664392 0.837797 106.687177 0.827355 142.262919 -2.995812 70.261047 8.4e-05 3e-05 -0.414626 -0.00536 -1.043556 8.992313 -1.451085 18.907392 -1.617875 14.625951 -1.155944 11.012307 -0.019982 -0.347077 -0.023734 -1.843564 0.150403 -9.883943 0.467798 -11.793662 0.26462 -10.837933 0.219508 -9.711497 -3.191115 50.644438
41.955831 172.58588 66.724111 1164.032614 1.439291 443.760831 -0.375788 340.743087 -0.002825 234.491513 -0.002012 278.167895 -70.560937 179.574226 -31.016871 1109.745062 0.017868 225.537854 2.570072 119.268468 0.300793 83.510071 0.341453 113.504974 -0.361924 38.127306 0.000151 0.009787 -1.25507 0.368741 -0.009944 -5.913381 0.038563 -15.069298 0.581213 -11.546534 0.264926 -9.276918 -0.017645 -0.323558 0.000142 -1.654578 -0.076908 -1.758942 -0.282956 -1.832049 -0.134591 -1.417443 -0.105788 -1.62188 1.275183 -4.872858
37.773705 165.99876 67.436457 1062.957462 1.097127 402.026806 -0.715764 314.395829 -0.265602 214.36321 -0.193727 254.52659 -72.064298 160.295364 -32.355884 987.806126 0.032045 216.772168 3.14057 122.213193 0.52327 83.584219 0.482937 112.458787 -1.534476 30.235782 -0.10976 -0.064082 0.001891 -2.294903 -0.023185 -1.030277 -0.054295 -0.530009 -0.213638 -0.451541 -0.156251 -0.524866 -0.007923 -0.54723 -0.014148 -3.547396 0.002056 -0.086868 0.028568 0.017955 0.0306 1.6e-05 0.012232 -0.002422 -0.405945 -0.457008
35.682275 161.592717 71.278477 961.301221 0.286562 392.076641 -2.329034 321.508021 -1.986037 221.932442 -1.400272 262.303677 -78.14324 153.897239 -43.014766 865.876293 -0.039119 189.212805 2.093976 101.925036 0.233877 75.588781 0.192397 107.84075 -3.582982 38.479893 -0.029779 -0.029632 0.053217 -2.554149 -0.26227 -0.062341 -0.462521 0.039774 -0.799062 0.065664 -0.552326 0.058517 -0.123059 -0.065152 -0.757494 -4.014442 -0.141976 -0.936482 -0.105695 -0.920093 -0.057488 -0.200937 -0.065693 -0.048408 -0.427895 0.496333
35.633513 167.813133 64.90869 1012.378453 0.193428 310.095151 -2.197272 201.347566 -0.978031 141.489913 -0.736189 185.097365 -83.65066 162.53886 -46.012278 889.372888 -0.108677 204.990055 1.767569 115.194078 0.290944 86.380989 0.218236 119.343728 -2.335843 6.764243 -1.7e-05 0.058738 -0.149046 0.661029 -0.009122 -4.802262 0.001918 -13.994673 0.176664 -9.014669 0.105831 -6.711948 -0.093763 0.11802 -0.050477 0.157275 -0.017391 0.315854 -0.01382 0.405842 0.003112 0.359948 0.000814 0.291401 0.132882 -12.977289
36.010017 164.54508 56.827326 984.993629 0.932869 241.819075 -0.051458 133.808234 0.322925 96.131593 0.131984 134.036204 -81.744089 161.701388 -48.330009 925.559682 -0.174043 226.047206 1.668577 128.085007 0.234702 97.010961 0.200059 130.798807 0.007023 -0.002002 0.000989 -0.016068 -0.268534 -0.187738 0.276725 -4.239423 1.576221 -6.875662 2.424931 -4.369276 1.491601 -4.111359 0.010989 -0.001082 -0.028474 0.360789 -0.00766 0.514652 -0.001426 0.341774 -0.003017 0.308332 -0.000395 0.262426 2.59903 -6.998978
38.170011 159.381968 62.74382 952.578605 3.894764 227.776301 0.336761 133.255636 1.240595 89.428275 0.863946 124.259494 -74.901128 161.499534 -43.608538 950.357628 -0.102213 226.101157 1.070853 127.953769 0.189267 96.481911 0.196006 129.762937 0.460731 -0.13386 0.031454 -0.04115 0.146467 -0.271166 1.015387 -0.210014 0.651498 -0.000572 0.297631 -0.121118 0.320572 -0.185095 0.149537 -6.3e-05 0.121315 0.16391 0.009502 3e-06 -0.066005 -3.4e-05 -0.002442 -0.000723 -2.1e-05 -0.002059 0.353986 -0.103122
42.105764 156.050537 68.753928 938.044731 7.493473 228.90197 1.809257 137.634512 3.525874 92.902697 2.783676 126.278171 -65.102888 162.037179 -37.584658 1015.719604 0.000472 254.781026 1.710007 146.999084 0.556836 106.842008 0.303191 137.658078 1.28033 -0.486975 0.096539 -0.017593 0.137418 -0.055864 0.583551 0.001387 0.584881 0.035394 0.58356 0.033107 0.546045 0.008133 0.343288 0.000447 0.22377 1.086775 0.116581 0.855997 0.074448 0.660404 0.096824 0.264114 0.011643 0.116571 0.204978 -0.110203
40.713042 159.48214 65.476189 951.60808 7.794569 254.021994 2.04016 155.301643 4.113245 105.525112 3.046639 141.588267 -67.08152 174.604232 -38.293216 1143.183519 -1.763815 280.944274 -0.0203 161.862263 -1.076559 116.071145 -0.923555 147.404273 9.398439 -0.251091 -0.011711 0.018661 -0.040025 0.048677 0.002965 0.653771 0.006932 0.533242 0.022615 0.401876 0.005933 0.437888 -0.01481 0.23465 -0.003308 3.766087 -1.822011 0.639249 -2.102939 0.357834 -3.1819 0.191136 -2.285072 0.166658 3.741016 0.038709
37.487484 165.550964 64.856741 1032.322537 9.22344 259.352376 2.979081 168.4188 4.618473 112.845323 3.244703 149.475378 -70.090082 186.764877 -42.005689 1206.949667 -2.333157 324.181368 -0.036107 204.881775 -1.148778 138.949044 -1.057596 171.594416 10.37403 -1.356752 -0.066551 0.056662 -0.001472 1.642578 0.060092 0.027674 0.088601 0.265863 0.014629 0.122729 0.003119 0.10688 -0.032997 0.20467 -0.085866 0.865243 -0.039753 1.546653 -0.00226 2.531859 -0.001172 1.028263 -0.00454 0.91851 0.024083 -0.440507
38.463034 170.310249 71.002878 1052.781594 8.764473 278.664375 2.355635 182.484689 3.509999 121.875658 2.527138 159.70638 -68.638327 192.88867 -40.041794 1212.695118 -2.029142 336.994977 -0.005215 220.794128 -0.915108 149.041154 -0.814115 180.836118 8.009534 -1.365416 0.006266 0.033722 0.139093 0.100375 -0.005856 0.346712 -0.036555 0.282027 -0.075936 0.173775 -0.044778 0.169321 0.007596 0.049391 0.023507 0.006821 0.010607 0.124176 0.013877 0.297517 0.013271 0.176884 0.015904 0.121192 -0.152695 -1.4e-05
37.850967 169.358318 78.085029 1045.235285 9.260223 270.58759 2.468077 174.691824 3.31821 118.38606 2.446997 157.473686 -68.05052 186.673168 -40.063862 1143.893213 -1.879418 340.571248 0.000804 227.930963 -0.608025 154.943601 -0.58551 188.557626 6.767049 -2.455798 -0.002455 -0.001334 0.168307 -0.013572 0.006819 -0.059388 0.001311 -0.085022 -0.002694 -0.025343 -0.000646 -0.007858 0.001264 -0.050894 -3e-06 -1.004569 0.002869 0.009438 0.010115 0.056758 0.031277 0.057309 0.018795 0.080711 -0.05233 -0.158873
41.614078 154.197445 81.291288 952.783735 5.65006 261.975659 0.523813 179.58477 1.034358 117.769464 0.693688 155.104049 -69.298655 167.984282 -39.635599 1034.076732 -1.24413 297.075905 0.16201 201.980955 -0.079135 134.316103 -0.082128 165.927195 1.685697 -0.543638 0.089152 -0.355392 0.032254 -2.140087 -0.443657 -0.069635 -0.717853 0.03379 -0.647319 -0.000805 -0.534959 -0.008982 -0.005671 -0.492753 0.001151 -2.770317 0.065287 -1.485187 0.139988 -0.783902 0.248452 -0.736425 0.229065 -0.723105 -1.697838 0.688535
41.038634 152.475587 88.96712 832.143047 5.759251 260.97743 0.361881 177.664446 0.501562 119.922649 0.51738 156.914776 -68.895845 163.983594 -40.919473 828.519736 -0.44442 206.910816 0.98013 124.043451 0.154498 92.538244 0.100531 124.775821 0.099318 1.7722 -0.002003 -0.004834 0.173114 -4.081634 0.000523 -0.000953 -0.014929 -0.005161 -0.095372 0.009753 -0.012902 0.005254 0.000587 -0.024108 -0.010232 -11.377431 0.201383 -8.131025 0.345169 -9.452678 0.454779 -3.880121 0.364389 -2.927395 -0.966675 4.278934
38.012563 143.679041 83.763816 840.429805 3.886253 259.782781 0.011225 181.974401 0.043568 121.742709 0.082357 158.513279 -74.545922 155.308477 -44.278139 848.075316 -0.438401 204.348128 0.861454 119.832916 0.066474 86.387471 0.030369 116.495485 -0.00241 3.024893 -0.05794 -0.130669 -0.078389 0.020528 -0.1836 -0.00137 -0.245638 0.025826 -0.249481 0.006854 -0.186894 0.00405 -0.11132 -0.117873 -0.066229 0.114051 2.1e-05 -0.007985 -0.003828 -0.03635 -0.018289 -0.105751 -0.020392 -0.142131 -0.132674 0.166449
34.137185 136.098822 77.640181 820.296319 2.322344 236.808797 -0.069379 154.166212 -0.011479 103.073274 -0.00644 140.366622 -81.227886 156.071088 -42.526803 915.630423 -0.582349 228.001159 0.627419 133.512886 0.003325 94.161596 -3e-05 124.694739 -0.027159 0.201431 -0.104154 -0.102707 -0.116207 -0.122047 -0.200197 -0.531711 -0.136417 -1.152231 -0.099773 -0.776526 -0.134858 -0.551401 -0.143378 0.000934 0.017669 1.294254 -0.010201 0.647492 -0.018509 0.36961 -0.040066 0.167448 -0.032297 0.139407 -0.013388 -1.66516
36.161402 124.95865 77.41367 817.820298 6.865429 228.323477 1.305024 147.77828 1.733281 96.963942 1.372174 133.150109 -75.910207 159.007449 -36.855935 1011.354984 -0.461403 259.909801 0.700476 156.11711 -0.008769 109.16861 -0.022782 140.801751 1.988625 -0.361623 0.029149 -0.237802 -0.000165 -0.001871 1.201813 -0.077404 1.976205 -0.067579 2.026867 -0.093314 1.566627 -0.095217 0.090003 0.013683 0.202814 2.379066 0.007031 1.044507 0.002011 0.883423 -0.022894 0.554561 -0.021167 0.489037 2.480585 -1.102841
36.390225 133.497046 78.688525 876.177489 7.579312 233.617566 1.987835 151.914019 2.789587 99.749984 2.009289 136.450203 -72.537564 163.434269 -38.199513 1051.506335 -0.74837 266.199882 0.388448 164.834754 -0.066054 112.999744 -0.084741 145.761173 3.714157 -0.412989 0.000361 0.141077 0.005206 1.005483 0.017651 0.030338 0.071572 0.028538 0.125078 0.01973 0.060563 0.020198 0.038317 0.030389 -0.012027 0.390788 -0.034528 0.037603 -0.045663 0.118415 -0.026688 0.033035 -0.019647 0.042919 0.267319 -0.001705
38.9919 160.088659 85.726164 952.601785 11.457105 281.700869 3.934105 190.284356 4.425421 126.425704 3.375983 168.261115 -68.850831 187.92932 -41.656961 1131.932352 -1.343586 312.139896 0.090668 201.750439 -0.268349 140.465646 -0.29095 176.777016 6.873271 -0.369545 0.044909 1.206752 0.150689 1.597575 0.399145 2.248181 0.328962 2.158017 0.18789 1.578609 0.176308 1.665029 0.048074 0.854867 -0.074882 1.481731 -0.086464 1.827494 -0.103778 1.863469 -0.068129 1.492518 -0.06165 1.494733 0.482299 0.001207
38.560982 168.205993 84.061715 978.170811 10.656057 305.252522 3.35167 211.681179 3.41592 142.584938 2.568773 186.966211 -69.155481 197.925856 -46.298003 1160.101356 -1.175178 369.214266 0.327179 262.888326 -7.5e-05 174.064983 -0.018654 209.922947 3.448053 -1.568695 -0.001197 0.100369 -0.008159 0.169311 -0.014514 0.472698 -0.023318 0.569886 -0.065253 0.485774 -0.055059 0.492816 -0.000336 0.129514 -0.12253 0.173105 0.005636 2.394656 0.073379 4.039871 0.259439 1.799753 0.162264 1.423168 -0.584918 -0.415475
37.673177 170.52415 84.867628 995.796266 10.270505 312.476229 2.851932 218.609729 2.898037 144.959044 2.132986 188.745429 -68.962255 198.266456 -42.982951 1196.423767 -1.344726 364.945771 0.201619 250.513367 -0.106118 167.817071 -0.138956 202.746611 4.113269 -0.836363 -0.00517 0.007932 0.001922 0.07869 -0.003552 0.042238 -0.020161 0.055785 -0.021275 0.009801 -0.020239 0.004213 0.000135 0.000146 0.061566 0.279945 -0.00571 -0.012409 -0.015123 -0.149164 -0.100543 -0.057095 -0.055785 -0.062403 0.029318 0.114208
36.629582 163.963444 94.269901 950.584571 10.272492 295.124812 2.737586 207.977994 2.522857 135.98022 1.916105 178.801565 -69.87642 196.273509 -36.721015 1194.301791 -1.42617 359.864546 0.047007 241.044913 -0.579224 165.910995 -0.608462 202.028141 5.519767 -1.487396 -0.007329 -0.064348 0.246916 -0.525173 0.0 -0.247805 -0.00117 -0.132507 -0.012999 -0.143518 -0.005813 -0.134539 -0.00301 -0.005034 0.246365 -0.000942 -0.001197 -0.017811 -0.05392 -0.0912 -0.189495 -0.005443 -0.165871 -0.000638 0.103233 -0.093061
32.919948 162.847223 107.594354 885.149653 9.994039 281.130229 1.710521 202.312561 1.396663 137.415239 1.232535 179.176836 -73.007694 199.372481 -36.884708 1188.960181 -2.380399 365.862969 -0.015714 246.322632 -1.381994 170.717001 -1.39161 207.033868 5.557276 -1.80485 -0.099003 -0.001906 0.440234 -1.166588 -0.001913 -0.169957 -0.120198 -0.039117 -0.165279 0.003766 -0.075097 0.000197 -0.034315 0.012137 -0.000182 -0.005986 -0.121543 0.02479 -0.117078 0.028577 -0.171822 0.034309 -0.1597 0.030629 6.4e-05 -0.015341
33.408739 159.383097 141.916623 874.42076 14.949543 294.485491 3.134826 234.348601 1.54061 154.869564 1.671781 197.647722 -73.429637 202.705706 -46.778174 1208.214596 -2.611354 368.445483 -0.05498 253.024638 -1.246285 168.517904 -1.281747 206.565095 5.558203 -0.288138 0.001801 -0.018621 2.371928 -0.03271 0.497207 0.154953 0.214068 1.176762 0.003529 0.521624 0.033408 0.452968 -0.000608 0.013816 -0.58703 0.077328 -0.005346 0.004541 -0.011908 0.044978 0.003506 -0.007128 0.002258 -0.000266 0.0 0.650704
34.035293 160.708645 155.533927 762.864381 19.361757 294.750878 4.123163 241.225214 2.754199 164.156979 2.205638 204.68747 -71.149912 202.784805 -74.698072 1150.705234 -2.476024 416.454049 -0.005084 332.853913 -0.173 220.822382 -0.65326 261.487246 4.307747 -4.193147 0.00291 0.002745 0.311864 -3.804867 0.284874 6e-05 0.067607 0.049719 0.175029 0.135215 0.036928 0.061593 0.017974 8e-06 -3.252062 -0.70113 0.0018 1.469604 0.026626 5.464076 0.490613 3.529322 0.10491 3.233504 -0.079565 -2.282919
37.521139 161.720034 179.781957 774.621964 33.667626 315.868703 12.793649 292.123779 7.37924 197.475055 8.359835 236.902731 -69.633089 221.467309 -100.220826 1223.378504 -5.819226 636.585204 -0.114425 598.189831 -0.124977 413.561952 -0.61146 446.538932 9.424881 -39.484142 0.084956 0.001586 0.877885 0.044957 1.966113 0.365281 2.390931 2.434231 1.117033 1.53811 1.977395 1.176665 0.008172 0.411554 -1.872055 1.112564 -0.703533 23.265519 -0.071269 38.609262 0.003895 29.987989 0.000691 24.610534 0.989002 -17.943046
43.503586 179.124023 203.755956 781.670245 31.902115 348.408066 7.806522 389.434683 3.715834 267.56408 5.921384 302.476396 -73.920732 230.948082 -146.888537 1283.58389 -17.616597 805.087675 -3.017671 793.404088 -1.934913 549.559369 -3.259655 575.650625 11.013514 -50.201427 0.221158 0.444626 0.750011 0.015961 -0.023773 0.797443 -0.612785 6.982651 -0.622246 5.312123 -0.209717 4.000815 -0.064046 0.09935 -4.446712 0.723029 -3.185889 9.881132 -1.956855 13.760464 -1.076386 9.650094 -1.047536 8.186765 0.061834 -0.642652
48.047615 187.92646 260.163644 711.32864 36.089036 323.835466 10.495136 303.112395 5.534817 222.53764 8.591767 269.528545 -69.467609 254.934415 -187.750417 1264.263714 -17.948298 776.307843 -2.609803 753.142495 -1.01439 551.532437 -2.714303 594.497822 11.28818 -73.394041 0.112838 0.105563 3.442057 -1.657969 0.129039 -0.449253 0.198563 -5.400865 0.180599 -2.072709 0.247787 -0.949697 0.069166 0.592422 -2.504138 -0.073253 -0.001547 -0.261904 0.0148 -0.524158 0.147335 0.001768 0.024944 0.151793 0.001691 -2.195541
48.312897 190.869559 292.142015 577.211181 33.421418 302.814745 7.394241 302.795661 3.309942 218.35291 7.401764 267.116169 -69.129907 261.019992 -220.810513 1237.499633 -19.717999 804.337791 -2.627618 791.60515 -0.769524 602.243251 -2.579426 651.274196 7.271381 -95.333267 0.000365 0.011434 0.926547 -6.998804 -0.051207 -0.352665 -0.2708 -8.3e-05 -0.284403 -0.01986 -0.044333 -0.005422 0.000411 0.03589 -1.339782 -0.143166 -0.041596 0.24855 -3e-05 0.478915 0.016885 1.114961 0.001719 1.294471 -0.439886 -1.432434
51.508406 184.611616 310.598538 494.783092 33.080878 280.288476 6.697178 282.603753 2.582682 218.576065 6.526141 268.658633 -69.064952 253.31048 -223.330412 1151.851943 -17.278847 839.823059 -1.498889 867.542259 -0.129519 659.993008 -1.33221 703.505258 3.868929 -118.941073 0.051161 -0.052153 0.282645 -3.17374 -0.000872 -0.435276 -0.017251 -0.348339 -0.045051 5.7e-05 -0.027552 0.00222 1.5e-05 -0.057784 -0.007149 -1.535539 0.080493 0.382977 0.157372 1.738684 0.267639 1.321774 0.204164 1.007211 -0.532303 -1.304473
47.663406 179.379867 305.778542 402.616809 36.052092 232.345499 8.993725 230.282248 3.81223 213.859621 8.25504 260.609443 -67.74498 243.012888 -222.428464 1105.08559 -14.012495 893.25502 -0.804207 961.111622 0.4212 773.995019 -0.300728 812.057185 1.699097 -174.156216 -0.074565 -0.037601 -0.018846 -4.745456 0.063878 -2.246805 0.168973 -2.67574 0.119316 -0.025721 0.10146 -0.06121 0.006368 -0.106837 0.000913 -0.484578 0.170946 0.823867 0.107266 2.395468 1.017851 4.538761 0.367027 3.892506 -0.440186 -5.247834
48.581319 177.472156 317.586413 307.378128 35.030933 187.420609 5.964307 181.343284 1.824087 183.277121 6.708783 236.300007 -67.423193 244.025806 -237.580266 961.32044 -9.50496 868.963823 0.04551 937.299875 2.837235 774.482289 0.14216 819.877615 -0.111437 -204.247939 0.004377 -0.005099 0.111843 -6.416651 -0.007335 -2.410936 -0.309983 -2.919578 -0.36229 -1.179292 -0.080104 -0.59498 0.000383 0.001053 -0.249603 -5.007121 0.436016 -0.167428 1.232337 -0.149341 1.072074 7.7e-05 0.856416 0.018738 -2.680803 -1.198385
52.524033 172.70171 333.550241 292.505116 30.160316 169.743818 4.948422 149.51393 1.760887 150.131733 6.032158 203.789735 -65.214126 229.655854 -261.025577 845.580739 -7.898419 876.948135 0.580259 952.940863 5.238635 810.229916 0.632244 864.364029 -0.925102 -262.819618 0.076904 -0.032496 0.195721 -0.184403 -0.182203 -0.437698 -0.047388 -1.534594 -0.000557 -1.651643 -0.017979 -1.202441 0.018397 -0.218019 -0.551525 -3.71062 0.07431 0.018257 0.300761 0.064713 0.365296 0.403245 0.174805 0.587619 -0.394385 -3.687086
53.566065 161.355041 335.137971 256.785655 26.941389 91.757638 3.437546 66.097902 1.294465 71.281899 4.774064 114.782271 -62.344042 207.129505 -253.699767 799.112033 -4.62897 878.664642 1.823443 976.072313 8.058257 857.093335 1.954496 905.52637 -2.89327 -434.026205 0.005118 -0.192758 0.001885 -1.162619 -0.090801 -11.899438 -0.137228 -16.78973 -0.035811 -14.515831 -0.073485 -12.686743 0.032293 -0.581263 0.052135 -0.656588 0.43416 0.000839 0.346452 0.138694 0.302391 0.658725 0.363482 0.478721 -0.546327 -21.359031
53.89742 152.577541 331.755632 213.086553 18.877884 69.456929 0.816871 51.243567 0.054743 54.900353 1.704804 91.542914 -61.696173 199.393017 -254.567196 762.633589 -4.619267 899.344659 1.292241 1036.294787 7.712713 929.289328 1.99576 965.658266 -6.467892 -532.445009 0.000511 -0.122733 -0.008577 -2.036467 -0.715109 -1.549872 -0.902981 -0.944007 -0.816806 -1.067882 -0.773136 -1.312955 0.001692 -0.073623 -0.00074 -0.42608 5e-06 0.120269 -0.045617 0.901316 -0.003786 1.459483 0.000216 0.966441 -0.709374 -5.024207
54.191353 149.025655 331.552647 208.007393 19.575888 52.829104 1.040916 33.508344 0.141446 36.355572 1.973324 68.350045 -60.748507 198.666573 -249.180988 789.136849 -2.373122 909.940456 3.209305 1040.841095 11.816169 927.533843 4.084259 965.544543 -9.371999 -596.623716 0.0004 -0.020915 -3.1e-05 -0.030633 0.006336 -1.135757 0.013559 -1.876412 0.020198 -1.904177 0.009815 -1.691034 0.003667 -0.000663 0.028796 0.226346 0.370582 0.031027 0.428613 0.004975 0.435981 -0.00083 0.369958 -3e-06 -0.268497 -1.825504
52.959413 144.130217 312.292082 204.815319 19.973145 32.512032 1.480411 13.865844 0.270279 14.947192 2.140671 39.342172 -60.129015 187.582701 -245.400743 770.104864 -1.105584 930.080801 5.783622 1086.916507 16.374112 960.77294 6.572268 995.684919 -12.436979 -736.046538 -0.007082 -0.040878 -0.288154 -0.012341 0.001995 -2.453706 0.0386 -4.264028 0.020676 -4.680292 0.003405 -3.980323 0.001587 -0.159065 0.014447 -0.116156 0.239147 0.110229 0.376337 0.498927 0.370916 0.29257 0.294511 0.231614 -0.216446 -7.313214
54.822034 133.510889 308.728809 167.429447 28.732554 8.985791 5.215577 0.354863 2.971905 0.874783 5.9894 11.633017 -56.503557 170.316861 -224.109781 750.217337 -0.778633 891.722049 6.512961 1039.043319 16.886291 905.621255 7.263733 940.44064 -5.689999 -850.203166 0.016096 -0.203161 -0.010223 -1.882157 0.794136 -7.313246 1.138579 -9.784279 1.449707 -8.58995 0.968692 -8.188829 0.056361 -0.416713 0.482991 -0.130081 0.028583 -0.403874 0.021648 -0.539082 0.003944 -0.81504 0.017289 -0.788315 1.302425 -4.113051
54.722781 135.928235 310.594336 121.030128 26.736169 1.319664 4.851999 -0.915695 2.138457 -0.179554 5.535799 3.428192 -54.249419 172.359734 -197.018994 753.216924 -0.147129 875.490071 8.807652 1018.433504 19.758118 885.048754 9.403776 918.623053 -8.896285 -910.440545 -4.5e-05 0.010844 0.00281 -3.756169 -0.035938 -3.4183 -0.006567 -2.41064 -0.068421 -1.84698 -0.00893 -2.431052 0.022941 0.006089 0.872265 0.002992 0.24883 -0.074548 0.172822 -0.103227 0.112706 -0.11818 0.137958 -0.128028 -0.356758 -1.030761
47.312138 137.64626 276.225926 81.532116 22.976222 -0.004474 3.144818 -4.796204 1.323419 -1.577351 3.968132 0.958424 -60.691843 174.926037 -215.394385 757.828516 -1.113961 868.776884 5.567257 1016.728364 13.794867 867.297195 5.467434 900.286554 -6.572787 -942.84839 -0.269468 0.005395 -1.007295 -3.888215 -0.142394 -1.477823 -0.184352 -1.520545 -0.097311 -0.692537 -0.130184 -0.761337 -0.18069 0.009482 -0.409568 0.007037 -0.451409 -0.012919 -0.369987 -0.000714 -0.534165 -0.089915 -0.530426 -0.092428 0.175493 -0.283374
44.221163 138.13053 274.898097 102.219387 25.376871 1.653949 4.260841 -0.862373 2.181926 0.00102 4.914273 5.509927 -65.133286 177.142542 -215.64123 770.17599 -1.212475 818.337027 5.251412 916.76957 12.590477 784.531818 4.852971 831.604788 -4.289753 -782.743306 -0.052204 0.000425 -0.0016 1.16823 0.059631 1.830476 0.084575 1.591088 0.106756 1.658613 0.050535 1.872332 -0.078413 0.006977 -7.1e-05 0.049889 -0.002087 -0.754172 -0.004611 -2.585585 -0.027502 -2.074795 -0.018308 -1.362395 0.242628 7.443547
43.734347 136.389566 285.594789 108.147979 25.8186 4.467236 4.62447 0.007212 2.375877 0.903621 5.102776 10.576432 -66.664628 177.192921 -217.282072 768.374352 -2.293513 757.914334 3.210843 828.001859 8.608268 713.441328 2.826162 765.241318 -1.939326 -663.56383 -0.001347 -0.005521 0.102079 0.083557 0.001906 0.684796 0.007444 1.027314 0.004129 0.843908 0.001774 0.818698 -0.008897 4e-06 -0.00311 -0.001055 -0.170826 -1.158522 -0.249714 -2.259554 -0.377391 -1.68785 -0.272303 -1.379599 0.460464 4.918714
45.384515 134.558195 292.23901 115.249485 25.667934 7.742405 4.280771 0.53302 2.208507 1.417414 5.021242 12.874513 -66.114912 176.237427 -215.450199 763.788059 -2.283126 717.048707 3.486143 774.878951 11.316835 664.420399 3.990152 721.752059 -3.52668 -604.461629 0.015279 -0.006189 0.038201 0.112902 -0.00022 0.447473 -0.006635 0.416228 -0.003056 0.057582 -0.000328 0.112872 0.001138 -0.001292 0.003877 -0.006864 1.2e-05 -0.566224 0.005661 -0.880545 0.184956 -0.872298 0.10012 -0.636089 -0.235563 1.378115
45.90544 135.400816 308.914836 128.175484 24.728123 26.619889 3.067085 14.87722 1.204756 20.75225 4.168894 46.343519 -66.760875 179.859567 -222.619006 761.210601 -1.332348 687.989056 5.187357 722.329926 13.171364 626.783897 5.178645 690.862457 -6.409119 -419.43813 0.001486 0.001315 0.231336 0.343431 -0.008764 5.649791 -0.100929 9.778239 -0.150925 11.322631 -0.039611 10.365181 -0.00157 0.018422 -0.058661 -0.002178 0.127255 -0.300545 0.168474 -0.922467 0.070324 -0.548638 0.077355 -0.337771 -0.427295 16.856055
51.334105 131.344585 319.098035 131.663172 14.379172 43.230158 0.070599 30.837047 -0.103026 37.495696 0.825101 69.440239 -59.564393 184.506997 -216.131489 754.846608 -0.017421 655.42232 11.369672 670.818199 21.665118 594.232188 10.543195 665.174366 -24.756171 -333.190453 0.151653 -0.030842 0.082565 0.023408 -1.394171 2.003691 -2.207019 2.876455 -2.012399 2.458339 -1.284677 2.32707 0.205151 0.02964 0.047966 -0.013357 1.045067 -0.394796 1.197531 -0.95265 1.051328 -0.433984 0.94355 -0.243333 -5.972811 4.958119
51.639132 134.389129 341.445081 144.831118 17.858262 53.833595 0.496022 38.567127 0.010741 44.975064 1.636625 80.754127 -59.485159 188.335559 -227.995129 745.577077 -0.027356 658.667294 11.194613 673.639311 21.326979 591.670309 10.289349 665.203728 -20.380473 -310.391422 0.000452 0.017441 0.378123 0.313737 0.188283 0.580908 0.192355 0.431823 0.1803 0.339857 0.137608 0.426734 2.6e-05 0.019657 -0.158481 -0.028634 -0.001116 0.004007 -0.000679 0.00296 -0.00133 -0.002767 -0.001547 0.0 0.212598 0.403957
52.360011 140.609298 330.040142 157.359641 11.78963 58.186335 -0.043722 45.047164 -0.731604 50.554214 0.161779 85.704311 -58.669368 195.356532 -225.459625 756.53576 0.017073 675.205487 13.434455 699.333684 24.413467 614.003463 12.176612 683.286431 -33.597524 -312.191603 0.002498 0.070356 -0.096861 0.259822 -0.62774 0.084599 -0.834277 0.251477 -0.919641 0.163057 -0.769284 0.073621 0.002816 0.064242 0.007089 0.039975 0.087653 0.102529 0.10206 0.240449 0.104254 0.206861 0.079411 0.121246 -1.643174 -0.002603
53.553153 144.118697 324.902949 162.989263 11.627691 55.130865 -0.045977 39.993606 -0.710559 46.64594 0.126584 80.69629 -58.533579 198.033793 -224.588398 757.891197 0.018157 682.238265 13.222725 709.85718 24.174854 625.065567 12.204582 692.300306 -33.174603 -330.204429 0.006721 0.021628 -0.020148 0.04947 -0.00056 -0.041201 -2.8e-05 -0.150287 0.000154 -0.078605 -0.002156 -0.075378 7.9e-05 0.00911 0.000843 0.000607 1.7e-05 0.018218 -0.000841 0.039294 -0.000586 0.049381 1.6e-05 0.029533 0.001339 -0.25259
53.078417 146.074231 326.033747 178.842534 14.00085 52.826072 -0.000375 34.199411 -0.508823 40.390868 0.357349 73.913609 -58.966316 197.975754 -222.509988 762.076181 0.010398 689.578703 12.938818 722.167497 23.653174 638.043131 11.902708 704.038924 -31.10038 -357.366306 -0.001057 0.006589 0.000982 0.367815 0.110112 -0.024606 0.038049 -0.226598 0.016803 -0.225058 0.058564 -0.148849 -0.000797 -4e-06 0.004831 0.005761 -0.001074 0.019639 -0.001541 0.052913 -0.002845 0.066669 -0.00189 0.049342 0.033477 -0.536713
52.784318 151.283245 276.611019 181.911128 4.517707 46.469026 -2.582222 32.165824 -4.695688 34.90535 -0.94068 65.13242 -59.356601 203.561591 -226.125267 778.399103 -0.8645 717.160756 5.070111 782.11625 15.048296 683.580466 6.599556 739.970272 -36.556136 -409.548183 -0.000409 0.045628 -2.029991 0.013051 -2.612365 -0.203704 -2.520378 -0.031164 -2.113055 -0.200083 -2.457601 -0.277557 -0.000644 0.038855 -0.014567 0.086482 -1.064521 0.270428 -1.81001 1.195014 -0.968728 0.784741 -0.776284 0.44711 -0.220332 -1.777321
57.570856 138.213344 290.337101 165.359445 12.026286 23.745302 -0.001279 9.921944 -0.240823 10.572575 0.222489 31.058246 -55.951759 189.439572 -218.643219 775.169835 -0.610286 735.191187 6.087327 823.231269 15.601886 710.775373 6.919572 759.220257 -19.719455 -547.972911 0.103854 -0.295184 0.166182 -0.394669 1.802048 -3.778763 2.468545 -6.358368 2.809702 -7.057127 2.078136 -6.237373 0.05028 -0.253811 0.062937 -0.003356 0.022075 0.111925 0.046466 0.526591 0.005 0.265224 0.003788 0.123592 2.577655 -10.058567
56.81205 128.623477 283.742773 149.408561 13.976907 13.427006 0.128807 3.767001 -0.000417 5.095697 0.672721 19.743654 -55.049507 176.800158 -210.538277 745.810808 -0.602364 705.37263 5.976249 783.000469 14.887062 674.208732 6.862337 721.683365 -15.044967 -562.077073 -0.002517 -0.172381 -0.037875 -0.404416 0.073266 -1.46078 0.155761 -1.461767 0.221209 -0.988403 0.121458 -1.276017 0.003667 -0.218166 0.076536 -0.283381 2.6e-05 -0.308644 -0.000511 -0.503903 -0.008381 -0.482804 -0.000119 -0.475806 0.315704 -0.089607
49.538691 130.273554 264.21796 128.343364 14.669294 6.521132 0.407313 0.426727 0.038619 1.566262 0.975804 11.938104 -62.069686 178.412595 -222.556135 746.405227 -1.92908 730.329645 3.384092 823.536564 10.189673 709.671231 3.740256 750.85581 -8.973681 -644.558232 -0.249005 0.005258 -0.347962 -0.799963 0.008369 -1.233515 0.078016 -1.657999 0.047057 -1.011757 0.028101 -0.976593 -0.210586 0.00366 -0.166773 0.000118 -0.375514 0.216932 -0.366082 0.511484 -0.443887 0.454445 -0.470092 0.288996 0.779996 -2.822355
43.512078 141.493883 277.884348 127.866606 16.80512 5.342954 1.706984 0.023881 0.437635 0.929895 1.685094 11.00151 -69.114247 189.377475 -235.03536 762.320876 -3.980918 742.935027 1.583413 837.562132 6.692983 724.255625 1.668607 763.348134 -3.707704 -673.282462 -0.195368 0.231723 0.172292 -0.000444 0.072551 -0.058645 0.446632 -0.248711 0.216247 -0.08248 0.096276 -0.019128 -0.189283 0.163484 -0.170196 0.08395 -0.367612 0.053927 -0.337855 0.059214 -0.366082 0.07417 -0.412457 0.051532 1.14505 -0.31308
43.58036 132.791329 281.839741 118.541629 19.174478 6.477734 2.035073 0.466221 0.625447 1.924819 2.131246 13.530644 -69.359848 178.951914 -231.895533 764.997473 -2.958059 720.715586 2.592135 803.4242 8.249423 686.571936 2.490056 730.584655 -4.331929 -615.791132 2.7e-05 -0.138093 0.013976 -0.176509 0.078099 0.054595 0.014411 0.279069 0.016722 0.178986 0.026169 0.130718 -0.000218 -0.147577 0.010557 0.002345 0.075803 -0.168665 0.123674 -0.355129 0.081283 -0.503362 0.081936 -0.359312 -0.02427 1.282665
44.01561 131.699081 318.969854 115.000259 34.745622 9.062407 7.799829 0.312397 4.429459 2.664043 8.657269 16.047808 -68.904157 172.969546 -229.307052 737.367317 -2.923705 705.657446 2.579387 786.555549 8.246342 672.204603 2.492634 716.134445 -0.588314 -590.233376 0.001081 -0.002255 1.14842 -0.026852 2.297269 0.216452 1.86666 -0.015346 1.726007 0.059933 2.197643 0.107302 0.000751 -0.050851 0.007264 -0.254096 0.0001 -0.079486 -1.6e-05 -0.089485 -0.0 -0.07596 1e-06 -0.072168 1.727417 0.270837
45.208408 135.609315 329.432084 118.711716 33.481333 31.719101 6.748363 19.37545 3.484874 23.617677 7.86084 49.905946 -66.203391 177.388632 -231.568978 745.45274 -3.460371 713.533193 2.176013 795.934036 7.545939 680.340846 2.082606 726.026649 -0.774762 -450.438739 0.007973 0.028601 0.084412 0.029472 -0.011715 6.872724 -0.038047 14.767347 -0.056571 10.417482 -0.019211 9.35407 0.026997 0.02787 -0.005551 0.022044 -0.022597 0.021853 -0.017139 0.027791 -0.015539 0.024472 -0.01841 0.033927 -0.012812 9.432128
52.284991 138.560357 347.161445 151.28911 35.490127 70.048072 7.512934 61.754615 4.093251 62.374495 8.860552 98.663439 -59.206579 185.663498 -232.743886 751.583609 -3.012662 719.829373 2.660601 801.564148 9.064866 685.661714 2.819532 732.236939 -0.97538 -334.42865 0.257167 0.015882 0.232329 1.972545 0.029259 7.493913 0.02051 11.948465 0.02446 9.229143 0.029911 8.228482 0.195333 0.094315 -0.001487 0.012554 0.015502 0.013828 0.024337 0.009921 0.069593 0.010363 0.055707 0.013224 -0.011536 8.620986
54.461009 139.721569 355.990827 173.937926 36.430723 87.948861 8.040636 76.655947 3.950626 79.100523 9.267226 119.610262 -55.054107 185.874314 -230.325485 754.534512 -2.857814 727.651745 2.732697 804.430261 8.982753 692.627647 2.8331 741.355586 -1.019102 -303.594817 0.022181 0.002423 0.055437 0.78959 0.006151 1.01734 0.008955 0.804479 -0.001265 0.992205 0.004562 1.007415 0.07548 6e-05 0.006315 0.002891 0.002043 0.021137 0.000482 0.002557 -0.000187 0.017603 1.6e-05 0.028214 -0.000479 0.745491
56.603604 143.937076 354.459866 184.346321 35.280015 92.124214 7.843637 78.833729 3.487278 83.329549 8.600715 125.60866 -53.810769 198.680939 -232.876393 756.5956 -2.607656 734.393836 3.198231 799.431024 10.259124 690.289803 3.39366 744.374337 -1.783724 -293.946389 0.020669 0.031325 -0.00165 0.151217 -0.009233 0.048413 -0.001222 0.015252 -0.014446 0.055063 -0.012435 0.073376 0.0071 0.213305 -0.007024 0.001406 0.005728 0.015545 0.018299 -0.007791 0.042379 -0.001976 0.025283 0.003067 -0.106312 0.077901
56.064348 150.442428 341.499932 199.075334 29.336154 84.022045 5.268664 69.640351 1.967099 72.619115 5.980388 112.173896 -55.361106 204.384683 -231.04003 760.83784 -1.77632 741.116227 4.291136 812.079266 11.833345 704.579438 4.451364 758.761127 -4.15112 -324.800784 -0.001291 0.071888 -0.120678 0.283009 -0.27396 -0.186436 -0.25532 -0.284896 -0.216125 -0.368227 -0.237378 -0.379837 -0.011009 0.040359 0.003635 0.00593 0.079545 0.015314 0.080172 0.049637 0.056158 0.073196 0.071629 0.068851 -0.492619 -0.76977
57.207999 158.571518 310.194242 231.051537 12.057104 91.537154 0.01714 77.81149 -0.517705 79.291479 0.161008 119.552187 -56.521973 211.226921 -234.768974 776.705471 -1.72737 753.969106 4.417776 826.604622 12.673477 718.38365 4.76105 772.513091 -18.314122 -320.342112 0.005774 0.106943 -0.752356 1.190223 -3.778949 0.160922 -4.684781 0.226579 -4.503098 0.146606 -4.178855 0.117494 -0.006023 0.056326 -0.014926 0.08188 0.000342 0.055248 0.000921 0.064378 0.014405 0.066959 0.005207 0.061753 -5.02688 0.015407
57.222336 156.957263 300.40358 239.320842 8.782481 79.790907 -0.194436 65.835225 -1.436982 69.07689 -0.014567 107.516714 -57.241816 207.417149 -224.926621 784.52347 -0.904125 750.358398 5.552977 823.67991 14.849599 714.285688 6.362397 768.35023 -25.525327 -339.107543 1e-06 -0.004129 -0.078499 0.072694 -0.258887 -0.403136 -0.327036 -0.500119 -0.229656 -0.352035 -0.272434 -0.319186 -0.002277 -0.017335 0.105377 0.019575 0.132088 -0.004333 0.064834 -0.002592 0.086163 -0.005861 0.11587 -0.005623 -0.597157 -0.26705
51.356229 156.081737 291.154641 247.562476 8.684157 73.979472 -0.122674 49.813395 -1.652662 51.993918 -0.006786 89.379299 -62.396998 207.881817 -234.678204 788.864784 -1.631345 757.629824 4.221267 824.21577 12.20958 714.421099 4.596391 768.7868 -22.846296 -380.951389 -0.158578 -0.001224 -0.072307 0.069759 -0.000277 -0.109855 0.008227 -1.1152 -0.007537 -1.211254 0.001468 -0.837159 -0.111119 0.00026 -0.103463 0.005989 -0.106528 0.017531 -0.091146 8.7e-05 -0.129094 6e-06 -0.143232 6.2e-05 0.074245 -1.216837
52.598792 152.505249 281.434825 233.19868 4.542394 63.360044 -1.819147 45.189695 -4.275704 43.43065 -0.876914 76.872462 -61.812382 205.376395 -237.655975 817.233016 -3.039724 757.075887 2.118682 824.178296 8.87365 712.790165 2.938093 765.740504 -25.468624 -404.329125 0.007426 -0.020726 -0.082504 -0.214623 -0.665204 -0.411176 -0.99702 -0.112582 -0.611866 -0.385005 -0.729413 -0.471102 0.001376 -0.007595 -0.009387 0.250551 -0.217379 -0.000101 -0.358804 -0.0 -0.265589 -0.000932 -0.184756 -0.003024 -0.071217 -0.348054
58.432523 150.647712 295.651157 234.202904 7.33052 57.300817 -0.549884 39.705539 -2.223787 37.358115 -0.151176 69.210611 -57.049013 204.647307 -219.953716 846.487638 -1.578999 774.006461 3.710023 837.860756 11.699834 721.83565 4.789836 774.543499 -24.125176 -430.764661 0.153362 -0.005691 0.175134 0.001079 0.332011 -0.152234 0.368712 -0.177321 0.332399 -0.228546 0.299892 -0.201065 0.095484 -0.000648 0.342527 0.257224 0.23707 0.093611 0.221439 0.05632 0.195041 0.028517 0.225134 0.025156 0.0182 -0.418523
57.417915 148.163717 309.729575 236.270413 20.798707 44.912089 1.869854 23.268567 0.280235 22.140278 1.74909 50.733809 -57.611656 200.189935 -216.048865 840.080968 -1.551898 775.941199 3.810158 844.293609 11.70175 725.859469 4.815359 779.007865 -8.360248 -494.45898 -0.004443 -0.010325 0.163722 0.004543 3.433856 -0.753566 4.447743 -2.182956 4.082862 -1.979038 2.928701 -1.431671 -0.00138 -0.024539 0.017486 -0.012168 0.000117 0.001208 0.000667 0.0123 0.0 0.005592 3.4e-05 0.006415 4.08173 -2.195028
57.15175 148.370128 320.033772 253.649832 32.431365 49.751111 7.287688 25.230645 3.257213 23.807819 6.193314 54.028776 -58.865939 196.312592 -214.479031 840.843008 -1.645551 770.034071 3.894247 837.011086 11.946219 718.543415 4.777868 771.551203 -2.727635 -480.764145 -0.000309 7.2e-05 0.084304 0.308356 1.286623 0.123762 1.774613 0.039705 1.626651 0.030269 1.359802 0.051829 -0.006754 -0.018958 0.002862 0.000173 -0.001372 -0.011286 0.000459 -0.015772 0.001264 -0.018528 -7.3e-05 -0.01793 1.537238 0.096161
54.82477 149.550009 327.297405 302.758323 43.265593 52.156678 14.744863 28.544073 8.403285 27.275402 12.067828 57.987998 -61.432124 195.972757 -216.276011 851.225919 -1.226118 770.722122 4.901095 830.346205 13.182182 712.768205 5.368735 766.333076 -0.535656 -461.18135 -0.024181 0.002336 0.040754 2.171391 0.779344 0.028396 1.300358 0.102179 1.196983 0.117828 0.9707 0.069991 -0.027374 -0.000147 -0.003748 0.031856 0.030796 0.000154 0.05782 -0.013321 0.030414 -0.011651 0.017219 -0.008853 0.845793 0.203583
54.821063 150.182056 324.48193 333.479378 42.461643 52.59261 14.357708 30.535098 7.621478 29.638814 11.11407 61.445719 -62.491482 196.714411 -219.765025 898.957352 -1.579778 783.654242 4.44626 849.237479 11.899171 715.467546 4.681375 770.596864 -0.474466 -453.863439 -0.0 0.000666 -0.006081 0.742124 -0.00377 0.000907 -0.002575 0.033559 -0.019083 0.049093 -0.019628 0.050063 -0.004528 0.0007 -0.013959 0.650993 -0.022377 0.053797 -0.011073 0.106244 -0.032837 0.002551 -0.023533 0.005914 0.001855 0.029262
52.784924 158.090091 314.620029 389.949813 42.394554 70.679298 15.052135 33.263064 8.124109 30.038995 11.247124 64.724612 -63.894636 202.197871 -220.093938 953.474348 -1.73995 869.816371 4.071838 939.439233 11.202672 770.561456 4.120622 822.529733 -0.246768 -496.318398 -0.019266 0.101448 -0.076093 2.207391 -2.7e-05 1.334075 0.0082 0.05835 0.008025 0.001342 0.000396 0.042613 -0.007789 0.03769 -0.000123 0.80239 -0.003866 2.246474 -0.008233 2.275855 -0.010502 1.021643 -0.01788 0.846681 0.036886 -0.948936
50.057478 167.246171 311.443682 387.971049 48.400602 81.419832 20.301385 40.403256 11.3585 34.445734 14.623991 70.727462 -64.504025 209.26092 -215.683246 977.696062 -3.421629 889.102365 2.028734 961.088339 6.608624 787.529585 1.721703 835.50065 0.639221 -492.569583 -0.036173 0.128867 -0.008058 -0.002517 0.198866 0.379697 0.391873 0.346852 0.270353 0.150749 0.221332 0.13308 -0.001446 0.060626 0.022322 0.151906 -0.281635 0.105736 -0.352293 0.123308 -0.602665 0.092397 -0.51523 0.050737 1.680316 0.007106
50.473979 172.586193 302.251696 435.36113 53.380475 102.215109 25.107774 60.690125 14.758736 47.496113 17.79414 86.274604 -63.984 219.851804 -209.805342 1011.424362 -6.575584 878.569237 0.362011 948.499922 2.740131 776.778397 0.293438 826.295675 4.780239 -440.11853 0.000863 0.041958 -0.068843 1.364992 0.121899 1.181254 0.255086 2.056445 0.222287 1.045902 0.155376 0.771675 0.001052 0.130716 0.040602 0.285976 -0.510547 -0.031382 -0.676775 -0.041493 -0.837939 -0.036946 -0.593574 -0.025494 1.923389 1.475998
47.173747 175.214369 285.581291 523.155147 51.645043 124.85846 24.590431 74.8165 14.539503 55.382307 16.600255 96.392531 -65.814044 219.985717 -208.661925 1008.032569 -12.1222 919.289427 -0.283622 1006.586145 0.175468 801.542548 -0.270347 838.070394 11.520462 -435.540112 -0.055785 0.00993 -0.236426 4.029156 -0.014339 1.131797 -0.002693 0.738339 -0.00082 0.302705 -0.020727 0.280431 -0.012902 2e-05 0.001562 -0.002848 -0.841632 0.4612 -1.286488 0.86307 -1.528796 0.194289 -1.127097 0.041651 1.458792 0.011969
48.430546 180.557212 280.613084 578.403232 59.888454 150.288721 31.691916 95.210336 20.257794 68.142104 22.273753 110.925423 -63.238407 219.458785 -204.326998 1006.470793 -20.502874 898.975044 -3.316755 979.028334 -0.704113 777.452669 -2.825541 815.32368 28.515388 -385.258979 0.008261 0.040121 -0.021798 1.386342 0.305051 1.177706 0.449816 1.227498 0.473063 0.660797 0.41624 0.510002 0.025705 -0.000316 0.022751 -0.000605 -1.094775 -0.113484 -1.660579 -0.191243 -1.582573 -0.183774 -1.347887 -0.156477 3.786136 1.541527
45.999907 190.840574 272.761916 597.129456 61.491796 171.347776 33.301061 115.068342 21.764554 85.465659 23.713915 131.582959 -61.832066 217.991858 -203.802839 982.856615 -23.817446 880.424389 -5.09968 959.128977 -1.506781 759.924492 -4.139288 797.213395 34.724615 -335.69437 -0.031288 0.142392 -0.055698 0.149164 0.01059 0.690158 0.019923 0.939761 0.027022 0.979983 0.022556 0.881435 0.007907 -0.00246 0.000337 -0.14016 -0.124117 -0.0967 -0.191014 -0.102158 -0.150851 -0.099926 -0.125026 -0.101701 0.305565 1.705769
46.037753 202.695268 257.346913 652.331191 66.686432 238.26622 39.894268 176.773292 26.260168 136.927135 27.833477 189.832164 -61.663031 221.412761 -205.330186 976.884764 -27.708714 843.933928 -6.89767 905.64834 -2.47099 717.602813 -5.740499 756.410512 44.841853 -227.603167 8e-06 0.178593 -0.224173 1.220014 0.105304 5.503185 0.297553 6.597811 0.210881 6.035979 0.164877 5.322239 0.000116 0.013317 -0.002851 -0.009099 -0.147145 -0.386144 -0.135494 -0.767053 -0.118631 -0.606247 -0.130617 -0.535896 0.645848 10.468081
45.454411 211.96537 246.679832 715.957564 65.56226 330.465835 36.702849 283.956469 23.547138 220.825393 26.080388 276.671295 -62.905441 222.295675 -217.732589 971.615263 -33.964844 843.213758 -9.911752 908.484669 -4.394392 716.924697 -8.415955 752.793956 48.286096 -141.973292 -0.00186 0.103634 -0.11289 1.480136 -0.004778 7.523198 -0.066514 12.640842 -0.073945 9.976805 -0.02851 8.153764 -0.006196 0.000878 -0.181832 -0.007125 -0.31813 -0.000154 -0.272434 0.002217 -0.274935 -0.00016 -0.255119 -0.004333 0.063713 10.056941
44.835667 215.331668 242.267245 712.563259 42.677089 388.377136 15.501377 368.03086 8.903754 289.534606 12.734279 345.997989 -65.58176 223.84226 -226.555338 930.59003 -31.701144 816.718168 -8.541716 887.818211 -3.12404 701.001077 -6.878257 733.766761 22.575907 -89.505005 -0.00212 0.01326 -0.019911 -0.004033 -2.446979 2.336517 -4.499102 5.443461 -3.491754 4.646273 -2.366625 3.871379 -0.027876 0.002681 -0.08761 -0.442451 0.03903 -0.211473 0.050928 -0.118888 0.1081 -0.089416 0.077497 -0.121774 -4.828605 6.024797
44.487365 215.482484 232.718062 692.188491 30.702117 502.634931 7.885794 578.322816 2.695579 466.160675 5.988058 504.365065 -67.011533 220.304268 -222.463134 911.645926 -29.781114 736.888956 -7.568306 802.091923 -2.711259 608.778693 -5.779437 638.166293 10.813654 -9.502957 -0.000679 2.6e-05 -0.095999 -0.147767 -0.983709 7.356218 -1.274671 23.660567 -1.801216 20.930972 -1.257676 14.876853 -0.007709 -0.014092 0.018648 -0.097406 0.029988 -2.052293 0.029435 -2.175776 0.014618 -3.250751 0.047785 -3.334919 -2.140366 40.679163
45.088819 210.312349 237.226046 664.595559 34.052125 592.110707 10.335631 698.44733 3.686204 578.676918 7.080042 607.345946 -66.142492 220.856218 -221.113351 883.889622 -29.281298 752.740153 -7.318938 826.685509 -2.584684 631.374647 -5.630596 656.684583 12.444274 -1.148037 0.002019 -0.03139 0.021622 -0.280608 0.086713 3.662645 0.165439 5.663499 0.077355 6.075979 0.045704 4.779979 0.002836 0.000345 0.002054 -0.214548 0.002115 0.084339 0.002089 0.185685 0.001513 0.205869 0.000971 0.132426 0.057232 4.045013
42.457992 207.02958 239.245606 647.720864 37.783743 636.419188 13.188978 757.232025 4.87674 636.284767 8.386672 663.237137 -68.581204 213.625994 -225.358414 842.923007 -34.513388 766.598092 -10.712089 861.836843 -4.623124 661.40804 -8.04258 681.23353 18.996343 -0.243215 -0.039538 -0.012911 0.00428 -0.108498 0.096988 0.799281 0.173685 1.187435 0.083166 1.366517 0.055291 1.229883 -0.022074 -0.060163 -0.020182 -0.486011 -0.214916 0.063201 -0.322146 0.365927 -0.294252 0.348909 -0.214421 0.225239 0.690287 0.334426
43.692338 205.343339 248.03255 630.129478 37.62651 596.960513 12.258657 714.025733 4.118662 596.254122 7.834725 626.538597 -65.938617 211.204225 -221.752934 817.017482 -33.090512 786.729744 -9.933513 928.247569 -3.919565 718.251058 -7.17972 720.128929 16.073988 -5.673405 0.008843 -0.003448 0.079233 -0.121091 -0.000164 -0.631349 -0.017011 -0.634554 -0.032 -0.650233 -0.009393 -0.522205 0.025959 -0.006903 0.014537 -0.202157 0.014975 0.130462 0.014686 1.232317 0.029021 1.171485 0.024475 0.539883 -0.12197 -3.567271
44.729806 205.977587 252.9578 622.094975 42.399289 570.833518 14.669705 678.296103 4.920168 563.125246 9.509683 598.575045 -63.924655 212.972762 -223.777612 816.9093 -36.702018 827.269148 -12.255297 987.300202 -5.192761 770.573203 -8.870419 770.508676 20.222183 -16.232359 0.006087 0.000489 0.024211 -0.025776 0.142452 -0.292306 0.108155 -0.458521 0.035606 -0.47342 0.081065 -0.319179 0.015618 0.003687 -0.004601 -4e-06 -0.093504 0.509202 -0.121807 0.910456 -0.089385 0.91967 -0.089296 0.851597 0.237822 -2.712771
44.452864 197.910679 246.623666 600.67841 43.408578 518.514273 15.716422 607.348884 6.397023 493.214953 10.582558 531.011059 -66.176768 205.635126 -229.12639 827.106805 -38.505113 827.253204 -13.148185 965.002877 -5.862932 739.751725 -9.768624 748.542269 24.508272 -24.899441 -0.00043 -0.080569 -0.040156 -0.187567 0.005936 -1.257121 0.018034 -1.959073 0.096776 -2.315927 0.028665 -2.022414 -0.019494 -0.064314 -0.031586 0.031627 -0.021618 -0.0 -0.015697 -0.127333 -0.020331 -0.314523 -0.021655 -0.158832 0.205821 -0.923509
42.259218 202.284076 236.800083 613.551305 44.337057 507.97758 16.663505 562.878313 7.906227 449.250024 11.844132 499.072656 -68.959483 210.216412 -232.50634 859.556243 -40.06571 793.811612 -13.949156 897.662705 -6.564859 679.840017 -10.682515 699.148961 28.87987 -23.797059 -0.027752 0.023897 -0.099822 0.068239 0.004912 -0.05408 0.013854 -0.845283 0.079845 -1.026016 0.035512 -0.495254 -0.028654 0.025236 -0.012374 0.312174 -0.0155 -0.344977 -0.011841 -1.217659 -0.019838 -1.264805 -0.02043 -0.842863 0.179282 0.012479
40.517793 205.089231 231.815846 611.20474 41.702253 441.836816 15.294946 476.182625 7.43875 385.678393 11.341712 434.94199 -69.872882 213.861016 -235.225833 875.315304 -38.631228 777.936204 -12.303127 862.728956 -5.910062 657.104386 -10.215375 683.608206 26.609803 -35.944235 -0.01832 0.009658 -0.026507 -0.002248 -0.040353 -2.30567 -0.029316 -3.623112 -0.007122 -2.423697 -0.005444 -2.204249 -0.003005 0.015661 -0.007906 0.071577 0.013075 -0.080177 0.051654 -0.346652 0.017197 -0.193331 0.005222 -0.087334 -0.046453 -1.247975
42.165502 203.086745 235.670874 608.524003 41.08653 464.476091 14.598746 526.145471 6.46386 425.552103 10.329232 467.83851 -68.581056 212.844044 -233.333593 868.224092 -39.086122 758.050209 -13.076765 854.476273 -6.231212 655.463216 -10.225589 674.981703 25.388012 -24.73174 0.016419 -0.004912 0.015895 -0.002946 -0.00229 0.282803 -0.008108 1.246018 -0.034223 0.980532 -0.023665 0.599559 0.006027 -0.001212 0.003821 -0.014421 -0.001331 -0.128735 -0.011794 -0.019831 -0.004248 -0.001026 -3e-06 -0.027388 -0.014356 1.044994
42.393312 200.312997 234.088897 602.84561 40.519538 487.151447 14.654003 564.563369 6.294831 461.305008 10.252214 498.34602 -68.021513 209.428571 -232.800086 852.484559 -39.247941 665.653463 -13.774309 710.36243 -7.051586 541.622547 -10.819221 574.466844 26.671363 -3.221211 0.000307 -0.009536 -0.002664 -0.013309 -0.00197 0.270192 5.2e-05 0.676804 -0.00112 0.720967 -0.000144 0.481761 0.001146 -0.013813 0.000305 -0.071987 -0.000167 -3.001386 -0.009062 -6.650214 -0.025358 -5.425314 -0.008374 -4.049641 0.015821 10.101771
42.470188 198.045285 235.027136 597.384228 41.239496 506.242061 15.452604 586.65901 6.802603 481.039289 10.820162 516.65095 -67.734188 207.451144 -231.931114 837.525908 -36.07876 666.61202 -11.141131 726.448777 -5.453186 549.939638 -9.084509 580.071585 24.437062 -2.304882 3.5e-05 -0.006455 0.000938 -0.012425 0.00317 0.183455 0.010594 0.212063 0.009847 0.206657 0.007655 0.165073 0.000304 -0.00469 0.000812 -0.066202 0.066697 0.000345 0.139534 0.090053 0.102577 0.031686 0.075739 0.013604 -0.048862 0.076502
41.792371 190.700209 238.685579 577.423998 36.661839 516.472672 12.594538 598.157468 5.122318 492.149003 8.97161 528.779395 -67.225268 201.927591 -236.739826 807.276085 -35.57291 673.296846 -10.887182 729.712358 -5.198155 568.507235 -9.027416 599.756539 20.640667 -2.752142 -0.002726 -0.069396 0.014127 -0.169576 -0.134613 0.051172 -0.146002 0.055797 -0.118974 0.063415 -0.086517 0.070356 0.00096 -0.037265 -0.02467 -0.278188 0.001786 0.016675 0.001464 0.003657 0.003054 0.154133 9e-05 0.164229 -0.160149 -0.019817
42.31511 187.57764 239.525957 571.153839 38.882924 512.781701 14.023072 593.440871 5.976686 488.998141 9.937214 526.012314 -66.435072 196.323866 -236.999987 790.687927 -37.373672 656.953437 -12.699102 713.868701 -6.335468 550.71246 -10.084236 581.732709 24.61908 -1.833211 0.001624 -0.012888 0.000738 -0.017115 0.032658 -0.006618 0.038361 -0.009335 0.032932 -0.005059 0.024671 -0.00363 0.002336 -0.039426 -7.1e-05 -0.086102 -0.02223 -0.100401 -0.0697 -0.086947 -0.056211 -0.141471 -0.029242 -0.137486 0.175194 0.093023
42.519768 187.7701 239.242471 573.732775 39.879813 503.610642 14.521327 581.611093 6.215673 475.209182 10.199646 512.289978 -67.045838 196.935675 -235.065973 812.50379 -37.331525 657.475414 -13.261485 704.198668 -6.946111 533.050479 -10.349183 566.232647 26.303284 -1.660471 0.000247 4.9e-05 -8.4e-05 0.002905 0.006309 -0.041377 0.004349 -0.059549 0.002342 -0.098602 0.00171 -0.090682 -0.001397 0.000476 0.003962 0.148439 1.2e-05 0.000104 -0.006092 -0.032971 -0.014045 -0.143927 -0.001718 -0.104647 0.027859 0.004273
40.661107 191.361571 223.16227 582.537187 43.858285 500.67728 16.251576 571.167799 7.137953 453.167209 11.766147 491.105077 -71.245017 200.536865 -233.370377 823.99025 -45.451719 669.867883 -18.60982 719.87559 -11.030156 527.277303 -14.769272 559.33037 35.914402 -2.804939 -0.020768 0.017011 -0.27968 0.033521 0.094564 -0.004284 0.048681 -0.047305 0.031887 -0.261703 0.055929 -0.223666 -0.063768 0.016314 0.003069 0.040312 -0.399217 0.057851 -0.451957 0.086292 -0.470075 -0.015717 -0.391959 -0.021164 0.746824 -0.149152
38.936166 198.449964 212.663122 719.865835 53.979192 475.149025 28.104 480.373849 17.05488 365.967978 19.480433 418.468102 -73.011717 204.955836 -233.139884 910.594321 -48.404915 697.571613 -20.590952 739.541801 -12.445914 538.606757 -16.531794 572.21942 58.639331 -16.626931 -0.018693 0.064454 -0.126482 7.260376 0.524892 -0.333975 1.61289 -3.927074 2.125941 -4.654525 0.967238 -2.904972 -0.010819 0.024079 5.7e-05 2.163326 -0.046473 0.280662 -0.050093 0.132511 -0.042729 0.060213 -0.049662 0.073409 2.771458 -5.773535
40.994964 204.499395 203.730263 911.814383 54.947972 471.594564 40.770186 419.824942 31.175415 307.629188 28.00777 368.474772 -73.579007 207.90992 -234.750435 970.519584 -54.164327 705.179988 -24.30421 755.113561 -15.955892 555.329887 -20.746196 590.593423 91.737656 -36.313607 0.026519 0.045412 -0.095829 11.329611 0.004308 -0.006672 1.174694 -2.03862 2.113358 -2.531053 0.77189 -1.589607 -0.001098 0.010568 -0.002772 0.95474 -0.161827 0.020634 -0.153824 0.081118 -0.217721 0.127832 -0.238992 0.145176 3.687727 -3.796512
40.948952 228.334285 188.317236 1029.872684 89.469539 487.022924 70.12896 444.836661 58.367478 325.081105 53.42412 384.91849 -72.884549 217.027177 -232.456173 1039.817174 -53.868718 793.221601 -23.815933 830.190945 -15.558996 607.885306 -20.377002 644.661137 134.197176 -43.894925 -1.3e-05 0.656757 -0.303092 3.592409 4.186705 0.124163 3.956718 0.361828 4.228642 0.240732 4.068062 0.179473 0.001646 0.097819 0.005633 1.194721 0.000404 2.588768 0.002477 1.778768 0.002499 1.187864 0.001657 1.183853 4.025532 -0.359097
41.024354 238.749583 152.550153 1153.709123 109.041103 532.220161 98.254993 501.862041 89.238309 364.506608 78.774309 421.247712 -74.0088 222.319403 -227.96507 1106.669912 -63.232103 862.742611 -31.035231 890.871817 -22.836126 648.509164 -27.603738 682.362352 202.359701 -40.62516 3.5e-05 0.116138 -1.881707 3.514367 0.967156 1.002605 2.365635 1.719052 3.264316 1.127951 2.453323 0.818989 -0.004302 0.031875 0.021904 1.041323 -0.374949 1.459966 -0.477163 1.070069 -0.695934 0.656931 -0.547358 0.535661 6.974715 0.063271
43.101477 254.443391 142.380246 1279.248295 146.223966 769.636501 141.567346 687.394153 135.023361 471.611132 118.742891 527.354499 -74.163891 231.091947 -223.6003 1173.295654 -73.87928 952.678316 -40.595912 984.434004 -33.12323 715.347658 -36.70841 744.116118 301.898749 -25.294606 0.025647 0.249758 -0.175394 3.241032 2.722617 21.831565 3.943568 14.561285 4.72346 6.888281 4.086187 5.953016 -8.1e-05 0.084873 0.021095 0.973685 -0.41402 2.22907 -0.640904 2.335442 -0.953674 1.638761 -0.647736 1.33732 9.921963 1.807445
43.978762 266.032349 110.310881 1283.391279 160.871446 1002.621664 169.909965 1002.029506 167.830275 741.057975 143.077954 765.923431 -75.639004 235.082057 -199.769247 1215.537528 -91.358064 1116.389661 -61.414793 1207.796125 -52.505849 882.435003 -52.884875 885.542666 408.081387 -6.167412 0.004419 0.129036 -2.043244 0.003349 0.349518 15.38113 1.292187 29.55713 1.782164 30.313508 1.13337 22.194664 -0.007263 0.017077 0.671245 0.373512 -0.927052 6.486854 -2.147007 11.408655 -2.222525 8.760556 -1.472466 6.148302 7.985093 6.481845
44.365875 284.658977 90.921392 1344.470073 164.422082 1176.085813 185.590167 1197.915244 191.814011 932.544062 161.25451 946.735362 -75.394627 231.630479 -179.256471 1176.353195 -108.392401 1197.117419 -85.610476 1323.66891 -73.602528 1008.444213 -69.915488 998.4113 503.054887 -1.484562 0.000848 0.315104 -0.936303 0.709916 0.019378 6.916405 0.345975 8.738306 0.800597 10.99058 0.543291 9.571248 0.000198 -0.012763 0.55548 -0.320984 -0.727653 1.40889 -2.004585 2.653314 -1.777155 4.203333 -1.186682 3.384048 4.963363 1.600228
43.687926 289.188557 86.783809 1262.773839 204.05964 1324.58116 249.329859 1391.055204 265.798591 1174.603908 222.501008 1183.03901 -71.527638 239.318168 -170.037952 1215.599456 -113.675795 1290.429467 -93.153638 1427.914978 -80.927925 1109.313831 -77.124141 1098.891042 640.055875 0.93341 -0.00261 0.017877 -0.048175 -1.280263 2.138108 4.412891 4.696037 7.214275 6.020335 13.949556 4.918925 13.149828 0.050898 0.06275 0.121668 0.321991 -0.06286 1.750762 -0.159217 1.975434 -0.173725 2.403593 -0.176809 2.408327 8.239429 4.772293
41.493739 271.822918 81.042981 1149.769279 201.828336 1501.079261 252.569841 1630.516086 270.385455 1484.612654 227.269047 1482.701114 -68.467672 235.982909 -134.780574 1159.629394 -126.137888 1297.172386 -123.39208 1440.283719 -110.654396 1179.699876 -99.335015 1164.090166 726.984003 17.505122 -0.028265 -0.268834 -0.098217 -2.648044 -0.006133 5.517652 0.010458 9.503637 0.01962 18.132069 0.025274 16.896408 0.033446 -0.011702 2.04592 -0.659533 -0.32402 0.008786 -2.121641 0.026669 -2.320273 1.082424 -1.40342 0.939426 2.766618 10.354112
39.217178 272.461363 79.272692 1130.365112 202.918425 1705.363249 259.440791 1893.054653 278.747463 1779.10855 234.60078 1761.346289 -65.92855 241.862826 -125.209434 1167.938745 -137.152161 1373.479496 -143.950377 1512.27457 -131.827777 1279.492191 -117.32105 1266.901538 793.9636 41.081563 -0.032113 0.000374 -0.009775 -0.082567 0.001468 6.514132 0.046105 9.794387 0.063671 13.313804 0.058196 11.98917 0.023988 0.036178 0.176233 0.014832 -0.230482 1.090364 -0.791626 0.87779 -0.926192 2.025586 -0.74786 2.17502 1.475542 4.953197
37.540565 270.732621 74.46417 1088.876762 199.571236 1834.183942 258.656246 2067.32408 278.277953 1997.390115 236.231935 1976.83246 -63.126547 238.884711 -116.887539 1051.878431 -139.314706 1311.562155 -155.01016 1487.676529 -133.089316 1311.035507 -118.070955 1293.905823 796.261138 71.977345 -0.018313 -0.002751 -0.075218 -0.387843 -0.013918 2.344971 -0.000594 3.836066 -0.000198 6.313613 0.002825 6.215985 0.030422 -0.009224 0.143072 -3.036109 -0.008458 -0.714005 -0.204644 -0.100847 -0.003004 0.192049 -0.001195 0.142387 0.00166 4.303369
36.328407 271.550187 74.097587 1087.344345 197.455623 1915.560658 255.778117 2140.570468 276.801584 2091.035085 235.991058 2074.544645 -60.660225 236.658762 -108.786314 965.78385 -137.808685 1378.801428 -160.897151 1611.646215 -135.479687 1492.304281 -118.737565 1459.432399 799.584728 50.37426 -0.009946 0.000616 -0.000452 -0.00054 -0.005637 0.88312 -0.008051 0.637544 -0.001963 1.072605 -6.1e-05 1.178496 0.024572 -0.00521 0.145455 -1.837685 0.004092 0.840375 -0.054857 2.480322 -0.010638 5.866714 -0.000938 4.980109 0.003461 -1.922281
34.657141 275.551223 72.840081 1105.887223 193.388331 2000.580829 252.026404 2257.001978 272.310656 2233.939859 231.963794 2202.547998 -62.136808 237.737118 -108.316769 962.40167 -141.9522 1432.809867 -168.658679 1684.58888 -143.509193 1581.810634 -125.152549 1546.290291 811.188449 56.138904 -0.019677 0.01463 -0.005381 0.078388 -0.021164 0.923011 -0.013859 1.541609 -0.018365 2.361557 -0.01733 1.915849 -0.008878 0.001226 0.000508 -0.002966 -0.030686 0.518774 -0.09141 0.807176 -0.115571 1.303316 -0.084381 1.25525 0.041796 0.15611
34.71148 279.185597 69.369528 1125.605912 174.999044 1961.484005 228.730301 2204.765715 246.827766 2148.627446 210.897606 2116.160202 -62.611409 239.204212 -107.21421 999.798693 -138.547517 1461.141823 -159.814189 1712.915895 -138.249925 1587.807274 -121.017538 1552.633085 754.53091 42.327906 2.1e-05 0.011905 -0.042355 0.087124 -0.459268 -0.192904 -0.564763 -0.305789 -0.625815 -0.830438 -0.501326 -0.864101 -0.000903 0.002256 0.00282 0.356402 0.020664 0.138689 0.119095 0.118092 0.049089 0.005673 0.034731 0.006491 -1.025448 -0.973379
34.937649 285.032997 75.530907 1151.807439 194.366491 2128.637539 257.318611 2390.0748 277.509291 2367.00427 238.098801 2339.830822 -62.787311 241.565638 -108.513443 1029.69174 -137.184622 1495.406504 -156.071758 1736.567282 -136.084498 1584.455663 -120.619463 1549.186038 802.256688 78.263155 0.000367 0.030301 0.131055 0.150729 0.508109 3.417011 0.841479 3.738262 0.898433 5.283464 0.824712 5.617168 -0.000123 0.005799 -0.003912 0.220164 0.003368 0.198561 0.02217 0.081084 0.008546 -0.001771 0.000328 -0.001915 0.731726 5.478673
34.894188 284.294951 76.110742 1153.035654 196.734141 2167.37307 258.280033 2429.292125 279.045488 2414.4075 239.025866 2387.37256 -61.88321 242.328758 -107.861672 1036.690474 -133.863605 1498.614395 -153.967936 1733.219669 -131.91984 1576.584714 -116.417334 1542.664877 794.692503 88.932267 -1.4e-05 -0.000478 0.001109 0.000327 0.007167 0.174635 0.000896 0.159567 0.00212 0.234985 0.000901 0.239071 0.003278 0.000602 0.000982 0.011852 0.020346 0.001719 0.007138 -0.001615 0.03236 -0.009799 0.03725 -0.006877 -0.017915 0.340757
35.124624 284.588788 75.124296 1155.432658 196.25589 2132.488989 257.096646 2386.245914 278.808568 2352.637236 238.059806 2326.276767 -61.616047 242.922302 -108.136388 1038.592245 -132.894652 1507.323414 -152.20677 1742.644369 -130.442394 1581.968994 -114.902164 1545.685642 790.661278 76.213217 0.000379 7.6e-05 -0.003217 0.001244 -0.000291 -0.141507 -0.001359 -0.192399 -5e-05 -0.400219 -0.000978 -0.395962 0.000289 0.000363 -0.000175 0.000871 0.00176 0.012616 0.005065 0.012777 0.00416 0.004589 0.004962 0.001477 -0.005125 -0.490522
35.118054 276.935872 75.016774 1138.70751 194.499138 2099.196367 254.130113 2358.470677 273.688235 2321.681912 233.355536 2291.516186 -61.66715 237.624642 -108.246496 1030.135521 -133.398996 1496.463736 -153.327595 1724.890018 -131.148949 1566.012098 -115.384476 1531.331074 783.751022 74.148698 -0.0 -0.052153 -3.9e-05 -0.060967 -0.003949 -0.130966 -0.008607 -0.081298 -0.023727 -0.102501 -0.023473 -0.130833 -1.1e-05 -0.029202 -2.8e-05 -0.017285 -0.000478 -0.019631 -0.002056 -0.045453 -0.000954 -0.040442 -0.000505 -0.033483 -0.015165 -0.014174
33.945221 270.756846 72.579654 1129.518997 190.200253 2092.611864 247.542595 2349.260242 268.124009 2315.992563 228.479226 2287.251405 -62.817872 234.619222 -111.886404 1035.941381 -135.069354 1492.430924 -151.668452 1713.741659 -130.69201 1550.324536 -115.618352 1518.312002 773.204403 76.572994 -0.009959 -0.034857 -0.020122 -0.018611 -0.02402 -0.005171 -0.043253 -0.00901 -0.028572 -0.00349 -0.025744 -0.001986 -0.005319 -0.009564 -0.030095 0.008158 -0.005196 -0.002721 0.004513 -0.018072 0.000399 -0.039486 -0.000118 -0.02779 -0.035721 0.019498
33.434996 266.970942 71.514583 1113.294375 189.600483 2054.474954 247.948824 2315.849142 266.40142 2282.231966 226.590059 2248.718115 -62.843243 228.935968 -112.118855 1007.45395 -135.881957 1473.168295 -153.593706 1695.334148 -131.825382 1542.069364 -116.385244 1509.781302 773.025249 72.309861 -0.001932 -0.013328 -0.003936 -0.058686 -0.000474 -0.175359 0.000167 -0.119645 -0.002776 -0.123938 -0.003921 -0.163674 -3e-06 -0.03484 -0.000121 -0.198584 -0.001219 -0.062559 -0.006071 -0.049697 -0.002447 -0.011019 -0.001267 -0.012016 -1e-05 -0.061048
]