01-31-21_Sreya_4K+Depth.lion_above_blue_bed.0000000001 [ 26.499629 236.701218 46.361049 1156.356726 23.823933 1680.036278 16.324031 1982.122713 12.48651 1715.771758 10.144402 1623.948018 -70.478899 116.866725 -153.837647 774.373643 -60.958626 1348.108808 -44.056271 1665.044382 -29.206904 1449.086817 -30.295133 1379.737128 79.887251 11.256041 0.0 0.0 0.0 0.0 0.0 0.0 0.0 0.0 0.0 0.0 0.0 0.0 0.0 0.0 0.0 0.0 0.0 0.0 0.0 0.0 0.0 0.0 0.0 0.0 0.0 0.0
30.746851 252.575525 45.485118 1192.394507 42.450846 1900.700301 44.191124 2247.060118 39.204189 2009.849983 30.935595 1895.780729 -69.823616 127.180187 -165.757788 820.518943 -58.034758 1426.211827 -39.230729 1795.329578 -25.1375 1538.944574 -26.731515 1458.742763 127.126888 31.382027 0.157772 0.257584 -0.004177 0.276487 2.671442 6.805713 6.79822 8.306667 7.440343 11.62452 5.64989 10.512676 0.00153 0.218022 -0.222374 0.667705 0.035928 1.099601 0.13991 2.453528 0.152576 1.351432 0.111455 1.099726 5.461986 5.048847
30.930689 252.930119 43.940429 1239.882091 5.731962 1593.881888 0.256261 1830.144462 0.036928 1509.451291 0.100834 1447.322101 -70.670579 131.218036 -165.674997 816.917648 -59.713624 1423.27176 -41.481991 1779.465569 -27.109334 1541.877204 -28.588067 1460.915817 29.147342 -0.172297 0.000274 0.000124 -0.013342 0.463616 -16.984947 -13.495126 -37.717018 -21.371925 -36.834697 -35.756728 -27.504087 -30.215662 -0.002553 0.031551 1e-05 -0.00396 -0.011969 -0.001517 -0.031403 -0.0352 -0.037222 0.001396 -0.031162 0.000809 -34.530058 -36.204928
30.699541 238.842059 43.207196 1195.208094 3.674747 1549.033315 0.003443 1792.489483 -0.183948 1483.38078 -0.083893 1410.049901 -70.262496 123.119974 -163.80435 789.549304 -61.885086 1397.920478 -44.040922 1759.458154 -28.815427 1536.08762 -30.359108 1450.797211 24.394799 -0.460052 -0.000433 -0.201836 -0.003085 -0.409828 -0.227709 -0.320005 -0.200293 -0.195705 -0.385711 -0.113552 -0.368676 -0.243104 0.000591 -0.128953 0.00531 -0.233145 -0.01939 -0.113906 -0.038291 -0.056557 -0.02603 -0.005445 -0.026611 -0.017582 -0.211341 -0.069266
30.364002 250.384044 37.827428 1220.97614 18.665916 1797.843357 15.512972 2082.49718 15.200869 1850.948711 11.328829 1753.608625 -69.115932 124.304147 -163.397924 807.627529 -61.325841 1424.526339 -42.190238 1792.516232 -26.999367 1548.701622 -28.896882 1464.613857 82.717584 13.462346 -0.000922 0.13617 -0.178775 0.137409 5.776543 9.261203 15.05417 10.867465 18.729164 20.321801 13.3625 18.709771 0.004716 0.002834 0.000252 0.102316 0.001269 0.125403 0.019862 0.153838 0.029553 0.02579 0.018044 0.03274 17.270771 18.899696
32.145443 245.54876 38.174209 1209.622187 15.968895 1743.369504 9.928498 2035.53775 9.456454 1786.153462 7.696135 1687.970029 -69.630602 122.731528 -164.214031 799.598549 -59.615236 1418.109027 -39.647458 1785.08453 -24.998969 1540.637935 -27.376822 1454.292399 65.206136 9.07183 0.02539 -0.023572 0.000791 -0.026519 -0.105169 -0.419006 -0.62047 -0.267756 -0.678473 -0.577212 -0.35004 -0.625994 -0.000955 -0.005006 -0.001016 -0.020055 0.012098 -0.007244 0.039513 -0.007719 0.038492 -0.010524 0.020534 -0.018249 -1.040174 -0.431858
31.147533 250.32991 46.405622 1216.057522 64.248933 2176.916714 102.385658 2582.57688 105.89618 2506.050846 79.843039 2380.387218 -69.248252 119.31534 -170.064768 819.996234 -70.759096 1417.848668 -51.277408 1761.119159 -34.21869 1507.835801 -35.777866 1442.464492 260.508035 126.104151 -0.007867 0.02305 0.401499 0.008536 16.155844 24.046897 48.54784 32.514241 52.06275 60.80199 37.961646 59.356234 0.000526 -0.024109 -0.051205 0.128453 -0.477139 -1.2e-05 -0.746845 -0.08098 -0.722122 -0.176484 -0.561261 -0.024148 65.047929 67.529978
32.390102 255.31428 46.757834 1207.856819 65.470691 2171.38243 91.491196 2576.30238 89.942167 2436.821617 70.777648 2306.718384 -69.412378 122.396905 -172.152584 833.201852 -63.859574 1438.71066 -42.752039 1796.470035 -27.339691 1527.951803 -29.825856 1456.212155 216.458287 105.578694 0.012151 0.024567 0.000666 -0.013873 0.005754 -0.003522 -0.306337 -0.003816 -0.65093 -0.484832 -0.273056 -0.578975 -9.7e-05 0.019644 -0.006369 0.052744 0.176925 0.076181 0.387282 0.175641 0.385563 0.066648 0.270561 0.032601 -2.038441 -0.910996
32.310027 251.097388 42.107698 1207.353908 17.870607 1784.920088 10.813733 2076.788781 8.929846 1816.136984 7.813352 1727.086474 -69.870341 128.095733 -166.323992 838.508388 -59.536289 1439.967048 -38.944832 1801.279339 -25.051209 1543.831422 -27.703976 1463.963592 63.894493 11.052556 -5e-05 -0.017557 -0.121749 -5.2e-05 -14.930744 -18.920587 -39.3967 -26.889315 -42.191515 -45.535702 -31.558643 -41.861912 -0.000753 0.064834 0.050188 0.008422 0.075758 0.000274 0.088759 0.003214 0.050005 0.041045 0.039144 0.010288 -45.146551 -48.310992
31.234882 260.025702 44.42799 1197.220536 68.01586 2098.647218 89.67499 2500.242299 89.461308 2372.544824 69.337561 2244.750625 -65.556855 129.603833 -162.498512 841.907331 -58.385056 1478.442354 -38.44193 1849.684702 -24.455717 1592.539587 -27.052819 1512.529087 207.465739 77.477664 -0.009096 0.077986 0.031113 -0.021352 16.158863 12.692688 38.208024 19.630436 41.862375 37.119981 30.59949 33.879028 0.068712 0.004413 0.022253 0.003437 0.00562 0.253634 0.001634 0.320899 0.003582 0.378244 0.003872 0.396232 41.091535 30.004116
31.581215 269.400957 44.757874 1214.429535 74.162762 2178.511909 98.172414 2571.173302 98.934073 2393.949041 76.063638 2267.055179 -64.887946 131.558688 -158.314326 827.732777 -58.712794 1468.378468 -40.003445 1830.881202 -25.402851 1580.720111 -27.43486 1504.317733 224.600725 84.083904 0.000955 0.083017 0.00061 0.061401 0.132939 0.745696 0.192292 0.49606 0.238302 0.048059 0.155653 0.055133 0.001715 0.007316 0.027287 -0.060169 -0.000459 -0.017185 -0.015543 -0.048033 -0.008997 -0.022012 -0.001339 -0.011175 0.339905 0.135121
32.264237 264.349548 50.827593 1251.969201 106.194854 2241.499406 155.440874 2662.278617 162.206724 2656.783189 127.434669 2540.936394 -64.319136 129.526489 -154.666537 834.875708 -60.115427 1468.161952 -42.493459 1817.756927 -28.096543 1581.477583 -29.385407 1515.257095 325.321016 138.678815 0.003654 -0.023904 0.19291 0.285702 2.867293 0.448825 6.550496 0.793053 7.781196 6.843426 6.59077 7.806988 0.001252 -0.007909 0.021258 0.015344 -0.008279 -8e-06 -0.037587 -0.023604 -0.067857 9.1e-05 -0.033489 0.019816 9.302333 6.793683
32.564562 264.441136 50.918657 1254.815227 107.928229 2321.697708 151.10449 2746.656028 156.195913 2685.669571 123.040689 2564.517851 -64.457838 132.813172 -153.680737 844.871821 -56.02343 1493.623703 -37.135344 1857.648228 -23.789093 1607.037302 -25.839198 1536.236666 301.899059 137.723753 0.000696 8e-06 4.1e-05 0.001616 0.007016 0.704798 -0.030673 0.658168 -0.056741 0.078094 -0.038544 0.05446 -7.5e-05 0.020589 0.001576 0.029744 0.07211 0.109446 0.180475 0.216488 0.179107 0.102447 0.113976 0.07212 -0.43747 -0.00165
32.703894 271.838641 52.808658 1279.396037 113.051768 2378.407529 154.558108 2813.096577 157.64846 2711.92281 125.684558 2590.665623 -64.674511 139.391189 -154.684773 883.48865 -48.307387 1531.926842 -29.568732 1906.590392 -17.641323 1641.233857 -19.9273 1566.592398 280.762575 133.725647 0.000149 0.051023 0.01722 0.119215 0.059404 0.342133 0.019511 0.397005 0.003361 0.063847 0.014052 0.066313 -0.000182 0.079493 -0.001635 0.431463 0.285721 0.242466 0.430551 0.318183 0.458666 0.180009 0.383442 0.148492 -0.383497 -0.029445
32.273447 276.169264 49.338615 1225.623174 54.266937 2139.275103 53.954759 2481.664189 47.906667 2259.266484 39.79261 2147.377981 -63.919175 148.582494 -148.193828 890.842463 -43.261947 1554.93536 -24.83913 1932.291296 -13.599905 1679.12 -16.240453 1601.177814 112.556592 42.963766 -0.001426 0.017112 -0.058957 -0.577212 -10.666566 -6.333383 -25.875023 -10.3834 -31.745895 -20.651419 -24.037194 -20.782401 0.002218 0.146718 0.069561 0.015239 0.139107 0.08575 0.205959 0.086033 0.262505 0.216153 0.188405 0.188806 -37.781948 -25.093141
33.04729 263.640254 59.304721 1177.56088 89.847678 2151.599665 91.318302 2535.262499 93.71792 2386.725776 80.133889 2274.721673 -62.997139 148.763678 -144.163923 885.744172 -42.819839 1551.76844 -26.004011 1932.730186 -14.313814 1691.497726 -16.324922 1616.389212 181.283652 59.6958 0.004584 -0.145419 0.458073 -0.480657 4.461355 0.0177 4.887065 0.286317 7.613943 1.748704 6.9887 1.833945 0.003349 5.5e-05 0.027776 -0.007315 0.001135 -0.001614 -0.013346 2.5e-05 -0.009131 0.022727 -0.00011 0.035957 8.150412 1.372718
34.794546 269.176676 60.563332 1165.016671 95.486445 2105.311761 108.478427 2487.978818 106.022939 2349.273242 86.559516 2238.920039 -60.014862 155.320139 -138.02281 901.574143 -37.672299 1570.962963 -22.416405 1948.660251 -11.848584 1708.968695 -13.659495 1632.333978 188.757958 50.831588 0.022504 0.028765 0.006608 -0.033587 0.085799 -0.251665 0.738288 -0.222545 0.379385 -0.148091 0.123892 -0.141989 0.036156 0.070691 0.066831 0.070103 0.164763 0.058992 0.133091 0.03269 0.116406 0.044882 0.118705 0.039129 0.075493 -0.356025
36.20041 264.283265 60.972681 1146.808675 97.832419 2067.660687 118.329774 2442.931962 118.375425 2311.025336 95.128464 2201.172209 -59.220064 156.378698 -135.729699 918.430485 -42.181875 1575.961393 -26.219438 1954.317937 -15.042955 1704.443535 -16.573771 1626.151604 217.815447 46.079904 0.013921 -0.022444 0.000689 -0.071704 0.014235 -0.169859 0.214046 -0.205769 0.340242 -0.156956 0.202181 -0.160461 0.002649 0.001797 0.009604 0.078061 -0.127436 0.00397 -0.148915 0.004101 -0.190399 -0.003 -0.140786 -0.005865 1.039688 -0.11656
37.426418 270.582492 57.109041 1123.097439 100.716941 1987.811726 122.936116 2339.705117 121.670509 2204.010402 98.362907 2106.652886 -57.62894 161.365869 -130.641182 930.791142 -40.892369 1587.747185 -25.034624 1966.345053 -14.506953 1719.30786 -16.122703 1644.628764 220.202894 30.056181 0.010208 0.037095 -0.063226 -0.123846 0.020954 -0.786157 0.043977 -1.114137 0.022617 -1.268407 0.027036 -1.037064 0.010834 0.039141 0.048608 0.041311 0.010009 0.021953 0.013696 0.018447 0.004862 0.032267 0.003112 0.052191 0.006507 -1.705287
37.86527 255.816344 56.346494 1072.293626 99.356403 1902.479189 123.244409 2257.080134 123.660973 2118.482694 99.45743 2021.094068 -55.960052 162.456345 -126.700765 931.192521 -38.856577 1577.590948 -24.159032 1951.793649 -14.674248 1699.848683 -15.718242 1626.905218 223.532211 23.018469 0.001279 -0.207145 -0.002563 -0.587907 -0.004626 -0.935986 0.000193 -0.742632 0.008075 -0.846237 0.003028 -0.886815 0.012261 0.001836 0.03017 4.3e-05 0.025989 -0.016294 0.007793 -0.027021 -0.00048 -0.055374 0.002569 -0.048009 0.01249 -0.46867
38.53752 258.257139 54.769176 1051.313644 104.038294 1811.49103 131.728906 2151.833295 136.328873 2011.316997 106.857411 1927.368141 -53.598264 183.601649 -116.221266 974.257162 -38.874116 1576.670389 -23.525797 1914.828198 -14.396626 1636.080085 -15.548982 1565.550293 239.329694 19.353155 0.002958 0.005794 -0.011196 -0.103637 0.053893 -1.114722 0.141204 -1.256373 0.308803 -1.390675 0.132752 -1.112558 0.02546 0.646629 0.226145 0.486709 -2e-06 -0.000134 0.004205 -0.176702 0.001326 -0.609546 0.000458 -0.589636 0.269663 -0.15883
39.696564 250.974146 55.108827 1030.563707 99.852878 1762.952875 115.967074 2111.265149 112.741823 1976.935286 91.724298 1887.078844 -51.573919 183.329091 -104.869573 943.360735 -37.174691 1561.25392 -23.32458 1902.806518 -14.179481 1636.452352 -14.901715 1559.486181 206.88681 16.07731 0.008586 -0.052083 0.000525 -0.103409 -0.042963 -0.32957 -0.502001 -0.19303 -1.119365 -0.148201 -0.577456 -0.21278 0.019484 -0.000101 0.291613 -0.248916 0.01899 -0.03787 0.000432 -0.018928 0.000825 2.1e-05 0.00688 -0.005884 -1.180969 -0.151765
38.931554 252.314902 54.158625 1032.043719 87.212111 1724.980622 93.425714 2077.705358 82.574044 1915.855977 67.265348 1823.72665 -51.545158 184.713349 -101.281934 964.114134 -36.47002 1562.653187 -22.803468 1896.060245 -13.157653 1628.880344 -14.421718 1552.886512 161.655308 11.635619 -0.003722 0.001786 -0.004132 0.000531 -0.427584 -0.206703 -1.216837 -0.134434 -2.343867 -0.479208 -1.892646 -0.540825 4e-06 0.002603 0.03122 0.112902 0.003371 0.000313 0.002944 -0.00599 0.019104 -0.008779 0.003929 -0.006997 -2.786183 -0.358262
42.764589 250.084776 63.559659 1056.50293 86.826792 1694.578343 80.303225 2035.101319 67.896657 1806.115338 57.009808 1723.716836 -50.704986 184.658672 -96.699359 958.22191 -35.046846 1579.388103 -21.652053 1922.158574 -13.138202 1645.475863 -13.329598 1566.669308 140.768935 3.740163 0.089969 -0.00495 0.375986 0.143227 -0.000427 -0.135151 -0.496308 -0.220671 -0.71755 -1.618178 -0.423881 -1.410023 0.003452 -4e-06 0.053042 -0.00903 0.014162 0.044566 0.014914 0.089195 7e-06 0.042056 0.021498 0.030448 -0.722101 -2.181978
42.068178 249.844849 66.789271 1057.684676 70.65685 1637.750795 63.985001 1974.408347 50.305243 1749.800534 41.591395 1664.194935 -51.239855 182.312663 -96.067787 942.004669 -34.222177 1576.22216 -21.213832 1922.355615 -12.837092 1660.515127 -12.881337 1577.193008 113.966466 1.16899 -0.002859 -5.8e-05 0.040016 0.00033 -0.83234 -0.484587 -0.925721 -0.459389 -1.316352 -0.445955 -1.21296 -0.522908 -0.001403 -0.007499 0.001035 -0.069203 0.004909 -0.001588 0.00224 5e-06 0.001745 0.034208 0.003833 0.017613 -1.413961 -0.727186
44.691784 244.821617 67.575048 1080.803538 49.546494 1649.071447 37.208242 1982.399765 26.8376 1748.806597 22.728785 1661.163938 -49.113167 190.32588 -89.135074 965.849609 -31.064093 1575.397576 -18.876692 1912.982802 -11.469758 1648.810046 -11.124783 1565.510437 73.397003 1.471837 0.039678 -0.025506 0.002298 0.124971 -1.86824 0.019496 -3.606986 0.00807 -3.656191 -0.000141 -2.828006 -0.001381 0.022537 0.086168 0.129802 0.149016 0.076428 -0.000108 0.068182 -0.011453 0.038489 -0.0207 0.064351 -0.021714 -4.44494 0.017423
46.443106 242.642477 73.636588 1105.89535 34.364798 1664.129771 20.874536 2013.83855 12.251041 1752.753347 10.864223 1664.94053 -49.327018 194.08896 -84.889703 978.215738 -29.514177 1609.338423 -17.783481 1955.797496 -10.810146 1672.047853 -10.024852 1584.644526 46.077314 0.951045 0.016829 -0.004871 0.130156 0.143966 -1.384805 0.03422 -2.34393 0.123668 -2.823587 0.002224 -2.164957 0.002144 -0.000232 0.018419 0.051791 0.039331 0.019831 0.180865 0.016303 0.236916 0.009766 0.081305 0.028621 0.058111 -3.165474 -0.056633
47.122138 245.261918 76.250947 1081.236443 36.279601 1643.727753 24.924758 1995.091332 15.236748 1708.461881 13.136884 1618.825076 -48.707489 199.062804 -84.437077 986.29099 -28.610571 1620.871362 -16.871476 1975.147875 -9.911001 1686.987447 -9.347308 1599.046754 49.725091 0.067908 0.002464 0.007032 0.022802 -0.139013 0.025955 -0.062918 0.179441 -0.043835 0.162634 -0.2834 0.107841 -0.323826 0.001958 0.031464 0.000605 0.016597 0.007024 0.020588 0.012003 0.047627 0.019517 0.033223 0.011852 0.032576 0.069472 -0.510687
46.898226 224.054373 81.722535 987.953563 50.223009 1523.7083 42.603294 1860.25795 27.976803 1624.927445 23.412201 1540.078602 -47.779026 194.985482 -83.764307 954.173312 -23.867505 1611.298314 -13.118722 1982.878282 -6.554325 1704.101505 -6.443237 1610.497853 61.613895 -0.941629 -0.000267 -0.47941 0.094786 -2.103751 1.131169 -2.274686 2.35515 -2.35849 1.92067 -1.046847 1.474116 -0.981665 0.004467 -0.021095 0.001345 -0.265817 0.214783 -0.014177 0.235722 0.007549 0.345782 0.043186 0.269344 0.020428 0.636564 -1.51528
46.71403 218.313014 80.947551 950.861349 51.876051 1490.096034 44.878582 1816.003884 29.370998 1598.908992 24.41921 1518.338479 -46.254658 199.560458 -81.763275 965.31971 -23.298392 1614.255953 -13.060734 1980.079655 -6.082592 1702.377605 -6.07783 1609.669851 62.185729 -1.62185 -0.000181 -0.037259 -0.001846 -0.354845 0.013383 -0.187441 0.029594 -0.26637 0.01695 -0.104995 0.010602 -0.077269 0.012356 0.026526 0.012095 0.032364 0.003434 0.001356 6.4e-05 -0.000988 0.008808 -0.000436 0.005333 -0.000106 0.001321 -0.091896
47.737876 217.075211 81.919811 943.328332 56.176469 1470.435488 49.355321 1790.888913 33.419109 1572.688026 27.554281 1495.158272 -46.927906 201.251751 -79.5524 970.401862 -22.131107 1623.561805 -12.163596 1988.733176 -5.569704 1713.018518 -5.542294 1620.97911 66.275041 -2.998082 0.005549 -0.00176 0.002902 -0.014979 0.085611 -0.065282 0.106398 -0.087439 0.130628 -0.108392 0.094641 -0.089154 -0.002432 0.003568 0.015151 0.006671 0.014999 0.013373 0.015959 0.009434 0.011293 0.016576 0.012347 0.019795 0.065104 -0.209744
50.197288 211.678144 86.999997 943.382887 52.022288 1447.322555 43.321558 1757.725962 28.370402 1533.510135 24.196693 1460.334021 -43.670041 206.598506 -74.364267 983.109271 -18.60892 1627.435616 -9.534826 1995.888246 -3.776064 1721.03116 -3.79297 1625.859581 52.847041 -5.406809 0.030886 -0.03397 0.076409 1e-06 -0.079777 -0.091546 -0.196624 -0.154963 -0.206606 -0.247082 -0.109035 -0.205172 0.058595 0.035048 0.087464 0.041331 0.152541 0.002308 0.159827 0.006424 0.173732 0.009348 0.165366 0.003668 -0.759253 -0.352548
50.429483 214.834717 82.090483 1001.307756 42.837783 1361.785869 30.918723 1611.277977 21.499668 1362.990171 18.573608 1311.78299 -43.778546 209.563931 -73.197374 996.632689 -18.224928 1618.778312 -9.405311 1971.534455 -3.676929 1700.389857 -3.596048 1610.160361 42.958921 -18.63724 0.000268 0.011681 -0.071288 0.862871 -0.445676 -1.302588 -1.043362 -3.184495 -0.475567 -5.0237 -0.37125 -3.983106 -6.7e-05 0.010565 0.004614 0.046189 0.002002 -0.011544 0.000443 -0.074748 0.000659 -0.062265 0.002625 -0.038082 -0.511642 -3.967396
53.523584 221.623719 91.559738 1045.22353 38.043586 1313.396753 21.200437 1523.418879 15.554271 1250.021241 14.607083 1215.635408 -43.666575 213.828242 -72.024483 1015.924584 -18.631296 1620.683712 -9.917251 1953.94853 -4.344927 1679.14247 -3.851889 1590.618955 36.340874 -31.603528 0.046057 0.052804 0.258374 0.471241 -0.142212 -0.437671 -0.914065 -1.231497 -0.480087 -2.443148 -0.237939 -1.829476 7.2e-05 0.021475 0.004737 0.092466 -0.00224 0.00056 -0.006783 -0.039392 -0.027861 -0.066793 -0.004395 -0.059653 -0.276641 -1.702019
50.884551 221.554246 94.682514 1078.330451 35.768276 1229.848816 17.958047 1400.195409 13.902401 1136.329937 13.500251 1122.350295 -45.800904 217.087506 -74.36072 1029.738983 -20.578918 1601.344057 -11.747671 1924.218598 -5.598409 1656.539774 -4.755615 1568.234571 37.145224 -48.875734 -0.033358 -5e-06 0.026182 0.25809 -0.035077 -1.372683 -0.134469 -2.597944 -0.046353 -2.709797 -0.021801 -1.861769 -0.025462 0.012326 -0.018644 0.046645 -0.0484 -0.058042 -0.077463 -0.113956 -0.079325 -0.076579 -0.047574 -0.079312 0.004402 -1.875302
46.570334 226.867745 110.880355 1067.513134 29.503136 521.533927 11.579023 429.891226 11.239949 312.134841 10.933646 370.452685 -48.76512 224.666117 -86.438723 1057.40071 -17.524928 1635.237578 -8.110863 1976.874597 -2.935968 1714.316382 -3.071158 1626.410481 25.665065 -563.443539 -0.09554 0.031482 0.639168 -0.027266 -0.301379 -149.623857 -0.697053 -278.40146 -0.141368 -257.350738 -0.135176 -203.186479 -0.046469 0.065013 -0.454244 0.183314 0.122584 0.177472 0.335855 0.355385 0.425925 0.495183 0.183411 0.529749 -1.058055 -280.423407
47.575262 207.360411 127.133608 874.107055 27.093167 253.644895 9.206486 168.663943 8.560505 110.378376 8.651535 155.480337 -47.285903 222.357709 -81.144105 1085.541785 -13.056211 1662.169346 -5.234216 2023.755807 -1.105847 1771.993754 -1.435068 1683.081747 15.819925 -997.861433 0.005364 -0.438397 0.555591 -9.656668 -0.051334 -47.760323 -0.135849 -60.012137 -0.182132 -51.28317 -0.133413 -45.940904 0.011391 -0.00596 0.08366 0.184782 0.328261 0.109985 0.313731 0.274697 0.438077 0.477139 0.307502 0.485251 -1.185144 -61.653576
51.690286 193.041432 144.45556 767.461279 28.082075 184.791935 9.003595 112.549826 7.840566 68.322157 8.201422 106.252661 -45.407487 213.626517 -76.386696 1082.789068 -11.22954 1657.757823 -4.559038 2029.135017 -0.361878 1787.186428 -1.044933 1699.051578 11.571317 -1156.639694 0.08533 -0.256116 0.55296 -3.467826 0.008863 -5.440151 -0.00113 -5.655445 -0.015809 -5.019345 -0.006012 -4.671141 0.019035 -0.087436 0.071853 -0.001747 0.068795 -0.002931 0.023302 0.00357 0.202527 0.032426 0.030879 0.037704 -0.331503 -5.858632
52.242806 181.263268 167.800393 533.324092 27.22792 101.30545 6.99625 55.247631 4.554941 36.46588 5.859455 68.348173 -45.748359 211.683954 -84.267866 1071.863881 -12.408597 1612.588417 -5.308936 1975.532791 -0.587446 1737.839496 -1.126685 1662.570817 8.41395 -1270.830067 0.001469 -0.185356 0.873874 -21.24547 -0.006596 -12.452139 -0.126421 -10.087454 -0.443383 -4.959633 -0.19641 -4.164039 -0.000637 -0.004436 -0.193428 -0.027698 -0.029424 -0.311951 -0.028535 -0.358747 -0.027188 -0.345421 -0.001539 -0.197953 -0.250984 -2.687297
56.16883 165.061652 188.396258 351.754639 33.915362 58.007199 11.602948 29.628399 7.815018 20.370437 9.375941 43.203631 -39.874506 204.280907 -71.790465 1036.692202 -9.795954 1593.749108 -4.030042 1961.60227 -0.195183 1734.26179 -0.415494 1655.232448 10.480311 -1378.719096 0.071112 -0.379176 0.595942 -18.824211 0.366814 -5.996695 0.579528 -3.958817 0.437324 -2.326651 0.411374 -2.870817 0.201715 -0.065882 0.499605 -0.29336 0.154241 -0.055347 0.087981 -0.024645 0.105401 -0.001843 0.173777 -0.008116 0.113333 -2.197519
61.907595 171.094375 197.131705 318.58823 43.209821 27.732878 19.153212 5.774538 14.782721 3.069978 16.129669 15.860561 -33.678555 215.239402 -60.970353 1023.236204 -8.724955 1589.300603 -3.927676 1953.313874 -0.186065 1742.358238 -0.296357 1661.485111 18.285743 -1599.154489 0.139541 0.054137 0.098978 -0.820986 0.562092 -5.522708 0.941149 -9.242638 1.10102 -7.624374 0.910421 -6.710249 0.261431 0.143151 0.441658 -0.04395 0.030992 -0.003109 0.000658 -0.008774 0.000109 0.009428 0.01004 0.005894 1.079214 -8.17001
45.030684 167.031179 188.569821 187.638707 43.022585 0.676853 19.343743 -5.142641 15.095247 -4.068134 16.502168 0.145405 -44.183596 223.259514 -77.506208 1087.284006 -14.407167 1650.305149 -6.98703 2015.968527 -1.587015 1783.166092 -2.015512 1703.116699 26.471316 -1957.576923 -1.340147 -0.024414 -0.095041 -17.230072 -0.000203 -19.744608 0.000471 -21.816055 0.001635 -14.20609 0.002126 -12.968723 -0.711916 0.07335 -0.99084 0.972051 -0.708752 0.574435 -0.437533 0.494529 -0.686272 0.236183 -0.76615 0.257572 0.754892 -18.105733
41.10896 158.933801 193.699869 126.791758 47.639418 -12.818306 23.404213 -52.672651 17.860152 -48.197853 19.510356 -18.587764 -44.236424 217.831633 -69.379606 1077.027678 -11.52295 1669.576153 -5.333314 2036.656064 -0.961952 1804.180819 -1.12604 1720.937198 27.112003 -2442.150298 -0.089319 -0.10059 0.034424 -5.943567 0.117629 -19.386208 0.193281 -24.898638 0.11619 -24.260608 0.12586 -22.021186 -1.6e-05 -0.033398 0.224978 -0.024302 0.160906 0.055932 0.111491 0.052802 0.077828 0.061553 0.128549 0.046374 0.00383 -26.76618
38.40502 128.964605 194.063468 41.139692 33.28414 -77.311781 11.697795 -155.516125 7.571831 -140.063132 9.888572 -84.619013 -43.677368 207.681113 -69.109292 1049.189996 -12.265795 1658.244439 -6.607108 2020.928738 -1.547913 1806.729921 -1.633013 1720.066688 15.966799 -2952.886986 -0.045988 -1.564092 0.00017 -23.485282 -1.283441 -27.169589 -2.009551 -27.175554 -2.173947 -23.935183 -1.619111 -23.887718 0.001778 -0.121087 0.000264 -0.182241 -0.011601 -0.019293 -0.068138 -0.03048 -0.069359 0.0009 -0.046978 -0.00011 -1.466693 -24.229586
37.68386 119.406963 204.738127 11.41683 27.015939 -115.270091 6.304526 -195.152977 3.51592 -175.770803 6.245548 -116.51144 -41.704716 213.288807 -68.878184 1049.788395 -10.835598 1603.995096 -5.456986 1934.968122 -1.032613 1720.583627 -1.196989 1635.982926 8.359352 -2996.224178 -0.003418 -0.183963 0.142889 -9.212093 -0.326675 -3.777889 -0.826867 -2.247319 -0.768458 -2.025017 -0.416671 -2.544622 0.022791 0.037351 0.000194 8.5e-05 0.044314 -0.4511 0.054948 -0.934061 0.051973 -1.052117 0.033791 -1.053499 -1.220126 -0.15785
43.722208 118.72529 204.556337 0.751219 28.094584 -129.055493 7.370046 -199.243062 4.234135 -176.17148 7.442197 -125.016957 -36.099635 217.821341 -64.756696 1037.709591 -9.253368 1593.80812 -3.981536 1927.898593 -0.557926 1723.962577 -0.587903 1632.03827 7.866039 -3002.337375 0.224258 -0.000976 -4e-05 -6.310903 0.010557 -0.389212 0.041576 -0.021209 0.033351 -0.000228 0.052409 -0.149809 0.20216 0.023827 0.063571 -0.034946 0.062406 -0.016226 0.116036 -0.006469 0.072485 0.001657 0.10714 -0.002381 -0.007501 -0.003115
43.360249 103.842865 202.637398 0.02948 23.273253 -118.57528 4.562729 -178.075427 2.479618 -157.773203 5.370986 -113.686853 -35.283024 204.139003 -59.207634 1021.200928 -7.437645 1630.240998 -2.717426 1988.936259 -0.147252 1793.022996 -0.162492 1684.74056 3.835389 -3014.546134 -0.000752 -0.498128 -0.004522 -0.483069 -0.226763 0.221871 -0.334926 0.594222 -0.233309 0.507201 -0.16851 0.269044 0.004671 -0.221888 0.12426 -0.066186 0.099055 0.205859 0.120351 0.475617 0.131921 0.678109 0.132238 0.418736 -0.716107 -0.012386
41.617077 102.534863 189.833313 -0.009961 21.590553 -115.999523 4.163322 -164.446655 2.126106 -147.071576 4.716571 -104.707517 -37.863583 192.591433 -61.883961 978.913454 -9.298243 1573.327013 -4.447555 1920.925335 -0.585214 1730.426674 -0.437391 1633.570318 4.942219 -2886.451329 -0.017881 -0.004145 -0.208918 -0.073713 -0.031568 0.014142 -0.009146 0.271248 -0.013587 0.187899 -0.02125 0.184672 -0.045534 -0.168092 -0.029579 -0.447082 -0.103747 -0.505601 -0.212024 -0.59156 -0.145358 -0.556076 -0.066694 -0.394561 0.070064 1.390461
41.214084 102.16329 193.597931 -0.014666 25.093082 -107.217975 6.490134 -153.880381 3.703424 -132.802594 6.724384 -92.532052 -38.900878 187.908321 -61.683439 990.036842 -8.537413 1570.877207 -3.702174 1910.698478 -0.379323 1721.666954 -0.266897 1630.54593 6.453227 -2810.799694 -0.00098 -0.000337 0.018481 -0.000454 0.131577 0.172803 0.257203 0.175412 0.217446 0.363978 0.177557 0.37615 -0.007009 -0.02882 0.000163 0.03142 0.016235 -0.000954 0.034158 -0.013648 0.022231 -0.011114 0.020948 -0.001401 0.100622 0.502297
42.665097 105.01288 199.287067 0.292006 28.654649 -110.046952 8.126215 -156.992772 5.110804 -136.218449 8.315396 -96.126304 -39.59767 189.532287 -62.400059 996.348198 -6.720753 1523.052023 -3.019069 1844.181434 -0.134921 1643.604269 -0.071567 1571.754484 6.906518 -2726.161399 0.012551 0.019598 0.041193 0.437552 0.118133 -0.018419 0.091856 -0.015581 0.113085 -0.021687 0.084391 -0.034241 -0.003093 0.003494 -0.002069 0.010027 0.108533 -0.369657 0.034803 -0.589215 0.06179 -0.905514 0.062051 -0.539725 0.007692 0.646931
42.653301 112.181093 194.379704 1.776495 33.953521 -111.069133 14.208112 -163.404476 10.523908 -137.920381 13.214382 -97.557528 -38.573124 191.153021 -61.840081 998.833407 -3.944361 1469.803583 -0.271834 1758.291518 0.43194 1542.652703 0.209027 1489.79924 6.691719 -2603.098421 -1e-06 0.118321 -0.030588 0.628019 0.224639 -0.002363 0.844034 -0.064161 0.966974 -0.005283 0.564777 -0.005288 0.006714 0.00345 0.001262 0.001548 0.367721 -0.473732 1.47907 -1.024036 1.049679 -1.599648 0.525212 -1.097133 -0.001697 1.421071
43.617198 121.052752 200.448923 22.187448 48.895571 -107.721816 25.567413 -169.741333 20.849625 -154.30497 22.909929 -101.093458 -38.674993 192.125766 -67.701227 1004.373308 -2.515582 1307.296327 0.087974 1527.631693 1.967208 1280.476751 0.852444 1263.0706 10.008157 -2323.789993 0.005385 0.168789 0.04665 11.407528 1.358558 0.025607 1.656518 -0.060273 1.7479 -0.45969 1.325429 -0.031472 -6.7e-05 0.001234 -0.132663 0.00766 0.159986 -4.758787 0.669094 -8.105737 0.555547 -12.200126 0.217235 -9.352667 0.332619 7.923457
46.560247 121.477356 210.147369 53.659461 54.59283 -94.063094 29.287136 -171.228813 23.844448 -166.103947 25.405675 -105.395009 -40.96131 193.217121 -71.937351 1014.70565 -2.253117 1138.565916 0.3192 1291.657281 2.267572 1040.889939 0.984768 1040.214686 11.405696 -2038.609008 0.048038 0.000372 0.114557 6.837736 0.156942 0.462807 0.126264 -0.003245 0.10045 -0.217321 0.064502 -0.04481 -0.032826 0.001545 -0.064269 0.026437 0.007228 -5.826965 0.072024 -9.892883 0.010666 -12.396905 0.004771 -10.806638 0.045653 9.331479
46.828208 123.066277 212.94919 91.627222 51.886913 -46.086661 26.374834 -125.586683 20.924864 -128.33911 22.93841 -72.280669 -45.021405 205.763868 -77.58221 1155.367622 -1.886166 1006.667462 1.086595 1061.735677 2.227344 818.820149 0.964145 841.012916 9.498364 -1595.50068 0.000384 0.005162 0.009277 5.04878 -0.034388 8.467502 -0.07624 3.530252 -0.0953 2.431874 -0.063 3.113119 -0.095912 0.197327 -0.106594 4.563582 0.016297 -4.05869 0.227931 -11.258361 -0.00018 -13.306389 -0.000109 -10.576393 -0.087196 27.115339
46.898308 115.217558 224.828479 117.815847 41.973438 -7.844305 18.107889 -46.636333 12.884717 -46.939054 14.937746 -18.444981 -46.917209 220.129311 -78.604744 1228.785508 -3.388611 872.090467 0.122047 851.212877 0.261693 656.836723 0.016997 696.056903 9.473893 -1054.952624 2.6e-05 -0.129298 0.161205 1.643755 -0.524996 15.903722 -0.77494 19.162212 -0.969913 20.047801 -0.854641 17.699201 -0.019548 0.242343 -0.003347 1.130688 -0.218501 -4.82613 -0.480314 -11.619461 -0.962104 -8.917436 -0.725113 -6.850429 -1.6e-05 55.706589
56.147345 128.491152 249.333718 206.786258 55.303822 8.223952 29.167135 -0.473678 20.55432 -0.429581 22.453615 2.948421 -42.813443 238.237792 -81.843601 1236.772787 -3.130691 839.790758 0.305779 803.800491 0.442943 625.259158 0.045365 675.058203 14.962567 -658.466763 0.415921 0.361742 0.633653 12.43101 0.917693 32.132028 1.311767 37.70988 0.891435 38.387735 0.763153 36.142444 0.09389 0.357841 -0.032694 0.012938 0.005104 -0.304742 0.041462 -0.679268 0.02371 -0.388931 0.006826 -0.160808 0.624382 46.504585
60.430742 130.595472 256.56898 255.280947 58.931948 44.149767 30.830063 18.825374 21.681435 15.116768 23.941789 34.392267 -40.406969 225.630152 -81.951859 1170.40114 -2.863913 719.463689 0.283298 669.049281 0.591221 506.981676 0.119981 556.795579 15.112064 -347.010757 0.078718 0.008546 0.051741 2.551844 0.057629 14.26411 0.02305 25.271379 0.015042 20.642969 0.023873 17.200889 0.034801 -0.171366 -3.6e-05 -0.915188 0.005939 -4.64973 -0.000429 -6.177156 0.010685 -6.194768 0.017793 -5.689971 0.000372 49.454403
58.002297 140.551489 273.481987 277.046282 61.153212 129.544534 31.163901 104.841375 21.873359 92.95395 25.868596 125.792901 -36.722423 235.831488 -82.180263 1154.012623 -1.088373 688.439233 2.124516 625.18598 2.225227 489.142479 0.90122 545.779367 10.145352 -155.63318 -0.0249 0.182845 0.269901 0.445147 0.020546 22.441387 0.000899 34.814555 0.000423 33.099702 0.037281 28.635891 0.088057 0.112772 -0.000159 -0.057775 0.421277 -0.341868 0.856207 -0.743505 0.522455 -0.15975 0.36354 -0.055035 -0.493151 37.858448
54.733849 133.559447 272.100701 244.543122 60.650615 147.77857 31.511147 136.082134 21.19086 126.736461 25.285584 161.115649 -36.31975 227.401335 -86.404369 1112.495628 -1.132273 647.554464 2.171637 586.083265 2.44724 462.134175 1.016541 516.086825 9.235445 -104.848943 -0.047389 -0.089191 -0.001749 -1.013712 -0.001037 0.600095 0.000962 2.034095 -0.005409 2.612962 -0.003322 2.182683 0.00111 -0.076715 -0.052929 -0.380278 -0.000434 -0.625735 0.000258 -0.63133 0.005277 -0.383482 0.00347 -0.415222 -0.021371 4.998469
54.327591 121.564746 276.268624 215.756257 66.469084 138.599369 37.084038 133.061675 24.272161 121.505869 29.504625 152.467933 -32.816681 213.55317 -87.080295 1064.46813 -0.435457 603.514454 3.395406 548.15808 4.397778 435.813196 2.200012 490.11847 8.006582 -97.084946 -0.000757 -0.282122 0.01584 -0.901039 0.13323 -0.147147 0.226755 -0.016949 0.104539 -0.055112 0.162682 -0.119262 0.088805 -0.217504 -0.001317 -0.529848 0.16337 -0.775386 0.136172 -0.634222 0.283793 -0.385848 0.225632 -0.335154 -0.043847 0.149311
56.652809 124.207209 266.065599 227.639947 60.326579 119.356166 32.284317 107.725404 23.913595 101.270417 25.755007 131.769477 -34.019264 213.375952 -91.126567 1003.879211 -0.049951 558.455173 5.551053 510.960782 8.016975 400.616263 4.564703 454.923597 4.238355 -99.043901 0.024361 0.014206 -0.095984 0.159279 -0.148872 -0.718762 -0.16625 -1.336686 -0.001334 -0.920928 -0.127361 -0.754643 -0.01082 -3.7e-05 -0.045942 -0.887618 0.190441 -0.873991 0.263584 -0.653404 0.539253 -0.740871 0.426765 -0.655584 -0.594231 -0.009783
50.845485 120.927134 219.83245 210.794699 31.956172 83.31203 4.755472 63.39606 2.755763 61.869895 6.925108 88.707795 -43.971924 203.719203 -101.859456 986.343591 -0.035405 572.53585 5.412452 531.18496 8.299093 406.701722 4.796426 457.179773 -1.490269 -151.317191 -0.156978 -0.021946 -2.204541 -0.323728 -4.469164 -3.230943 -12.258573 -5.841505 -10.433571 -4.829351 -5.970102 -4.246102 -0.637649 -0.111803 -0.298685 -0.077254 0.001248 0.087655 -0.000876 0.196257 0.002439 0.022936 0.002868 0.00279 -10.755069 -5.517919
50.438668 114.840453 190.744495 213.394323 3.290354 91.011611 -1.663906 76.141581 -2.997153 71.304496 -0.80918 98.093056 -42.631504 187.506625 -98.028897 957.20702 0.652976 577.562078 12.769229 570.856588 17.304153 455.103631 10.994651 496.457969 -34.704527 -166.125265 -0.000817 -0.078581 -1.031687 0.007966 -14.738272 0.170122 -12.045269 0.583314 -11.500765 0.334613 -12.468698 0.235916 0.010374 -0.336073 0.036707 -0.218411 0.992478 0.010983 1.554855 0.714287 1.63587 1.360281 1.2673 0.809234 -21.811601 -0.345572
40.40587 126.600081 143.502624 217.971706 -0.711781 96.622182 -16.809225 84.672919 -18.348395 78.223613 -11.857572 104.135043 -48.511259 186.891564 -104.341827 964.950848 0.072008 603.426601 9.089324 596.614399 12.906121 472.164914 7.838096 515.831073 -62.031561 -166.021799 -0.555707 0.286553 -3.355381 0.024287 -7.06286 0.083902 -7.89599 0.226457 -6.514102 0.16017 -6.471621 0.090279 -0.189854 -0.000505 -0.09849 0.015599 -0.291304 0.28326 -0.311984 0.284181 -0.321849 0.156973 -0.266419 0.185397 -3.940054 1.6e-05
37.167096 138.697346 139.922156 296.523043 -0.062063 175.456985 -10.1633 155.933139 -13.030078 142.377259 -7.809437 174.692455 -48.937925 191.121048 -113.5098 978.416898 -0.000196 635.716117 8.82142 607.204938 10.778676 489.317426 5.61543 539.939282 -47.51082 -103.801992 -0.067641 0.275954 -0.022617 6.031836 0.353487 11.671512 0.831584 10.794709 0.453983 9.534403 0.42113 9.074972 -0.000934 0.023662 -0.192996 0.046655 -0.079708 0.420771 -0.002004 0.046586 -0.095741 0.15301 -0.184874 0.275288 0.966687 7.271751
44.403123 140.7077 150.786817 341.470083 2.394398 189.810566 -1.422173 164.317544 -3.077805 148.004363 -1.158349 183.385184 -48.149223 196.95826 -112.546917 1025.616879 -0.070736 654.773493 6.123292 616.724352 8.510093 492.715373 4.390157 548.140217 -21.8236 -100.630762 0.321585 0.007232 0.203093 1.585244 3.22744 0.282129 3.981798 0.109774 3.442333 0.054527 2.952454 0.105528 0.003204 0.043902 0.002051 0.555916 -0.063493 0.140723 -0.245579 0.03702 -0.13387 0.005879 -0.075306 0.030906 4.933888 0.024598
52.656863 144.754734 174.699309 378.38319 8.632961 239.123004 0.091398 215.46446 -0.118539 189.761134 0.105215 227.03054 -44.511261 206.140752 -100.568409 1067.215194 -0.009 627.426322 6.248394 579.967224 7.984571 460.574566 4.43881 516.106866 -10.048853 -59.068749 0.351576 0.028689 0.879578 0.94705 1.934341 2.844036 2.234635 3.45985 1.988306 2.59106 1.961777 2.327315 0.071443 0.104601 0.336902 0.413457 0.029273 -0.291668 0.000633 -0.564642 -0.008374 -0.541978 0.000134 -0.482204 2.254746 5.503101
54.671161 145.509345 201.574466 369.760432 11.766453 227.655145 0.472936 207.053851 0.002236 177.859703 0.537888 215.018395 -43.311908 212.326002 -105.467319 1062.255855 -0.28028 653.57219 4.328072 616.753661 6.047026 481.914784 2.896282 533.879378 -5.816725 -74.238082 0.018904 0.000981 0.960999 -0.049693 0.2421 -0.140893 0.14852 -0.083719 0.153332 -0.1927 0.167314 -0.163238 0.00819 0.045714 -0.058249 -0.005775 -0.188829 0.266853 -0.175793 0.565529 -0.134416 0.241628 -0.164026 0.150423 0.574873 -0.865891
57.612516 149.431002 233.77921 374.400518 25.854865 260.741765 6.216283 260.130477 2.5036 221.932176 5.325278 254.596868 -41.162671 217.195802 -111.617478 1068.943237 -0.935784 681.453836 2.642616 656.184143 4.739083 518.739465 1.982519 567.00945 -0.353628 -62.070202 0.038532 0.026073 1.192787 0.014466 2.737508 1.122021 3.259989 3.024799 2.356211 2.436668 2.478257 1.670779 0.027345 0.027607 -0.087137 0.010492 -0.191796 0.291182 -0.206833 0.610845 -0.079595 0.677815 -0.086334 0.49862 3.301933 0.544184
53.50248 146.256257 227.672323 377.194777 30.274993 255.15773 9.303151 249.121245 4.688445 214.634001 7.654951 248.912343 -43.89066 219.584806 -115.871905 1095.65459 -3.942172 721.403657 0.156322 696.624392 0.913284 556.600098 0.096028 610.565374 1.463187 -79.959028 -0.076039 -0.017044 -0.040411 0.005194 0.174309 -0.030221 0.310092 -0.119015 0.339895 -0.061007 0.210774 -0.03209 -0.04376 0.006533 -0.039786 0.164817 -1.03659 0.56895 -1.513483 0.604586 -1.491535 0.666707 -1.205901 0.805795 3.25546 -1.131068
54.652785 145.062546 216.71785 356.501467 23.938114 221.844632 4.249013 217.317569 2.136862 186.03598 5.09115 219.958224 -44.84824 223.779306 -117.638903 1092.024604 -5.793919 739.099518 -0.027798 755.0261 0.354795 586.999625 2e-06 618.227837 0.750222 -112.117908 0.006117 -0.002446 -0.135038 -0.291877 -0.371627 -1.164689 -0.977712 -1.085514 -0.494885 -1.021902 -0.260509 -0.894854 -0.005167 0.019842 -0.006686 -0.003012 -0.177718 0.107208 -0.315958 1.175262 -0.129609 0.404116 -0.09516 0.023891 -0.117971 -2.711269
54.793308 143.489129 210.911889 356.80224 16.058411 220.771189 1.396769 210.227474 0.509946 182.850263 2.177341 219.792153 -45.102508 222.002774 -116.327958 1060.680756 -5.709922 770.259031 -0.063283 808.035131 0.373435 647.609979 0.002403 673.732908 0.010611 -142.228725 9e-05 -0.00429 -0.039416 6.3e-05 -0.78387 -0.001302 -0.773456 -0.058793 -0.559049 -0.013756 -0.609611 -3.1e-05 -0.000359 -0.00354 0.003673 -0.228199 0.000307 0.321666 -0.007197 0.899122 0.000239 1.488661 0.002267 1.192852 -0.582386 -1.788623
54.833995 140.958242 191.63236 380.480024 6.634499 217.67006 -0.172371 212.82987 -1.072611 181.248021 -0.053954 218.668955 -45.120243 218.725104 -116.097603 1080.635416 -6.532629 812.375011 -0.178009 827.418476 0.108488 652.972105 -0.04564 685.280786 -1.863347 -146.179715 8e-06 -0.01126 -0.461954 0.380304 -2.049314 -0.010967 -2.550492 0.008004 -3.061712 -0.003525 -2.916789 -0.001439 -2e-06 -0.012188 0.000114 0.09298 -0.027675 0.56048 -0.029019 0.114869 -0.079365 0.011054 -0.068989 0.049063 -2.15519 -0.027064
57.087016 139.41005 198.71421 480.141211 11.126095 250.750216 0.275917 237.275163 -0.009196 190.104006 0.156857 227.134192 -45.000491 213.959088 -113.895656 1092.451673 -6.370819 831.495816 -0.09304 866.707321 0.183937 665.746042 -0.012939 692.106948 -0.275388 -144.34182 0.022679 -0.004275 0.064246 5.789931 0.577339 1.169531 0.884454 0.664305 0.883176 0.105614 0.3948 0.080379 8e-05 -0.02625 0.010541 0.032126 0.001015 0.111206 0.013663 0.455639 0.009901 0.06187 0.009977 0.016915 0.706055 0.005813
57.354476 143.618532 200.654124 579.360771 15.337611 306.054599 1.097421 271.080697 0.466881 205.972455 1.231477 247.386571 -46.635234 212.058581 -110.448148 1121.95216 -6.135436 851.904095 -0.058717 875.186225 0.200267 676.409914 -0.008856 707.385939 0.05559 -135.86563 0.000313 0.031291 0.004712 4.656055 0.337266 2.753349 0.272798 1.125275 0.607124 0.318005 0.509321 0.432379 -0.014583 -0.004239 0.026491 0.196513 0.002215 0.123712 0.003932 0.020636 0.000347 0.042365 0.000386 0.083407 0.578435 0.12823
56.152883 157.846245 198.033709 590.78812 19.560358 308.891475 2.45676 278.830066 1.399059 214.651204 2.313088 254.272851 -48.306103 218.925959 -99.095931 1154.470074 -5.754617 882.692468 -0.048957 908.851022 0.165425 707.103151 -0.009351 732.810758 0.602322 -142.573907 -0.00636 0.335928 -0.008612 0.055799 0.256424 0.006544 0.27022 0.054605 0.249532 0.089544 0.169056 0.047266 -0.014704 0.054716 0.307734 0.232266 0.0061 0.273262 0.000443 0.317656 -0.001664 0.340507 -7e-06 0.224439 0.291945 -0.080821
53.06005 168.439609 189.394782 742.849249 30.483047 329.503706 9.116029 279.417597 6.632227 205.897697 7.457441 248.969898 -51.671647 225.078166 -97.736287 1192.265872 -4.132658 1014.758054 0.047751 1082.338988 0.784699 845.788047 0.111371 857.41235 2.854338 -217.070117 -0.043802 0.17201 -0.096328 8.697353 1.206562 0.332846 2.107929 0.000309 1.939036 -0.09111 1.463973 -0.027941 -0.056663 0.042625 0.004696 0.304383 0.133945 4.601568 0.193407 7.572209 0.229545 6.205201 0.185267 4.889081 0.834271 -7.800112
52.832657 190.328018 181.361425 891.390663 39.37665 359.635615 15.218908 292.957499 12.632007 209.195912 13.098867 253.911523 -53.762247 235.366635 -97.550758 1200.874131 -4.682072 1218.183127 6e-05 1375.245478 0.619067 1101.784426 0.064826 1082.328595 7.6582 -350.79536 -0.000244 0.668328 -0.087042 6.764708 0.56842 0.659059 0.777687 0.16017 0.958132 0.013104 0.789262 0.02428 -0.020729 0.11496 8.8e-05 0.015482 -0.017139 9.285507 -0.044421 17.517419 -0.009806 16.897878 -0.006259 13.083836 1.161796 -15.969871
48.538953 208.672429 165.362894 971.501933 37.965025 393.875241 17.466439 315.472424 15.21821 218.072301 14.73905 267.105161 -53.865437 233.534578 -95.088937 1189.099325 -6.075156 1249.561458 -0.16785 1427.066203 0.266623 1168.807278 0.000166 1148.654716 11.456177 -377.15785 -0.090973 0.421924 -0.369298 1.723338 -0.012883 0.778328 0.077365 0.416725 0.120339 0.092212 0.048361 0.167077 -4.9e-05 -0.003579 0.015731 -0.029006 -0.090585 0.199502 -0.174267 0.479179 -0.073145 0.989399 -0.058435 0.986141 0.381124 -0.477509
43.044989 209.068169 153.703127 1031.230079 34.864689 420.657899 17.736961 327.735461 17.218915 224.421391 15.622282 274.856098 -47.622223 220.414691 -84.059146 1109.861222 -7.505699 1298.051839 -0.799915 1525.058521 0.00985 1268.290467 -0.103323 1230.283007 16.405095 -425.6945 -0.164935 0.000187 -0.213115 0.890844 -0.06602 0.440439 0.001039 0.116911 0.06176 0.045552 0.01285 0.055428 0.192214 -0.189633 0.339863 -1.365953 -0.075553 0.461516 -0.234919 1.626818 -0.173979 2.031316 -0.111768 1.400865 0.443054 -1.468491
43.831092 215.817022 128.075294 1119.127508 40.893626 472.226826 24.603349 370.948794 25.067978 243.886068 22.135314 297.305251 -47.733428 212.771005 -77.367213 1076.923811 -9.894383 1348.66058 -1.832162 1628.122184 -0.18843 1401.543092 -0.462493 1340.894095 29.603163 -476.127088 0.003557 0.053603 -1.16785 1.797187 0.240276 1.490436 0.560476 1.337644 0.734835 0.404689 0.565978 0.440574 -6.5e-05 -0.067443 0.138767 -0.248066 -0.164739 0.483898 -0.210859 1.6848 -0.284445 3.327424 -0.128615 2.380326 1.933653 -1.411276
45.035844 218.573774 109.456894 1232.540697 41.665848 477.522085 26.908111 363.07133 29.291942 236.801184 25.28963 292.935565 -48.013536 201.657153 -72.301397 1043.247735 -11.093295 1403.827222 -3.425522 1713.596081 -0.533608 1468.125867 -0.671494 1398.188584 37.732613 -525.683321 0.008167 0.008748 -0.730804 2.736364 0.003612 0.014762 0.051586 -0.042271 0.164357 -0.052215 0.105016 -0.016175 -0.00041 -0.149049 0.085756 -0.267466 -0.034272 0.552893 -0.24725 1.093297 -0.087852 0.772539 -0.019427 0.599291 0.492536 -1.226442
46.470285 220.358503 85.853914 1229.811192 48.332371 482.914845 36.831441 368.813748 41.925645 240.972552 34.19021 291.703903 -47.462968 206.07067 -69.407312 1057.40885 -10.96615 1458.043958 -3.978207 1758.637194 -0.812244 1523.780194 -0.873356 1452.191511 54.409029 -552.829973 0.011244 0.003628 -1.431436 -0.001513 0.247247 0.01514 0.777198 0.022528 1.129541 0.01821 0.669713 -0.001297 0.001587 0.023888 0.029556 0.047733 0.000366 0.513601 -0.020658 0.292144 -0.029159 0.517675 -0.013245 0.511612 1.52167 -0.341701
47.807623 229.822899 85.052775 1241.016119 60.825045 496.785392 52.352248 372.235308 58.331054 242.44559 48.168664 293.345811 -44.888245 218.709942 -72.168772 1069.424829 -10.949734 1543.672407 -3.939557 1876.674315 -0.633287 1642.89874 -0.755834 1558.705991 71.120051 -623.102587 0.009486 0.099498 -0.001878 0.025407 0.717227 0.098194 1.360942 0.007899 1.351349 0.002244 1.194923 0.002304 0.035898 0.188081 -0.026934 0.033944 6e-06 1.221588 9.4e-05 1.916815 0.01112 2.241189 0.004244 1.884635 1.117297 -2.10159
48.775485 224.827049 79.112451 1297.597475 69.549305 526.988416 61.725203 397.089882 70.158164 252.437905 58.566599 304.659119 -47.821678 217.746574 -77.538588 1107.027052 -10.952693 1622.804165 -3.656898 1969.729119 -0.52902 1718.587747 -0.662489 1627.700847 82.871611 -653.700043 0.00485 -0.027449 -0.107511 0.630629 0.292228 0.445617 0.385708 0.401593 0.545486 0.100889 0.50768 0.107025 -0.04642 -0.001063 -0.096335 0.324848 -0.0 0.988925 0.005261 1.125787 0.004686 0.852235 0.003075 0.747056 0.449053 -0.366673
49.15361 222.859989 80.499531 1281.436513 86.997995 526.558995 84.35943 396.174537 91.802806 252.206128 77.468588 304.799585 -47.605155 210.933616 -72.086968 1110.369025 -9.099966 1619.015736 -2.649509 1962.836348 -0.192632 1720.268164 -0.294692 1630.430645 100.405949 -655.109995 0.00073 -0.004321 0.006027 -0.050635 0.97545 -8.8e-05 1.764116 -0.000528 1.452823 -5.3e-05 1.319609 1.6e-05 0.000246 -0.054142 0.099348 0.002518 0.085773 -0.002214 0.08098 -0.006041 0.083197 0.000411 0.073484 0.001144 0.840691 -0.000759
50.205101 218.780643 79.447279 1224.85414 89.564733 494.405303 88.15379 374.382296 94.806091 239.693509 79.931155 290.795733 -47.214285 210.013116 -70.527796 1097.746721 -9.24021 1637.624401 -3.008804 1994.701054 -0.230491 1767.794822 -0.332166 1673.230141 104.385791 -705.599022 0.005564 -0.01884 -0.003461 -0.638787 0.018658 -0.506441 0.041733 -0.308217 0.024169 -0.15917 0.019265 -0.164655 0.000806 -0.001006 0.008523 -0.036077 -0.000536 0.053166 -0.011419 0.128284 -0.001697 0.323803 -0.001121 0.277249 0.038675 -0.937019
49.833463 222.20495 75.867992 1260.244846 75.318774 487.198282 69.661044 362.16819 76.830765 230.75274 64.120479 282.22302 -48.772571 204.91778 -72.300586 1085.628588 -10.137076 1644.799665 -3.478245 2011.526309 -0.391843 1783.232541 -0.489012 1686.12361 88.196327 -731.042111 -0.00069 0.013295 -0.041248 0.252015 -0.616579 -0.026458 -1.087235 -0.101279 -0.943863 -0.084967 -0.870295 -0.06413 -0.01265 -0.031286 -0.011002 -0.033629 -0.020767 0.007842 -0.017008 0.035331 -0.021281 0.033557 -0.015118 0.024743 -0.681692 -0.225318
48.051623 219.699643 69.769089 1258.945135 70.599495 496.406308 63.860956 371.249742 71.514028 238.465177 61.147013 289.838747 -49.958551 203.39486 -71.140259 1082.891452 -10.528897 1656.516 -3.804204 2026.946839 -0.548965 1794.047343 -0.592207 1692.261672 84.594342 -724.356846 -0.016219 -0.007102 -0.127759 -0.000335 -0.076335 0.043101 -0.126035 0.056228 -0.095308 0.063388 -0.035295 0.050695 -0.007123 -0.00284 0.004693 -0.001727 -0.003715 0.020791 -0.007299 0.029441 -0.013213 0.016348 -0.004936 0.005576 -0.037547 0.015354
47.670772 224.567318 62.774087 1218.483132 57.736092 479.389474 50.806731 357.798667 57.424645 231.291058 47.641558 281.059777 -47.271969 211.186295 -69.679353 1073.560723 -11.378597 1632.476544 -4.671888 2000.405411 -0.841943 1768.538958 -0.833052 1670.350723 72.173177 -720.693984 -0.000758 0.026667 -0.18471 -0.33044 -0.646293 -0.148389 -0.745496 -0.124098 -0.772099 -0.054785 -0.841566 -0.067503 0.037124 0.073221 0.007578 -0.020187 -0.016484 -0.087854 -0.044529 -0.087459 -0.031206 -0.091322 -0.020497 -0.071387 -0.492858 0.004642
44.13159 223.516171 64.657543 1210.708904 56.500645 487.032921 49.49268 371.163498 56.341617 245.045777 46.63153 296.352073 -48.063441 205.698723 -68.440697 1062.574085 -12.090138 1632.0414 -5.253365 2002.656838 -1.081575 1787.162994 -1.042059 1687.370358 73.035707 -708.672985 -0.068247 -0.001233 0.01392 -0.01244 -0.006681 0.030227 -0.008608 0.122526 -0.005155 0.198632 -0.005411 0.202538 -0.003285 -0.036119 0.005554 -0.028254 -0.010789 -2.9e-05 -0.017048 0.000633 -0.014985 0.048775 -0.011685 0.043135 0.002562 0.050549
46.212549 223.596111 66.435412 1212.719818 59.472012 511.818313 53.531346 397.737469 59.449307 266.032543 49.013009 316.681841 -45.959046 207.09322 -69.524702 1064.000683 -11.929538 1629.125725 -5.105295 1996.533509 -1.014919 1776.179078 -0.999468 1677.322369 75.999503 -667.407726 0.023969 7e-06 0.012056 0.000834 0.038071 0.307558 0.079191 0.459348 0.041711 0.431079 0.029653 0.337186 0.023553 0.002355 -0.004259 0.000479 0.000537 -0.001303 0.001058 -0.004688 0.00106 -0.016929 0.000444 -0.015003 0.029473 0.618861
46.607804 224.283902 68.333883 1220.364101 62.80559 536.567219 55.04053 419.942315 60.913121 275.960401 51.996454 325.675348 -46.267023 207.760318 -69.569737 1065.463646 -12.199044 1631.253617 -5.210474 1996.669339 -1.223717 1774.457253 -1.177732 1676.223559 79.404198 -650.874964 0.000842 0.000528 0.013372 0.012008 0.045449 0.292161 0.01049 0.301552 0.008902 0.090933 0.04407 0.062961 -0.000514 0.000536 -7e-06 0.000503 -0.001505 0.000694 -0.000536 2e-06 -0.009759 -0.000417 -0.00731 -0.00018 0.037301 0.103674
43.540195 213.682102 70.004977 1125.970494 90.86235 546.184654 123.298344 457.087125 120.766667 304.786682 96.784249 348.012996 -48.764163 206.207337 -70.674086 1067.158922 -12.19717 1665.136076 -5.298861 2030.146025 -0.993761 1805.387904 -1.036669 1707.383456 143.670539 -626.586787 -0.052208 -0.128337 0.010094 -1.899508 2.583017 0.042714 13.57958 0.78695 10.142333 0.71586 6.901349 0.370429 -0.032814 -0.002913 -0.004348 0.000674 0.0 0.174138 -0.000372 0.139156 0.011956 0.133626 0.004498 0.14348 9.457847 0.230914
46.252348 200.217935 79.116215 1048.106207 126.958462 585.303162 170.70088 484.428098 167.112921 325.481866 137.739003 377.29619 -44.31285 196.632326 -70.547619 1024.934959 -13.313652 1637.104644 -6.34102 2005.292801 -1.169834 1779.415282 -1.185611 1681.702878 196.246622 -582.836168 0.040969 -0.219053 0.278607 -1.394797 3.011648 0.676417 3.846603 0.397066 3.755175 0.33986 3.603647 0.591372 0.106501 -0.113809 5.7e-05 -0.426139 -0.024443 -0.118976 -0.046748 -0.076533 -0.007176 -0.09409 -0.004997 -0.097298 4.09067 0.791594
45.882222 202.111683 77.847825 1082.963634 142.354288 614.152201 174.914607 544.925972 174.260927 367.871822 145.556083 411.03646 -46.479793 194.849674 -75.50159 1021.85855 -12.93899 1613.585722 -5.317413 1976.680611 -0.86506 1750.580276 -1.019343 1658.477701 199.681726 -513.4734 -0.000743 0.004457 -0.005125 0.285097 0.440427 0.346986 0.025688 1.779348 0.074844 1.297022 0.107871 0.722365 -0.025863 -0.004059 -0.084043 -0.002312 0.002674 -0.085081 0.045023 -0.102797 0.022953 -0.117772 0.006278 -0.080746 0.014902 2.196468
44.559511 204.55574 72.502998 1116.921863 141.012737 614.340106 165.386962 543.666936 168.039599 367.757966 140.769784 411.584544 -46.41086 196.318605 -75.888397 1024.486195 -13.030615 1621.243575 -5.639652 1987.840161 -0.882952 1758.813169 -0.982823 1663.382169 193.284071 -518.071767 -0.009673 0.007344 -0.095032 0.262111 -0.003176 1.4e-05 -0.133402 -0.000728 -0.056541 -9e-06 -0.040007 0.000183 2.6e-05 0.002758 -0.000494 0.001687 -0.000162 0.009064 -0.004739 0.015706 -9.2e-05 0.009657 0.000333 0.003621 -0.052082 -0.010249
47.667233 210.216585 81.803972 1091.240023 139.570765 620.797362 156.379294 549.885545 156.35604 372.920319 132.695324 417.582017 -45.690605 208.881882 -75.948329 1049.627724 -11.782836 1641.67747 -4.475428 2013.873055 -0.482829 1780.306968 -0.640718 1683.496496 174.216238 -523.610593 0.052375 0.038632 0.280567 -0.14935 -0.003705 0.016879 -0.126107 0.017682 -0.210468 0.01799 -0.119231 0.021691 0.002816 0.19481 -1.2e-05 0.152383 0.031393 0.063984 0.067223 0.084679 0.059925 0.065269 0.036453 0.060443 -0.495003 -0.014726
44.505933 203.905302 72.043757 1106.619945 134.981185 617.292443 151.558584 538.885251 153.576421 364.009483 129.172289 410.546952 -45.047644 197.460648 -72.349755 1014.73432 -12.627135 1632.599367 -5.694337 2004.769686 -0.847762 1780.301938 -0.94042 1683.125273 177.244894 -534.284356 -0.054228 -0.048095 -0.30991 0.053813 -0.038364 -0.004961 -0.037736 -0.055572 -0.012465 -0.053876 -0.0237 -0.029882 0.002278 -0.160542 0.043668 -0.294918 -0.014606 -0.012585 -0.073311 -0.010311 -0.051022 -0.0 -0.028664 -2e-05 0.01305 -0.053849
44.431486 200.366316 68.86191 1117.699679 128.461493 620.217121 148.983092 537.252392 149.063276 361.273992 124.394342 406.731053 -45.579031 194.179898 -73.523033 1022.951753 -11.657771 1627.816998 -4.500139 1995.840847 -0.532655 1764.814589 -0.672931 1668.86994 167.417184 -529.114428 -3.1e-05 -0.01549 -0.03593 0.027595 -0.080687 0.003456 -0.011036 -0.001239 -0.033653 -0.005159 -0.045019 -0.008908 -0.001558 -0.013742 -0.004719 0.016569 0.019354 -0.003507 0.070187 -0.009964 0.036446 -0.03383 0.022329 -0.030313 -0.140142 0.012567
45.571184 207.066974 67.424906 1188.339578 125.129879 620.040193 130.505984 529.309547 137.338881 354.330715 117.161059 400.939276 -46.290825 198.171629 -78.715863 1050.349295 -10.299102 1641.074249 -3.166184 2015.950864 -0.130908 1783.27382 -0.293341 1685.80349 145.950062 -547.801166 0.007216 0.055103 -0.007576 1.082195 -0.021886 -1.3e-05 -0.611432 -0.029576 -0.24008 -0.033685 -0.108323 -0.020767 -0.002757 0.020306 -0.088589 0.18103 0.042077 0.026883 0.116947 0.050403 0.135439 0.048018 0.077682 0.042738 -0.736164 -0.162139
44.011774 211.087994 65.880742 1183.850177 114.842241 617.732348 120.567623 510.095489 127.017771 334.99297 107.406916 384.749296 -47.321446 198.511684 -80.280633 1046.247603 -11.80822 1639.591057 -4.206352 2013.7008 -0.439815 1777.594885 -0.65183 1680.685714 142.406065 -569.238523 -0.013574 0.019334 -0.008944 -0.004248 -0.220618 -0.002152 -0.196774 -0.177607 -0.201557 -0.271296 -0.211936 -0.166824 -0.005673 0.000146 -0.0077 -0.004012 -0.051569 -0.000335 -0.073746 -0.000628 -0.090826 -0.004528 -0.070623 -0.00389 -0.021779 -0.205723
48.057036 214.987194 66.173714 1220.400957 113.050501 607.189663 105.824305 486.47627 117.022131 314.992076 100.962584 368.315523 -47.483954 199.844653 -76.394041 1051.131406 -10.986372 1641.077629 -4.105451 2013.852192 -0.447991 1789.711649 -0.557766 1689.6974 131.951128 -603.044658 0.088912 0.017842 0.000325 0.277849 -0.007044 -0.04537 -0.480574 -0.279933 -0.204792 -0.3078 -0.099677 -0.179335 -0.000139 0.00223 0.048214 0.005686 0.014821 0.000337 0.000612 3e-06 -3.8e-05 0.020578 0.003663 0.012048 -0.199276 -0.48755
43.281944 224.695243 63.89011 1214.249038 100.338471 588.997076 103.162793 405.1161 107.067065 262.223656 90.678018 320.571304 -50.409125 204.080672 -73.796102 1075.341779 -11.375038 1663.049632 -4.647931 2036.023982 -0.676745 1824.320037 -0.756633 1723.396879 124.768164 -703.243479 -0.124903 0.107188 -0.020049 -0.007772 -0.378978 -0.138352 -0.016948 -3.719926 -0.221234 -2.417076 -0.276164 -1.65648 -0.043714 0.022212 0.022471 0.137825 -0.003378 0.073056 -0.016826 0.060692 -0.023508 0.165711 -0.015131 0.166371 -0.100509 -3.848544
42.121352 225.243181 52.922593 1241.935773 79.847566 545.55715 85.082187 341.547187 94.407975 220.784208 74.929915 279.657666 -49.983453 205.191248 -69.248153 1074.304343 -14.067257 1666.078943 -7.360777 2044.937845 -2.011664 1829.637832 -1.76349 1725.320284 123.981721 -779.272733 -0.007886 0.000334 -0.516008 0.156051 -1.168913 -0.831921 -0.870317 -2.710965 -0.398092 -1.780923 -0.750465 -1.396029 0.000902 0.001507 0.072317 -0.00025 -0.142842 0.001378 -0.310438 0.009735 -0.354842 0.00387 -0.209872 0.000536 -0.001243 -1.950823
42.475277 228.445622 52.594512 1192.579547 65.163403 338.920536 63.786576 198.587189 74.836248 124.205681 60.328061 172.752002 -50.877749 201.848236 -77.699224 1062.857773 -14.325836 1648.531484 -6.656072 2034.259246 -1.529628 1803.775509 -1.564278 1705.381218 97.764161 -981.325676 0.00074 0.011303 -0.00051 -0.500364 -0.745393 -24.476473 -1.531037 -19.262431 -1.135465 -13.794159 -0.790486 -12.812481 -0.003965 -0.013728 -0.243215 -0.030654 -0.001177 -0.046448 0.017726 -0.013977 0.03296 -0.092044 0.005968 -0.057943 -1.555338 -11.63261
38.346717 232.163099 49.823071 1173.386918 52.066664 294.985365 48.352056 165.145209 57.356101 102.21089 45.495369 145.916004 -53.978448 197.059322 -80.544994 1062.590794 -14.90015 1684.665942 -7.090243 2086.122097 -1.757258 1866.498885 -1.787284 1762.648065 79.192153 -1095.150361 -0.105517 0.015002 -0.037505 -0.077846 -0.733869 -1.524377 -1.067266 -1.54061 -1.16082 -1.070853 -1.044665 -1.131981 -0.045855 -0.028747 -0.02559 -1.7e-05 -0.005643 0.195869 -0.006858 0.326409 -0.007892 0.535997 -0.007427 0.47285 -0.977288 -3.12207
36.115538 245.801661 47.574316 1171.694517 41.27242 253.499392 37.834174 129.825818 44.870316 83.54646 34.983394 126.137486 -55.842001 197.154636 -87.27324 1058.445467 -17.290717 1674.09823 -8.496796 2074.876409 -2.475293 1856.827528 -2.613406 1757.24395 68.423291 -1152.6396 -0.033435 0.194625 -0.025964 -0.000611 -0.626254 -1.571196 -0.644191 -2.12218 -0.765363 -0.940056 -0.68948 -0.71991 -0.015813 1.2e-05 -0.13493 -0.004051 -0.088887 -0.016625 -0.063592 -0.015197 -0.06135 -0.012561 -0.078238 -0.004148 -0.39333 -0.73529
32.839733 247.792391 46.086499 1040.831288 33.926227 182.756297 28.932747 78.078024 34.527676 49.645642 26.314535 86.408967 -59.957526 191.856197 -92.27422 1046.171257 -19.256127 1671.229273 -9.689628 2071.186954 -3.178669 1856.297187 -3.366844 1757.238703 58.658868 -1298.795183 -0.077855 0.004014 -0.011818 -3.873444 -0.359687 -5.774051 -0.596034 -6.543038 -0.676515 -4.386549 -0.616079 -3.745975 -0.073156 -0.036085 -0.06966 -0.035792 -0.052886 -0.00123 -0.039161 -0.001642 -0.043922 -3.8e-05 -0.047652 -0.0 -0.375683 -4.360808
26.478216 253.928239 34.284655 939.321036 24.684809 142.05377 21.661789 50.918401 28.938358 31.617837 21.084178 60.352276 -67.614301 182.638995 -102.845747 1007.059722 -24.534511 1676.720932 -13.321939 2083.455554 -5.417806 1873.92615 -5.786346 1774.192624 59.398718 -1418.719618 -0.342105 0.037521 -0.871224 -2.603615 -0.73315 -2.560344 -0.525182 -2.891577 -0.246599 -2.024907 -0.289464 -2.331636 -0.229985 -0.113446 -0.286591 -0.372547 -0.319284 0.004504 -0.288483 0.018115 -0.296737 0.041657 -0.325569 0.040697 0.002318 -2.647433
23.50123 252.078924 32.975784 889.391908 20.942482 165.60074 16.551915 71.166856 20.87745 47.421914 15.226164 80.369043 -69.013594 170.961627 -104.080916 962.376892 -26.876861 1656.482037 -15.174342 2066.0909 -6.633716 1870.887113 -7.000555 1770.149071 51.047952 -1322.587457 -0.08874 -0.003379 -0.012736 -0.681732 -0.153731 0.902431 -0.343183 1.690863 -0.656511 1.596137 -0.475658 1.430908 -0.007166 -0.19287 -0.003686 -0.50695 -0.053388 -0.061445 -0.060272 -0.036333 -0.061495 -0.001233 -0.057779 -0.002307 -0.316149 1.6861
21.080401 252.593618 26.814261 904.198859 13.313869 168.971784 9.10162 73.024705 13.241111 49.850169 9.141187 82.465753 -71.783395 169.430309 -117.751418 956.093143 -32.014861 1641.81199 -19.325947 2040.196726 -9.135944 1851.188485 -9.865549 1750.128668 44.374332 -1293.47941 -0.065775 0.000262 -0.318328 0.06112 -0.860216 0.016983 -1.105685 0.011969 -0.865553 0.030314 -0.771994 0.013499 -0.027247 -0.003444 -0.421626 -0.010291 -0.22456 -0.032625 -0.250703 -0.081645 -0.199784 -0.052127 -0.245115 -0.05693 -0.233655 0.161942
18.457808 244.897445 21.001769 925.700766 8.329978 174.068286 5.146629 76.672073 10.134912 52.839849 6.442238 84.41298 -76.603196 163.249842 -126.866201 945.677085 -37.26531 1626.533077 -23.15092 2019.508043 -12.069608 1829.145548 -12.994279 1729.660854 44.324596 -1260.208028 -0.087075 -0.059533 -0.354597 0.126332 -0.581631 0.037861 -0.559909 0.044441 -0.207294 0.043529 -0.2355 0.011361 -0.078298 -0.057415 -0.169874 -0.028525 -0.199241 -0.035713 -0.172567 -0.052716 -0.203908 -0.066012 -0.21512 -0.060195 -1.4e-05 0.216752
16.235673 236.137218 18.490549 884.012962 4.977422 154.278576 2.09101 62.885067 5.411162 45.288396 3.150486 75.123159 -78.637141 151.252822 -133.86857 924.651415 -40.152721 1613.398016 -24.409255 2003.283986 -12.885124 1815.565756 -14.623467 1717.083014 34.996404 -1287.359387 -0.071238 -0.079774 -0.079922 -0.480215 -0.42923 -0.596913 -0.676647 -0.682687 -0.735044 -0.290992 -0.582468 -0.270704 -0.013325 -0.228902 -0.094046 -0.118186 -0.053864 -0.026626 -0.016649 -0.032716 -0.013329 -0.025298 -0.048095 -0.02295 -0.55041 -0.14469
14.475845 236.511982 9.24648 973.661911 2.097773 184.68524 0.53086 85.175072 3.571506 63.981044 1.683392 95.250586 -88.645044 145.451112 -145.75261 916.133516 -46.45509 1610.428965 -29.068234 1997.627205 -16.602416 1803.450484 -18.459754 1706.632848 35.574652 -1188.059332 -0.050462 0.000149 -1.585739 2.164431 -0.612533 1.366566 -0.514708 1.687462 -0.190399 1.610741 -0.228011 1.193073 -0.299637 -0.056728 -0.252653 -0.019708 -0.229613 -0.001367 -0.203332 -0.003999 -0.235245 -0.020279 -0.223178 -0.015948 0.002369 1.992485
11.859193 233.670955 7.500817 951.383037 1.079047 182.242652 0.101479 84.677197 2.189892 63.924989 0.795922 95.706618 -93.465759 139.386193 -153.168658 898.214607 -48.810083 1594.934569 -29.89872 1980.225534 -17.230938 1789.040217 -19.55991 1691.942686 31.706414 -1176.609158 -0.130318 -0.008583 -0.091229 -0.128923 -0.16777 -0.00813 -0.168136 -0.00073 -0.168112 -1.2e-05 -0.164277 0.000545 -0.063817 -0.064576 -0.092008 -0.088488 -0.029113 -0.037449 -0.005849 -0.038063 -0.005839 -0.028901 -0.015921 -0.031749 -0.111292 0.027722
12.779667 243.228689 5.382665 973.510895 0.925962 181.514692 0.105122 84.125338 2.355708 65.450243 0.900739 97.838374 -93.781461 137.816382 -158.649062 884.059571 -49.358378 1586.5238 -30.408259 1973.834195 -17.461557 1784.8385 -19.714744 1687.614719 32.644475 -1166.715442 0.0172 0.095785 -0.175314 0.127191 -0.005853 -0.000728 3.2e-05 -0.000902 0.003025 0.008991 0.003241 0.01174 -0.000266 -0.004445 -0.048165 -0.056211 -0.001531 -0.011118 -0.002153 -0.005165 -0.000767 -0.00247 -0.000305 -0.002771 0.006838 0.020886
12.405511 249.848335 2.197519 1032.838908 0.644646 186.416242 0.096339 83.722089 2.34529 66.449648 0.863115 98.481586 -95.908072 131.104584 -164.696349 865.857351 -51.397414 1565.759253 -31.865228 1951.907145 -18.501803 1766.36564 -20.804199 1669.791699 34.021629 -1147.616413 -0.002779 0.044437 -0.701664 0.87736 -0.025399 0.03265 -0.000192 -0.000484 -1.2e-05 0.003786 -0.000401 0.001054 -0.011921 -0.08377 -0.056554 -0.09467 -0.020635 -0.06839 -0.017046 -0.061237 -0.015048 -0.048047 -0.014649 -0.047308 0.014226 0.078809
11.118522 242.622144 2.089183 969.384439 0.41967 172.988204 0.020947 77.234052 1.871761 55.900721 0.599522 85.804106 -96.175662 124.800257 -169.503712 850.128957 -54.353427 1544.1818 -33.97273 1925.059811 -20.440199 1739.971828 -22.801703 1643.787684 34.682761 -1172.123625 -0.035232 -0.053019 -0.001369 -1.005752 -0.02405 -0.250936 -0.027441 -0.130817 -0.02667 -0.455607 -0.023948 -0.436575 -0.000186 -0.077667 -0.034578 -0.072083 -0.041322 -0.074855 -0.03374 -0.092958 -0.048273 -0.099341 -0.045775 -0.102038 0.003181 -0.129459
9.5027 229.098241 1.008863 904.917538 0.170993 138.80561 4.7e-05 53.203685 1.913235 40.054166 0.5357 66.320176 -98.748891 115.395553 -174.225679 843.311552 -57.657812 1526.499929 -37.34857 1902.255612 -22.990738 1721.618728 -25.221305 1627.701088 38.168464 -1236.475778 -0.063403 -0.1939 -0.194462 -1.109003 -0.054899 -1.879418 -0.019002 -2.232649 0.000227 -1.317542 -0.001795 -1.252901 -0.016986 -0.184188 -0.032435 -0.013723 -0.048751 -0.050909 -0.079939 -0.067937 -0.074957 -0.048654 -0.060994 -0.039551 0.083438 -0.859823
9.989065 246.255843 4.879584 920.68186 0.408508 185.206532 0.000776 87.529011 1.410787 62.530078 0.328996 94.231883 -98.220197 122.338619 -177.167612 845.525277 -58.204796 1527.005549 -36.975951 1903.879439 -22.78958 1718.369321 -25.42169 1624.34893 35.540781 -1125.308771 0.006069 0.309747 1.450956 0.068065 0.05091 3.339688 0.00044 4.250229 -0.038194 2.492484 -0.02507 2.444816 0.00071 0.101408 -0.012315 0.001451 -0.001291 4.2e-05 0.000934 0.000346 0.000442 -0.001535 -0.000396 -0.001728 -0.046852 2.617715
10.251909 244.457564 4.799781 968.109747 0.603998 189.259296 0.049971 90.045982 2.06352 67.096898 0.637421 99.173793 -97.78196 124.397067 -177.068772 856.023464 -57.757607 1545.244183 -36.645276 1928.281757 -22.417082 1738.979692 -25.021504 1644.442886 38.083264 -1122.907085 0.001707 -0.003295 -0.000329 0.595555 0.019051 0.021932 0.038291 0.017839 0.061867 0.080471 0.050537 0.063148 0.00049 0.008587 1.4e-05 0.032386 0.000862 0.054138 0.000743 0.077695 0.001535 0.061433 0.001587 0.061761 0.043913 0.001283
9.182611 235.954983 6.244506 871.212878 1.356801 167.310156 0.339346 74.658719 2.476831 54.834524 0.88891 85.110338 -98.883093 123.78893 -178.794392 854.881761 -59.856769 1548.054524 -38.481483 1934.593994 -24.299244 1744.652672 -27.115634 1648.59005 42.291888 -1180.884903 -0.029439 -0.075247 0.094901 -2.554072 0.150268 -0.676196 0.128876 -0.72034 0.018851 -0.618167 0.020861 -0.537403 -0.003083 -0.000745 -0.004184 -0.000381 -0.018734 0.001277 -0.022443 0.005157 -0.037931 0.004619 -0.042073 0.002611 0.110262 -0.729658
8.90635 227.176774 17.175807 864.154107 3.867452 168.904074 1.27229 82.488813 2.942283 55.863249 1.269186 87.53219 -97.534098 123.303507 -177.137703 854.909994 -60.708235 1549.69282 -39.313764 1937.79583 -25.457856 1741.786296 -28.388405 1647.284897 45.709584 -1173.784683 -0.00211 -0.083199 2.70757 -0.014356 0.642829 0.003778 0.297488 0.195194 0.020026 0.00478 0.033768 0.016988 0.004633 -0.000477 0.003856 0.0 -0.003007 0.000433 -0.004452 0.001324 -0.013491 -0.001178 -0.014595 -0.000258 0.066391 0.010705
10.07712 236.880622 23.838016 884.534594 9.043021 195.675654 5.281121 98.499273 6.945812 63.984096 3.99463 99.367989 -95.826193 127.388381 -173.18158 868.961012 -58.726679 1569.854932 -37.370174 1961.465262 -23.673209 1765.451406 -26.686449 1669.623157 56.265048 -1157.242638 0.036137 0.101469 0.544716 0.118769 1.082802 0.984265 1.369159 0.709545 0.846736 0.275451 0.760516 0.375138 0.007543 0.033282 0.022339 0.057265 0.016439 0.065156 0.024635 0.07184 0.032424 0.079841 0.026304 0.075221 0.547773 0.058696
12.760327 236.126685 28.659116 902.417827 18.697862 222.080489 13.811299 117.095519 16.839786 70.838136 11.41236 107.723796 -88.642911 123.443133 -164.18875 865.344939 -56.659359 1557.236753 -37.367915 1958.455466 -23.224971 1758.199043 -25.397924 1662.281374 79.617431 -1123.2113 0.158175 -0.000601 0.221843 0.089487 1.734333 0.835312 2.011537 0.803512 2.155435 0.174334 1.90319 0.16864 0.139913 -0.031029 0.119876 -0.00377 0.018521 -0.025458 0.0 -0.001155 0.002142 -0.007463 0.015941 -0.008089 2.021677 0.25394
16.828927 267.553843 30.101751 999.7512 28.317503 252.471998 25.597922 137.370106 31.023577 87.175099 22.157726 127.142749 -89.725062 136.870855 -171.354174 899.181469 -57.152876 1589.475021 -37.347405 1994.543729 -22.258228 1790.169091 -24.245358 1694.323419 105.837673 -1087.260225 0.281056 0.981405 0.017712 2.491891 0.994641 0.974173 1.803873 0.808976 2.14989 0.846807 1.76619 0.804164 -0.003283 0.34655 -0.076517 0.324454 -0.00107 0.165146 3e-06 0.164734 0.010275 0.144025 0.013381 0.15294 1.862908 0.292373
18.720033 271.291829 42.133925 1072.034246 48.880234 391.180417 47.085362 267.17092 49.340959 154.098799 37.403813 202.053388 -92.222468 147.453341 -168.113241 937.764166 -57.85445 1612.04441 -39.354847 2006.372073 -23.826115 1790.740851 -25.245527 1696.570793 141.741221 -894.218854 0.050336 0.012965 1.009138 1.261335 2.78897 15.123652 3.248785 21.389371 2.115369 9.467271 1.984341 8.636482 -0.01714 0.197007 0.015471 0.405235 -0.00214 0.079553 -0.026274 0.017485 -0.026679 4.6e-05 -0.010107 0.000745 2.617175 9.425741
19.020276 284.6809 45.067449 1261.17731 67.751554 689.266949 70.283981 568.153559 70.745759 382.602239 56.156144 436.820304 -90.687554 153.755967 -177.810978 924.420884 -58.733074 1605.906348 -38.187615 1999.975162 -21.481542 1780.974495 -23.717311 1693.336292 170.194679 -512.631757 0.001194 0.161243 0.049357 7.67913 1.536839 41.933558 2.3155 56.10921 1.923042 51.073421 1.898538 44.698558 0.00644 0.065947 -0.135961 -0.047806 -0.003311 -0.005854 0.008786 -0.005107 0.060704 -0.013352 0.023855 -0.001543 1.300412 52.738382
19.519229 302.459085 32.229577 1300.946731 80.592342 1220.268113 101.153486 1241.5995 104.571672 995.390785 81.380199 1008.879226 -82.67563 165.392251 -166.590685 928.221056 -56.632712 1595.010505 -37.340338 1979.283252 -20.795119 1750.36232 -22.943835 1660.241892 218.631585 -105.833012 0.00323 0.269217 -1.073544 0.30867 0.5568 75.31536 2.802124 129.968341 3.29415 143.750352 2.33282 117.996355 0.185233 0.212203 0.182822 0.003897 0.019121 -0.018545 0.004753 -0.053799 0.005573 -0.132687 0.006411 -0.163298 3.02874 152.617743
20.954267 315.395886 36.844176 1309.441745 100.416043 1542.03168 138.423154 1683.183962 144.004732 1452.316894 113.356808 1436.182136 -77.573547 167.274693 -157.506972 928.763743 -54.60939 1605.073796 -37.775243 1998.530676 -20.340291 1766.015197 -21.981067 1677.715168 272.587311 -15.324938 0.025449 0.135452 0.154316 0.013823 1.088802 18.804148 2.916677 33.527427 3.147672 43.026533 2.643284 37.627606 0.081242 0.005326 0.127323 7.9e-05 0.018402 0.015823 -0.001259 0.046566 0.002515 0.034839 0.010318 0.045734 2.972254 40.6127
20.275021 304.459713 42.968298 1146.236909 110.705 1768.689859 178.777018 2067.68752 183.931072 1920.462189 145.072309 1867.712212 -71.019905 162.239368 -152.998966 894.695171 -50.936054 1606.314822 -36.327545 2013.292124 -17.877663 1778.144777 -19.732082 1695.475758 316.495398 2.739105 -0.005596 -0.096481 0.235303 -5.429313 0.250865 7.767834 2.577358 19.759866 2.4396 32.64754 1.953513 28.302851 0.144593 -0.038475 0.032726 -0.318288 0.063942 0.00024 0.014143 0.027157 0.079424 0.020756 0.060672 0.046757 1.638654 31.021917
22.212246 314.424048 51.439129 1194.23979 119.130312 2022.589573 219.383119 2367.121137 229.822357 2233.678431 183.0373 2163.933286 -70.092877 161.002713 -148.028293 891.380341 -49.186252 1582.639977 -35.623765 1974.693599 -17.884796 1733.00503 -19.492457 1654.443451 375.930799 31.724271 0.044187 0.080221 0.380796 0.492318 0.15448 8.51131 2.076005 10.120269 2.552882 11.824857 2.203833 10.896998 0.003045 -0.002366 0.041042 -0.003076 0.015291 -0.087882 0.003442 -0.186796 -1e-06 -0.290173 0.000732 -0.251307 2.555578 15.819759
23.368961 329.776416 57.341341 1287.540533 134.932784 2318.170522 227.709198 2714.592578 236.775869 2601.039725 191.384493 2505.945816 -74.433262 173.239708 -159.17104 932.847694 -52.315295 1605.258152 -36.45897 1986.428756 -19.339837 1758.733179 -21.036064 1688.543108 391.45538 82.140445 0.014679 0.182962 0.160239 1.754407 0.491925 10.07538 0.077534 11.893415 0.051815 13.976996 0.093056 12.540994 -0.06519 0.22408 -0.202152 0.471367 -0.048242 0.080239 -0.004839 0.017383 -0.028448 0.094788 -0.029406 0.173919 0.157051 11.769745
25.721351 332.241203 56.463868 1311.064642 157.396505 2357.614808 227.468393 2746.679769 240.910934 2632.764403 197.529167 2535.240891 -68.998641 172.970017 -149.134819 957.515562 -50.050182 1640.320982 -37.765243 2009.938699 -21.370024 1777.710988 -22.215252 1705.342081 405.783884 83.677865 0.056395 0.004588 -0.003383 0.106479 0.864378 0.166376 -6.4e-05 0.094263 0.017898 0.09615 0.048545 0.08512 0.102996 -0.000105 0.163397 0.160956 0.025064 0.189402 -0.011495 0.069153 -0.050654 0.050921 -0.016077 0.041576 0.128771 0.007127
24.010725 330.642041 54.867765 1331.343447 167.089652 2479.649642 231.407284 2904.116873 241.583796 2815.670503 196.624135 2713.597355 -72.913658 173.367922 -152.751787 957.711631 -52.102196 1643.002869 -38.208503 2005.467098 -21.812547 1772.587197 -22.812776 1704.36233 408.579786 120.138863 -0.029429 -0.001929 -0.011442 0.077815 0.144811 1.539597 0.016906 2.193607 0.000469 3.07098 -0.001039 3.031168 -0.054013 0.000229 -0.021669 1e-05 -0.020612 0.001095 -0.001293 -0.00249 -0.002267 -0.003697 -0.003965 -0.000141 0.0048 3.287792
23.59338 338.369911 53.710907 1333.943853 161.502261 2506.315818 219.658122 2945.4874 229.070274 2847.388223 187.025793 2736.269259 -74.129965 172.992124 -147.057987 956.703465 -52.860778 1641.245689 -39.727514 2005.890196 -22.628586 1773.803249 -23.596825 1703.855215 395.692421 126.436092 -0.001829 0.044634 -0.006163 0.001269 -0.047508 0.071309 -0.153045 0.146296 -0.166381 0.088823 -0.120087 0.047159 -0.005031 -0.000204 0.054071 -0.000265 -0.002741 -0.00047 -0.014805 2.2e-05 -0.007493 0.000208 -0.006623 -3.8e-05 -0.103258 0.080425
25.642453 347.92338 57.986137 1376.643245 158.933951 2595.326712 214.123116 3047.883836 218.90788 2963.712373 178.691754 2848.371737 -72.497618 174.630066 -145.460313 947.768174 -51.801722 1646.334063 -39.315782 2019.984857 -21.646728 1799.078912 -22.751723 1731.211511 378.23016 144.587118 0.042657 0.066497 0.081848 0.336339 -0.010293 0.776568 -0.035314 0.874783 -0.115282 1.16438 -0.094971 1.12525 0.009086 0.003859 0.004363 -0.020961 0.005358 0.003938 0.001072 0.024673 0.010888 0.089405 0.007705 0.108932 -0.197028 0.60849
19.142023 317.956383 47.322389 1338.320281 143.449648 2544.688036 198.205949 2980.846324 202.941011 2905.911421 162.359496 2800.420602 -80.47782 161.33354 -166.224383 929.404166 -58.106069 1601.461172 -41.988268 1962.617438 -24.674949 1745.07444 -26.312639 1682.935765 369.144176 147.19557 -0.474277 -0.674653 -0.541307 -0.270487 -0.396716 -0.249448 -0.30734 -0.372729 -0.302279 -0.284604 -0.391284 -0.203526 -0.208292 -0.263223 -0.692408 -0.089828 -0.180959 -0.310006 -0.043935 -0.413196 -0.099089 -0.411474 -0.12939 -0.341324 -0.055232 0.01166
23.548295 292.901187 42.198949 1216.422332 93.671303 2173.518824 152.175078 2582.320326 113.168028 2436.901649 104.063343 2324.159369 -75.558624 153.729509 -165.418621 888.116604 -60.492661 1600.377963 -43.131926 1995.211671 -25.950726 1764.556438 -28.028688 1678.544614 247.503115 54.145466 0.228005 -0.514054 -0.146731 -2.909799 -5.283806 -14.622122 -3.036784 -14.292872 -13.01543 -20.625424 -6.456134 -22.179054 0.07756 -0.091775 0.000979 -0.469013 -0.024015 -0.000183 -0.007683 0.134215 -0.016077 0.054073 -0.027102 -0.002868 -12.116619 -22.791628
25.888244 313.541936 48.208634 1302.636853 119.417385 2422.827429 173.076331 2854.092012 155.762814 2757.03775 131.843313 2645.867006 -69.211702 162.407499 -164.499438 894.97635 -62.889558 1599.817186 -46.756693 1979.527487 -28.277552 1755.636221 -29.95973 1682.735265 316.774553 112.512457 0.055409 0.351364 0.199963 1.475774 1.561082 6.766305 0.672271 6.797319 3.394626 9.875418 1.641371 10.422927 0.139196 0.119128 0.00128 0.013195 -0.023284 -4.9e-05 -0.073114 -0.030945 -0.049943 -0.011302 -0.032161 0.002612 4.268066 10.554888
24.052334 313.889584 45.41078 1310.427618 119.964753 2465.901915 171.196992 2903.24293 157.426717 2814.887133 132.186968 2700.687204 -69.206792 157.853135 -164.955226 877.443666 -64.852277 1576.102186 -49.275541 1953.500914 -29.878907 1737.977652 -31.416061 1669.365247 324.473233 129.196203 -0.033757 9.6e-05 -0.041817 0.011614 0.000626 0.189768 -0.00513 0.209807 0.00442 0.300313 0.000224 0.281053 0.0 -0.032385 -0.000315 -0.086718 -0.015079 -0.088543 -0.033039 -0.086116 -0.022051 -0.044628 -0.01728 -0.026664 0.046216 0.576479
]