01-30-21_Ganesh_4K+Depth.monkey_in_blue_box.0000000010 [ 43.473005 269.275063 91.178352 1208.910414 201.706248 2286.942695 257.433168 2588.422014 269.312721 2585.752908 230.050482 2515.708069 -61.042886 240.716323 -96.154971 1200.216561 -167.771749 1758.257277 -207.147434 1940.735361 -210.705055 1755.671435 -182.431632 1732.2374 956.444271 80.09473 0.0 0.0 0.0 0.0 0.0 0.0 0.0 0.0 0.0 0.0 0.0 0.0 0.0 0.0 0.0 0.0 0.0 0.0 0.0 0.0 0.0 0.0 0.0 0.0 0.0 0.0
43.64712 287.503461 89.256891 1225.841243 181.873747 2244.368272 230.27655 2570.622356 230.780809 2527.168793 194.885036 2434.995652 -63.546877 241.078506 -98.013495 1154.4721 -168.970467 1722.610599 -209.168498 1913.798349 -211.66635 1735.048242 -183.063267 1707.433945 884.481236 74.253439 0.000174 0.29847 -0.010231 0.058868 -0.51305 -0.200011 -0.756653 -0.030706 -1.48664 -0.335641 -1.457554 -0.65798 -0.025165 0.000136 -0.008895 -0.44438 -0.002134 -0.182529 -0.004906 -0.094124 -0.001094 -0.060922 -0.000546 -0.08943 -1.40708 -0.110571
43.740497 281.133727 81.610712 1220.661459 167.225745 2229.899304 210.862118 2528.931873 222.152443 2492.595441 188.562536 2420.436326 -64.435827 241.028811 -99.387418 1169.335116 -155.23116 1632.565892 -180.145855 1798.299058 -175.4303 1582.526872 -152.388751 1560.732535 792.410653 102.919264 5e-05 -0.035677 -0.171166 -0.005483 -0.307446 -0.023395 -0.42742 -0.170419 -0.082193 -0.119062 -0.052128 -0.021829 -0.003087 -3e-06 -0.004781 0.047532 0.291259 -1.208507 1.083299 -1.797275 1.699757 -3.507844 1.405419 -3.294226 -2.529498 2.334386
44.757635 263.062793 85.307035 1187.250215 180.972165 2203.465896 227.389112 2480.473649 240.941649 2453.062614 206.892812 2399.063524 -61.164492 240.554978 -102.301541 1157.080229 -151.13607 1521.680602 -164.423764 1688.06529 -152.280682 1476.534563 -133.305249 1459.304887 776.31897 123.269952 0.005845 -0.30012 0.040932 -0.231812 0.271452 -0.078804 0.311738 -0.234385 0.381326 -0.158004 0.425054 -0.047391 0.042609 -0.000233 -0.021054 -0.032278 0.02737 -1.949649 0.358872 -1.743151 0.818671 -1.836796 0.638073 -1.703699 -0.082535 0.917356
45.10531 257.14539 87.921138 1181.59473 184.171073 2246.524728 232.133402 2533.959856 244.294504 2520.236031 209.30274 2461.707538 -59.880336 240.815191 -97.696928 1130.006631 -147.51429 1500.189848 -167.855294 1663.207389 -156.084641 1467.433495 -136.292408 1453.901236 790.920409 141.487644 0.000673 -0.033657 0.019725 -0.006751 0.014013 0.208327 0.024492 0.285262 0.011584 0.45367 0.006977 0.403684 0.006812 7e-05 0.053014 -0.160249 0.021962 -0.076419 -0.01772 -0.092192 -0.023463 -0.014068 -0.016549 -0.005012 0.06802 0.627514
43.489198 234.621321 82.10069 1139.463096 173.090132 2236.927358 217.05633 2490.528869 233.380485 2495.860384 201.582505 2457.108689 -55.811672 235.48205 -98.343105 1082.593139 -148.50411 1507.366225 -170.472549 1690.913606 -153.789376 1513.880144 -135.86424 1495.012385 766.07058 122.101925 -0.014742 -0.516098 -0.099656 -0.382416 -0.171887 -0.010272 -0.253103 -0.187709 -0.124699 -0.059227 -0.072535 -0.00215 0.071566 -0.029859 -0.001065 -0.508067 -0.001655 0.008562 -0.010124 0.114433 0.008501 0.361824 0.000337 0.286582 -0.198316 -0.713829
43.013241 223.919672 80.177754 1097.274194 171.291683 2152.665897 215.615235 2380.815304 232.029342 2394.765393 200.151481 2365.183787 -53.631259 233.931156 -95.231856 1051.916128 -149.262447 1457.767669 -173.162049 1624.19639 -156.421261 1459.365682 -135.65506 1445.981365 769.471979 115.233681 -0.001309 -0.124897 -0.011393 -0.397915 -0.004696 -0.808805 -0.0024 -1.235654 -0.001961 -1.044988 -0.002549 -0.876238 0.021722 -0.002562 0.025005 -0.220455 -0.000966 -0.414853 -0.010525 -0.671416 -0.011165 -0.499803 8.1e-05 -0.408741 0.003767 -0.099401
42.561365 235.176654 91.338923 1132.117253 194.250005 2183.955544 243.453979 2446.234094 249.2557 2427.27223 213.858226 2383.980613 -57.452427 232.656326 -95.82771 1119.467906 -153.964017 1492.660967 -179.326305 1631.809524 -167.72157 1437.6042 -147.213071 1435.034876 825.905418 128.858897 -0.001193 0.138031 0.363533 0.272297 0.721676 0.112882 0.844872 0.443316 0.308385 0.109571 0.226959 0.037198 -0.065742 -0.001742 -0.000929 1.051023 -0.036451 0.20634 -0.053904 0.0089 -0.197036 -0.081735 -0.236229 -0.020796 0.998425 0.380576
41.276862 231.944821 90.525232 1127.008966 223.966679 2226.536798 284.74748 2437.800041 306.700401 2461.758108 264.873898 2446.459916 -54.256663 231.239482 -94.820078 1099.730155 -152.267884 1441.777292 -180.339348 1575.446312 -172.78569 1401.11179 -151.425357 1403.534011 939.892176 148.466415 -0.009841 -0.01118 -0.00182 -0.005775 1.057105 0.205556 1.616586 -0.007282 2.975728 0.121628 2.725981 0.404086 0.045721 -0.002164 0.002663 -0.087776 0.004697 -0.441199 -0.001427 -0.495292 -0.03766 -0.234569 -0.029709 -0.174795 3.682909 0.694016
42.306736 222.292565 94.687154 1100.282492 235.901883 2199.501647 296.097555 2375.217165 315.827496 2389.591978 274.577998 2400.212465 -53.852095 223.469122 -105.221817 1106.828546 -148.377606 1386.22557 -168.742135 1515.591453 -160.156691 1328.029984 -141.82866 1333.475414 925.792531 154.786127 0.006345 -0.102564 0.046767 -0.160358 0.154906 -0.082569 0.110904 -0.406895 0.066911 -0.536782 0.08729 -0.220654 0.000757 -0.066397 -0.270617 0.011418 0.025171 -0.545666 0.192695 -0.579569 0.239605 -0.978679 0.157067 -0.896784 -0.053279 0.065858
40.081671 213.79094 84.846324 1058.447018 226.137367 2043.985408 283.849611 2210.276219 311.902896 2187.016479 270.914774 2205.070508 -56.342198 226.668393 -123.013781 1129.277022 -148.756044 1351.240369 -166.371194 1469.620779 -158.245037 1246.86262 -137.213176 1250.896371 914.477024 131.208 -0.030052 -0.082879 -0.269907 -0.405417 -0.103191 -2.850654 -0.129347 -2.967437 -0.012269 -4.485522 -0.0123 -4.136281 -0.028139 0.011369 -0.694537 0.112684 -0.000241 -0.223567 0.008387 -0.353983 0.005739 -1.279622 0.038174 -1.319671 -0.034789 -0.973579
38.713182 212.220402 81.635375 1031.731435 219.752125 1918.930261 274.921223 2093.328753 307.428186 2034.717633 267.050709 2051.276625 -61.307639 225.571691 -147.640208 1130.00042 -151.26829 1301.082175 -159.3533 1431.18768 -149.942565 1192.734959 -130.318323 1194.201066 886.77299 111.763999 -0.011885 -0.002895 -0.030968 -0.170739 -0.045721 -1.973633 -0.071336 -1.589276 -0.016165 -2.747981 -0.013877 -2.779412 -0.104831 -0.00133 -1.122691 0.000116 -0.010518 -0.474314 0.075611 -0.254613 0.111853 -0.600543 0.088862 -0.657395 -0.213063 -0.779259
39.326546 211.883372 80.9283 1007.621956 212.328433 1816.45553 265.409643 1989.734602 291.481002 1901.968362 253.444922 1920.175657 -60.629636 224.910083 -166.265192 1121.391815 -150.689122 1282.746712 -140.277094 1437.342735 -123.57217 1177.169225 -116.128047 1175.01189 794.626301 86.520924 0.00241 -0.000134 -0.001538 -0.142518 -0.063779 -1.405885 -0.083724 -1.31439 -0.212351 -2.23886 -0.177858 -2.164466 0.001885 -0.000486 -0.553026 -0.016458 0.000555 -0.065057 0.607867 0.006604 1.274193 -0.051119 0.408874 -0.077712 -2.526883 -1.613375
38.696198 212.147905 75.46213 978.479916 188.466295 1700.231576 232.998385 1896.821555 259.294114 1785.332341 223.964003 1784.937464 -60.914051 226.047116 -171.948528 1099.788269 -151.317044 1224.339985 -138.3977 1371.89435 -122.110421 1101.473829 -115.627389 1100.048809 737.283803 82.169402 -0.002546 8.3e-05 -0.095556 -0.213812 -0.710971 -1.921083 -1.054962 -1.110761 -0.941293 -1.845166 -0.911121 -2.468948 -0.000333 0.001433 -0.047755 -0.105062 -0.000653 -0.680433 0.006337 -0.762497 0.004349 -1.257629 0.000541 -1.235349 -1.073599 -0.056135
40.248939 220.738688 80.09889 983.530374 186.571223 1634.155774 230.004559 1832.997123 256.519718 1700.681124 220.34063 1701.269142 -60.402064 231.61533 -169.756554 1094.834586 -144.82868 1231.896268 -130.087351 1383.855365 -111.673593 1110.620288 -105.401465 1108.245845 706.698724 62.621031 0.015272 0.085252 0.069119 0.0065 -0.004788 -0.654759 -0.009679 -0.54612 -0.007461 -1.027949 -0.014775 -1.004157 0.00108 0.033874 0.007031 -0.005591 0.071086 0.011623 0.128645 0.025958 0.233082 0.018909 0.236678 0.015213 -0.323949 -1.325696
42.319298 228.515716 87.738141 992.571635 177.317748 1529.470101 202.947465 1747.3592 208.173595 1560.121538 179.16088 1547.830569 -63.267988 232.614598 -187.177113 1076.165988 -141.787421 1227.42152 -120.46535 1400.438529 -99.903392 1108.58498 -96.160289 1106.220645 596.50201 38.476639 0.025961 0.067319 0.173944 0.020683 -0.117674 -1.73252 -0.846286 -1.024326 -2.521778 -3.030877 -2.128027 -3.625087 -0.033212 0.001075 -0.425369 -0.080268 0.016136 -0.004071 0.184826 0.049385 0.327647 -0.000933 0.211956 -0.000926 -4.667393 -2.925438
44.322532 234.960344 101.580282 997.301176 154.635183 1350.046308 165.349711 1601.452823 152.849633 1364.450831 131.539888 1334.067072 -65.182361 232.383842 -214.75697 1020.630348 -143.130718 1215.245782 -123.212451 1406.109411 -100.119531 1116.791191 -97.120187 1110.096541 500.381642 12.390736 0.023161 0.044808 0.506717 0.005621 -0.775864 -5.59542 -1.924116 -3.180051 -4.264163 -6.553089 -3.671114 -7.938842 -0.014266 -5.7e-05 -0.947352 -0.735586 -0.003167 -0.030346 -0.015485 0.005729 -0.000117 0.015131 -0.002384 0.003389 -4.21965 -7.197987
46.614885 230.604364 113.81889 986.698545 133.027231 1264.634201 131.528951 1519.212114 111.895987 1275.4662 97.801765 1242.403186 -67.349457 226.415314 -222.113533 961.839258 -149.305123 1205.900239 -129.465512 1415.943387 -102.674331 1126.335935 -99.917929 1111.930296 428.942384 4.634294 0.028897 -0.020378 0.347969 -0.028331 -0.812696 -1.395424 -1.932741 -1.083857 -3.18675 -1.500145 -2.495157 -1.631094 -0.017719 -0.038824 -0.061944 -0.871931 -0.06519 -0.018037 -0.077385 0.017134 -0.016093 0.020307 -0.019864 0.000757 -2.749918 -1.869528
46.695089 230.180864 123.376388 943.784592 126.461428 1226.655261 123.228661 1493.781271 99.288684 1249.271344 88.051631 1219.511585 -69.749873 216.610199 -230.534131 855.336154 -159.084573 1160.639408 -141.114041 1410.271043 -105.897468 1140.894286 -102.935772 1122.097908 410.265846 2.45833 3.4e-05 -0.000195 0.192632 -0.47704 -0.08308 -0.289505 -0.135252 -0.107325 -0.376651 -0.135893 -0.255929 -0.106429 -0.021016 -0.108518 -0.078331 -3.123713 -0.155099 -0.432854 -0.250853 -0.005692 -0.024906 0.046742 -0.022449 0.023138 -0.207848 -0.342032
47.387195 230.001033 130.939408 915.188775 122.170695 1228.480268 118.780565 1512.424079 91.178124 1272.649996 81.030747 1239.136081 -69.252369 207.668572 -232.215686 791.281186 -164.23053 1158.284475 -149.874622 1425.188939 -106.080638 1173.426529 -102.468543 1142.581026 393.953791 2.013296 0.002546 -3.5e-05 0.112482 -0.219952 -0.037026 0.000678 -0.040881 0.057807 -0.172762 0.108364 -0.145829 0.078321 0.00089 -0.094232 -0.003055 -1.246371 -0.040955 -0.001196 -0.131904 0.039243 -7.9e-05 0.228663 0.000531 0.092633 -0.165446 -0.022201
46.211253 221.610143 139.68902 801.49378 111.130106 1169.431933 103.680391 1472.145167 71.848151 1255.2802 66.070865 1218.158163 -69.9778 203.129218 -242.474269 734.798678 -169.806958 1142.901194 -156.509984 1432.139408 -109.081999 1172.002414 -106.41185 1150.261062 357.987654 1.429012 -0.007387 -0.077958 0.141478 -3.769118 -0.261386 -0.72714 -0.513075 -0.271809 -1.150031 -0.059676 -0.762669 -0.089546 -0.00189 -0.025081 -0.110863 -1.045609 -0.04655 -0.051419 -0.071859 0.008454 -0.020934 -0.000432 -0.037225 0.012862 -0.860641 -0.049949
46.521333 206.762002 144.678299 722.529382 107.907795 1115.812788 98.335243 1429.216894 64.942597 1218.204139 60.711208 1178.828328 -68.528349 200.83603 -251.402648 741.162635 -164.464733 1082.144081 -145.406187 1363.645786 -102.262057 1124.342632 -101.519496 1103.278872 330.191324 1.881184 0.000518 -0.257409 0.043772 -2.047071 -0.023703 -0.629125 -0.070726 -0.317599 -0.174416 -0.27789 -0.113339 -0.322684 0.007584 -0.006509 -0.080711 0.01372 0.042692 -0.829672 0.204255 -0.839135 0.110066 -0.494634 0.057563 -0.4898 -0.561592 0.031029
47.427989 207.385217 160.77832 704.24359 106.743702 1099.104841 94.516016 1418.892493 60.089181 1207.085304 56.97507 1168.054449 -67.755332 199.491924 -256.180933 693.336237 -164.126434 1010.268566 -144.846183 1296.451397 -101.001636 1083.848449 -100.869475 1064.414264 316.899746 3.317059 0.004375 0.000469 0.424595 -0.117182 -0.003157 -0.063018 -0.037822 -0.018713 -0.094234 -0.025488 -0.05932 -0.02473 0.002192 -0.002256 -0.022491 -0.797491 0.000174 -1.234846 0.00054 -0.848805 0.003908 -0.371326 0.001044 -0.34843 -0.136522 0.202245
48.812915 201.38199 161.077596 616.888519 101.042614 973.478722 89.403588 1273.676166 54.737597 1092.691641 52.295594 1063.70615 -66.364549 196.43078 -267.68109 632.291869 -159.804996 877.25723 -139.375989 1116.380898 -95.968847 919.322499 -98.462304 916.383401 295.663046 7.483262 0.009965 -0.044085 0.000139 -2.891182 -0.078226 -3.81081 -0.071069 -3.918774 -0.124775 -2.846801 -0.100244 -2.440792 0.007211 -0.011834 -0.126245 -1.406274 0.028827 -4.692395 0.052645 -6.728744 0.064307 -6.767918 0.014535 -5.539137 -0.368234 0.8359
48.743062 186.738649 163.020007 564.468202 99.753913 844.242691 87.896101 1091.445594 54.356547 938.7897 52.38943 924.895389 -64.429368 184.165734 -277.121091 576.070286 -156.595003 725.128668 -133.454489 906.27895 -90.094687 730.233322 -95.958279 741.688969 284.411744 13.081572 -2.5e-05 -0.276337 0.005821 -1.163596 -0.004135 -4.600021 -0.006409 -7.030804 -0.000665 -5.838077 4.2e-05 -4.850634 0.014317 -0.197677 -0.081791 -1.308622 0.016284 -7.237796 0.064268 -10.941669 0.092749 -10.873518 0.016126 -9.228581 -0.109127 0.776673
48.352098 171.350351 166.279641 523.432073 100.508524 710.398969 88.146179 894.664149 55.830554 758.799711 54.027286 762.548163 -60.188884 169.298208 -269.427666 530.860808 -150.879053 651.635511 -127.436755 808.972022 -85.752932 655.763261 -89.987112 670.373667 279.968943 3.757567 -0.000787 -0.330796 0.016133 -0.774227 0.001422 -5.772218 0.000178 -9.772481 0.00986 -9.568851 0.012605 -7.827787 0.072168 -0.31282 0.05415 -0.923612 0.053134 -1.962971 0.069412 -2.762356 0.053608 -2.002097 0.095899 -1.802016 -0.017487 -2.817031
47.872761 165.190788 174.869282 481.137994 100.780239 631.218596 88.621363 797.717008 56.074345 678.755522 54.476406 689.586529 -57.750903 163.945891 -268.242411 505.731635 -147.810381 620.838648 -126.715459 777.297617 -84.711426 633.067277 -87.293677 646.551664 278.628258 0.795858 -0.001194 -0.056373 0.108155 -0.890721 0.000183 -2.338595 0.000639 -2.779064 0.000266 -2.230191 0.00093 -1.834115 0.025201 -0.042985 0.001306 -0.304637 0.015764 -0.372733 0.001024 -0.316267 0.003182 -0.199851 0.020462 -0.215477 -0.001609 -1.094818
47.04815 167.962265 169.718425 501.714771 102.924706 640.852173 90.85218 807.11487 58.304016 676.869933 56.444073 685.778151 -57.676234 165.121465 -263.363632 474.738289 -146.970757 614.610048 -127.398741 785.537678 -83.37858 650.970921 -85.885618 661.203567 281.12873 0.252599 -0.003582 0.011528 -0.038499 0.215419 0.011288 0.036479 0.013865 0.027517 0.021734 -0.001311 0.017454 -0.005273 2.4e-05 0.0021 0.022388 -0.489983 0.001196 -0.015701 -0.000919 0.021723 0.005284 0.124823 0.005724 0.082081 0.005585 -0.151723
47.330836 166.274491 171.661179 491.840031 103.216862 696.124524 91.142613 905.57713 58.565185 765.275614 56.637691 762.285494 -57.951284 161.612038 -265.782265 494.723034 -147.728578 643.223781 -127.048204 822.867555 -83.428496 670.66167 -86.009728 679.611426 281.793613 3.120448 0.000423 -0.004261 0.005528 -0.049073 0.000207 1.143004 0.000232 2.832629 0.000292 2.712251 0.000166 2.022516 -0.000327 -0.018848 -0.005528 0.206007 -0.000974 0.325501 0.000241 0.433258 -7e-06 0.146692 -4.5e-05 0.126365 0.000393 1.59741
48.740898 170.329074 172.633883 501.540557 107.619333 772.359692 99.40584 1006.78377 62.32103 841.959562 59.502353 835.402277 -57.51018 165.60703 -263.726782 517.47758 -146.215389 702.717383 -125.955535 891.15364 -82.093291 706.655309 -84.621974 719.146529 287.468696 5.922167 0.010348 0.024421 0.001374 0.047365 0.045969 1.980179 0.179254 2.679925 0.05836 1.830404 0.035335 1.67394 0.000843 0.024388 0.00399 0.255797 0.003895 1.315518 0.00236 1.360789 0.005385 0.470394 0.005643 0.55883 0.028289 0.444984
51.856519 172.257786 196.946549 507.149046 114.297333 860.77783 103.40758 1151.611228 60.747717 1010.068704 59.014064 989.440539 -59.898741 168.669594 -266.134243 532.231849 -145.701523 850.312835 -126.573457 1124.388201 -79.300768 951.91296 -81.796317 936.803591 278.862613 0.862096 0.048259 0.005429 0.800565 0.015592 0.100501 2.395237 0.039483 4.864414 -0.010057 7.645439 -0.001006 6.512946 -0.024299 0.01403 -0.005469 0.103695 0.000452 7.029429 -0.000756 13.540204 0.024161 18.233734 0.02399 14.366676 -0.065394 -2.265203
54.473502 171.267813 200.923804 509.373515 118.232797 895.259179 106.690994 1186.212879 63.905976 1038.404583 62.299199 1014.322534 -59.00541 167.302215 -257.259143 529.895943 -143.272587 922.864285 -126.2842 1227.637243 -77.652838 1050.622267 -79.777011 1023.178815 282.448564 -0.035728 0.032209 -0.001426 0.01988 0.002434 0.033305 0.338569 0.025658 0.25608 0.040016 0.19599 0.044488 0.154494 0.003356 -0.002783 0.075252 -0.002569 0.010208 1.484882 0.000165 2.267302 0.008651 2.434278 0.012619 1.904177 0.011455 -1.248828
54.007485 171.574741 199.116797 503.334598 117.219905 829.491256 105.877044 1099.862988 62.793498 961.031611 61.201604 945.076705 -58.681696 167.972308 -257.297099 521.274515 -149.071863 822.602557 -133.77066 1067.693086 -82.469218 901.911713 -84.031278 894.96369 289.186733 0.938312 -0.001001 0.000137 -0.004081 -0.018006 -0.002179 -1.254382 -0.001558 -1.631391 -0.004884 -1.497627 -0.004877 -1.223968 0.000445 0.00067 -1e-06 -0.035356 -0.057526 -2.881957 -0.107782 -5.579429 -0.072453 -5.671346 -0.055253 -4.289963 0.039715 1.34023
50.778907 165.496364 187.248555 455.964499 113.786589 815.739518 105.040429 1039.723189 62.63754 889.900366 60.766115 885.675345 -57.253181 162.76136 -255.101559 480.349682 -153.987388 715.778471 -139.722837 940.275408 -89.006085 804.035738 -90.000683 800.926224 300.977108 2.177614 -0.04975 -0.05481 -0.182325 -1.170279 -0.025515 -0.057473 -0.001659 -0.845376 -9.7e-05 -1.367291 -0.000777 -0.963935 0.008801 -0.041054 0.004704 -0.836412 -0.039867 -3.713376 -0.064778 -4.046787 -0.124642 -2.810052 -0.102407 -2.609206 0.117787 0.257058
49.052742 161.606431 187.702806 457.06852 113.934144 762.570383 102.70278 935.243705 63.740266 804.500419 62.130325 816.106422 -56.391289 158.311926 -258.110989 462.363435 -156.047857 706.720749 -142.2578 913.350471 -90.99859 755.026919 -90.942251 757.615222 307.057919 0.784931 -0.014924 -0.023131 0.000275 0.000667 4.8e-05 -0.895819 -0.013153 -2.765517 0.004811 -2.153501 0.007572 -1.422585 0.003268 -0.030832 -0.008824 -0.171598 -0.006847 -0.028838 -0.011395 -0.19556 -0.011028 -0.770482 -0.00245 -0.601911 0.030407 -0.347758
47.403609 153.777549 200.585318 411.682981 112.54053 549.593743 97.434053 685.786112 59.754485 598.994373 60.214921 622.699742 -56.490072 146.010483 -257.915293 388.594123 -155.822629 576.541335 -141.969883 755.072942 -90.627624 647.607855 -91.120251 654.76602 297.561007 -0.948245 -0.014099 -0.097184 0.213765 -1.186331 -0.004288 -17.39942 -0.069363 -19.309312 -0.064337 -15.127083 -0.014994 -13.058278 -4.3e-05 -0.248729 3.7e-05 -3.203552 8.1e-05 -6.620045 0.000146 -7.524587 0.000379 -4.119328 -8.7e-05 -3.749702 -0.07459 -3.458642
46.322665 154.749052 194.04736 421.14667 108.302688 531.719477 93.417418 676.916921 57.580263 582.801921 57.641248 601.354382 -56.548281 140.314865 -261.80406 359.728309 -155.709482 527.005793 -141.079207 706.695555 -89.324535 604.065002 -91.23129 611.19354 290.338828 -0.190483 -0.006233 0.00153 -0.054162 0.053771 -0.040665 -0.147742 -0.042271 -0.028863 -0.020146 -0.110936 -0.028105 -0.186127 -1.5e-05 -0.056655 -0.014549 -0.556943 2.1e-05 -1.112325 0.001401 -0.800747 0.004718 -0.757608 -3.4e-05 -0.750073 -0.044363 0.28873
44.20959 149.866231 193.193426 429.636929 107.06688 547.242868 92.315507 689.863913 56.880808 592.794903 56.951407 611.443188 -57.942346 139.278547 -264.139004 396.032185 -160.0128 544.419902 -144.564041 707.012494 -94.321645 597.776032 -96.521142 609.189957 297.696022 -0.01042 -0.024664 -0.039137 -0.000942 0.042365 -0.003546 0.111676 -0.003269 0.061322 -0.002137 0.042473 -0.002076 0.041963 -0.008488 -0.001921 -0.005183 0.872454 -0.029329 0.141527 -0.021258 3.6e-05 -0.068 -0.016455 -0.074535 -0.001645 0.046027 0.111799
44.816751 151.517348 190.541876 438.432296 107.556272 602.807268 92.878397 778.235809 58.621486 661.282808 58.071498 667.661824 -57.499151 140.121193 -265.112975 412.67333 -160.24858 564.350953 -144.032557 733.499895 -94.810559 608.205274 -97.174823 618.940301 302.535177 1.110076 0.00207 0.004523 -0.009161 0.044559 0.000558 1.343075 0.000855 2.662176 0.013117 1.871533 0.005454 1.236045 0.000851 0.001271 -0.000896 0.171235 -8.7e-05 0.179153 0.000489 0.243539 -0.000632 0.045097 -0.001103 0.038705 0.019507 1.335597
47.379236 160.568207 178.648731 566.419882 105.675238 649.566344 91.774768 787.247429 60.202248 684.245123 58.440178 686.781076 -58.688043 142.544515 -264.211178 459.732742 -160.913936 619.470394 -143.775652 797.615667 -95.627856 646.077977 -97.526976 653.415096 307.580055 0.547623 0.035618 0.131271 -0.191613 8.18419 -0.008297 0.873211 -0.003298 0.025938 0.010515 0.195948 0.000583 0.13495 -0.006083 0.010388 0.000768 1.270166 -0.000689 1.283894 0.000115 1.343019 -0.001754 0.571908 -0.000318 0.467137 0.020858 -0.098336
48.036543 166.575683 162.683198 607.272502 106.536518 682.391624 93.196559 804.773138 63.287285 703.398865 60.516121 709.014967 -61.84833 149.008702 -260.970305 512.563608 -158.686301 680.403501 -139.735308 860.631116 -94.113076 659.990405 -95.737175 658.382338 311.752699 0.691208 0.002264 0.055164 -0.373592 0.711192 0.001748 0.404541 0.005464 0.096469 0.038541 0.132196 0.018115 0.177095 -0.041436 0.071669 0.01 1.436375 0.007763 1.428941 0.028791 1.197765 0.006047 0.074101 0.008288 0.009404 0.014056 0.008349
49.47855 178.073439 173.798029 645.839684 109.377837 809.529364 93.555271 1007.135384 62.858506 827.799658 60.714923 829.884591 -60.251882 165.370559 -254.357828 617.737533 -149.404263 884.453405 -129.145464 1132.416696 -85.659897 911.083615 -87.031244 898.405043 295.27607 -1.995591 0.010662 0.19184 0.183626 0.593634 0.018696 5.427049 0.000345 11.335832 -0.000729 5.06178 0.000163 4.754068 0.010437 0.426065 0.042426 4.903827 0.139855 13.360605 0.208621 18.618229 0.19885 20.194987 0.207465 18.614422 -0.223654 -5.035731
49.891041 182.307029 186.337799 684.445488 113.93618 793.695406 94.491912 970.621529 65.360101 784.942067 63.751592 796.665693 -59.592779 180.013159 -242.363462 702.322584 -137.491479 980.180867 -116.045588 1234.542427 -76.139657 1005.788275 -77.389916 990.974415 282.588322 -13.67038 0.000856 0.024868 0.218381 0.560302 0.046528 -0.078193 0.002333 -0.337093 0.024406 -0.569557 0.037049 -0.339249 0.001812 0.310527 0.144836 2.712751 0.247434 2.458872 0.350195 2.204204 0.280327 2.340911 0.282918 2.269062 -0.139305 -5.219825
48.181903 185.474637 192.562318 711.033622 113.747554 760.370825 90.456625 916.563844 64.190659 745.370885 63.392216 762.472781 -61.001494 189.211411 -239.822349 771.037382 -130.137119 1058.433638 -106.498686 1317.406184 -70.023381 1072.185889 -71.850879 1053.610269 268.30128 -29.623727 -0.014894 0.013641 0.051131 0.253316 -7.8e-05 -0.357338 -0.044027 -0.77439 -0.005278 -0.511706 -0.000508 -0.374981 -0.008228 0.114593 0.006696 1.603238 0.101067 1.502431 0.20487 1.34568 0.128026 1.061074 0.102825 0.95965 -0.185295 -3.046493
48.108038 181.408386 210.096133 699.480282 111.490689 727.407857 79.841015 811.144991 57.557922 618.31187 59.636039 664.207011 -60.862472 199.156161 -234.814458 828.193449 -114.057986 1099.341388 -88.148418 1366.704324 -54.962332 1097.101835 -57.461011 1077.706751 225.010568 -68.172269 -2.8e-05 -0.022534 0.381937 -0.047317 -0.011307 -0.365206 -0.331187 -3.219147 -0.180807 -5.932166 -0.057353 -3.388161 7.9e-05 0.127346 0.02642 1.021697 0.529944 0.387806 0.866912 0.452759 0.910763 0.143094 0.803149 0.136221 -1.903165 -7.91793
48.921582 181.387915 220.142134 766.258992 108.011468 637.394389 71.172739 682.590004 52.383304 502.541127 55.159104 554.149519 -61.778693 211.690198 -230.489878 970.270037 -103.301536 1200.147179 -74.152907 1467.932434 -46.3436 1153.368215 -49.468321 1130.969988 197.268892 -133.260383 0.003411 -1e-06 0.117302 1.522001 -0.027575 -2.971586 -0.248987 -5.542181 -0.121845 -5.9949 -0.087332 -4.98108 -0.003422 0.191238 0.020097 5.620728 0.266315 2.210643 0.604554 1.808062 0.367291 0.703498 0.299135 0.642327 -0.912231 -10.805659
48.031669 183.628221 221.076837 814.456771 101.270058 552.320245 65.242191 557.928638 49.408139 401.724262 51.849394 454.728472 -64.424536 220.289228 -216.493103 1062.134831 -100.403142 1237.149705 -72.84293 1475.58445 -48.066416 1159.40796 -50.54023 1139.599313 194.939874 -196.196609 -0.004084 0.006875 0.00099 0.734973 -0.108606 -3.04564 -0.128974 -6.279587 -0.043488 -5.637628 -0.051196 -4.910732 -0.027738 0.085595 0.2192 2.077208 0.020621 0.280898 0.005837 0.009946 -0.01572 0.007886 -0.005745 0.016398 -0.006915 -6.067225
49.859891 179.739602 232.238394 738.621081 96.999983 445.485073 63.513003 451.326082 48.41097 328.530879 49.147885 375.901561 -64.07233 225.144165 -199.263844 1120.233241 -89.193833 1228.059973 -62.588018 1441.398678 -42.229001 1126.087301 -44.224374 1107.680007 181.068879 -238.140558 0.017073 -0.020808 0.137431 -1.852606 -0.045987 -5.735916 -0.011612 -5.64574 -0.005083 -3.677341 -0.036137 -3.748802 0.000483 0.026459 0.35715 0.773477 0.331647 -0.016758 0.388812 -0.200328 0.188886 -0.242907 0.210703 -0.226695 -0.255938 -2.030008
48.960111 176.072009 245.452567 711.534203 94.908029 386.792748 55.840175 386.172878 41.354406 283.702413 44.776219 331.132979 -66.690423 227.48835 -200.959713 1160.166525 -79.001316 1223.846791 -50.225544 1421.745104 -33.662784 1106.551936 -36.554478 1090.751575 149.639022 -269.662623 -0.004096 -0.018903 0.182804 -0.252995 -0.011402 -2.072074 -0.246886 -2.538142 -0.277792 -1.643403 -0.101794 -1.41877 -0.026212 0.00607 -0.003593 0.349673 0.309114 -0.00362 0.679406 -0.067455 0.485002 -0.085468 0.36495 -0.065177 -1.496905 -0.979316
51.720888 174.82617 259.055757 698.485136 92.109912 287.19883 54.427848 244.104957 40.181884 182.599929 44.4849 235.544709 -63.392643 226.85383 -193.343657 1163.70645 -59.631114 1229.782764 -32.735432 1424.387314 -19.364773 1119.841266 -23.329733 1110.493759 115.336014 -398.045406 0.037859 -0.002212 0.183427 -0.060383 -0.020934 -7.398975 -0.009045 -16.220138 -0.008431 -11.092322 -0.000475 -8.120185 0.041808 -0.000443 0.07356 0.002696 1.359906 0.00718 1.864617 0.001226 1.963982 0.039662 1.478519 0.088532 -2.229773 -12.458555
53.163912 175.108977 259.167437 694.662442 91.749645 213.734818 55.865298 159.928215 40.77422 116.390389 43.379915 163.660659 -63.294635 230.510873 -192.68475 1188.866053 -52.752018 1219.144438 -25.756701 1405.522098 -15.49774 1105.343785 -19.682972 1097.247342 106.547531 -504.374034 0.009927 0.000114 1.2e-05 -0.005245 -0.000353 -5.416182 0.009368 -8.866017 0.002167 -7.42299 -0.006948 -6.525334 3.8e-05 0.014621 0.000562 0.134539 0.210736 -0.023107 0.41781 -0.062882 0.215134 -0.047227 0.154871 -0.03974 -0.174118 -6.286041
54.378433 175.444826 266.06589 591.215581 92.002398 141.244636 57.508552 91.40376 41.198932 67.070341 43.157139 106.64427 -62.636785 229.258134 -187.259484 1191.443391 -34.906266 1183.917034 -11.877777 1308.466161 -6.185781 1017.643311 -9.68922 1030.366822 79.312605 -562.205533 0.006858 0.000161 0.045304 -4.167823 0.000174 -7.480409 0.011909 -9.5218 0.0011 -6.753706 -0.000287 -6.081754 0.001718 -0.001707 0.038736 0.001395 1.83577 -0.25822 2.652634 -1.735982 2.101322 -1.812224 1.752442 -1.051438 -2.006257 -1.569008
53.239037 175.776018 267.688307 468.101678 91.590539 91.104093 57.87508 50.429398 40.778254 38.728945 41.925414 70.405311 -63.085495 230.782348 -175.631829 1189.249372 -21.877374 1072.040101 -4.431617 1145.795619 -1.740917 896.966372 -4.072619 925.680999 59.37047 -562.929647 -0.006032 0.000156 0.002466 -7.178474 -0.000462 -5.474628 0.000582 -6.047495 -0.001079 -3.86669 -0.008916 -3.748421 -0.000801 0.002525 0.186333 -0.001011 1.514935 -2.775796 1.799017 -5.396904 1.363488 -3.80689 1.19832 -2.803352 -1.441294 -0.000233
54.083642 174.771795 267.296614 421.090527 86.672237 72.592604 56.392498 35.073562 38.686262 27.777626 39.063618 56.365913 -61.928888 226.1293 -175.919239 1131.880815 -17.209567 936.641232 -2.490564 990.96766 -0.511267 776.5196 -1.977839 813.247272 48.092247 -510.563532 0.003323 -0.001438 -0.000143 -1.243598 -0.067861 -1.050045 -0.009618 -1.390211 -0.027542 -0.907847 -0.050577 -0.779801 0.00535 -0.023693 -0.000117 -0.709063 0.279718 -4.568601 0.277717 -5.61673 0.36531 -4.34012 0.374197 -3.638615 -0.593464 1.277998
52.33474 175.533735 261.279483 348.949537 78.903443 68.738657 51.218353 41.418442 33.366859 32.082921 33.847915 59.195756 -60.671506 225.155076 -169.991477 1104.227799 -14.218494 860.675007 -1.345397 909.11321 -0.054938 706.852273 -0.940079 745.711842 36.129652 -437.751625 -0.014372 0.000829 -0.03425 -3.386702 -0.182356 -0.052556 -0.124464 0.263603 -0.196624 0.155024 -0.186791 0.034653 0.006448 -0.001052 0.050795 -0.170993 0.142657 -1.60613 0.174925 -1.763941 0.231015 -1.636884 0.190777 -1.463533 -0.853892 2.799391
49.847265 163.644418 245.52485 349.264708 64.049288 81.65164 37.854561 51.480048 23.772874 40.219449 25.074991 69.501743 -58.628378 213.393366 -161.139104 1076.759903 -8.435645 737.48499 -0.0484 739.346979 0.418975 572.780185 -0.009632 622.324832 17.879881 -309.44138 -0.030281 -0.208444 -0.244935 7.1e-05 -0.773839 0.5554 -1.008205 0.546481 -0.811192 0.45928 -0.656752 0.413311 0.017497 -0.157751 0.11835 -0.172976 0.750517 -4.754965 0.883434 -8.764967 0.777345 -7.04301 0.759393 -5.57567 -3.176714 11.099351
49.099592 143.09642 243.536385 332.318997 52.011756 110.475273 28.504694 77.104303 16.002926 48.242906 18.367115 84.875151 -58.342845 200.301102 -152.643663 969.841202 -4.785727 579.966076 0.326008 552.685073 1.554164 424.541006 0.292199 476.726981 7.58289 -186.559581 -0.002825 -0.68901 -0.004042 -0.210687 -0.625938 2.174422 -0.661989 2.579062 -0.766286 0.364612 -0.521004 0.767377 0.000349 -0.207219 0.115025 -2.794736 0.513784 -9.450644 0.625636 -13.554772 0.359254 -11.07847 0.407937 -9.68679 -2.174905 15.462704
49.041555 130.993227 237.620599 368.434728 40.994353 217.925861 17.613971 243.3171 8.017363 192.38023 11.474866 223.99683 -58.292548 198.284417 -152.167504 996.377172 -12.782267 551.886083 -1.086577 520.465118 -0.094205 365.226847 -0.779154 407.664643 9.849699 -27.46587 -1.7e-05 -0.267356 -0.036368 0.931292 -0.65486 18.076021 -1.304344 46.481297 -1.366259 47.947435 -0.806817 33.105669 1.1e-05 -0.005102 0.000372 0.179072 -1.925431 -0.34837 -2.602933 -0.48379 -2.413639 -2.230494 -2.025645 -2.70067 0.148008 70.860913
47.096815 128.42076 227.985229 382.163295 38.052262 245.764563 15.278307 259.826687 7.058647 204.399425 10.176701 240.934433 -59.82288 194.828624 -152.778235 992.45108 -14.18085 505.27412 -1.635878 466.527259 -0.396559 322.555071 -1.315641 365.714088 10.801349 -13.417463 -0.019672 -0.012755 -0.099709 0.125559 -0.054771 0.836434 -0.083032 0.270936 -0.030514 0.182084 -0.038952 0.308624 -0.009914 -0.01519 -0.000612 -0.003875 -0.036297 -1.0281 -0.055991 -1.474919 -0.1042 -1.32501 -0.069863 -1.138605 0.021939 2.489464
47.461572 124.580351 218.170718 410.573643 41.18692 271.363108 17.890165 295.218205 8.663022 224.852252 11.688908 258.801591 -59.571938 186.744595 -150.39206 957.177146 -14.524121 508.01439 -1.767704 493.283392 -0.403586 341.114524 -1.356912 378.066614 12.806273 -12.070147 0.000704 -0.029149 -0.107963 0.509253 0.062027 0.633971 0.102996 1.12949 0.082076 0.487541 0.052354 0.319506 0.000264 -0.085644 0.009391 -0.319126 -0.002053 0.003705 -0.002554 0.373006 -3.1e-05 0.259557 -0.000319 0.102581 0.08529 0.035636
47.427907 119.873242 221.356623 426.268265 45.949227 231.398489 21.711364 238.725546 11.215044 178.866687 14.119617 215.823326 -59.60732 182.476396 -146.083812 954.023999 -14.740881 494.611678 -2.08666 475.535632 -0.584617 325.756027 -1.506459 365.398871 16.920795 -21.851955 -6e-06 -0.045323 0.011547 0.147186 0.130236 -1.590915 0.184787 -2.996947 0.1645 -2.627541 0.11472 -1.949891 -5e-06 -0.024671 0.031304 -0.002601 -0.000803 -0.089585 -0.01322 -0.162574 -0.016723 -0.176882 -0.003908 -0.107929 0.286122 -1.44095
44.991455 121.552062 211.164814 434.853363 48.388163 223.541479 24.150536 223.192902 13.116994 167.916538 15.763149 204.145305 -60.306165 181.356689 -144.941176 974.233721 -16.040526 506.974563 -2.697615 479.720098 -1.150248 322.097172 -2.17793 361.548777 22.035845 -24.88817 -0.032122 0.005837 -0.120095 0.042796 0.031533 -0.067852 0.06491 -0.261227 0.074448 -0.172926 0.045231 -0.162396 -0.002036 -0.001723 0.002243 0.10591 -0.027449 0.076302 -0.03917 0.009165 -0.094799 -0.010332 -0.061704 -0.010196 0.337266 -0.09872
44.691146 121.604574 209.429175 462.680571 49.195617 226.790094 25.123426 225.007439 13.695558 166.884539 16.237739 203.840196 -59.961956 182.231467 -143.346938 984.37734 -15.929333 512.140915 -2.884821 486.813274 -1.086452 329.664504 -2.048367 369.313341 22.496821 -27.439637 -0.000503 6e-06 -0.003581 0.431482 0.003341 0.011718 0.009606 0.003673 0.006243 -0.001591 0.003519 -0.000114 0.000493 0.001052 0.004408 0.026267 0.000193 0.013095 -0.00314 0.026028 0.00091 0.043932 0.001986 0.041246 0.002386 -0.062241
44.097425 122.019346 210.977941 455.880883 50.481432 213.218825 27.158824 209.015256 14.842342 156.368189 17.105724 194.127409 -59.339657 183.407543 -141.516005 964.700537 -15.074505 506.784813 -2.463491 485.427349 -0.794019 332.709516 -1.685372 372.664718 22.502249 -32.897107 -0.001985 0.000353 0.002853 -0.025168 0.008294 -0.20934 0.039635 -0.294727 0.023051 -0.171109 0.011299 -0.118543 0.001623 0.001891 0.005884 -0.099326 0.011787 -0.014078 0.016622 -0.000988 0.022877 0.006999 0.017687 0.007569 0.0 -0.247322
43.166381 122.260838 208.517044 454.455369 49.566635 221.55123 26.200153 215.40602 14.399476 166.003445 16.526608 205.169562 -59.92024 184.957345 -142.496199 965.640484 -16.287278 512.260973 -2.989048 505.945454 -0.98931 345.13717 -2.051619 381.562632 22.93744 -32.417483 -0.004967 0.000119 -0.007218 -0.001116 -0.004182 0.079853 -0.008613 0.048117 -0.003354 0.144025 -0.004986 0.152709 -0.001413 0.00326 -0.001691 0.000229 -0.023458 0.014714 -0.025388 0.212351 -0.010725 0.113934 -0.01799 0.052488 0.002084 0.001761
46.472073 125.984903 215.091119 461.449553 51.366481 227.24892 27.366281 224.775484 15.274253 170.792707 17.629083 208.560512 -58.538367 189.188127 -140.28606 976.569206 -15.39724 522.393333 -2.500262 511.349965 -0.776011 350.514092 -1.772478 388.21834 22.935898 -31.959272 0.060974 0.027935 0.051015 0.026705 0.016049 0.036169 0.012695 0.099728 0.012897 0.034054 0.017797 0.013896 0.00806 0.023921 0.008637 0.030748 0.012503 0.049614 0.021805 0.014356 0.012934 0.02078 0.010202 0.028774 -0.0 0.001631
46.525805 131.795615 209.468855 527.306182 49.807632 260.060015 25.663827 251.187596 15.254226 185.049767 17.512804 224.098003 -58.275711 189.129186 -140.537286 997.981751 -16.917461 552.89318 -3.215234 540.736649 -1.190106 371.392968 -2.34792 408.05237 24.96587 -32.129156 1.6e-05 0.065499 -0.037228 2.195647 -0.01201 1.10586 -0.027334 0.733395 -7e-06 0.285724 -0.000192 0.279079 0.000295 -5e-06 -0.000112 0.116105 -0.035779 0.432642 -0.044895 0.410492 -0.044102 0.301991 -0.04038 0.247058 0.043032 -0.000225
47.035068 133.944372 211.068683 524.393494 50.397192 268.481148 25.676933 266.298015 15.255949 197.005776 17.629984 236.643082 -58.272298 191.128382 -140.582018 1005.146806 -16.844604 561.38034 -3.179285 547.780799 -1.154356 377.266436 -2.296131 415.346922 24.803347 -29.024866 0.001386 0.008688 0.003043 -0.004033 0.001734 0.06709 2e-06 0.220657 0.0 0.187121 0.000195 0.170821 0.0 0.005255 -4e-06 0.012814 7.9e-05 0.032323 0.000101 0.022793 0.000273 0.02304 0.000289 0.032312 -0.000265 0.078841
44.761144 132.468017 203.653701 520.649252 48.007217 276.363641 23.927617 281.131728 13.968931 208.442687 16.625958 245.302432 -59.415257 188.734784 -141.92415 1010.273871 -16.923688 561.163582 -3.060471 546.254445 -1.133992 375.557379 -2.329152 413.746095 23.062987 -24.420977 -0.028169 -0.004091 -0.066293 -0.006708 -0.029027 0.057023 -0.030855 0.201012 -0.028353 0.161339 -0.014717 0.0778 -0.00555 -0.007541 -0.003188 0.006521 -9.3e-05 -2.1e-05 0.001131 -0.001065 9.1e-05 -0.00194 -0.000118 -0.001545 -0.031649 0.198661
45.073051 137.208848 203.428864 508.217135 46.323801 281.400028 22.82687 297.180086 12.364733 221.993449 14.911449 258.648961 -58.89576 192.105195 -146.958256 982.873433 -17.289329 555.027656 -3.275429 551.898965 -0.95272 381.432125 -2.107141 418.896552 20.181891 -21.444705 0.000541 0.041674 -6.2e-05 -0.075113 -0.015022 0.022739 -0.012959 0.222717 -0.048908 0.213352 -0.046639 0.176764 0.001141 0.014914 -0.043866 -0.18835 -0.001954 -0.016865 -0.003647 0.014507 0.007888 0.022796 0.005559 0.01593 -0.09608 0.096669
44.475598 130.182068 212.296125 492.956331 48.211945 282.398379 23.372764 301.352383 12.460238 222.210459 15.441546 258.53145 -60.031578 186.6204 -146.720484 990.230586 -17.006939 546.776977 -3.048824 540.081117 -0.946772 369.489418 -2.054078 406.205192 20.276363 -18.622524 -0.001993 -0.092344 0.094578 -0.116316 0.018858 0.000884 0.003225 0.014542 0.000184 5.3e-05 0.004629 -1.3e-05 -0.005424 -0.039718 9.6e-05 0.013716 0.001163 -0.030892 0.004061 -0.063951 9e-06 -0.094975 0.000338 -0.097612 0.00011 0.099515
44.500644 130.267976 212.065698 490.806996 49.730093 288.238978 25.062815 312.944217 13.695735 234.531584 16.728093 270.162724 -60.065896 187.20696 -146.643387 990.633701 -16.873238 547.787774 -2.958141 539.102092 -0.927867 368.97986 -2.031409 406.042432 21.75321 -15.166542 4e-06 1.4e-05 -6.3e-05 -0.002348 0.011767 0.029891 0.029494 0.109379 0.029196 0.166218 0.025736 0.12796 -5e-06 0.00046 1e-05 4.1e-05 0.000264 0.000467 0.000685 -0.000444 9.5e-05 -0.000176 6.3e-05 -1.6e-05 0.025955 0.177205
43.051716 133.515365 205.119193 514.679822 50.530654 300.950119 26.420096 320.661488 15.182609 240.445904 17.902016 277.218339 -62.347242 192.808215 -149.138313 1028.037396 -17.324738 567.148408 -2.98294 551.326406 -1.123354 376.882286 -2.37404 414.860801 24.565609 -15.265728 -0.01199 0.01999 -0.057837 0.283441 0.003196 0.137131 0.017895 0.047 0.038303 0.036823 0.019903 0.045475 -0.02126 0.041282 -0.010523 0.346554 -0.002981 0.168109 -5.2e-05 0.068523 -0.009336 0.041864 -0.013344 0.047366 0.085461 -0.000162
42.733724 135.627987 201.954695 524.837052 49.723452 299.934746 26.053304 318.222996 14.679066 237.75844 17.168299 274.391853 -62.390925 193.72036 -149.278905 1026.558351 -17.607542 570.231433 -3.150105 557.334947 -1.190132 380.454214 -2.475696 417.687503 24.228632 -16.693908 -0.000589 0.008292 -0.0123 0.049625 -0.00325 -0.000858 -0.001282 -0.004654 -0.004246 -0.007552 -0.007676 -0.007242 -8e-06 0.001076 -3.3e-05 -0.000532 -0.001145 0.004178 -0.002279 0.016282 -0.000964 0.008423 -0.001066 0.004799 -0.001164 -0.031926
43.366019 138.87528 196.517335 528.732932 47.505602 311.528365 24.575714 331.204243 13.712637 247.289269 16.137306 282.393572 -60.903445 193.694809 -148.09792 1014.099874 -16.792392 573.320531 -2.69329 566.32853 -0.882459 386.091945 -2.099871 421.063496 21.55235 -15.396118 0.002322 0.019208 -0.0371 0.007203 -0.025298 0.10992 -0.021566 0.129752 -0.016453 0.093646 -0.015961 0.0575 0.008973 -1e-06 0.002345 -0.038031 0.009659 0.004172 0.017883 0.035992 0.022964 0.020732 0.015461 0.006794 -0.078293 0.026253
43.986747 139.975181 198.88994 529.36632 47.65172 312.024912 24.565137 331.281265 13.608699 247.233409 16.088975 282.421818 -60.074165 194.550098 -150.260882 1012.617236 -17.388333 572.491069 -3.002986 565.241951 -0.971205 386.36441 -2.215138 421.764121 21.850897 -15.464532 0.002205 0.002169 0.007118 0.00019 0.000112 0.000198 -1e-06 4e-06 -0.000198 -3e-06 -3.6e-05 1e-06 0.002842 0.000942 -0.00784 -0.000542 -0.005196 -0.0003 -0.008425 -0.000522 -0.002126 4.8e-05 -0.00154 0.000291 0.001027 -7.6e-05
44.449446 141.682257 200.314431 538.052889 51.14373 319.068649 27.197915 337.615886 15.748197 250.768527 18.290714 287.51286 -60.615528 195.173211 -153.612026 1031.362728 -18.244349 583.535432 -3.325325 575.282868 -1.150542 393.622489 -2.466514 429.809418 25.412014 -16.03401 0.00121 0.005173 0.002542 0.035346 0.061733 0.039309 0.066998 0.029996 0.078066 0.012547 0.070574 0.022739 -0.001214 0.000498 -0.018479 0.08596 -0.010284 0.052759 -0.008215 0.0442 -0.007593 0.03377 -0.006754 0.038005 0.134351 -0.005148
44.651787 143.190125 200.327929 589.378885 51.845103 330.36594 27.574152 344.956921 16.167633 252.179814 18.564387 290.213818 -60.658414 195.156891 -155.049419 1029.508135 -19.053746 588.99317 -3.698563 588.99751 -1.256459 400.605049 -2.62419 435.169626 26.438298 -17.097812 0.00023 0.003991 0.0 1.168906 0.002388 0.098269 0.001292 0.039477 0.002756 0.00198 0.001016 0.006314 -8e-06 -0.0 -0.003347 -0.000834 -0.008783 0.012702 -0.009924 0.080779 -0.002332 0.030695 -0.002442 0.016609 0.010158 -0.017083
45.163294 150.394984 198.885401 675.652083 59.866592 347.374373 35.186471 347.653712 22.885914 251.601436 24.220359 292.542835 -61.927012 195.727101 -154.582784 1027.310922 -19.388623 603.590453 -3.871813 608.926944 -1.399313 418.33338 -2.841996 452.351454 35.603277 -21.07958 0.001457 0.08842 -0.002606 2.945279 0.288365 0.213454 0.463365 0.00525 0.582204 -0.000332 0.375496 0.004654 -0.006564 0.000416 0.000352 -0.001174 -0.001459 0.089339 -0.001983 0.165791 -0.003845 0.191913 -0.004341 0.16633 0.680674 -0.20821
45.054246 152.4343 194.443946 730.216088 64.502014 360.823118 41.181412 348.666562 28.178748 252.075801 28.482486 293.193721 -62.540212 196.860987 -156.234801 1016.015397 -19.533373 608.001996 -4.06906 617.050339 -1.369954 432.147967 -2.850674 465.588562 41.97506 -24.12061 -6.6e-05 0.006867 -0.025077 1.059257 0.086415 0.127708 0.235668 0.000737 0.275041 0.000223 0.172624 0.000362 -0.001511 0.001637 -0.00439 -0.031221 -0.000269 0.008031 -0.00245 0.026913 0.000156 0.112204 -7e-06 0.095447 0.262111 -0.102415
44.054688 157.389999 186.560802 771.329199 64.484208 373.723597 41.828445 358.864793 29.621586 256.283499 29.358305 299.612145 -64.546685 198.131607 -160.082777 1022.861584 -23.374983 619.253079 -6.319665 626.356144 -2.572509 442.023891 -4.451226 473.878423 49.652824 -25.155314 -0.005606 0.039636 -0.081561 0.562955 -1e-06 0.113291 0.002522 0.073502 0.018011 0.017414 0.006631 0.034748 -0.01584 0.002044 -0.023406 0.011494 -0.172317 0.051574 -0.246714 0.034823 -0.187882 0.055788 -0.177577 0.036576 0.322238 -0.010865
43.717399 161.66372 182.977148 819.283112 66.31372 387.590052 43.629638 359.604983 31.896392 255.676128 31.410883 300.435813 -65.156907 200.893305 -163.50095 1027.79642 -32.776573 628.153776 -13.065624 633.680354 -7.032795 448.155114 -9.389433 480.067421 68.883873 -26.830314 -0.000648 0.028625 -0.017377 0.723024 0.012796 0.126291 0.018984 0.000381 0.042073 -0.00036 0.034674 0.000565 -0.001435 0.009557 -0.018054 0.005938 -0.79266 0.031755 -1.211641 0.021287 -1.098382 0.021115 -0.910928 0.020077 1.570397 -0.026992
42.498471 166.448776 181.064548 869.956305 68.557957 394.353645 46.392873 360.986288 34.820569 254.078426 33.541578 301.886528 -68.12149 203.465337 -171.800214 1044.802135 -43.117405 641.022841 -20.989888 652.292676 -12.886407 460.191404 -15.342466 491.554018 90.072624 -30.38473 -0.008617 0.034893 -0.005024 0.760209 0.018673 0.029252 0.042419 0.001324 0.064114 -0.002504 0.034957 0.001747 -0.032975 0.00818 -0.102726 0.069767 -0.707789 0.065246 -0.934764 0.134698 -0.879511 0.079749 -0.727145 0.0679 1.41855 -0.110514
43.664527 173.12903 175.172398 973.269702 73.68882 401.000624 47.914423 354.662674 39.822845 240.055199 35.229619 293.22189 -70.068826 209.404506 -181.435361 1083.983851 -51.404722 658.113192 -26.460031 668.495913 -19.376185 470.289689 -22.253757 503.897732 114.754941 -38.346421 0.007891 0.065714 -0.048731 2.897652 0.092566 0.027776 0.012275 -0.027939 0.167804 -0.199026 0.02072 -0.063081 -0.013721 0.04272 -0.131433 0.360613 -0.364 0.112418 -0.31636 0.099393 -0.659465 0.054799 -0.640709 0.076535 1.492584 -0.462691
45.63921 182.803116 174.844849 1053.893919 82.761879 408.171698 58.447468 347.631708 50.97473 221.093764 46.17455 276.276549 -70.047024 213.261648 -190.42572 1164.104198 -70.567897 700.742132 -42.896632 685.742719 -35.305156 475.965438 -36.656642 512.170726 171.124939 -48.266507 0.021835 0.131493 -0.000153 1.603925 0.263309 0.031776 0.52283 -0.035196 0.687447 -0.389991 0.739138 -0.252159 2e-06 0.0176 -0.108694 1.428171 -1.514774 0.668825 -1.975769 0.109827 -2.371524 0.017022 -1.787794 0.033681 5.612634 -0.569967
45.121404 189.417505 173.540702 1016.156754 88.358509 401.311613 65.820234 348.293815 56.797405 218.652473 52.056471 275.658288 -69.288732 216.11966 -194.326357 1146.685147 -78.662514 750.12869 -50.521079 736.466878 -41.635459 518.400406 -43.065327 555.707931 195.690996 -63.704438 -0.001477 0.058774 -0.002441 -0.344004 0.091546 -0.029069 0.218905 0.000315 0.157408 -0.006777 0.176258 -0.000346 0.002063 0.009512 -0.019773 -0.065655 -0.219698 0.840784 -0.311661 0.904845 -0.260856 0.905877 -0.258008 0.887871 0.823532 -1.069354
47.320011 181.906465 173.628341 1003.22287 87.735237 382.596293 65.442914 289.940637 56.763091 178.708088 51.540237 240.389898 -67.58769 207.86506 -194.207557 1126.803875 -73.256285 787.237227 -44.179832 796.893164 -35.289291 561.951878 -37.676213 594.062928 181.565046 -106.8608 0.026149 -0.075973 1.1e-05 -0.04142 -0.001103 -0.22344 -0.000542 -2.673186 -5e-06 -2.012788 -0.001286 -1.206588 0.01057 -0.080362 1.8e-05 -0.086931 0.096224 0.447923 0.212546 1.191095 0.262221 0.878187 0.18005 0.639917 -0.264558 -5.55
48.780355 168.314932 190.41404 948.109328 92.380002 312.725568 67.157453 192.855393 57.57167 107.793156 52.963751 161.156658 -66.105995 196.621628 -195.566528 1106.641954 -85.484891 892.843202 -58.990165 966.588302 -46.003747 696.820582 -46.493001 713.285474 206.50282 -256.48058 0.011096 -0.263832 0.387193 -0.77847 0.059899 -3.519453 0.011085 -9.862142 0.002859 -8.915158 0.009696 -7.894768 0.008211 -0.156296 -0.002369 -0.091005 -0.471715 3.322359 -1.068565 8.183645 -0.709178 7.245977 -0.463056 5.44755 0.802097 -32.235838
45.043204 180.319498 190.699057 974.907497 107.778552 224.419605 85.827186 104.846258 74.529609 50.899859 67.386148 94.1066 -66.515938 202.447723 -187.049514 1099.864569 -93.488176 1041.874948 -74.330141 1167.580669 -56.264243 901.834743 -54.310898 903.158725 260.306047 -524.233674 -0.074458 0.206739 0.000107 0.186732 0.593198 -7.308412 1.143469 -13.306389 1.092973 -10.549079 0.867295 -8.963399 -0.000634 0.04253 0.094806 -0.010409 -0.179034 5.748513 -0.885457 9.485638 -0.516017 13.200172 -0.303618 11.190326 3.110979 -47.35007
48.278931 196.718173 204.236439 992.552481 116.000968 158.244137 94.423323 53.279534 81.54245 21.1506 73.719215 54.763221 -65.657323 222.700031 -192.30327 1153.656891 -109.889658 1188.436151 -99.144532 1339.567611 -75.752262 1064.877134 -70.073366 1062.371446 314.482815 -785.875837 0.056113 0.356786 0.232082 0.079125 0.151111 -5.765418 0.205091 -8.644559 0.157635 -6.428433 0.142191 -5.292935 0.002789 0.482643 -0.036382 0.642112 -0.662431 4.820723 -1.783939 5.905991 -1.446314 6.769841 -1.002784 6.458921 2.558914 -26.392132
47.205521 202.925133 211.628109 996.540112 138.259527 126.139628 120.449388 32.325411 104.881537 8.745954 94.419964 35.480114 -67.322654 223.245799 -188.530944 1156.696454 -139.054383 1286.039993 -135.422318 1480.101645 -106.509143 1233.238669 -97.653337 1221.778541 422.775094 -1034.274738 -0.006034 0.048204 0.065696 0.003997 0.976157 -1.817974 1.582004 -2.604154 1.466722 -2.694923 1.27917 -2.084267 -0.010428 0.000334 0.018684 0.001999 -1.714281 1.925704 -2.822315 3.504329 -2.613878 6.175438 -2.283081 5.56917 7.996634 -17.029364
47.180953 198.904567 216.212903 1004.362163 155.017581 121.097087 141.361897 28.824514 123.346995 7.261853 111.019294 33.22557 -66.221385 220.797848 -163.63992 1145.528303 -159.876435 1421.444635 -175.193698 1697.253621 -138.819233 1513.253347 -121.792828 1474.637618 523.875497 -1310.85811 -3e-06 -0.020115 0.024566 0.015289 0.479175 -0.051428 0.836543 -0.100297 0.748226 -0.068945 0.671704 -0.037001 0.004541 -0.006748 0.880736 -0.027089 -0.726063 3.387996 -2.556693 7.429162 -2.136949 14.311536 -1.331736 11.882235 5.414144 -16.367142
44.725182 192.674325 221.447263 993.97263 168.960317 90.18025 158.455501 11.777763 135.854375 0.926232 121.601879 16.837853 -68.63087 214.318008 -159.016544 1111.43704 -192.599292 1420.234991 -221.153237 1681.862739 -187.181598 1508.155219 -163.397619 1473.781244 641.968185 -1434.331164 -0.032815 -0.049566 0.031302 -0.027008 0.300159 -2.274317 0.487679 -3.751861 0.301938 -3.001117 0.24084 -2.758148 -0.021528 -0.048252 0.033126 -0.257487 -1.522236 -0.000257 -2.673703 -0.035051 -3.607246 -0.004301 -3.051062 -0.000124 5.996447 -2.77819
44.283256 199.132946 217.314758 1001.146501 175.137058 71.504704 173.227862 2.974772 150.435117 -0.279627 132.657083 8.05731 -69.969424 209.375353 -161.356177 1103.046059 -228.0332 1483.755224 -271.313133 1751.211527 -236.95365 1597.968651 -206.489973 1569.017613 764.992528 -1640.525216 -0.001097 0.053236 -0.019462 0.012898 0.055442 -1.082188 0.329126 -2.914265 0.37154 -2.223698 0.240454 -1.599859 -0.006464 -0.028831 -0.008543 -0.015897 -1.495126 0.694786 -2.561164 0.700501 -2.930486 1.298747 -2.518731 1.490764 5.388931 -6.921281
42.116671 209.479811 211.126532 1021.384744 181.776658 76.810443 186.673494 2.997711 160.346005 -0.176634 141.229973 8.92559 -71.556123 204.469308 -165.589926 1033.175308 -237.005309 1467.384176 -282.543836 1736.323376 -237.439354 1618.926281 -207.310804 1591.050205 788.028625 -1652.923452 -0.027169 0.131022 -0.044692 0.101258 0.061763 0.094933 0.251247 4.4e-05 0.158071 0.011776 0.134202 0.022211 -0.008895 -0.029081 -0.027413 -1.142959 -0.086559 -0.045408 -0.113876 -0.031779 -0.000249 0.068269 -0.000814 0.076809 0.170858 -0.023337
43.419024 210.250463 213.755035 1013.233194 197.072877 71.564795 202.989923 2.739697 175.185967 -0.133361 155.223808 8.607743 -71.590211 199.475508 -157.954024 1016.548578 -241.633363 1515.891501 -298.192643 1808.96164 -261.029622 1702.701261 -226.829501 1662.805355 863.901112 -1732.972525 0.009915 0.000707 0.008131 -0.016329 0.308922 -0.092756 0.34176 -0.005804 0.328333 0.003035 0.330467 -0.002881 -4e-06 -0.030869 0.090119 -0.067437 -0.022375 0.394385 -0.210878 0.74421 -0.558523 1.056615 -0.438997 0.791281 1.743317 -0.946389
45.356572 208.983718 216.639763 980.719682 212.691807 69.278016 219.593815 3.082376 187.075846 -0.110043 167.197227 8.870472 -69.927599 199.30743 -157.163356 1000.953578 -240.96367 1549.454199 -296.872938 1871.193407 -255.188865 1777.381787 -221.691073 1728.435003 879.252914 -1805.462363 0.021146 -0.001914 0.009668 -0.265101 0.29778 -0.018566 0.326321 0.010094 0.195173 0.00112 0.222399 0.001975 0.009767 -3.5e-05 0.000992 -0.060274 0.000465 0.183746 0.001463 0.52621 0.033044 0.801392 0.029435 0.635115 0.067602 -0.742606
46.172444 216.651606 228.295828 955.679983 216.352805 80.247899 234.897033 6.406373 199.001082 0.071564 176.352023 12.131146 -66.422879 204.016474 -154.37802 1009.965655 -238.642669 1593.385299 -292.850796 1914.21062 -251.494423 1819.375557 -218.189383 1769.753119 897.922203 -1796.625913 0.003636 0.069075 0.152704 -0.161902 0.01562 0.402943 0.257711 0.601263 0.184219 0.35909 0.121999 0.254667 0.04505 0.027491 0.012451 0.020194 0.005616 0.307053 0.013716 0.244431 0.013469 0.245156 0.013938 0.244019 0.098063 0.010839
47.559846 214.314779 241.950061 944.204514 238.669004 79.497492 248.426216 6.322947 213.13206 0.00052 191.000926 9.957291 -69.177342 204.850721 -154.54314 1059.319434 -244.527836 1643.845199 -298.201289 1960.102308 -263.455243 1824.135977 -228.373826 1780.485282 950.510329 -1822.188267 0.010269 -0.006336 0.198276 -0.034657 0.54757 -0.001763 0.189392 -0.000273 0.242329 -0.059881 0.292193 -0.107231 -0.027979 0.000851 -4.4e-05 0.588643 -0.035843 0.393292 -0.024218 0.271806 -0.138927 0.00311 -0.11615 0.016221 0.748221 -0.090284
49.104019 201.598162 251.766065 870.353316 254.104839 82.681538 253.14364 7.258368 223.949909 0.057709 201.500257 11.728945 -70.694682 203.837388 -148.844748 1047.532016 -246.663262 1688.80421 -305.931776 2006.074931 -272.399875 1855.512473 -235.887968 1818.21006 990.329247 -1834.87426 0.012335 -0.194452 0.09759 -1.503468 0.241818 0.031259 0.022185 0.032252 0.133892 0.047271 0.140453 0.072489 -0.00823 -0.001256 0.05352 -0.032974 -0.004642 0.303273 -0.049462 0.266447 -0.074658 0.133777 -0.060813 0.197738 0.408512 -0.022003
48.100431 194.444611 258.943333 827.18806 277.282949 74.267204 278.353128 6.261557 247.855352 0.002255 223.446402 9.832926 -69.605238 207.493384 -150.173291 1050.435452 -243.98875 1679.541344 -301.463417 1991.441088 -265.674609 1858.513564 -229.650253 1816.931367 1026.75067 -1854.421442 -0.005181 -0.064611 0.050435 -0.548894 0.505733 -0.225717 0.598194 -0.036797 0.60601 -0.037149 0.567077 -0.083524 0.00423 0.016248 -0.002951 0.002009 0.007289 -0.012736 0.016436 -0.026785 0.04203 0.001213 0.041791 -0.000225 0.328849 -0.051784
50.034961 188.409921 264.881464 817.365928 298.950356 79.120615 303.346136 7.475014 270.675644 0.129856 244.499316 12.126268 -67.209044 211.277601 -148.037141 1018.855446 -241.010582 1675.922925 -302.112336 1992.483636 -260.781324 1894.227289 -225.064217 1845.081775 1062.821824 -1862.989903 0.019069 -0.047563 0.033659 -0.029332 0.407511 0.076804 0.537167 0.053702 0.502398 0.097886 0.473826 0.120083 0.020985 0.017098 0.007651 -0.24099 0.009144 -0.001951 -0.000349 0.000136 0.022741 0.169942 0.023127 0.1082 0.311362 -0.009875
50.224108 183.718372 270.342529 799.947813 316.727029 76.230597 318.508869 7.328212 276.828955 0.09424 256.364135 11.352836 -67.29747 212.52103 -149.818368 1032.222763 -239.040979 1676.720688 -297.780666 1981.629693 -258.134068 1890.641011 -223.297812 1843.108581 1069.599289 -1864.038932 0.000178 -0.029575 0.027861 -0.093797 0.25669 -0.026884 0.184884 -0.000728 0.034579 -0.002848 0.140551 -0.012742 -2.9e-05 0.001824 -0.005326 0.043559 0.004041 9.5e-05 0.015639 -0.014822 0.006753 -0.001699 0.00348 -0.000528 0.01077 -0.000148
51.553247 190.607374 271.235872 727.317836 324.699709 63.775104 354.246235 4.95008 296.407381 -0.054124 268.177692 7.076949 -62.997139 211.974222 -144.768503 1008.260808 -232.404649 1656.989818 -287.418269 1959.605702 -248.079394 1860.770601 -215.597556 1814.090732 1086.824544 -1880.895852 0.008679 0.063397 0.000737 -1.727957 0.049551 -0.555147 0.949871 -0.232507 0.33444 -0.291201 0.133047 -0.502884 0.070985 -0.000352 0.043286 -0.140701 0.046711 -0.05839 0.091753 -0.061537 0.099865 -0.118923 0.067554 -0.115122 0.068798 -0.037939
48.384348 196.457597 274.043335 699.388223 322.499087 61.8151 379.946907 4.380022 311.546776 -0.096834 278.884611 6.68526 -65.406225 213.18732 -152.284654 1000.195457 -235.527054 1617.25945 -286.931514 1893.710569 -248.061933 1811.054207 -217.25633 1778.375767 1115.604736 -1837.636574 -0.050254 0.044214 0.007227 -0.273405 -0.003741 -0.015295 0.449968 -0.017431 0.188531 -0.006168 0.104786 -0.005575 -0.022601 0.001731 -0.095103 -0.016194 -0.010418 -0.241057 0.000206 -0.563474 0.0 -0.336595 -0.003178 -0.177537 0.18805 0.251635
48.550581 199.370125 266.860026 737.583084 333.792168 57.013588 394.540092 2.586198 322.626477 -0.989986 281.227078 3.78979 -66.243213 219.497727 -152.008656 1036.734231 -239.195916 1632.416579 -291.383522 1910.293097 -253.225014 1808.323358 -221.663474 1772.652946 1147.505562 -1893.935199 0.000143 0.010715 -0.0477 0.507702 0.09717 -0.097047 0.137497 -0.234919 0.096795 -0.467582 0.004898 -0.408127 -0.002661 0.046019 0.000125 0.327746 -0.014177 0.035348 -0.017137 0.036144 -0.02659 -0.00103 -0.022126 -0.004611 0.224848 -0.424716
49.80006 200.482005 271.293792 691.782709 359.675517 52.342803 421.647963 1.95293 351.271987 -1.187461 312.674976 3.279616 -64.646616 220.872783 -147.804149 1021.556003 -230.415591 1608.898246 -278.948916 1881.307409 -238.446768 1790.191284 -210.931452 1756.729527 1168.544015 -1883.591175 0.007937 0.001546 0.018265 -0.733966 0.48321 -0.099794 0.450288 -0.044392 0.609095 -0.008973 0.833188 -0.018433 0.009738 0.002147 0.029483 -0.055964 0.08209 -0.085323 0.135568 -0.110795 0.222146 -0.045682 0.133143 -0.035921 0.095556 0.014163
50.712075 201.402714 269.996494 720.23434 368.5234 58.286131 427.743444 3.290278 364.753022 -0.460513 323.876656 5.055506 -63.533954 223.137162 -145.733901 1026.227422 -227.822092 1623.919915 -276.055464 1906.737182 -236.95521 1816.789346 -208.65607 1778.26115 1189.68826 -1875.099817 0.004138 0.001055 -0.001555 0.286674 0.053754 0.159762 0.021872 0.173422 0.126919 0.169 0.098568 0.191384 0.004829 0.005774 0.007301 0.005328 0.007339 0.0349 0.007542 0.085358 0.00234 0.098069 0.00617 0.065575 0.094793 0.009592
51.084327 205.967066 269.155065 735.650567 371.381252 61.422267 428.046999 4.001852 367.680358 -0.29998 327.337951 5.55774 -63.510296 225.379621 -143.340159 1026.916457 -222.408641 1634.657471 -270.51406 1920.658883 -232.018265 1831.546409 -203.552577 1791.593994 1183.851202 -1878.726103 0.000681 0.025571 -0.000657 0.081623 0.005519 0.041087 5.4e-05 0.034801 0.00585 0.017137 0.009199 0.01189 2e-06 0.005606 0.009911 0.000116 0.032546 0.017691 0.028092 0.025319 0.025987 0.029845 0.031594 0.024898 -0.007177 -0.001752
52.844788 206.316824 268.631963 747.151557 367.185641 66.310323 418.990126 6.335498 361.089237 -0.040645 322.231758 6.734404 -62.88209 231.279999 -141.314633 1042.770919 -221.069924 1638.526392 -269.338251 1925.935736 -231.121577 1835.251896 -202.471215 1795.253813 1169.984173 -1852.566143 0.014911 0.000148 -0.000254 0.044603 -0.011917 0.093562 -0.048421 0.266853 -0.029806 0.119783 -0.02007 0.056448 0.001561 0.03812 0.007207 0.060726 0.002021 0.002287 0.00128 0.003619 0.000868 0.001872 0.00144 0.001867 -0.040847 0.091704
51.201292 208.65409 269.648529 739.536614 354.603969 65.371281 394.69757 6.108566 339.408795 -0.015349 305.074992 7.144691 -63.941383 239.638421 -139.841438 1043.437567 -219.847473 1643.750468 -268.267988 1928.630668 -231.141784 1837.487614 -202.539156 1798.623618 1130.734672 -1848.124388 -0.012981 0.006582 0.00096 -0.019502 -0.109665 -0.003348 -0.362707 -0.002069 -0.335586 0.00604 -0.234662 0.006066 -0.004424 0.074183 0.00386 0.000107 0.001695 0.004157 0.001065 0.000942 -0.0 0.00068 -6e-06 0.00158 -0.334816 0.002666
50.439007 210.774103 274.818253 739.538397 343.055664 63.669524 372.722713 5.242278 319.202601 -0.041217 288.072638 7.308879 -62.898917 240.696071 -139.443058 1038.993366 -219.283193 1641.969703 -267.590503 1931.060835 -231.035772 1837.898738 -201.846203 1798.781612 1093.367159 -1855.347129 -0.002859 0.005358 0.024544 0.0 -0.095586 -0.011222 -0.314686 -0.033105 -0.310036 -0.006261 -0.243733 0.000933 0.004284 0.001164 0.000284 -0.004742 0.000363 -0.000483 0.000428 0.000765 1.2e-05 2.3e-05 0.000594 3e-06 -0.313931 -0.007043
49.806706 209.980553 272.180248 739.458974 332.152447 62.347995 360.04322 4.680279 308.558961 -0.044265 277.465206 7.515271 -63.291031 239.257591 -140.515947 1032.813814 -220.591355 1647.113383 -268.937923 1946.298181 -232.506522 1848.867557 -203.0278 1805.571015 1076.759316 -1867.004927 -0.001994 -0.000748 -0.006361 -2e-06 -0.088038 -0.00693 -0.109709 -0.015928 -0.090237 -5.4e-05 -0.099487 0.001437 -0.000609 -0.002156 -0.002056 -0.009216 -0.001945 0.004022 -0.001692 0.02994 -0.002333 0.016317 -0.001724 0.006394 -0.06355 -0.018255
49.80679 211.252477 270.996797 740.401462 328.959273 60.934801 357.020132 4.121638 305.866517 -0.058501 275.028364 7.42208 -63.121291 240.892061 -140.811016 1032.903272 -221.904739 1650.605171 -270.57808 1950.93819 -234.734911 1850.951019 -204.72849 1806.824169 1076.502722 -1871.821284 0.0 0.00192 -0.001289 0.0003 -0.007712 -0.0081 -0.006373 -0.017746 -0.005899 -0.000991 -0.005374 -0.000291 0.000114 0.002782 -0.000155 2e-06 -0.001949 0.001849 -0.002493 0.002762 -0.005314 0.000587 -0.003547 0.000217 -1.5e-05 -0.003102
50.016665 211.269371 271.129865 737.571914 327.652271 56.938318 359.774774 2.770704 308.263567 -0.273683 275.907034 6.145628 -62.747786 241.176985 -141.423275 1032.347241 -223.580782 1650.736667 -272.675394 1951.388671 -236.448279 1851.118988 -205.531375 1806.777298 1084.668843 -1896.409084 0.000221 0.0 1.6e-05 -0.002709 -0.001301 -0.06777 0.005293 -0.133692 0.004678 -0.079117 0.000701 -0.060178 0.000554 8.4e-05 -0.000664 -7.5e-05 -0.003153 3e-06 -0.004049 2.6e-05 -0.003115 4e-06 -0.000786 -0.0 0.015428 -0.080219
50.1427 212.201126 271.190522 740.309506 330.007441 58.544888 363.748315 2.9758 312.466115 -0.457839 278.878638 5.671914 -63.008872 241.69007 -144.790449 1043.300678 -227.436301 1655.573904 -277.25238 1956.01128 -241.10951 1850.122569 -209.077994 1806.96276 1102.533007 -1908.788928 7.9e-05 0.001025 3e-06 0.002536 0.004217 0.011176 0.010911 0.003661 0.014226 -0.023559 0.007958 -0.009498 -0.000271 0.000273 -0.019807 0.028901 -0.01648 0.003539 -0.019047 0.002734 -0.022749 -0.000134 -0.015169 5e-06 0.072955 -0.020138
50.124805 211.689591 270.790782 770.183269 333.052075 64.166354 369.0323 4.51278 317.47659 -0.197333 282.412002 6.853596 -63.213051 241.378079 -145.616279 1044.718906 -227.253862 1655.140299 -276.947676 1954.472086 -240.88281 1849.07157 -209.511042 1804.813304 1111.440418 -1887.472691 -2e-06 -0.000309 -0.000147 0.295443 0.00699 0.128829 0.019051 0.159424 0.019927 0.054017 0.011121 0.055866 -0.000165 -0.000101 -0.001174 0.000482 3.7e-05 -2.8e-05 8.4e-05 -0.000303 5.3e-05 -0.000149 -0.000224 -0.00064 0.017919 0.059846
50.64885 211.529185 272.980103 787.414676 337.097729 68.878827 373.418077 6.08002 320.505248 -0.038625 285.695728 8.136515 -62.995909 240.954325 -145.841062 1038.968005 -227.271024 1653.379306 -277.302402 1955.51941 -240.505522 1850.294859 -208.603037 1805.607486 1116.288294 -1867.241103 0.001363 -3e-05 0.004407 0.095317 0.012212 0.083484 0.012954 0.116581 0.007189 0.06135 0.00949 0.055 0.000187 -0.000186 -8.7e-05 -0.007936 -0.0 -0.000469 -0.000114 0.00014 0.000148 0.000202 0.000986 8.7e-05 0.005275 0.054508
51.327614 211.157279 275.532721 789.81931 341.78858 69.772773 380.014761 6.574866 325.684491 -0.015496 290.08711 8.625432 -62.38471 240.282895 -146.08057 1037.851298 -226.188998 1652.929995 -276.63154 1955.481982 -239.002829 1849.59088 -207.016115 1805.932706 1122.681996 -1860.31348 0.002259 -0.000164 0.00594 0.001833 0.016206 0.002882 0.028879 0.009679 0.020756 0.005191 0.016746 0.007132 0.00149 -0.000468 -9.8e-05 -0.0003 0.001291 -3.1e-05 0.000406 -0.0 0.002355 -6.7e-05 0.00303 1.5e-05 0.009129 0.006437
52.080041 212.042176 274.533752 818.368231 343.148846 75.58308 381.295822 8.704228 327.520657 0.037039 291.359307 10.507826 -61.698982 239.210112 -143.639177 1029.564362 -224.170729 1644.447962 -274.367862 1951.07562 -237.300688 1849.326089 -205.720693 1804.929534 1122.390632 -1832.810585 0.002737 0.000925 -0.000907 0.253424 0.001351 0.116174 0.001078 0.149106 0.002581 0.100448 0.001392 0.092823 0.001895 -0.0012 0.010287 -0.016609 0.004522 -0.010909 0.00465 -0.002485 0.003041 -9e-06 0.002033 -0.000139 -1.9e-05 0.102409
52.540536 212.185411 272.720573 836.032586 343.786006 88.377504 382.012182 14.261769 328.473839 1.193431 292.360072 16.590834 -61.391487 237.973642 -142.477202 1028.763744 -222.151554 1643.966274 -272.793418 1949.161257 -235.652757 1849.553455 -204.182353 1805.355234 1120.564429 -1756.782739 0.001013 2.4e-05 -0.003004 0.094306 0.000295 0.499959 0.000336 0.682578 0.000693 0.809979 0.000858 0.69157 0.000384 -0.001602 0.00236 -0.000156 0.004567 -3.5e-05 0.002265 -0.00047 0.002871 7e-06 0.002887 2.5e-05 -0.000743 0.805228
53.136362 213.168435 272.203653 857.198387 340.136126 98.585778 379.079982 18.545747 328.092184 2.50443 291.786164 20.055408 -61.106516 237.963436 -138.37989 1030.18794 -218.953828 1651.620945 -270.78166 1961.30371 -232.913233 1867.705257 -201.237884 1820.743617 1113.877957 -1733.424644 0.00168 0.001136 -0.000245 0.132294 -0.009739 0.278896 -0.005648 0.280902 -0.000111 0.240194 -0.000282 0.16414 0.000331 -0.0 0.029889 0.000493 0.011591 0.00889 0.003723 0.018852 0.008009 0.044319 0.010693 0.032653 -0.010005 0.078163
52.727085 212.349365 266.795182 874.273946 333.479922 106.07941 372.188966 22.026361 323.46402 3.941048 286.899712 23.307167 -59.95208 235.338197 -130.071036 1028.335741 -206.157868 1632.689682 -258.098924 1934.618113 -219.558575 1838.45149 -188.778759 1792.434722 1076.011523 -1672.152414 -0.000791 -0.000788 -0.027136 0.084201 -0.032887 0.137232 -0.031605 0.149574 -0.016438 0.162142 -0.020631 0.122097 0.005505 -0.007281 0.128615 -0.000833 0.192624 -0.054562 0.15209 -0.091394 0.197124 -0.115456 0.199055 -0.1109 -0.327408 0.551241
53.385614 205.18826 262.847061 894.59569 331.163566 111.281273 368.766474 25.580826 315.211092 5.713312 280.938679 27.245091 -60.775315 227.782868 -131.001072 1008.508569 -198.250594 1585.949552 -246.222452 1870.667979 -207.196078 1763.547806 -177.952242 1721.931347 1033.525559 -1568.505556 0.002043 -0.061414 -0.014715 0.116738 -0.004036 0.062254 -0.007904 0.132878 -0.053324 0.164063 -0.03129 0.153612 -0.002807 -0.061633 -0.001657 -0.096504 0.077312 -0.339391 0.139861 -0.537398 0.1791 -0.778896 0.159843 -0.707272 -0.427876 1.657907
51.63365 212.636352 240.571341 993.41835 306.434486 135.61459 349.742078 35.39446 285.535966 9.571635 254.420953 34.115875 -60.479589 228.719844 -125.064613 1052.826849 -197.744854 1589.803447 -243.0889 1781.23963 -214.579079 1602.498218 -183.79408 1580.763478 995.170777 -1364.372231 -0.014614 0.06639 -0.49308 2.588068 -0.479736 1.202036 -0.251905 0.794906 -0.733379 0.494986 -0.657149 0.385885 0.000361 0.000962 0.068823 0.476472 0.000323 0.002338 0.010034 -1.09513 -0.064623 -3.854943 -0.047173 -3.018365 -0.362603 7.112639
52.255861 209.005173 214.875955 1081.466747 269.70021 168.118728 321.320162 54.095654 253.927954 18.144355 225.307951 49.171539 -61.298352 234.941249 -131.643681 1228.424071 -201.725719 1505.35244 -239.800842 1776.484805 -219.813273 1468.080876 -188.567447 1477.022677 946.252537 -1159.805988 0.001863 -0.015636 -0.725418 1.869022 -1.172279 1.74423 -0.602156 1.975853 -0.926777 1.35912 -0.884196 1.37209 -0.002752 0.041741 -0.08432 6.768259 -0.019836 -1.152333 0.011195 -0.003177 -0.031536 -2.94353 -0.030597 -1.760302 -0.616397 8.302957
51.774742 202.854751 214.457121 1092.382131 255.407242 205.995894 321.317384 85.843255 243.438355 36.6052 215.694363 74.785622 -62.065976 242.152033 -131.289738 1361.165446 -190.714778 1455.989714 -217.23015 1585.202638 -207.117924 1252.131599 -179.35536 1274.303131 899.646234 -860.556803 -0.001113 -0.045926 -0.000204 0.027404 -0.194557 1.922372 -0.0 3.648821 -0.110627 3.206263 -0.104798 2.675272 -0.002388 0.054495 0.000238 3.404374 0.154501 -0.411443 0.557672 -5.446451 0.188798 -8.585322 0.115345 -7.47842 -0.588465 22.284781
47.7072 203.098042 204.718171 1139.08487 226.383207 256.740479 237.116628 129.559324 204.691905 61.158665 181.148772 105.37497 -66.275623 249.951888 -146.053052 1457.443393 -169.517059 1196.071863 -167.750982 1156.811803 -161.486203 874.700851 -145.242145 913.165661 729.798341 -473.277473 -0.08319 7.3e-05 -0.113151 0.488778 -0.875028 2.790791 -6.384396 4.482745 -1.678199 3.133528 -1.506473 2.615863 -0.069058 0.061818 -0.393214 1.644809 0.624227 -12.767482 3.192861 -33.670946 2.835418 -33.757606 1.797522 -30.01672 -8.876367 57.461056
50.869671 206.547191 206.540081 1171.585977 221.856529 252.740283 221.822616 120.951453 202.508365 59.955264 180.420601 103.33086 -64.464346 248.828938 -148.795376 1437.415951 -175.600076 914.792843 -180.942177 800.244376 -177.714581 577.836854 -156.349407 630.29931 759.636648 -265.532202 0.050741 0.014521 0.004036 0.228586 -0.022858 -0.015704 -0.254905 -0.147932 -0.005854 -0.005979 -0.000733 -0.01001 0.012547 -0.001264 -0.012753 -0.069279 -0.053614 -18.824573 -0.249603 -32.756681 -0.388429 -30.659527 -0.204603 -26.141425 0.29891 29.809225
50.138057 212.075593 203.398261 1244.331746 186.27434 308.342583 183.425868 158.309001 171.990268 86.064352 150.830735 134.4995 -64.491914 252.588597 -149.987747 1441.753302 -169.7067 717.265471 -175.737378 569.943956 -173.501051 397.808439 -150.966556 456.538439 690.979335 -113.807254 -0.00265 0.036506 -0.01204 1.095473 -1.554045 2.761841 -1.823121 2.509998 -1.245539 2.353184 -1.324242 2.051235 -3e-06 0.014095 -0.002379 0.003267 0.050295 -11.997427 0.037977 -19.493036 0.025276 -16.753481 0.047146 -13.980139 -1.625678 31.664374
49.201637 211.427598 183.060041 1257.335811 173.91686 314.90576 164.263912 161.628254 159.711277 90.945321 140.581594 139.656617 -62.57986 235.727517 -150.999368 1334.907111 -166.80062 564.52938 -172.231033 418.582846 -171.369935 275.809225 -149.051487 331.374028 661.957087 -49.998751 -0.004414 -0.000496 -0.535543 0.033799 -0.212043 0.034558 -0.528431 0.017219 -0.227351 0.067308 -0.18029 0.048509 0.014386 -0.291185 -0.0017 -2.056488 0.012549 -9.132395 0.017666 -11.656773 0.006585 -11.139778 0.006112 -10.005065 -0.311318 12.938904
48.02729 222.995706 170.085289 1299.30841 170.870534 341.167367 161.005285 183.673375 157.515425 107.940366 136.913534 159.268889 -61.253234 241.03825 -154.833591 1332.779221 -161.015646 471.576055 -166.639771 321.505563 -160.669583 206.534171 -139.321741 260.626378 636.354381 -15.855221 -0.007092 0.154049 -0.23843 0.344557 -0.013458 0.525817 -0.016323 0.704433 -0.0076 0.727455 -0.024244 0.644067 0.007106 0.029579 -0.024036 -0.000849 0.051048 -4.178038 0.04613 -6.39443 0.17246 -5.000628 0.164188 -4.24259 -0.252467 9.54265
47.234356 229.526794 165.660267 1322.599162 164.017409 373.455972 152.264353 211.66687 154.126399 130.804738 134.092174 184.808059 -61.673 236.876035 -158.984226 1302.825955 -157.39142 403.368837 -164.010004 258.530013 -156.849601 165.104232 -135.274547 216.703196 621.940076 -1.994589 -0.0033 0.047133 -0.029161 0.103449 -0.070128 0.729816 -0.12197 0.992336 -0.018428 1.097371 -0.014687 0.949134 -0.000717 -0.018125 -0.02745 -0.170213 0.020627 -2.662633 0.010458 -3.428821 0.022979 -2.316507 0.029827 -2.02517 -0.082564 6.60265
48.138553 230.911488 158.215796 1341.588693 158.781748 401.001937 149.920889 237.7657 146.973214 145.735268 127.33672 199.247016 -60.649362 233.444229 -166.916804 1286.063292 -159.860458 404.875358 -164.573065 266.863921 -156.141017 166.027483 -135.359899 216.697756 606.089788 -0.661097 0.004286 0.002082 -0.085569 0.067677 -0.042463 0.490033 -0.009087 0.758428 -0.084981 0.403347 -0.087297 0.27152 0.004283 -0.012521 -0.096556 -0.054268 -0.009608 0.001404 -0.000482 0.066101 0.000802 0.001287 -1.3e-05 -0.0 -0.102295 0.359065
48.943013 231.191356 159.627826 1346.232183 157.341921 451.184651 150.632422 297.201357 148.511737 181.533082 128.996962 235.020283 -61.219977 232.518337 -168.674626 1284.005893 -162.768888 452.630899 -166.304852 309.98023 -160.636039 193.568325 -139.881759 247.038228 618.057712 -0.193127 0.003333 8.5e-05 0.003137 0.004011 -0.003279 1.478838 0.000842 3.311948 0.004005 1.96374 0.005377 1.47594 -0.001336 -0.00092 -0.004604 -0.000823 -0.01311 1.330814 -0.004532 1.613625 -0.031893 1.056205 -0.037147 0.993595 0.058504 0.13959
49.086145 234.011205 159.862869 1350.090109 159.688981 602.551197 153.34243 478.61381 151.140833 310.611879 131.647647 361.787386 -63.273962 236.209765 -182.126882 1304.766389 -170.485001 524.831863 -169.805405 384.893115 -164.548138 251.1091 -145.374636 306.43626 631.093111 3.160438 0.000104 0.008546 8.6e-05 0.00276 0.008688 10.928384 0.01208 21.508402 0.011534 17.228835 0.013479 13.618596 -0.016945 0.014536 -0.258023 0.083245 -0.089341 2.670234 -0.018229 4.049905 -0.023533 3.738573 -0.05289 3.196483 0.068017 4.916083
57.391542 226.320972 134.375448 1344.682515 161.776129 813.91389 160.317778 754.109865 163.63504 517.984266 142.872695 549.641532 -60.750829 227.298431 -156.25909 1304.864568 -175.863351 663.303298 -181.057009 587.964395 -179.850055 398.077871 -156.538172 435.999739 686.587242 7.881376 0.32441 -0.06424 -1.10596 -0.005426 0.006776 15.858378 0.07757 31.17901 0.24806 26.369079 0.22959 19.569348 0.025668 -0.085672 0.990176 2e-06 -0.041762 8.096678 -0.180457 21.430272 -0.340107 16.854856 -0.206462 11.392555 1.169087 1.06011
52.428437 220.557805 117.619445 1296.253101 159.813285 893.503903 164.55112 874.640387 166.401871 631.328818 143.563465 656.209031 -66.204603 229.052683 -156.458089 1344.880983 -167.33159 897.317897 -171.512599 854.498226 -172.300033 611.950008 -149.793272 640.639889 677.352448 0.151037 -0.112206 -0.037164 -0.557699 -0.444086 -0.00599 1.856023 0.027583 4.465863 0.011598 5.602641 0.000833 4.718202 -0.117196 0.003372 -6.3e-05 0.302181 0.106065 17.644953 0.129212 24.838507 0.080945 22.903254 0.074265 19.627188 -0.031263 -5.850325
54.764148 216.800075 127.298519 1301.093355 157.282563 845.15459 156.295899 800.453301 158.915767 552.710296 138.213414 583.86837 -66.972602 226.464645 -149.284512 1337.604512 -172.946422 844.364965 -176.688189 771.644583 -176.698331 542.305525 -153.554631 580.949761 670.756759 0.049434 0.02545 -0.016143 0.191332 0.00451 -0.010099 -0.672389 -0.106219 -1.643617 -0.086145 -2.612962 -0.050795 -2.111816 -0.002214 -0.007352 0.084168 -0.009869 -0.046328 -0.805158 -0.038467 -2.112111 -0.027716 -2.10299 -0.02332 -1.459181 -0.016135 -0.027655
55.863338 223.580158 149.130962 1314.722754 163.435793 783.590838 158.317176 708.430395 157.101566 483.505236 138.402818 524.05573 -67.892875 235.172083 -149.308546 1339.721632 -171.29808 814.442142 -172.773155 735.100524 -171.305257 518.297407 -150.034542 559.837963 656.506346 -0.604341 0.005461 0.052196 0.863514 0.035507 0.059033 -1.163917 0.006493 -2.808733 -0.005208 -2.31356 6.5e-05 -1.615707 -0.00314 0.082128 -1e-06 0.000837 0.003946 -0.269907 0.021931 -0.443228 0.041791 -0.271762 0.020408 -0.195368 -0.076503 -0.999462
57.953644 221.456577 167.587745 1293.479195 174.202471 697.10823 167.204472 587.115304 164.621317 391.823169 146.549208 443.339172 -64.509052 237.538741 -153.099915 1340.054792 -166.041307 747.19017 -166.184963 644.874238 -161.473781 448.971878 -141.187476 498.563862 652.175007 -1.944443 0.019196 -0.005067 0.538242 -0.086515 0.171709 -2.527735 0.121342 -5.692488 0.087893 -4.81464 0.116471 -3.373256 0.043248 0.005924 -0.023768 2.1e-05 0.040961 -1.448781 0.064032 -2.952772 0.14526 -2.487527 0.134414 -1.775161 -0.007168 -0.380737
55.575829 215.172074 178.406624 1274.554428 169.51411 624.06143 158.281179 514.619515 154.412755 337.797056 138.327097 389.266734 -64.333669 231.716575 -167.126945 1326.972371 -150.575367 667.385861 -142.013279 553.798515 -135.847497 374.31414 -120.265574 428.647644 579.926172 -0.936915 -0.024904 -0.04523 0.169189 -0.069733 -0.031977 -2.020906 -0.12234 -2.387753 -0.16337 -2.002982 -0.118678 -1.757685 0.000119 -0.03612 -0.307363 -0.032086 0.377962 -2.252902 0.949343 -3.464996 1.10643 -3.392068 0.838447 -2.639768 -2.120114 0.181893
53.369415 223.886137 200.10561 1194.789203 159.045182 496.622132 140.29086 382.507692 127.86391 252.322761 118.021737 312.190023 -65.529687 242.258896 -188.376787 1294.879826 -142.441347 656.938007 -121.515331 561.70831 -109.838616 377.080761 -102.073062 432.908595 474.720626 -12.488427 -0.022345 0.086483 0.622481 -1.288632 -0.166829 -7.269501 -0.542492 -9.780774 -1.251267 -6.222957 -0.805458 -4.24749 -0.005508 0.117257 -0.635661 -0.19642 0.11292 -0.041213 0.798402 0.028044 1.380558 0.005093 0.745537 0.010537 -5.260472 -6.584115
53.107603 226.342403 247.152816 1134.986754 158.545549 475.89197 139.293109 374.771978 122.506262 250.677357 114.999364 314.634937 -66.322554 244.924869 -226.442669 1286.529315 -122.902876 639.629647 -88.594039 546.593714 -78.378677 356.848516 -77.447343 420.290499 396.863292 -9.349167 -0.000322 0.0067 2.481336 -0.767654 -0.000393 -0.220968 -0.00178 -0.039512 -0.05733 -0.002691 -0.019601 0.004768 -0.002384 0.007294 -1.750249 -0.013506 0.72033 -0.115533 2.595188 -0.103068 2.647841 -0.278924 1.697038 -0.093311 -3.484407 0.22682
53.859619 220.043184 277.560131 1060.279351 161.299927 462.620187 136.995565 382.889566 113.344878 257.656809 108.855207 320.979955 -67.621065 243.863914 -241.945055 1246.203306 -101.608158 613.139014 -63.472681 540.724868 -54.12253 341.219994 -56.483442 401.170608 324.113654 -5.858575 0.002643 -0.044448 0.881799 -1.271557 0.01186 -0.093845 -0.009553 0.043487 -0.177999 0.047916 -0.084335 0.03167 -0.006294 -0.001151 -0.256614 -0.321054 1.012176 -0.280112 2.089373 -0.015839 2.239128 -0.174969 1.650892 -0.222542 -3.679764 0.406013
54.536781 205.25879 308.919865 927.112381 156.739439 413.866011 119.182494 344.627545 92.552407 242.334882 92.084171 305.716113 -67.651065 235.365812 -257.656235 1187.924768 -92.347408 567.188864 -54.077856 486.112836 -46.586769 309.863231 -50.246456 373.519673 270.466516 -4.144577 0.002115 -0.257046 0.83902 -4.466505 -0.032699 -1.357016 -0.620057 -1.006846 -1.052551 -0.23482 -0.701105 -0.185911 -3e-06 -0.075354 -0.247099 -0.69776 0.221212 -0.894759 0.376026 -1.45329 0.282334 -0.755524 0.182392 -0.493628 -2.425154 0.147937
55.55397 198.284417 316.299045 812.952897 148.715482 356.947832 112.004081 296.752176 84.070131 215.431302 84.482159 278.621094 -68.074222 230.068111 -254.563012 1087.171785 -73.867651 512.174908 -38.130876 438.176608 -31.288004 287.573908 -36.105079 351.789854 217.932724 -5.200343 0.004699 -0.060273 0.043548 -3.748837 -0.105408 -2.104339 -0.111473 -1.789309 -0.203798 -0.791265 -0.163727 -0.62852 -0.00066 -0.030151 0.00934 -2.232025 1.030482 -1.402911 1.389438 -1.24389 1.517533 -0.415932 1.165802 -0.325579 -2.833572 -0.05983
57.360028 192.890574 321.413123 756.867946 143.674897 326.386312 106.876759 265.388863 79.220162 197.268808 80.088755 261.691909 -67.96568 219.222472 -260.681711 946.421228 -61.810695 465.052662 -26.108278 403.645535 -19.142701 279.669129 -25.053685 345.239716 176.247081 -7.172056 0.014445 -0.037189 0.020506 -1.002193 -0.043451 -0.683761 -0.060062 -0.875602 -0.072042 -0.39985 -0.058654 -0.265279 4.3e-05 -0.130923 -0.036332 -4.876714 0.536778 -1.136787 1.135065 -0.708521 1.48433 -0.055081 1.006781 -0.030777 -2.210386 -0.15812
59.184796 181.088931 324.745894 641.074151 111.87846 289.506918 72.410962 234.821125 50.124637 186.221548 54.319903 250.531103 -64.908594 214.203627 -259.909993 850.411735 -38.482222 470.785401 -10.892926 418.301684 -6.149751 301.4807 -10.525029 365.477264 91.388717 -13.81533 0.014286 -0.186258 0.008595 -4.803948 -1.985802 -1.105152 -3.343992 -0.934868 -3.314932 -0.159153 -2.493331 -0.121606 0.035172 -0.029059 0.000572 -2.566853 2.750867 0.017559 3.273142 0.130677 3.59242 0.409457 3.101598 0.288189 -13.809128 -1.079165
66.435607 171.536564 335.473262 554.742494 48.904324 278.930998 14.238032 247.839119 7.88566 197.833459 13.253954 259.905572 -58.181607 219.729594 -242.109555 889.552074 -24.509541 502.598985 -4.028486 457.202586 -1.25082 323.612509 -3.562522 388.838438 15.417735 -15.39703 0.209433 -0.129407 0.087156 -3.120417 -12.845764 -0.098392 -22.430941 0.175588 -18.247709 0.175583 -13.909958 0.086091 0.183955 0.035187 0.31568 0.440285 1.56924 0.520028 1.672714 0.86466 1.853596 0.391918 1.840813 0.361835 -31.732967 -0.042852
65.356632 168.276734 330.879008 570.419897 56.60208 336.606215 21.548033 296.948837 12.152913 219.173407 17.781521 268.462689 -59.140371 220.248801 -242.392043 903.751018 -24.931275 538.842636 -4.306535 472.769823 -1.294573 376.153646 -3.561645 435.461997 21.380413 -21.069702 -0.004417 -0.015636 -0.015838 0.109226 0.281189 2.708012 0.75456 2.218004 0.459631 0.546384 0.332025 0.069297 -0.003918 0.000306 -8.2e-05 0.056213 -0.001799 0.630856 -0.004639 0.130303 -0.000376 1.975283 0.0 1.319602 0.486302 -0.443915
63.543408 170.65408 320.73706 615.631252 78.130753 359.301223 40.895494 376.030771 26.843776 302.872624 32.639026 346.524825 -59.148255 215.978431 -240.057323 894.632237 -22.969366 582.383986 -3.076696 604.871139 -0.632225 479.454076 -2.70606 528.099785 35.715253 -20.18888 -0.012754 0.008338 -0.078931 0.862024 1.731132 0.370164 3.072913 4.662617 2.873009 6.753396 2.238745 4.974444 -0.0 -0.020903 0.005649 -0.023119 0.040195 0.845754 0.103149 8.127388 0.117421 6.258798 0.058671 4.463483 1.828791 0.009403
63.351789 172.59418 310.016226 658.460339 77.853242 417.649741 39.680792 460.828645 26.227069 362.3404 32.355918 409.356052 -60.120234 212.617404 -240.297493 897.131146 -24.042571 625.347692 -3.593776 665.500305 -0.78994 509.896542 -2.959505 556.200242 36.120374 -12.571619 -0.000145 0.005483 -0.091117 0.720062 -0.000247 2.194066 -0.009156 4.307314 -0.003583 2.66344 -0.000617 2.615892 -0.003961 -0.013179 -6e-05 0.001743 -0.012251 0.764435 -0.020072 1.447605 -0.008772 0.468471 -0.005672 0.364183 0.001142 0.897862
61.997718 172.152037 306.105488 668.210995 75.872146 448.214674 38.503486 465.733905 26.372752 360.738886 31.826815 413.002378 -58.941878 211.691932 -224.749837 906.934909 -23.623644 652.482521 -3.72211 672.315101 -0.984715 505.457825 -3.108183 551.700846 37.54955 -12.174948 -0.007314 -0.000284 -0.012412 0.035833 -0.012766 0.539638 -0.008865 0.012984 0.000202 -0.001774 -0.002181 0.008084 0.005831 -0.001009 0.259971 0.026638 0.001841 0.288138 -0.001126 0.017357 -0.010721 -0.009702 -0.001822 -0.009136 0.013864 0.003179
61.539013 175.884773 307.916853 710.956063 76.70407 462.812252 40.988781 468.156745 27.370397 358.003894 31.639861 414.569969 -59.456522 213.563274 -227.585992 940.085335 -25.662649 641.901435 -4.608641 645.934966 -1.563905 481.130934 -4.069084 532.963785 42.019365 -9.082425 -0.000852 0.020018 0.002672 0.662567 0.002268 0.116958 0.03886 0.003143 0.009261 -0.005204 -0.000275 0.001485 -0.001119 0.004117 -0.008891 0.297517 -0.042196 -0.043249 -0.047305 -0.263979 -0.066685 -0.299967 -0.064614 -0.161849 0.125646 0.226153
58.007835 183.613764 299.002712 737.44339 83.396215 470.651944 48.44017 466.523139 32.928156 362.853189 36.892817 420.753625 -62.309879 217.502657 -231.995931 950.517129 -28.328859 647.879699 -5.736958 648.869863 -2.440782 484.883428 -5.545465 538.465255 53.298853 -8.828998 -0.052163 0.083094 -0.065467 0.242211 0.139926 0.032921 0.310973 -0.001428 0.256678 0.016311 0.201613 0.022888 -0.033436 0.018001 -0.021158 0.02878 -0.065872 0.013855 -0.061713 0.003326 -0.097181 0.007288 -0.114031 0.014124 0.669732 0.001793
57.57375 185.615259 291.476117 794.965234 95.825376 479.897792 60.66431 461.549813 44.591824 359.24722 47.798062 418.084232 -62.471035 217.107178 -229.383507 961.912093 -29.972585 656.674808 -6.840916 655.711977 -3.171978 487.660176 -6.420185 540.64864 71.549871 -9.791962 -0.000815 0.005425 -0.047971 1.079976 0.431506 0.044968 0.686963 -0.013326 0.882482 -0.009004 0.705043 -0.004247 -0.000104 -0.00018 0.007396 0.033948 -0.023176 0.029648 -0.048541 0.017942 -0.047832 0.003964 -0.032015 0.002209 1.341217 -0.024916
58.897361 187.448925 296.797664 833.210971 108.4315 497.487093 68.783684 478.57104 51.651726 360.111874 55.627297 418.09715 -61.214941 212.778657 -225.023622 1009.15414 -34.401741 669.408244 -10.322988 667.91597 -6.00661 485.061157 -9.151084 536.275522 92.886267 -9.287196 0.007521 0.004506 0.02407 0.449257 0.389377 0.158284 0.254887 0.1541 0.259287 0.00052 0.29676 0.0 0.006378 -0.021792 0.020916 0.566224 -0.152551 0.061136 -0.356918 0.056262 -0.448678 -0.003472 -0.241344 -0.008879 1.390127 0.006678
62.828549 198.046794 299.148259 937.822028 126.464243 544.590977 86.162364 509.0183 69.381741 371.122964 71.040451 430.910402 -62.583444 221.535615 -229.888867 1109.134772 -32.841816 709.066073 -9.741519 691.857333 -7.668067 487.203807 -9.322505 537.812345 123.181092 -7.88566 0.063496 0.145703 0.004636 3.092273 0.693202 1.065136 0.977677 0.469454 1.305665 0.082908 0.941247 0.096695 -0.007564 0.088291 -0.026017 2.360797 0.018096 0.570583 0.008427 0.210783 -0.101308 0.002361 -0.000795 0.001099 2.134362 0.057288
63.064619 207.768136 295.93368 1000.639812 135.336045 567.646186 95.534211 525.481767 77.668439 376.173992 78.27328 436.322892 -62.409005 231.2858 -228.662968 1180.039535 -48.38949 741.180323 -19.144709 717.469176 -14.947907 497.488688 -17.831195 547.690265 160.762676 -8.46373 0.000221 0.116455 -0.008683 1.018104 0.150366 0.238978 0.241859 0.131012 0.233675 0.01707 0.175284 0.01689 0.000122 0.104983 0.001639 1.098364 -1.501795 0.355613 -1.573334 0.232743 -1.203683 0.053713 -1.367548 0.044945 2.498058 -0.010223
59.901832 205.820302 284.087859 1021.859122 151.398 616.543779 117.07617 574.744741 99.256734 407.828691 96.531858 465.771466 -63.360424 227.811656 -221.117517 1179.837044 -57.031817 804.0234 -26.462822 793.904314 -20.769143 552.62384 -23.48742 597.05707 210.832864 -10.977187 -0.040681 -0.004587 -0.120977 0.111316 0.450224 1.009971 1.094145 1.103436 1.322034 0.639302 0.956179 0.480798 -0.003599 -0.013145 0.063295 -9e-06 -0.354842 1.278436 -0.590955 1.934026 -0.477571 1.448408 -0.388979 1.064958 3.388775 -0.163163
56.111844 218.590693 257.321479 1045.918912 160.494576 680.188184 131.735747 643.612796 113.805791 472.833977 108.413129 530.723623 -64.606222 239.515626 -218.099676 1197.077617 -58.038345 888.318402 -26.788156 903.101585 -20.947119 646.152671 -24.083066 687.374932 232.403377 -13.504062 -0.061923 0.192172 -0.662047 0.13998 0.132682 1.562795 0.432234 1.947952 0.497324 2.402429 0.344686 2.119064 -0.006064 0.146583 0.010368 0.062527 -0.004402 2.100657 -0.000994 3.516904 -0.00038 3.65414 -0.003729 3.179392 0.525186 -0.130757
55.650861 231.669034 252.031893 1102.492039 158.6101 708.633159 129.646315 669.06439 111.53009 488.78991 106.165987 547.08253 -66.68502 250.619416 -212.597937 1249.384268 -70.648684 972.860655 -38.41769 1001.841215 -31.847835 721.525973 -34.650614 755.663994 262.575106 -22.587605 -0.000951 0.189978 -0.027467 0.744986 -0.005564 0.291327 -0.008351 0.246765 -0.011492 0.132385 -0.011767 0.124155 -0.016458 0.125792 0.035141 0.559236 -0.619348 1.921116 -1.045451 2.560726 -1.137606 2.078505 -0.958494 1.61673 0.920424 -1.161771
57.740847 242.520678 200.872269 1223.246958 185.302992 888.918071 173.668242 886.222131 158.522134 635.539095 144.101453 670.024319 -66.070816 259.668855 -188.056728 1285.624496 -90.16027 1158.509453 -62.894237 1253.774946 -52.352377 927.506069 -51.282189 929.781983 393.072322 -27.510902 0.019263 0.124184 -2.898748 3.136979 1.037452 10.205243 3.211591 15.235003 4.119993 9.618106 2.891831 6.225187 0.001421 0.080248 0.752315 0.259057 -1.188098 8.100681 -3.001169 14.113616 -2.5348 12.91503 -1.624812 9.017909 13.118031 -0.242499
57.905012 251.797749 120.798961 1283.704974 202.136851 1167.252582 228.063354 1208.331243 236.948512 952.334502 201.851708 960.527789 -63.895255 260.406069 -158.12052 1263.241767 -119.108389 1261.161011 -104.650742 1396.8316 -92.175251 1079.826538 -83.270524 1060.745787 624.696351 -4.003188 0.000117 0.087061 -10.125655 0.729113 0.36588 18.925539 3.699629 24.915832 7.854425 31.922688 4.854205 26.087116 0.01821 0.000523 1.296819 -0.098278 -2.011866 2.178414 -5.286807 3.863291 -5.594644 5.787536 -3.857729 4.312957 26.706929 10.525397
57.400573 253.910668 97.284787 1229.989915 224.2781 1319.841801 276.14054 1360.287725 301.244266 1173.177853 256.094697 1191.288886 -62.05912 261.522138 -147.851182 1253.638399 -138.004464 1318.235119 -132.024535 1461.193543 -118.214456 1183.146643 -106.622297 1162.460979 796.878526 -0.021087 -0.001103 0.004414 -1.271376 -0.573983 0.575221 4.685271 2.297378 4.498723 3.854381 11.50408 3.223844 12.409206 0.013384 0.001193 0.172384 -0.018321 -0.695308 0.631515 -1.588352 0.724799 -1.61761 2.359863 -1.441294 2.328034 10.465941 3.443185
50.205692 250.554312 91.533847 1174.005239 229.945263 1475.948292 291.626132 1542.911168 316.249436 1435.204903 271.56109 1452.853243 -61.006987 256.158037 -111.717374 1130.133666 -145.824795 1355.956485 -164.624147 1510.966396 -152.063703 1306.996355 -133.769695 1286.239003 906.902061 2.998763 -0.240805 -0.011166 -0.0876 -0.651979 0.035355 4.361604 0.211221 5.749585 0.182341 13.194434 0.22672 12.969066 0.004498 -0.027792 2.527347 -3.201579 -0.107757 0.266057 -1.796675 0.416786 -2.127993 3.081801 -1.537792 3.130395 3.556158 3.522786
47.288772 249.099608 92.476846 1118.930113 238.715048 1649.48029 305.75457 1771.436034 331.149466 1698.76389 285.425992 1711.447675 -58.591233 251.382897 -107.972941 1072.831806 -155.904187 1357.050615 -182.227686 1526.33948 -165.222811 1342.786217 -145.216717 1328.158794 964.190386 20.90333 -0.043645 -0.002118 0.002416 -0.661534 0.082059 4.821195 0.167097 7.887802 0.171486 11.101992 0.172594 10.584187 0.0244 -0.022464 0.031913 -0.745372 -0.1684 0.000221 -0.446998 0.038905 -0.272997 0.241713 -0.234939 0.336097 0.877221 8.067431
42.658245 242.337666 92.681816 1056.910982 252.189185 1874.984705 332.339099 2068.996004 360.929101 2050.573452 312.82297 2046.042561 -58.646635 241.120709 -97.900937 1015.137454 -162.129454 1397.988895 -199.028326 1584.195165 -180.658301 1440.828475 -157.993654 1422.600164 1052.292163 53.655793 -0.11927 -0.046523 0.000113 -0.884061 0.184951 7.221577 0.554028 11.544954 0.640995 16.542071 0.627655 14.927059 -1.3e-05 -0.106927 0.246525 -0.797252 -0.060933 0.304176 -0.370353 0.538102 -0.344588 1.727119 -0.269322 1.621698 1.925539 7.578984
42.897062 241.788396 92.221037 1062.294514 250.427336 1967.64011 317.814192 2142.637301 346.441059 2132.588079 301.830918 2141.474257 -54.625556 240.355891 -94.03925 1036.118844 -157.396355 1456.65777 -193.984013 1661.680453 -177.455799 1522.732427 -154.587527 1503.762259 1019.791907 51.23337 0.000333 -0.000312 -0.000574 0.006838 -0.003088 1.117241 -0.162269 0.643866 -0.148384 0.804062 -0.098295 1.087565 0.071395 -0.000607 0.038851 0.107307 0.035057 0.602947 0.032373 0.924993 0.01432 1.132006 0.018558 1.125724 -0.254896 -0.027977
43.256733 246.300461 87.046314 1094.410207 232.160828 2051.689408 308.402977 2234.506431 334.383743 2233.561526 289.880049 2236.330319 -54.870326 247.890449 -95.441894 1033.143121 -162.590766 1476.280345 -202.680502 1680.521266 -182.504095 1549.040588 -158.604995 1531.45563 1010.958288 62.452945 0.000751 0.020856 -0.074702 0.239132 -0.345828 0.878885 -0.070723 0.964198 -0.106775 1.167734 -0.120699 1.027767 -0.000274 0.05814 -0.005192 -0.00214 -0.042164 0.065642 -0.095343 0.053106 -0.035402 0.11266 -0.025768 0.12634 -0.019213 0.554978
43.217384 246.663262 88.930805 1115.155251 232.965086 2152.540347 306.163889 2329.056399 332.762791 2336.388703 288.916771 2345.193442 -54.930521 247.414416 -96.407981 1045.565603 -166.298011 1514.907927 -209.979343 1723.783405 -192.330299 1602.2601 -166.810782 1586.484153 1031.058968 69.022259 -9e-06 0.000134 0.010091 0.097387 0.000695 1.209779 -0.004079 0.97957 -0.001969 1.156989 -0.000802 1.293549 -1.7e-05 -0.000229 -0.002432 0.037119 -0.020895 0.249425 -0.064553 0.2749 -0.128818 0.449421 -0.103476 0.485637 0.098933 0.164224
42.303402 243.861308 87.61569 1113.473372 228.912611 2144.497558 300.877329 2312.790748 329.727709 2328.407785 284.315554 2346.320173 -53.56179 247.707579 -95.231391 1047.683074 -166.139171 1536.805582 -207.461962 1746.852703 -190.26635 1614.868118 -165.646612 1598.775049 1020.93752 65.095145 -0.004884 -0.008003 -0.004898 -0.000635 -0.017778 -0.007527 -0.02302 -0.028499 -0.006952 -0.006827 -0.018467 0.000135 0.008634 8.7e-05 0.003612 0.001071 3.8e-05 0.078565 0.007591 0.076672 0.005567 0.024706 0.002038 0.023713 -0.024962 -0.057508
41.559343 244.136807 85.99602 1115.942009 225.903666 2195.664694 292.840086 2377.645704 322.350319 2404.748428 279.547335 2415.070912 -53.524805 247.122831 -95.737642 1050.493021 -166.837727 1548.63313 -207.326252 1745.257953 -191.089407 1603.689554 -166.637539 1591.160286 1009.817532 80.858608 -0.003301 7.8e-05 -0.007555 0.001367 -0.009953 0.301621 -0.054403 0.448398 -0.041734 0.615686 -0.020161 0.496379 6e-06 -0.000346 -0.000671 0.001882 -0.000733 0.02267 2.2e-05 -0.000364 -0.000888 -0.019413 -0.001478 -0.009089 -0.030446 0.853749
41.194188 242.012832 85.727819 1122.534412 222.540129 2252.585568 286.240626 2447.263647 315.39758 2480.647907 274.203798 2488.447394 -53.423815 247.489144 -97.717078 1045.454977 -167.529339 1530.609262 -207.25717 1733.0755 -189.123202 1591.265853 -164.925984 1576.247954 992.983678 98.315739 -0.000806 -0.00464 -0.000209 0.009707 -0.012614 0.364201 -0.037606 0.50228 -0.037901 0.589622 -0.025782 0.549035 4.8e-05 0.000136 -0.010127 -0.006055 -0.000715 -0.05275 6e-06 -0.021334 0.005084 -0.024155 0.004418 -0.035104 -0.070747 0.85246
41.806321 243.18026 86.006522 1125.584315 211.737551 2252.75757 271.24726 2444.480341 299.409138 2479.446333 261.067565 2487.657143 -52.461329 248.033583 -97.317124 1050.10282 -170.010905 1530.425046 -212.296733 1734.295548 -192.899514 1595.956166 -167.839387 1580.854954 972.957703 96.916524 0.002257 0.001404 0.000226 0.002069 -0.134377 3e-06 -0.201656 -0.000792 -0.20793 -0.000146 -0.161214 -6.3e-05 0.004375 0.000299 0.00041 0.005154 -0.009122 -6e-06 -0.030268 0.000215 -0.018665 0.003451 -0.012754 0.003361 -0.102 -0.005014
38.591413 241.819909 79.856781 1124.417182 204.21787 2251.663434 263.501296 2443.390679 292.134679 2477.244005 253.728913 2485.457709 -52.498809 252.955335 -98.128303 1059.817481 -169.823891 1530.245505 -210.854501 1726.437297 -191.604142 1582.731981 -166.933823 1569.961442 956.916229 99.767248 -0.064304 -0.001908 -0.114047 -0.000303 -0.067976 -0.000133 -0.056104 -0.000121 -0.04473 -0.000489 -0.052311 -0.000486 -7e-06 0.024176 -0.001683 0.022365 5.1e-05 -5e-06 0.002458 -0.008922 0.002182 -0.027508 0.001225 -0.018831 -0.066671 0.02066
39.486689 242.013852 81.630852 1126.226117 210.367501 2247.249145 272.171005 2439.006495 302.913807 2475.694773 263.175141 2482.204034 -51.739022 253.241044 -98.032497 1040.615351 -169.763388 1536.624732 -211.599496 1739.759506 -191.348131 1606.800519 -166.721186 1591.514329 975.767871 93.536708 0.005133 3.9e-05 0.009745 0.000727 0.045612 -0.002166 0.070163 -0.001968 0.097638 -0.000242 0.08632 -0.001066 0.002769 8.1e-05 2.3e-05 -0.087775 5e-06 0.006635 -0.000657 0.025602 8.6e-05 0.090813 6.8e-05 0.073468 0.091943 -0.100437
39.102296 243.18184 81.744844 1127.465837 211.938643 2249.704668 273.764167 2434.69595 304.117536 2469.40909 264.391221 2478.882157 -51.964009 253.497494 -98.251507 1042.590963 -169.818143 1536.679407 -212.001992 1737.411398 -192.106847 1608.481555 -167.477422 1594.070598 979.641641 91.915746 -0.00094 0.001406 4e-05 0.000341 0.002923 0.00067 0.002325 -0.001906 0.001193 -0.003995 0.001402 -0.001112 -0.000244 6.5e-05 -0.000122 0.000937 -4e-06 0.0 -0.000191 -0.000793 -0.000751 0.000439 -0.000856 0.001026 0.003837 -0.007084
38.721934 244.766222 82.262144 1130.955155 215.538922 2250.889667 277.99763 2432.799048 308.225057 2467.93219 267.862897 2479.562085 -53.04186 255.54081 -100.493466 1057.2976 -171.983936 1545.713763 -214.43111 1743.532767 -195.122503 1611.032508 -170.171741 1597.612462 993.823429 91.023382 -0.00093 0.002572 0.000816 0.002696 0.015161 0.000156 0.016241 -0.00037 0.013777 -0.000221 0.011322 4.7e-05 -0.005532 0.004101 -0.012646 0.0515 -0.006862 0.01324 -0.006919 0.005382 -0.011743 0.001011 -0.01075 0.001965 0.050958 -0.002176
36.929754 245.49347 83.47516 1135.816433 223.668845 2254.310974 287.191759 2426.610374 317.406925 2455.684504 276.328961 2472.182543 -55.074497 256.912417 -101.30965 1062.101031 -171.104511 1553.962694 -211.530659 1751.663275 -194.488415 1612.826344 -170.076039 1600.200326 1008.813722 88.263287 -0.021231 0.000539 0.004439 0.005213 0.075251 0.001299 0.074787 -0.003941 0.067381 -0.015233 0.065858 -0.005499 -0.019109 0.001836 -0.001651 0.005443 0.001127 0.010976 0.009875 0.009457 0.000516 0.000499 1.3e-05 0.001047 0.056104 -0.021247
37.762642 246.345177 82.983697 1134.428383 216.280393 2238.252236 277.154928 2415.056852 305.15412 2439.257006 265.345363 2453.769698 -54.915325 257.518863 -101.366592 1079.943472 -174.233389 1586.691181 -216.594935 1787.811391 -198.56997 1647.582709 -173.738315 1635.770779 996.042867 77.411992 0.004644 0.000737 -0.000726 -0.000424 -0.062045 -0.028701 -0.089259 -0.013785 -0.120587 -0.027566 -0.111369 -0.034413 0.000115 0.000357 -8e-06 0.074312 -0.014175 0.170535 -0.029954 0.184592 -0.021192 0.185259 -0.019506 0.195505 -0.040675 -0.355748
37.534065 249.819506 83.561116 1143.259093 220.385047 2259.548954 283.188022 2438.379243 311.923739 2467.052243 270.713105 2481.404977 -55.180709 260.609154 -102.05855 1095.412325 -175.543448 1607.280077 -217.910903 1802.499119 -201.27509 1667.027187 -175.545265 1658.266041 1014.327469 78.148878 -0.000347 0.012164 0.001001 0.017119 0.019292 0.050419 0.032479 0.056036 0.037134 0.078733 0.026875 0.077375 -0.00032 0.009216 -0.001177 0.055 -0.002453 0.06636 -0.001993 0.030043 -0.009151 0.057034 -0.004674 0.076812 0.083152 0.001745
37.80397 251.417392 84.280561 1145.667102 222.165058 2259.096217 285.085327 2440.308646 312.510368 2467.172442 271.188363 2480.525599 -55.320268 260.948351 -102.877726 1101.361471 -176.109263 1630.458082 -220.761005 1827.874227 -206.759174 1692.834499 -179.695654 1683.166355 1027.656739 72.702389 0.000483 0.002547 0.001542 0.001267 0.00358 -2.3e-05 0.003167 0.000382 0.000276 1e-06 0.000208 -7.8e-05 -8.8e-05 0.00011 -0.001637 0.008056 -0.000455 0.082963 -0.009259 0.088683 -0.036855 0.099115 -0.024246 0.09278 0.043505 -0.098355
37.448883 251.567496 84.16022 1147.069478 221.911398 2258.652307 284.950285 2444.254905 312.378882 2468.059221 270.901432 2480.201142 -55.976997 261.344617 -103.034912 1107.272185 -180.238827 1635.606133 -226.721162 1836.7544 -212.498612 1700.410749 -184.659077 1688.301374 1040.164128 71.293172 -0.000838 2.2e-05 -4.3e-05 0.000429 -7.2e-05 -2.2e-05 -1.6e-05 0.001594 -1.4e-05 8e-05 -7.6e-05 -1.1e-05 -0.001938 0.00015 -6e-05 0.007909 -0.023929 0.004057 -0.039694 0.010759 -0.039287 0.008458 -0.033809 0.003911 0.037826 -0.006896
36.780599 250.700478 83.098521 1147.015983 222.74682 2251.117597 286.865386 2429.412869 316.26682 2453.838788 274.425325 2467.826778 -56.443043 261.608511 -104.279064 1099.895802 -181.003758 1634.105898 -228.341491 1834.755538 -214.134542 1706.400164 -186.216912 1693.355424 1050.876724 67.694066 -0.003008 -0.000748 -0.00337 -1e-06 0.000785 -0.006294 0.003207 -0.0226 0.012023 -0.020543 0.011386 -0.015473 -0.000966 6.7e-05 -0.003733 -0.012326 -0.00081 -0.000344 -0.002885 -0.000544 -0.003137 0.005265 -0.003272 0.003777 0.027441 -0.046608
]