11-08-20_Colby_4KDepth.blue_monkey_above_grey_box.0000000001 [ 46.434698 229.404993 92.788004 1187.295809 216.674154 2365.612534 295.902509 2713.117974 299.70769 2764.786041 249.920697 2686.339599 -73.62953 277.855932 -139.485785 1455.174697 -237.744654 3540.036846 -299.982542 4130.242381 -277.256151 4208.693795 -229.32041 3995.906315 1153.490685 -151.123101 0.0 0.0 0.0 0.0 0.0 0.0 0.0 0.0 0.0 0.0 0.0 0.0 0.0 0.0 0.0 0.0 0.0 0.0 0.0 0.0 0.0 0.0 0.0 0.0 0.0 0.0
41.468402 233.210968 90.940375 1201.912898 226.536049 2398.380713 313.193109 2739.34872 306.759068 2782.809044 255.579877 2711.087594 -72.260147 254.695693 -135.850762 1441.108358 -227.187285 3532.620665 -290.833647 4071.667394 -265.318372 4191.094621 -217.690726 3996.954962 1142.651946 -143.672039 -0.140404 0.015656 -0.00929 0.044714 0.109732 0.112696 0.245466 0.063096 0.040995 0.029277 0.031679 0.056737 0.006427 -0.503848 0.023996 -0.034158 0.11988 -0.003888 0.07084 -0.209163 0.131344 -0.018437 0.151308 6.9e-05 -0.025582 0.094179
44.863609 240.180626 97.278908 1209.948503 236.93475 2420.357444 328.296267 2785.879341 319.173423 2826.801553 265.091624 2745.056254 -67.151348 264.729475 -129.812032 1427.770833 -217.281809 3475.367204 -282.388063 4001.364327 -257.367854 4112.841052 -210.122744 3933.87214 1149.760184 -120.204073 0.066788 0.051309 0.10676 0.013386 0.11667 0.050115 0.177818 0.195932 0.123121 0.172505 0.086889 0.105741 0.093639 0.096921 0.068641 -0.031003 0.110391 -0.233877 0.06222 -0.306119 0.060471 -0.368726 0.066944 -0.250888 0.011021 1.04564
45.895264 232.820821 99.64155 1195.046751 238.693315 2386.666082 328.462604 2745.27205 322.70485 2789.478604 269.437939 2709.978826 -64.684242 260.433578 -128.885083 1425.186239 -217.669796 3457.810106 -283.125837 3983.944229 -258.374683 4095.343715 -211.751341 3912.780181 1158.587155 -124.97804 0.005864 -0.057262 0.014174 -0.046167 0.003251 -0.118069 2.1e-05 -0.149062 0.009715 -0.124016 0.01767 -0.11278 0.023086 -0.017571 0.001661 -0.001171 -0.000173 -0.02223 -0.000481 -0.019001 -0.000983 -0.01865 -0.003144 -0.028348 0.016877 -0.046482
46.226894 232.105432 98.934429 1195.372538 235.430101 2360.214444 325.093142 2736.586045 316.693933 2758.884889 259.488796 2681.570289 -67.190526 258.516404 -129.13693 1419.630811 -220.536383 3414.113791 -293.990128 4032.663579 -261.19538 4123.561054 -210.373034 3916.629211 1153.107506 -136.653097 0.000597 -0.00055 -0.001259 2.2e-05 -0.01123 -0.0737 -0.008686 -0.006881 -0.028255 -0.084348 -0.09358 -0.074844 -0.023818 -0.003541 -0.000123 -0.005424 -0.009376 -0.138927 -0.10227 0.148042 -0.007657 0.048438 0.00225 0.000946 -0.006494 -0.260624
46.819235 233.200955 100.34474 1202.856193 237.568414 2361.368238 325.049941 2739.186502 321.752811 2756.03853 266.04489 2670.373468 -67.508624 261.745908 -128.518923 1408.634823 -220.72204 3381.891395 -291.528425 4004.473225 -261.022014 4050.249307 -210.720109 3822.542672 1162.376644 -124.179443 0.001885 0.00129 0.00499 0.011676 0.004833 0.000141 -1e-06 0.000617 0.020043 -0.000735 0.040896 -0.011712 -0.000376 0.010024 0.000741 -0.021376 -3.9e-05 -0.07639 0.005175 -0.049439 2.9e-05 -0.328777 -0.000143 -0.571935 0.018553 0.298431
46.574605 234.797195 99.341907 1203.277943 244.2714 2407.561087 333.078399 2832.745991 328.103197 2844.19393 272.32246 2737.335678 -68.471667 262.709955 -129.602544 1409.303786 -222.701454 3376.348361 -292.163715 3972.267918 -263.325619 4027.87081 -213.342433 3818.655081 1179.299472 -102.708579 -0.00032 0.002722 -0.002518 3.7e-05 0.046626 0.223722 0.048971 0.785544 0.031029 0.693887 0.036601 0.414603 -0.00341 0.000886 -0.002275 7.9e-05 -0.004418 -0.002273 -0.000346 -0.065013 -0.00506 -0.030997 -0.008108 -0.000989 0.06115 1.0182
46.319419 239.891213 109.129254 1222.231309 267.625897 2436.026075 357.472794 2850.177302 363.897477 2868.000108 307.073795 2764.638741 -67.536395 263.562545 -127.334568 1409.827657 -222.474158 3374.452411 -290.709242 3972.018857 -263.289446 4019.392259 -213.563884 3809.164371 1246.251912 -96.923331 -0.000351 0.027333 0.229876 0.074054 0.533033 0.083643 0.431012 0.026734 0.926364 0.049608 1.043106 0.067745 0.003216 0.000691 0.01001 4.9e-05 5.8e-05 -0.000266 0.001815 -4e-06 1e-06 -0.004466 -5.7e-05 -0.005904 0.924219 0.083845
44.263029 232.549967 101.30341 1106.83628 256.587121 2040.485346 349.748543 2290.618638 357.505251 2304.551821 300.90235 2263.279952 -66.996896 249.95839 -127.232555 1361.391078 -211.666003 3279.418298 -280.847573 3809.515328 -245.433331 3925.325857 -198.758072 3756.847191 1195.369859 -214.525036 -0.023345 -0.057041 -0.145569 -2.860414 -0.116239 -17.509062 -0.042183 -30.543794 -0.028321 -30.779911 -0.031323 -25.058936 0.001082 -0.180232 2e-05 -0.42333 0.134558 -0.678698 0.085083 -1.696984 0.31347 -0.556898 0.265912 -0.180883 -0.530235 -23.056404
45.490505 227.283604 99.640479 1051.80014 247.330325 1537.164275 320.220401 1704.065827 348.776755 1623.32741 300.981554 1593.843814 -66.756931 249.341812 -122.117403 1333.712671 -210.305261 3222.812582 -278.817824 3786.414382 -246.247332 3902.423202 -197.976089 3715.776154 1181.148118 -491.900972 0.008394 -0.030158 -0.006881 -0.701709 -0.085029 -35.581763 -0.651026 -43.297395 -0.053937 -59.52447 5e-06 -58.537318 0.000215 -0.000381 0.052472 -0.142131 0.002194 -0.246398 0.003681 -0.035128 -0.000674 -0.033505 0.000771 -0.112868 -0.042554 -56.733546
45.510688 230.443368 99.657853 1079.224532 245.483758 1237.643896 320.179871 1271.103759 339.060348 1130.281949 288.47157 1149.559499 -65.980829 247.478923 -122.403631 1326.79542 -206.259124 3219.86297 -274.689221 3807.33701 -234.815554 3927.55186 -189.515465 3731.261157 1138.204328 -843.932543 2e-06 0.010906 1e-06 0.176471 -0.00346 -16.212889 -1e-06 -31.672021 -0.068631 -44.500525 -0.132765 -36.214146 0.002269 -0.003493 -0.000168 -0.008992 0.019651 -0.000675 0.015398 0.028824 0.135849 0.040323 0.092377 0.016099 -0.397595 -47.219937
44.920398 225.393044 94.987831 1145.974385 235.414005 980.235358 303.708134 908.044568 319.859349 734.893846 280.924493 778.378316 -68.125032 241.98928 -126.738004 1316.926166 -208.330057 3201.909664 -275.417964 3759.879356 -238.35805 3897.456564 -192.756408 3696.825311 1110.453041 -1247.550951 -0.001927 -0.027978 -0.056031 1.001381 -0.105439 -14.988147 -0.217479 -30.456759 -0.279819 -42.389742 -0.050019 -36.0687 -0.017143 -0.030786 -0.037706 -0.018421 -0.005172 -0.025096 -0.000483 -0.148816 -0.013261 -0.057874 -0.013739 -0.079821 -0.17125 -39.315034
49.323544 232.660872 119.020392 1239.019216 212.486535 713.653725 259.645708 579.287317 262.547387 422.161066 225.333003 471.85762 -73.538417 235.9277 -135.410873 1320.944443 -217.690199 3196.771313 -282.436042 3808.883691 -244.982613 3970.419867 -201.188761 3737.897448 1014.755965 -1803.251534 0.102915 0.057662 1.353678 1.815652 -0.587199 -21.108626 -1.725803 -36.78895 -2.826763 -43.064662 -3.061472 -38.15716 -0.103469 -0.038442 -0.143505 0.003061 -0.102839 -0.002063 -0.044147 0.158642 -0.0454 0.338322 -0.090257 0.11345 -2.155689 -51.03705
48.985471 230.325124 135.017543 1245.136946 203.228452 427.32269 237.759543 261.547393 236.542966 163.667522 200.728683 213.364633 -75.085141 225.665339 -134.300008 1327.889885 -218.902677 3256.861645 -285.358024 3910.946021 -248.83411 4066.749248 -204.687811 3842.605508 970.598503 -2598.736933 -0.000581 -0.005892 0.504183 0.007533 -0.103103 -36.511966 -0.481736 -62.346206 -0.677923 -60.113625 -0.711022 -50.627176 -0.008049 -0.114093 0.002288 0.009106 -0.001684 0.279759 -0.007519 0.674702 -0.01502 0.577298 -0.015083 0.723191 -0.491127 -72.472854
47.240255 226.21123 163.157782 1139.780815 176.581167 264.338209 189.350079 119.020847 181.858314 64.242054 155.68531 106.903751 -73.846188 217.231819 -129.272162 1284.097307 -211.222157 3108.138649 -271.578279 3751.011763 -239.767431 3866.893224 -197.039911 3659.354174 839.255728 -2934.305981 -0.015828 -0.018536 1.330835 -2.328243 -0.935934 -19.47725 -2.752281 -27.696636 -3.589009 -22.830686 -2.857733 -18.212233 0.005153 -0.080302 0.047959 -0.367139 0.068579 -1.737749 0.170496 -1.669401 0.08413 -2.517681 0.072805 -2.238486 -4.772124 -10.185202
46.564274 224.596169 177.911614 1034.489633 166.139939 206.301842 171.81709 78.660188 163.279773 41.546433 140.436896 78.26479 -73.159031 223.673837 -127.432382 1283.380816 -213.648471 3022.868985 -273.783596 3631.989323 -245.649737 3738.265879 -202.770291 3537.040089 809.477301 -2991.620425 -0.002436 -0.002893 0.319257 -2.550911 -0.159086 -3.592047 -0.425824 -4.164088 -0.500398 -2.46321 -0.392859 -2.228118 0.001606 0.047064 0.006593 -0.0001 -0.006928 -0.592991 -0.004459 -0.959451 -0.035642 -1.087826 -0.041068 -1.039536 -0.268942 -0.277174
48.692723 217.762669 199.531662 971.535746 170.925545 151.740251 174.872435 47.08389 161.571048 18.634615 142.194962 46.465531 -69.003097 224.314967 -120.704121 1288.493523 -208.321454 2994.957761 -267.874896 3609.562444 -240.65372 3720.981268 -197.730773 3523.490424 796.598569 -3212.969689 0.023782 -0.052785 0.61971 -0.988065 0.033974 -4.181706 0.013464 -4.029204 -0.004494 -4.532084 0.005468 -4.121614 0.06076 0.000459 0.091236 0.005082 0.033626 -0.064728 0.032229 -0.034728 0.025664 -0.020026 0.031707 -0.013001 -0.051637 -3.949584
54.528418 212.441097 232.813364 895.452869 168.662008 101.587731 169.074847 17.562926 153.129343 4.213078 138.045008 22.28087 -66.987041 225.662026 -117.344293 1258.051338 -209.555734 2984.408831 -272.508295 3612.896432 -246.687789 3707.020995 -200.899218 3504.160924 788.533682 -3461.290336 0.165095 -0.032915 1.282908 -1.550896 -0.007544 -5.014085 -0.048866 -7.134004 -0.113243 -5.126623 -0.030729 -4.394479 0.014945 0.002016 0.023712 -0.181964 -0.001823 -0.009305 -0.019864 0.00077 -0.037357 -0.013119 -0.012592 -0.026583 -0.020517 -4.621074
58.717361 210.83096 235.160201 807.586199 164.149343 82.555196 150.175994 10.742954 140.299756 1.495709 125.089344 15.511799 -62.039682 230.996001 -112.115573 1259.811957 -203.802754 2993.324732 -266.277979 3611.33921 -243.15628 3726.737263 -196.114883 3515.099935 752.859699 -3578.912973 0.077501 -0.003063 0.005885 -2.268209 -0.030596 -0.986218 -0.559873 -0.833879 -0.280608 -0.688214 -0.319136 -0.611148 0.094885 0.031153 0.059581 0.000616 0.040036 0.006649 0.036024 -0.000168 0.01273 0.026146 0.028829 0.008524 -0.412874 -0.982646
59.035953 204.240954 236.830536 725.267511 165.83492 70.904672 153.094973 8.76952 139.904248 1.072611 125.130546 13.532463 -60.752548 228.961221 -111.149145 1262.199269 -200.836959 3008.199516 -263.74469 3632.973634 -238.371486 3756.462137 -190.919053 3551.993935 743.510909 -3630.582421 0.000431 -0.052317 0.002956 -2.211972 0.004305 -0.442887 0.014048 -0.10005 -0.000279 -0.03509 3e-06 -0.067523 0.006746 -0.004501 0.002092 0.00113 0.010869 0.018434 0.006054 0.032305 0.023773 0.059037 0.034878 0.096304 -0.029204 -0.185156
61.129163 208.82124 246.033748 721.048777 164.768183 77.125083 147.168815 12.097704 134.894983 2.847595 120.888072 18.017757 -59.703906 239.460835 -108.981671 1278.163198 -198.116086 3039.069679 -261.433466 3677.021087 -233.256937 3790.702774 -187.276776 3587.474912 722.920524 -3585.758279 0.018233 0.025395 0.087713 -0.006153 -0.001721 0.130753 -0.058487 0.267121 -0.04566 0.42486 -0.036582 0.32045 0.004565 0.117688 0.010671 0.05016 0.009278 0.078794 0.005086 0.132708 0.027733 0.077673 0.017539 0.088165 -0.144563 0.139213
59.841507 215.15555 250.522613 757.525976 166.56676 84.071552 149.536379 15.107338 135.244669 3.743034 122.666759 21.16206 -57.018719 246.557211 -108.009424 1346.256896 -194.639398 3148.698058 -259.854934 3818.997266 -226.288513 3946.65638 -181.04562 3738.615012 711.414963 -3707.315316 -0.006853 0.047321 0.02029 0.450024 0.004882 0.149742 0.009446 0.166987 0.000226 0.061113 0.006495 0.126374 0.03089 0.05181 0.002178 0.883535 0.015388 0.971217 0.00239 1.34465 0.052837 1.571854 0.052712 1.559206 -0.046147 -1.013094
59.298387 214.925585 250.076387 771.783174 155.84004 86.960473 135.842842 15.986311 123.424856 4.133554 112.603138 22.254825 -58.672747 247.170433 -111.22224 1348.619428 -205.3301 3120.133934 -272.65876 3755.529176 -240.931657 3876.055493 -193.881501 3689.703132 709.24464 -3627.033871 -0.001238 -6.1e-05 -0.000199 0.066459 -0.178492 0.0244 -0.328722 0.012426 -0.270192 0.009687 -0.215333 0.013754 -0.011824 0.000381 -0.023543 0.001036 -0.1429 -0.065077 -0.153951 -0.265909 -0.229522 -0.318597 -0.219787 -0.161032 -0.001658 0.439392
59.531046 216.983099 247.666023 780.309349 149.041881 87.111946 128.569201 14.990501 117.727941 4.08332 106.468486 22.186634 -59.53376 248.479393 -112.117277 1346.167012 -203.632607 3098.33424 -268.731129 3708.826666 -239.027525 3824.211494 -193.080274 3648.800876 692.256394 -3578.370994 0.000228 0.004901 -0.005836 0.023419 -0.075801 6.6e-05 -0.100063 -0.01601 -0.0673 -0.000154 -0.085911 -5.2e-05 -0.003136 0.001728 -0.001793 -0.001116 0.003523 -0.038211 0.014247 -0.146104 0.003777 -0.174528 0.000829 -0.113988 -0.102965 0.164328
59.505204 215.101172 248.76623 777.538261 151.409002 86.506953 131.215101 15.640309 120.61403 4.193684 108.765675 22.615177 -59.478677 247.592581 -111.621256 1343.630963 -202.964872 3093.494864 -267.483066 3705.635917 -234.228446 3820.552208 -189.08517 3644.151313 691.004561 -3571.588314 -3e-06 -0.004098 0.001219 -0.002465 0.009325 -0.001054 0.013475 0.006893 0.017475 0.000736 0.012259 0.00205 1.3e-05 -0.000793 0.00055 -0.001196 0.000548 -0.001891 0.001452 -0.000687 0.024333 -0.000876 0.020883 -0.001482 -0.000566 0.003217
60.197346 214.225436 248.753068 782.106248 153.271139 88.831006 133.984937 16.974263 124.683025 4.448673 111.859799 22.858634 -59.144313 248.411373 -110.366166 1339.922789 -200.707488 3092.223298 -265.182758 3705.150457 -231.906152 3819.412402 -186.858646 3642.871207 696.675993 -3563.159574 0.002001 -0.000893 -0.0 0.00669 0.005691 0.015403 0.014465 0.027291 0.033751 0.003762 0.021698 0.000652 0.000471 0.000676 0.003548 -0.002562 0.006312 -0.000131 0.004967 -1.6e-05 0.005785 -8.5e-05 0.006593 -0.000112 0.01159 0.004979
61.972471 213.843583 246.854736 800.196153 155.026041 92.190531 135.625071 18.459729 125.993868 4.678152 112.943676 23.388241 -58.270751 251.989029 -108.77071 1344.100526 -199.601045 3085.505515 -264.840722 3698.85796 -234.030901 3817.333264 -187.717505 3635.082089 703.457198 -3554.743279 0.012897 -0.00017 -0.003636 0.103411 0.004995 0.031177 0.004989 0.031151 0.003427 0.002885 0.002613 0.003033 0.00325 0.01279 0.005808 0.003251 0.001529 -0.003653 0.00011 -0.002674 -0.004845 -0.000283 -0.000985 -0.004168 0.016422 0.004976
64.168694 218.320588 237.820757 826.17917 174.976652 99.249608 164.10765 21.903197 151.015408 5.685052 136.116832 25.234448 -52.606573 250.873875 -100.916952 1336.278785 -184.472428 3047.210939 -247.802524 3666.931018 -216.157603 3786.618676 -173.064412 3598.827362 728.521201 -3498.861224 0.01912 0.02319 -0.084201 0.207566 0.603618 0.130191 1.35637 0.147154 1.13238 0.049032 1.080385 0.035063 0.144772 -0.001236 0.147131 -0.011413 0.298073 -0.119563 0.283219 -0.069194 0.354941 -0.062033 0.297689 -0.090851 0.219365 0.221366
62.445126 219.494106 231.495424 903.647809 185.451665 125.590223 182.932483 32.408253 167.756154 10.283136 149.184684 34.405831 -51.311517 248.555785 -100.036887 1337.901436 -181.039605 3062.788833 -242.635049 3682.847891 -210.963829 3807.730915 -169.647305 3617.488377 754.96714 -3422.259512 -0.011732 0.001573 -0.042628 1.73555 0.152248 1.548269 0.510943 1.025641 0.439886 0.676339 0.299435 0.709399 0.00807 -0.00538 0.001927 0.000492 0.016121 0.019859 0.027224 0.017235 0.031579 0.029346 0.017036 0.024128 0.235743 0.42392
64.270721 220.277905 231.728552 983.458969 194.116945 152.158167 195.235336 48.168871 179.44741 17.190657 158.558909 45.276083 -50.466738 249.122468 -101.84941 1336.715463 -181.327954 3067.234741 -241.397619 3667.873846 -209.013963 3797.621995 -168.90144 3618.435942 775.795927 -3303.799478 0.013151 0.000698 5.9e-05 1.688477 0.098924 1.273595 0.200176 1.556394 0.196893 0.882526 0.142808 0.744945 0.003506 0.000323 -0.008137 -0.000263 -0.000115 0.001612 0.001582 -0.015252 0.004526 -0.006718 0.000822 6.2e-05 0.141713 1.043246
60.774572 220.333552 218.88601 1019.770969 192.784876 159.649967 201.030611 51.874505 184.460608 19.201892 162.067682 48.419057 -50.78103 240.837853 -105.014712 1304.017679 -184.219529 3039.835006 -245.142637 3646.30332 -211.37014 3775.372388 -171.408327 3593.752022 790.745751 -3256.078991 -0.048884 4e-06 -0.183044 0.329136 -0.002293 0.090016 0.042379 0.068652 0.034533 0.055618 0.0192 0.05273 -0.000488 -0.070046 -0.024218 -0.202441 -0.011437 -0.061466 -0.014413 -0.031807 -0.006603 -0.032685 -0.009234 -0.042241 0.071336 0.173576
60.882515 220.45416 212.322006 1071.236007 201.27509 173.852881 212.442747 59.127858 196.716418 21.951036 173.130442 52.528051 -51.134438 236.17633 -106.639777 1275.120097 -185.162894 2924.472394 -244.274102 3541.073526 -210.678061 3634.505329 -170.968563 3442.149927 814.54965 -3091.545193 4.8e-05 1.7e-05 -0.049963 0.633439 0.091474 0.302568 0.157521 0.237236 0.197079 0.091928 0.182605 0.083662 -0.000613 -0.022777 -0.006239 -0.161894 -0.001205 -1.115786 0.000771 -0.770372 0.000567 -1.339113 0.000282 -1.63347 0.176496 2.13276
61.303392 221.343676 213.69735 1047.019507 204.146838 196.683899 209.766406 79.660623 197.320632 34.482825 174.35292 68.220703 -51.884251 235.273097 -107.751265 1226.072689 -184.117286 2807.323125 -233.980752 3460.92109 -198.10971 3495.088349 -163.456367 3289.660817 790.859897 -2835.249862 0.000725 0.000895 0.00222 -0.138429 0.010171 0.704048 -0.008483 1.527241 0.000463 1.409004 0.00215 1.02406 -0.002729 -0.000865 -0.002881 -0.480946 0.00148 -1.197302 0.110783 -0.458771 0.193255 -1.363258 0.084384 -1.727315 -0.174795 5.544146
58.627967 214.115702 207.219587 979.005395 184.067226 255.024357 184.429038 140.439297 170.861964 80.900366 151.196529 122.860259 -57.152966 229.76453 -116.690045 1181.899007 -192.984129 2706.657606 -244.670369 3320.121165 -207.024263 3346.868731 -171.975572 3152.381217 754.038174 -2387.071435 -0.029845 -0.059991 -0.049848 -1.141946 -0.519637 3.78333 -0.815137 8.558133 -0.951929 9.748478 -0.824603 7.97866 -0.127367 -0.032627 -0.178072 -0.405212 -0.104258 -0.918972 -0.119379 -1.461925 -0.09809 -1.605654 -0.108202 -1.462877 -0.438874 19.266826
60.975287 215.304555 206.049023 967.201408 175.135953 336.86861 176.189953 235.498606 161.439245 145.53336 142.311977 188.97503 -59.784069 233.526563 -144.2161 1128.533632 -196.952823 2473.673165 -240.737131 3014.113678 -197.164763 2974.723686 -168.73927 2802.393597 715.424021 -1804.321586 0.023036 0.001646 -0.001658 -0.035797 -0.111051 5.685834 -0.094132 12.216808 -0.133622 9.420343 -0.134499 7.089355 -0.029604 0.015275 -1.456087 -0.616387 -0.020197 -5.241869 0.015936 -7.395943 0.120271 -10.963387 0.01537 -10.294033 -0.507434 40.708973
58.36511 230.351176 197.600212 738.888391 159.836644 567.363195 152.919647 595.330999 131.66967 447.934324 124.257035 475.83294 -61.852877 241.022611 -162.740525 927.936154 -191.794365 1911.642795 -223.102083 2351.873768 -165.340054 2237.341781 -152.003879 2114.043697 592.10476 -683.095115 -0.028548 0.254081 -0.088431 -15.345712 -0.349567 29.870665 -0.823716 81.96481 -1.515691 82.823435 -0.612141 65.072881 -0.017594 0.059208 -0.559472 -9.806982 0.034226 -36.164556 0.335361 -41.021758 1.399666 -52.424553 0.436898 -48.426398 -5.828403 267.035417
48.828907 232.021171 165.903394 584.887935 106.465165 780.317341 96.695901 954.363146 70.945131 816.499977 70.163705 804.139177 -68.080517 247.219163 -217.09497 813.216506 -185.281572 1490.674752 -201.685086 1862.669361 -142.146564 1668.973671 -157.376614 1594.349756 413.935979 -150.764275 -0.425023 0.003016 -1.384588 -8.988274 -5.403096 16.931364 -6.414372 42.16376 -9.313771 54.90817 -7.676702 42.820697 -0.14933 0.039324 -3.909176 -3.783388 0.056248 -26.143589 0.540247 -28.488562 0.875982 -41.56991 -0.046655 -36.5955 -15.902439 192.029694
50.777293 239.712057 174.719083 568.485349 97.886783 1051.094496 89.761934 1311.836745 59.24534 1208.644952 57.851866 1157.282178 -68.190873 267.752674 -246.745929 753.85078 -176.377115 1381.48165 -181.941115 1660.708956 -129.469513 1497.980385 -145.558456 1447.105102 363.877238 -15.509263 0.019058 0.062698 0.114099 -0.11664 -0.180133 20.128025 -0.128974 28.371798 -0.526777 38.329814 -0.593418 32.05261 -4.5e-05 0.40953 -0.948687 -1.124889 0.109636 -2.076392 0.508415 -5.792958 0.295997 -4.619588 0.230614 -3.566337 -1.612519 69.562777
49.876306 226.473794 189.568476 470.768977 112.937215 940.076015 105.854843 1182.452133 69.278115 1108.013302 68.085385 1070.650248 -64.368908 257.358196 -237.314186 665.430652 -171.531412 1209.27871 -156.680343 1486.74421 -111.831055 1334.653416 -119.825086 1287.978372 357.148309 -10.537002 -0.004033 -0.188001 0.302777 -4.604112 0.537901 -3.097348 0.663086 -3.358002 0.392187 -2.186665 0.416471 -1.684955 0.055109 -0.102889 0.091896 -2.75693 0.033747 -5.729337 0.943527 -4.811332 0.645527 -4.712559 1.250587 -4.632908 -0.031399 0.47901
51.630138 212.384718 203.415262 410.344203 116.271906 876.607329 106.391745 1117.034215 68.337036 1062.066844 68.971561 1017.756639 -58.847923 230.432511 -265.458003 487.423806 -165.623599 983.341026 -150.087697 1238.191877 -103.277124 1135.466931 -107.585637 1091.206157 339.633833 -1.226165 0.015153 -0.226216 0.244022 -2.07434 0.024259 -1.109028 0.000679 -0.930723 -0.003218 -0.48646 0.002865 -0.669932 0.123752 -0.743706 -0.788325 -13.825501 0.051764 -11.671899 0.070848 -11.359404 0.170144 -8.044135 0.329608 -8.151058 -0.220159 4.574259
53.230513 211.752816 206.666879 374.905495 112.904533 861.599234 101.789807 1112.492646 63.445664 1079.372962 65.91679 1030.451965 -54.966796 226.725291 -275.074627 420.011451 -158.034114 929.465949 -141.532881 1194.252354 -94.766108 1109.23502 -98.935614 1065.017377 313.292378 -0.203733 0.012213 -0.000471 0.012892 -0.800091 -0.02474 -0.064793 -0.05087 -0.004626 -0.090808 0.069931 -0.034595 0.039345 0.066193 -0.015032 -0.085552 -2.507459 0.088996 -0.758859 0.125507 -0.396893 0.182967 -0.15328 0.18123 -0.159046 -0.531572 0.430277
51.098557 200.775048 196.731466 353.919293 114.617958 823.07035 105.889923 1063.088444 67.370101 1032.597369 69.162867 988.108505 -54.415536 202.239827 -244.164188 357.436733 -154.945901 832.408717 -139.633021 1095.721277 -93.7754 1044.792117 -96.628392 1001.425074 320.112896 -0.035793 -0.021785 -0.14609 -0.12237 -0.302207 0.006452 -0.440641 0.040477 -0.56102 0.058879 -0.518053 0.039009 -0.444169 0.001389 -0.699389 0.92087 -2.522327 0.015236 -2.67535 0.006419 -2.120739 0.002603 -0.964198 0.013611 -0.97872 0.036723 0.068737
49.874791 197.825746 186.771231 354.554136 109.481091 803.592481 101.44348 1049.615558 63.663389 1017.959161 64.858758 973.924915 -52.146821 196.208966 -237.597079 347.710505 -132.137768 813.798432 -120.001968 1068.216085 -78.514827 1020.088292 -80.763233 981.166038 283.578639 -0.001112 -0.007416 -0.010911 -0.129364 0.000284 -0.058882 -0.116619 -0.047684 -0.042959 -0.052439 -0.052249 -0.069131 -0.051267 0.024153 -0.045644 0.044762 -0.067081 0.907461 -0.105198 0.743218 -0.174812 0.677182 -0.147781 0.710881 -0.103511 -1.106506 0.024287
50.267795 193.466752 184.616071 347.177881 112.758279 786.259528 106.219794 1046.088553 69.193603 987.758356 69.459313 945.716128 -54.339102 192.911518 -232.383115 336.470628 -116.120661 791.910395 -102.290268 1044.556119 -64.660275 1001.630493 -68.005881 961.864954 267.630968 -0.048366 0.000771 -0.02428 -0.006253 -0.038769 0.024164 -0.094487 0.054936 -0.002968 0.115148 -0.227385 0.07881 -0.207273 -0.022569 -0.013972 0.028923 -0.092332 0.517234 -0.149189 0.706736 -0.132483 0.671905 -0.084259 0.547998 -0.095866 -0.230748 -0.03481
51.932863 190.21168 176.809034 335.390187 115.367446 754.268152 114.42405 1001.504485 77.028065 974.092334 75.02204 931.389151 -54.704705 190.436495 -234.901692 352.168717 -122.325566 755.478364 -109.527309 992.497461 -70.657552 935.454434 -72.269774 901.26473 295.233771 0.390941 0.013565 -0.013808 -0.084329 -0.101792 0.014922 -0.33221 0.152583 -0.485442 0.210034 -0.047599 0.107126 -0.054676 -0.000613 -0.00799 -0.006787 0.178949 -0.080746 -0.428941 -0.123668 -0.665311 -0.132965 -1.130707 -0.064819 -0.985803 0.677226 0.714322
49.316009 181.737604 167.722033 328.804591 115.11726 744.245059 115.8635 984.129009 80.615674 959.756147 77.488892 915.661987 -57.203987 184.399413 -219.390447 341.924463 -125.399056 746.971537 -116.102035 984.033275 -78.120216 928.265184 -77.967566 894.306014 317.452164 0.262643 -0.033823 -0.096544 -0.119856 -0.032649 -0.000136 -0.033521 0.004499 -0.076024 0.040828 -0.05314 0.019952 -0.066958 -0.027912 -0.04862 0.264883 -0.075603 -0.019067 -0.024083 -0.095812 -0.018123 -0.187281 -0.013866 -0.108084 -0.013484 0.402996 -0.012716
50.265935 179.991087 172.869848 325.842956 119.310457 743.378294 119.674937 989.397042 80.847246 966.299609 78.202949 919.102934 -56.397958 183.463972 -213.009297 338.509389 -131.502224 738.578964 -124.463489 981.887218 -83.064456 926.655815 -82.067803 889.090635 327.808409 0.415172 0.004531 -0.004216 0.038905 -0.006699 0.037505 -0.000253 0.03084 0.007031 0.000166 0.011115 0.001637 0.003227 0.00286 -0.001189 0.047088 -0.00857 -0.072506 -0.023707 -0.145355 -0.001171 -0.075849 -0.000698 -0.052534 -0.007626 0.083113 0.017385
50.405401 179.623751 173.685523 325.963579 119.511849 743.600626 119.495168 997.837145 80.167827 975.530495 77.958566 925.80178 -56.423968 182.152945 -213.544895 333.253125 -134.426928 728.723763 -125.938143 978.106125 -84.579102 927.064469 -84.375253 887.9095 329.434789 0.617403 9.7e-05 -0.000188 0.00096 1.1e-05 8.5e-05 1.7e-05 -6.8e-05 0.017923 -0.001433 0.021941 -0.000191 0.012162 -3e-06 -0.002351 -0.000336 -0.020564 -0.016084 -0.033097 -0.004342 -0.003647 -0.006842 4.5e-05 -0.015995 -0.000393 0.002012 0.019997
50.553112 181.854215 174.280677 341.638732 120.733983 770.387571 120.875621 1030.634123 78.212859 1000.659609 75.718026 953.035808 -58.230082 176.5148 -210.053975 323.959901 -141.994386 740.765128 -138.990219 1007.214832 -91.074967 956.388787 -88.658737 913.662131 338.086327 0.500794 0.000108 0.006881 0.000509 0.18405 0.003109 0.236989 0.003964 0.265153 -0.012066 0.159777 -0.016334 0.197391 -0.014226 -0.044318 0.014385 -0.065708 -0.103605 0.049336 -0.32171 0.213407 -0.120153 0.228295 -0.053027 0.18407 0.056067 -0.006097
51.18773 185.024632 180.639235 345.960737 123.888292 771.994147 123.265188 1027.819351 80.832134 995.301463 78.773145 949.833834 -55.088431 178.750719 -207.956333 332.676901 -141.255829 757.777651 -136.736792 1023.071286 -90.018213 967.299656 -88.610534 924.437738 341.453562 0.199771 0.001979 0.013699 0.056963 0.013583 0.020338 0.000837 0.011694 -0.001924 0.02157 -0.007192 0.030211 -0.002694 0.043558 0.007036 0.005263 0.057863 0.000963 0.096572 0.009208 0.06192 0.003083 0.030943 7e-06 0.031586 0.008343 -0.06797
50.092064 182.333266 177.644903 345.366757 122.838062 769.868184 122.475917 1022.444149 81.151837 992.127197 78.772616 947.31297 -56.659897 175.636726 -210.221166 335.016535 -137.875236 756.942395 -130.929041 1021.219023 -86.390075 964.212596 -85.816971 921.983041 335.001916 0.199164 -0.005927 -0.009859 -0.012513 -0.000255 -0.002235 -0.001466 -0.001267 -0.007046 0.000315 -0.002535 -0.0 -0.001675 -0.01105 -0.013682 -0.006133 0.004099 0.020472 -0.00023 0.063015 -0.000839 0.037313 -0.002467 0.022372 -0.001632 -0.030767 -0.0
52.367602 175.685705 176.224925 352.966583 119.953524 777.411287 118.17914 1026.630158 79.64876 988.704408 77.928677 943.926326 -56.271934 176.952992 -217.200107 351.223841 -130.479566 766.689356 -120.523188 1023.951317 -77.925678 957.44105 -78.73432 915.175972 315.139454 0.251127 0.025272 -0.06172 -0.002849 0.041355 -0.017136 0.018387 -0.038361 0.004276 -0.007025 -0.002957 -0.002273 -0.003032 0.000666 0.002457 -0.05698 0.191415 0.101929 0.031177 0.215405 0.001825 0.218158 -0.011931 0.152497 -0.012611 -0.30348 0.003008
50.904452 179.513527 172.144451 354.845553 119.758022 763.655953 119.683674 1003.519858 80.442907 970.682996 78.011413 929.69729 -58.172105 181.877686 -233.151078 357.117558 -134.650306 773.840644 -124.021677 1032.949822 -80.49044 966.333146 -81.168913 923.978027 321.866687 0.004884 -0.010365 0.020626 -0.023898 0.002494 -8e-05 -0.06139 0.004758 -0.131543 0.00197 -0.082877 2.2e-05 -0.054031 -0.015776 0.033796 -0.282572 0.02452 -0.032807 0.016599 -0.025026 0.019683 -0.020763 0.020551 -0.018535 0.021063 0.035523 -0.185968
52.321201 181.665454 174.473672 361.874461 120.524104 777.653944 120.502904 1015.553964 81.533192 984.104888 78.876867 944.45893 -58.7291 187.308345 -241.20309 385.192881 -136.627596 828.410795 -125.038218 1090.302993 -81.430105 1014.020914 -82.552217 972.550208 325.926561 -0.223965 0.009723 0.006411 0.007826 0.034467 0.001221 0.063565 0.001397 0.035863 0.003669 0.046079 0.002387 0.058135 -0.001327 0.039944 -0.068345 0.531116 -0.007206 0.929556 -0.002075 0.774751 -0.002727 0.574254 -0.005844 0.622096 0.012722 -0.294996
53.329971 182.237824 175.132009 366.918084 127.103972 784.173585 129.546162 1035.196969 85.95888 992.861972 82.326488 952.360806 -58.153013 194.285562 -238.433147 428.555836 -135.849303 868.048472 -125.323243 1152.956519 -78.351503 1053.237673 -79.267172 1008.802363 328.444564 -0.890968 0.004816 0.00045 0.00062 0.017452 0.087434 0.013608 0.163582 0.094077 0.058481 0.019395 0.036914 0.016459 0.00142 0.063792 0.007998 1.156182 0.001112 0.463129 -0.000162 0.875117 0.029661 0.372013 0.033348 0.331675 0.004845 -0.221523
51.446567 183.841193 174.619039 386.920651 130.537036 826.593654 132.899805 1075.127568 88.676361 1035.600119 84.999902 992.614826 -62.641833 193.134112 -243.51741 460.081703 -137.623114 921.742167 -127.743564 1203.943797 -80.506643 1093.127511 -81.03225 1050.92503 338.168638 -0.777461 -0.016929 0.003511 -0.000376 0.265424 0.022874 0.55867 0.021428 0.377808 0.021145 0.45028 0.021358 0.416602 -0.083433 -0.001711 -0.026819 0.559392 -0.005753 0.805586 -0.011574 0.551573 -0.014619 0.370705 -0.009718 0.430762 0.070928 0.003866
54.015458 186.865164 184.045554 437.454746 140.0419 887.561065 143.804384 1137.476901 99.027886 1085.831469 92.914705 1043.550012 -61.85944 198.452735 -248.379997 522.475893 -129.00407 1000.672431 -110.218875 1289.808822 -70.891172 1149.697329 -73.609636 1100.222982 337.49236 -0.912464 0.031292 0.012334 0.123896 1.550324 0.166994 1.084558 0.214952 0.87865 0.285651 0.594773 0.176138 0.637178 0.002458 0.036121 -0.024035 1.983073 0.139347 1.621038 0.646178 1.478693 0.305654 0.713532 0.178241 0.564956 -0.000338 -0.005401
52.996376 185.568974 195.0117 470.841272 138.030863 906.206818 135.628403 1141.382759 92.841407 1081.858026 88.091458 1040.989362 -60.932242 197.50856 -264.169228 532.732637 -127.130248 987.862327 -92.897125 1258.322171 -61.933391 1130.298982 -71.131713 1082.846732 306.432086 -0.530434 -0.004853 -0.002256 0.158659 0.613807 -0.007272 0.096911 -0.119637 0.003347 -0.099762 -0.003642 -0.064274 -0.001573 0.003501 -0.001126 -0.243254 0.04985 0.006854 -0.041262 0.739948 -0.194544 0.302404 -0.082523 0.021212 -0.069155 -0.749546 0.051493
52.937553 202.808147 242.807306 487.640959 124.718834 892.934214 104.817453 1094.665574 69.520229 997.546269 71.421766 981.408207 -56.721964 207.970601 -287.554804 541.637806 -100.590407 958.311029 -78.867603 1192.241381 -56.005318 1041.163602 -51.634464 1024.35189 250.321422 -0.466641 -1.6e-05 0.382792 2.616683 0.147239 -0.337439 -0.048958 -1.982242 -0.488078 -1.683624 -1.70996 -0.873412 -0.87784 0.075357 0.134992 -0.495838 0.036907 1.551839 -0.224371 0.573915 -0.891114 0.149079 -1.83021 1.558127 -0.812051 -2.834685 0.002043
51.817124 201.820884 236.510332 518.947327 105.866004 763.810462 82.096262 880.450565 56.332893 782.065243 59.753472 792.359144 -57.819365 209.757774 -296.682257 607.936595 -91.038111 872.951767 -55.195631 1016.74832 -35.920367 873.343119 -42.586333 885.323802 182.219881 -2.51841 -0.005992 -0.001204 -0.041365 0.486955 -0.772005 -5.039503 -1.386131 -11.650913 -0.692815 -13.093734 -0.519989 -10.103248 -0.005257 0.003823 -0.071303 1.9134 0.238229 -1.990475 2.106467 -6.982052 2.221023 -7.369529 0.435457 -5.06748 -5.394772 -0.816925
49.95893 196.761062 256.063221 595.43077 75.852937 656.307518 42.606251 681.845994 32.572522 572.364291 39.402536 613.207055 -58.508546 212.201647 -302.679196 666.971253 -53.647847 807.087776 -21.343718 866.177642 -12.885937 748.457635 -21.189845 779.309839 86.43296 -11.791103 -0.016965 -0.032117 0.388233 2.627754 -2.495646 -4.074833 -6.417874 -12.675069 -3.233847 -16.332051 -2.110898 -11.464026 -0.002042 0.007077 -0.030002 1.367535 4.914735 -1.291557 7.893009 -6.029947 5.777589 -4.815503 3.696305 -3.379236 -17.656397 -3.410921
50.331711 197.31025 272.276625 634.907998 53.601581 463.425256 24.318493 397.872043 18.530965 348.153336 24.06508 412.282445 -59.282737 217.800493 -304.169511 650.89823 -23.286626 669.296752 -2.721742 664.971309 -0.580241 599.241371 -4.288396 651.485952 25.669383 -33.878681 0.000693 0.000383 0.248833 0.633506 -1.92668 -16.737797 -2.547114 -38.012784 -1.966932 -27.723054 -1.881086 -19.876246 -0.002544 0.036451 -0.00183 -0.098019 6.244238 -6.444084 8.821827 -13.277704 7.997376 -8.286031 6.413043 -5.721179 -17.896595 -5.696442
56.337903 190.43888 265.92921 642.450636 36.04837 307.958691 12.371902 209.862154 10.040484 183.00053 13.477046 248.973566 -60.775083 209.408387 -283.715765 639.867093 -14.643395 595.839683 -0.369856 585.200495 0.067096 533.217005 -1.151476 593.448131 8.466019 -91.464802 0.169228 -0.060889 -0.037431 0.022269 -1.735228 -15.828958 -1.999416 -29.812805 -1.290697 -26.328173 -1.524009 -20.483257 -0.009275 -0.082435 0.355922 -0.047138 0.997907 -2.134353 1.084956 -2.547599 1.041962 -1.926308 0.995557 -1.353574 -4.652018 -14.011424
54.075402 181.714061 240.818798 631.366859 18.932256 233.857228 2.79967 136.122187 2.211733 126.473828 4.150246 191.040138 -66.193061 208.217199 -279.417995 643.780806 -13.610304 534.37157 -0.299402 499.930951 0.113303 459.629229 -0.830568 530.98304 1.323844 -103.89535 -0.023183 -0.102287 -0.622519 -0.048222 -2.732106 -5.091163 -3.400889 -7.949459 -2.827384 -5.206203 -2.669611 -3.830511 -0.115651 -0.001699 0.0164 0.005966 0.018894 -1.672752 0.003719 -3.355425 0.006018 -2.730845 0.026151 -1.73639 -3.094286 -0.395872
49.957161 179.350092 220.58383 575.478599 15.684586 165.128512 1.715264 82.266252 1.236748 76.778006 2.645727 126.318831 -60.526415 203.600627 -258.110702 645.996926 -20.165078 508.792808 -3.598116 469.968017 -0.758822 432.81534 -3.378349 500.409641 3.933065 -145.00756 -0.081544 -0.007739 -0.443919 -1.29477 -0.152681 -5.964132 -0.132162 -6.744756 -0.140699 -6.169026 -0.16863 -6.669626 0.126764 -0.025877 0.42247 0.001904 -0.642145 -0.313647 -1.821673 -0.462931 -1.458562 -0.402908 -0.858724 -0.453241 0.693242 -3.418807
42.686045 177.156505 199.082651 535.68395 11.109461 114.750535 0.421556 42.284834 0.365685 41.233754 1.178405 80.007483 -60.98171 196.421341 -238.07728 663.728742 -11.913033 512.828807 -0.472194 474.206752 0.020324 427.012988 -0.765285 493.867899 0.213589 -202.861372 -0.285778 -0.006749 -0.551157 -0.712822 -0.393494 -4.571327 -0.436138 -6.59152 -0.257427 -5.480068 -0.292708 -5.264615 -0.000853 -0.064429 0.404586 0.120037 1.07958 0.007972 1.463389 0.009515 1.02752 -0.019578 0.927799 -0.021521 -2.31356 -4.844545
45.458751 172.833957 191.099954 563.978756 13.244321 103.486269 1.54058 32.176068 1.129857 27.125008 2.233325 60.435282 -62.14193 193.591047 -239.078487 674.322954 -12.242843 487.968096 -0.570448 444.408585 0.004949 394.298134 -0.846067 456.375565 0.985247 -214.586588 0.04362 -0.026694 -0.081667 0.364079 0.093752 -0.290896 0.350378 -0.689371 0.209973 -1.471815 0.167189 -1.370485 -0.005467 -0.01027 -0.00105 0.041941 -0.002252 -0.308829 -0.00464 -0.483426 -0.005214 -0.651815 -0.002026 -0.739928 0.281366 -0.164701
45.619884 170.073007 184.391481 566.951402 14.462332 79.577122 2.417308 16.345905 2.551092 13.196123 3.252137 39.063618 -60.159847 187.826869 -233.166459 651.550612 -13.604214 486.124007 -1.009546 444.659548 -0.031203 393.41557 -1.265415 450.660651 3.146572 -262.506728 0.000143 -0.011115 -0.059931 0.003907 0.026785 -1.568053 0.098325 -2.654906 0.28544 -2.482265 0.095442 -2.322344 0.016062 -0.043558 0.037008 -0.195576 -0.035877 -0.001746 -0.062241 3.5e-05 -0.061007 -0.000494 -0.042061 -0.018004 0.61037 -2.412695
51.713601 172.695052 194.061309 603.233785 23.274835 61.904406 7.159021 5.077186 7.810619 2.740289 8.295676 20.471066 -57.806585 186.51269 -250.811759 629.715991 -19.998432 495.237824 -3.219639 467.408524 -0.850535 401.518806 -3.571393 453.28522 13.816039 -337.918228 0.190941 0.010029 0.123557 0.562615 1.043386 -1.108105 1.256339 -3.20319 1.43409 -3.909576 1.159613 -2.977672 0.023474 -0.002307 -0.321771 -0.18606 -0.613984 0.042321 -0.623427 0.283749 -0.55592 0.041302 -0.585082 0.00381 3.775775 -4.754549
50.143037 179.440224 196.018486 663.268452 44.438876 68.349897 25.278721 10.617333 24.643663 5.84116 23.668657 26.932449 -59.914795 183.059396 -241.776996 615.38223 -22.610415 525.173429 -4.939264 516.492991 -1.75286 437.337818 -5.011323 480.41069 39.541392 -342.093666 -0.012109 0.064608 0.00491 1.42368 3.392408 0.159572 5.532658 1.010354 4.706686 0.579832 3.939521 0.442427 -0.018879 -0.016134 0.082862 -0.082509 -0.080134 0.439202 -0.183278 1.225115 -0.161372 0.765081 -0.121651 0.394104 6.611076 -0.012819
56.23532 178.695498 209.929769 652.751122 69.215619 85.522645 48.975293 25.614753 46.45639 17.551313 45.048325 45.536587 -56.907649 184.148263 -251.089643 604.318611 -24.667962 522.512134 -5.942187 517.830579 -2.326815 436.422626 -5.885671 478.399329 69.576996 -278.933486 0.174596 -0.000774 0.23843 -0.042027 2.733545 0.961274 3.882634 3.249644 3.428623 3.142038 3.410524 2.42871 0.03871 0.001614 -0.087988 -0.050179 -0.044793 -0.00338 -0.046317 0.000865 -0.040576 -0.000479 -0.035134 -0.00211 4.21517 3.220131
57.457487 181.327312 209.940824 670.505777 60.912935 106.532212 39.552787 30.551404 38.303065 24.43662 37.62863 56.269832 -57.051805 187.846148 -268.453802 567.515828 -26.540299 523.262991 -5.616659 522.445784 -2.304548 440.608341 -6.530253 482.441327 59.398167 -257.516854 0.006569 0.00962 0.0 0.119116 -0.265141 1.152615 -0.502872 0.217371 -0.393061 0.568384 -0.333607 0.567373 -9.1e-05 0.01838 -0.290253 -0.578059 -0.034241 0.00027 0.004585 0.010238 5.4e-05 0.009988 -0.016743 0.008502 -0.402288 0.427677
56.409239 183.812019 194.82746 707.040546 50.407094 142.139529 30.678937 49.398252 31.150127 34.865604 30.303795 69.955215 -57.634234 191.826889 -260.244985 596.927746 -20.614165 542.603579 -2.901945 552.324868 -0.841402 466.271742 -3.795513 500.815594 42.230628 -246.132673 -0.004825 0.008454 -0.282252 0.484566 -0.496854 2.56251 -0.562866 2.253171 -0.36932 0.924231 -0.396056 0.744081 -0.001479 0.020869 0.063731 0.371507 0.373865 0.175486 0.444142 0.415406 0.360953 0.363191 0.368726 0.171696 -1.460499 0.128677
54.874299 183.45049 192.877081 718.393714 36.455335 181.068318 18.053398 81.450545 18.208723 63.212482 18.587816 106.969949 -57.485728 192.676807 -254.167267 603.349588 -19.721467 549.743128 -2.853402 553.230999 -0.771732 477.745098 -3.51506 518.224811 26.477725 -193.397781 -0.010586 -0.000178 -0.004906 0.045213 -1.12778 2.352955 -1.663914 3.986438 -1.726759 4.185778 -1.424512 3.915271 9.6e-05 0.000939 0.035905 0.01718 0.00988 0.023332 0.000205 0.000371 0.001505 0.069725 0.005381 0.14872 -1.830226 3.175036
52.509088 183.887423 189.134432 763.734523 34.609856 226.773399 16.822522 115.264523 17.439248 94.518392 18.221595 146.271468 -58.729785 192.93056 -247.121988 610.181767 -6.958291 548.814445 0.152989 548.678449 1.348994 477.359026 0.001109 522.316229 9.087635 -147.051771 -0.026051 0.00026 -0.018334 0.693688 -0.023966 2.569078 -0.021727 2.927987 -0.008306 3.137961 -0.001822 3.068265 -0.006659 8.3e-05 0.049511 0.019233 3.250912 -0.000393 4.327811 -0.009404 4.161376 -7.8e-05 3.641015 0.008044 -4.541505 3.169335
48.727084 183.860104 177.597717 755.545372 19.971973 205.397494 6.01937 99.9336 5.964569 86.923292 6.755983 136.504864 -63.713905 192.786283 -245.995885 611.340022 -5.634996 538.229874 0.362513 529.513891 2.128358 476.875093 0.111911 521.007821 0.966992 -156.605296 -0.070669 -1e-06 -0.181507 -0.022071 -1.999433 -0.528968 -2.716188 -0.54679 -3.006013 -0.159034 -2.787059 -0.168711 -0.101482 -2.7e-05 0.001286 0.000549 0.069719 -0.051532 0.044501 -0.170336 0.088463 -0.000123 0.090743 -0.00082 -4.125826 -0.150322
47.091088 187.089705 158.119096 742.299931 16.098779 177.280684 4.591102 76.041702 5.418374 61.626154 5.608822 105.777588 -65.208157 193.382778 -253.844283 663.658414 -8.313111 547.511033 0.041824 533.900587 1.063144 473.140422 -0.025138 523.665969 1.681305 -193.253329 -0.013967 0.014059 -0.565561 -0.058566 -0.20855 -1.034322 -0.096569 -1.629427 -0.013112 -2.169827 -0.05333 -1.95638 -0.00866 0.000461 -0.061621 1.073871 -0.259521 0.039669 -0.158071 0.009048 -0.183013 -0.007341 -0.243127 0.003382 0.098153 -1.924753
46.465003 189.300625 159.587163 737.487579 15.251479 166.109594 3.56097 63.979471 4.22134 56.464719 4.522218 101.635076 -66.352459 195.130912 -258.450857 683.50738 -7.797765 552.617955 0.117551 536.441309 1.415208 473.057968 -0.000112 526.347973 0.748164 -202.652161 -0.002095 0.006494 0.003392 -0.007825 -0.011452 -0.181756 -0.065348 -0.520523 -0.074611 -0.11285 -0.05844 -0.041372 -0.004977 0.003933 -0.020712 0.146234 0.008244 0.011854 0.01914 0.003016 0.025134 -4e-06 0.0219 0.003425 -0.186353 -0.11158
48.425735 193.212813 160.846499 744.007835 20.852946 129.629416 6.660024 34.066909 8.673516 28.143005 8.609457 63.319059 -66.682441 198.111724 -259.064583 690.809818 -7.420538 556.168474 0.165633 536.392854 1.205344 464.402616 -0.001562 516.976291 3.412154 -263.900172 0.02026 0.020007 0.002475 0.014348 0.43717 -2.258587 0.481149 -4.674375 0.792978 -4.881019 0.652277 -4.511779 -0.000409 0.011298 -0.000364 0.019401 0.004676 0.005685 0.004112 -1e-06 -0.008417 -0.039957 -0.000838 -0.042092 0.964789 -4.037727
51.525518 193.365206 175.5718 755.308975 25.857926 149.214171 15.946608 47.327965 16.801846 36.906214 14.078124 76.443802 -61.573572 200.495761 -250.870571 687.811621 -6.762895 562.107879 0.243374 543.573964 1.52423 474.720626 0.00834 524.913933 8.204836 -246.899502 0.048078 3e-05 0.322424 0.042592 0.268911 0.688624 1.99549 1.087527 1.331536 0.592977 0.668952 0.617619 0.101792 0.007129 0.065838 -0.00326 0.015255 0.015773 0.007456 0.023875 0.018691 0.056683 0.01712 0.030237 1.03471 0.28299
56.435475 195.754621 200.329279 783.674265 57.414121 172.594337 41.71434 62.501425 40.279953 59.091289 36.750963 108.17544 -61.773634 204.551222 -241.185872 648.175576 -6.201371 564.920601 0.496333 548.634471 1.755007 484.898391 0.017982 531.140727 25.219299 -205.444138 0.111708 0.007336 0.816171 0.261425 6.21077 0.850437 6.077918 1.053193 5.051901 2.598665 5.336907 2.747398 -0.000162 0.020303 0.095317 -0.58809 0.012166 0.00351 0.044597 0.011723 0.008131 0.053974 0.001829 0.018358 4.654692 1.903609
56.837841 205.107925 209.061878 804.760963 71.9733 300.950533 50.811447 191.835805 46.672934 146.653853 45.39078 198.26654 -62.256206 212.501653 -236.677284 662.675285 -5.471393 577.510081 0.81742 561.797169 2.113584 499.323421 0.07047 551.26035 28.922264 -104.764918 0.000715 0.109135 0.093147 0.139971 0.821737 17.727548 0.448298 35.339411 0.235332 19.56281 0.455639 13.5422 -0.000939 0.075788 0.021269 0.080195 0.022848 0.06937 0.039842 0.078016 0.016654 0.105714 0.017256 0.187007 0.126779 16.792367
58.998863 212.436927 216.085312 828.945103 81.232076 417.492376 58.393072 320.92635 53.061309 246.261175 52.620235 301.564846 -62.734094 226.060469 -254.971247 688.753459 -7.544679 608.966069 0.265626 582.10511 1.301881 522.843677 -0.008187 579.963779 37.740376 -51.452852 0.02016 0.064327 0.058018 0.179012 0.280027 9.5154 0.263499 16.515584 0.204811 12.835299 0.266992 10.790616 -0.000914 0.209646 -0.340472 0.251635 -0.166184 0.417056 -0.151106 0.18028 -0.097855 0.270639 -0.126694 0.364216 0.585802 9.37835
57.888594 213.447091 218.848621 827.555815 81.017549 446.603675 56.532504 364.215117 50.810682 275.188521 51.685744 327.431347 -61.876599 227.466865 -267.29866 693.500884 -22.421062 655.092603 -3.042209 683.451594 -1.107239 574.775036 -4.742794 609.975067 66.9192 -54.547962 -0.005273 0.001198 0.008778 -0.000583 -0.000142 0.490517 -0.015062 1.368908 -0.024385 0.802988 -0.004186 0.532085 0.00295 0.002181 -0.145506 0.008153 -3.953458 0.841878 -5.105712 4.064468 -4.810364 1.229196 -4.356888 0.378516 4.14976 -0.045197
57.932047 216.271453 219.989519 829.715296 76.265677 443.009165 50.292646 353.528954 46.773812 271.737822 48.641661 327.78607 -61.329576 233.317751 -297.419958 722.437741 -36.580249 673.997646 -9.902184 698.058457 -5.744584 581.533041 -12.167462 617.53726 85.302301 -58.224897 8e-06 0.009282 0.001483 0.001407 -0.071799 -0.007262 -0.182397 -0.079555 -0.083534 -0.010886 -0.046192 9.6e-05 0.001214 0.037148 -0.803886 0.295715 -1.724159 0.13446 -1.967233 0.077222 -1.807766 0.019749 -1.71713 0.023294 1.114099 -0.059959
57.500959 219.287783 214.707184 823.321569 71.34814 441.299367 46.848767 367.649957 43.311555 278.278749 44.278496 330.711518 -61.068223 237.707986 -301.586479 742.890188 -48.505488 699.662841 -17.197355 735.501196 -11.544265 594.293941 -20.05402 628.65492 99.577183 -59.235431 -0.000805 0.010444 -0.032096 -0.012365 -0.081933 -0.001653 -0.061066 0.138261 -0.066557 0.038894 -0.102495 0.006498 0.000279 0.02046 -0.014491 0.14274 -0.839839 0.239783 -1.000392 0.489062 -1.001799 0.069247 -0.980065 0.049593 0.551919 -0.004347
58.489399 218.633876 214.62719 824.203963 69.936023 429.839199 47.618069 347.154115 42.435702 262.854695 44.442373 319.04693 -56.970661 238.808991 -296.863489 780.391103 -60.317089 706.424154 -27.2792 724.510376 -19.164352 589.174582 -28.136871 628.089541 118.635227 -64.965607 0.004212 -0.000488 -7e-06 0.000236 -0.007057 -0.075385 0.003133 -0.293903 -0.004473 -0.219862 0.000151 -0.104711 0.071142 0.001272 0.018637 0.461678 -0.642915 0.016256 -1.157733 -0.041369 -0.96045 -0.011073 -0.682687 -0.000127 0.83383 -0.132255
56.33173 218.678562 208.408955 862.853787 66.986114 438.250724 45.5168 346.669415 40.191255 257.046282 41.91484 313.446111 -60.366585 237.610493 -318.073836 784.769071 -67.533162 680.16611 -30.90666 688.344463 -23.575983 583.77951 -33.226704 623.758754 125.331784 -66.078471 -0.020275 2e-06 -0.045704 0.442784 -0.031781 0.040754 -0.023707 -0.000169 -0.030489 -0.032447 -0.036996 -0.024799 -0.049152 -0.001507 -0.365901 0.006123 -0.203806 -0.248648 -0.113183 -0.462959 -0.228293 -0.012408 -0.211454 -0.007491 0.091923 -0.004725
55.631565 219.097526 205.861007 893.116787 66.411123 437.545009 44.554577 344.139194 39.979548 254.405932 42.101123 311.681876 -60.717477 239.669978 -317.249463 793.390153 -53.468784 666.101504 -19.892619 628.143618 -14.961691 499.211681 -23.551274 548.951575 103.855924 -40.869655 -0.002189 0.0002 -0.007836 0.260801 -0.001239 -0.000284 -0.00514 -0.004634 -0.00028 -0.006815 0.000207 -0.00249 -0.000508 0.004443 0.000535 0.023548 0.820149 -0.073469 1.208376 -1.377163 0.975109 -3.306884 0.830459 -2.388407 -1.008408 3.013448
53.35374 220.070683 203.674116 891.994572 66.898138 431.598985 44.819784 332.303894 40.300005 244.178718 41.921786 302.888081 -62.173039 238.628766 -314.626479 789.629866 -51.787738 516.078836 -18.495752 451.347609 -14.778321 348.231636 -22.878501 404.595481 103.886784 -9.209687 -0.023806 0.001078 -0.005839 -0.000353 0.00089 -0.020339 0.000393 -0.103545 0.00064 -0.104904 -0.000191 -0.062918 -0.00862 -0.001133 0.005444 -0.004466 0.013425 -9.557828 0.025423 -14.575981 0.000565 -13.557712 0.004875 -10.990264 2e-06 11.277448
51.323429 216.77875 209.02844 866.39553 68.196582 417.926663 45.79679 319.808716 39.465718 234.849532 40.96833 296.381932 -62.88001 232.674055 -296.05007 818.452125 -54.566541 422.149677 -22.886085 328.25577 -18.803735 262.435174 -24.9914 325.561446 112.752583 -0.765712 -0.019692 -0.012404 0.034734 -0.186348 0.00624 -0.110029 0.005267 -0.119721 -0.004363 -0.090853 -0.005484 -0.035319 -0.001998 -0.037619 0.282607 0.258317 -0.036308 -4.71362 -0.233551 -9.778836 -0.242132 -6.057085 -0.046653 -4.290025 0.181489 4.66429
52.231993 223.732408 224.705518 865.639005 77.556172 421.146425 53.793587 320.251653 43.662085 235.527054 45.096184 303.722676 -61.636214 237.337968 -289.668092 812.296526 -57.31309 361.46582 -26.772055 266.470108 -22.222922 212.129066 -26.857057 271.636629 128.184256 0.611899 0.003986 0.054887 0.283412 -0.000165 0.300826 0.006178 0.321578 0.000153 0.105986 0.000488 0.099048 0.044899 0.006212 0.02314 0.03477 -0.011618 -0.033718 -2.353238 -0.152281 -3.218142 -0.142727 -2.673878 -0.033577 -2.439591 0.494697 2.746608
54.124153 225.238798 227.516939 894.766308 83.476031 445.618184 59.720579 340.594678 47.481777 257.954541 48.196053 328.474919 -60.650198 236.75505 -285.018607 801.843289 -57.492778 308.413026 -29.962633 212.359007 -25.30462 164.57383 -26.467237 219.571646 142.111958 10.447958 0.016833 0.002527 0.008739 0.240984 0.10885 0.34553 0.154841 0.313187 0.080074 0.5099 0.051515 0.484744 0.003975 -0.000358 0.018809 -0.033848 -0.000141 -2.104132 -0.089785 -3.067294 -0.100014 -3.013759 0.001425 -2.767074 0.359069 6.002944
52.821046 219.166612 226.069072 879.847394 78.024575 437.360255 55.217022 333.772348 41.547662 255.075855 42.222571 327.409992 -61.945822 228.848497 -281.347138 820.511602 -67.128393 287.62182 -39.000461 178.207726 -32.243859 139.340878 -33.202245 196.775861 146.99417 17.362394 -0.007939 -0.041486 -0.002311 -0.062712 -0.092033 -0.038616 -0.088264 -0.03451 -0.197985 -0.008076 -0.197534 -0.000865 -0.006846 -0.067137 0.0119 0.107411 -0.373068 -0.362735 -0.594783 -1.495964 -0.419901 -1.049312 -0.381315 -0.624524 0.041227 0.873273
51.711287 214.067387 218.489186 868.105371 75.765335 424.76529 50.962134 323.742907 32.793193 251.841637 33.90481 322.151409 -63.009014 223.921099 -283.21701 814.781702 -74.193255 284.727968 -44.782641 180.261154 -36.801134 143.620461 -38.329408 199.825695 139.07315 15.095895 -0.005891 -0.03001 -0.064625 -0.039439 -0.016595 -0.092006 -0.085287 -0.076497 -0.517268 -0.010318 -0.455768 -0.021286 -0.004523 -0.026813 -0.003097 -0.010039 -0.176702 -0.007316 -0.199763 0.005881 -0.150564 0.032365 -0.183986 0.011727 -0.109685 -0.079229
52.434566 222.061836 218.585935 863.611195 72.512235 418.084963 44.689234 323.543889 28.969725 241.038343 30.747909 307.278965 -62.457138 231.040574 -286.627893 820.921246 -81.230572 293.469043 -50.78137 191.774059 -40.854072 151.743922 -43.158197 208.292721 138.628773 10.284665 0.002512 0.073277 1.1e-05 -0.005832 -0.03569 -0.026474 -0.205913 -3.1e-05 -0.118461 -0.118411 -0.07712 -0.175731 0.001214 0.055708 -0.010208 0.011522 -0.1594 0.066077 -0.188461 0.17818 -0.105836 0.111732 -0.143198 0.08784 -0.000356 -0.460189
52.025599 222.102429 214.244891 863.171245 61.524425 400.904427 37.447789 290.429124 27.197542 222.314516 28.686309 290.99702 -62.827652 231.786081 -291.547762 813.276338 -82.578052 306.840084 -51.140619 205.448666 -41.364449 166.766982 -44.993814 224.243021 135.644369 3.985557 -0.000801 2e-06 -0.02177 -5.6e-05 -0.451128 -0.180224 -0.319836 -0.893676 -0.027965 -0.378464 -0.035766 -0.221596 -0.000548 0.0006 -0.020933 -0.017882 -0.005542 0.148929 -0.000633 0.235448 -0.001584 0.35449 -0.019114 0.294194 -0.016237 -1.465517
49.23325 221.420211 201.059515 883.876155 58.445099 401.630367 36.521367 284.355757 30.086775 214.034162 31.008971 282.003571 -66.157956 229.329166 -306.098292 820.553091 -87.942936 344.080704 -52.433012 259.690659 -43.611214 203.905132 -49.606047 257.721298 146.144405 0.12276 -0.038509 -0.000525 -0.209362 0.122695 -0.039526 0.000328 -0.005802 -0.032087 0.072908 -0.078573 0.045203 -0.070582 -0.043 -0.006546 -0.177153 0.016205 -0.084415 1.066182 -0.008064 3.173528 -0.029708 1.865154 -0.112502 1.164142 0.195695 -2.709366
49.39666 218.522843 201.610602 893.789885 65.655729 372.264633 42.43112 247.70317 37.580456 178.501217 38.145931 238.18977 -67.790662 219.117289 -316.049027 794.854153 -87.706152 395.130383 -49.196578 328.535849 -43.028293 243.200059 -50.60097 289.90065 161.033194 -4.992713 0.000135 -0.009541 0.000377 0.027644 0.209657 -0.557348 0.221489 -1.263967 0.416217 -1.611558 0.369262 -1.848414 -0.009951 -0.116286 -0.079582 -0.204431 0.00016 1.764844 0.051546 4.042663 0.001961 1.730113 -0.004939 0.946279 0.361039 -6.681238
49.452559 218.764862 202.420839 900.648747 69.255196 364.295999 46.402861 239.13517 44.669233 170.161944 44.167115 227.584913 -68.090255 219.866121 -313.454025 775.98304 -83.790931 425.106374 -41.260512 363.630212 -37.941084 270.704769 -49.306215 314.80317 164.946193 -11.617835 1.6e-05 6.7e-05 0.000812 0.013108 0.048026 -0.043106 0.088832 -0.075401 0.306046 -0.099743 0.22052 -0.120742 -0.00033 0.000639 0.005349 -0.113357 0.044697 0.547927 0.3488 0.890254 0.15997 0.736568 0.00839 0.512977 0.023486 -1.378409
49.418781 218.178554 204.199302 900.12006 74.673037 367.504484 52.709774 244.776666 49.2243 178.147338 48.119614 237.164174 -68.604998 220.581086 -308.899751 766.670542 -71.000065 419.718942 -30.979006 353.865471 -27.855776 271.074711 -38.477305 317.291399 151.139001 -9.716699 -6e-06 -0.000393 0.003889 -7.8e-05 0.102007 0.007034 0.20087 0.032886 0.110555 0.091549 0.084679 0.098733 -0.000969 0.00058 0.016664 -0.028109 0.52938 -0.017178 0.735402 -0.06645 0.777529 0.000126 0.670484 0.004897 -0.301706 0.084875
42.825651 215.697164 203.084537 845.035031 72.452863 390.610873 51.191056 272.703544 46.265158 206.684873 45.402988 272.227746 -67.66288 222.137429 -297.230334 790.728152 -64.69335 415.025683 -26.758857 335.416931 -23.268222 269.717047 -34.018534 323.597176 135.153741 -4.188267 -0.235922 -0.007096 -0.001526 -0.869584 -0.016753 0.352208 -0.0111 0.754115 -0.045862 1.05957 -0.039464 1.208219 0.003257 0.002736 0.112342 0.185824 0.14664 -0.013194 0.154435 -0.24693 0.206246 -0.001704 0.137246 0.031022 -0.44662 1.146263
45.765252 213.995185 213.051664 826.297045 72.967211 431.72084 50.356325 346.153779 40.61118 276.584651 41.670157 340.019833 -67.308716 224.478184 -291.053047 781.081599 -58.59534 371.494977 -26.356624 284.230133 -20.829408 230.141258 -27.538232 287.68571 119.609545 2.132847 0.048784 -0.003371 0.119381 -0.105043 0.00091 1.028227 -0.003431 4.374248 -0.184178 5.081848 -0.08005 3.764768 0.000465 0.006134 0.032433 -0.029602 0.1509 -1.205547 0.001523 -2.117797 0.067491 -1.56915 0.342053 -1.05577 -0.474651 12.298716
46.556546 212.693807 215.13448 733.613868 73.771015 503.825751 49.682271 474.311503 38.351331 394.904471 40.86653 449.666648 -67.641848 233.644897 -290.064167 780.354971 -61.03022 340.434535 -29.774024 250.433845 -23.021672 206.552502 -28.019411 263.647706 120.800665 30.252958 0.003391 -0.001985 0.005066 -2.755852 0.002202 2.782791 -0.002271 10.07101 -0.032344 10.506474 -0.003912 7.649197 -0.000411 0.091719 0.000841 -0.000169 -0.024783 -0.677884 -0.104127 -1.069206 -0.054834 -0.637559 -0.002084 -0.524275 0.002951 16.320322
46.595272 213.967894 210.226437 737.817015 71.139153 542.038499 47.39614 509.851858 37.236607 425.001921 41.015574 483.788112 -67.666263 239.62255 -280.272211 780.965496 -62.986779 287.783277 -32.535385 188.458604 -25.785991 158.364653 -29.776203 216.98468 124.996232 64.501344 8e-06 0.001902 -0.028317 0.006003 -0.023902 0.698323 -0.026922 0.64193 -0.00822 0.552601 0.000136 0.623846 -2e-06 0.037752 0.084064 0.000119 -0.015435 -2.210253 -0.061218 -4.397741 -0.078344 -3.195631 -0.026706 -2.270543 0.03581 6.405981
48.11978 213.45162 208.886275 741.670788 52.186944 536.897666 29.423772 497.785731 19.836566 415.414829 23.118896 475.615962 -66.46403 238.35078 -280.218529 789.021488 -61.596913 258.962516 -31.615357 155.088312 -24.607163 129.701972 -28.245453 188.271597 88.630678 80.874957 0.01227 -0.000312 -0.002143 0.005019 -1.464947 -0.012247 -2.131942 -0.072247 -2.717073 -0.054684 -2.547628 -0.034806 0.005388 -0.001692 3e-06 0.020669 0.007753 -0.760147 0.006598 -1.624546 0.01379 -1.429518 0.020196 -1.018465 -3.117995 0.925016
48.966283 222.073028 210.914053 763.042683 51.358365 469.558623 29.070805 368.663238 20.889652 290.564442 23.054572 355.158545 -65.205077 242.254535 -274.426708 836.620376 -67.278792 237.983849 -40.912915 126.323923 -32.427054 100.327724 -32.551978 154.31952 105.370137 49.414968 0.00369 0.085341 0.004897 0.151783 -0.003315 -2.255256 -0.001065 -9.675255 0.013617 -11.127408 -4.5e-05 -8.779196 0.006019 0.015855 0.030241 0.696999 -0.125312 -0.443006 -0.598406 -1.473928 -0.538631 -1.88322 -0.152716 -1.686541 0.723536 -3.855224
45.232939 234.443414 198.69413 905.38163 62.09359 427.480787 42.324184 253.598573 32.681469 198.382713 32.328664 277.005508 -65.112651 236.883832 -265.854081 816.383484 -69.137192 213.589058 -41.903997 105.188681 -33.472539 83.328298 -34.391987 133.596027 132.303287 24.565964 -0.07401 0.167633 -0.18232 6.082798 0.509045 -0.987426 1.240927 -10.73104 1.313891 -8.768179 0.782008 -4.849544 3.3e-05 -0.030101 0.068015 -0.12388 -0.012659 -0.659407 -0.00593 -0.966757 -0.008294 -0.788436 -0.025292 -0.746783 1.530963 -4.298041
46.863782 233.248562 196.693345 941.541524 60.776151 274.893749 41.756928 126.856265 32.676222 93.416324 31.934106 154.320704 -61.504464 233.029229 -235.502997 827.67756 -68.001802 167.112459 -41.432675 58.450704 -34.508556 43.488648 -34.659106 86.415616 134.344565 9.428705 0.014441 -0.001526 -0.005062 0.354011 -0.007063 -16.774664 -0.001914 -21.731726 -0.0 -19.53311 -0.001211 -17.815946 0.051421 -0.01581 0.919538 0.038793 0.0047 -2.847616 0.001333 -6.816524 -0.007895 -6.420351 -0.000517 -5.11834 0.007813 -3.556191
50.933799 212.896657 194.980904 923.17195 66.18826 198.113905 49.043809 70.687215 40.491694 50.128561 37.248465 97.842206 -58.174651 222.283856 -192.422974 858.795724 -69.104238 161.839363 -45.476837 50.722687 -39.675311 35.367693 -33.742924 74.452958 160.329853 1.283867 0.084727 -0.46444 -0.003744 -0.090483 0.115403 -6.273151 0.292863 -8.153764 0.418604 -6.682532 0.204417 -6.406298 0.046331 -0.126813 2.173991 0.287115 -0.004432 -0.042267 -0.094145 -0.273864 -0.180146 -0.41928 0.006136 -0.445406 1.147967 -3.754067
47.323045 213.996057 190.967812 933.64323 78.251555 201.203388 61.514327 79.196821 52.83127 51.647485 47.931918 96.484956 -62.393938 225.088003 -193.607551 947.825243 -75.489368 178.461323 -51.101284 71.869675 -45.459434 47.164905 -37.642452 87.513342 196.304574 0.101727 -0.066367 0.001416 -0.020865 0.029526 0.504631 0.011952 0.705564 0.24176 0.819394 0.011335 0.672623 -0.00474 -0.073849 0.008788 -0.001818 2.195002 -0.14105 0.406192 -0.163915 1.837685 -0.196716 0.847498 -0.106588 0.52743 1.819075 -0.662809
39.580531 209.165223 166.682938 988.020634 82.108468 184.985312 72.302664 58.541331 64.243869 35.836645 55.670427 75.308584 -69.578288 217.460377 -182.675164 1043.29394 -86.111857 217.6224 -58.559301 75.129462 -53.214816 55.650327 -47.751755 97.236938 234.398423 -2.171329 -0.34559 -0.027575 -0.825437 0.769514 0.046389 -0.340691 0.435587 -1.557576 0.557583 -1.440592 0.289416 -1.310164 -0.195697 -0.065739 0.158846 2.290048 -0.349501 1.940696 -0.253904 0.036148 -0.305242 0.350753 -0.600501 0.256059 1.687927 -3.213022
46.706412 217.844829 169.027419 997.908128 92.176968 225.617796 84.506486 105.629656 73.277101 69.907713 65.35721 115.54639 -64.503498 218.850914 -179.589802 1063.243534 -90.123826 269.127489 -68.621489 118.445278 -63.063815 75.278896 -45.713251 121.14832 272.298755 -0.099388 0.294744 0.088222 0.008187 0.024614 0.291073 2.015402 0.475608 6.897968 0.297 5.639255 0.388277 4.289865 0.096071 0.002216 0.013139 0.094467 -0.045672 2.732658 -0.398671 4.90858 -0.417864 1.479693 0.022233 1.312996 1.419437 1.341624
43.601138 222.577298 156.178781 1011.28106 93.570376 289.953527 89.799774 148.698983 79.174014 93.008206 69.537227 136.532582 -67.440568 217.966162 -164.563966 1100.416347 -90.285391 323.629558 -83.518405 170.789124 -78.55999 113.29526 -61.174049 160.480607 315.466813 -0.999897 -0.053404 0.025427 -0.253919 0.044505 0.005226 4.029826 0.080391 3.673319 0.114091 1.646071 0.064779 0.875095 -0.032694 -0.000896 0.328172 0.319348 -7.2e-05 2.510962 -0.731079 4.775862 -0.850332 3.871778 -1.12408 2.760098 1.587368 -0.468801
45.698502 223.191121 157.94451 1055.023868 96.770118 583.776197 89.199125 482.585086 79.450254 339.776538 72.299217 387.753414 -65.228422 216.543095 -159.531146 1116.472112 -91.745192 553.530076 -78.472845 430.224471 -74.507948 302.012369 -64.740437 351.368849 307.837055 1.112024 0.024634 0.000423 0.004963 0.46306 0.026897 50.885955 -0.001008 95.523259 0.000241 77.245681 0.026895 64.107879 0.018444 -0.00233 0.039079 0.058143 -0.005854 30.664049 0.078596 58.878333 0.053643 45.3532 -0.050517 36.926784 -0.046699 4.220862
51.359475 228.176245 150.756078 1093.835887 107.044185 805.331907 100.124064 755.298327 90.615084 562.319731 83.785638 599.009836 -59.20612 215.336741 -158.637275 1120.152846 -88.126874 664.164153 -66.586687 572.635689 -65.147045 411.32605 -60.338755 456.851023 309.428064 11.779358 0.165231 0.02753 -0.083707 0.350534 0.259117 17.782325 0.315476 30.413814 0.366883 27.881075 0.423222 22.879213 0.145817 -0.001685 0.001256 0.003029 0.036397 5.036266 0.487795 10.163053 0.314078 8.425503 0.077474 6.912894 0.00205 5.652894
48.708113 212.614449 148.197529 1021.257881 106.697397 842.573481 100.109393 874.6663 88.232939 685.209169 81.819876 700.714205 -62.774937 206.923506 -164.935247 1068.167773 -105.549115 738.903297 -83.288039 692.011142 -81.568502 505.963688 -76.68841 539.126727 339.472048 13.563485 -0.035131 -0.274785 -0.010949 -1.245599 -0.000281 0.420871 -1e-06 4.376742 -0.015865 6.067446 -0.011667 3.985331 -0.052218 -0.083822 -0.061297 -0.617558 -0.785206 1.992031 -0.933468 5.646788 -0.9219 4.894987 -0.978891 3.404132 0.695889 0.062879
48.920081 213.115005 149.955922 1054.095554 103.907987 751.102781 95.22569 679.933734 84.171048 508.070413 77.840936 552.580264 -63.249025 204.360483 -166.001294 1094.522407 -99.061342 675.274411 -70.328512 582.32717 -66.602398 426.783801 -65.587214 473.162333 300.519812 3.540686 0.00023 0.000294 0.005185 0.259806 -0.018473 -2.627193 -0.06106 -12.244532 -0.047856 -13.2211 -0.049588 -8.785184 -0.000892 -0.007986 -0.001717 0.160585 0.102883 -1.43217 0.547627 -4.729097 0.757769 -3.366822 0.433752 -2.151525 -1.186487 -3.244295
49.062595 214.216189 162.011535 1061.928932 74.186786 584.886781 57.027991 460.147932 48.978129 333.493855 47.187586 394.074116 -60.484178 206.320848 -168.888504 1103.781602 -92.11895 548.477 -62.209092 412.183331 -58.702473 299.755571 -58.80431 358.86468 214.921216 0.899393 0.000104 0.001419 0.233024 0.014499 -2.497511 -10.380136 -4.869424 -21.385815 -4.735152 -18.306445 -3.815885 -13.364331 0.030894 0.004679 -0.012446 0.0195 0.126092 -6.5867 0.248937 -14.662446 0.249276 -11.191004 0.185069 -7.88807 -7.157314 -0.871063
47.520886 216.679857 170.657584 1046.890868 76.42525 569.179508 60.727649 455.357342 51.485223 334.021981 49.278512 394.554417 -59.398581 210.422574 -169.787153 1098.73535 -82.0075 461.626392 -57.004677 318.755069 -52.979324 232.143846 -51.641488 290.763819 208.918409 9.241605 -0.012306 0.007043 0.112374 -0.053619 0.016635 -0.106896 0.058132 -0.012534 0.031288 0.000209 0.022663 0.000146 0.004915 0.020186 -0.001192 -0.005781 0.293832 -3.740717 0.113657 -5.995572 0.146738 -4.31469 0.232513 -3.579384 -0.042511 4.374946
46.001847 215.389136 176.403001 994.433645 74.308611 474.561682 57.868642 352.203505 47.908895 265.695595 45.805906 330.31589 -61.140255 214.854374 -177.624328 1094.629486 -67.730067 390.208448 -43.681701 244.247832 -40.45169 181.4067 -39.509577 243.211585 176.40593 8.017059 -0.012337 -0.001928 0.04756 -0.674125 -0.014862 -4.297522 -0.034466 -6.615276 -0.064361 -3.904958 -0.063433 -2.852043 -0.012583 0.023092 -0.08841 -0.003843 0.682229 -2.999124 0.885351 -4.951883 0.843689 -3.124187 0.810966 -2.121555 -1.374101 -0.043497
42.059442 213.442999 179.618958 984.780758 64.790324 321.144749 47.949994 177.971008 38.537964 129.959304 36.077578 191.505149 -64.335485 212.926923 -189.743645 1062.097535 -46.612321 293.610888 -23.852278 153.572137 -21.675135 114.27331 -22.001835 169.487726 118.016751 0.504242 -0.088293 -0.004416 0.014525 -0.023539 -0.326042 -14.929914 -0.465875 -29.446991 -0.50941 -24.011981 -0.57995 -18.801383 -0.04069 -0.004342 -0.19996 -0.245369 1.967024 -6.857154 2.976777 -10.471746 2.905348 -7.722068 2.544194 -6.638338 -5.847875 -4.500089
45.130133 198.349973 189.019688 933.449823 50.953284 196.588783 33.439201 73.286949 25.521864 53.071904 23.860255 100.579168 -65.728967 203.680666 -177.705285 1018.20716 -36.481467 244.005323 -18.688455 108.615978 -16.118228 80.505895 -15.854248 131.829215 82.204471 -2.847525 0.054089 -0.276688 0.119884 -0.686919 -0.830079 -15.206098 -1.304003 -22.846467 -1.336286 -16.93259 -1.258358 -14.513219 -0.007465 -0.102619 0.197253 -0.463052 0.619893 -2.293432 0.314569 -3.882963 0.410759 -2.949332 0.5025 -2.362537 -3.22879 -5.748299
46.60935 175.268813 186.401593 880.958583 39.278791 185.59715 22.501966 71.070145 18.221748 48.582732 17.164742 91.79978 -67.522778 186.164534 -178.051248 912.710202 -29.364344 192.025894 -14.152493 76.636535 -11.672408 55.003524 -11.253182 96.161517 59.06206 -0.199188 0.011926 -0.713627 -0.009129 -0.759451 -0.758428 -0.158092 -1.079604 -0.017022 -0.613438 -0.099172 -0.55006 -0.200432 -0.012075 -0.393707 -0.000168 -2.884102 0.385767 -3.109329 0.31476 -2.781121 0.357916 -2.421359 0.393333 -2.807275 -1.908497 1.540469
42.631076 170.886585 187.406819 832.738241 27.50715 170.295626 12.417354 57.895623 9.418221 44.675408 9.329313 89.933971 -70.552476 169.242373 -159.498249 839.085826 -19.450217 164.47788 -7.147893 56.603694 -5.957293 46.162967 -5.897694 88.392914 30.356448 -0.012181 -0.088718 -0.02774 0.001352 -0.678551 -1.045616 -0.329095 -1.487905 -0.674688 -1.439477 -0.08189 -1.185144 -0.009578 -0.033243 -0.40309 0.510257 -1.547824 1.01737 -1.065948 1.18467 -1.51459 0.952057 -0.387012 0.857586 -0.163578 -4.732869 0.112854
42.031073 175.575986 193.165425 777.5007 23.767643 187.49373 8.603232 79.135461 6.087385 65.877259 6.50098 115.781969 -69.098094 177.800725 -154.421199 827.753184 -16.361042 193.376147 -5.728352 82.895054 -4.636154 68.298461 -4.119751 117.930647 21.348427 -0.021847 -0.002126 0.031737 0.04357 -0.947712 -0.136544 0.413575 -0.348926 1.656096 -0.361982 2.052097 -0.254712 1.630348 0.007573 0.105544 0.041058 -0.038525 0.133489 1.168739 0.078488 2.49997 0.082704 2.160767 0.159041 2.125289 -0.790735 -0.001402
48.931254 196.314262 209.520446 735.245005 24.956222 239.109823 8.238505 132.210885 5.354906 116.679872 6.451712 175.982253 -64.082874 201.763816 -164.324878 818.294401 -9.1093 258.182144 -0.981264 145.410212 -0.445843 123.373873 -0.611572 184.811949 8.891024 -0.093351 0.262093 0.57868 0.332265 -0.590282 0.014499 3.134109 -0.00395 6.772943 -0.023469 7.211186 -9.4e-05 6.278168 0.094463 0.757188 -0.153895 -0.027177 1.054147 4.674556 1.967877 8.725783 2.206586 8.083166 1.556721 7.48005 -2.685187 -0.024877
52.472727 199.812551 225.174842 711.811832 27.362103 296.102991 9.327055 186.641083 5.486991 155.547011 7.170061 222.772174 -60.135393 208.233369 -173.950583 795.926637 -9.064166 291.439993 -0.641902 175.497884 -0.126092 150.551086 -0.530148 217.037714 7.276654 0.040773 0.061861 0.015447 0.281967 -0.189747 0.055347 3.043165 0.033762 4.68015 0.000805 2.78891 0.018954 2.754684 0.062739 0.051046 -0.136979 -0.154979 5.6e-05 1.007145 0.035872 1.413592 0.097732 1.351515 0.002907 1.294234 -0.080801 0.257512
55.263183 196.556358 223.784567 794.180606 33.59248 361.14553 14.301752 255.482691 9.03055 208.587542 10.451041 275.896243 -59.394492 200.462679 -174.392588 816.10523 -10.195648 300.776223 -1.200063 189.934667 -0.40726 169.80758 -0.881172 236.352969 13.273317 1.992435 0.036144 -0.013375 -0.002153 2.254227 0.31925 3.226284 0.52961 5.392433 0.439111 3.883703 0.308147 2.837777 0.002296 -0.07388 -0.00028 0.126298 -0.033265 0.073597 -0.086604 0.285281 -0.080131 0.57927 -0.04435 0.411619 0.894403 1.463165
57.009628 190.551832 214.134978 833.664903 37.830654 354.210898 18.263957 235.06643 13.42135 180.703729 14.160993 245.446871 -57.957319 191.62807 -169.759815 844.325476 -10.379271 312.282918 -1.2074 198.427966 -0.440368 166.010433 -0.802326 228.098821 18.723954 0.311481 0.013584 -0.046572 -0.106328 0.478927 0.125855 -0.033613 0.241936 -0.425038 0.433528 -0.999903 0.281221 -0.889967 0.008801 -0.099544 0.031183 0.239829 -0.000819 0.107996 -1.1e-05 0.092883 -0.000647 -0.021468 0.001847 -0.073351 0.467667 -0.728345
59.068107 184.240402 205.693764 967.762047 43.189881 392.286041 24.301389 254.762474 18.880474 188.902604 18.558891 258.373534 -64.008986 191.049942 -175.300615 907.879333 -12.223205 292.466686 -1.745411 168.61394 -0.854994 138.063427 -1.284765 195.521436 27.77106 3.976614 0.018254 -0.053145 -0.084869 4.997989 0.177441 0.971645 0.430347 0.39615 0.464648 0.090948 0.296909 0.165859 -0.150227 -0.000437 -0.044488 1.152954 -0.075341 -0.324753 -0.049427 -1.212869 -0.06815 -1.287009 -0.056524 -1.254496 0.888697 2.06221
55.239347 200.934956 198.433423 1029.58081 61.931562 451.249097 43.696593 316.198666 35.114451 236.002412 33.800701 305.318862 -62.195177 192.394119 -173.426395 910.685335 -15.539911 313.632921 -3.376519 191.571802 -2.034443 155.491559 -2.641133 215.9109 54.053138 8.367971 -0.064141 0.361964 -0.065223 0.95689 1.684181 2.06328 2.824739 3.314932 2.498227 2.618525 2.267536 1.958248 0.013035 0.002356 0.005036 0.002165 -0.198826 0.369697 -0.266659 0.7324 -0.251683 0.517804 -0.241751 0.505534 4.3358 0.807481
52.901651 205.530007 197.141998 1004.127755 79.070415 522.220061 60.406742 412.317059 49.722443 301.864677 47.940254 365.851682 -59.237311 199.862601 -170.523527 982.079602 -19.474488 386.254405 -4.786536 263.727944 -2.861664 201.349765 -4.666672 261.103585 76.441092 10.140891 -0.02527 0.025974 -0.002108 -0.159286 1.045494 2.590523 1.349867 6.368637 1.267132 4.047674 1.232218 2.735299 0.036029 0.071106 0.01225 1.34696 -0.221767 3.77786 -0.122699 5.754031 -0.070387 2.958921 -0.286323 2.145619 1.934813 0.085108
48.834155 202.934388 186.97591 1042.123918 79.705369 577.067558 63.196655 467.955321 54.744477 338.466622 52.07875 399.154371 -61.880069 198.612976 -179.694536 1000.786507 -34.932576 429.090039 -14.19486 313.929714 -11.942717 230.505081 -13.683473 287.467685 117.826134 10.336666 -0.081344 -0.008247 -0.134552 0.352799 0.00127 1.369124 0.03149 1.760088 0.120782 1.046957 0.085656 0.72522 -0.028836 -0.001959 -0.120099 0.088245 -2.24217 1.126002 -2.495741 2.185546 -3.112325 0.985289 -2.36812 0.63389 4.459341 0.000936
54.041219 201.446703 180.427646 1120.019591 113.728102 839.878507 111.365859 780.930517 106.027235 587.600527 93.921604 628.050554 -66.898771 197.968206 -194.897351 1040.206804 -41.390176 531.836035 -16.145544 440.398174 -15.524572 304.620627 -17.842976 349.456441 202.694334 46.06457 0.131863 -0.002737 -0.05836 1.403632 3.015611 24.585998 6.777535 39.852189 8.398414 34.140772 6.124413 25.827626 -0.09783 -0.000524 -0.30863 0.380723 -0.273677 5.508793 -0.062773 10.677237 -0.234546 5.157398 -0.275601 3.023711 11.439962 12.759326
51.842957 208.172219 114.563341 1095.209142 154.077564 1204.023215 184.865919 1301.490272 182.981985 1109.816147 153.23513 1098.947948 -71.891304 210.520028 -219.755924 1064.539112 -56.399077 722.564149 -23.146417 714.063959 -22.09694 486.999642 -25.784508 508.280829 332.25348 126.468801 -0.022822 0.055217 -7.446946 -0.138942 3.057114 32.699872 9.263126 66.113798 10.433744 82.327137 7.222667 65.439153 -0.089824 0.192889 -0.74581 0.140654 -1.158663 14.58463 -0.628723 32.905244 -0.578535 21.295308 -0.728889 14.832745 15.92605 19.880419
45.151197 217.295515 92.916428 962.915971 149.564806 1608.759821 236.765047 1914.735868 241.194851 1813.52211 198.626585 1736.851447 -73.529115 226.327518 -207.554692 1027.79642 -90.202779 899.195589 -55.348645 971.022677 -49.477502 707.737124 -52.580724 712.462707 509.155476 255.428771 -0.231112 0.097827 -1.13233 -4.256203 -0.033536 29.271461 3.206359 59.005777 4.013474 85.961919 2.940116 72.678454 -0.009223 0.286094 0.17423 -0.322637 -3.950484 9.647464 -6.90951 19.707043 -5.444225 20.56859 -4.723719 17.196885 18.806552 22.432578
47.886949 214.910992 88.640891 977.636983 196.126485 1823.984002 267.559596 2144.343817 276.646708 2070.805034 230.246702 1995.387127 -71.253469 229.335936 -210.013116 1028.508346 -99.267898 1185.963058 -65.814624 1357.833065 -56.854379 1056.318305 -59.117775 1026.213101 584.328332 169.131274 0.040231 -0.006578 -0.05035 0.055838 3.150084 6.753644 0.94105 6.499263 1.214957 8.530083 1.167238 8.965273 0.017885 0.009931 -0.007237 0.000123 -0.216982 19.813397 -0.452868 32.348222 -0.256198 34.783121 -0.191452 28.54299 2.586984 -8.863071
47.981698 216.761813 90.986308 1002.461247 215.25112 1995.571911 293.856467 2303.901479 302.330041 2289.892112 251.727102 2224.108009 -70.65174 230.068925 -200.110501 1015.445698 -122.261036 1431.782586 -103.120904 1665.815954 -87.194411 1403.175412 -82.811176 1349.334197 714.24889 108.031788 4.7e-05 0.003968 0.015313 0.155616 0.444785 3.856113 0.616214 2.862572 0.569935 5.507087 0.478902 6.203553 0.001276 0.000585 0.119569 -0.041741 -1.196494 11.567404 -4.170683 15.726159 -3.231404 24.581092 -1.991644 22.078003 6.515517 -6.818438
47.541432 217.512415 100.327306 1022.52782 239.961011 2112.487079 325.176113 2392.991121 330.649411 2435.672771 274.283553 2386.032787 -72.503404 235.664835 -188.270861 1003.694334 -147.056397 1835.991961 -149.808957 2159.847156 -121.203172 1998.065461 -109.584394 1901.650982 852.231191 21.648642 -0.001015 0.000649 0.228176 0.099427 0.671148 1.664037 0.792809 0.844993 0.633819 2.249155 0.483857 2.844569 -0.011976 0.033619 0.180505 -0.034197 -1.143852 25.095829 -4.346394 32.032738 -2.7937 52.428351 -1.871949 47.260659 6.088871 -32.959357
45.571426 209.912066 105.011353 1043.609702 234.96811 2148.069659 321.988497 2463.775138 327.086302 2498.404042 273.499927 2435.900165 -76.718635 225.864608 -193.32733 979.662535 -205.651879 2037.192738 -230.939114 2404.219119 -188.852144 2339.30323 -165.885123 2239.536323 1013.013689 2.616934 -0.020842 -0.067579 0.053432 0.107558 -0.026246 0.148589 -0.00785 0.515842 -0.009651 0.398795 -0.000561 0.257866 -0.059548 -0.104062 -0.033503 -0.145599 -4.901293 5.22943 -8.744051 6.54685 -7.46993 13.444091 -5.81477 13.80729 6.942577 -9.21193
45.283784 210.53646 99.854308 1050.106683 228.430036 2162.919708 312.157693 2490.906357 312.714606 2507.70297 261.573035 2438.665926 -73.947332 219.631709 -201.595877 988.935696 -225.389464 2167.800148 -255.266757 2526.123164 -209.393897 2469.055151 -182.950542 2365.777491 1033.891778 0.150065 -0.000455 0.000464 -0.064919 0.01008 -0.046125 0.025577 -0.076205 0.074284 -0.161434 0.008636 -0.132943 0.000785 0.025489 -0.043604 -0.086569 0.021841 -0.452134 2.028828 -0.609007 1.507286 -0.53013 1.750975 -0.417679 1.730591 0.106479 -1.513666
43.82616 219.564492 89.241688 1065.740326 212.059796 2235.080684 283.513702 2510.900433 290.736174 2541.308369 244.631492 2496.953939 -75.357317 223.677492 -214.147974 978.972385 -238.517276 2080.6874 -265.966731 2408.520748 -223.139744 2329.671731 -198.601217 2235.874277 1023.286539 4.599816 -0.011922 0.094762 -0.298041 0.057758 -0.304295 0.592037 -0.689099 0.039962 -0.400374 0.111837 -0.283577 0.344193 -0.006658 0.018462 -0.189529 -0.025222 -0.185785 -0.893192 -0.109837 -1.401549 -0.218476 -2.024687 -0.321119 -1.833929 -0.027336 3.088229
39.621866 213.765928 84.05942 1065.618131 200.464789 2237.099889 268.97282 2519.822516 273.399195 2544.616476 229.964786 2498.057266 -75.415589 218.911231 -223.460836 992.929397 -268.734842 2296.990866 -308.162797 2677.597199 -259.870212 2662.039969 -227.727097 2548.305238 1066.367171 -1.324269 -0.105978 -0.038798 -0.077501 -4e-06 -0.162985 0.000456 -0.191384 0.007912 -0.266463 0.001076 -0.226681 0.000122 -1.1e-05 -0.025665 -0.099106 0.049394 -0.900847 5.347102 -1.552715 7.12261 -1.398608 11.077498 -0.996074 10.212556 0.444126 -10.860236
36.091041 209.930978 75.686184 1064.95805 183.228466 2237.267069 247.269961 2539.130089 250.619605 2561.333176 210.26602 2508.974068 -77.702849 218.909732 -230.319334 1025.444135 -282.009177 2457.062303 -327.057197 2864.600625 -272.973406 2870.332375 -238.099077 2748.453753 1046.708628 -8.79637 -0.082374 -0.017356 -0.219597 -0.000102 -0.387342 3e-06 -0.456396 0.036844 -0.495359 0.027365 -0.440946 0.011901 -0.017084 -0.0 -0.051833 0.261913 -0.159996 2.695608 -0.281066 3.155809 -0.161135 3.922468 -0.115484 3.782855 -0.091446 -3.294583
35.554569 206.519609 72.91997 1068.044854 174.979963 2256.255606 237.563821 2559.947552 241.236323 2590.340108 201.479105 2538.038747 -79.716065 219.912259 -227.361609 1042.984963 -280.826497 2485.08093 -325.395738 2892.535062 -272.883011 2911.278131 -238.003711 2782.763767 1027.263735 -9.36897 -0.002009 -0.013972 -0.025748 0.002234 -0.094982 0.040121 -0.097166 0.042495 -0.089512 0.081664 -0.09377 0.083689 -0.012874 0.001145 0.009557 0.074377 0.001243 0.079424 0.002115 0.067771 7e-06 0.144992 1e-05 0.106413 -0.091157 -0.009027
34.14638 204.796979 71.933863 1073.943342 176.191377 2269.745258 240.377238 2579.68767 244.632424 2607.139128 203.216387 2554.332589 -79.700686 221.195254 -224.346303 1066.246303 -271.362421 2695.270772 -317.063277 3181.612322 -258.699864 3209.254332 -224.118436 3050.07217 1006.467957 -31.249541 -0.014226 -0.003607 -0.003357 0.008121 0.002089 0.020103 0.008281 0.037909 0.011869 0.027149 0.003729 0.026067 1e-06 0.001866 0.010064 0.128271 0.081109 4.265923 0.054037 6.882697 0.189244 7.257742 0.208651 6.128352 -0.106326 -6.397114
33.009199 204.087654 72.008094 1067.808972 182.097603 2262.391921 248.374924 2573.856041 255.182104 2605.908513 212.64174 2551.407742 -79.964837 220.861267 -226.394596 1084.391876 -273.816735 2803.970222 -318.531208 3319.814476 -261.373429 3330.541547 -227.72215 3152.354779 1033.073961 -44.392161 -0.009629 -0.000615 1.9e-05 -0.008785 0.048684 -0.005965 0.065439 -0.003299 0.111349 -0.000145 0.106826 -0.000838 -0.000219 -0.000126 -0.004654 0.076551 -0.005525 1.074396 -0.001695 1.469062 -0.006872 1.124795 -0.014371 0.843415 0.173546 -1.150504
30.221756 203.947009 68.9095 1076.788655 187.882993 2294.786904 257.797088 2594.01328 266.779021 2631.280093 222.384196 2582.62171 -84.655479 221.672525 -240.60712 1108.750896 -274.761736 2899.138027 -313.254293 3427.191383 -258.217772 3398.155138 -226.823846 3214.437171 1049.923778 -48.967702 -0.06147 -2.4e-05 -0.034071 0.0188 0.045236 0.115142 0.087702 0.039312 0.128846 0.061457 0.109105 0.094889 -0.06684 0.000744 -0.216319 0.135281 -0.000814 0.794088 0.022038 0.854492 0.009583 0.339718 0.000888 0.302689 0.068152 -0.11219
31.852982 205.959367 77.008292 1078.735257 195.515602 2269.677958 265.248668 2595.935874 269.97534 2633.994612 226.36545 2571.477663 -82.710428 228.209469 -224.9563 1158.824337 -262.614707 2961.325923 -308.493213 3562.03251 -244.893061 3573.759411 -213.118051 3385.341887 1029.125485 -71.545737 0.021437 0.00494 0.224925 0.000879 0.075982 -0.069062 0.053082 0.000356 0.009517 0.0007 0.017661 -0.012048 0.011303 0.047495 0.263141 0.552938 0.137305 0.32996 0.018229 1.300847 0.176481 2.211857 0.213545 2.213204 -0.104033 -2.133874
32.962642 214.905662 81.178794 1094.821373 201.039738 2258.052092 270.614064 2601.347976 274.82675 2641.949875 231.697341 2580.872411 -83.087057 247.171182 -226.053927 1184.755173 -260.260466 2990.883358 -306.761991 3628.646176 -240.425849 3616.508316 -208.524188 3418.048313 1029.355525 -76.344089 0.0095 0.095096 0.054986 0.059526 0.038478 -0.014926 0.026862 0.002818 0.021601 0.005998 0.031033 0.008565 -0.000428 0.378318 -0.001336 0.143462 0.0053 0.073388 0.002436 0.308558 0.02056 0.12708 0.025026 0.078616 1.3e-05 -0.077863
32.767667 217.320645 79.857314 1106.163551 201.97655 2306.786231 276.672287 2662.400098 281.839741 2716.105171 234.747604 2645.70666 -83.331399 252.513103 -219.074058 1235.232587 -258.578988 3158.365708 -305.625659 3742.383259 -243.792528 3760.571978 -209.517771 3556.105553 1049.88573 -84.773209 -0.000289 0.006747 -0.005422 0.029225 0.001089 0.26015 0.033532 0.354072 0.044177 0.513178 0.009974 0.402141 -0.000179 0.028555 0.054728 0.5265 0.002725 2.281217 0.001054 0.87755 -0.011704 1.406811 -0.001181 1.366594 0.101359 -0.220643
33.191771 220.498412 78.883325 1112.489068 201.791756 2311.375499 277.179339 2666.303424 281.790312 2715.589848 233.624216 2642.399335 -84.122058 259.608733 -221.166445 1247.674744 -253.337043 3179.300326 -298.046813 3777.512603 -235.23726 3778.004979 -202.553746 3564.913495 1031.955065 -87.500239 0.001363 0.011533 -0.002988 0.009017 -4.2e-05 0.00228 0.000232 0.00143 -2e-06 -2.4e-05 -0.001347 -0.001034 -0.001867 0.049159 -0.004972 0.031175 0.026839 0.034576 0.047576 0.082054 0.076403 0.020157 0.05885 0.005447 -0.077219 -0.021585
]