01-30-21_Raj_4K+Depth.black_monkey_in_white_flowers.0000000010 [ 47.260249 190.371767 78.261151 1162.014748 184.989609 2484.483432 239.457699 2873.972987 256.353065 2866.230709 213.491941 2767.970562 -48.487059 175.929359 -121.107713 1106.026572 -18.612391 1612.080786 -4.731158 1973.636651 -1.233396 1657.042226 -2.674278 1572.638152 293.149633 164.619329 0.0 0.0 0.0 0.0 0.0 0.0 0.0 0.0 0.0 0.0 0.0 0.0 0.0 0.0 0.0 0.0 0.0 0.0 0.0 0.0 0.0 0.0 0.0 0.0 0.0 0.0
45.696085 202.953918 79.339042 1204.207708 183.214267 2628.502189 241.750212 3021.223777 256.021447 3031.902497 211.806075 2942.349105 -48.704535 180.863933 -125.477428 1083.354791 -20.149637 1612.977631 -6.231748 1990.902763 -1.646599 1704.304504 -3.131967 1628.384105 298.73212 189.874377 -0.013161 0.201298 0.003686 0.376209 -0.00428 2.028709 0.005461 1.839309 -0.000107 2.327224 -0.003341 2.663158 -0.000243 0.034125 -0.038721 -0.11739 -0.030494 0.000125 -0.103185 0.037598 -0.029796 0.332282 -0.018067 0.485446 0.026327 0.900762
45.670946 205.611109 76.796182 1207.642427 176.735492 2620.281014 234.49489 2994.05786 249.356212 3011.021118 206.265715 2927.425059 -50.27798 176.86864 -130.306075 1066.45554 -21.310659 1609.411832 -6.631736 1983.772571 -1.883457 1703.346453 -3.465296 1631.084384 294.582567 184.991393 -3e-06 0.008641 -0.020708 0.002446 -0.058311 -0.006438 -0.055269 -0.061343 -0.043955 -0.036078 -0.036713 -0.018972 -0.012507 -0.022311 -0.045581 -0.066422 -0.016259 -0.001973 -0.00622 -0.006395 -0.007955 -0.000135 -0.008426 0.001119 -0.014511 -0.031804
45.264934 202.76715 76.967918 1197.217442 177.744538 2599.453464 236.426924 2970.108551 251.641052 2985.33887 208.08623 2902.900262 -50.733342 179.344504 -131.263308 1072.825559 -21.548808 1611.429431 -6.743796 1984.174789 -1.935328 1698.325158 -3.56295 1625.072571 297.712888 180.298128 -0.000906 -0.009903 9.6e-05 -0.022596 0.001436 -0.041553 0.003963 -0.048085 0.00521 -0.054998 0.003999 -0.051581 -0.001026 0.008604 -0.001752 0.009484 -0.000662 0.000632 -0.000469 2e-05 -0.000352 -0.003706 -0.000678 -0.00555 0.008272 -0.030151
44.12672 202.781494 76.038687 1191.088929 178.537532 2592.80246 237.34008 2962.401264 251.897921 2974.553991 208.666661 2892.813001 -50.979624 180.217622 -129.433571 1075.949544 -21.800607 1610.67056 -7.11318 1972.139242 -2.005556 1690.717043 -3.741962 1623.028437 298.856581 180.127055 -0.007247 0.0 -0.002822 -0.007863 0.000883 -0.00426 0.00088 -0.005007 6.6e-05 -0.009758 0.000404 -0.008778 -0.000298 0.00106 0.006421 0.002271 -0.000731 -8.9e-05 -0.004924 -0.018307 -0.000626 -0.00854 -0.002194 -0.000643 0.001096 -4.1e-05
44.566673 201.732068 77.776477 1194.282016 185.179359 2596.042469 247.223662 2959.4563 263.229873 2967.303267 218.286946 2887.07357 -50.839025 178.448264 -129.082951 1070.263732 -21.754711 1605.943371 -7.155544 1966.558619 -2.114554 1684.663006 -3.783086 1614.138611 312.529756 180.319578 0.001091 -0.001361 0.009817 0.002137 0.060648 0.001012 0.100808 -0.000732 0.124657 -0.004424 0.108398 -0.00285 9.7e-05 -0.004364 0.000238 -0.007532 2.4e-05 -0.003474 -6.3e-05 -0.003954 -0.001442 -0.005429 -0.000112 -0.012207 0.152914 5.1e-05
42.721724 200.238346 77.394268 1190.824814 187.103728 2588.048729 251.197232 2959.291581 265.54852 2967.053265 219.767146 2885.675464 -51.969853 176.410522 -129.084712 1068.771363 -22.283037 1605.427951 -7.461283 1965.575464 -2.362134 1692.732236 -4.079358 1624.930809 318.001023 177.631239 -0.0195 -0.002775 -0.000471 -0.002506 0.004974 -0.006163 0.01584 -2e-06 0.005084 -5e-06 0.002501 -0.000169 -0.006219 -0.005851 -0.0 -0.000521 -0.003169 -4.1e-05 -0.003198 -0.000123 -0.006851 0.009639 -0.005584 0.017979 0.023738 -0.010095
42.351642 201.631338 76.709917 1193.55871 185.666666 2595.604561 249.381437 2970.313202 263.609866 2974.147654 218.105046 2892.036601 -52.167741 176.447732 -128.611783 1067.934799 -22.612824 1605.061618 -7.96079 1963.178336 -2.64092 1693.035354 -4.275272 1626.337167 319.020953 179.271634 -0.000805 0.002414 -0.00152 0.001567 -0.00277 0.005507 -0.003293 0.010243 -0.003551 0.004236 -0.003155 0.003502 -0.000188 2e-06 0.000434 -0.000164 -0.001211 -2.1e-05 -0.008091 -0.000731 -0.007773 1.4e-05 -0.002297 0.000304 0.000817 0.00377
42.891909 195.677739 78.173118 1151.976153 190.029146 2474.278552 253.402982 2796.629254 270.614456 2806.695961 224.941281 2744.694324 -51.048505 173.293922 -127.370285 1049.46301 -21.327722 1592.377607 -7.079154 1949.750495 -2.126132 1687.031025 -3.754459 1618.88599 320.714003 141.723694 0.001712 -0.044609 0.006912 -0.368625 0.025329 -1.451918 0.016084 -2.616027 0.045923 -2.425767 0.052745 -1.926068 0.006068 -0.01422 0.003011 -0.080574 0.018796 -0.025158 0.025863 -0.02304 0.027877 -0.005333 0.016908 -0.008554 0.00224 -2.20362
43.749643 196.741414 77.443461 1137.031673 190.645229 2299.729798 254.11282 2585.260711 271.721414 2564.666964 225.972115 2510.818298 -50.944732 174.642669 -126.557632 1059.388692 -20.910334 1597.087899 -6.630385 1950.653605 -2.022999 1677.184937 -3.632513 1609.203805 320.635446 93.878516 0.004246 0.001442 -0.001711 -0.048785 0.000499 -3.19202 0.000496 -4.15225 0.00113 -5.45558 0.001178 -5.206448 5.3e-05 0.002614 0.0013 0.023359 0.002062 0.003478 0.007347 0.000105 0.001282 -0.014408 0.001007 -0.01452 -5e-06 -4.909253
45.992711 193.009467 82.52433 1086.619212 201.218945 2150.522365 265.223429 2401.279898 283.004897 2363.573799 236.049846 2331.246246 -47.69131 173.301847 -121.613053 1059.811466 -19.495852 1591.242314 -5.711232 1955.728961 -1.571256 1670.126858 -3.025587 1597.589352 326.750705 60.053424 0.028037 -0.017868 0.080709 -0.571525 0.142682 -2.502006 0.118863 -3.395186 0.114768 -4.104437 0.109922 -3.330936 0.05367 -0.002583 0.049263 4.2e-05 0.024766 -0.005359 0.034275 0.003297 0.028502 -0.007441 0.02772 -0.021033 0.028883 -3.762351
45.794854 193.085409 80.348739 1042.950506 193.422483 1767.320703 248.936041 1936.857666 268.182377 1847.151576 226.605312 1837.107449 -47.727869 174.743587 -109.318874 1056.940436 -19.464993 1590.135472 -5.725628 1955.510712 -1.639829 1669.668945 -3.104433 1595.370213 311.763749 4.481344 -0.000213 7e-06 -0.014531 -0.44778 -0.07702 -18.785388 -0.258038 -24.931156 -0.19934 -31.788157 -0.096409 -29.392548 -7e-06 0.002986 0.327486 -0.001947 1.2e-05 -0.000193 -9e-06 -6e-06 -0.000732 -3.1e-05 -0.000507 -0.000771 -0.175908 -31.72501
49.290479 208.021577 80.135703 1066.40863 189.52203 1521.506224 216.565198 1671.825094 217.78721 1491.039529 186.082242 1464.035203 -48.455935 181.052036 -102.788089 1050.754805 -18.416705 1586.998661 -5.508402 1955.162276 -1.60234 1668.146593 -2.812421 1585.706732 256.750985 -4.968304 0.064277 0.278188 -0.000141 0.130443 -0.019864 -9.199235 -1.126894 -9.745556 -2.620059 -19.049038 -1.994362 -21.148764 -0.002756 0.055931 0.100565 -0.009077 0.014507 -0.001549 0.0021 -1.6e-05 0.000217 -0.000347 0.00721 -0.014678 -2.667936 -18.886742
53.532131 211.145239 89.508783 1087.432792 189.896225 1201.142457 202.919444 1238.505453 202.188887 1014.779699 172.254266 1027.844957 -48.178717 191.4696 -102.885344 1066.213216 -16.648715 1592.366191 -4.535346 1959.504384 -0.912328 1667.314122 -1.882394 1583.197973 230.264611 -80.589239 0.087526 0.011639 0.259135 0.102613 0.000185 -18.913691 -0.222006 -32.439308 -0.289768 -45.675619 -0.266906 -38.473385 0.000398 0.145692 -2.3e-05 0.056441 0.044599 0.004531 0.047247 0.002408 0.09652 -0.000104 0.09304 -0.000993 -0.720765 -45.537955
53.946528 206.617012 105.473502 1162.096632 154.214765 942.816179 135.480173 916.149934 128.398944 679.037243 112.900226 702.797336 -49.988383 196.300399 -103.8832 1086.519599 -14.919667 1581.944812 -3.522372 1938.878832 -0.444277 1646.918899 -1.278901 1558.536094 143.948804 -210.943831 0.000799 -0.024542 0.654677 1.23942 -1.854936 -15.619808 -6.788029 -24.250084 -8.340475 -33.60827 -6.245578 -30.799127 -0.016682 0.030092 -0.002408 0.095776 0.047387 -0.017107 0.063927 -0.054563 0.0833 -0.062755 0.058138 -0.096796 -10.090824 -30.766487
48.229742 205.422097 91.576849 1223.098742 108.886054 527.735771 104.445418 371.933041 103.584156 245.019092 87.425655 296.854349 -51.343544 192.254093 -107.987992 1120.888083 -15.021787 1562.524541 -3.485386 1910.482235 -0.446194 1630.366867 -1.305855 1542.625547 117.627202 -611.311579 -0.160053 -0.001733 -0.49063 0.780202 -3.934176 -59.796375 -2.015664 -120.613179 -1.331013 -108.26938 -1.626347 -86.134426 -0.009062 -0.021069 -0.039767 0.267568 -0.000174 -0.05997 9.8e-05 -0.104742 -2e-06 -0.041799 -0.000141 -0.040815 -1.327701 -104.056533
48.96595 184.922976 119.749021 1090.686418 84.84874 264.294215 73.628149 130.019242 72.720686 67.28637 62.169514 107.492303 -50.161821 181.515977 -109.393047 1105.193977 -15.779316 1537.009576 -4.055917 1884.610795 -0.602757 1618.569681 -1.497809 1536.421698 86.564729 -1025.832782 0.002788 -0.538631 1.886256 -3.791926 -1.496978 -45.096224 -2.686877 -62.141178 -2.722459 -55.506355 -2.147409 -47.081722 0.006879 -0.154281 -0.004541 -0.055323 -0.009317 -0.10502 -0.021612 -0.088185 -0.01175 -0.021418 -0.006579 -0.00625 -2.376502 -53.347079
44.558874 160.794419 140.166211 967.726446 69.303319 148.379784 53.394063 46.695211 51.829997 16.391217 44.02518 42.374104 -55.001314 161.059668 -114.330981 1114.863671 -15.562335 1511.834432 -3.529389 1850.723824 -0.561471 1578.019719 -1.559459 1499.972383 63.180546 -1272.754827 -0.103893 -0.843027 0.803159 -3.675809 -0.78584 -16.613809 -1.621956 -20.877667 -1.76448 -17.257546 -1.561543 -14.886556 -0.111413 -0.611302 -0.054501 0.021059 0.000751 -0.103941 0.018296 -0.153715 0.000732 -0.257206 -0.000622 -0.218779 -1.837103 -13.301084
38.63623 156.103109 133.462063 760.660617 44.41353 61.535693 27.501398 5.978523 27.570647 0.213961 23.687567 9.678054 -59.590433 161.347092 -115.940374 1103.259074 -17.348737 1517.830812 -5.281272 1858.724019 -1.276745 1604.478532 -2.448863 1529.544462 40.713422 -1567.63603 -0.211084 -0.034727 -0.082141 -12.448375 -2.757306 -18.806578 -4.255749 -19.257069 -3.796767 -12.859739 -3.126389 -11.550362 -0.091928 0.000128 -0.005624 -0.030356 -0.048518 0.005934 -0.175926 0.008627 -0.14487 0.109989 -0.09992 0.144335 -2.458348 -15.348327
37.910984 152.836958 130.462137 589.707696 37.520044 17.712243 21.580639 -2.171022 22.733616 -9.303333 19.436051 -0.073419 -55.108739 162.427857 -105.822711 1067.674584 -15.610504 1524.01078 -5.181385 1872.206572 -1.14874 1633.174292 -2.106484 1560.037962 34.102926 -1889.005225 -0.003436 -0.017266 -0.01705 -10.864793 -0.290507 -13.219604 -0.358419 -15.354959 -0.233094 -12.339029 -0.210088 -11.437362 0.087591 0.001804 0.230923 -0.291658 0.045868 0.006278 0.000477 0.024361 0.00338 0.12717 0.012885 0.150486 -0.292612 -14.971514
35.633727 148.548712 126.73787 499.151621 33.229349 7.445157 19.112253 -9.175893 20.210659 -16.00109 17.468333 -1.502526 -53.991148 165.490307 -106.280065 1075.116624 -15.671063 1534.032089 -5.101363 1877.865372 -1.10249 1635.875886 -2.074391 1561.539612 30.753925 -1975.455699 -0.035265 -0.030509 -0.026965 -3.772127 -0.130227 -2.19043 -0.074934 -2.420311 -0.074175 -0.902499 -0.052496 -0.911673 0.005724 0.014301 -0.000493 0.012923 -5.9e-05 0.01642 0.000311 0.00427 0.000475 0.001116 0.000123 0.000361 -0.086524 -0.967097
37.033783 153.174265 121.790591 458.809208 31.024971 2.96871 17.04479 -15.822841 19.151568 -23.071747 16.999934 -4.681672 -52.725354 171.67672 -110.013283 1079.449138 -16.488514 1542.38794 -5.301344 1882.468385 -1.382569 1633.656805 -2.626237 1553.315672 30.825562 -2045.013586 0.013488 0.035458 -0.049246 -0.849843 -0.037824 -1.011205 -0.059157 -0.89988 -0.014251 -0.645081 -0.003183 -0.879735 0.007507 0.05676 -0.03222 0.004356 -0.010391 0.011348 -0.001922 0.002817 -0.015834 -0.000753 -0.032505 -0.010857 4.2e-05 -0.601753
40.309843 156.174311 125.809012 412.975487 29.615033 1.027169 15.586399 -20.634061 17.153286 -26.870156 15.794023 -6.86521 -46.040948 180.254832 -98.263915 1076.569801 -14.398232 1548.317193 -4.477244 1888.638935 -1.002205 1644.835684 -2.08821 1559.356253 26.447922 -2092.167449 0.069414 0.014547 0.032611 -1.205678 -0.016393 -0.503392 -0.032606 -0.318863 -0.055036 -0.144656 -0.02218 -0.208335 0.226457 0.104559 0.331668 -0.001923 0.070812 0.005687 0.034788 0.005048 0.030529 0.019059 0.030801 0.005861 -0.167545 -0.268729
43.235253 159.458957 131.045693 436.497091 28.509723 1.637937 14.379669 -17.913039 16.632521 -21.922756 15.415699 -4.459731 -44.001138 187.720608 -95.760038 1095.804737 -13.349648 1559.838801 -3.684923 1899.973027 -0.614466 1653.477464 -1.554059 1568.54073 23.640769 -2056.182487 0.051234 0.017091 0.053388 0.325715 -0.01051 0.070929 -0.024307 0.096158 -0.004014 0.251471 -0.002293 0.258417 0.023108 0.075744 0.016157 0.085158 0.01982 0.021355 0.038547 0.016954 0.047186 0.011321 0.03938 0.013484 -0.078723 0.156079
44.880139 156.429461 134.979315 397.078836 29.85262 2.581226 15.810419 -15.045406 18.235795 -20.559103 17.095569 -3.898377 -41.246309 189.59162 -91.421939 1071.182164 -11.343579 1546.811133 -2.575866 1880.490544 -0.306845 1644.469474 -1.138974 1560.551931 23.273627 -2032.772063 0.015354 -0.014527 0.029084 -0.93253 0.015452 0.106798 0.033922 0.12499 0.036879 0.021892 0.043429 0.018872 0.044524 0.004639 0.050276 -0.139893 0.081621 -0.027316 0.099014 -0.050201 0.052874 -0.012302 0.032182 -0.010198 -0.001437 0.067016
49.238101 162.881073 140.530008 406.930382 27.772505 1.19448 13.283221 -19.287212 15.297184 -23.403752 14.610181 -5.070325 -38.612337 198.201501 -89.94358 1106.125886 -10.146832 1572.26967 -2.220997 1904.008179 -0.101444 1656.933771 -0.648259 1576.571697 17.890064 -2074.182503 0.100948 0.065183 0.055921 0.060358 -0.037556 -0.263884 -0.109969 -0.263046 -0.129009 -0.092129 -0.097564 -0.0769 0.04345 0.095591 0.006025 0.280425 0.033348 0.1039 0.013145 0.073072 0.055428 0.023529 0.068687 0.040903 -0.353561 -0.208776
45.543345 160.722851 140.428137 381.527704 28.13997 1.10388 13.591378 -19.085762 15.142967 -24.465239 14.426947 -5.630766 -38.570829 195.592536 -89.468976 1104.995239 -10.367312 1584.039541 -2.302567 1924.049436 -0.142398 1672.972196 -0.728152 1586.773093 18.222257 -2102.059058 -0.072042 -0.007197 -1.8e-05 -0.40932 0.001208 -0.001786 0.001767 0.000529 -0.000391 -0.011771 -0.000578 -0.014686 1.1e-05 -0.008643 0.000628 -0.000289 -0.001185 0.021945 -0.000736 0.052462 -0.003464 0.038625 -0.002321 0.016449 0.001528 -0.09304
41.388144 167.837611 134.039309 415.722971 28.797384 1.137251 14.708403 -20.057997 15.67911 -24.757743 14.535776 -5.480236 -43.884697 206.101902 -94.745801 1157.337939 -11.487893 1621.014626 -2.749236 1960.270936 -0.249815 1695.946523 -0.976122 1614.004271 19.887143 -2130.522798 -0.099363 0.077042 -0.074367 0.733681 0.003795 0.000248 0.022054 -0.012076 0.004663 -0.000869 0.000204 0.00102 -0.171405 0.1375 -0.075593 0.605597 -0.028747 0.213289 -0.019786 0.168887 -0.014996 0.078338 -0.018136 0.115839 0.036384 -0.095709
42.477336 175.367227 135.400539 432.331864 31.666554 1.636335 17.005096 -19.734889 18.362926 -24.885761 16.961471 -5.343767 -44.2281 210.877092 -91.542857 1156.231266 -10.641119 1624.903419 -2.404721 1970.530213 -0.154133 1715.906318 -0.765128 1631.9133 21.881779 -2154.079559 0.007073 0.082607 0.003439 0.162656 0.068113 0.045273 0.083273 0.001312 0.105959 -0.000165 0.093544 0.00086 -0.000669 0.027343 0.027537 -0.000265 0.016207 0.002329 0.011527 0.013388 0.011495 0.058384 0.012831 0.049406 0.047653 -0.064758
42.203363 173.814609 136.210727 433.72513 34.984805 1.730606 20.578675 -19.552029 21.269433 -25.135109 19.341253 -5.326406 -44.16058 209.389671 -91.165376 1148.911083 -10.518398 1618.998948 -2.366488 1964.597046 -0.144584 1710.94641 -0.727633 1627.089861 24.921277 -2150.833612 -0.000443 -0.003452 0.001208 0.001121 0.082651 0.00132 0.170279 0.000426 0.106721 -0.000621 0.078086 1.4e-05 2.6e-05 -0.002632 0.00039 -0.011623 0.000356 -0.005374 0.000153 -0.004473 0.000153 -0.003589 0.000471 -0.003569 0.0988 0.001224
43.161212 166.64608 140.572265 459.416362 45.440347 1.381945 30.800681 -20.659221 31.746634 -27.307039 28.468873 -6.280961 -42.409691 204.144624 -89.424836 1112.919125 -9.964327 1601.370771 -2.05495 1960.362774 -0.047264 1710.756082 -0.467015 1620.495833 34.243764 -2170.33934 0.005374 -0.075476 0.034367 0.369581 0.682524 -0.01959 1.027109 -0.015246 1.045579 -0.044995 0.879382 -0.039316 0.017708 -0.033264 0.008388 -0.286384 0.007495 -0.048248 0.010989 -0.002284 0.026517 -5e-06 0.028774 -0.006694 0.739077 -0.044025
42.58999 160.46543 151.277014 460.094872 52.845828 2.487179 36.779732 -17.742835 35.701006 -26.762095 31.887573 -5.583878 -42.521361 196.053787 -89.222038 1109.997843 -9.645299 1598.875148 -1.773335 1957.4659 -0.027034 1701.011994 -0.392515 1612.823711 37.692862 -2154.494812 -0.001903 -0.058396 0.196386 0.00025 0.279384 0.161217 0.265012 0.1109 0.11602 0.002746 0.096899 0.020495 -7.3e-05 -0.081795 0.000115 -0.00192 0.002595 -0.000973 0.010372 -0.001071 0.002807 -0.013915 0.003235 -0.009102 0.082733 0.029024
44.026762 147.499739 156.420218 488.722311 61.490207 5.909076 44.609896 -11.198502 42.417144 -22.486955 37.476245 -3.13737 -44.750258 182.761051 -90.936226 1113.133688 -9.196686 1595.001221 -1.531383 1949.599427 -0.00598 1682.245312 -0.276499 1604.282762 43.430415 -2093.723654 0.011917 -0.273056 0.042988 0.431968 0.327248 0.72894 0.37753 0.749624 0.289243 0.185906 0.225507 0.350181 -0.028467 -0.233295 -0.008155 0.002212 0.005341 -0.002349 0.008869 -0.007919 0.007584 -0.052049 0.010136 -0.011338 0.203152 0.434691
45.697616 140.107082 174.40534 523.459619 69.233472 13.78504 50.51591 -3.697531 49.045479 -13.622511 44.236147 -0.682184 -44.158797 177.929344 -92.539907 1102.306407 -9.565643 1575.233868 -1.513321 1930.150489 -0.008234 1661.132357 -0.331489 1579.417239 50.324692 -1975.612269 0.015559 -0.095026 0.489237 0.596255 0.229533 1.643426 0.183518 2.026409 0.240495 1.104964 0.280097 0.893626 0.001967 -0.032364 -0.007009 -0.026458 -0.003628 -0.061628 5.4e-05 -0.048748 -0.00018 -0.066663 -0.002492 -0.097105 0.253829 1.714437
48.719012 125.177956 178.909497 524.876106 74.340471 15.631871 54.225846 -2.633051 51.693458 -11.510894 46.948447 -0.286907 -42.010788 162.293656 -90.129881 1082.174865 -9.231624 1546.50218 -1.370178 1890.841614 -0.000891 1620.539022 -0.24454 1545.504271 52.123667 -1905.208137 0.048356 -0.420407 0.028711 0.000957 0.090858 0.05803 0.065723 0.090137 0.034808 0.088862 0.040348 0.084278 0.026777 -0.359476 0.015899 -0.092765 0.002968 -0.132222 0.003555 -0.202203 0.003707 -0.251074 0.0066 -0.184024 0.015796 0.638673
47.909472 129.002648 180.396423 537.441544 72.980246 18.057855 51.845875 -1.823274 49.413921 -9.558713 45.265415 -0.034922 -43.196893 167.879698 -97.506257 1095.773957 -11.676338 1553.138786 -2.426119 1889.681426 -0.137276 1615.018542 -0.707618 1546.514134 54.760178 -1873.072712 -0.003391 0.028777 0.003077 0.074317 -0.00628 0.087461 -0.026704 0.074192 -0.0257 0.090634 -0.01536 0.121635 -0.008256 0.047257 -0.145047 0.042457 -0.143419 0.007105 -0.149811 -0.000178 -0.116044 -0.00471 -0.120194 0.000165 0.032522 0.136663
45.331607 132.112693 185.180981 531.05048 72.400007 19.609342 50.292646 -0.915154 46.572409 -6.788961 43.416903 0.065726 -46.806144 172.744873 -103.826891 1126.417753 -13.363677 1554.67965 -3.168836 1860.408087 -0.389727 1570.53279 -1.2229 1513.842575 55.482822 -1783.838435 -0.035642 0.018522 0.031311 -0.019114 -0.001158 0.031966 -0.011811 0.15496 -0.042068 0.236345 -0.019267 0.196468 -0.072397 0.034747 -0.099239 0.211297 -0.056916 0.000382 -0.049516 -0.114256 -0.064401 -0.310634 -0.070038 -0.174401 0.002368 1.088889
51.541093 133.159738 203.007078 539.908259 79.287021 20.109043 55.411187 -0.967226 50.769902 -6.733213 47.657974 0.081352 -45.155162 175.464564 -104.877936 1115.10549 -16.329883 1476.406077 -5.130105 1759.475155 -1.13912 1482.989167 -2.249263 1436.335741 67.118627 -1689.575142 0.199217 0.002066 0.409515 0.036631 0.156425 0.003144 0.124001 -0.00072 0.090542 0.000115 0.0988 0.000832 0.014821 0.010621 -0.002647 -0.028545 -0.148524 -1.010822 -0.23508 -1.407426 -0.196262 -1.255184 -0.155162 -1.018302 0.553412 1.279319
56.498718 137.643673 209.403816 560.970865 85.518456 25.413637 61.118072 -0.10992 55.453346 -5.457459 51.625769 0.246395 -47.019495 179.548747 -113.728738 1114.645957 -35.991957 1357.960676 -20.182239 1584.787841 -12.481076 1313.687953 -13.72871 1281.962518 120.550673 -1488.490017 0.113805 0.037125 0.049612 0.201509 0.11785 0.310119 0.139828 0.425019 0.103298 0.066938 0.079317 0.044588 -0.018856 0.023494 -0.179246 -4.7e-05 -3.834957 -2.47594 -4.961717 -4.565505 -6.078991 -5.12916 -4.864112 -4.386998 7.767153 6.367991
57.40536 135.355391 219.710598 588.464428 97.294312 32.869524 72.437237 1.084049 63.920748 -1.16222 59.84538 2.241885 -46.41293 170.219641 -112.371576 1065.246141 -48.5326 1253.717751 -33.126009 1447.271081 -23.578906 1197.602311 -23.545605 1171.696557 165.14452 -1273.380289 0.003608 -0.00959 0.123796 0.328859 0.379664 0.478865 0.480529 1.884357 0.300682 1.582708 0.30346 1.001823 0.001969 -0.124436 0.004073 -0.559811 -0.935485 -2.081213 -1.595308 -3.12009 -1.75021 -2.684493 -1.315962 -2.478895 3.501763 8.38971
56.986318 137.489802 220.252163 634.709765 110.36961 102.566371 87.55433 38.186547 71.690606 13.912248 67.593963 35.329703 -45.944257 174.247473 -113.326349 1065.070675 -54.051517 1216.604861 -38.07326 1385.080475 -28.56433 1135.53984 -28.402349 1113.912969 190.760053 -898.072596 -0.000768 0.008349 0.000333 0.874526 0.412044 19.309967 0.715784 26.402636 0.22277 23.116632 0.235783 19.772136 0.001189 0.023549 -0.00202 -7e-06 -0.148564 -0.278798 -0.172087 -0.682849 -0.238876 -0.825589 -0.227533 -0.730544 0.923011 32.679459
55.552193 141.724545 208.011433 646.324497 124.656804 266.960326 106.48337 215.570426 87.66312 136.779241 82.533535 171.574272 -45.819341 181.570187 -106.474329 1028.778465 -65.481253 1190.054851 -56.240595 1348.79367 -46.64822 1126.595401 -42.593918 1101.791747 262.207055 -478.276268 -0.009138 0.032115 -0.174969 0.052655 0.434659 38.581675 0.925503 72.297443 0.802508 63.446851 0.745187 51.190545 8.5e-05 0.075359 0.106828 -0.314546 -0.547711 -0.146453 -1.766293 -0.240829 -2.206382 -0.017683 -1.432848 -0.033155 5.670197 65.582967
55.38661 137.804487 196.828958 636.76568 163.721362 425.649614 157.354033 418.353251 134.0469 293.925134 123.649837 322.210145 -46.999103 186.427228 -106.872138 985.792379 -87.839279 1142.511316 -81.832493 1283.530718 -69.432292 1061.765587 -61.527324 1040.833788 396.426683 -238.409034 -0.000124 -0.027488 -0.15447 -0.035606 2.658151 18.424328 4.95065 33.308697 4.906243 29.691374 4.141217 23.537796 -0.007498 0.032054 -0.000371 -0.458662 -1.638944 -0.484578 -2.392462 -0.809153 -2.257969 -0.960497 -1.735895 -0.867306 13.82098 41.332408
54.501045 148.921331 193.545852 652.937988 198.984602 650.458677 202.568762 705.235704 174.116889 551.391906 159.997193 566.951118 -51.541735 191.852647 -128.373077 964.929185 -108.263861 1102.737857 -98.403523 1233.188015 -83.50811 999.118065 -76.090672 986.972292 498.790271 -66.049646 -0.003568 0.21559 -0.013806 0.101401 1.718263 23.744315 2.851308 37.24159 2.61622 40.163788 2.338467 34.345723 -0.104761 0.038909 -0.984632 -0.11157 -1.066533 -0.352311 -0.763393 -0.503561 -0.649109 -0.952412 -0.772749 -0.715446 5.871638 53.485914
46.030312 153.219193 149.501395 552.195861 218.7229 830.488596 254.345281 998.044454 221.789061 906.094498 191.709516 892.804198 -59.458498 196.642523 -137.980728 966.166766 -147.967021 1129.990001 -147.900107 1253.499749 -135.982722 1015.6459 -119.91338 1009.100744 705.101483 -3.125104 -0.357506 0.030569 -2.839223 -4.218108 0.466616 10.98331 2.943081 25.356938 2.880652 43.820005 1.43262 36.833901 -0.28268 0.029529 -0.173335 0.000397 -3.094705 0.166323 -5.024608 0.082956 -6.364953 0.067793 -4.961757 0.122662 17.809531 40.440659
46.139725 149.851711 144.06153 547.017844 241.446333 1005.461845 302.752619 1229.388996 269.049269 1177.855841 227.43693 1149.497863 -61.211443 192.563558 -153.815321 951.209309 -172.99816 1134.503868 -175.736983 1255.024686 -161.391083 1021.586484 -142.926988 1020.130364 847.200009 5.558456 6.5e-05 -0.018709 -0.050406 -0.012196 0.561391 8.356836 2.107089 12.046469 2.280515 17.795749 1.525451 16.195926 -0.012733 -0.021375 -0.429957 -0.058342 -0.977541 0.004499 -1.199384 0.000464 -1.087465 0.008661 -1.009444 0.029975 6.517571 17.019207
44.4849 143.315397 133.052943 546.832728 242.975816 1052.899182 304.582553 1279.661055 273.344204 1252.469717 230.637584 1223.764427 -58.159649 176.629802 -139.447492 839.772449 -180.072662 1131.278301 -200.928535 1268.951775 -185.123559 1086.397004 -160.108494 1077.052717 908.367538 5.9035 -0.01511 -0.072874 -0.218749 -1.6e-05 0.002415 0.546697 0.002757 0.503683 0.017005 1.145637 0.011182 1.162297 0.039017 -0.343997 0.352173 -3.470224 -0.070883 -0.002296 -0.843355 0.038425 -0.813663 0.996544 -0.487471 0.772644 1.065924 0.005195
44.856663 149.266306 125.527976 578.290565 223.537291 1142.599965 301.4154 1392.551062 271.499802 1379.095806 216.381387 1349.135619 -54.257628 167.784334 -146.619569 739.189455 -184.688237 1161.450376 -210.474282 1351.386733 -181.47928 1204.47351 -157.70377 1184.074342 896.923172 5.908077 0.000773 0.060525 -0.109515 0.439858 -0.405155 1.833203 -0.008276 2.385635 -0.003122 3.048273 -0.227385 3.056333 0.06774 -0.113606 -0.089921 -3.206924 -0.029203 0.198539 -0.11076 1.297009 0.018114 3.044985 0.009098 2.534146 -0.036275 1e-06
50.254779 161.540819 125.313835 646.437545 189.446218 1334.855063 249.707787 1619.695249 213.989866 1552.330361 170.377229 1495.026674 -52.955769 169.805871 -147.261673 782.033406 -155.930236 1210.714711 -163.432897 1410.040724 -138.420209 1229.870347 -123.340044 1207.635592 696.622347 18.749909 0.153311 0.242469 -9.1e-05 1.897405 -1.409485 7.47094 -2.431024 8.57633 -3.418278 5.123182 -2.745798 3.744199 0.007904 0.006053 -0.000701 0.603451 1.216173 0.511608 2.970949 0.622989 2.911162 0.132483 2.108768 0.116056 -12.638532 3.607959
51.192421 173.702177 121.582819 755.593213 181.115241 1413.589806 214.914924 1711.296031 185.651397 1589.200329 162.349623 1516.325266 -57.477775 175.213343 -141.479136 939.771027 -116.167296 1271.609786 -103.821607 1454.785689 -92.813153 1209.495321 -84.585132 1182.133439 540.997532 25.877328 0.004333 0.220657 -0.028193 4.255638 -0.093661 1.127989 -1.304548 1.259729 -1.006003 0.216366 -0.096854 0.075321 -0.092622 0.042378 0.057908 7.240538 2.921055 0.747035 6.732981 0.349451 4.542241 -0.085094 3.643665 -0.136076 -9.823527 0.572837
49.573769 182.997305 109.894345 768.393848 172.429386 1405.444335 182.470357 1727.266066 145.65023 1607.9239 125.888984 1527.918485 -61.203562 182.917005 -135.833603 922.637055 -108.360942 1360.065482 -100.403441 1608.287692 -83.616046 1370.235543 -75.267261 1312.302879 449.980538 9.500164 -0.013001 0.12113 -0.295294 0.05376 -0.106713 -0.011768 -1.326685 0.037086 -2.423725 0.054827 -2.315337 0.022075 -0.058497 0.082865 0.057472 -0.078817 0.135746 1.487004 0.028607 3.848696 0.239882 5.012644 0.271803 3.398691 -4.188608 -4.018993
45.888076 170.104179 99.027767 716.92326 146.379258 1355.801315 161.915957 1681.453569 121.957596 1598.464524 107.31508 1517.974557 -61.430255 171.673597 -137.626121 846.675979 -112.797017 1317.969165 -109.521757 1589.766372 -88.198846 1390.039004 -79.171574 1322.443961 417.583722 7.276911 -0.071177 -0.235468 -0.282791 -0.892071 -1.066072 -0.446289 -0.613933 -0.307869 -1.050876 -0.013953 -0.740851 -0.016232 -0.00021 -0.178299 -0.005875 -1.631352 -0.044495 -0.330879 -0.198125 -0.053633 -0.061129 0.07104 -0.04936 0.019516 -0.605096 -0.147962
45.327996 178.004565 97.243991 763.354722 122.936513 1378.126469 149.661334 1694.893896 113.120478 1581.07702 100.306173 1503.113065 -63.655827 174.430215 -139.977508 840.304706 -114.922802 1335.039303 -109.693114 1604.801819 -89.043596 1389.668135 -79.846448 1323.872978 402.889301 6.172772 -0.00172 0.089662 -0.008106 0.72838 -1.022234 0.091155 -0.241086 0.026751 -0.166162 -0.047543 -0.118338 -0.036554 -0.019801 0.010978 -0.009959 -0.012031 -0.009922 0.054917 -6.7e-05 0.035383 -0.002013 -2.5e-05 -0.001432 0.000386 -0.131597 -0.045398
43.122454 184.680137 105.409726 815.256285 119.414779 1430.08637 135.16164 1750.393491 105.771335 1601.294684 90.039874 1524.870451 -67.063751 182.439119 -143.163522 946.088628 -120.627843 1389.529488 -113.859273 1639.403533 -96.036943 1386.991078 -86.352573 1332.163483 403.381646 7.69425 -0.027502 0.06144 0.164582 0.85344 -0.025589 0.480744 -0.369313 0.447046 -0.123406 0.064222 -0.277058 0.078169 -0.044431 0.08988 -0.017926 3.134826 -0.069098 0.544944 -0.038824 0.184531 -0.13217 -0.001291 -0.127395 0.012939 0.00015 0.08372
43.729381 191.052084 115.641874 833.088819 125.923361 1458.778276 136.458349 1787.768044 108.304052 1627.849223 90.934578 1549.140291 -68.245223 188.378178 -148.130925 978.75998 -125.663978 1377.495254 -118.383142 1611.128205 -100.616532 1357.441702 -90.922017 1310.712447 417.699685 12.271975 0.002121 0.054034 0.236942 0.096463 0.086348 0.142486 0.003095 0.197404 0.014983 0.109186 0.002212 0.095809 -0.005158 0.047563 -0.042357 0.277293 -0.051494 -0.02617 -0.044065 -0.122981 -0.053331 -0.159084 -0.058901 -0.087056 0.124849 0.531859
43.152676 189.334906 113.514118 801.254518 138.278731 1438.759721 152.290244 1767.149564 124.905153 1626.199917 104.106397 1549.916909 -68.392036 183.165863 -156.070567 926.092159 -146.186128 1330.833933 -144.777253 1571.51299 -122.48258 1337.859577 -109.800139 1292.325081 494.763603 14.058048 -0.001914 -0.003876 -0.009879 -0.310069 0.289057 -0.069153 0.434353 -0.059794 0.591629 -0.000418 0.445278 9.7e-05 -7.9e-05 -0.036563 -0.10363 -0.728253 -0.775722 -0.40199 -1.326966 -0.24656 -1.074136 -0.071136 -0.889725 -0.064943 3.260118 0.060648
44.621681 190.477788 117.813065 791.244635 143.719911 1401.947903 160.73343 1715.654486 130.393929 1575.481563 109.063138 1506.721112 -69.042118 184.945105 -168.530671 911.45715 -172.67132 1303.024968 -175.273311 1528.214625 -150.477229 1300.351933 -134.525216 1265.505736 561.023382 13.191013 0.012294 0.00172 0.039949 -0.03146 0.052499 -0.238526 0.11389 -0.380712 0.05901 -0.401744 0.057636 -0.305232 -0.001537 0.0043 -0.239234 -0.058281 -1.101871 -0.146811 -1.456223 -0.30242 -1.439355 -0.266638 -1.254276 -0.140607 2.081239 -0.013798
45.302316 188.686147 117.723414 769.04133 153.03421 1374.99704 172.300424 1689.16381 139.129952 1558.044807 115.928822 1490.208087 -68.878233 183.693489 -166.623459 907.48732 -170.191724 1302.665465 -173.253594 1531.407813 -148.924459 1306.642767 -132.557832 1269.738352 575.942255 11.052715 0.002576 -0.004233 -1.7e-05 -0.157988 0.146211 -0.130785 0.200934 -0.103055 0.141617 -0.048514 0.104778 -0.045494 9.7e-05 -0.002125 0.005427 -0.004332 0.008966 -2.5e-05 0.005852 0.001666 0.004027 0.00759 0.007246 0.003533 0.097884 -0.094483
45.345895 189.500121 124.360307 774.872978 143.728485 1375.318864 162.946195 1688.826256 129.059115 1534.582618 114.693014 1463.369105 -68.859734 184.519952 -161.373062 930.937171 -150.245174 1310.93429 -149.334403 1532.409094 -125.169753 1322.850191 -112.127501 1277.266013 508.427985 7.85536 1e-05 0.000876 0.090995 0.011014 -0.145938 1.9e-05 -0.130529 -1.7e-05 -0.189153 -0.088999 -0.003311 -0.121945 1e-06 0.000928 0.042026 0.149562 0.621419 0.01308 0.888 0.000164 1.031305 0.049949 0.854421 0.011124 -2.103803 -0.272297
44.925591 189.161483 121.723769 724.837542 136.225893 1328.677355 150.250215 1655.530735 110.795201 1516.680401 98.53974 1439.353484 -68.979778 185.155351 -160.019134 933.758519 -149.262156 1314.296597 -148.406867 1537.080615 -124.899491 1335.051717 -111.712145 1282.743509 470.966995 5.789903 -0.000978 -0.000151 -0.014124 -0.834908 -0.10055 -0.402292 -0.257433 -0.165745 -0.696372 -0.052518 -0.612719 -0.099348 -5.2e-05 0.000546 0.002852 0.002134 0.001613 0.002153 0.001445 0.003555 0.000146 0.028007 0.000385 0.00586 -0.716687 -0.157228
44.113418 188.589465 116.564654 699.797175 127.795307 1307.279086 144.004875 1631.935934 105.740319 1516.100369 92.337614 1439.536432 -68.575232 185.992407 -153.328923 900.778438 -136.034022 1363.115823 -136.094928 1631.814098 -111.217651 1424.021787 -99.16305 1353.564287 433.846789 1.44221 -0.003704 -0.000433 -0.055856 -0.22008 -0.134635 -0.086855 -0.066284 -0.084673 -0.05901 -5.5e-05 -0.100789 6e-06 0.000595 0.000944 0.071429 -0.296471 0.306835 0.445115 0.266527 1.416336 0.396731 1.434853 0.373727 0.951423 -0.761753 -1.452751
44.917682 189.313993 117.917896 732.251778 124.797127 1311.17536 130.865621 1635.19829 98.022229 1510.987248 84.992539 1434.284662 -68.653932 187.329718 -150.472403 919.156422 -128.593195 1386.632823 -124.28966 1655.480048 -102.842 1423.427596 -92.575747 1360.15363 401.670623 1.306632 0.003633 0.000695 0.003905 0.367807 -0.017794 0.002899 -0.314218 0.001629 -0.146225 -0.004318 -0.152183 -0.004799 -2.3e-05 0.002395 0.01343 0.092794 0.104632 0.100565 0.26775 0.085189 0.163923 -6.2e-05 0.113189 0.008 -0.619789 -0.003346
45.451679 200.628795 131.438323 835.621255 119.554598 1367.503879 108.987583 1677.958584 81.164402 1499.895282 74.05152 1427.808445 -66.449016 183.110448 -152.299218 896.863551 -137.879225 1336.758176 -137.500705 1611.79649 -111.359695 1420.233418 -100.288205 1359.190534 382.665549 1.0868 0.001578 0.164193 0.366818 3.411273 -0.056245 0.592317 -0.999879 0.275948 -0.794752 -0.020431 -0.376776 -0.007327 0.017994 -0.024029 -0.005511 -0.136835 -0.161849 -0.456726 -0.333555 -0.292038 -0.169419 -0.001794 -0.154269 -0.000171 -0.230288 -0.010117
45.922726 201.147337 137.525029 853.727062 110.986639 1369.482172 99.546138 1673.013641 73.880407 1490.231787 67.334392 1418.710862 -65.451642 183.467767 -149.542501 894.119934 -139.56985 1332.78836 -138.196807 1609.834861 -115.292298 1398.083389 -103.964865 1343.841371 373.757014 1.470319 0.001214 0.000335 0.068881 0.097028 -0.159267 0.000715 -0.213842 -0.003649 -0.171195 -0.015615 -0.159653 -0.014538 0.003771 0.000174 0.012589 -0.002101 -0.005151 -0.002952 -0.000879 -0.000597 -0.03412 -0.087043 -0.033094 -0.04358 -0.052461 0.028924
46.97467 198.983089 140.204885 770.263167 125.021356 1272.624054 118.628865 1569.968291 91.330606 1406.98368 81.14432 1340.341077 -63.724182 187.081797 -150.523369 879.81062 -133.872156 1250.502609 -129.22134 1482.176495 -107.690763 1259.506695 -97.809369 1218.517879 397.369171 4.081417 0.005956 -0.005853 0.012929 -2.146204 0.417672 -1.775979 0.83614 -1.63754 0.924162 -1.196266 0.643622 -1.113256 0.011551 0.017625 -0.001603 -0.057714 0.059368 -1.31086 0.150666 -2.636408 0.129607 -3.615413 0.093914 -3.066584 0.361591 0.652355
45.087779 194.938709 144.516889 712.20563 132.390852 1165.954536 130.367658 1435.648422 99.320521 1284.588395 88.119992 1226.533559 -62.498786 185.171248 -147.698153 857.355104 -130.409992 1190.841269 -126.122491 1393.67276 -106.108388 1184.235968 -96.627396 1146.830071 410.745644 2.040399 -0.019339 -0.020762 0.032654 -1.137282 0.105513 -2.334113 0.276863 -3.002852 0.167497 -2.784313 0.143801 -2.524183 0.005948 -0.004903 0.013383 -0.145142 0.022679 -0.729108 0.018804 -1.362166 0.005856 -1.159497 0.003593 -1.086589 0.110716 -0.350259
44.682381 192.241614 147.790598 693.206919 123.966456 1103.571309 115.409832 1364.628734 85.483513 1190.22038 78.670127 1138.055727 -61.004473 186.105659 -149.01183 856.196468 -138.638387 1116.690802 -137.288452 1286.61804 -117.684614 1076.840682 -106.084506 1052.158948 403.768169 2.836934 -0.000915 -0.009394 0.018333 -0.12842 -0.138458 -0.857536 -0.455583 -0.900734 -0.518744 -1.799849 -0.267917 -1.655905 0.00904 0.001176 -0.002908 -0.000392 -0.125855 -1.191687 -0.236768 -2.138814 -0.299604 -2.551939 -0.220721 -2.038841 -0.029887 0.065482
47.90873 183.398987 150.807312 604.021641 121.647104 993.35072 115.741374 1226.722899 87.629974 1081.950563 79.829938 1028.595897 -58.412386 188.175267 -151.561079 893.25698 -129.385158 1101.177912 -106.372195 1245.061862 -99.134265 1007.388682 -101.52352 987.467081 373.17382 1.330862 0.056228 -0.104093 0.015239 -3.069403 -0.010951 -2.898768 0.000238 -3.672119 0.013308 -2.581015 0.004243 -2.766737 0.028136 0.005722 -0.010811 0.39259 0.159777 -0.054253 1.969323 -0.341084 0.795013 -1.157483 0.050107 -1.026191 -0.602604 -0.281632
43.446443 182.426077 133.293963 562.523707 110.853054 802.979591 104.978494 979.031691 80.572117 838.982062 73.527633 813.777688 -59.91581 189.604012 -148.851584 891.320371 -127.184825 1066.959934 -109.20654 1202.486809 -98.35073 963.400253 -96.024268 941.656751 356.960219 -4.299413 -0.109046 -0.001294 -0.540317 -0.738344 -0.250697 -10.116041 -0.262569 -13.951137 -0.148141 -15.427847 -0.129553 -12.566611 -0.009551 0.002702 0.012219 -0.001051 0.009435 -0.270034 -0.018633 -0.370324 0.001554 -0.490977 0.076558 -0.543999 -0.180045 -10.414385
43.404415 165.775669 135.011449 567.101708 115.111249 596.533745 106.9162 667.987294 86.927682 526.129202 79.811619 536.409282 -57.304922 168.767145 -135.975076 842.161755 -115.988706 977.00735 -108.036868 1097.325332 -93.584503 875.639632 -85.682406 858.085826 360.901584 -44.271754 -1e-05 -0.398325 0.005497 0.009277 0.040125 -15.310428 0.00886 -29.637484 0.12062 -36.332934 0.128816 -28.796936 0.02908 -0.606275 0.291211 -0.697168 0.257881 -1.980313 0.003149 -2.405571 0.059188 -2.095201 0.294543 -1.941352 0.01082 -20.978229
41.601467 153.259627 130.348331 502.934443 115.334669 431.570752 107.540819 463.726327 88.410623 360.016756 81.323428 377.463738 -55.483666 155.673113 -120.167807 806.998371 -104.287708 936.888971 -97.764692 1054.26876 -86.127013 844.041634 -77.680311 826.205554 349.060332 -101.571871 -0.019122 -0.245602 -0.040975 -1.925704 0.000108 -13.320743 0.00091 -18.585966 0.006271 -15.708531 0.007092 -13.92846 0.014705 -0.264338 0.48822 -0.374919 0.310996 -0.420519 0.256518 -0.430856 0.154798 -0.290321 0.196103 -0.301742 -0.098755 -11.727782
42.951499 149.422404 154.732295 511.479501 116.44679 366.333977 99.053393 357.652339 84.45707 262.753237 82.218361 294.186485 -52.706831 155.526197 -127.401029 819.467548 -87.584952 905.345402 -74.388838 1010.867701 -60.335653 801.310534 -56.718193 793.875932 287.562082 -146.355894 0.010778 -0.024324 1.044738 0.035991 0.002668 -2.671355 -0.174416 -6.878069 -0.045216 -7.642143 0.002449 -5.182728 0.035641 -3.5e-05 -0.105689 0.047798 0.72838 -0.270071 1.594428 -0.45611 2.288749 -0.554974 1.644794 -0.32261 -2.977353 -4.078287
50.65165 151.265431 184.519547 552.349242 109.296191 335.010534 94.812126 303.412787 79.151634 219.488985 72.886177 254.759144 -47.744012 167.358345 -130.87428 866.236585 -71.916676 892.376281 -54.968917 965.539727 -42.312706 756.517398 -41.728662 763.788882 237.207502 -161.028504 0.317259 0.005648 1.310232 0.785348 -0.113279 -0.699833 -0.046399 -2.228901 -0.086044 -1.944642 -0.281 -1.417741 0.12267 0.216868 -0.023355 0.648917 0.771434 -0.046782 1.466022 -0.519856 1.594616 -0.644115 1.147846 -0.2906 -2.421489 -0.350389
50.642572 154.792579 193.93761 577.955639 87.149223 309.239157 54.323681 271.689483 43.980027 197.660375 45.739853 234.20035 -48.968494 173.836927 -130.454444 919.328283 -56.959594 865.61726 -37.861309 916.226069 -29.641573 709.73824 -30.553941 724.583055 145.833432 -158.300152 -0.0 0.020325 0.117204 0.290086 -1.2524 -0.515662 -5.60123 -0.875614 -5.130119 -0.571516 -3.147841 -0.432399 -0.007752 0.061513 0.000337 0.789485 0.870885 -0.203666 1.58999 -0.646269 1.124479 -0.746407 0.869017 -0.516458 -11.058224 0.011656
50.400577 155.782975 203.686196 578.261611 71.088788 269.498407 41.489976 216.609146 32.213067 159.841467 34.331717 200.190441 -50.048875 177.018015 -134.116885 965.733467 -47.905223 831.253319 -26.513162 864.978523 -20.338195 672.484806 -22.656977 696.305859 103.743277 -176.609999 -0.00029 0.001579 0.119522 4e-05 -0.81714 -1.366071 -0.863392 -3.11649 -0.914105 -2.005995 -0.816849 -1.333421 -0.005894 0.014421 -0.025351 0.571272 0.391623 -0.347994 1.008139 -0.737382 0.873512 -0.502115 0.589252 -0.281401 -3.574773 -0.500883
49.38292 156.553908 215.459473 490.096433 42.693055 213.948365 18.061858 181.921337 11.05109 140.057277 13.924501 178.727132 -50.579688 185.776406 -132.439481 1008.562327 -18.374702 791.819654 -3.730982 822.346833 -1.709882 640.697823 -3.689146 670.731442 21.454891 -181.641113 -0.005189 0.000951 0.165381 -3.644086 -3.60022 -3.20207 -4.802001 -1.512471 -5.528789 -0.653289 -4.527416 -0.608369 -0.0014 0.105736 0.005278 0.464603 6.942105 -0.479105 10.352424 -0.538649 10.253855 -0.384775 8.061168 -0.239243 -30.841383 -0.035329
48.74223 155.288273 237.68106 455.823616 34.875107 226.892165 11.638994 194.407627 6.943268 160.153976 10.275778 201.862039 -49.486013 188.51294 -138.195686 1000.247485 -9.659743 719.72639 -0.3246 709.335123 -0.003033 568.421683 -0.623224 612.579919 7.236545 -125.135546 -0.002092 -0.002568 0.545191 -0.621095 -0.394984 0.190067 -0.702793 0.2072 -0.475148 0.67341 -0.276644 0.703803 0.005977 0.010004 -0.061222 -0.017208 1.389003 -1.720225 1.854603 -4.174847 1.568881 -2.162117 1.27977 -1.318206 -3.770819 5.248817
47.98434 151.596009 248.210751 419.202688 28.874585 255.493457 7.839264 230.270671 4.208418 190.547142 7.4065 228.981604 -49.757292 188.61394 -138.427012 990.154624 -5.93189 625.112956 0.074257 570.961123 0.250996 454.535169 -0.048876 505.154214 2.403889 -56.48949 -0.002969 -0.022212 0.114107 -0.766651 -0.283032 0.848651 -0.374212 1.516983 -0.340548 1.319479 -0.23435 0.854371 -0.000371 1.4e-05 -9.7e-05 -0.025589 0.45221 -3.332296 0.709364 -7.499674 0.309213 -6.3593 0.32304 -5.174332 -1.298768 13.472211
46.150819 142.754808 244.196508 406.277153 27.397658 280.682582 6.523339 262.495526 3.597596 201.3249 7.078107 241.310853 -51.441566 188.104793 -136.062735 980.559721 -13.50036 616.103705 -1.868851 590.664258 -0.999676 450.303012 -2.383315 488.13243 8.390124 -49.441201 -0.017858 -0.132808 -0.016363 -0.101202 -0.019385 0.592009 -0.060411 1.054815 -0.023935 0.14824 -0.003723 0.16164 -0.014017 -0.000344 0.010182 -0.023358 -1.534468 -0.032697 -2.688157 0.167111 -2.2525 -0.009897 -1.749587 -0.14586 1.812048 0.234745
46.309603 141.904411 237.289578 406.941925 26.513683 284.916378 6.120725 288.682481 2.913603 242.641455 6.028703 276.873683 -51.246426 188.988714 -135.172658 983.77433 -13.910159 612.758879 -2.094727 585.977644 -1.134043 439.135978 -2.521333 477.446152 7.683111 -28.929541 0.000136 -0.00127 -0.049543 0.000272 -0.007248 0.015846 -0.006412 0.622434 -0.036026 1.926689 -0.042078 1.221773 0.000185 0.001036 0.00146 0.00263 -0.003063 -0.004552 -0.006441 -0.009334 -0.004235 -0.070105 -0.001942 -0.059136 -0.015557 2.73183
46.953184 143.669539 238.248004 407.290212 28.403651 290.890777 6.820586 301.306857 3.25261 252.863768 6.679636 287.150044 -50.672905 191.779259 -134.851927 986.33498 -14.056953 620.409218 -2.523463 595.107201 -1.093746 454.344956 -2.284432 493.844453 8.118639 -29.307913 0.002221 0.005455 0.000966 7.4e-05 0.032531 0.030995 0.018938 0.135081 0.009326 0.105455 0.016682 0.093624 0.001614 0.010226 0.00019 0.001664 -0.000385 0.023731 -0.019944 0.035285 0.000364 0.129454 0.005843 0.138436 0.006003 -0.001229
46.981533 144.982799 238.016768 413.535043 28.008149 315.565699 5.857824 332.74322 2.783756 274.303889 6.38771 306.84969 -50.951922 193.044662 -136.419221 994.769748 -19.158716 659.823049 -5.412271 648.999988 -3.179912 493.745248 -4.814143 528.592733 11.914164 -32.015872 4e-06 0.002987 -5.6e-05 0.023756 -0.001386 0.502183 -0.036608 0.779791 -0.018236 0.43617 -0.003261 0.326753 -0.000383 0.00208 -0.004528 0.017956 -0.394141 0.60685 -0.544478 1.167824 -0.54377 0.819043 -0.466054 0.590644 0.362847 -0.059819
47.50552 144.934359 234.726418 426.496082 27.838194 335.657787 5.765604 355.129228 2.737448 285.724543 6.298541 316.740394 -50.667262 193.014187 -133.144194 995.613263 -21.469499 661.254146 -7.128322 652.914381 -4.427302 497.02628 -5.976089 530.508062 14.127368 -29.059622 0.001453 -4e-06 -0.011451 0.099995 -0.000259 0.310023 -0.000366 0.36436 -0.000194 0.116463 -0.000313 0.078443 0.000399 -1e-06 0.019896 0.000179 -0.065768 0.000775 -0.117967 0.005885 -0.102967 0.005433 -0.062744 0.001732 0.094218 0.071588
47.351751 144.954523 219.340922 457.590621 26.177276 348.494295 4.690046 365.4081 2.265705 290.14315 5.590007 321.208414 -50.515571 189.92826 -130.195262 994.06941 -21.733032 674.247114 -7.301662 676.30249 -4.52696 508.985623 -6.128617 538.206229 13.197898 -30.549065 -0.000125 1e-06 -0.260734 0.546988 -0.025542 0.120434 -0.055468 0.073321 -0.02229 0.016952 -0.021132 0.015647 0.000114 -0.012434 0.016512 -0.000599 -0.000804 0.063205 -0.001041 0.205778 -0.000555 0.071088 -0.000961 0.027726 -0.015813 -0.018611
46.797948 143.872224 213.873219 493.936648 23.846107 355.558548 4.116896 367.511797 1.899771 290.669203 4.747585 321.951384 -51.849867 189.150171 -130.618156 1001.833668 -20.909217 691.519045 -6.851786 692.072765 -4.128115 519.828381 -5.616264 547.222511 11.628768 -33.0708 -0.001629 -0.002028 -0.034506 0.694418 -0.054348 0.035441 -0.01867 0.003019 -0.016105 0.000238 -0.034382 0.000429 -0.008696 -0.000799 -0.000343 0.015102 0.007958 0.109218 0.007152 0.090878 0.009195 0.057138 0.011181 0.037448 -0.049637 -0.049997
46.071408 143.691758 196.128155 563.792632 23.849833 377.587541 4.58038 379.873599 2.486596 293.834909 5.028671 325.43036 -52.074621 187.235831 -127.436486 1001.604272 -21.530274 712.593967 -7.050098 717.469814 -4.600826 535.92857 -6.082475 559.579344 13.852154 -36.102285 -0.002842 -5.7e-05 -0.384188 2.309282 0.0 0.33103 0.012358 0.102239 0.039431 0.008573 0.004042 0.009348 -0.000243 -0.004868 0.019615 -1.3e-05 -0.004544 0.15817 -0.001415 0.22882 -0.012809 0.12277 -0.009293 0.068981 0.097188 -0.066459
45.893891 144.342035 182.421408 589.317967 22.777232 378.886319 4.3784 377.592174 2.443083 291.551527 4.670291 324.043479 -52.6467 187.476836 -124.43882 1028.743862 -21.444733 738.900218 -6.84617 738.662714 -4.244259 552.195301 -5.811321 575.367218 13.127553 -41.267213 -0.000171 0.000734 -0.248232 0.28255 -0.012339 0.001115 -0.002277 -0.003436 -0.000192 -0.004453 -0.006623 -0.001481 -0.001563 7.8e-05 0.017839 0.181395 8.5e-05 0.238401 0.001496 0.154231 0.00719 0.121595 0.003091 0.109815 -0.009732 -0.172589
44.258429 151.181285 175.318056 683.046356 20.578621 392.099184 3.607416 370.500869 2.169792 284.672151 3.882047 319.14776 -55.58965 190.252127 -125.176355 1068.261476 -14.72171 785.774415 -2.654693 778.956626 -1.668592 590.021686 -3.027246 613.973777 7.643906 -55.02868 -0.014836 0.07915 -0.07053 3.456935 -0.055783 0.113227 -0.037304 -0.033611 -0.008103 -0.041067 -0.036403 -0.018632 -0.040017 0.010196 -0.00109 0.372384 0.630369 0.720714 0.974556 0.535011 0.590469 0.626513 0.449932 0.626759 -0.736911 -0.988385
44.627733 153.563569 169.834455 725.92499 20.97277 383.257511 3.861944 358.48968 2.664219 264.08379 4.197762 305.458959 -55.290171 193.207428 -124.177916 1083.513707 -13.483568 873.944585 -2.052336 896.116319 -1.105459 699.021781 -2.482106 714.965105 7.201985 -103.802781 0.000767 0.009312 -0.043563 0.652605 0.001869 -0.050414 0.004338 -0.098958 0.025352 -0.386356 0.006171 -0.150019 0.000404 0.011388 0.001999 0.054056 0.027189 2.343611 0.038701 4.102276 0.057759 4.616731 0.027037 3.842922 -0.006579 -7.674192
47.006295 159.63498 169.008046 788.711946 22.319516 383.841055 4.377228 353.05091 3.482471 254.289674 4.926622 299.611526 -54.779807 190.350056 -119.281226 1064.351842 -16.704016 999.50414 -4.19604 1093.14505 -2.151953 865.264987 -3.636046 860.061344 11.109501 -181.411918 0.030876 0.058853 -0.001008 1.301928 0.020953 0.000222 0.016129 -0.020786 0.054707 -0.092533 0.029157 -0.028256 0.001183 -0.010643 0.049248 -0.085477 -0.172272 4.21227 -0.379242 9.78152 -0.172678 8.85876 -0.109807 6.697594 0.421773 -10.762069
49.353521 172.703434 159.720768 898.787943 23.639552 394.746241 5.337761 353.680715 4.949483 238.838835 6.264033 288.416399 -51.749398 197.235072 -103.280213 1072.281134 -17.390669 1097.940066 -7.798464 1234.523789 -3.778648 1003.497956 -4.480448 984.849592 17.377374 -263.205987 0.028592 0.257043 -0.131219 3.593968 0.018961 0.076375 0.047601 0.000281 0.128598 -0.242114 0.080205 -0.106578 0.043111 0.061157 0.57594 0.014713 -0.006915 2.31114 -0.553758 4.297522 -0.227453 5.11958 -0.044043 4.225125 0.698104 -7.588373
50.570913 192.438105 157.926832 995.715012 29.333571 394.362641 9.658187 330.218076 9.498915 210.055616 10.335899 260.606171 -50.612503 206.784287 -102.387468 1089.93459 -20.570321 1136.126209 -13.76586 1286.438883 -6.548589 1052.213084 -6.093902 1025.5976 31.821469 -322.006465 0.007416 0.533686 -0.005066 2.481129 0.306911 -9.3e-05 0.635851 -0.402587 0.734942 -0.923744 0.50715 -0.704803 0.006314 0.112866 0.001938 0.072067 -0.1334 0.326375 -0.842108 0.53461 -0.378406 0.577293 -0.123817 0.412985 2.168063 -2.961546
50.362501 194.728552 154.704863 1047.562883 38.975228 390.98463 17.569821 304.968499 16.984799 186.321933 16.750871 235.942532 -51.563475 205.740869 -103.841164 1105.835688 -33.464539 1195.713003 -22.935898 1360.640143 -14.461992 1108.766377 -13.902912 1079.621085 62.792223 -386.050369 -0.000215 0.006775 -0.016603 0.657922 0.683874 -0.007265 1.174784 -0.502052 1.080001 -0.711182 0.770591 -0.612901 -0.004426 -0.00132 -0.005124 0.057576 -1.561007 0.761452 -1.16404 1.040186 -1.547216 0.740133 -1.587796 0.693281 5.212556 -2.902341
48.921081 195.488017 137.089763 1063.136641 39.805094 400.775307 20.048441 311.70892 19.487537 195.221178 18.536045 241.147736 -52.575624 205.054662 -104.337687 1110.186703 -41.751651 1213.728186 -27.855368 1401.705322 -19.583827 1141.518486 -19.236254 1102.712918 78.142608 -392.602845 -0.010464 0.000739 -0.532181 0.057456 0.004371 0.060537 0.081745 0.036838 0.08597 0.103799 0.045185 0.028396 -0.004919 -0.000573 -0.000592 0.004271 -0.457919 0.06735 -0.238803 0.305255 -0.387468 0.23836 -0.431983 0.122174 0.838463 -0.02757
48.490213 195.705671 135.399984 1080.916802 41.527456 413.360156 22.50666 319.110706 22.435853 194.748265 21.013625 240.839056 -52.886566 206.273248 -102.248014 1125.193204 -42.375928 1246.993746 -28.037493 1450.411286 -19.852683 1193.850107 -19.521705 1145.333435 84.498102 -424.232805 -0.000953 6.1e-05 -0.005239 0.073725 0.018239 0.097274 0.071059 0.043426 0.103801 -0.000287 0.07768 -9.9e-05 -0.000458 0.001805 0.010569 0.050371 -0.002316 0.224862 -0.000297 0.415909 -0.000916 0.586405 -0.001051 0.404056 0.124224 -0.612626
48.616971 197.258679 123.43214 1103.547944 41.387683 420.788349 22.751808 322.305054 23.02396 200.000651 21.476266 244.739087 -52.773319 206.890068 -103.014524 1125.633509 -43.707035 1285.813428 -29.195148 1508.489023 -20.149263 1251.74165 -19.968377 1197.985798 86.250633 -451.044255 8.3e-05 0.003069 -0.276832 0.117233 -0.000118 0.033075 0.000664 0.007954 0.003804 0.034945 0.002519 0.015662 6.1e-05 0.00046 -0.001431 4.3e-05 -0.010292 0.297507 -0.011709 0.570034 -0.001099 0.685294 -0.002526 0.591601 0.008994 -0.41074
47.361595 204.079394 120.578553 1129.274017 35.698584 450.447847 16.999394 345.363212 17.436759 215.23092 16.885164 261.288154 -54.256092 208.626023 -107.005831 1136.696854 -45.52802 1326.224696 -30.550481 1542.34955 -21.27243 1288.516416 -21.229868 1234.856379 77.227871 -450.507432 -0.00821 0.057963 -0.016686 0.14821 -0.210219 0.504996 -0.418419 0.39828 -0.387624 0.279409 -0.275723 0.270682 -0.010272 0.003626 -0.03793 0.027051 -0.018582 0.312623 -0.015375 0.187911 -0.01523 0.266204 -0.019318 0.279409 -0.249184 0.00016
47.152298 201.891426 122.514179 1119.753704 31.548665 466.690904 13.543473 369.889499 15.550557 236.24018 14.813927 281.356236 -54.915237 206.603989 -110.836864 1129.674451 -44.727255 1347.895002 -29.569024 1571.389887 -20.370276 1319.54862 -20.609348 1261.626735 71.516851 -439.132356 -0.000232 -0.005896 0.007706 -0.02015 -0.128171 0.143848 -0.196148 0.420632 -0.05397 0.489099 -0.06774 0.371206 -0.00199 -0.004923 -0.033689 -0.01088 0.003552 0.087806 0.008012 0.135426 0.009773 0.184626 0.004602 0.143536 -0.109677 0.072725
44.984738 195.627215 120.449388 1085.104681 22.681638 465.770051 6.101629 379.057353 7.781063 249.181082 8.360007 294.603335 -56.445372 201.906925 -114.018713 1108.405186 -42.734426 1363.196148 -26.841985 1597.766845 -17.359066 1348.969455 -18.450613 1289.411765 48.384224 -438.602921 -0.0255 -0.04936 -0.008774 -0.272269 -0.729821 -0.000455 -1.464095 0.056114 -1.331632 0.172527 -0.916842 0.152362 -0.010513 -0.027004 -0.022514 -0.101067 0.022706 0.043179 0.065954 0.10977 0.120355 0.16219 0.059699 0.151317 -2.252661 0.00016
44.958917 195.529604 120.45907 1091.698252 15.442436 486.676512 1.916617 401.478558 2.759306 268.389448 3.475534 314.376277 -56.979569 201.871185 -121.404906 1108.753079 -40.944527 1380.996519 -24.653073 1623.701346 -15.057292 1376.91992 -16.54098 1315.933094 30.708095 -429.495604 -4e-06 -1.2e-05 0.0 0.009986 -0.693619 0.229479 -1.178806 0.322095 -1.273151 0.356559 -1.054913 0.321088 -0.001258 -2e-06 -0.115896 2.7e-05 0.019145 0.057732 0.046543 0.104395 0.081824 0.143302 0.052147 0.134992 -2.000495 0.047774
44.167432 190.513985 116.086493 1080.901909 9.219313 493.500655 0.091629 416.536158 0.345253 281.334541 0.743099 326.060546 -58.903902 197.565945 -122.326357 1104.059252 -38.305389 1401.281358 -21.888666 1654.829439 -12.410214 1403.358949 -14.205573 1337.76714 16.895355 -428.010004 -0.003514 -0.032584 -0.040417 -0.026825 -0.798082 0.023756 -1.170112 0.138598 -1.152474 0.152439 -1.004497 0.106594 -0.015979 -0.023202 -0.001742 -0.004978 0.043956 0.073947 0.08217 0.147777 0.127849 0.125714 0.088823 0.089824 -2.048026 0.001287
41.820735 186.321201 110.393281 1036.703524 4.979816 492.611386 -0.398701 424.197326 -0.176629 289.608547 -0.002831 333.012264 -60.472914 196.75546 -119.633991 1094.581369 -32.425425 1422.281397 -17.440343 1697.075596 -8.594336 1450.054691 -10.46866 1377.394159 6.306816 -443.59498 -0.032028 -0.023326 -0.071569 -0.461302 -0.647674 -0.000401 -0.872599 0.034907 -1.015772 0.059956 -0.837667 0.036663 -0.010311 -0.000833 0.01498 -0.020429 0.244829 0.078094 0.252374 0.266238 0.349522 0.38211 0.284619 0.289188 -2.556988 -0.139347
41.662001 183.204908 109.507161 993.492746 3.925172 490.511383 -0.915051 429.124364 -0.559347 297.042209 -0.123733 337.325503 -60.269372 191.447084 -118.676066 1073.341221 -26.965 1440.860829 -13.708664 1744.414422 -5.818162 1498.132877 -7.277088 1412.445335 2.769533 -460.995638 -0.000151 -0.01314 -0.001785 -0.459902 -0.062673 -0.002243 -0.105726 0.014224 -0.107337 0.047099 -0.089131 0.013877 0.000172 -0.036296 0.001925 -0.104052 0.251552 0.060283 0.224337 0.325596 0.269904 0.392049 0.289361 0.220198 -0.717656 -0.167375
40.287216 178.359894 106.431588 952.275091 3.248956 482.858 -1.180956 427.796084 -0.940495 297.096863 -0.313597 338.20492 -60.161049 189.39511 -118.528975 1068.091995 -22.453333 1469.537835 -10.56 1790.399096 -3.620492 1543.419967 -5.000361 1454.772049 0.870429 -486.197472 -0.011533 -0.032463 -0.021904 -0.436611 -0.03194 -0.030089 -0.016935 -0.001029 -0.049238 3e-06 -0.043364 0.000572 4.9e-05 -0.005528 4.6e-05 -0.006434 0.206378 0.141285 0.205124 0.299122 0.259415 0.337169 0.212945 0.312437 -0.534688 -0.33533
40.089369 178.065883 107.808009 954.90808 2.744316 477.961648 -1.53548 426.225563 -1.153792 299.643717 -0.403851 339.178453 -59.126391 190.992441 -118.041747 1065.640313 -22.460789 1478.552134 -10.681911 1801.859701 -3.677124 1559.882116 -5.114538 1468.603681 0.711383 -492.179681 -0.000244 -0.000121 0.004422 0.001818 -0.021283 -0.012476 -0.023234 -0.001444 -0.01089 0.005435 -0.0057 0.0007 0.004487 0.003354 0.000502 -0.001409 -1e-06 0.013781 -0.00035 0.018282 -0.00022 0.043664 -0.000644 0.032722 -0.008016 -0.018289
40.806121 177.726898 109.569294 973.887899 3.644416 474.077353 -1.030712 423.293175 -0.692398 298.306079 -0.184562 337.482724 -59.259563 189.180339 -118.552921 1060.327097 -25.750016 1471.184808 -13.083211 1776.086888 -5.531873 1529.041219 -6.895792 1446.879503 2.310061 -476.610772 0.003175 -0.000161 0.007135 0.093385 0.063725 -0.007924 0.050133 -0.005061 0.058585 -0.001496 0.042389 -0.002125 -7.5e-05 -0.004319 -0.000552 -0.006639 -0.112336 -0.0092 -0.121628 -0.092825 -0.188713 -0.153967 -0.132824 -0.080938 0.457589 0.125108
41.171008 173.682302 110.561808 927.808153 4.560145 455.95279 -0.514716 410.379339 -0.256581 287.057128 -0.021465 327.522707 -59.301508 189.432025 -118.754712 1062.360566 -26.167183 1478.226013 -13.265219 1792.685314 -5.467824 1541.152677 -6.909948 1459.482722 3.35549 -497.948385 0.000812 -0.023277 0.002238 -0.558358 0.051263 -0.176624 0.088686 -0.100026 0.105994 -0.108096 0.080145 -0.074591 -7e-06 8.4e-05 -8.6e-05 0.000974 -0.001676 0.008405 -0.000629 0.0386 0.000186 0.023889 -7e-06 0.027327 0.097289 -0.233618
41.286283 167.893522 125.04295 807.844023 7.509765 434.596236 -0.013645 405.192404 -0.018213 281.312147 0.095597 321.880161 -58.240862 185.693224 -120.747999 1051.476184 -28.347008 1454.395142 -15.033895 1758.976654 -6.857092 1503.958732 -8.415748 1425.285923 6.168508 -484.376018 8.1e-05 -0.049056 0.445453 -4.15078 0.365959 -0.256116 0.360749 -0.016494 0.138073 -0.029035 0.207658 -0.024514 0.004785 -0.018632 -0.008295 -0.028023 -0.043599 -0.096828 -0.055325 -0.159967 -0.07855 -0.227158 -0.074154 -0.202696 0.424906 0.093766
42.691342 164.401676 149.273953 733.245022 12.667112 389.22781 0.572359 368.205602 0.183187 258.943621 0.882045 298.932218 -58.010195 185.276866 -126.746258 1049.150225 -28.359132 1462.33024 -14.148412 1764.462297 -6.166421 1498.676695 -7.91907 1425.293799 8.475265 -511.710576 0.011755 -0.018347 1.072284 -1.806604 0.670259 -1.25018 0.762753 -0.88493 0.316924 -0.463267 0.396882 -0.424273 0.000229 -0.000234 -0.072697 -0.001288 -1e-06 0.010794 0.013437 0.00427 0.018327 -0.004646 0.007553 0.0 0.182827 -0.375127
46.923619 167.311929 183.64373 730.933172 28.947529 370.248737 7.751297 343.779043 4.718746 239.989727 6.748518 281.158013 -55.622851 188.712675 -128.278548 1068.931349 -31.753015 1455.172196 -16.044227 1727.957272 -7.806988 1443.455741 -9.641134 1387.837179 24.664794 -506.305631 0.099995 0.012767 1.778887 -0.001825 3.316777 -0.237177 4.111045 -0.419133 3.042458 -0.360148 2.751015 -0.272368 0.025081 0.015783 -0.004603 0.092372 -0.095884 -0.008781 -0.059578 -0.190792 -0.096641 -0.518267 -0.084642 -0.249377 4.223581 0.014348
44.199604 167.197381 186.581481 707.504999 67.613174 314.486831 42.74027 264.190057 32.704712 181.248182 33.052019 224.233024 -56.074479 190.174771 -124.646955 1075.877596 -34.591379 1446.629892 -18.605346 1715.931008 -9.790936 1437.960616 -11.577786 1381.233979 78.28446 -598.174524 -0.040725 -2e-05 0.011656 -0.190803 8.079421 -2.274281 14.088682 -5.231993 12.577917 -4.115856 9.930676 -3.216121 -0.000913 0.002821 0.026073 0.011248 -0.060744 -0.012573 -0.094782 -0.020998 -0.11219 -0.00524 -0.088564 -0.007873 15.06592 -3.827385
44.994253 166.461772 205.368366 659.365799 93.285885 260.57288 68.188707 199.872292 53.235819 135.957353 52.278958 178.347795 -55.212504 191.486755 -127.101755 1086.61037 -35.792057 1442.240387 -19.323406 1706.290845 -9.975242 1433.276935 -11.89508 1380.797397 109.29968 -686.365015 0.00354 -0.000811 0.450504 -0.847959 2.061346 -2.532893 2.958541 -4.478745 2.488458 -3.249977 2.19434 -2.623494 0.003338 0.002255 -0.011969 0.026634 -0.010242 -0.003335 -0.006798 -0.013578 -0.000859 -0.00382 -0.002145 -3.5e-05 2.5818 -3.03095
45.835279 162.292289 217.423023 581.094153 102.88093 228.09612 77.491621 175.517625 60.572703 120.263744 59.819837 159.111112 -53.466213 192.062321 -121.909812 1077.730624 -33.011904 1417.75463 -17.499437 1686.815592 -8.444943 1420.616207 -10.204329 1366.900004 114.251839 -714.203172 0.003894 -0.026441 0.171887 -2.47189 0.2348 -1.080391 0.297338 -0.790878 0.236739 -0.48107 0.253925 -0.548735 0.014031 0.000432 0.054132 -0.018216 0.056192 -0.104819 0.045202 -0.055891 0.063677 -0.028084 0.064772 -0.035146 0.054857 -0.276688
50.720225 161.482113 226.469668 569.73864 96.371465 211.920248 68.027953 159.60915 53.910461 108.848491 54.13152 146.435729 -47.588501 198.093938 -114.266429 1089.243019 -31.80066 1413.266 -16.920059 1678.171008 -8.248345 1412.329077 -9.796812 1360.450408 104.333304 -737.009503 0.123649 -0.001014 0.092196 -0.056025 -0.106359 -0.297429 -0.308054 -0.377801 -0.194016 -0.284553 -0.142066 -0.263028 0.171079 0.046626 0.123714 0.030581 0.011319 -0.003558 0.004877 -0.011104 0.001158 -0.012121 0.004152 -0.007626 -0.225148 -0.179216
49.892304 162.019122 224.123701 564.534195 93.372834 189.227973 65.080623 134.227421 51.334788 89.340985 51.332909 125.604318 -47.495538 202.037121 -114.498468 1095.522011 -31.632351 1425.751313 -17.387985 1685.434461 -8.782534 1422.615227 -10.273295 1371.199453 102.583757 -798.940516 -0.003406 0.000446 -0.006107 -0.01194 -0.023696 -0.642346 -0.032634 -1.098295 -0.031522 -0.962385 -0.037139 -0.798753 4.5e-05 0.01943 -0.000118 0.009023 0.000223 0.027454 -0.003191 0.007842 -0.00838 0.018661 -0.005657 0.021149 -0.007397 -1.249068
49.812343 169.264396 214.032767 592.362229 80.994374 180.770639 54.793175 112.207988 43.743493 72.026405 43.306612 107.899065 -47.609802 207.919202 -108.606536 1118.269266 -31.136589 1429.759779 -16.923271 1683.710737 -8.835322 1421.441938 -10.336455 1370.228482 91.897404 -853.526619 -3.2e-05 0.079238 -0.116215 0.334737 -0.439933 -0.09667 -0.442245 -0.985709 -0.303539 -0.931609 -0.340966 -0.672213 -6.9e-05 0.0422 0.077813 0.11687 0.001958 0.002813 0.003147 -0.000441 -7.9e-05 -0.000242 -9.7e-05 -0.000172 -0.293819 -0.90182
48.883485 170.281859 207.884739 611.193246 81.13487 183.194904 55.321155 110.562936 44.233768 68.731195 43.395384 105.556463 -48.679788 205.515481 -109.105407 1114.879394 -28.486781 1430.914398 -14.571794 1687.290785 -6.696391 1424.841758 -8.306478 1373.31206 85.351468 -867.694125 -0.004371 0.001524 -0.044796 0.147326 6.1e-05 0.008074 0.001266 -0.006074 0.001366 -0.038577 4.5e-05 -0.012855 -0.005945 -0.006988 -0.000572 -0.002573 0.058911 0.000233 0.087905 0.001901 0.147985 0.002031 0.110849 0.001733 -0.120914 -0.058308
48.099357 175.530418 194.953107 680.082637 74.152804 183.102947 48.949768 107.498668 39.589307 64.730127 38.764897 101.512229 -49.038007 205.994868 -109.906904 1115.982628 -28.638602 1432.157904 -14.669294 1688.595033 -6.802588 1426.070019 -8.474866 1374.488742 79.213212 -883.149941 -0.00317 0.039832 -0.207615 1.838929 -0.157044 -1.2e-05 -0.194841 -0.021531 -0.128769 -0.059988 -0.130589 -0.039497 -0.000657 0.000279 -0.001467 0.000273 -0.000202 0.00027 -0.000163 0.000252 -0.000418 0.000265 -0.000845 0.000252 -0.114518 -0.06822
43.627433 195.485017 194.645468 817.662123 66.689547 187.439214 43.594605 104.596786 36.989326 61.569175 35.511222 99.53145 -50.670783 212.32383 -114.280893 1137.606365 -30.247648 1443.749015 -15.081101 1702.711591 -7.483686 1438.016671 -9.503031 1386.994186 77.748619 -904.480811 -0.109074 0.537005 -0.000121 6.332258 -0.197879 0.025373 -0.155071 -0.019853 -0.04415 -0.039561 -0.071298 -0.009758 -0.01337 0.04788 -0.042673 0.103745 -0.021987 0.023359 -0.00285 0.029381 -0.016245 0.024916 -0.029425 0.028316 -0.006833 -0.12727
42.790007 203.863684 166.062506 926.943061 61.83694 205.591537 40.878343 109.010047 36.232477 63.854097 33.647085 102.059694 -51.756645 212.402873 -113.988038 1137.151866 -32.354527 1431.884079 -17.174078 1681.492186 -8.985737 1415.745124 -10.86218 1367.235204 81.305637 -878.263621 -0.004058 0.087905 -1.134259 3.426008 -0.091639 0.419411 -0.043683 0.045595 -0.003912 0.020815 -0.025128 0.015855 -0.005756 7e-06 0.000188 -4.5e-05 -0.035464 -0.024478 -0.067976 -0.066525 -0.068638 -0.086908 -0.045405 -0.070877 0.039779 0.192787
42.710738 198.172972 168.260342 962.651128 56.839369 223.893629 35.95996 116.60816 33.435134 65.599814 32.805482 105.007993 -50.344398 208.08537 -106.395987 1128.55806 -30.566495 1404.095224 -16.349351 1650.433243 -8.957547 1391.292415 -10.560911 1340.028173 77.004631 -852.678613 -3.7e-05 -0.040277 0.007224 0.337422 -0.105273 0.39014 -0.157573 0.127977 -0.056183 0.011771 -0.00533 0.020991 0.009767 -0.022166 0.130809 -0.016298 0.02541 -0.13615 0.010146 -0.144763 2.2e-05 -0.106508 0.002118 -0.136714 -0.058436 0.189096
40.494425 194.656445 159.495915 999.193993 56.233085 232.105887 34.129803 120.890038 28.514115 66.046206 28.200457 106.074622 -51.50785 199.495039 -111.985726 1116.206647 -34.22385 1375.105121 -18.874181 1613.765538 -11.094824 1351.126 -12.825542 1302.230298 75.18191 -819.721801 -0.029523 -0.01574 -0.117204 0.340368 -0.001625 0.073955 -0.023898 0.038602 -0.195763 0.000757 -0.174053 0.002695 -0.006645 -0.090537 -0.07155 -0.033981 -0.10331 -0.151203 -0.090607 -0.205956 -0.114226 -0.294161 -0.109906 -0.270366 -0.010916 0.32476
36.601161 195.54294 154.503426 1044.842402 49.752373 261.37208 29.840311 144.73738 24.894861 79.152801 23.631148 121.37345 -54.407183 193.952385 -119.110081 1112.126079 -37.644354 1359.742591 -20.901859 1596.533652 -12.812417 1325.560779 -14.749533 1277.151197 73.426368 -756.880737 -0.098366 0.001007 -0.039692 0.509785 -0.198324 0.868595 -0.143977 1.072642 -0.12277 0.592753 -0.201801 0.515105 -0.039691 -0.039043 -0.109843 -0.003736 -0.081444 -0.043149 -0.051716 -0.046248 -0.061779 -0.12209 -0.067203 -0.121924 -0.01037 1.252874
37.084147 196.6895 133.236165 1093.286156 48.358564 296.89358 29.034822 172.735394 23.835921 97.060692 22.168276 140.932767 -53.912474 189.885301 -117.940745 1092.888087 -38.296904 1350.099965 -21.763441 1586.237969 -13.489653 1321.298227 -15.391253 1271.813627 73.188552 -702.12957 0.001583 0.001676 -0.787024 0.548868 -0.009901 1.131233 -0.00551 1.236986 -0.011507 0.912316 -0.023369 0.730254 0.00113 -0.021548 0.002884 -0.083924 -0.002804 -0.017156 -0.0087 -0.016652 -0.00872 -0.003432 -0.006832 -0.005588 -0.000193 1.027665
36.932942 197.805123 108.739817 1129.059707 42.668835 325.05843 26.350412 198.528732 24.343013 116.476379 22.119528 163.09353 -54.196574 187.977859 -117.371542 1086.859914 -38.619633 1352.503349 -22.525298 1589.774453 -14.096356 1322.459134 -15.702933 1273.487277 75.487866 -653.989015 -0.000154 0.001577 -1.243133 0.287946 -0.177994 0.638044 -0.065092 0.897072 0.002669 0.88451 -2.7e-05 0.808735 -0.000373 -0.004814 0.000688 -0.008336 -0.000677 0.001069 -0.006553 0.001969 -0.006672 0.000255 -0.001562 0.00055 0.017781 0.854735
36.217267 197.576753 103.211412 1109.341426 41.823973 327.069701 25.73296 202.299336 25.482553 119.091152 22.497725 165.266408 -55.659754 186.667467 -118.501137 1084.155177 -38.459597 1348.15017 -22.384838 1584.373573 -14.103765 1318.811265 -15.820162 1270.100505 77.50201 -645.289642 -0.003501 -6.6e-05 -0.072112 -0.086852 -0.004224 0.003102 -0.00366 0.017735 0.013033 0.014512 0.001603 0.007189 -0.009744 -0.002292 -0.002705 -0.001685 0.000166 -0.003508 0.00022 -0.004595 -1e-06 -0.002519 -0.000218 -0.002255 0.013259 0.029124
35.831971 195.951481 98.389392 1101.434661 42.465372 344.173472 27.351254 221.683175 28.35399 131.64033 24.502489 178.527896 -56.061001 183.505875 -120.168787 1070.246767 -38.759553 1347.418649 -22.549124 1584.398959 -14.19733 1318.667758 -15.909927 1269.880233 82.678665 -617.025762 -0.00103 -0.003356 -0.057676 -0.014139 0.00244 0.217944 0.024673 0.443332 0.07663 0.314242 0.042775 0.255869 -0.000721 -0.013502 -0.005826 -0.044895 -0.000583 -9.9e-05 -0.0003 0.0 -0.000155 -4e-06 -0.000127 -1e-05 0.08367 0.316461
36.214469 195.070219 97.840202 1101.168814 43.695254 342.458558 29.004896 218.299099 31.045093 128.200588 26.538856 174.532725 -55.89417 181.408386 -122.741829 1063.491934 -38.895525 1349.568481 -22.603755 1590.322058 -14.216112 1322.680668 -15.98705 1272.334678 87.277417 -627.307485 0.001015 -0.000993 -0.000769 -1.6e-05 0.008778 -0.002142 0.024266 -0.013014 0.060992 -0.022768 0.040638 -0.022605 0.000124 -0.006028 -0.013628 -0.010692 -0.000119 0.000857 -3.3e-05 0.005525 -6e-06 0.003048 -9.3e-05 0.001185 0.062229 -0.042479
34.808611 196.995988 93.449221 1099.301468 41.528685 340.702268 28.065273 214.40353 29.961426 126.630932 25.63859 173.618681 -56.819643 182.236054 -128.380573 1053.782273 -38.265926 1364.524589 -21.30103 1617.456969 -12.869253 1348.091519 -15.070339 1296.539176 82.103121 -648.380909 -0.013915 0.00473 -0.050403 -0.000792 -0.027544 -0.002258 -0.007736 -0.017536 -0.009625 -0.004834 -0.007767 -0.0012 -0.0038 0.000942 -0.063315 -0.022264 0.002569 0.041208 0.019331 0.11477 0.033508 0.120887 0.013532 0.114033 -0.079052 -0.174071
34.817544 193.903994 95.208591 1092.971242 44.722312 337.162956 30.459917 211.722893 32.699872 125.633645 28.221858 172.458033 -56.651014 179.362864 -127.512867 1048.463033 -38.094668 1375.523781 -21.279413 1630.540635 -12.708407 1360.794711 -14.918493 1307.672203 86.179018 -659.478298 1e-06 -0.012229 0.008204 -0.009139 0.059146 -0.00924 0.049011 -0.008432 0.059867 -0.001971 0.061985 -0.001946 0.000125 -0.011415 0.001471 -0.00673 0.000192 0.022077 5e-06 0.026352 0.000506 0.029786 0.000384 0.023797 0.049368 -0.047082
35.477203 192.330134 96.062178 1089.288658 44.780846 333.534783 30.292706 208.6076 32.532597 123.643276 28.081569 170.255648 -56.091709 177.763293 -126.333168 1043.875441 -36.709024 1372.911627 -20.46365 1628.056768 -11.926841 1361.992415 -13.965857 1307.685136 83.855434 -664.901376 0.003095 -0.003207 0.001905 -0.003107 1.9e-05 -0.009813 -0.00023 -0.011545 -0.000214 -0.007946 -0.000175 -0.007077 0.001387 -0.003582 0.002741 -0.005029 0.012835 -0.001241 0.007972 -0.000947 0.012401 0.000263 0.015714 0.0 -0.015877 -0.011103
35.782252 190.076148 95.639688 1089.808064 45.394394 333.032278 31.620284 208.196902 34.233022 123.287821 29.328084 169.838494 -55.933436 176.314743 -125.011759 1036.286345 -35.907794 1374.921231 -19.580978 1636.618728 -10.983843 1375.060916 -13.119628 1317.505487 83.998826 -674.872534 0.000653 -0.006643 -0.000466 6.2e-05 0.002087 -0.000189 0.014235 -0.000202 0.021657 -0.000256 0.013534 -0.000256 0.000112 -0.002963 0.003474 -0.013844 0.00442 0.000735 0.009729 0.011227 0.019415 0.031199 0.013223 0.018368 6.1e-05 -0.037105
36.186496 189.54755 95.751756 1090.375224 44.386681 321.974379 30.832181 195.097526 33.290261 114.678269 28.443754 161.054978 -55.710192 176.315851 -124.008269 1037.988213 -35.876905 1376.056149 -19.484721 1637.712683 -10.937746 1378.694309 -13.105793 1321.235396 82.391886 -698.120978 0.001135 -0.000368 3.3e-05 7.4e-05 -0.005656 -0.093347 -0.004973 -0.212796 -0.006582 -0.155797 -0.006769 -0.116599 0.000223 0.0 0.002022 0.000698 7e-06 0.000234 0.000119 0.000183 4.8e-05 0.002397 4e-06 0.002636 -0.00776 -0.196843
37.505879 188.122615 94.517175 1086.276381 43.290924 276.224836 29.453978 145.458876 31.586508 82.930766 26.903473 126.04733 -54.292846 174.967033 -123.378904 1039.52793 -36.88174 1371.046723 -20.362313 1629.193328 -12.156757 1370.159645 -14.239988 1313.064331 82.934565 -778.914206 0.011812 -0.002688 -0.004005 -0.003859 -0.006847 -1.752 -0.015756 -3.637024 -0.022375 -2.56692 -0.021437 -2.142311 0.009131 -0.00259 0.000801 0.000571 -0.006939 -0.004567 -0.009665 -0.011108 -0.032194 -0.013249 -0.023531 -0.012673 0.000891 -2.211334
39.586381 186.742966 93.064606 1057.853329 42.159542 232.959992 28.588386 112.277388 30.658867 62.165049 25.925924 101.153786 -52.495959 174.42439 -119.760371 1042.669103 -37.68386 1369.269104 -20.875734 1624.018877 -12.375193 1367.838051 -14.81278 1312.357076 81.99093 -846.799123 0.028079 -0.002539 -0.005624 -0.188399 -0.00749 -1.841411 -0.006455 -2.144851 -0.006913 -1.493654 -0.009045 -1.367862 0.015119 -0.000421 0.026928 0.002369 -0.004314 -0.000577 -0.003196 -0.004115 -0.000973 -0.000984 -0.005647 -9.5e-05 -0.0027 -1.417954
38.496607 176.512503 86.219249 1004.432434 30.01365 202.979308 17.295178 94.141874 20.983198 49.32099 17.927295 83.97856 -53.926961 174.53556 -121.870855 1047.802113 -39.309279 1385.614912 -23.451874 1644.121432 -14.082507 1382.243189 -15.954178 1326.776965 69.445703 -909.362675 -0.007605 -0.14409 -0.130731 -0.692016 -1.029345 -1.032147 -1.411495 -0.798215 -0.914515 -0.742339 -0.735627 -0.798418 -0.009621 1.8e-05 -0.009217 0.006302 -0.017159 0.048493 -0.074921 0.061827 -0.055144 0.037728 -0.021179 0.039395 -0.520527 -1.114772
36.205072 176.942764 79.851028 1001.757452 22.76631 181.37194 11.556541 75.634287 15.08448 38.709176 12.712806 70.776395 -56.110549 176.935867 -127.711095 1077.888148 -42.006153 1396.868802 -25.654075 1658.608781 -15.832729 1394.333487 -17.728753 1338.720436 61.825364 -968.39871 -0.035156 0.000262 -0.122145 -0.001783 -0.499942 -0.60784 -0.57647 -1.011787 -0.485625 -0.641954 -0.446974 -0.564168 -0.021668 0.008196 -0.06834 0.212923 -0.044734 0.022759 -0.049405 0.031774 -0.051243 0.026323 -0.046779 0.026758 -0.221369 -0.928264
34.717099 175.942008 74.664282 985.082862 18.250816 176.048362 8.379734 71.148755 11.548883 36.596437 9.572723 67.566327 -58.003204 177.483352 -133.239811 1078.415595 -44.484224 1398.991052 -27.725534 1661.813847 -17.126043 1397.622091 -19.137694 1341.576904 56.802257 -981.900105 -0.015611 -0.001419 -0.087079 -0.069972 -0.249309 -0.039648 -0.254736 -0.068552 -0.23572 -0.029643 -0.222332 -0.037248 -0.015697 0.000423 -0.058574 6.5e-05 -0.035507 0.000805 -0.040208 0.001547 -0.025385 0.001937 -0.026933 0.001522 -0.106396 -0.046734
33.168699 174.564618 64.384881 983.325138 14.58026 174.070331 6.420895 68.535997 9.637895 36.371746 7.676438 67.138258 -60.800131 175.786924 -138.476246 1079.058491 -46.92611 1413.465882 -29.538792 1676.568637 -18.570577 1418.179283 -20.721579 1359.374247 54.965249 -1000.31912 -0.017661 -0.002706 -0.38048 -0.000785 -0.205832 -0.005588 -0.130197 -0.024438 -0.086359 -0.000346 -0.104551 -0.00068 -0.032928 -0.004073 -0.050462 9.6e-05 -0.032621 0.037249 -0.028715 0.032606 -0.02924 0.075041 -0.031482 0.058637 -0.015098 -0.085578
32.658712 176.209021 58.796403 984.592224 11.476198 167.527256 4.567683 62.371623 7.695077 34.713974 5.953918 64.864662 -61.741641 175.574881 -139.406672 1078.750918 -47.357535 1414.916341 -29.961361 1677.843588 -19.065951 1430.284507 -21.124978 1369.644741 50.986135 -1019.349028 -0.001976 0.003854 -0.126834 0.000408 -0.185551 -0.06267 -0.157398 -0.145219 -0.109227 -0.019333 -0.109279 -0.019581 -0.003617 -6.4e-05 -0.001558 -2.2e-05 -0.000987 0.000372 -0.001501 0.000242 -0.00326 0.025722 -0.001944 0.019326 -0.074746 -0.089655
32.950734 176.269475 50.759965 972.889843 9.798622 164.603805 3.34214 64.464011 6.834136 34.747098 5.206026 63.118118 -61.188595 175.213659 -136.563855 1064.929846 -41.851809 1417.188674 -25.740913 1703.765905 -14.797529 1457.119835 -16.703286 1385.35112 41.74418 -1041.841664 0.00065 5e-06 -0.295151 -0.03498 -0.066244 -0.012867 -0.095519 0.01726 -0.02553 8e-06 -0.025088 -0.011918 0.001244 -0.000186 0.014643 -0.044555 0.17006 0.000912 0.160117 0.099357 0.27009 0.124705 0.259311 0.044772 -0.461699 -0.122729
30.811665 172.776524 47.431765 957.946645 8.900801 163.091247 2.87408 64.032021 6.459587 34.268917 4.854783 62.229496 -62.11313 169.258502 -134.564348 1041.128407 -42.079506 1429.800572 -26.608696 1727.601247 -15.622706 1483.355757 -17.392409 1405.989391 42.173708 -1066.701201 -0.03589 -0.017478 -0.056421 -0.057825 -0.021566 -0.003491 -0.017647 -0.000726 -0.005277 -0.001657 -0.006133 -0.00315 -0.003466 -0.05148 0.007373 -0.134499 -0.000309 0.027935 -0.007193 0.082785 -0.011194 0.117045 -0.006965 0.076297 0.001099 -0.146551
30.839264 172.578284 47.078164 955.551188 8.583453 165.128588 2.753309 65.591269 6.102542 36.532246 4.59381 64.30145 -61.829628 168.452064 -133.537681 1025.119683 -39.482382 1436.491161 -24.326518 1736.003245 -13.738407 1500.584879 -15.830452 1421.179476 38.153699 -1068.844827 6e-06 -5.7e-05 -0.000661 -0.001499 -0.00288 0.006323 -0.001296 0.009378 -0.005075 0.036186 -0.003605 0.016965 0.000324 -0.000963 0.001966 -0.062017 0.04136 0.007809 0.051153 0.010191 0.060526 0.04974 0.036738 0.040808 -0.100654 -0.001076
30.919552 174.377318 47.102214 960.779407 9.067091 167.853132 3.01079 67.476648 6.372083 38.135551 4.83036 66.144479 -61.681192 168.766138 -134.164311 1028.579648 -39.498526 1440.000071 -23.951618 1734.918395 -13.647976 1498.152487 -15.717344 1422.334447 38.671175 -1058.238374 5.2e-05 0.004664 3e-06 0.007132 0.006627 0.011147 0.005754 0.013357 0.002912 0.017215 0.002969 0.01302 8.9e-05 0.000146 -0.000733 0.002915 -2e-06 0.00214 0.001456 -0.00017 0.000149 -0.000987 0.000203 0.000235 0.001743 0.026444
31.294139 174.572651 50.332811 959.791416 9.705963 169.574414 3.321859 69.364961 6.353589 39.669492 4.871766 68.727983 -60.785817 169.802376 -133.286325 1033.882962 -39.284955 1439.413184 -23.778861 1733.935148 -13.493878 1495.977492 -15.554177 1421.126896 38.36606 -1048.431768 0.001128 5.5e-05 0.053572 -0.000254 0.010874 0.00439 0.007645 0.013029 -1.3e-05 0.015122 8.8e-05 0.024746 0.003273 0.001586 0.001441 0.006818 0.000289 -6e-05 0.000313 -0.000139 0.000437 -0.00079 0.000426 -0.000256 -0.000604 0.022825
35.013437 171.996365 45.447419 960.526496 9.020594 165.118478 2.96051 66.908912 6.824291 37.486645 5.302868 65.114671 -57.508326 169.585358 -128.603807 1027.770241 -37.016012 1440.293446 -22.16286 1734.728476 -12.32624 1497.033543 -14.18213 1422.9075 37.493688 -1060.732198 0.104393 -0.009576 -0.124674 0.000141 -0.012546 -0.029663 -0.010401 -0.022134 0.008409 -0.030884 0.009137 -0.048783 0.045412 -6.9e-05 0.041864 -0.009062 0.033743 0.000135 0.02843 9.1e-05 0.026415 0.000186 0.03167 0.000557 -0.005016 -0.035868
38.258073 170.898272 44.888684 964.812914 8.360145 190.53299 2.886968 91.377663 6.292528 51.463541 4.647802 80.791786 -56.168205 170.208987 -127.92579 1020.860008 -37.97226 1433.783801 -23.199011 1725.754319 -13.065839 1486.197506 -14.83286 1411.177728 37.493105 -984.542662 0.071875 -0.001758 -0.001728 0.004771 -0.012553 0.909211 -0.000462 1.902688 -0.010783 1.10497 -0.021585 0.844669 0.0079 0.000572 0.000896 -0.011654 -0.006097 -0.007372 -0.011835 -0.011636 -0.010774 -0.01968 -0.007298 -0.024274 -0.0 1.41958
36.789637 170.922273 41.523001 982.518047 4.464452 201.725634 0.300734 100.659345 2.46922 57.334435 1.781655 87.810736 -58.202386 176.092495 -130.879258 1031.757856 -38.763487 1456.494438 -23.873766 1754.709039 -13.67265 1510.773405 -15.391253 1433.753107 27.762674 -979.484565 -0.014368 1e-06 -0.065571 0.080489 -0.60601 0.159717 -1.324146 0.224436 -0.878187 0.158516 -0.674188 0.146163 -0.018091 0.049983 -0.016853 0.02893 -0.004079 0.089227 -0.004836 0.120442 -0.006886 0.100766 -0.005159 0.089573 -0.729541 0.006513
35.123847 171.802949 36.566695 987.3798 1.952363 201.608994 -0.057777 98.619632 0.67651 56.916822 0.377793 87.783258 -59.975573 174.955285 -132.921176 1033.260183 -38.115934 1461.475397 -23.203374 1759.577164 -13.297846 1517.945761 -15.196013 1440.421482 19.973065 -986.996448 -0.019296 0.001132 -0.157446 0.005999 -0.512162 -1.7e-05 -0.622143 -0.010439 -0.56081 -0.000763 -0.518598 -2e-06 -0.013304 -0.001842 -0.007903 0.000546 0.002727 0.004251 0.004774 0.003372 0.002604 0.008492 0.000623 0.007736 -0.63985 -0.014348
35.434542 171.719833 33.321564 993.334188 0.662678 202.2845 -0.851206 98.482651 0.028377 57.109266 4.3e-05 88.145284 -59.865301 174.522961 -132.169768 1037.495706 -37.305235 1470.185909 -22.933329 1773.261559 -12.979157 1536.847875 -14.687106 1455.329087 14.221303 -1001.442993 0.000684 -1e-05 -0.075381 0.00895 -0.340145 0.000565 -0.465452 -4.8e-05 -0.427778 0.000162 -0.369777 0.000372 5.1e-05 -0.000267 0.001065 0.004332 0.004357 0.01294 0.00079 0.026503 0.001933 0.058481 0.004334 0.038373 -0.487217 -0.05248
31.567349 169.904138 29.081989 1005.522326 0.368994 198.827321 -1.05827 95.325934 0.003517 55.749305 -0.021598 86.083927 -63.562985 171.631271 -133.736606 1047.814847 -37.512596 1479.574734 -23.547629 1780.553441 -13.226345 1543.599811 -14.820948 1462.197815 13.661235 -1012.647773 -0.111696 -0.004825 -0.144181 0.037159 -0.042684 -0.014899 -0.01126 -0.02571 -0.011913 -0.008194 -0.023568 -0.012195 -0.0554 -0.012078 -0.004616 0.025532 -0.000287 0.014942 -0.00406 0.007481 -0.001166 0.0074 -0.000304 0.008086 -0.005626 -0.031167
31.668633 170.596388 28.121318 1015.342185 0.372296 199.511372 -0.966804 94.643543 0.012236 56.017853 -0.010572 86.088517 -63.722232 172.364742 -132.992241 1061.609051 -37.151763 1481.761179 -23.269515 1781.598624 -13.088407 1544.706504 -14.617951 1463.473764 13.901001 -1012.400832 8.1e-05 0.000704 -0.008067 0.023859 7e-06 0.000587 0.002067 -0.001226 0.002632 0.000323 0.001949 0.0 -0.0001 0.000782 0.001039 0.045103 0.000872 0.000807 0.000826 0.000153 0.000362 0.000198 0.0007 0.000278 0.001043 1.5e-05
30.224312 171.008157 30.632536 1015.888108 0.44984 197.938687 -0.925572 92.511756 0.007356 55.160521 -0.010702 85.41095 -65.377787 174.188782 -135.785952 1069.08667 -40.17225 1480.413755 -25.678443 1767.142298 -14.996086 1529.862907 -16.647523 1451.841056 15.667689 -1004.031053 -0.016854 0.000248 0.053691 7.3e-05 0.003665 -0.003112 0.000449 -0.012141 -0.000617 -0.003306 -0.0 -0.001338 -0.010616 0.0048 -0.014519 0.013121 -0.059017 -0.000306 -0.059313 -0.029445 -0.064866 -0.035832 -0.065944 -0.023209 0.052826 0.017371
30.304583 177.392046 31.159509 1025.370652 0.594465 199.04691 -0.728436 90.653841 0.035024 55.175042 -1.9e-05 85.91346 -65.115296 176.313635 -135.297494 1085.141005 -39.823485 1483.09223 -25.100188 1772.131505 -14.673244 1541.280674 -16.344435 1462.716836 16.142023 -1013.222569 5.3e-05 0.058492 0.002247 0.022025 0.010063 0.001547 0.01179 -0.009423 0.010278 1e-06 0.00983 0.000737 0.000264 0.006441 0.00044 0.059823 0.00076 0.00121 0.003293 0.003517 0.001757 0.021224 0.001392 0.020292 0.003537 -0.02094
30.77052 181.16241 38.368017 1040.552093 1.470145 207.962607 -0.135507 96.35947 0.321646 58.698682 0.135436 91.115187 -65.40367 179.103043 -136.066628 1099.48744 -40.58676 1481.423692 -25.659298 1771.924003 -15.246009 1540.056381 -16.823622 1461.62807 19.996566 -997.425601 0.001777 0.019824 0.374693 0.055781 0.194904 0.097663 0.235587 0.087057 0.144394 0.05453 0.138622 0.076439 -0.000319 0.010946 -0.00109 0.047107 -0.003623 -0.00047 -0.003079 -6e-06 -0.005483 -0.000243 -0.003462 -0.000203 0.206151 0.062057
34.715765 185.230381 50.265259 1073.647631 4.546867 216.396029 0.245774 100.899648 1.940821 59.467553 1.395734 92.748105 -62.584529 181.083878 -134.060633 1105.43752 -41.791677 1476.708635 -26.625087 1756.658827 -16.088712 1518.389575 -17.453215 1446.724202 29.205454 -976.874891 0.118949 0.022584 0.802113 0.259054 0.846111 0.083808 0.746268 0.052256 0.682268 0.002501 0.661611 0.007251 0.031052 0.005447 0.007448 0.008028 -0.008812 -0.003758 -0.008921 -0.03302 -0.011334 -0.076748 -0.005783 -0.038188 0.869472 0.10696
35.590261 184.418677 69.039295 1097.128685 11.546169 263.179588 3.090219 139.433204 5.237434 78.286253 4.271847 119.051607 -60.845082 180.237947 -131.051561 1102.255945 -40.709847 1457.619977 -25.451631 1737.326431 -15.2317 1485.381198 -16.638672 1417.981762 38.332508 -881.655932 0.005439 -0.000891 1.486422 0.127 1.601812 2.28737 1.593013 3.109234 0.80176 1.291476 0.783992 1.639669 0.012257 -0.00099 0.017077 -0.002293 0.007093 -0.062089 0.013223 -0.053484 0.011727 -0.18137 0.009732 -0.144194 0.619555 2.440801
34.93166 186.622925 74.653775 1190.054851 33.65649 507.035226 21.452904 386.868244 24.373313 246.248641 20.7091 292.463016 -60.842339 180.827141 -127.12877 1102.915409 -39.150615 1427.638631 -24.024863 1700.682599 -14.448961 1454.897316 -15.835789 1393.164581 76.354609 -504.038632 -0.003075 0.006547 0.109728 1.888532 5.776601 39.622391 8.258876 61.791905 7.013966 46.845259 6.169662 38.321954 0.0 0.000481 0.029803 9.9e-05 0.015223 -0.155776 0.020576 -0.195289 0.010323 -0.158028 0.009927 -0.109547 6.486125 52.444925
38.141219 192.829651 76.473405 1229.798232 45.289479 503.5764 35.08726 363.674086 38.774472 233.856863 32.477545 282.802485 -58.766014 186.545741 -121.312848 1120.781324 -36.823122 1424.828709 -21.483282 1682.769251 -12.918222 1414.802895 -14.272036 1354.998607 96.454162 -498.248758 0.07052 0.050765 0.010955 0.326392 0.861786 -0.005919 1.668546 -0.358472 1.664053 -0.159946 1.318322 -0.081121 0.018023 0.044511 0.068084 0.071771 0.03566 -0.001384 0.071028 -0.047421 0.042843 -0.280106 0.040637 -0.265034 1.172879 0.016723
41.539364 192.845212 83.766326 1209.900403 106.148055 972.331252 106.930129 975.404092 106.892288 726.618595 90.408672 745.173995 -59.378553 186.49641 -113.386066 1105.230834 -34.310765 1433.493572 -19.114885 1686.927469 -11.269563 1398.601158 -12.100897 1333.919907 187.577395 -109.035626 0.072493 0.0 0.166046 -0.081143 12.766843 76.417643 19.51212 147.89525 16.908195 136.036872 14.511834 109.854359 -0.001588 -3e-06 0.133899 -0.054317 0.04438 0.013134 0.069142 0.002566 0.056252 -0.046651 0.089521 -0.08262 15.013933 141.121901
43.439214 190.59034 86.180622 1034.443048 127.492273 1187.351468 143.319607 1331.550281 138.044728 1138.581 115.160239 1120.166012 -56.825888 189.363039 -109.395728 1076.089341 -33.734373 1437.720816 -18.15469 1703.504879 -10.605315 1408.979353 -11.323553 1339.331143 225.174753 -14.390702 0.02124 -0.00663 0.01715 -6.868928 0.976993 10.730474 2.659881 27.656593 1.989147 46.063397 1.495549 38.081315 0.028041 0.010932 0.035739 -0.194668 0.002441 0.003112 0.012371 0.040528 0.010088 0.019182 0.012902 0.005477 1.715928 44.202615
41.104642 180.676888 79.846448 934.387543 170.039118 1553.633057 216.442064 1757.403864 227.372754 1669.998247 191.729819 1642.880621 -51.749784 190.75355 -101.030392 1082.264082 -32.726873 1435.099679 -16.991088 1683.334845 -11.546351 1396.358036 -12.39403 1338.470741 341.39497 12.234169 -0.032239 -0.132376 -0.120873 -2.544042 3.057802 24.583604 7.509536 29.495625 11.086507 50.733512 9.705591 49.894198 0.118723 0.002543 0.166345 0.008833 0.007637 -0.001196 0.019267 -0.060061 -0.019997 -0.028392 -0.02417 -0.000138 12.048206 53.16226
38.338043 171.25346 80.850783 928.48566 199.467847 1789.377052 256.48688 2009.924002 276.222558 1963.753576 233.260305 1951.764946 -54.694389 189.248718 -100.898391 1090.195732 -33.001768 1423.882787 -17.695465 1661.401778 -11.317417 1386.007874 -12.332916 1339.959225 399.363509 50.199104 -0.048188 -0.126185 0.003139 -0.009349 1.173764 8.322514 1.698428 8.472611 2.374867 11.893168 2.034069 13.29565 -0.040737 -0.00298 4.3e-05 0.014479 -0.000575 -0.022004 -0.007153 -0.071914 0.001146 -0.019251 7.6e-05 0.000414 2.271666 12.869403
38.427851 173.543293 83.45817 986.132446 220.503634 2002.060725 291.193494 2245.53633 313.926018 2236.879152 265.015351 2222.009825 -53.11742 184.416816 -95.404514 1081.244479 -30.249254 1434.078574 -16.496817 1661.496287 -10.250592 1406.328903 -11.092322 1368.003168 437.630168 95.934283 5.3e-05 0.007604 0.020689 0.868034 0.527157 5.970029 1.100789 6.527587 1.205632 8.888731 1.012902 8.758139 0.011534 -0.031242 0.076893 -0.01845 0.059919 0.018187 0.021016 1e-06 0.0264 0.073943 0.032874 0.145217 0.875218 7.341239
40.377308 171.836154 84.781441 1010.161529 221.403271 2110.349959 288.295245 2349.321488 313.354943 2355.507491 264.674102 2340.363088 -51.055703 179.544115 -96.595818 1074.386788 -28.949132 1421.001294 -15.595907 1648.266254 -9.273015 1403.87144 -10.323601 1371.647761 430.437884 122.440827 0.024116 -0.004219 0.005204 0.144622 0.000916 1.426 -0.007248 1.17226 -0.00026 1.532431 -0.00011 1.535369 0.020404 -0.032619 -0.003696 -0.010908 0.014278 -0.029949 0.012648 -0.026442 0.02449 -0.001075 0.013801 0.002424 -0.029796 1.614662
39.385627 168.36025 85.855129 1010.791331 219.230238 2122.90218 287.160043 2376.901436 309.229409 2384.624697 261.79403 2354.895988 -50.630145 179.003346 -94.951294 1073.79177 -29.992755 1433.378707 -16.17305 1650.755798 -10.956737 1413.655468 -11.821558 1379.053308 436.601702 126.202964 -0.006165 -0.017758 0.003378 9.8e-05 -0.005358 0.01861 -0.00112 0.080472 -0.013669 0.08943 -0.007878 0.022491 0.00089 -0.000408 0.00706 -8.2e-05 -0.00924 0.026836 -0.005243 0.000939 -0.07019 0.016988 -0.050721 0.009969 0.02191 0.028463
40.680037 167.2491 83.406557 1021.874746 214.709979 2237.289341 274.617506 2525.206844 292.091078 2539.257137 246.733195 2500.79817 -50.05849 175.991504 -92.801439 1073.401953 -30.080008 1428.424725 -16.838245 1644.784436 -11.242587 1404.456621 -11.82246 1370.937036 417.943601 166.796233 0.010464 -0.001839 -0.017712 0.030217 -0.023544 1.5007 -0.140033 2.243884 -0.244281 2.428682 -0.223074 2.192504 0.001623 -0.012777 0.012309 -3.5e-05 -6.3e-05 -0.004288 -0.006703 -0.00541 -0.00184 -0.015013 -0.0 -0.011977 -0.203714 2.825601
39.828036 164.585376 81.230894 1015.389097 208.060264 2241.254185 270.725462 2542.451205 287.478296 2565.379387 242.042042 2522.831295 -49.564747 175.667219 -98.180682 1062.402919 -29.308332 1417.770565 -15.283712 1639.648982 -9.821696 1395.549866 -10.786779 1362.491577 403.573687 176.690962 -0.004508 -0.010691 -0.014376 -0.010324 -0.0523 0.001755 -0.013889 0.02934 -0.018357 0.066839 -0.022513 0.048318 0.001224 -0.00015 -0.075771 -0.028322 0.005014 -0.019941 0.037638 -0.004015 0.047978 -0.014166 0.023734 -0.013047 -0.125688 0.142547
39.743295 171.102951 82.338711 1068.779937 207.194877 2352.926641 271.25315 2685.488873 286.156126 2706.473101 240.218685 2650.709118 -51.094296 176.647468 -95.114048 1066.858696 -28.928579 1425.287498 -15.479209 1649.168509 -9.810865 1412.562495 -10.59924 1381.335437 401.937537 208.504995 -4.5e-05 0.063277 0.003752 0.683978 -0.000902 1.357432 0.000257 1.957138 -0.001524 1.888426 -0.003447 1.580662 -0.011622 0.001364 0.024328 0.004662 0.001238 0.009937 -0.000621 0.013777 3e-06 0.051535 0.000822 0.064708 -0.001662 1.316037
40.457945 175.376778 79.919539 1088.01172 200.036983 2376.339752 264.730736 2734.773504 279.939124 2744.496038 234.604979 2670.28045 -52.134425 176.364212 -94.606204 1063.961215 -29.757894 1436.739219 -16.331305 1667.261795 -10.441119 1427.831193 -11.110653 1392.425394 398.507535 213.197502 0.003184 0.02636 -0.018035 0.085745 -0.062912 0.057956 -0.039687 0.224069 -0.034139 0.132615 -0.033186 0.035993 -0.00524 -0.000114 0.00068 -0.00197 -0.00586 0.022911 -0.011414 0.049356 -0.009809 0.041039 -0.006024 0.02217 -0.007349 0.026109
40.389353 180.162255 79.618973 1085.958746 185.49485 2368.821682 244.654986 2722.707422 259.679133 2735.896061 216.561865 2665.927335 -51.54717 179.532854 -93.701245 1071.214743 -29.400207 1438.007178 -16.370012 1673.544187 -9.95921 1441.140715 -10.734633 1410.664799 371.347712 205.734115 -2.9e-05 0.032207 -0.000283 -0.000969 -0.27436 -0.005956 -0.395763 -0.013339 -0.380465 -0.006748 -0.360935 -0.001776 0.001663 0.014106 0.002175 0.012321 0.001081 0.00028 -2.3e-05 0.005907 0.005693 0.030872 0.003236 0.059342 -0.479237 -0.066486
39.472383 171.772481 76.192092 1054.242826 182.044039 2315.160784 241.665144 2675.269696 253.976776 2700.660255 211.231166 2618.401579 -50.591134 173.430556 -98.115904 1058.902383 -28.985607 1409.805725 -14.782033 1634.589513 -9.526583 1401.201258 -10.446783 1367.350032 361.880811 211.273616 -0.005264 -0.100016 -0.03769 -0.235014 -0.0162 -0.307387 -0.009191 -0.208447 -0.031653 -0.114188 -0.033214 -0.213721 0.004474 -0.052755 -0.050808 -0.035584 0.001472 -0.139641 0.0405 -0.229362 0.004803 -0.280621 0.001956 -0.337702 -0.061117 0.036795
38.444997 171.645483 76.11355 1059.958748 186.683918 2367.198856 249.96951 2733.194645 261.556069 2772.354075 216.059378 2689.632879 -51.658366 174.51863 -106.263229 1075.814058 -30.250368 1416.529732 -15.880959 1638.892181 -10.381096 1398.456271 -11.379401 1365.396847 376.153068 232.782443 -0.006774 -2.3e-05 -2e-05 0.007727 0.029194 0.289175 0.070141 0.310199 0.055718 0.469597 0.027279 0.477967 -0.00557 0.001701 -0.162456 0.06699 -0.013504 0.007998 -0.019698 0.002828 -0.018348 -0.001346 -0.019934 -0.000698 0.138013 0.521219
37.175164 174.319157 75.549246 1071.843391 188.391022 2393.729738 251.300024 2767.098853 262.434015 2801.420578 216.747684 2719.792752 -52.801208 175.318135 -107.375167 1083.552358 -31.291238 1420.541172 -16.580639 1643.412167 -10.904418 1396.117498 -11.991152 1363.074892 380.327966 242.231621 -0.010662 0.010331 -0.00105 0.033128 0.003885 0.073924 0.001766 0.104495 0.000736 0.07579 0.000547 0.084078 -0.006252 0.000914 -0.002894 0.013866 -0.008803 0.002836 -0.007541 0.003112 -0.006434 -0.000979 -0.008008 -0.000988 0.01152 0.093993
36.846781 173.014154 74.276245 1070.171695 186.594997 2383.851109 248.773939 2746.277125 260.355382 2776.686406 214.975396 2700.246442 -53.523889 173.693143 -108.693268 1078.078562 -31.757617 1423.280979 -16.350821 1645.192989 -10.983961 1398.367782 -12.261453 1363.954832 378.292295 234.075218 -0.000728 -0.002452 -0.005408 -0.000652 -0.004301 -0.010213 -0.00638 -0.039318 -0.004132 -0.054838 -0.003638 -0.035245 -0.002456 -0.003783 -0.004021 -0.006931 -0.001725 0.00132 0.000802 0.000482 -0.000145 0.000906 -0.001506 0.000142 -0.002731 -0.069841
36.625542 172.438074 74.313441 1069.114344 185.716699 2393.107461 246.910554 2763.379016 258.118554 2796.438241 213.335381 2716.395624 -53.972536 172.998239 -108.670029 1082.912832 -31.56966 1421.550031 -16.216298 1644.102822 -10.505237 1396.783928 -11.820349 1362.400273 372.769779 240.491472 -0.000333 -0.00048 5e-06 -0.000261 -0.001036 0.008968 -0.003502 0.026542 -0.004825 0.035002 -0.00314 0.024074 -0.000936 -0.000696 1e-06 0.005407 0.000279 -0.000527 0.000278 -0.000181 0.005333 -0.000449 0.00404 -0.000443 -0.020304 0.043377
]