01-30-21_Ganesh_4K+Depth.monkey_below_bed.0000000006 [ 51.118328 248.750154 111.658162 1063.254029 251.832462 2100.743163 324.349451 2374.026303 330.778617 2392.561358 284.651133 2352.134796 -49.723788 249.453544 -79.935951 1011.579239 -92.763776 1651.53786 -105.193022 1935.76841 -84.946607 1802.598824 -74.063574 1744.424878 750.977494 41.690168 0.0 0.0 0.0 0.0 0.0 0.0 0.0 0.0 0.0 0.0 0.0 0.0 0.0 0.0 0.0 0.0 0.0 0.0 0.0 0.0 0.0 0.0 0.0 0.0 0.0 0.0
48.32831 251.670648 104.711421 1080.760428 237.69319 2100.394039 303.247729 2345.576206 316.083678 2365.304377 274.202021 2330.389002 -55.974455 247.557412 -81.531039 1010.554279 -99.055706 1649.070963 -112.571326 1925.71654 -95.786287 1800.88245 -84.462766 1738.35388 759.872735 38.410117 -0.039145 0.008522 -0.111544 0.071473 -0.204239 -1.5e-05 -0.354852 -0.08575 -0.166936 -0.078076 -0.097694 -0.050494 -0.184984 -0.003617 -0.007879 -0.00026 -0.10322 -0.000922 -0.125032 -0.013083 -0.325355 -0.000409 -0.341457 -0.005291 0.026186 -0.067186
49.90763 239.621166 106.958976 1053.58028 242.488098 2072.952978 308.735512 2318.166217 320.73151 2335.64804 277.797911 2302.009913 -52.737516 240.606473 -83.00406 1001.748208 -97.164717 1634.982337 -109.303045 1908.43088 -91.143922 1773.643846 -80.200918 1713.306917 753.827051 38.612448 0.012696 -0.147786 0.011933 -0.173072 0.023941 -0.090218 0.024606 -0.080548 0.016961 -0.093546 0.011712 -0.086929 0.048201 -0.04949 -0.006594 -0.019268 0.009112 -0.03022 0.024073 -0.038965 0.057655 -0.103783 0.055162 -0.090878 -0.012073 0.000266
50.688902 240.047718 103.636819 1067.95642 233.934985 2091.995966 298.191511 2340.878977 312.1499 2346.174372 269.197506 2309.800548 -54.555358 242.604875 -82.839926 1013.52407 -96.891646 1626.739816 -108.432617 1880.402664 -92.170788 1733.702843 -80.878602 1683.474974 743.561618 46.234108 0.003034 0.00019 -0.026205 0.048709 -0.076782 0.043534 -0.091596 0.055362 -0.058184 0.011833 -0.067616 0.00658 -0.015401 0.004132 8.1e-05 0.034405 0.000192 -0.010415 0.00174 -0.103672 -0.002876 -0.227428 -0.001426 -0.131001 -0.035188 0.343015
50.412088 233.950666 103.52338 1059.755777 229.847658 2118.04377 292.945971 2372.029812 304.822271 2401.921056 263.824362 2357.764726 -52.437544 241.335854 -80.846389 998.075336 -96.020705 1657.534076 -109.041228 1930.816728 -91.037144 1812.837089 -79.717768 1753.452878 729.026934 41.370276 -0.000379 -0.039215 -3.1e-05 -0.015804 -0.018011 0.080581 -0.023274 0.10295 -0.043516 0.327268 -0.027083 0.246448 0.020962 -0.001664 0.01214 -0.059323 0.001966 0.144371 -0.000852 0.333448 0.003507 0.882974 0.004195 0.71247 -0.071732 -0.135125
48.82645 231.075275 99.333649 1066.318122 221.312728 2120.141143 280.675891 2376.071283 291.841045 2398.060798 252.968133 2354.0078 -53.528947 239.75331 -85.28309 1018.171594 -99.550241 1662.113941 -110.582742 1929.558198 -93.193797 1804.856352 -81.99039 1744.051976 714.869801 42.073359 -0.012668 -0.00889 -0.043271 0.010128 -0.080738 0.000519 -0.131247 0.00172 -0.141229 -0.001552 -0.114041 -0.001498 -0.005621 -0.002603 -0.059254 0.100154 -0.031852 0.003159 -0.00541 -0.000205 -0.012624 -0.008803 -0.01597 -0.012634 -0.069406 0.002962
45.995622 229.895735 94.944383 1053.056042 216.957111 2122.239829 276.218397 2384.079854 286.117813 2414.495364 248.223898 2369.376384 -52.277234 233.03214 -86.20403 972.955658 -100.587836 1636.440778 -111.875749 1914.500619 -92.632302 1800.680354 -81.894566 1734.578782 704.349572 44.931424 -0.042265 -0.001509 -0.049589 -0.041494 -0.021644 0.000519 -0.01784 0.006737 -0.028338 0.028062 -0.022455 0.025003 0.007404 -0.047777 -0.002473 -0.513464 -0.00269 -0.099911 -0.003758 -0.029491 0.000848 -0.002418 2.8e-05 -0.012899 -0.038992 0.046956
44.993894 222.774932 96.324953 1037.550423 217.450181 2102.969988 275.345461 2368.008314 284.951794 2391.802516 246.88536 2346.716888 -53.370547 227.127006 -92.115919 983.757318 -96.638294 1640.297083 -103.648894 1926.896631 -85.660007 1793.331683 -76.366016 1727.784581 683.079226 43.011443 -0.005514 -0.056011 0.004982 -0.057502 0.00028 -0.043942 -0.000691 -0.027177 -0.00119 -0.053572 -0.001809 -0.054437 -0.005657 -0.037891 -0.098026 0.029814 0.03955 0.002269 0.157072 0.020001 0.136381 -0.007513 0.096594 -0.006666 -0.163055 -0.020961
46.067362 218.205143 94.927192 1035.668789 221.307319 2109.483424 280.255946 2355.445296 297.14772 2380.534368 257.580848 2344.952138 -51.981412 225.274402 -93.906239 979.050901 -94.638266 1624.109434 -100.129432 1912.835251 -81.151837 1773.592387 -72.408882 1706.515396 688.873757 44.578054 0.006327 -0.023679 -0.005108 -0.000854 0.016954 0.005036 0.0217 -0.016707 0.127776 -0.013303 0.113393 -0.000332 0.009159 -0.003793 -0.008615 -0.005643 0.010457 -0.040136 0.030395 -0.025747 0.060929 -0.054619 0.052635 -0.065862 0.012237 0.014011
48.069267 223.592368 96.635189 1058.89637 219.641338 2105.129622 276.488704 2348.521008 292.685069 2357.526827 254.11035 2320.050053 -51.133074 227.544182 -92.980387 995.807175 -93.841732 1643.675314 -98.556011 1934.375616 -79.788617 1787.6501 -71.195772 1717.715855 678.10704 39.360045 0.021289 0.032847 0.007615 0.128795 -0.003147 -0.002249 -0.012746 -0.005096 -0.016882 -0.055861 -0.011769 -0.066465 0.00349 0.005689 0.002293 0.071088 0.001683 0.058576 0.00623 0.060302 0.005774 0.027746 0.005124 0.018318 -0.042401 -0.162346
47.327473 221.96734 95.737992 1053.542554 219.285312 2091.524902 277.582375 2329.818744 293.126161 2341.89881 254.431411 2306.642523 -51.120971 224.090954 -91.192467 973.814613 -93.844561 1625.628865 -99.514325 1916.473559 -80.737631 1781.932493 -71.805213 1712.617415 681.540972 38.195203 -0.002884 -0.002963 -0.002092 -0.006784 -0.000144 -0.022052 0.001079 -0.037383 0.000166 -0.025986 0.000101 -0.019427 1e-06 -0.013202 0.008679 -0.122787 -0.0 -0.049808 -0.002318 -0.041612 -0.002805 -0.004579 -0.001299 -0.003789 0.004336 -0.008748
47.194956 214.532893 96.951265 1031.87369 220.497261 2059.299705 278.767764 2296.420139 293.749601 2310.02027 254.948691 2275.610131 -50.958687 216.608707 -91.928376 954.871242 -93.133504 1606.605562 -98.604894 1894.124562 -79.034007 1761.659241 -70.595388 1693.63971 677.520926 37.094746 -9.3e-05 -0.063316 0.00382 -0.11258 0.00167 -0.125093 0.001263 -0.12056 0.000331 -0.109229 0.000263 -0.105082 0.000129 -0.063522 -0.001479 -0.093032 0.001352 -0.055981 0.002087 -0.065539 0.009083 -0.057993 0.005139 -0.052867 -0.005946 -0.008043
47.589858 212.679116 97.540691 1025.571449 221.47068 2049.776217 279.955081 2285.143013 295.839354 2299.482556 256.511127 2265.899128 -50.935118 213.815256 -91.669961 943.584095 -92.980904 1594.342854 -99.518903 1885.625515 -78.627416 1753.205543 -69.949432 1685.020207 679.498466 36.986136 0.000823 -0.004022 0.000893 -0.009652 0.001072 -0.011036 0.001262 -0.013879 0.003703 -0.012045 0.002387 -0.010382 3e-06 -0.009065 0.000182 -0.033554 6.3e-05 -0.023489 -0.002108 -0.009555 0.000524 -0.010166 0.001484 -0.010995 0.001441 -8e-05
45.07061 213.100648 99.491969 1011.620946 228.234502 2024.884828 289.329365 2261.748122 302.705432 2287.354313 262.941481 2252.315697 -50.827891 214.872547 -91.588086 926.288793 -93.227576 1585.427382 -101.379974 1878.942608 -79.05388 1758.201793 -70.353157 1690.259501 691.146052 34.755461 -0.034253 0.000209 0.009662 -0.047766 0.050869 -0.076029 0.077187 -0.060187 0.039383 -0.016034 0.039803 -0.020418 5.6e-05 0.001304 1.8e-05 -0.079988 -0.000163 -0.012499 -0.00862 -0.005932 -0.000577 0.003554 -0.000581 0.004066 0.049491 -0.034688
42.465411 219.164936 94.567886 1020.702328 225.354746 2028.891769 288.197591 2270.228312 304.274201 2292.30461 263.830655 2255.711477 -52.626678 214.211042 -90.649074 903.382649 -94.432069 1549.493616 -104.602211 1830.732516 -82.966269 1719.081727 -73.607846 1661.775699 705.010795 41.167719 -0.038776 0.04254 -0.062482 0.02029 -0.009142 0.00198 -0.001109 0.007934 0.002027 0.002675 0.00075 0.001279 -0.015639 -0.00051 0.002419 -0.14339 -0.003866 -0.205951 -0.025205 -0.313277 -0.047244 -0.220061 -0.036796 -0.121022 0.068845 0.271265
44.79034 222.620873 93.943324 1039.919812 225.696052 2051.727746 288.127472 2286.305672 307.657729 2303.828525 267.343196 2270.930693 -52.983142 213.023651 -93.455272 904.487444 -97.434171 1546.095056 -108.537597 1830.462958 -85.295695 1716.098414 -75.417815 1656.709837 716.940337 43.196383 0.030979 0.013518 -0.001035 0.089614 0.000129 0.063898 -4e-06 0.028364 0.009354 0.014447 0.011614 0.025585 -0.000602 -0.00165 -0.021388 0.000338 -0.023488 -0.001866 -0.036334 -1e-05 -0.016125 -0.001295 -0.010992 -0.003867 0.050043 0.024395
42.948686 222.096744 95.142882 1041.84532 226.369934 2063.83089 289.063491 2304.87717 306.793102 2325.240797 266.09078 2289.270364 -56.776699 212.233167 -99.338045 914.904077 -97.009552 1552.245115 -105.902559 1838.515638 -82.739323 1718.010826 -73.449098 1657.533105 708.178646 45.858041 -0.01933 -0.000309 0.003805 0.00089 0.000502 0.017797 0.000759 0.037561 -0.000608 0.049523 -0.00147 0.036878 -0.065577 -0.000735 -0.089773 0.02982 0.000464 0.006104 0.01619 0.008837 0.019447 0.000532 0.013018 0.000102 -0.026934 0.039785
44.183675 221.246673 95.82701 1035.755301 223.045286 2015.142462 283.474963 2249.747075 300.022289 2252.435355 260.109039 2218.368599 -55.847702 210.089481 -98.219842 899.29032 -97.674542 1509.64883 -105.751168 1786.493804 -83.803371 1662.519051 -74.42164 1602.526612 700.955786 44.700312 0.008753 -0.000815 0.001225 -0.008926 -0.012298 -0.290594 -0.027275 -0.333665 -0.037775 -0.579002 -0.034001 -0.55765 0.003832 -0.005441 0.003165 -0.067191 -0.001136 -0.296309 5.4e-05 -0.373297 -0.003399 -0.455483 -0.003198 -0.464091 -0.018511 -0.007401
47.325341 224.610372 99.173853 1041.058594 219.566612 2001.398837 277.844407 2231.643314 291.774353 2235.669947 253.148192 2196.93567 -54.855138 213.27897 -98.237683 905.050226 -107.918074 1510.991651 -120.9565 1771.833178 -98.762336 1667.574308 -86.755548 1609.897758 730.044079 41.562878 0.053945 0.012689 0.028723 0.006771 -0.01367 -0.023514 -0.028241 -0.036568 -0.057479 -0.031314 -0.047204 -0.052021 0.00445 0.012014 -1e-06 0.009194 -0.255348 0.000298 -0.510487 -0.030202 -0.613882 0.003837 -0.472612 0.008457 0.295673 -0.057074
45.979737 222.116109 94.628989 1037.235195 215.557387 1989.978151 274.700582 2229.872284 285.899374 2221.162794 247.722402 2182.84678 -54.635557 212.707629 -96.295705 907.649107 -119.674871 1511.141559 -140.596294 1763.936555 -123.221979 1666.619095 -106.434724 1610.411264 784.509614 39.752614 -0.009703 -0.006963 -0.053298 -0.003517 -0.018471 -0.016339 -0.008944 -0.000352 -0.029875 -0.023611 -0.029389 -0.022661 0.00022 -0.000383 0.009693 0.001863 -0.303864 4e-06 -0.738411 -0.008818 -1.351675 -0.000137 -1.004916 4.1e-05 0.979646 -0.020153
44.841893 219.713249 90.277916 1023.114754 211.109557 1945.616919 264.992452 2168.526471 274.103725 2143.044827 237.040271 2096.702699 -55.822672 211.175294 -93.240238 930.236227 -132.027069 1542.482746 -159.092918 1774.555678 -148.647309 1683.341692 -127.895118 1629.894705 826.457766 27.714801 -0.007128 -0.006534 -0.0512 -0.048387 -0.023184 -0.250023 -0.087323 -0.427825 -0.124243 -0.6992 -0.117709 -0.867095 -0.006379 -0.00277 0.02463 0.1388 -0.303273 0.160841 -0.571344 0.015934 -1.191505 0.041739 -0.984762 0.058576 0.546239 -1.082604
47.099514 215.759059 93.606473 1014.997497 208.673721 1889.827305 264.562793 2134.319778 272.027064 2090.688131 233.025134 2033.678876 -55.826056 208.607772 -95.286017 982.455273 -137.371573 1541.772353 -161.590065 1761.303263 -153.602718 1671.017776 -133.46227 1611.619176 834.452954 23.483318 0.027722 -0.017953 0.030128 -0.016165 -0.007067 -0.405774 -0.000174 -0.13597 -0.003948 -0.323748 -0.017148 -0.480856 -0.0 -0.007852 -0.0111 0.712958 -0.053019 -8.2e-05 -0.009723 -0.024835 -0.040625 -0.022639 -0.059299 -0.051519 0.019243 -0.175164
45.321655 212.702847 91.609364 987.975857 193.788559 1811.024022 241.477268 2063.456147 247.258901 2014.94741 211.425951 1956.297573 -57.766803 209.096955 -98.168988 979.175861 -136.57305 1504.558863 -153.627614 1684.139262 -144.157053 1543.353933 -127.208891 1508.608943 769.008933 31.389374 -0.017101 -0.0109 -0.010767 -0.18228 -0.27536 -0.839085 -0.526855 -0.598175 -0.591015 -0.698691 -0.525143 -0.750434 -0.01658 0.000286 -0.021483 -0.002741 0.001164 -0.227305 0.100582 -0.864189 0.149857 -2.536186 0.075019 -1.700837 -1.336079 0.572539
45.563781 209.537442 91.663455 958.070066 179.048246 1722.726872 220.111536 1992.502526 220.261362 1931.025214 187.639768 1862.170853 -61.051455 210.917515 -110.484357 984.757939 -137.924091 1481.708179 -147.993341 1662.799278 -136.212327 1496.853665 -121.601025 1460.713975 702.897204 27.607026 0.000323 -0.011865 8e-06 -0.229802 -0.291497 -1.103304 -0.494747 -0.620667 -0.780154 -0.892522 -0.709515 -1.160306 -0.04541 0.003946 -0.363763 0.007933 -0.003325 -0.087427 0.052629 -0.068032 0.112586 -0.355634 0.063205 -0.386296 -1.485478 -0.121371
45.324143 211.290077 91.317961 950.085149 173.419802 1660.223678 209.665415 1956.84201 202.22601 1867.228225 171.45445 1788.78257 -65.125253 211.565596 -133.787137 1025.243541 -145.085232 1476.29546 -147.439806 1660.440319 -134.828879 1450.278948 -122.019478 1413.715977 667.302713 26.305699 -0.000316 0.00365 -0.000326 -0.016707 -0.044942 -0.577452 -0.12697 -0.161001 -0.385127 -0.535818 -0.364943 -0.737668 -0.065781 0.000497 -1.114049 0.407773 -0.090616 -0.004952 0.000519 -0.000837 0.003531 -0.368042 -0.000359 -0.384243 -0.462408 -0.015708
47.607376 214.106196 97.901291 943.860402 173.511494 1556.631614 196.293969 1854.184282 183.085848 1723.989305 155.8076 1645.879424 -65.134874 214.574102 -149.527632 1008.599429 -145.871512 1473.304418 -142.473787 1663.026783 -129.149664 1409.8431 -119.542151 1371.699196 619.777222 15.785307 0.028053 0.009321 0.114559 -0.010229 1.2e-05 -1.668415 -0.220273 -1.382898 -0.475682 -2.857743 -0.374263 -2.974114 -0.0 0.01062 -0.437596 -0.068105 -0.001062 -0.001517 0.042535 0.001006 0.061098 -0.285851 0.012703 -0.316921 -0.87774 -1.335955
50.796237 218.729776 104.940512 939.20303 171.505652 1425.363558 185.61469 1690.072532 165.652442 1528.509162 141.703259 1465.073532 -64.944566 218.540818 -166.991586 1004.505919 -145.349915 1433.576395 -133.254879 1636.186649 -117.575557 1361.50764 -111.951226 1324.439074 562.345739 4.829181 0.051683 0.024695 0.122178 -0.00576 -0.005831 -2.890625 -0.149341 -3.801519 -0.43602 -5.879643 -0.334516 -5.258585 0.000139 0.018165 -0.482154 -0.004162 0.000467 -0.271492 0.154159 -0.109178 0.271626 -0.421544 0.124491 -0.414239 -1.395931 -3.152517
51.27792 223.32863 111.927514 949.913376 147.19369 1300.183643 151.019657 1496.033744 136.121283 1287.703083 119.830567 1247.375588 -64.235891 216.659152 -183.904478 969.376459 -142.36076 1314.233069 -119.317814 1526.405847 -101.758719 1257.485452 -100.363728 1223.322007 473.265025 0.179385 0.001137 0.023922 0.112582 0.030361 -0.928671 -2.876172 -1.782339 -5.91412 -1.448415 -10.3142 -0.916237 -8.750203 0.001944 -0.004068 -0.407831 -0.312627 0.015528 -2.592893 0.38482 -1.905945 0.571043 -2.066612 0.316441 -2.007388 -3.838366 -3.14708
50.126747 223.709853 113.238676 835.569738 125.136546 1213.884347 127.717561 1435.147775 106.63313 1271.749646 94.486581 1225.311651 -65.673021 213.586531 -190.450478 897.480739 -140.968999 1262.501892 -120.355208 1483.338081 -98.786979 1249.706211 -98.26811 1215.024709 410.690319 0.096357 -0.006534 0.000163 0.003818 -3.665087 -0.894719 -1.481615 -0.975721 -0.632424 -1.797666 -0.049721 -1.503797 -0.098441 -0.007949 -0.010972 -0.057236 -1.384924 0.003418 -0.519336 -0.002245 -0.308154 0.022019 -0.012069 0.011055 -0.014117 -2.217596 -0.012797
49.121563 219.005956 126.607055 710.346385 121.665906 1126.869502 121.962072 1370.685458 95.788154 1238.45511 86.06966 1185.789204 -66.867477 207.561132 -192.376675 798.803382 -141.470274 1199.242308 -122.467342 1433.414814 -99.781121 1228.728887 -98.409672 1190.04786 391.097782 0.019172 -0.00509 -0.02499 0.372849 -5.080061 -0.024404 -1.617898 -0.066345 -0.740589 -0.290725 -0.220814 -0.196291 -0.323945 -0.005382 -0.043105 -0.004846 -2.872594 -0.000445 -0.812927 -0.009186 -0.427276 -0.002489 -0.088777 -5.1e-05 -0.129697 -0.239418 -0.029568
49.217107 217.753434 130.769088 669.824688 113.61829 1091.664576 113.886306 1337.325494 88.526785 1226.598897 79.531349 1170.949326 -67.30368 202.506668 -196.365877 741.385123 -141.627846 1148.528867 -125.3478 1395.173142 -100.523882 1217.32659 -98.247608 1174.248896 377.720284 0.01759 4.6e-05 -0.001796 0.033654 -0.594985 -0.13767 -0.279343 -0.138303 -0.205488 -0.143092 -0.028513 -0.129124 -0.046722 -0.000709 -0.031152 -0.020469 -1.070649 -4.4e-05 -0.547786 -0.016741 -0.25852 -0.001377 -0.026576 6.7e-05 -0.052787 -0.116394 -3.4e-05
48.079764 211.279767 141.287355 612.741764 112.015058 1063.96627 108.521515 1320.023052 78.165002 1226.991801 72.129231 1169.358555 -68.270879 193.816854 -199.004445 705.064764 -141.11836 1102.228043 -126.615975 1346.635925 -99.569035 1186.247162 -98.845519 1143.831124 354.174553 0.343987 -0.006648 -0.048843 0.203405 -1.270919 -0.005696 -0.177959 -0.064713 -0.05633 -0.322363 3.1e-05 -0.180746 -0.000541 -0.00345 -0.095278 -0.008805 -0.456074 0.000459 -0.476283 -0.003191 -0.429652 0.002278 -0.200945 -0.000907 -0.199579 -0.378842 0.206005
49.808052 210.013634 153.056773 591.779777 106.9109 1028.69798 99.139309 1282.309762 69.295579 1172.240761 65.445904 1119.736352 -65.100099 184.22139 -194.274928 640.401244 -141.692261 1029.380195 -130.351325 1272.391657 -98.060059 1111.871068 -95.917178 1075.452802 332.220778 0.797933 0.015258 -0.001903 0.235396 -0.182412 -0.059509 -0.297215 -0.212054 -0.273287 -0.26698 -0.624797 -0.162432 -0.53791 0.037697 -0.121797 0.028439 -1.554773 -0.000582 -1.245154 -0.02715 -1.052551 0.005761 -1.203866 0.022016 -1.053652 -0.351176 0.094106
49.053494 206.919219 157.081396 555.253759 100.209369 971.65781 88.304283 1191.979607 61.978947 1082.24663 60.5522 1041.064749 -62.291248 176.762197 -189.045339 588.71532 -140.861238 910.552054 -130.138751 1119.242165 -98.042353 981.011268 -95.594344 951.189088 315.925909 2.485093 -0.00288 -0.011483 0.026115 -0.581713 -0.108445 -0.813416 -0.313417 -1.649414 -0.204056 -1.796899 -0.09507 -1.432634 0.03097 -0.077075 0.035675 -1.08721 0.001222 -3.642755 8.7e-05 -4.90854 1e-06 -4.095084 0.000272 -3.813207 -0.204865 0.466689
48.241416 205.036482 160.232056 541.258338 98.029074 834.417141 86.207848 1017.62848 59.832377 922.898145 58.347807 899.074232 -62.023909 169.490675 -195.39269 552.811194 -139.33736 781.592923 -126.709689 956.27727 -97.406344 826.508659 -94.287437 811.851846 309.922095 2.657471 -0.003389 -0.004302 0.015642 -0.089319 -0.01199 -5.221896 -0.012593 -6.889407 -0.018915 -6.341726 -0.020436 -5.202817 0.000287 -0.076362 -0.052403 -0.564781 0.004144 -4.921173 0.022891 -6.407701 0.001035 -6.615368 0.004498 -5.514699 -0.028798 0.00289
45.57392 196.304741 158.946575 502.569454 95.170675 700.135116 84.096912 837.510556 58.772091 751.299145 57.255977 748.137897 -62.049777 162.723873 -199.86673 518.700776 -137.637659 673.022967 -124.988435 804.402198 -97.289138 691.661687 -93.049484 697.329357 307.294638 1.232932 -0.037931 -0.094997 -0.002589 -0.717237 -0.021146 -5.88651 -0.013083 -8.764649 -0.004739 -8.817349 -0.005156 -6.92983 -3e-06 -0.068923 -0.025322 -0.543072 0.005215 -4.057393 0.005886 -6.562553 3.5e-05 -6.000549 0.00409 -4.351477 -0.005592 -0.270192
44.689154 188.183035 160.82745 529.952337 98.282409 625.466344 85.227229 722.891357 61.440113 622.430557 60.102211 639.407316 -59.830118 154.485275 -192.670106 482.39891 -134.217822 619.800074 -122.435485 745.117374 -93.02137 644.22309 -89.755666 654.894142 305.659942 -0.187482 -0.004336 -0.085789 0.005532 0.363166 0.025028 -2.10465 0.003773 -4.215366 0.029611 -6.057892 0.034519 -4.266724 0.020214 -0.107005 0.065976 -0.658405 0.021511 -1.096004 0.013171 -1.134538 0.047859 -0.842562 0.029677 -0.666011 -0.00218 -2.381981
44.01909 182.597271 161.12889 522.398782 98.36539 602.061593 85.14416 689.461787 61.503856 595.398191 60.318756 613.034672 -56.287405 150.884105 -192.433723 479.136199 -133.679677 606.254882 -121.720415 722.100385 -91.563617 624.111313 -89.217703 638.304677 303.154321 -0.338069 -0.002531 -0.042077 0.000141 -0.027109 1.8e-05 -0.223144 -2e-05 -0.395685 1.7e-05 -0.300058 0.000195 -0.277695 0.054056 -0.021235 7.3e-05 -0.005536 0.000541 -0.074824 0.001047 -0.180551 0.005756 -0.159465 0.000809 -0.106411 -0.005156 -0.022036
44.471862 182.202422 162.191238 523.290669 99.250914 620.831668 86.545986 727.367025 61.92734 633.797993 60.643885 647.099059 -56.05868 153.452869 -190.874335 502.931502 -133.827747 637.519746 -122.528892 761.617339 -92.525172 656.397918 -90.476864 667.283775 305.843896 -0.197953 0.001158 -0.000214 0.001745 0.00038 0.001984 0.144059 0.005723 0.507141 0.000726 0.599947 0.000437 0.460505 0.000233 0.010841 0.003172 0.28832 -4.1e-05 0.393016 -0.001338 0.526336 -0.002511 0.4071 -0.004412 0.321652 0.005939 0.018637
46.009529 187.99118 162.319398 531.134133 99.530796 711.713399 87.645151 854.979532 62.107775 758.402097 60.547098 752.015227 -56.494283 158.752307 -194.603642 522.494831 -133.37621 702.048549 -121.787237 854.058165 -91.060007 735.169046 -89.928601 734.285617 303.574358 0.18071 0.013067 0.045262 2.5e-05 0.029173 0.000197 3.102753 0.003468 5.154218 0.000131 5.587344 -3.9e-05 3.939249 -0.000843 0.04498 -0.01804 0.186634 0.000382 1.555122 0.001126 2.646667 0.005847 2.231251 0.000833 1.602423 -0.004226 0.756933
46.197072 190.624161 167.146826 528.759384 97.097103 742.03915 84.849069 899.490166 58.755733 806.947913 57.415025 795.656599 -57.806902 162.812465 -199.755768 540.848646 -135.673319 747.427086 -121.804011 910.601516 -90.782257 783.223646 -90.823208 778.675012 295.606167 0.176985 0.000191 0.009155 0.035368 -0.00266 -0.015062 0.316337 -0.022663 0.564705 -0.046492 0.752951 -0.041588 0.615424 -0.007537 0.025633 -0.033657 0.15841 -0.009806 0.710504 -1e-06 0.906116 0.000212 0.760615 -0.002214 0.65132 -0.052985 -1.9e-05
47.227392 194.94287 169.628052 523.754904 95.728311 787.297099 84.245434 974.678413 56.581543 883.69949 55.216579 862.264902 -58.11602 166.941986 -203.526301 542.05196 -136.000307 760.55837 -120.88722 937.594789 -88.0419 806.284662 -88.911077 796.964845 285.783587 1.774041 0.005682 0.024188 0.00914 -0.011898 -0.004858 0.66981 -0.001077 1.508815 -0.020494 1.743073 -0.021458 1.338561 -0.000412 0.025858 -0.017627 0.000669 -0.000197 0.057174 0.001732 0.197132 0.020998 0.167297 0.010172 0.106157 -0.082982 0.830351
46.396608 191.815662 170.761316 474.149773 92.817173 755.993367 81.314828 921.912278 51.528513 836.802098 50.869161 826.466162 -58.326274 167.124402 -204.981351 540.112145 -139.114204 738.703213 -125.03062 900.902056 -90.542133 778.597673 -90.938613 776.153072 278.679598 1.048922 -0.003686 -0.012643 0.001887 -1.23368 -0.022475 -0.317511 -0.02594 -0.734161 -0.118153 -0.639283 -0.089117 -0.379484 -0.00019 5e-05 -0.002591 -0.001739 -0.017623 -0.159303 -0.034908 -0.366193 -0.017503 -0.241856 -0.011429 -0.137672 -0.044705 -0.094718
46.095361 191.879975 161.185034 466.887676 92.59496 736.288958 81.304078 857.978974 52.663827 760.63037 52.024997 766.314596 -58.042841 165.707681 -212.37386 534.408359 -138.793953 722.237176 -124.872447 878.708813 -90.554327 762.037184 -90.852351 763.943075 281.333141 -0.00065 -0.000491 5e-06 -0.138161 -0.028022 -0.000133 -0.130096 -0.0 -1.148606 0.006186 -1.817114 0.006492 -1.136221 0.000345 -0.003015 -0.065476 -0.015139 0.000185 -0.092796 5e-05 -0.13839 -0.0 -0.089008 2e-05 -0.048402 0.006287 -1.10179
45.618596 180.592374 159.802284 453.09032 98.568142 726.118035 89.686956 820.659636 59.818362 713.520933 57.752624 725.32835 -56.967781 155.932915 -205.895217 519.091537 -140.908852 690.688255 -128.933334 839.456042 -94.354991 710.398969 -93.533307 717.650235 304.428617 0.003422 -0.001239 -0.171072 -0.002978 -0.103469 0.093343 -0.035369 0.20561 -0.414891 0.227766 -0.75293 0.149521 -0.563201 0.005025 -0.148564 0.050177 -0.111351 -0.007996 -0.352269 -0.032489 -0.448438 -0.039064 -0.905753 -0.019491 -0.723394 0.455483 0.007055
44.432281 173.67971 159.623157 426.216827 100.372804 513.933125 91.297115 588.238165 62.169232 514.622219 60.342089 541.788742 -56.341885 150.784841 -200.302283 479.545308 -141.323561 581.808042 -130.972694 690.224032 -95.690175 590.187328 -94.282807 607.296885 312.118729 -2.587224 -0.007814 -0.067447 -5e-05 -0.410751 0.008186 -18.288318 0.007163 -19.303157 0.022654 -16.212913 0.028393 -13.363154 0.001729 -0.043207 0.038506 -0.783327 -0.000305 -4.666685 -0.008001 -7.296766 -0.00469 -5.567426 -0.001495 -4.603601 0.047961 -2.778845
41.985024 165.699472 161.968294 428.701326 100.046068 486.793021 90.386231 556.45597 61.651751 484.664397 59.969388 511.673498 -56.583561 142.485171 -195.858544 440.218696 -145.41589 545.170467 -139.455376 649.323763 -102.074628 564.366954 -99.447919 582.625665 322.384244 -3.032174 -0.034659 -0.093838 0.008551 0.00361 -0.000266 -0.368093 -0.002283 -0.441298 -0.001081 -0.449157 -0.000577 -0.430539 -0.000259 -0.117466 0.024924 -0.841134 -0.029204 -0.595693 -0.133073 -0.624547 -0.103082 -0.288759 -0.068867 -0.255787 0.083047 -0.017644
41.911598 168.196098 169.082288 441.902971 101.483706 507.390285 90.621779 588.479899 62.205989 510.767997 60.99763 537.056505 -56.207388 147.373953 -197.329256 464.62717 -147.144304 568.884051 -139.038429 680.35064 -101.033387 588.442595 -99.24082 607.209932 321.793868 -2.747833 -3.2e-05 0.009334 0.076446 0.100099 0.005128 0.213388 0.000153 0.447943 0.00124 0.342321 0.00437 0.307225 0.000627 0.04123 -0.002751 0.329273 -0.005106 0.25241 0.000312 0.362043 0.002669 0.251429 0.000108 0.254006 -0.000271 0.006998
43.132631 174.194053 170.478542 492.937142 109.244975 520.970952 98.092938 640.180891 69.848023 564.015559 68.111454 579.105856 -56.51095 148.716136 -201.878299 469.227388 -147.70489 576.257567 -138.333757 688.169641 -99.864612 599.558326 -99.046927 619.810016 336.749705 -0.542975 0.008766 0.05254 0.002871 1.394051 0.142975 0.089678 0.147948 1.088249 0.22131 1.319821 0.196132 0.792347 -0.000409 0.003042 -0.025919 0.011331 -0.000533 0.023739 0.000895 0.022337 0.0034 0.052004 9.5e-05 0.064696 0.169849 0.847855
43.226945 177.537671 175.723787 525.294458 113.434624 541.61464 100.495617 641.478216 72.277426 578.94694 70.439474 588.177595 -57.826073 154.841972 -202.770545 558.914739 -151.847247 616.39046 -142.068333 713.862171 -106.787367 607.786555 -104.363869 628.252674 354.772688 -0.350477 5.2e-05 0.015893 0.039737 0.514255 0.039417 0.20055 0.014535 0.000657 0.020765 0.097534 0.01956 0.035252 -0.007564 0.061816 -0.000984 3.919294 -0.028643 0.675432 -0.024871 0.23543 -0.115987 0.028039 -0.069501 0.028556 0.234904 0.020984
43.610034 184.093589 177.443174 604.613163 113.34234 662.590437 99.389558 757.306163 72.124574 643.00385 70.452681 652.297395 -59.703399 166.778451 -204.079309 700.334323 -142.418086 732.430176 -119.201951 822.61196 -95.592595 671.977917 -96.165433 689.147868 333.784327 -0.319243 0.000845 0.05943 0.004185 2.787497 -1.9e-05 6.092092 -0.00306 4.803882 -8.1e-05 1.680146 1e-06 1.658276 -0.014994 0.221579 -0.002105 7.96624 0.151108 5.000748 1.002557 3.853422 0.30986 1.610892 0.167662 1.408155 -0.319954 0.000729
44.682142 196.480739 179.158008 702.746456 110.848536 780.231429 93.926225 881.794161 71.783496 726.301789 70.226927 732.742991 -61.637431 174.724283 -196.418835 777.228821 -126.719015 835.411235 -102.815707 947.166763 -82.474035 770.243812 -82.577889 776.11189 308.144172 -0.645259 0.006509 0.201645 0.004123 3.688253 -0.01387 4.803948 -0.077216 4.734205 -0.000404 2.535949 -0.000181 2.338185 -0.015414 0.092451 0.073269 2.002206 0.458262 3.385726 0.605528 4.388446 0.483894 3.351572 0.517191 2.582959 -0.512269 -0.05677
44.725899 204.353922 182.916199 729.609154 105.985259 801.889029 88.206179 912.083658 69.910006 750.443302 67.644643 756.938295 -61.489787 182.83898 -194.158635 819.137931 -112.7679 870.36035 -86.752217 990.884915 -68.701599 797.502213 -70.147181 801.844808 277.217942 -0.715482 1.1e-05 0.07733 0.019505 0.251916 -0.054545 0.148242 -0.089844 0.255736 -0.012386 0.197343 -0.024185 0.196502 8.9e-05 0.092091 0.00654 0.550211 0.406701 0.358069 0.681815 0.493155 0.628657 0.236989 0.506725 0.209837 -0.817528 -0.001813
45.676022 212.006158 186.620726 784.74653 91.491539 835.481526 83.626838 939.890531 56.024367 766.887087 54.889224 773.617151 -63.181873 189.173862 -196.169226 875.090303 -98.957967 878.613229 -69.429362 987.465208 -54.770147 781.112417 -57.768117 787.693349 221.581928 -0.065363 0.004993 0.070326 0.018569 1.004103 -0.532598 0.34463 -0.06103 0.208768 -0.767863 0.089106 -0.665709 0.09088 -0.011483 0.053941 -0.005178 0.924174 0.45086 0.019472 0.963654 -0.002956 0.788468 -0.085085 0.600404 -0.062996 -3.112525 0.348335
45.506667 214.5521 184.090354 809.863487 84.023574 830.124655 56.216281 925.973717 42.816758 757.844596 44.624627 768.002153 -64.141386 192.722977 -200.163287 905.927826 -85.062395 835.415542 -54.122881 916.592897 -42.731425 724.724734 -46.669554 737.281376 171.096324 0.369987 -0.000157 0.007598 -0.008636 0.197823 -0.158949 -0.008614 -2.712673 -0.051901 -0.886406 -0.026814 -0.530799 -0.010226 -0.003616 0.016492 -0.020126 0.266989 0.525385 -0.54443 0.951801 -1.319452 0.746077 -1.056119 0.591395 -0.833477 -3.258923 0.746371
47.473646 214.979678 189.106398 852.81664 68.473985 844.414501 37.254431 940.193162 28.098565 762.481998 30.950781 774.361369 -65.158206 191.92192 -201.618135 914.832684 -65.664761 770.084353 -35.302677 843.565668 -26.918284 723.659832 -30.843832 723.752192 110.021036 0.507158 0.020808 0.000213 0.033711 0.554912 -0.794837 0.060973 -1.943545 0.054174 -1.544163 0.007073 -1.247296 0.01311 -0.003998 -0.000834 -0.002634 0.021776 1.253388 -1.329783 2.002847 -1.515566 1.818842 -0.000391 1.632746 -0.062642 -6.714774 0.010792
49.220536 212.683028 199.05944 878.99984 47.273854 831.871919 19.854781 915.413643 13.493068 746.155447 16.584134 762.897471 -65.358174 193.938772 -202.882597 925.166589 -59.843628 653.161896 -30.305764 628.282704 -23.369537 476.300734 -26.794419 520.148332 72.37749 30.156912 0.015781 -0.006167 0.127625 0.197942 -1.958047 -0.046925 -2.715147 -0.165459 -2.648811 -0.088346 -2.223023 -0.042746 -0.000153 0.005271 -0.001976 0.029019 0.135066 -4.810835 0.190566 -15.829528 0.125372 -25.77198 0.142423 -16.776251 -3.926719 22.842479
50.201047 214.882245 223.61162 902.485153 30.915972 829.976285 7.399753 872.891716 4.658113 727.445153 7.853823 759.119748 -66.655868 200.071717 -251.063954 903.512895 -41.901605 537.111344 -13.411023 478.317982 -9.684471 382.322363 -14.51599 443.552801 27.775584 55.028591 0.004835 0.005656 0.713698 0.15481 -1.730238 -0.001081 -3.012383 -0.50561 -2.2953 -0.118787 -1.612633 -0.004688 -0.006378 0.047734 -2.564199 -0.128207 1.594465 -5.670921 3.396504 -10.208575 2.96603 -5.158576 1.866904 -3.048751 -10.479733 3.711768
51.989577 213.63488 217.143978 904.740396 23.196398 822.260346 4.214044 863.783212 1.981705 722.515763 4.269137 759.465478 -66.542483 192.314594 -255.741417 816.218638 -24.855739 376.023721 -3.733054 312.156534 -2.038177 253.726065 -5.063174 316.433581 8.039369 119.921604 0.015653 -0.001815 -0.047456 0.001407 -0.553461 -0.018017 -0.445469 -0.023886 -0.563304 -0.008379 -0.542106 3.9e-05 4.8e-05 -0.076683 -0.021585 -2.216975 2.21293 -14.321166 2.992883 -17.661257 2.837004 -13.135436 2.433087 -10.706725 -5.928624 12.480297
51.888888 207.431142 212.680159 893.341243 12.23813 801.391018 0.447517 846.163554 -0.000261 722.572961 0.605166 756.829247 -65.566073 188.269471 -246.8479 701.611626 -17.767574 291.084876 -1.437218 220.746215 -0.533329 177.04823 -2.374922 235.520559 0.509998 184.274383 -4.9e-05 -0.045704 -0.023179 -0.036134 -1.737019 -0.134126 -1.915033 -0.090781 -2.027444 1e-06 -1.659627 -0.002292 0.003608 -0.021498 0.078693 -4.333008 0.593505 -5.429466 0.537687 -7.898469 0.486302 -6.879257 0.502783 -5.96288 -4.499646 6.88484
49.019018 204.909589 207.724579 811.496087 7.676834 754.526817 -0.025693 794.03666 -0.742498 707.935982 0.000244 744.469148 -66.11908 177.271399 -259.671545 542.638845 -15.322091 258.278596 -0.601684 204.010855 -0.056096 172.558944 -1.411686 227.504353 -0.390423 181.465068 -0.040819 -0.00771 -0.029208 -1.965728 -0.529393 -0.705934 -0.687665 -0.828527 -0.714922 -0.074885 -0.581113 -0.050881 -0.001161 -0.165488 -0.162355 -10.197438 0.09049 -0.980419 0.179062 -0.329813 0.243492 -0.028825 0.124562 -0.069396 -1.792866 -0.01079
45.16794 205.704108 200.188417 760.111818 1.683872 772.62144 -2.626459 828.422804 -6.358143 740.158041 -2.403676 782.990296 -65.458779 172.042957 -255.014268 445.046249 -10.906287 202.682963 -0.027957 154.869045 0.160626 142.430463 -0.393939 195.809832 -8.539939 233.216338 -0.078764 0.000769 -0.069621 -0.840238 -2.169933 0.107202 -2.132612 0.364428 -2.75511 0.358537 -2.452343 0.485812 0.001657 -0.039131 0.021072 -4.83336 0.374394 -3.364919 0.370248 -3.380441 0.406568 -1.444193 0.314158 -1.188189 -5.278409 3.241891
43.407557 211.219298 183.683149 731.835383 -0.021794 766.746626 -10.729946 833.29717 -18.631939 750.742302 -10.053067 790.421292 -64.396216 168.731528 -251.109384 397.497622 -11.871635 207.173943 -0.135922 172.237213 0.099525 156.089034 -0.530143 208.603984 -21.454947 222.192334 -0.017495 0.03648 -0.355001 -0.267982 -2.088804 -0.01121 -2.739105 0.007149 -3.2218 0.037571 -2.6253 0.017548 0.004347 -0.01609 0.015064 -1.342764 -0.020465 0.024606 -0.040591 0.461419 -0.007277 0.312633 -0.010093 0.20243 -2.922838 -0.133448
43.430101 215.958285 187.342037 720.162999 0.147673 759.906254 -7.074555 830.963264 -13.149979 746.874124 -6.362141 788.649342 -60.950901 170.784528 -252.433643 376.708621 -11.019864 168.400004 -0.046443 128.057891 0.182651 126.217361 -0.392717 178.505518 -16.432218 259.028032 3e-06 0.026287 0.018042 -0.046917 0.28293 -0.015325 0.379279 -0.001636 0.476353 -0.004996 0.42033 -0.000994 0.047358 0.006207 -0.001741 -0.279164 0.015852 -2.006856 0.023461 -3.267602 0.012522 -1.584854 0.01029 -1.171879 0.334409 1.411892
43.760209 200.340583 191.493189 676.900018 2.203497 738.303613 -1.799984 802.628653 -4.966046 743.555442 -1.59497 780.852732 -60.632838 160.848237 -229.863292 423.091225 -4.580954 185.285547 0.962882 137.554178 2.332146 130.003067 0.27098 181.031104 -14.104526 251.740247 0.000625 -0.293057 0.022744 -0.670025 1.210297 -0.155752 1.737569 -0.24575 1.953921 -0.003695 1.586107 -0.019365 0.000416 -0.148888 0.528409 1.34606 1.390753 0.403302 1.432263 0.169812 1.209471 0.027969 1.316133 0.008871 0.088844 -0.051995
44.005487 206.307149 195.886155 711.745838 3.635137 723.816334 -0.902771 761.120157 -3.144004 710.737394 -0.638387 754.413359 -61.396717 159.871762 -237.801546 339.655143 -8.141668 146.811901 0.002079 105.155367 0.616083 108.520335 -0.044675 157.385139 -6.543587 263.813906 0.000343 0.043775 0.024909 0.437269 0.178241 -0.071775 0.153266 -0.551002 0.207324 -0.370339 0.215231 -0.227678 -0.002391 -0.001487 -0.067378 -4.57723 -0.508432 -2.236123 -0.875485 -2.172146 -0.550901 -0.969396 -0.535709 -0.827111 1.43414 0.141395
44.917122 206.002567 197.516434 707.533695 1.107365 711.391911 -4.511969 747.743739 -8.883419 700.244889 -3.276637 746.525409 -60.461373 159.494485 -214.828339 371.108725 -3.325228 173.313931 1.428798 128.861062 3.733319 117.548801 0.818067 168.130244 -24.134487 243.989029 0.004673 -0.000113 0.003378 -0.00625 -0.729811 -0.053779 -1.378269 -0.059294 -1.457748 -0.039013 -1.022439 -0.020727 0.00359 -0.000223 0.583378 0.696302 1.060571 1.098888 1.321883 1.203781 1.316229 0.180356 1.245087 0.177394 -5.544342 -0.387134
42.388656 205.02112 202.678381 712.074245 2.132325 705.555957 -1.347651 732.969699 -4.056169 681.519188 -1.15926 729.251617 -65.377884 152.451741 -217.477166 346.467464 -2.940658 159.938919 2.1719 124.374731 4.305669 117.555393 0.979941 167.087726 -16.719952 232.978278 -0.036621 -0.001172 0.033292 0.007261 0.16641 -0.012018 0.927862 -0.073707 0.934148 -0.126891 0.537962 -0.101097 -0.09608 -0.079511 -0.008115 -0.42321 0.011813 -0.268509 0.077514 -0.039743 0.020401 0.0 0.007302 -0.001621 0.678453 -0.127108
43.392086 211.990884 208.037739 719.070447 33.837652 709.794453 13.908669 739.035999 7.369011 669.202538 10.403539 716.981035 -63.428858 149.074337 -215.39386 295.818235 -7.056478 139.187397 0.097519 116.557961 1.098564 110.332668 0.004996 152.603458 2.777117 236.083639 0.005869 0.058249 0.034968 0.017101 18.981408 0.006346 23.915198 0.0125 22.359521 -0.056156 18.508418 -0.052056 0.014747 -0.018916 0.005013 -2.000157 -0.886551 -0.720674 -1.34898 -0.126836 -1.054496 -0.114488 -0.844993 -0.328288 33.12546 0.010279
47.254103 216.937358 257.424752 735.5408 59.721684 719.049669 29.674163 741.393238 20.400013 660.227771 24.877912 710.428201 -64.084592 151.524171 -223.275456 293.608131 -13.562914 138.573337 -0.912151 114.012285 -0.010454 109.742936 -0.8536 151.29175 21.334081 231.620138 0.082309 0.028523 2.627473 0.093249 3.651793 0.029975 2.95141 0.001877 3.247367 -0.030294 3.105788 -0.015041 -0.001686 0.009983 -0.07081 -0.004144 -1.053462 -0.000679 -1.606168 -0.014054 -1.32335 -0.00079 -0.989209 -0.002831 8.716753 -0.021299
53.659374 219.859228 273.900478 716.33081 59.837726 747.720432 28.364528 797.46232 17.886989 712.519346 23.882912 757.536147 -56.822608 168.670523 -245.37656 361.414147 -48.795968 194.053753 -23.922573 154.04516 -13.618969 148.074274 -18.316035 198.661112 62.72149 210.96054 0.203486 0.009773 0.255507 -0.127091 5.6e-05 0.280239 -0.014778 1.021794 -0.082562 0.996324 -0.010153 0.756057 0.218283 0.459421 -0.521422 3.518994 -10.907331 4.659554 -15.492133 3.006199 -12.87477 2.865406 -11.261521 3.220762 10.895326 -0.482456
57.039064 231.011855 319.008816 719.468965 52.261376 733.490371 19.81215 770.760182 11.813136 698.164288 18.527321 743.280465 -55.383948 171.408093 -246.799955 358.739583 -42.066013 180.274599 -16.4378 146.406807 -10.489807 145.225121 -15.749403 194.810904 44.566593 206.550361 0.051604 0.137955 1.718404 0.003429 -0.256321 -0.068356 -0.765191 -0.227345 -0.627703 -0.07304 -0.339513 -0.067706 0.009223 0.011019 -0.002058 -0.004967 0.249579 -0.253694 0.700092 -0.09711 0.203935 -0.013839 0.096828 -0.018838 -1.547209 -0.023293
58.802345 235.731178 302.238432 728.118736 34.031607 771.260171 8.083488 831.640884 3.049865 744.479719 7.449874 782.266614 -54.300532 173.349009 -255.189912 362.553507 -52.409018 316.47366 -27.962712 344.761224 -15.032416 328.321863 -20.666076 364.374615 31.624339 84.006419 0.013421 0.02386 -0.226397 0.025843 -1.947536 0.474093 -2.58546 1.156951 -2.858257 0.74366 -2.480284 0.498237 0.005351 0.005464 -0.070117 0.010083 -0.567876 19.036371 -1.521824 41.833456 -0.407515 36.829307 -0.333441 26.32851 -1.107271 -27.106168
53.322833 235.182778 287.775694 722.322397 24.058356 778.214027 3.946054 821.877025 0.864068 755.537672 3.702518 801.465938 -55.270007 173.515419 -255.069668 350.318833 -26.585457 255.415148 -6.275032 245.212354 -2.361328 238.769477 -6.049019 288.397166 6.08221 144.838292 -0.133971 -0.000319 -0.177286 -0.011582 -0.862539 0.015604 -0.7339 -0.028828 -0.667218 0.04076 -0.648432 0.116379 -0.004289 4e-05 1.4e-05 -0.104997 4.340133 -3.268841 7.744959 -8.459309 5.477961 -7.115485 4.353567 -4.436663 -9.968786 8.233322
49.96011 226.126791 263.003245 708.309036 9.923803 764.55374 -0.008472 799.959108 -1.09207 749.304514 0.035225 804.997874 -56.432699 170.179361 -252.237556 333.474154 -6.588031 195.863132 0.347674 200.669913 1.808711 179.055345 0.056565 218.777028 -5.711645 195.783643 -0.054757 -0.088898 -0.557379 -0.068634 -3.07906 -0.060478 -4.320201 -0.148109 -3.898941 -0.012909 -3.015466 0.003883 -0.006051 -0.016191 0.007905 -0.207509 6.704954 -3.946587 9.576799 -2.230414 8.303301 -4.289087 7.27548 -4.801126 -23.581887 3.831386
49.998034 223.45941 229.317161 707.325223 1.522023 723.588482 -4.332425 772.550697 -9.426948 717.571199 -3.406299 762.159935 -55.469459 171.82334 -240.338519 362.819355 -6.741676 263.372628 0.162937 258.583301 1.684475 240.21305 0.043134 285.287547 -19.081231 127.435006 7e-06 -0.007913 -1.153805 -0.000342 -3.672987 -0.563948 -3.957738 -0.238879 -4.101889 -0.343288 -4.134306 -0.585593 0.004146 0.003951 0.143742 0.61865 -0.000886 4.989185 -0.03459 3.666171 -0.00221 4.484449 -0.000909 4.407246 -3.913679 -7.309233
44.450559 213.486802 211.779531 690.43592 0.536433 674.49539 -5.97268 686.884643 -10.574842 650.513252 -4.462689 707.235186 -61.740564 163.275355 -242.790682 352.656574 -4.128624 212.705108 1.529842 177.299334 3.596421 181.698394 0.580659 244.473593 -26.505213 144.615215 -0.163057 -0.113819 -0.348779 -0.102041 -0.251289 -0.862207 -0.131376 -2.516386 -0.032966 -1.644442 -0.071231 -1.026879 -0.167882 -0.109042 -0.006223 -0.072181 0.318742 -2.703874 0.694244 -7.646032 0.358262 -4.077384 0.307274 -1.574538 -0.608579 0.543015
43.735293 203.550876 190.783846 646.384202 0.017399 615.171103 -10.578933 642.22268 -15.835362 590.147508 -7.323115 639.329698 -60.788791 164.138575 -255.127644 385.271029 -18.924269 361.435451 -2.966133 382.897847 -0.176669 358.257351 -2.13512 406.003278 -12.666815 28.786062 -0.002901 -0.118379 -0.547888 -0.726007 -0.360613 -1.365173 -0.653867 -0.750599 -0.529211 -1.469452 -0.352382 -1.713282 0.003697 0.001138 -0.15286 0.721089 -5.374523 19.598706 -8.756358 39.092457 -5.367299 29.68215 -4.942683 20.375037 2.525793 -44.360158
44.953482 205.585213 199.577972 647.493946 0.33533 604.85472 -7.621116 630.199951 -12.664631 572.095951 -5.511914 619.731965 -59.421368 165.301275 -225.583866 394.057196 -10.896349 289.190585 -0.321906 272.875724 0.231686 253.828804 -0.253094 311.433479 -16.322225 63.784529 0.008367 0.005058 0.09907 0.000476 0.199963 -0.043618 0.241956 -0.056801 0.176927 -0.140194 0.128435 -0.152532 0.007778 0.002052 0.908716 0.049529 1.100908 -4.023439 1.333745 -9.295335 0.812986 -8.974109 0.917996 -6.260229 -0.23139 6.87099
47.883814 202.672441 212.479411 643.557907 0.728416 593.876553 -8.007375 605.549612 -8.039419 554.564077 -2.666388 602.466339 -61.430349 163.211005 -221.071874 397.177662 -8.162055 258.694592 0.002749 237.965827 0.757431 227.905858 -0.015363 282.196585 -13.732155 71.447005 0.046258 -0.010391 0.20202 -0.006 0.075293 -0.050271 -0.004774 -0.245883 0.52324 -0.136414 0.510994 -0.121959 -0.016699 -0.00665 0.02279 0.006153 0.197163 -0.849381 0.384154 -1.194232 0.151296 -0.697984 0.143744 -0.720411 0.111813 0.21726
50.246329 200.127533 229.954844 638.197312 16.763705 622.174216 1.90217 639.942482 0.317851 594.121767 2.023779 644.263333 -60.81347 162.916523 -220.442655 376.699713 -7.318293 220.12595 0.027935 182.795621 0.883826 185.19988 -9.8e-05 251.44877 -0.14163 115.902383 0.028443 -0.00804 0.34526 -0.01121 10.503286 0.32929 17.715028 0.474951 11.554353 0.681333 9.336104 0.700825 0.001556 -0.000133 0.000448 -0.270986 0.023012 -1.555866 0.013157 -3.632637 0.004874 -2.213355 0.013004 -0.886557 11.084602 5.350727
51.107078 199.647531 255.14421 635.568697 39.396924 646.386324 15.248313 694.278708 7.194181 641.89615 11.333123 681.6471 -60.617941 160.370384 -222.508209 370.070644 -9.584086 138.897548 -0.092896 98.066788 0.311425 95.241163 -0.145201 141.66672 4.511982 242.627714 0.003655 -0.000288 0.654436 -0.002712 4.762637 0.231081 6.379246 1.106882 4.487681 0.923629 3.778648 0.527119 0.000157 -0.010027 -0.004816 -0.029424 -0.152555 -9.309588 -0.222714 -13.085043 -0.145974 -14.81987 -0.137745 -15.640074 6.252402 23.142976
50.575406 197.032464 279.171356 632.209738 57.215934 722.27514 29.297104 803.380443 16.206482 744.011737 21.364211 776.172002 -62.593912 157.915522 -236.79082 355.877138 -10.345138 138.424838 -0.099404 95.567888 0.2316 90.236522 -0.216813 135.523606 12.563336 316.031967 -0.00139 -0.00862 0.540501 -0.00445 1.657462 2.105541 2.273373 3.979217 1.805074 3.767128 1.576715 3.067722 -0.015846 -0.009467 -0.222124 -0.138767 -0.014537 -0.000403 -0.00011 -0.016125 -0.005899 -0.067531 -0.007154 -0.06808 2.017357 4.843416
55.258929 195.712676 283.082111 612.013117 56.46127 798.192827 28.995973 925.311269 14.252924 858.193209 19.456711 878.272276 -57.933544 159.751503 -241.95924 355.193592 -20.209346 132.029261 -3.428479 97.540809 -0.809625 89.207681 -3.067941 130.800239 21.856525 394.020636 0.103682 -0.002218 0.013601 -0.16393 -0.002505 1.896486 -0.000778 4.305471 -0.062712 4.073762 -0.044592 3.153449 0.090134 0.005306 -0.027899 -0.000329 -1.636084 -0.07563 -2.360312 0.010079 -1.90727 -0.002949 -1.653597 -0.041889 1.278294 4.295941
54.819298 198.149646 283.096953 595.610261 42.964313 785.292458 17.228563 880.594005 7.97324 819.897754 13.292521 851.746659 -56.072828 164.122768 -235.208738 332.57939 -17.000475 120.543605 -1.962637 82.316646 -0.35212 79.566063 -2.018246 122.183213 11.676501 388.636893 -0.000878 0.007539 0.0 -0.111403 -0.920361 -0.052549 -1.522905 -0.553722 -0.905565 -0.437024 -0.585355 -0.203365 0.015186 0.0295 0.047752 -0.371882 0.13862 -0.261288 0.203107 -0.645488 0.093878 -0.275626 0.109498 -0.146798 -1.582581 -0.018517
52.547795 195.457683 277.39988 599.202705 38.428664 780.901535 11.283494 877.960353 6.515851 821.142247 12.339846 853.30966 -56.575177 162.661152 -227.081016 337.630672 -11.901967 140.590922 -0.403438 103.880952 0.028983 98.76358 -0.586355 143.925777 5.675705 350.348286 -0.024031 -0.009206 -0.028954 0.005401 -0.126473 -0.006155 -0.626692 -0.001972 -0.073482 0.000472 -0.01771 0.000716 -0.00112 -0.003269 0.071454 0.019036 0.453253 0.770654 0.586409 1.252941 0.583146 1.036335 0.42891 0.889731 -1.070637 -0.992579
50.350911 193.726167 262.622724 591.964953 15.154938 765.191029 0.790814 854.456236 -0.031505 802.766789 0.908245 833.786581 -56.548549 161.775978 -226.367692 346.123617 -13.23686 139.505144 -1.008372 97.538396 -0.082586 94.571248 -1.116667 139.742847 0.012074 346.271228 -0.023454 -0.003852 -0.202219 -0.021989 -5.318334 -0.079823 -6.09998 -0.15945 -7.453518 -0.103968 -6.55254 -0.112964 3e-06 -0.001208 0.000561 0.052748 -0.035467 -0.002104 -0.136168 -0.099886 -0.209417 -0.045459 -0.084673 -0.030842 -5.164223 -0.011931
47.835322 197.358813 215.741461 608.036241 0.91803 760.754487 -4.806273 847.711707 -10.419559 794.013986 -4.170245 825.10378 -56.426476 162.040745 -223.651909 355.071158 -8.090709 146.447414 0.003094 103.902945 0.423974 100.911324 -0.081459 146.294032 -15.047163 328.798107 -0.032231 0.016872 -2.302802 0.107624 -8.613025 -0.006449 -9.496252 -0.013362 -9.305169 -0.02399 -8.970842 -0.022723 6.6e-05 0.000108 0.008195 0.05709 0.63017 0.084284 1.123177 0.100569 0.880803 0.102841 0.594925 0.075032 -15.91171 -0.22617
44.465263 206.573148 177.415069 640.835576 -1.471107 749.978836 -20.946464 828.543412 -30.708062 779.767154 -18.00306 812.054467 -57.272891 162.693993 -215.951978 373.220454 -3.582384 153.817539 1.339375 111.542428 2.745245 108.210469 0.401725 154.614578 -51.816438 307.016455 -0.061544 0.105111 -1.872561 0.430782 -4.713374 -0.03843 -5.685408 -0.1096 -5.35252 -0.064487 -4.843889 -0.052007 -0.003151 0.000657 0.06744 0.226179 0.90573 0.090465 1.213722 0.135487 1.011523 0.127423 0.844982 0.115059 -11.017728 -0.373206
40.965354 208.309324 181.388236 660.060998 -1.578579 698.462925 -22.003261 731.869568 -32.171368 686.16312 -19.145856 732.005023 -62.029167 159.882313 -215.232931 427.471791 -1.436482 237.989734 4.408585 204.78862 7.066124 193.331474 2.269259 246.974621 -69.392217 151.05262 -0.071722 0.003633 0.021999 0.14207 -0.001894 -0.916409 -0.013003 -2.997545 -0.017029 -2.991501 -0.017582 -2.076418 -0.094848 -0.012254 0.0006 1.840029 0.481894 9.148181 0.888022 14.055545 1.002682 12.263603 0.76141 10.76506 -1.281052 -27.368994
41.559266 208.124751 188.120326 684.76816 -0.475802 688.491312 -16.68446 703.529446 -24.646444 652.317946 -13.677477 704.247702 -59.993161 159.196158 -199.284458 433.433218 -0.540501 280.027888 6.6813 259.045396 10.493707 241.193647 4.147017 296.783699 -67.304266 100.20221 0.002137 -4.1e-05 0.061331 0.226979 0.321071 -0.035846 0.367359 -0.279797 0.500503 -0.427977 0.458723 -0.268247 0.016987 -0.000738 0.306921 0.020641 0.214689 1.708557 0.235378 3.184261 0.337771 2.644011 0.280917 2.286099 0.015947 -5.1995
42.938843 208.101878 206.411439 674.551119 3.520974 592.915506 -1.049129 580.468154 -5.455761 530.487469 -1.45008 581.83809 -59.822235 158.98122 -201.350019 439.959613 -7.352581 296.549217 0.004598 272.624609 0.76686 249.989394 -0.006305 302.467689 -10.313491 52.146606 0.011263 -1e-06 0.42423 -0.038398 6.585431 -3.569309 9.365996 -5.910844 6.910387 -6.291078 6.220608 -5.838725 0.000122 -7.3e-05 -0.005325 0.024384 -3.906065 0.236751 -6.335333 0.173439 -5.587048 0.07876 -4.476727 0.026957 24.924609 -7.777655
40.66582 208.418248 211.259927 697.493532 8.166262 601.32968 -0.001776 593.103327 -0.631074 538.233608 0.030987 591.111383 -63.090135 157.19945 -213.959088 419.458761 -10.474427 232.625689 -0.151821 195.494934 0.090481 182.816897 -0.391455 236.194101 -1.199469 93.680764 -0.030905 0.00012 0.028143 0.191827 0.962835 0.029642 0.964567 0.06802 2.375776 0.028073 1.905016 0.036658 -0.04345 -0.00502 -0.191454 -0.244552 -0.275476 -3.875121 -0.209264 -6.397852 -0.330515 -5.244435 -0.298399 -4.092491 4.478556 6.039904
45.896556 208.430897 227.306429 722.569276 20.481558 611.509808 3.360252 618.210942 1.076473 553.142539 3.35608 604.088149 -63.156481 156.757647 -214.241751 393.604041 -9.252861 226.415314 -0.015882 175.079322 0.32016 166.605071 -0.139485 216.968525 0.222506 112.602316 0.158184 0.0 0.293657 0.221413 2.782185 0.042725 3.516546 0.260238 3.355982 0.101838 2.742105 0.070449 -1.7e-05 -0.000311 -9.3e-05 -0.411183 0.037858 -0.042012 0.069495 -0.562794 0.070239 -0.376286 0.063598 -0.408009 2.4552 0.869634
47.082499 203.63754 229.530587 709.91991 26.903659 610.949542 7.04532 622.571835 3.226455 554.956604 6.094829 603.080081 -64.196103 152.934978 -219.537908 362.901558 -11.393581 192.023499 -0.2472 154.182864 0.020271 142.60017 -0.553354 188.655036 2.73524 134.931122 0.007564 -0.02788 0.005414 -0.05585 0.437209 -0.000128 0.674374 0.007663 0.575628 0.001485 0.405527 -0.000421 -0.004243 -0.023593 -0.032332 -0.623281 -0.11128 -1.41574 -0.137767 -0.663761 -0.179309 -0.933209 -0.137197 -0.989381 1.397481 1.009144
47.722434 201.00509 231.641274 706.453462 28.411212 604.856626 7.366131 622.129614 3.239981 552.134235 6.381987 602.518716 -65.878372 155.52419 -229.483271 337.788073 -6.261736 125.437771 0.426112 88.6671 1.57995 84.683614 0.069153 129.926554 0.294886 204.351792 0.00216 -0.008563 0.00483 -0.004242 0.020547 -0.015267 0.003571 -7.9e-05 1.4e-05 -0.003598 0.003305 -0.000131 -0.010879 0.010867 -0.110153 -0.450192 0.762289 -7.06153 1.322418 -9.004311 1.242295 -7.503004 1.013742 -5.459897 -1.233925 7.178011
49.423893 199.555658 236.036843 725.329634 28.71722 601.760206 7.104106 610.221374 3.762606 533.252516 6.709215 584.130813 -65.4909 154.244892 -228.374547 352.835576 -7.825235 144.468957 0.034303 104.490561 0.634597 94.852525 -0.007063 139.10872 1.306741 178.30354 0.014901 -0.002622 0.020657 0.124434 0.00082 -0.003973 -0.002373 -0.057536 0.01953 -0.164248 0.00409 -0.142475 0.000571 -0.002642 0.001342 0.163949 -0.087035 0.671783 -0.218615 0.649219 -0.211917 0.288214 -0.120418 0.156739 0.360112 -0.887612
50.961028 203.636009 230.080859 763.323432 28.92829 591.173408 7.173381 590.644267 3.9059 522.192002 6.821365 570.791935 -64.541897 157.508393 -229.431265 355.613735 -9.921925 132.008373 -0.066035 89.127871 0.182218 82.967952 -0.185675 127.863573 2.40084 188.865823 0.011769 0.020647 -0.038054 0.484923 0.000386 -0.046978 0.000168 -0.159588 0.001339 -0.057956 0.000465 -0.077032 0.003463 0.017082 -0.00122 0.005447 -0.124289 -0.280936 -0.195526 -0.61044 -0.136712 -0.397595 -0.12031 -0.236934 0.16511 0.151953
55.408791 210.093109 236.997142 784.292097 28.319977 553.308249 6.192365 533.909539 3.490952 450.929701 6.764724 507.732709 -60.958719 165.766997 -222.706524 359.054852 -8.453606 139.625837 -2e-06 99.388488 0.497341 92.856513 -0.026891 138.234858 1.352999 134.534411 0.09303 0.050391 0.051209 0.142059 -0.003232 -0.626556 -0.036051 -1.43207 -0.011648 -2.612799 -0.000118 -1.845053 0.051162 0.105507 0.050012 0.008285 0.058758 0.10683 0.065388 0.279441 0.077481 0.278292 0.071244 0.202189 -0.149212 -4.596518
57.209893 215.431477 245.20274 789.830365 28.069063 487.395383 5.298723 446.044702 3.180093 366.076197 6.602987 425.619978 -58.527012 176.356297 -219.990049 383.008773 -6.954502 165.345035 0.104389 125.456264 1.037865 112.562283 0.014723 160.582936 0.584498 72.651423 0.014403 0.033487 0.069822 0.009743 -0.000558 -2.08939 -0.034801 -3.947025 -0.007247 -4.418352 -0.000978 -3.618995 0.024747 0.163918 0.008334 0.386719 0.0731 1.086428 0.105207 1.516219 0.098303 0.947369 0.081408 0.836859 -0.15893 -9.457572
57.718385 224.513103 243.454723 857.201005 27.782809 399.732611 5.285149 299.018687 3.527844 244.011468 6.523126 312.168961 -58.059644 186.324293 -215.870789 444.122269 -5.286547 164.95936 0.468703 120.713223 1.802832 107.766795 0.235384 158.979792 0.286824 27.455375 0.001125 0.093744 -0.003127 1.378451 -0.000734 -4.341884 -9e-06 -14.650626 0.00902 -12.33591 -0.000243 -8.774958 0.000937 0.137007 0.019466 2.260809 0.11417 -0.000225 0.130701 -0.045697 0.104937 -0.052193 0.13237 -0.004021 -0.052425 -10.783295
55.395216 225.931886 212.098336 908.957582 28.030739 341.449266 6.600843 222.570095 3.798742 172.553542 7.277555 240.119848 -58.928104 189.142219 -216.935602 527.816561 -10.619645 188.1182 -0.207669 125.972995 0.003063 109.17627 -0.446588 162.328435 3.586074 7.221145 -0.02386 0.002234 -1.080434 0.758516 0.000551 -2.295129 0.073043 -5.632902 0.00501 -6.174742 0.020636 -4.719769 -0.003224 0.010575 -0.00131 3.61019 -0.920699 0.760329 -1.300344 0.05608 -1.657278 0.004579 -1.330415 0.01745 1.844527 -6.515608
55.844005 242.874554 176.801109 989.942884 25.274466 318.244156 7.298376 185.859118 4.526072 143.97691 7.518686 208.963728 -57.796706 202.346135 -213.774556 593.685414 -8.883081 223.571245 -0.015037 149.995631 0.183518 126.953694 -0.119552 184.818431 2.886826 0.535334 0.000905 0.306254 -1.605133 1.727738 -0.071308 -0.408253 0.017514 -1.653198 0.031834 -1.2926 0.001965 -1.082064 0.005483 0.222731 0.0116 1.935999 0.077468 1.529378 0.110944 1.047555 0.139165 0.670152 0.104012 0.729276 -0.03788 -3.824191
53.39206 239.624027 148.180405 1019.305449 27.901882 272.164613 11.074721 129.063991 10.363896 100.230612 8.880967 162.466905 -57.361292 201.912006 -223.886583 727.308995 -20.866503 324.22258 -3.931883 239.603913 -1.642441 189.976728 -3.827992 254.62949 20.257901 -14.225574 -0.027522 -0.010949 -1.262748 0.214559 0.064949 -1.800928 0.392276 -5.163722 1.192123 -3.950212 0.056679 -2.921799 0.000823 -0.000233 -0.116833 6.775642 -2.520274 9.3262 -3.460615 10.44501 -2.92399 6.329409 -2.594554 5.580555 7.850149 -20.280121
50.297042 237.388291 113.30833 1041.048402 27.587612 176.432214 21.096825 52.439746 23.687973 36.037921 17.535959 77.201578 -58.187881 199.862096 -228.559869 847.610188 -43.295199 482.5661 -18.29492 423.869369 -11.435145 324.621845 -15.350172 385.657908 68.039703 -144.338741 -0.046202 -0.005239 -2.335697 0.11473 -0.00089 -10.333868 1.600877 -16.967019 2.71501 -16.066987 1.458058 -15.680077 -0.002957 -0.00523 -0.024136 4.601363 -4.04783 15.691149 -5.264081 26.101305 -4.410049 17.92727 -3.847106 13.550208 14.045558 -67.937575
47.75711 239.787367 81.603605 1140.898715 27.910195 188.807341 25.595148 64.030208 30.558422 40.01977 23.756776 79.032842 -59.19039 200.110163 -229.842056 984.512926 -68.153126 635.086284 -39.559722 605.50649 -29.308203 453.455283 -32.801898 503.984438 119.720193 -224.052142 -0.032902 0.006031 -2.59586 2.285874 0.000938 0.209709 0.21719 0.578145 0.436839 0.104302 0.471277 0.010733 -0.004281 7.7e-05 -0.001793 5.122089 -2.807575 10.455723 -4.049737 16.151987 -4.129496 10.740199 -3.2738 7.904099 7.25254 -8.727684
41.155712 239.318076 60.038829 1134.836958 28.80231 176.029698 28.233005 60.979104 34.588049 36.749374 25.843077 71.749665 -65.008756 190.057001 -225.560322 954.088252 -95.314645 853.264913 -67.619153 934.497594 -49.731606 737.068404 -51.996884 757.41869 167.268294 -444.656406 -0.245402 -0.00023 -1.651222 -0.008073 0.007017 -0.223824 0.064673 -0.03724 0.124745 -0.069692 0.043897 -0.176001 -0.136362 -0.129538 0.020129 -0.238759 -2.272349 16.078338 -3.738169 35.551548 -2.68422 34.275337 -2.201046 25.721563 3.96628 -37.436118
37.489747 241.247248 51.943344 1150.769127 28.689757 188.561145 26.795931 67.970201 33.711909 40.159369 26.663607 76.992392 -66.773928 187.588661 -201.439681 901.142697 -114.423731 1034.562867 -96.624232 1191.589676 -72.641263 1019.179667 -71.654627 1013.192972 205.325403 -654.717672 -0.085489 0.003872 -0.293005 0.055529 -0.00011 0.215424 -0.018768 0.189654 -0.00562 0.075634 0.006412 0.092424 -0.011822 -0.008067 0.681815 -0.755648 -0.87232 8.72566 -2.581408 15.601368 -2.163607 22.806257 -1.572564 18.571373 1.948692 -20.255165
35.53069 244.115852 39.531947 1155.789069 27.925816 184.032617 25.740883 63.234378 33.915084 41.044514 26.821978 77.735796 -66.044995 189.599745 -193.163768 931.088304 -132.007757 1259.381047 -121.417779 1483.905383 -94.108566 1329.907142 -89.055296 1302.618352 241.013913 -903.681316 -0.026284 0.008477 -0.845902 0.005463 -0.005154 -0.027521 -0.010595 -0.085497 0.000305 0.004824 0.000234 0.001786 0.002 0.005361 0.086794 0.244729 -0.628151 11.043245 -1.414223 16.016663 -1.387619 20.641561 -0.944795 18.157077 1.429083 -20.015255
29.833995 256.936684 28.419664 1149.623967 21.738201 180.139695 20.362609 62.810881 27.000513 42.128702 21.070769 78.395933 -73.012074 186.356187 -182.634725 924.587255 -146.265917 1311.019752 -140.282389 1555.555214 -111.606206 1424.345923 -104.061641 1393.483406 248.396061 -976.552814 -0.248714 0.164055 -0.914766 -0.008243 -0.386963 -0.020808 -0.31478 -0.000711 -0.393711 0.007067 -0.346571 0.001396 -0.174643 -0.013992 0.147529 -0.011388 -0.365519 0.518757 -0.680812 0.844625 -0.745506 1.619551 -0.583924 1.531619 0.055678 -1.412657
24.990655 266.996166 22.17142 1158.5551 16.229814 174.495323 14.522463 61.517085 22.185848 43.041196 16.817535 77.847299 -82.116677 173.259086 -186.808133 897.066698 -170.766691 1434.076091 -173.577373 1759.443903 -137.940752 1674.613337 -126.261762 1609.599545 270.767144 -1180.709989 -0.214355 0.09658 -0.387327 0.017279 -0.401702 -0.044921 -0.492327 -0.006732 -0.236212 0.004888 -0.239485 -0.000963 -0.267408 -0.238576 -0.023573 -0.207895 -0.948147 2.759554 -1.771002 6.276018 -1.393425 10.122146 -1.072395 7.786467 0.482216 -9.682153
20.454106 277.539973 16.252826 1150.376494 12.337124 175.084054 11.183129 60.746277 17.931787 45.208489 13.29126 79.769984 -89.220011 164.628965 -182.234364 858.310028 -199.558016 1560.400063 -219.850213 1906.490974 -180.354236 1880.214763 -161.575139 1798.167118 312.023859 -1342.322343 -0.226999 0.102089 -0.458565 -0.014485 -0.266463 0.000496 -0.217824 -0.00243 -0.226187 0.026617 -0.207208 0.011727 -0.14731 -0.110231 0.028344 -0.427903 -1.120904 2.665717 -2.730658 2.950345 -2.8385 5.95069 -2.174431 5.22116 1.462149 -5.181344
16.677717 277.438499 13.094208 1188.684383 8.953123 215.585304 7.683111 88.142933 13.02812 62.963838 9.29897 99.675823 -98.308529 147.375183 -190.933054 822.033726 -203.258788 1548.228305 -213.415569 1903.56346 -175.306139 1859.775444 -159.368048 1774.948652 283.914788 -1238.345828 -0.192533 -9e-06 -0.170476 0.313714 -0.270657 2.105083 -0.3275 2.542293 -0.390807 1.467126 -0.35557 1.10749 -0.220366 -0.477431 -0.101399 -0.391623 -0.017 -0.023829 0.047785 -0.001125 0.035827 -0.055852 0.007589 -0.075439 -0.66329 2.095486
16.544156 264.329875 9.771102 1179.442963 4.697174 212.578556 2.446457 89.405448 8.004946 62.239042 5.390246 98.868454 -99.702306 134.059874 -200.251841 799.826775 -196.011559 1530.225919 -198.315053 1900.432137 -160.677893 1850.903066 -148.096106 1761.821608 240.410599 -1234.324214 -0.000268 -0.158611 -0.242769 -0.018032 -0.680428 -0.010557 -1.458605 0.004489 -0.60863 -0.002098 -0.529592 -0.001642 -0.004905 -0.315165 -0.111012 -0.152039 0.065778 -0.052638 0.277004 -0.001289 0.318597 -0.010607 0.20669 -0.024361 -1.807926 0.00327
15.126735 246.908025 7.490438 1158.674397 1.462379 202.369876 0.112934 83.019754 3.328228 58.142014 1.977294 93.103135 -105.197729 110.200541 -206.70484 756.189878 -200.201489 1465.820572 -203.404466 1824.843244 -165.779122 1799.467006 -153.565341 1711.81165 216.086101 -1210.694386 -0.031734 -0.296935 -0.151329 -0.092241 -0.917779 -0.125597 -1.508127 -0.118286 -1.009941 -0.069739 -0.83819 -0.086592 -0.073707 -1.168082 -0.051165 -0.611996 -0.022155 -0.692334 -0.03224 -0.766959 -0.039858 -0.362402 -0.049584 -0.360016 -0.648528 0.114188
12.682985 228.268361 4.87574 1118.146687 0.028051 170.428815 -0.811772 60.79474 0.541395 41.95004 0.140685 73.134511 -115.682644 94.618147 -220.648901 722.761394 -212.652866 1446.153853 -217.921989 1801.019801 -179.057259 1792.396366 -165.216223 1702.743565 199.290348 -1285.926494 -0.107579 -0.365728 -0.279586 -0.360728 -1.085359 -1.370861 -1.53027 -1.727699 -1.184936 -1.318377 -1.063132 -1.203683 -0.248993 -0.593606 -0.22755 -0.377837 -0.187805 -0.066413 -0.250187 -0.078266 -0.255736 -0.006959 -0.21298 -0.012041 -0.339707 -1.133764
11.563715 222.939812 2.10664 1109.763925 -0.058348 160.870085 -1.231887 54.410656 0.318308 39.823861 0.021715 69.649205 -119.49784 88.077697 -222.919877 707.127719 -213.42062 1431.747627 -221.555045 1786.767411 -182.479214 1782.910127 -166.450391 1691.399916 198.040168 -1289.808608 -0.025848 -0.031465 -0.572566 -0.015771 -0.167311 -0.137924 -0.043648 -0.177022 -0.029449 -0.027646 -0.051856 -0.042544 -0.030948 -0.11711 -0.005813 -0.085468 -0.000692 -0.036058 -0.015017 -0.028309 -0.016195 -0.012585 -0.002296 -0.018956 -0.001967 -0.002926
10.689043 205.024533 2.112215 1122.527622 -0.101213 155.494235 -1.703699 52.495829 0.170181 35.241613 4.7e-05 63.318442 -123.676085 76.951394 -226.717842 699.484853 -211.972573 1426.003844 -218.659348 1792.88368 -181.006244 1764.41698 -163.646172 1671.253153 192.276656 -1300.936626 -0.017197 -0.375146 4e-06 0.03649 -0.005865 -0.045678 -0.038163 -0.01715 -0.023 -0.139988 -0.019737 -0.150793 -0.035898 -0.375496 -0.01604 -0.020764 0.002465 -0.005772 0.009524 0.005225 0.002985 -0.048205 0.011911 -0.060353 -0.042555 -0.023899
11.020438 212.536323 1.521155 1130.232854 -0.47948 159.667891 -2.862168 54.606967 -2.4e-05 37.493652 -0.161334 66.351779 -122.648539 81.264473 -228.523015 709.075278 -210.936387 1436.495679 -217.912486 1800.486363 -180.151295 1770.137536 -162.787063 1679.029387 180.020116 -1292.387864 0.00253 0.067573 -0.048398 0.013177 -0.140104 0.027637 -0.14941 0.020809 -0.174237 0.034872 -0.166902 0.035484 0.002143 0.0588 -0.003579 0.032649 0.001269 0.019228 0.000639 0.008043 0.001012 0.004629 0.001131 0.009025 -0.201806 0.01409
10.637114 215.551611 0.873523 1159.095026 -0.651363 159.638595 -3.039049 53.20312 -5.1e-05 37.756929 -0.181502 66.337215 -124.25079 78.846114 -227.769824 701.15653 -210.920199 1418.083439 -218.310195 1774.240075 -180.886859 1746.565978 -163.547292 1657.875284 180.695637 -1270.727864 -0.003393 0.010619 -0.089238 0.181944 -0.013139 -1e-06 -0.002651 -0.00914 -5e-06 0.000461 -0.000594 -1e-06 -0.005199 -0.018265 0.000622 -0.022233 0.0 -0.059381 -0.000181 -0.096354 -0.000749 -0.078998 -0.000886 -0.067053 0.000633 0.091522
10.952121 210.486821 0.965059 1136.996702 -0.580441 160.750056 -3.081842 52.500796 -0.000121 36.651374 -0.170068 65.262365 -124.069475 77.595913 -226.603159 722.387597 -207.617211 1412.577056 -211.949403 1752.107347 -178.850107 1716.413742 -162.092419 1630.472523 178.556567 -1251.432096 0.002298 -0.030106 0.00228 -0.106343 0.002043 0.001928 -0.00015 -0.002333 -1.5e-05 -0.008214 0.000186 -0.00439 6.6e-05 -0.004996 0.001498 0.158331 0.013033 -0.005356 0.04702 -0.069457 0.005766 -0.131271 0.00325 -0.11418 -0.006368 0.073812
10.808363 204.595042 1.157521 1116.496609 -0.48389 173.610356 -2.756218 62.159081 0.01201 43.402569 -0.092116 73.339005 -124.074919 73.732726 -226.339355 707.380707 -207.89531 1395.601302 -212.674162 1735.188024 -179.609931 1689.04794 -162.40279 1606.956302 182.559337 -1190.937738 -0.000475 -0.041817 0.008744 -0.093247 0.004388 0.24741 0.009088 0.407503 0.014537 0.285183 0.011856 0.235523 -0.0 -0.049319 7.7e-05 -0.078759 -9.3e-05 -0.051311 -0.000619 -0.041044 -0.000805 -0.109956 -0.000148 -0.08541 0.022185 0.749299
11.173006 207.5024 1.529798 1119.023226 -0.024224 183.240972 -0.957695 69.464529 0.449472 47.870369 0.038628 79.143839 -122.862704 75.898159 -222.344555 710.471731 -206.930279 1398.660006 -212.775527 1735.298017 -179.436231 1696.599027 -161.862567 1614.750035 197.846956 -1174.498093 0.003025 0.010256 0.025911 0.001428 0.291581 0.129978 0.464534 0.202892 0.314539 0.109415 0.250047 0.110532 0.002975 0.01567 0.017784 0.003369 0.001123 0.001674 -1.2e-05 2e-06 4.2e-05 0.008421 0.00045 0.009427 0.307311 0.057128
14.905374 218.90541 3.942195 1131.732828 0.197274 192.890077 -0.036941 75.463166 1.546119 53.556076 0.542694 86.420381 -110.21875 83.144549 -205.99136 706.505268 -198.141424 1416.937374 -208.943738 1756.715287 -172.424299 1735.672217 -153.868625 1652.674347 206.625494 -1179.455245 0.268472 0.152497 0.560471 0.035885 0.359755 0.123787 0.618453 0.124197 0.328333 0.159488 0.291748 0.159979 0.343201 0.165168 0.312284 -0.005552 0.095357 0.059324 0.017408 0.065679 0.069874 0.222413 0.101215 0.220097 0.095274 -0.00522
18.549187 232.078827 8.690938 1136.606024 4.209005 196.016316 2.697067 77.529141 8.113205 58.85812 5.232525 94.556352 -97.785673 91.899575 -191.903837 727.721206 -186.475084 1451.98255 -197.42698 1796.102978 -161.92741 1774.816065 -143.940437 1691.036403 242.532002 -1187.261511 0.199031 0.192441 0.92649 0.005235 2.583831 0.012565 3.365302 0.01395 2.575828 0.125106 2.404961 0.182972 0.371914 0.219083 0.249463 0.156928 0.176975 0.214054 0.163228 0.218339 0.164814 0.218244 0.165536 0.220069 1.437518 -0.012874
20.654291 244.712885 17.516994 1094.845434 12.273395 191.174118 10.221434 78.305398 16.935264 58.550909 12.257989 96.951323 -90.516442 106.333962 -183.010367 759.547282 -180.057465 1506.856001 -190.355895 1867.746214 -155.898754 1850.205637 -138.139987 1764.154102 275.599508 -1250.482374 0.05656 0.167418 1.530889 -0.390799 2.107591 -0.030279 2.417474 0.001933 1.604982 -0.000402 1.472994 0.014976 0.140363 0.526219 0.105497 0.340562 0.056187 0.508874 0.064475 0.700526 0.057182 0.784023 0.059644 0.773734 1.056272 -0.819928
21.98361 245.965971 33.800771 1092.765725 20.724021 188.706862 16.596758 78.325706 22.107924 52.051225 16.844922 91.837875 -87.431228 116.542517 -178.531161 782.086246 -177.70155 1547.417877 -190.547142 1924.860801 -154.358321 1885.759848 -136.132131 1801.12073 293.30018 -1311.213562 0.020727 0.0016 2.652052 -0.000989 1.100451 -0.008012 0.768803 1e-06 0.344168 -0.191147 0.363748 -0.069263 0.026747 0.233917 0.027748 0.164771 0.007757 0.26935 -4.8e-05 0.430082 0.003824 0.169184 0.00735 0.19165 0.275435 -0.719991
22.462174 247.393134 61.383968 1110.511834 31.912485 193.211819 24.223352 80.077341 27.461278 44.965391 21.993448 87.098373 -86.592792 136.175669 -175.141633 838.984134 -174.942277 1580.920127 -186.326327 1953.921656 -152.053487 1887.920964 -134.971975 1803.228755 308.752269 -1350.164792 0.002577 0.002064 4.084235 0.071468 1.202859 0.02657 0.718783 0.009685 0.289923 -0.259111 0.342764 -0.062779 0.00202 0.763784 0.016243 0.998836 0.010795 0.179398 0.023636 0.108867 0.008669 0.000619 0.002482 0.000616 0.198327 -0.285055
26.673457 235.44199 84.737102 1095.738047 47.399259 210.187981 37.875687 91.903975 39.01982 53.818464 32.847213 97.638671 -78.585404 146.821434 -163.105025 861.221018 -163.88858 1612.896481 -175.891096 1995.628093 -141.557559 1927.505261 -125.015291 1841.957506 329.218564 -1337.164201 0.180802 -0.14793 1.878225 -0.049466 1.526703 0.35736 1.519303 0.407123 1.012506 0.397509 1.084788 0.300937 0.194202 0.200307 0.214231 0.145424 0.180351 0.160077 0.150347 0.220212 0.187663 0.205345 0.190725 0.205745 0.328367 0.031447
28.204699 217.977162 102.567518 1070.425779 55.919217 220.389295 44.0645 98.167453 43.607436 62.485593 38.194025 106.274412 -75.80913 151.873763 -156.724664 870.70715 -159.08119 1627.008117 -171.664069 2008.428113 -137.764747 1942.947973 -121.414626 1857.055354 336.389179 -1308.565557 0.021367 -0.336481 0.850612 -0.147896 0.35189 0.120863 0.23405 0.103229 0.127455 0.323392 0.201496 0.182944 0.024963 0.042732 0.063648 0.025979 0.035781 0.030732 0.025706 0.020459 0.025752 0.030808 0.026307 0.030812 0.038626 0.154571
32.610292 222.935985 112.63932 1152.833267 70.30517 340.543859 56.714602 203.468312 56.21646 120.148859 50.160344 175.838058 -75.995918 168.036122 -154.155185 927.906377 -156.927917 1665.110295 -168.696456 2032.278426 -136.530493 1945.160532 -120.80964 1859.471886 367.964085 -1098.440591 0.159786 0.027886 0.235812 1.527786 0.822472 13.019946 0.797092 18.977201 0.799542 9.341952 0.814083 8.711035 -0.000115 0.408535 0.010619 0.909751 0.007336 0.2205 0.012938 0.070389 0.002777 0.00063 0.000756 0.000786 0.708079 9.189204
33.308009 230.540285 114.380443 1195.112894 86.832346 455.090788 77.558796 316.433687 74.224884 201.920645 66.632998 262.808022 -75.502833 187.215523 -151.294389 967.085184 -158.395257 1677.103408 -170.59234 2036.312845 -138.113507 1953.385001 -122.295309 1867.445869 414.83737 -899.234374 0.003693 0.063762 0.006677 0.380697 0.871552 8.288794 1.627761 12.421051 1.249081 10.553629 1.167495 8.708167 0.000802 0.518109 0.013397 0.405053 -0.003414 0.021518 -0.005297 0.002 -0.004562 0.008675 -0.00454 0.00853 1.40462 9.957141
35.613307 235.387484 108.266465 1199.280288 101.033267 609.811381 94.710819 514.058933 91.120308 360.878825 82.327029 418.467614 -71.825821 197.900365 -138.690397 973.758255 -153.830476 1687.514818 -165.981405 2046.140162 -133.765214 1949.605217 -118.283096 1862.88674 445.690662 -632.900971 0.038565 0.025214 -0.083962 0.003627 0.537499 11.299698 0.855997 23.856237 0.865475 22.914722 0.829048 18.021097 0.045892 0.148251 0.274041 0.011472 0.033371 0.016108 0.031586 0.011828 0.034774 -0.00183 0.033459 -0.002786 0.553283 23.326134
41.68301 233.662937 105.142716 1186.316551 136.619933 873.894543 148.543699 850.220894 145.127737 648.131873 127.842883 686.371885 -65.226593 199.375595 -125.916204 954.135568 -137.575221 1681.139758 -151.792459 2040.525463 -119.347701 1951.727818 -103.853798 1858.531551 527.691408 -350.435759 0.238681 -0.00317 -0.022863 -0.035224 2.679515 23.691077 6.031455 42.064042 6.25601 41.752576 4.9878 32.97308 0.158972 0.002739 0.308524 -0.099865 0.45373 -0.006032 0.316934 -0.003857 0.41095 0.000577 0.469136 -0.002548 3.46015 41.442613
42.34691 236.199139 103.381276 1175.896538 158.826965 1075.493851 182.065753 1121.737747 174.626128 933.158657 152.925249 947.640831 -64.639955 205.655469 -117.52444 944.720526 -133.550355 1680.902709 -150.256133 2040.232533 -118.377435 1955.302754 -102.465406 1863.508077 580.557336 -186.900609 0.002623 0.006845 -0.00744 -0.022982 0.835769 10.452389 1.70387 18.781875 1.363571 25.900073 1.122608 21.022916 0.001325 0.048687 0.144681 -0.023341 0.029876 -8e-06 0.003907 -1.1e-05 0.00198 0.001636 0.004672 0.003327 1.261629 25.490076
41.440694 235.767419 99.593838 950.511248 182.309846 1178.590335 226.869361 1295.531295 216.019078 1212.527826 189.190341 1206.61568 -61.480673 204.159868 -106.723688 933.114595 -127.705033 1676.132048 -145.979011 2037.25865 -115.602458 1955.752948 -99.932169 1859.488592 647.674294 -88.407484 -0.004901 -0.000197 -0.035339 -11.97842 0.809207 2.358929 2.461789 6.255682 2.199199 18.264722 1.927524 15.623035 0.039576 -0.002729 0.260256 -0.035865 0.0654 -0.00339 0.030879 -0.001084 0.016456 2.6e-05 0.015854 -0.00217 1.835181 18.221239
42.568909 220.425399 95.661723 884.436034 205.443027 1446.693823 262.030556 1607.744888 264.934433 1574.764792 231.303024 1564.81881 -57.688411 203.311988 -93.745735 925.498936 -119.217895 1677.686115 -140.11449 2021.725168 -111.528202 1948.810493 -96.184197 1852.515604 720.251296 -19.90969 0.007576 -0.258053 -0.039597 -1.190048 0.690673 13.725729 1.266018 16.836288 2.493933 23.638421 2.114121 23.246059 0.060355 -0.000882 0.420523 -0.015603 0.145901 0.00036 0.060114 -0.029723 0.036545 -0.006172 0.035817 -0.006549 1.926689 24.408519
44.833552 210.496074 102.309982 902.972622 225.654416 1662.808758 287.062985 1855.118382 292.034748 1852.949701 254.118996 1834.965665 -53.911861 202.591498 -86.198053 915.011352 -111.031101 1678.380515 -132.449153 2014.575259 -106.246763 1947.858617 -91.210853 1852.774722 750.575403 -1.185157 0.029344 -0.114411 0.111662 0.096121 0.474052 7.519242 0.570894 8.847002 0.659697 11.307052 0.536499 10.749929 0.063917 -0.000639 0.158362 -0.02988 0.145592 7.2e-05 0.107808 -0.006333 0.064052 -0.000116 0.066006 9e-06 0.31263 11.379683
45.310902 209.952655 104.569966 930.695856 230.451512 1783.562032 292.038516 1991.476465 300.016095 2000.800779 260.038485 1977.468009 -52.902779 205.326769 -84.508842 921.396383 -113.455955 1688.682964 -134.225142 2018.212092 -106.154872 1955.887647 -92.193736 1866.599316 763.092078 0.254917 0.001264 -0.000351 0.012345 0.209586 0.025227 2.116115 0.021375 2.417641 0.0538 2.837235 0.034077 2.66418 0.004767 0.009171 0.008358 0.0111 -0.013097 0.015762 -0.005914 0.00164 2e-05 0.008257 -0.002634 0.025693 0.051752 2.539376
45.973432 211.151216 105.092055 956.290357 232.266462 1953.023321 295.107712 2150.437231 307.921141 2196.799057 268.012465 2179.147925 -50.592236 208.29814 -81.200384 927.963026 -110.266438 1707.123876 -133.322798 2023.132433 -106.143634 1978.327408 -91.582496 1895.284815 775.638384 5.719896 0.002404 0.001706 0.00065 0.173586 0.003559 3.844675 0.008022 3.051468 0.051397 4.578365 0.06021 4.89566 0.025795 0.010673 0.033031 0.011658 0.022737 0.050072 0.001522 0.002995 0.0 0.063996 0.001016 0.109369 0.05115 3.559778
46.918556 211.903415 105.83571 969.598051 227.918455 1952.316127 287.75163 2157.915737 299.057546 2183.331638 260.627244 2161.242391 -49.761622 210.953094 -80.879513 935.946167 -109.205294 1712.816234 -132.243921 2025.759297 -105.335265 1975.893105 -90.731833 1895.020925 759.364954 5.176149 0.004808 0.000669 0.001311 0.045978 -0.020541 -6.4e-05 -0.046421 0.006491 -0.06472 -0.020704 -0.051589 -0.036933 0.003437 0.008406 0.000318 0.017096 0.002565 0.004737 0.002192 0.000852 0.001545 -0.000749 0.001985 -9e-06 -0.086264 -0.013576
47.521995 211.977866 106.577927 981.113015 226.710034 1970.92447 285.749832 2203.267249 294.216134 2232.603303 256.009525 2198.260949 -49.702607 211.876084 -80.95951 935.797923 -109.191716 1717.485875 -132.971964 2031.447146 -106.841516 1980.838814 -91.524267 1903.556439 755.65318 7.528528 0.001928 7e-06 0.001297 0.033986 -0.001606 0.044131 -0.003494 0.235809 -0.019755 0.274888 -0.020637 0.157174 1.8e-05 0.001007 -2e-05 -6e-06 0.0 0.003178 -0.000999 0.003987 -0.005347 0.003091 -0.001723 0.00959 -0.004547 0.219681
48.600058 211.039155 107.292667 991.08212 228.497155 2015.130689 287.911909 2228.435932 297.744257 2269.807163 259.174058 2247.010673 -49.625108 211.320749 -81.462326 933.56601 -108.856015 1719.09532 -132.830551 2034.329143 -106.455264 1985.196046 -91.210227 1907.135938 760.269419 9.529287 0.006046 -0.001042 0.001194 0.025196 0.003508 0.245136 0.004074 0.07147 0.010514 0.153712 0.009719 0.267319 3e-05 -0.000364 -0.000778 -0.001332 0.000258 0.000377 3.8e-05 0.001021 0.00035 0.002394 0.00027 0.001681 0.007029 0.117744
49.288094 212.226741 107.373191 1010.347 230.548611 2048.384262 290.795835 2257.963723 304.83403 2300.8487 265.194406 2280.834923 -48.989143 214.93843 -80.909963 954.892055 -110.092508 1746.102186 -135.1518 2062.066863 -108.742987 2007.021699 -92.803908 1929.752476 777.711954 10.032214 0.002418 0.001666 1.5e-05 0.09272 0.004584 0.136067 0.007186 0.097171 0.04171 0.10541 0.034561 0.12634 0.002051 0.015352 0.00094 0.12042 -0.003492 0.105244 -0.010053 0.093911 -0.01216 0.059661 -0.006901 0.066657 0.098913 0.006466
49.87235 212.497917 106.994609 1012.851305 231.866488 2044.947279 292.664063 2255.20591 306.522346 2299.490844 266.743585 2278.32491 -48.230653 215.164205 -80.560989 955.251621 -109.311146 1746.611812 -134.286677 2062.077689 -108.332774 2007.349622 -92.240385 1930.293993 779.307676 9.919672 0.001721 8.7e-05 -0.000334 0.00155 0.001878 -0.001443 0.002991 -0.000843 0.002331 -0.0002 0.002256 -0.000691 0.002959 5.9e-05 0.000377 3.4e-05 0.001391 3.7e-05 0.001389 0.0 0.000388 1.3e-05 0.000858 3.8e-05 0.000818 -0.000317
50.095481 213.093252 107.129366 1019.539338 232.443269 2064.388465 293.351017 2267.375316 308.065495 2314.261484 268.187746 2295.485077 -47.503836 215.95119 -80.362043 956.935958 -109.278619 1753.445639 -134.333788 2067.930102 -108.206687 2014.252632 -92.102704 1936.754838 781.428295 10.409307 0.000249 0.000416 4.2e-05 0.011004 0.000358 0.045988 0.000403 0.016373 0.001937 0.023644 0.001949 0.032191 0.002759 0.000718 0.000123 0.000742 2e-06 0.006671 -4e-06 0.004147 3.7e-05 0.005924 5.1e-05 0.005397 0.001441 0.005897
50.498119 212.061358 107.650252 1024.750824 239.446815 2075.154439 302.845759 2269.48799 318.138791 2326.711173 277.659641 2311.164596 -45.688349 215.720538 -78.367226 961.666057 -107.591634 1761.482123 -132.655298 2072.871023 -107.500089 2024.164739 -91.490056 1946.398894 795.503441 10.531818 0.000806 -0.001252 0.000632 0.006643 0.051974 0.014 0.075609 0.000492 0.081026 0.016699 0.082187 0.026684 0.017686 -6.2e-05 0.012535 0.005831 0.006561 0.009187 0.005276 0.002948 0.001157 0.012164 0.001022 0.011976 0.062816 0.000358
51.392286 221.223711 106.919035 1037.770651 235.977873 2089.870056 299.97067 2293.72086 315.208129 2345.039883 275.491564 2323.283317 -44.032576 219.614661 -79.31149 949.649226 -104.236706 1769.168174 -127.9949 2084.183935 -101.422889 2042.918156 -86.308655 1968.620079 774.230342 10.413269 0.003924 0.096886 -0.001246 0.041095 -0.012656 0.025996 -0.006856 0.064345 -0.006781 0.035955 -0.004249 0.015845 0.01528 0.017417 -0.002827 -0.037777 0.026569 0.008366 0.041667 0.015393 0.088406 0.043236 0.075514 0.063063 -0.144154 -0.000335
52.637315 230.28668 109.223358 1060.354657 239.117197 2124.87804 304.86879 2347.21615 320.221361 2390.769833 279.319665 2362.496239 -42.76954 223.871422 -75.540802 959.172911 -104.302073 1785.744893 -130.955846 2101.975436 -104.443652 2063.367882 -88.216592 1995.220457 790.424979 12.049158 0.007451 0.090968 0.012284 0.121549 0.010372 0.145392 0.019833 0.308326 0.019776 0.220794 0.013207 0.164079 0.00919 0.02043 0.045915 0.023758 -1e-05 0.038649 -0.016929 0.037808 -0.022164 0.050921 -0.010429 0.089255 0.083812 0.059648
53.862287 228.99802 109.363437 1063.567549 240.468642 2128.729389 305.17963 2340.776026 323.685425 2384.462868 282.898519 2361.426456 -42.830917 225.578853 -75.68494 973.035977 -103.864489 1791.573306 -130.148611 2107.425533 -103.828288 2065.46429 -87.691193 1993.557061 794.161793 11.448633 0.007045 -0.001808 4.5e-05 0.00243 0.001904 0.001744 7.9e-05 -0.004424 0.009318 -0.004165 0.011391 -0.000121 -2.2e-05 0.003243 -6.9e-05 0.049732 0.00046 0.004748 0.001248 0.003528 0.000909 0.000532 0.000785 -0.000347 0.004406 -0.007675
55.364211 229.515868 110.686375 1068.271801 241.311964 2129.929129 305.735914 2331.89209 323.467129 2382.78843 284.060835 2362.162793 -41.204671 226.979442 -73.865089 976.559147 -98.847771 1792.64973 -123.064756 2104.383918 -97.351819 2072.585548 -82.214956 1997.863244 775.728027 10.811969 0.010327 0.000292 0.003977 0.00519 0.000738 0.000169 0.000253 -0.008445 -3.7e-05 -0.000294 0.001191 5.7e-05 0.015737 0.002167 0.011073 0.003183 0.062086 0.000162 0.099108 -0.001098 0.104274 0.006128 0.088275 0.002323 -0.108229 -0.009106
55.523453 232.109882 113.458685 1066.551893 252.6912 2131.790743 321.351896 2339.264023 340.291251 2393.826557 298.465255 2373.513163 -38.98014 232.747341 -70.674738 982.939397 -95.002819 1782.73295 -118.699508 2094.366538 -93.340871 2045.967071 -78.987331 1980.848364 790.076125 13.648439 0.000114 0.007288 0.017145 -0.000693 0.131076 0.000407 0.194468 0.005817 0.213253 0.012754 0.17812 0.013602 0.030863 0.036185 0.035214 0.010387 0.038135 -0.013753 0.039412 -0.01195 0.042187 -0.086019 0.032315 -0.036382 0.06574 0.165018
56.653167 227.923854 113.220219 1061.239315 247.986274 2119.364247 314.344256 2316.436048 334.136046 2368.144059 293.331213 2350.843673 -39.095289 230.498747 -71.131411 980.170417 -93.948524 1772.131003 -117.114031 2079.689162 -92.195682 2037.446169 -77.87286 1970.555084 777.363923 12.429161 0.005689 -0.019046 -0.000125 -0.006632 -0.022107 -0.018162 -0.038626 -0.055966 -0.028089 -0.069257 -0.02227 -0.054389 -8.5e-05 -0.005457 -0.000735 -0.001953 0.002941 -0.01581 0.00533 -0.025805 0.003534 -0.00889 0.003959 -0.013407 -0.05155 -0.02852
56.401271 227.775132 112.883507 1060.213558 247.401571 2113.457261 313.79529 2315.169961 333.388062 2366.322268 292.629395 2347.16908 -39.337162 230.505172 -71.516801 979.644626 -94.417068 1771.276487 -117.850851 2080.415525 -92.727728 2035.512741 -78.347863 1968.493933 777.765146 12.448206 -0.000281 -2.4e-05 -0.000251 -0.000248 -0.000345 -0.004122 -0.00024 -0.000173 -0.000419 -0.000351 -0.00042 -0.001437 -0.000373 0.0 -0.000521 -7.1e-05 -0.000583 -0.000103 -0.001155 6.3e-05 -0.000765 -0.000459 -0.000722 -0.000539 5.2e-05 7e-06
56.471975 229.496183 113.872884 1064.607179 249.571138 2112.135337 316.569099 2315.634306 337.183423 2365.860407 295.61785 2345.549648 -39.479199 232.185713 -71.611646 983.268132 -94.733211 1770.020677 -117.738741 2079.615499 -92.460396 2034.04768 -78.29659 1967.430715 782.778993 12.529429 2.2e-05 0.003239 0.002158 0.004542 0.004736 -0.000207 0.006103 2.3e-05 0.010741 -2.3e-05 0.007591 -0.000279 -0.000128 0.003052 -3.1e-05 0.003344 -0.000264 -0.000223 2.7e-05 -7.7e-05 0.000193 -0.000264 8e-06 -0.000144 0.008054 0.000132
57.1358 226.372983 115.016622 1056.582558 249.864352 2113.944216 316.119497 2314.137901 334.736977 2366.493049 293.86975 2348.554515 -38.806806 232.630325 -72.298305 986.404992 -95.751814 1788.838282 -118.782319 2101.954667 -93.193164 2058.011596 -78.995595 1986.970196 781.173389 10.766938 0.001939 -0.010699 0.002858 -0.015179 8.6e-05 0.000387 -0.00016 -0.000242 -0.004454 4.2e-05 -0.002592 0.000962 0.002888 0.000213 -0.001638 0.002498 -0.002723 0.04975 -0.002302 0.059672 -0.001446 0.070169 -0.001553 0.048275 -0.000824 -0.066766
57.104807 225.291221 115.009591 1055.338302 249.781447 2107.89811 316.055067 2307.119467 334.62837 2359.158784 293.718342 2339.6143 -38.912069 232.179719 -72.362836 986.029129 -97.728391 1781.222021 -122.609332 2087.897744 -97.453823 2048.794326 -82.058894 1979.171349 793.251483 10.939973 -4e-06 -0.001295 -0.0 -0.000367 -7e-06 -0.004329 -3e-06 -0.00533 -9e-06 -0.005691 -2e-05 -0.008524 -7.1e-05 -0.000218 -1.4e-05 -3.6e-05 -0.010097 -0.008124 -0.030339 -0.023581 -0.047615 -0.010344 -0.029135 -0.007668 0.046329 0.00069
]