01-30-21_Ganesh_4K+Depth.snake_in_flowers.0000000003 [ 60.381266 300.533555 114.1968 1346.560028 193.015843 2565.350707 238.468674 3029.775154 226.88193 2957.59991 192.338896 2824.176613 -56.802077 253.039618 -83.102433 1274.705303 -119.966516 1800.590818 -138.460394 2026.669644 -136.659368 1783.252928 -115.406566 1742.744147 715.709105 147.749878 0.0 0.0 0.0 0.0 0.0 0.0 0.0 0.0 0.0 0.0 0.0 0.0 0.0 0.0 0.0 0.0 0.0 0.0 0.0 0.0 0.0 0.0 0.0 0.0 0.0 0.0
59.213229 292.758391 111.77887 1309.927732 189.425708 2517.032927 234.31402 2966.649389 222.812476 2892.319965 189.046076 2761.543841 -49.172208 252.082331 -78.24913 1206.880505 -120.433754 1738.349158 -141.843709 1976.086257 -136.795066 1737.128678 -115.817439 1697.215559 708.775968 146.444312 -0.005704 -0.050949 -0.012936 -0.252587 -0.016851 -0.229682 -0.018255 -0.332279 -0.018413 -0.364245 -0.014215 -0.351162 0.275022 -0.000907 0.073008 -0.927041 -0.000454 -0.547385 -0.020419 -0.319627 -3.4e-05 -0.302174 -0.000365 -0.301303 -0.016872 -0.002897
57.324552 296.124222 112.183302 1311.886183 203.883428 2519.184956 255.267995 2971.970487 246.287365 2900.508574 207.489092 2770.736794 -50.640875 256.502726 -78.509387 1225.041682 -125.138213 1747.068198 -147.893366 1976.895268 -142.943307 1744.925297 -120.571746 1707.295531 764.491278 146.024672 -0.015306 0.009619 0.000365 0.000731 0.265817 0.00046 0.448618 0.002384 0.587738 0.005788 0.429128 0.007638 -0.010806 0.01921 -0.000216 0.067813 -0.045066 0.010906 -0.063165 8.3e-05 -0.067573 0.008729 -0.047815 0.014922 1.053884 -0.000301
57.15914 295.769132 110.484858 1311.835665 201.057824 2497.720344 253.148002 2943.390275 247.113274 2874.230859 208.892995 2746.6654 -50.452003 260.854482 -76.025226 1252.167244 -125.392114 1750.952878 -149.610806 1966.128062 -145.662962 1737.178115 -122.755169 1699.625062 772.224528 142.381811 -0.000119 -0.000107 -0.006478 -0.0 -0.009858 -0.045918 -0.00442 -0.069043 0.000691 -0.059788 0.002367 -0.05251 0.000176 0.018303 0.019968 0.148518 -0.000129 0.002157 -0.004957 -0.014701 -0.012814 -0.008618 -0.009796 -0.008635 0.019458 -0.023007
57.040685 291.945934 110.576599 1296.957936 209.589818 2462.132523 266.218749 2871.846221 267.435399 2817.758651 226.608542 2705.364658 -50.193994 256.339323 -77.528983 1240.880479 -125.289148 1732.750458 -149.854848 1945.583529 -145.213126 1725.38936 -122.503294 1687.975416 806.781144 133.281439 -6.1e-05 -0.012435 1.9e-05 -0.042424 0.088644 -0.127676 0.1645 -0.440115 0.401468 -0.280147 0.36047 -0.156435 0.000331 -0.019709 -0.007363 -0.025549 2.1e-05 -0.047554 -9.9e-05 -0.053951 0.000348 -0.020068 0.000129 -0.020031 0.378182 -0.150255
56.22218 280.753486 105.659062 1239.1835 200.884434 2351.783005 254.694456 2718.912502 257.947936 2681.499607 218.60638 2586.736534 -49.370313 251.911071 -77.085253 1173.885973 -120.878832 1715.921626 -144.528712 1938.254501 -139.218059 1738.138426 -117.232554 1698.652851 776.170009 101.852718 -0.002958 -0.109379 -0.055923 -0.658149 -0.092323 -1.264939 -0.127493 -2.092122 -0.08567 -1.688353 -0.07192 -1.329755 0.003407 -0.019291 0.000637 -0.929516 0.039511 -0.041061 0.048186 -0.006915 0.063187 0.023464 0.057947 0.016832 -0.296007 -2.109894
56.57446 282.853607 107.079709 1247.082571 207.604844 2369.332574 262.02496 2737.910134 259.299873 2699.943226 220.740902 2605.802932 -48.890653 252.367167 -75.845618 1169.739736 -123.672042 1716.301139 -152.894292 1934.692831 -149.083362 1755.674932 -125.27714 1716.69724 801.612412 101.207686 0.00055 0.003913 0.004744 0.012548 0.055285 0.032618 0.052 0.03307 0.001767 0.031606 0.005185 0.035005 0.001171 0.000206 0.005024 -0.003668 -0.015952 2.1e-05 -0.117672 -0.001638 -0.168838 0.044011 -0.133465 0.047667 0.205148 -0.001024
54.107929 272.1301 105.362978 1218.448178 205.916941 2331.842871 259.340186 2662.791317 262.825222 2642.281375 224.632795 2566.4627 -47.693739 253.267129 -73.472342 1169.236264 -116.266508 1681.985451 -142.294415 1893.105483 -136.583847 1716.747127 -114.634997 1680.902709 778.34273 99.390508 -0.027486 -0.103611 -0.006936 -0.166284 -0.003445 -0.149484 -0.006913 -0.522442 0.011902 -0.311199 0.017005 -0.149613 0.007417 0.000801 0.018862 -5.4e-05 0.114311 -0.173263 0.190376 -0.225921 0.273592 -0.218208 0.236151 -0.188557 -0.171368 -0.008231
54.529915 264.683993 104.852971 1185.905584 202.984318 2253.204578 255.149732 2595.225294 257.132965 2565.763412 220.010383 2490.921231 -46.960087 245.885678 -73.44777 1145.690908 -117.194739 1681.594842 -144.382856 1907.118498 -136.644109 1736.960498 -114.34086 1699.593609 768.667483 80.577681 0.00082 -0.051645 -0.000619 -0.22024 -0.010516 -0.674414 -0.017066 -0.434133 -0.031159 -0.562141 -0.024027 -0.564208 0.002843 -0.054581 2e-06 -0.119744 -0.001845 -2.3e-05 -0.007607 0.025836 -7e-06 0.059151 0.000189 0.051672 -0.030256 -0.985993
50.623402 237.012283 95.391764 1119.490641 194.299852 2127.399949 244.283883 2379.12703 256.550841 2362.044311 220.871631 2328.448914 -46.191522 230.232865 -75.13995 1097.889902 -121.871645 1668.020735 -151.246738 1902.231176 -143.430231 1747.201737 -121.861248 1705.768918 783.632718 46.258023 -0.07259 -0.763716 -0.223637 -0.956855 -0.094931 -1.806836 -0.118215 -4.69614 -0.00033 -4.212747 0.000841 -2.739441 0.003171 -0.25737 -0.009636 -0.509274 -0.045752 -0.027504 -0.079693 -0.003135 -0.082225 0.015051 -0.11975 0.005599 0.072139 -4.731417
45.052725 231.214557 86.247256 1066.789973 195.948727 1967.074874 246.651935 2174.955438 263.106298 2144.036903 226.614823 2130.15993 -47.15459 228.781326 -79.358209 1075.439902 -121.424675 1606.068776 -148.339491 1825.802015 -139.358961 1666.022743 -118.572067 1630.615489 785.433772 30.105021 -0.162312 -0.035896 -0.230333 -0.635272 0.003483 -3.140084 0.005711 -4.579079 0.04135 -5.276766 0.036857 -4.411464 -0.004968 -0.002295 -0.057596 -0.115955 0.000411 -0.586177 0.014107 -0.783527 0.029308 -0.965504 0.022499 -0.846538 0.001034 -1.727965
44.762739 230.961669 85.200928 1048.56687 203.053959 1812.302412 258.04061 2001.162856 272.113385 1939.923808 233.226442 1930.173795 -46.07165 228.964017 -78.735378 1061.00205 -123.600266 1615.638518 -151.287497 1850.549976 -142.003477 1694.54301 -121.172595 1652.799382 807.263384 8.292896 -0.000468 -6.9e-05 -0.003193 -0.078494 0.063268 -3.170439 0.128512 -3.617827 0.075794 -5.103894 0.047534 -4.928011 0.00629 3.6e-05 0.001227 -0.048785 -0.009659 0.014213 -0.014503 0.083298 -0.012428 0.121024 -0.014104 0.074942 0.149606 -6.79679
48.754881 222.13814 90.151215 1039.49353 194.160795 1586.470146 239.649216 1733.882778 253.017147 1615.8 216.478369 1615.793291 -48.848735 228.760771 -82.620359 1033.094076 -120.277471 1548.998362 -146.119835 1785.894763 -138.611439 1616.651145 -116.603525 1571.30341 766.174022 -0.000112 0.085248 -0.085922 0.069889 -0.019713 -0.099566 -7.511039 -0.33993 -9.575563 -0.34733 -14.803651 -0.311977 -13.963763 -0.040633 -4.5e-05 -0.046776 -0.185973 0.022637 -0.701724 0.044899 -0.574823 0.020502 -0.916283 0.043903 -1.030156 -0.536603 -8.353976
52.09372 227.730156 95.470487 1115.668842 183.162636 1338.968192 216.78226 1410.867407 224.522034 1208.963054 190.838516 1222.34863 -51.482614 228.56113 -80.809092 1034.556157 -122.378112 1537.799978 -149.31328 1764.194659 -140.813775 1591.570685 -117.568706 1548.02474 720.952429 -26.258947 0.055285 0.034757 0.076232 1.346648 -0.16032 -10.488552 -0.573171 -16.633372 -0.85092 -29.450905 -0.807792 -27.40343 -0.034578 -4.4e-05 0.010037 0.000517 -0.009093 -0.020313 -0.01726 -0.066322 -0.008679 -0.098035 -0.001989 -0.086862 -0.687724 -26.150568
52.391759 225.342487 99.761652 1121.402194 187.052204 1113.165904 222.123305 1139.619234 225.410851 909.093441 191.802784 934.018446 -54.246433 227.792134 -84.129821 1033.24543 -122.846518 1522.481472 -149.218758 1732.850944 -140.764834 1531.602584 -117.539173 1491.494355 722.433575 -80.721565 0.000425 -0.006291 0.047165 0.007347 0.020433 -10.418521 0.032499 -14.464848 0.000878 -21.33488 0.001215 -19.363409 -0.03613 -0.000648 -0.033432 -0.000415 -0.000447 -0.038339 1.5e-05 -0.140468 4e-06 -0.575777 2e-06 -0.525735 0.00076 -14.90091
52.503473 228.018799 98.330633 1176.984566 176.282533 924.712677 184.237894 892.641068 179.016983 638.422293 156.23942 677.398987 -64.272919 232.655326 -103.123143 1040.096847 -126.44829 1538.762196 -150.327158 1740.138662 -144.293845 1502.850792 -119.874221 1463.500443 644.75164 -182.239192 5.9e-05 0.0079 -0.005169 0.672178 -0.159648 -8.732334 -1.769899 -15.063306 -2.669845 -23.854986 -1.821721 -20.564644 -0.424871 0.025683 -0.96575 0.01132 -0.02602 0.043293 -0.002051 0.007646 -0.021845 -0.136216 -0.011483 -0.132602 -2.208684 -20.385962
52.269563 227.218461 134.773447 1243.75466 166.50584 694.359121 160.697765 603.721228 154.595605 410.8853 136.76293 466.328374 -65.643945 232.74134 -108.520087 1140.696792 -131.016968 1553.130329 -150.573319 1759.909463 -143.174719 1531.165007 -120.009869 1490.092353 595.321546 -355.69197 -0.000261 -0.000704 2.866304 0.921019 -0.139449 -16.470561 -0.804185 -28.157458 -0.895057 -24.967151 -0.648039 -19.644858 -0.007234 8e-06 -0.068823 2.321572 -0.040538 0.033385 -0.000101 0.05584 0.002178 0.132121 -3.8e-05 0.119709 -0.985549 -28.731723
50.661237 224.440678 165.179757 1199.709049 149.645438 479.496493 134.828948 370.222129 122.617648 243.986888 110.560178 302.293562 -66.9251 238.402499 -112.17055 1230.267746 -132.552617 1565.333566 -145.402234 1782.090507 -135.279815 1563.998157 -115.649566 1522.543569 515.483898 -572.517453 -0.012566 -0.008542 1.545126 -0.397013 -0.449904 -19.831761 -1.134386 -28.404445 -1.850587 -21.624604 -1.391948 -17.707653 -0.006191 0.034013 -0.030193 1.692522 -0.004474 0.023877 0.045176 0.069453 0.111943 0.17415 0.040342 0.174782 -2.872827 -25.679954
46.719204 218.811765 181.38069 1125.436541 136.121143 309.705764 114.874245 201.330313 101.087315 124.144376 91.524609 178.293114 -71.132517 242.323377 -119.177028 1236.466137 -136.937527 1579.101967 -147.758283 1816.13546 -134.31258 1588.923047 -115.439609 1545.022774 468.443222 -824.79751 -0.079821 -0.035743 0.378886 -1.186552 -0.320207 -18.480965 -0.798604 -25.523369 -1.038497 -20.053112 -0.898534 -16.272728 -0.064127 0.01599 -0.106122 0.007788 -0.035676 0.030144 -0.009468 0.161063 0.001735 0.098521 9.5e-05 0.082365 -1.12513 -22.962796
44.903701 212.81361 191.476033 1019.700545 130.096121 170.712639 101.069817 76.628708 87.789066 37.738948 79.893111 76.732105 -70.17484 241.527472 -120.96712 1234.540543 -128.821551 1568.12741 -137.550753 1814.219445 -121.470656 1590.60065 -105.161969 1546.100447 415.79103 -1138.329007 -0.017989 -0.041679 0.136694 -2.607502 -0.068188 -20.545863 -0.441682 -29.542582 -0.468728 -24.988063 -0.395081 -21.095264 0.003245 -0.000655 -0.006672 -0.00075 0.123955 -0.019134 0.182656 -0.000506 0.322576 0.000443 0.239543 0.000188 -1.568993 -25.19883
45.308414 212.045301 188.816678 928.519442 111.032357 120.61187 84.867079 40.335126 74.765778 16.307057 67.183344 45.865872 -70.828956 251.813355 -120.147618 1321.780558 -129.692808 1598.274601 -137.793362 1832.395438 -127.756499 1588.73583 -110.43349 1548.653067 397.989041 -1283.126088 0.000908 -0.000695 -0.009298 -2.134911 -0.754778 -4.340394 -0.707307 -5.773392 -0.522528 -4.43104 -0.550193 -3.949169 -0.001517 0.107239 0.001393 1.489061 -0.001468 0.143518 -0.000107 0.045298 -0.079281 -0.000547 -0.064457 0.001053 -0.194739 -4.333132
48.28564 211.344491 191.589704 892.567878 105.995078 85.314413 78.037949 17.107622 67.781976 5.181032 60.951738 27.516561 -67.106566 255.618184 -112.162912 1310.972057 -129.276025 1617.537994 -141.294936 1862.534824 -130.430209 1636.336134 -112.276503 1596.361705 386.263425 -1457.366027 0.047365 -0.00058 0.010107 -0.354909 -0.058466 -3.04769 -0.143205 -4.905596 -0.171181 -3.104685 -0.151621 -2.331154 0.050236 0.014265 0.137261 -0.022187 0.000335 0.057696 -0.021967 0.122925 -0.013844 0.351296 -0.007626 0.361881 -0.087662 -5.544679
47.831612 207.874169 195.122753 849.886017 96.851284 73.943744 72.040772 13.073683 61.861315 3.169908 55.817639 22.525072 -66.895944 251.897921 -109.723767 1302.259981 -128.992697 1624.557933 -143.091928 1878.225708 -131.697439 1659.998307 -113.3801 1617.468955 374.079965 -1518.088351 -0.001072 -0.014364 0.01614 -0.52283 -0.206194 -0.406439 -0.119872 -0.270797 -0.135265 -0.245783 -0.112922 -0.249565 0.000166 -0.013636 0.013407 -0.014522 0.000155 0.0076 -0.005678 0.032908 -0.003063 0.084929 -0.002699 0.069313 -0.097618 -0.619667
49.975531 207.139713 192.365019 819.032338 95.139743 70.867637 70.634005 12.798596 61.619931 2.646202 55.320002 20.245804 -64.736984 249.26464 -102.988693 1301.998869 -126.321511 1641.075939 -140.619688 1903.834706 -132.016454 1675.715035 -113.201447 1628.927013 374.023133 -1545.180453 0.0235 -0.00065 -0.009813 -0.285224 -0.007629 -0.032675 -0.006935 -0.001462 -0.000236 -0.023626 -0.001114 -0.060774 0.017706 -0.006918 0.106652 -1.3e-05 0.013974 0.041775 0.010772 0.086703 -0.000193 0.037026 7e-05 0.02022 -2e-06 -0.119806
47.532145 203.851514 184.036013 818.796271 93.51515 79.667432 69.589127 17.227425 60.747438 4.633447 54.289508 24.873512 -65.677513 245.760545 -100.540735 1284.338461 -122.839515 1644.364332 -136.869809 1918.339434 -129.349769 1691.132731 -110.2088 1641.381158 367.384173 -1518.726369 -0.030618 -0.013154 -0.092163 -1.7e-05 -0.006995 0.257424 -0.003893 0.328422 -0.003111 0.276496 -0.004844 0.23795 -0.003392 -0.012402 0.014722 -0.060296 0.024331 0.001646 0.025338 0.027522 0.013604 0.035301 0.020045 0.023714 -0.029725 0.114206
47.72754 203.453604 184.274302 833.649242 88.738001 80.73024 65.077545 16.660585 57.610299 4.705897 51.292262 25.617407 -66.101537 247.103998 -104.168378 1286.15478 -124.147431 1655.668247 -141.325687 1925.837122 -136.194728 1701.579416 -115.65463 1653.853644 370.962799 -1527.316508 0.0002 -0.000194 7.7e-05 0.066754 -0.062619 0.003521 -0.075594 -0.004741 -0.041583 0.000281 -0.042551 0.00548 -0.000682 0.001831 -0.032145 0.000642 -0.003463 0.01936 -0.035687 0.007312 -0.088236 0.016084 -0.065662 0.023604 0.008673 -0.012113
46.189375 204.588818 173.364234 847.756828 78.79653 87.794427 58.631527 20.107012 51.799363 6.752358 45.803728 29.607476 -66.731706 245.961203 -105.461015 1267.456169 -126.202897 1645.024002 -142.646723 1917.599396 -135.940257 1695.951924 -116.433991 1650.056241 355.568326 -1488.679281 -0.012597 0.001579 -0.166449 0.059185 -0.295223 0.148123 -0.168053 0.161883 -0.154423 0.184232 -0.155249 0.144332 -0.001495 -0.001324 -0.003985 -0.06846 -0.008438 -0.017163 -0.003073 -0.008828 0.000119 -0.004661 -0.001309 -0.002182 -0.163115 0.247496
46.698917 205.064392 160.936468 848.336052 64.776699 75.99493 46.02182 13.375925 41.412842 3.897129 36.173231 23.087296 -67.050621 248.166148 -105.258872 1277.510785 -128.858153 1646.592607 -146.025032 1919.126876 -139.88056 1701.147203 -120.257338 1653.595258 333.514972 -1542.19974 0.001398 0.000276 -0.231084 9.9e-05 -0.686153 -0.425575 -0.762451 -0.683554 -0.580486 -0.389894 -0.567652 -0.404943 -0.00038 0.00492 9.7e-05 0.019862 -0.013821 0.000374 -0.019769 0.000304 -0.028147 0.003973 -0.030882 0.001896 -0.352987 -0.47258
47.06058 207.915678 134.623057 903.291105 47.631726 87.713744 31.198916 19.069673 29.610947 7.414953 24.776341 29.306654 -66.840331 250.694627 -105.25184 1274.307386 -128.666541 1649.303094 -145.767578 1925.59073 -138.41481 1707.762762 -118.993473 1658.781863 296.066274 -1490.117892 0.000698 0.009843 -1.173661 0.862284 -1.315203 0.419975 -1.436017 0.503493 -0.987414 0.560891 -1.075026 0.37044 0.000165 0.006408 0.0 -0.002011 7.1e-05 0.001115 0.000114 0.005434 0.00386 0.006419 0.003338 0.004061 -1.114747 0.447301
44.604721 204.185845 122.415766 939.112246 30.297168 118.933793 15.002272 40.657876 13.640557 20.952712 11.28794 50.876601 -68.59552 247.304922 -102.364068 1250.190047 -133.566405 1652.071289 -155.774345 1942.342164 -147.699891 1749.74294 -125.689971 1690.496229 251.111461 -1387.749915 -0.032904 -0.016879 -0.290038 0.348261 -1.952413 2.371956 -2.932047 4.037967 -3.056489 3.438696 -2.617377 2.955722 -0.011374 -0.011536 0.020084 -0.115203 -0.045781 0.001161 -0.166085 0.036274 -0.150701 0.254866 -0.091652 0.150155 -1.849817 1.82123
49.50589 206.708011 113.458368 996.778901 19.95823 188.555743 6.662024 102.357073 6.214603 56.948483 5.342664 93.423813 -62.304515 250.178667 -99.026996 1232.308432 -124.225477 1627.18916 -142.476135 1927.841802 -131.58672 1718.411325 -111.503906 1650.451162 194.994304 -1149.705211 0.12771 0.007741 -0.170141 0.859083 -1.075002 7.985615 -1.669747 13.993692 -1.440964 8.815013 -1.099001 6.415157 0.151259 0.0083 0.02765 -0.064402 0.169287 -0.094401 0.296614 -0.027164 0.465204 -0.141529 0.424599 -0.240002 -3.543658 11.190446
52.661837 203.663653 96.193667 1066.245914 13.319568 247.009561 2.573819 150.57076 3.8239 90.218631 3.146995 127.480024 -58.986594 241.515893 -90.272083 1202.19002 -119.885446 1616.270115 -141.300462 1910.152944 -131.550348 1697.578018 -110.282461 1625.995855 180.231145 -1005.100886 0.048755 -0.011292 -0.712077 1.169892 -0.668903 3.940137 -0.954093 4.637823 -0.288832 3.810019 -0.288845 2.640969 0.045389 -0.076317 0.202562 -0.186312 0.038584 -0.018379 0.002435 -0.040763 3e-06 -0.063529 0.003363 -0.091268 -0.290539 4.857515
51.1133 205.538382 91.850385 1105.286714 5.260923 296.029661 -0.066653 199.78062 0.045439 123.444193 0.033434 161.772794 -63.379356 245.289363 -92.06261 1232.4752 -123.115014 1622.970566 -144.48479 1900.069937 -138.829698 1662.906223 -115.707327 1590.861199 143.898392 -880.202269 -0.011554 0.004294 -0.050165 0.350975 -1.838541 2.217046 -3.468847 3.473189 -3.035663 2.599174 -2.531689 2.040007 -0.078872 0.014625 -0.008792 0.188368 -0.021462 0.00693 -0.017741 -0.013341 -0.098007 -0.178868 -0.065121 -0.191877 -2.042766 4.141726
51.053318 206.256812 99.06858 1200.26612 8.723969 371.283278 0.17691 270.285886 0.632377 169.731238 0.591968 216.625287 -64.272155 247.230784 -93.159391 1250.427363 -123.802791 1631.280339 -144.97677 1902.672619 -139.349392 1657.527281 -116.007965 1588.822072 158.756363 -766.439671 -1.8e-05 0.000627 0.1365 1.957213 0.435556 4.256794 0.460739 5.317619 0.338791 3.676998 0.344036 3.99681 -0.003122 0.003826 -0.003247 0.064901 -0.000958 0.01061 -0.000418 0.000891 -0.000485 -0.004357 -0.000195 -0.000654 0.364925 3.934495
51.092421 210.77817 106.786197 1276.607652 16.411759 436.924579 2.723246 336.892679 3.761288 208.465062 3.377363 260.674686 -72.331606 251.828867 -104.45084 1251.3117 -129.255491 1650.536883 -146.656668 1900.425121 -142.26562 1633.745703 -118.927552 1575.773049 192.29145 -675.028005 7e-06 0.02451 0.14472 1.176769 1.20452 2.670049 1.511965 3.664402 1.309154 1.988735 1.141405 2.036978 -0.237956 0.021183 -0.32286 0.000156 -0.058752 0.056496 -0.004838 -0.000664 -0.0151 -0.08592 -0.018142 -0.026904 1.60545 2.901387
45.300551 216.916464 94.630787 1347.419306 22.35225 487.87883 7.669404 381.749873 8.880825 241.626136 7.565535 296.144326 -75.994878 251.353602 -109.745683 1276.377234 -134.926068 1663.639617 -151.683867 1917.839272 -145.496834 1665.702348 -122.296825 1605.196779 226.270133 -638.506634 -0.174163 0.044051 -0.367121 0.955631 0.457887 1.40479 1.252481 1.401345 1.082988 1.223256 0.833188 1.130865 -0.045243 -0.000224 -0.065453 0.124283 -0.060866 0.025901 -0.042359 0.039711 -0.018142 0.154761 -0.023531 0.136087 1.381469 0.507816
45.664179 230.917828 97.214017 1412.424726 35.74012 569.143958 18.043117 461.671215 21.076899 297.686664 18.150576 354.691635 -76.303524 250.045942 -111.286806 1295.013023 -134.714153 1649.187147 -150.666514 1908.379064 -143.590319 1651.565958 -121.030783 1595.59282 274.69337 -546.898658 0.000727 0.218927 0.017393 0.765676 1.563719 3.128508 2.185519 3.795153 2.594957 2.921606 2.279489 2.638722 -0.000313 -0.001705 -0.005373 0.067531 8.3e-05 -0.031525 0.001712 -0.011695 0.006287 -0.030121 0.003294 -0.014408 2.345792 3.545027
47.811415 241.350669 102.288701 1495.810587 57.705887 640.582562 40.004878 517.731163 45.495249 332.015696 39.150839 389.504085 -72.033234 249.256924 -107.038141 1267.155711 -128.833119 1623.778444 -142.674488 1891.084217 -133.789412 1643.823208 -112.325329 1593.592539 335.32033 -498.307034 0.024665 0.11525 0.064552 1.195679 2.618361 2.111193 4.314851 1.605722 4.639967 0.936442 3.986866 0.814685 0.061479 -0.000623 0.041344 -0.151445 0.065626 -0.098628 0.108891 -0.039363 0.173206 -0.009096 0.162437 -0.000627 3.020219 1.130124
48.543355 241.580461 96.024794 1516.004056 58.966087 652.043042 44.808931 525.71735 52.748208 337.473088 44.21387 393.600494 -70.758193 247.361166 -108.787619 1250.128508 -131.062478 1612.401247 -143.888882 1880.784698 -132.633056 1630.221746 -111.441793 1576.872278 352.667319 -484.244846 0.00278 5.5e-05 -0.09895 0.067697 0.006806 0.050806 0.136166 0.030562 0.268096 0.022244 0.15389 0.010714 0.005693 -0.003618 -0.007091 -0.057588 -0.009562 -0.019999 -0.002573 -0.014062 0.002509 -0.028253 0.001744 -0.04409 0.218729 0.100634
48.874734 243.186767 73.744908 1506.149465 53.917638 726.227578 40.845652 616.946553 49.899798 404.916016 41.88274 454.830923 -68.660451 249.067718 -108.213011 1261.496959 -125.971122 1590.073437 -138.112387 1827.329948 -128.417248 1559.240688 -107.30662 1504.276352 338.416949 -374.99148 0.000564 0.002661 -1.46831 -0.016067 -0.112946 1.997916 -0.091741 3.647649 -0.039528 3.0698 -0.031564 2.212353 0.015783 0.002933 0.000761 0.025729 0.05043 -0.077836 0.059169 -0.385312 0.034044 -0.789935 0.039089 -0.855347 -0.146939 6.97418
49.032623 244.976456 64.766529 1434.751745 38.920844 936.561152 25.545356 913.177369 29.77861 679.494892 25.096486 707.340917 -66.928708 250.354901 -108.088729 1243.008327 -120.931263 1581.472131 -127.374657 1818.610634 -112.465297 1547.5323 -95.617539 1491.373506 257.986038 -176.134418 0.000127 0.003281 -0.291298 -0.866807 -1.219271 13.356662 -1.787085 28.948875 -2.582452 35.338242 -2.137585 27.763585 0.011059 0.001659 3.6e-05 -0.068244 0.051443 -0.011663 0.217235 -0.010426 0.528773 -0.022063 0.336944 -0.027788 -5.448343 37.126264
50.133752 246.220956 73.644312 1432.619452 37.421678 1110.36108 21.594153 1187.543717 21.325603 886.780444 19.744025 890.857584 -67.202497 251.894515 -109.957025 1259.741297 -118.77316 1571.578206 -122.524867 1787.483272 -110.284715 1487.005074 -93.193797 1434.671823 228.602854 -77.138379 0.006114 0.001577 0.285007 -0.000793 -0.014721 7.391843 -0.165886 17.993982 -0.703943 13.776986 -0.320599 10.571315 -0.000279 0.00236 -0.008004 0.055938 0.009715 -0.015523 0.047064 -0.134346 0.010674 -0.603702 0.015557 -0.549442 -0.887978 20.148594
52.07032 240.917317 82.348123 1378.758712 17.265297 1131.279504 4.131131 1251.293779 3.584426 945.656923 3.971813 940.006753 -66.047466 255.63915 -105.8787 1259.205277 -117.417653 1605.086214 -122.694024 1842.672056 -110.304558 1550.831269 -93.131434 1490.898446 153.657241 -74.460673 0.018349 -0.028872 0.24301 -0.515983 -3.850123 0.097605 -6.835258 0.833341 -7.424029 0.946099 -6.004872 0.659818 0.005006 0.013814 0.038534 -5.7e-05 0.00389 0.176729 -5.8e-05 0.419538 -1e-06 0.670581 1e-05 0.54036 -7.418882 0.02365
50.440107 230.987577 82.536676 1299.507584 8.059983 1180.475697 0.17494 1368.178217 0.005739 1057.962089 0.120678 1028.675422 -66.631539 255.756955 -100.752297 1258.167406 -119.029691 1607.142916 -124.81444 1847.577102 -114.196035 1558.205267 -96.194544 1493.919496 115.820902 -48.271642 -0.012963 -0.104482 0.000108 -1.172795 -1.73223 0.523529 -2.605838 2.609071 -3.303308 3.149893 -2.707845 1.997815 -0.001286 1.4e-05 0.063601 -0.000214 -0.005495 0.000658 -0.009083 0.00326 -0.03373 0.008745 -0.024781 0.001529 -2.669445 2.826703
46.966337 222.942482 79.248388 1316.068452 6.960586 1243.981695 0.038275 1447.470178 -0.007114 1120.286308 0.027881 1085.983102 -67.720109 250.262674 -100.378955 1254.491148 -120.010848 1621.136298 -127.408025 1870.675455 -119.049526 1580.427694 -100.52436 1510.409001 117.216033 -39.487588 -0.061962 -0.071298 -0.033421 0.052429 -0.040288 0.831878 -0.049559 1.116699 -0.025633 0.891795 -0.032548 0.776668 -0.00441 -0.029829 0.000347 -0.002689 -0.002014 0.030328 -0.013335 0.071746 -0.050502 0.078672 -0.047656 0.045252 0.004176 0.440716
48.548255 219.098143 80.308353 1321.790093 8.537762 1260.631884 0.248185 1446.907844 0.056514 1115.805222 0.181644 1088.610468 -67.055356 243.202475 -101.650039 1235.061443 -116.646781 1596.076417 -122.84011 1842.224583 -112.743785 1553.095095 -94.711921 1486.092956 117.848715 -36.067913 0.013101 -0.016717 0.003521 0.006205 0.080459 0.055344 0.091531 -5.5e-05 0.103731 -0.00449 0.067195 0.001587 0.001639 -0.050509 -0.003999 -0.075821 0.023911 -0.097601 0.041694 -0.109007 0.085787 -0.119209 0.086541 -0.098662 0.000851 0.077428
51.319928 223.543707 81.660904 1319.739812 10.259926 1239.646617 1.032807 1437.041978 0.369719 1124.387202 0.578172 1097.706633 -61.277027 251.01409 -89.320648 1229.935356 -117.600247 1648.675482 -120.460051 1925.159451 -113.226561 1643.813541 -93.200414 1569.366351 126.536444 -49.169366 0.038469 0.022325 0.005647 -0.000796 0.079055 -0.088068 0.268417 -0.016875 0.137135 0.016438 0.111676 0.018922 0.130154 0.061739 0.398419 -0.00533 -0.00194 0.426357 0.011642 0.912971 -0.000516 1.287415 0.006079 1.134976 0.15447 -1.012902
50.226473 232.197248 82.706254 1322.344473 10.766469 1217.805157 1.017611 1383.4381 0.637516 1070.075374 0.684564 1053.37792 -62.99747 259.682975 -95.287762 1261.473037 -121.413838 1651.41699 -126.464377 1901.881021 -117.17222 1606.305983 -98.461831 1540.26948 135.095471 -54.268869 -0.005887 0.082163 0.003324 0.001284 0.006102 -0.097064 -5.6e-05 -0.509423 0.036253 -0.672198 0.00449 -0.456803 -0.011909 0.073581 -0.096463 0.199619 -0.030426 0.001139 -0.073013 -0.070798 -0.033788 -0.216433 -0.072231 -0.136133 0.140037 -0.125779
50.823854 238.001504 83.934541 1310.5163 15.315093 1201.710192 2.590101 1364.545285 1.509972 1052.373373 1.606447 1041.899767 -66.607165 265.897233 -107.661261 1275.361683 -121.108369 1648.420646 -126.0743 1880.763244 -116.637769 1565.770102 -97.95886 1508.96572 144.68977 -50.829888 0.001766 0.035826 0.004527 -0.026569 0.399703 -0.053534 0.360735 -0.064946 0.185213 -0.073822 0.193664 -0.03144 -0.050278 0.036739 -0.377548 0.038019 0.000192 -0.00136 0.000301 -0.058949 0.000611 -0.259014 0.000644 -0.160688 0.164551 0.056279
50.79165 246.172978 109.617715 1332.717858 29.39132 1104.12758 9.147928 1189.881315 8.021583 875.313717 8.39116 896.258888 -71.814254 281.340239 -123.427306 1389.266878 -120.861663 1664.501324 -122.174121 1888.520818 -112.186712 1568.35755 -95.773979 1512.442623 180.20546 -100.336142 -5e-06 0.06896 1.711566 0.093241 2.273841 -2.065764 2.002721 -5.978493 2.570989 -8.148761 2.654596 -5.479761 -0.097974 0.217944 -0.538447 2.435673 0.000126 0.039027 0.030639 0.007983 0.043295 0.001068 0.012321 0.002001 1.94702 -8.336413
55.778815 247.29808 152.959451 1318.734856 40.43414 901.369771 13.702883 924.485039 12.279869 651.881719 13.393763 694.198142 -70.609762 298.482246 -128.293873 1489.935669 -105.509193 1675.913409 -93.81425 1889.659921 -83.834639 1559.428984 -72.958148 1500.577029 160.285478 -194.81548 0.116756 0.001283 3.601758 -0.036871 0.878734 -10.275836 0.458581 -16.722463 0.451617 -16.432701 0.582168 -12.887691 0.005093 0.253451 -0.047047 1.760436 0.521202 0.019494 1.86996 0.000172 2.061226 -0.012744 1.549686 -0.023364 -0.583196 -15.530209
54.795734 247.110088 165.024131 1266.012555 45.948661 675.579731 17.317048 642.611846 15.802694 432.853038 16.759654 487.530271 -71.074517 297.682653 -134.483809 1465.904095 -90.00074 1650.234204 -72.188977 1875.337279 -61.185797 1539.617831 -54.922614 1491.814339 139.178537 -339.769726 -0.00437 -3.6e-05 0.228957 -0.537757 0.176198 -16.248188 0.211265 -25.558643 0.221837 -22.343148 0.188449 -18.212004 -0.000762 -0.000536 -0.072915 -0.097692 0.61606 -0.099128 1.414591 -0.027243 1.779531 -0.063324 1.2782 -0.01283 -0.74476 -20.027523
52.300163 232.989378 178.446115 1071.667577 49.991207 522.476029 20.477026 495.729789 16.383327 326.637261 17.29151 379.168069 -74.544533 295.245959 -141.526499 1447.081294 -84.087019 1572.170408 -63.005844 1785.999802 -50.868226 1417.273269 -46.640485 1371.542023 124.988569 -383.125082 -0.02908 -0.207704 0.262349 -8.092523 0.085207 -9.823097 0.132335 -9.515989 0.005238 -7.463888 0.004154 -6.800878 -0.04135 -0.005007 -0.089865 -0.060814 0.100473 -0.945699 0.312244 -1.09009 0.476015 -2.532153 0.338253 -2.527072 -0.381389 -1.301282
51.646071 222.657515 180.559294 958.004204 48.653052 404.122525 20.861929 361.425705 15.425951 236.495208 16.117295 287.068136 -72.20726 289.604895 -143.105404 1412.942007 -75.635427 1507.590242 -53.560438 1715.330094 -42.16256 1337.96706 -40.230903 1299.363412 108.594299 -449.43285 -0.002058 -0.117153 0.006219 -3.185123 -0.009077 -7.58967 0.001792 -10.587154 -0.014411 -7.261452 -0.020641 -6.396616 0.018614 -0.027206 -0.004379 -0.203763 0.223762 -0.677172 0.383313 -0.71326 0.408226 -1.141602 0.23678 -0.975456 -0.576035 -2.64469
52.141312 206.470787 203.329411 902.792626 66.97187 290.87441 37.884198 217.681844 29.256532 136.471509 28.892396 184.595258 -63.609992 271.704417 -138.630317 1358.218773 -55.122103 1450.509351 -33.101005 1668.438007 -24.778092 1277.067486 -26.02143 1261.817495 107.883339 -578.593902 0.001182 -0.305391 0.675893 -0.81927 1.460376 -9.288831 2.520245 -18.123364 2.194375 -13.662623 1.851041 -11.266102 0.272378 -0.285501 0.035543 -0.540374 1.619096 -0.550781 2.449702 -0.32493 2.296773 -0.709218 1.541727 -0.275219 -0.001167 -8.146158
51.90091 189.680677 209.74776 749.577503 69.217404 215.277356 40.045 156.415074 29.702612 99.959878 29.681371 143.693044 -61.534431 267.914114 -138.591019 1348.501449 -41.57825 1292.161811 -19.82563 1445.393487 -14.036825 1091.251837 -16.44186 1086.575397 84.577183 -530.662245 -0.000278 -0.355968 0.049867 -7.118729 0.018514 -5.677295 0.029963 -5.051004 0.001688 -2.836221 0.005314 -2.558018 0.017213 -0.013312 3e-06 -0.017443 0.953174 -4.574896 1.691948 -7.99864 1.515816 -7.300695 1.094669 -6.547598 -1.41635 1.036062
49.638755 178.396752 217.171558 600.528976 69.602255 149.841423 41.26637 102.153832 28.651012 66.426619 28.670987 103.77582 -62.981907 262.68503 -144.076482 1341.96772 -36.285812 1172.552403 -14.411579 1278.378433 -9.690111 946.427462 -12.581025 957.221404 71.665677 -511.384335 -0.025202 -0.173003 0.064552 -8.252522 0.000533 -5.911511 0.009174 -5.75752 -0.009476 -3.414147 -0.008748 -3.240582 -0.008414 -0.025767 -0.053231 -0.007934 0.180072 -2.903956 0.430782 -5.1253 0.401551 -5.153081 0.257944 -4.097581 -0.534401 0.178336
48.462574 162.601482 223.320435 432.540098 65.215714 105.024058 38.420831 69.966732 25.545597 50.858916 26.246731 82.383284 -63.642655 257.552342 -146.068179 1330.63933 -28.006162 1045.181522 -8.057344 1092.820304 -5.73025 810.198359 -8.706725 833.892605 55.473588 -455.072987 -0.007051 -0.36602 0.042919 -13.749964 -0.071381 -3.971445 -0.050822 -3.036327 -0.089042 -1.037768 -0.053534 -1.23325 -0.001724 -0.02532 -0.006836 -0.024009 0.535364 -3.66066 0.917213 -7.271574 0.517105 -5.290357 0.355524 -4.251004 -1.035304 1.641906
46.950571 151.511772 229.524807 390.318897 65.29044 110.076748 36.093333 80.522474 24.325371 60.182549 26.162518 93.041032 -63.77696 245.790914 -155.584702 1309.054185 -24.316523 908.899 -5.607044 917.698335 -3.650791 674.842495 -6.540233 714.438146 46.82364 -331.968019 -0.011981 -0.195821 0.042505 -1.083907 2.1e-05 0.059352 -0.036359 0.370661 -0.01493 0.392123 -6.8e-05 0.32405 -7.1e-05 -0.137431 -0.150151 -0.088254 0.130253 -4.758137 0.221489 -7.641335 0.233376 -6.181453 0.154707 -4.614862 -0.366363 9.687347
47.183819 140.310205 229.14642 351.045136 54.352855 123.148481 28.368401 106.944984 14.864946 80.453439 18.516907 113.262589 -63.044693 241.140609 -152.036068 1305.617829 -22.697027 845.942158 -5.114457 840.871354 -3.60195 600.397378 -5.9387 638.691901 33.101485 -241.287243 0.000289 -0.215065 -0.000156 -1.040995 -0.500997 0.366608 -0.464542 1.871394 -1.158997 1.468563 -0.659025 0.993435 0.002114 -0.022206 0.020469 -0.002258 0.027902 -1.129686 0.011322 -1.678979 0.000164 -2.174809 0.014507 -2.121746 -1.186773 7.217637
47.456809 139.008911 222.551155 396.49172 41.099827 142.143792 17.777952 123.846765 8.342679 90.62263 11.199001 125.490915 -61.806618 237.67426 -144.969163 1265.123673 -18.257106 757.955194 -3.367325 740.449146 -2.073138 527.143866 -3.776365 568.702237 18.733395 -180.634188 0.000394 -0.003031 -0.048151 1.382744 -0.924529 0.68092 -1.231675 0.619724 -0.935358 0.302509 -0.915154 0.313357 0.006139 -0.012547 0.084086 -0.31895 0.241382 -2.415223 0.181893 -3.191892 0.209801 -2.382064 0.243698 -2.030271 -2.031138 4.38233
48.729164 140.359349 225.419621 423.299674 39.850383 157.030303 15.935709 180.907302 7.078741 143.076385 10.11496 171.038323 -60.940757 235.813548 -138.109585 1247.422111 -18.702527 714.535651 -3.899342 685.322447 -2.449711 474.891547 -3.865389 514.979113 17.856928 -96.639759 0.008416 0.003264 0.009184 0.43844 -0.009643 0.370596 -0.050371 5.389513 -0.051883 5.962691 -0.027585 3.518961 0.003054 -0.003656 0.083123 -0.062357 -0.002684 -0.640298 -0.019501 -1.066121 -0.015704 -1.363307 -0.000519 -1.332472 -0.010499 13.02827
50.89161 146.075888 226.960584 489.771486 40.726887 215.484146 15.845325 223.272695 7.930715 167.872747 10.759937 203.670288 -59.761305 234.48485 -131.916006 1240.388162 -18.021274 667.20125 -3.586458 618.99591 -2.595744 424.378051 -3.649607 466.612361 19.600844 -58.428696 0.023473 0.05705 0.002625 2.422797 0.004767 4.614785 -0.000129 2.226463 0.0242 0.990259 0.009966 1.423602 0.005763 -0.001877 0.07104 -0.009944 0.006319 -0.811009 0.006542 -1.687493 -0.002114 -1.419835 0.003099 -1.192331 0.040618 4.781595
49.247972 145.590387 223.975599 503.222678 46.924109 254.243863 21.25047 254.874748 11.777722 186.109806 14.58636 222.056773 -60.155085 234.691992 -125.465944 1253.123934 -17.941632 695.836922 -4.041836 656.065971 -3.060231 447.616987 -3.934365 484.410651 26.845042 -56.471527 -0.01349 -0.000404 -0.00988 0.09111 0.219357 1.601865 0.395898 1.045475 0.379106 0.470096 0.290494 0.397227 -0.000647 4.6e-05 0.080833 0.032525 8.8e-05 0.300832 -0.013604 0.538986 -0.019105 0.309717 -0.005348 0.166561 0.56842 0.01667
49.161258 144.934502 220.218196 497.866722 41.260244 239.955379 16.55303 236.854936 8.458043 172.882544 11.149747 208.757765 -60.418093 234.569284 -116.961658 1252.229465 -17.327046 694.860869 -3.924133 653.806266 -3.056301 446.368911 -3.916545 483.539706 21.682989 -63.663864 -3.8e-05 -0.00074 -0.015892 -0.014328 -0.182076 -0.2066 -0.292986 -0.330286 -0.274154 -0.243765 -0.230482 -0.205315 -0.000287 -1.6e-05 0.14921 -0.00016 0.005355 -0.000343 0.00087 -0.001949 1e-06 -0.000871 2e-05 -0.000392 -0.275332 -0.215491
48.463653 145.386135 221.660545 514.154752 42.492799 264.217185 17.566074 263.561868 8.948415 194.40023 11.697387 231.19779 -61.396998 234.487223 -118.304943 1254.738373 -17.65527 704.686869 -4.03386 666.362584 -3.156074 455.214136 -4.084705 491.565383 22.733104 -54.656442 -0.002492 0.000351 0.002354 0.131083 0.00907 0.584102 0.015043 0.713174 0.006909 0.630861 0.006564 0.572652 -0.003933 -7e-06 -0.003835 0.001255 -0.00154 0.034494 -0.000757 0.059714 -0.000801 0.04339 -0.001767 0.033029 0.012416 0.343354
48.374481 147.558018 213.686197 551.8676 38.762522 298.236491 14.105376 307.101579 6.953732 222.698607 9.580987 258.974218 -63.069163 235.528792 -122.108379 1255.909169 -18.915765 710.683368 -4.353915 677.720769 -3.226166 460.659507 -4.355669 496.223326 19.652785 -42.770163 -4.1e-05 0.008051 -0.07304 0.667296 -0.08567 1.02975 -0.189641 1.663391 -0.125597 0.961069 -0.105513 0.787632 -0.011233 0.001154 -0.030088 0.000273 -0.021729 0.012703 -0.006108 0.047992 -0.000385 0.016188 -0.004351 0.010982 -0.112077 0.727796
49.427329 158.719115 199.525263 646.393749 38.225416 291.792069 14.907859 279.062017 8.193196 200.8139 9.951461 238.569473 -62.060952 243.191414 -120.611084 1285.665102 -20.214331 734.150919 -5.1736 695.738657 -4.272623 472.048745 -5.395174 507.480244 24.299067 -57.090124 0.005667 0.203429 -0.242722 3.734218 -0.001874 -0.035195 0.0111 -0.671031 0.050798 -0.565816 0.003514 -0.418585 0.004062 0.06133 0.004618 0.174192 -0.021553 0.190597 -0.035326 0.11819 -0.073376 0.069539 -0.055567 0.063127 0.246276 -1.032074
49.499683 162.633634 199.311469 684.583499 41.338692 288.373683 17.695415 266.505817 10.574183 190.188992 11.950051 229.260842 -61.085085 248.5883 -120.785925 1310.431502 -19.691223 763.894476 -4.771108 726.727533 -3.946078 495.02933 -5.171635 530.389316 27.439481 -71.54372 2.6e-05 0.023843 -5.7e-05 0.548002 0.060933 -0.010071 0.119386 -0.144509 0.151649 -0.144385 0.09138 -0.092618 0.003867 0.029614 -6.3e-05 0.118137 0.003429 0.295307 0.008148 0.337591 0.00649 0.273081 0.002365 0.252869 0.095396 -0.814599
48.622041 169.586911 182.172896 755.233132 44.766967 287.206204 22.856268 256.503203 16.222515 176.146758 15.928191 219.663069 -60.572981 248.931151 -121.139266 1305.33743 -19.746859 834.365145 -4.789366 825.450349 -3.824179 588.232094 -5.202967 616.81006 35.79951 -120.592626 -0.003925 0.072773 -0.385178 1.73438 0.068275 -0.001184 0.329741 -0.095659 0.602054 -0.26923 0.285294 -0.10261 0.001078 0.000118 -0.000258 -0.00496 -3.9e-05 1.554357 -1.7e-05 3.142704 0.000956 4.016986 -4.7e-05 3.259752 0.555023 -6.366111
50.279543 187.506299 168.644359 916.410105 43.096937 291.615241 21.458094 250.559973 16.577678 166.306159 15.562782 219.300317 -63.162118 252.0001 -125.348667 1346.694545 -20.807652 843.52966 -4.856793 823.900255 -4.119594 576.692478 -5.81707 609.391521 37.225223 -123.619881 0.01389 0.449892 -0.260947 7.788347 -0.015873 0.016793 -0.022063 -0.034831 0.001923 -0.141417 -0.00212 -0.00015 -0.027092 0.009401 -0.035946 0.322491 -0.013876 0.025028 -0.000236 -0.000728 -0.005495 -0.057156 -0.017124 -0.022441 0.013919 -0.018764
51.217074 191.672958 148.278953 1035.924307 34.70544 293.201784 15.918677 212.165268 14.65163 129.370514 14.168037 181.515897 -63.467932 253.357536 -129.292968 1374.521889 -20.903112 907.515331 -4.81982 892.828063 -4.110525 646.756891 -5.867508 676.809922 34.283224 -197.607669 0.00433 0.022894 -0.655015 3.661527 -0.453863 0.002152 -0.412763 -1.595655 -0.05945 -2.316054 -0.032733 -1.784918 -0.000369 0.001823 -0.03055 0.142286 -0.000109 1.169454 7.1e-05 1.384307 5e-06 2.00787 -0.000109 1.768139 -0.060545 -8.636849
52.915612 196.909411 126.520151 1124.021078 25.604618 260.2446 8.97211 146.059247 14.016154 77.298915 10.490193 121.327423 -63.59692 253.947045 -134.992819 1375.898948 -33.099805 1031.672085 -14.386225 1076.343539 -11.527118 799.903308 -13.264589 811.43683 50.964985 -379.882777 0.013854 0.035284 -0.862794 1.79733 -0.690614 -0.982155 -0.988978 -6.152367 -0.007044 -6.667425 -0.275823 -6.041325 -6.5e-05 0.000343 -0.061471 0.000345 -1.395353 3.978659 -2.552034 8.569942 -1.870652 8.129036 -1.487825 6.101688 1.648113 -29.520556
54.004244 198.782358 104.016165 1189.730612 24.875831 220.473276 9.246081 104.501711 14.221258 49.453817 10.98489 84.436913 -61.931421 249.591572 -129.347261 1376.640591 -52.194393 1171.662485 -35.218334 1264.255237 -28.731723 970.182034 -27.651139 960.189211 83.380757 -581.552734 0.005542 0.004433 -1.101001 0.933249 -0.005261 -1.648029 0.00206 -3.470357 0.000745 -3.096331 0.005699 -3.333972 0.011049 -0.018837 0.060293 0.0001 -2.164799 4.451691 -4.58639 7.555308 -3.86137 8.209276 -2.612673 6.25595 3.969379 -21.388985
60.981245 206.038756 86.92457 1260.963951 22.246418 214.524076 7.797532 96.840843 13.75885 47.050849 11.178625 80.659992 -58.778123 251.239744 -118.401042 1387.923336 -69.354884 1346.598304 -58.745682 1510.017311 -49.363906 1210.604171 -43.92273 1173.23808 115.245326 -780.329329 0.211868 0.065041 -0.766495 1.035474 -0.073418 -0.040684 -0.061668 -0.145797 -0.003821 -0.029922 0.000847 -0.043208 0.041194 0.002712 0.241936 0.023024 -1.217468 6.083474 -2.993141 10.906996 -2.774714 13.29326 -1.874127 10.664425 2.572595 -14.584539
50.603895 213.100822 65.174325 1244.925579 17.465194 201.053937 5.774137 82.377604 11.571946 39.75765 9.080737 70.87135 -68.271371 247.872713 -127.566247 1404.871012 -100.511512 1484.637227 -94.715576 1676.220874 -85.355378 1396.432206 -75.142224 1345.060667 159.783598 -964.941035 -0.483591 0.059498 -1.563183 -0.051325 -0.288877 -0.218361 -0.151681 -0.584558 -0.094578 -0.306911 -0.108913 -0.316495 -0.355168 -0.011357 -0.170816 0.051423 -2.881795 3.367096 -4.275051 4.337786 -4.896715 6.631291 -4.16584 5.868533 3.630229 -9.791421
50.021049 213.751898 51.601789 1244.176582 16.350243 183.204101 6.979816 68.444198 12.574704 38.69123 9.237746 70.159112 -65.208591 232.192616 -100.252394 1222.167337 -121.429536 1521.199576 -143.299486 1791.570026 -130.626875 1615.458598 -110.394345 1549.596853 224.259444 -1154.133508 -0.001688 0.000497 -0.791429 -0.000113 -0.018386 -0.414811 0.057117 -0.644986 0.02083 -0.007249 0.000673 -0.001798 0.035143 -0.256143 1.643296 -6.360983 -0.987965 0.222376 -5.011256 1.918961 -4.797914 7.974418 -3.379751 7.235295 5.451014 -8.462516
42.577698 223.174736 35.815347 1210.852011 12.952114 165.84628 4.812456 55.565832 10.357871 36.443316 7.039183 68.139004 -68.014188 227.581946 -97.873928 1072.39805 -133.915193 1492.623432 -165.015096 1801.522706 -146.55094 1669.136579 -123.65567 1599.964524 234.830716 -1212.309699 -0.299644 0.101619 -1.437232 -0.226184 -0.197704 -0.431858 -0.200886 -0.670518 -0.107399 -0.033635 -0.149166 -0.014755 -0.029545 -0.023119 0.014277 -4.893036 -0.30544 -0.135478 -0.765702 0.013784 -0.457803 0.438641 -0.375997 0.402765 0.121726 -0.715204
41.187838 226.799071 35.246107 1196.839027 10.496951 167.798694 4.112616 58.553964 9.281421 37.492886 6.080064 68.867549 -68.418558 224.278279 -99.781418 1041.414027 -140.25154 1547.217648 -173.695499 1872.253253 -153.594666 1754.607671 -129.774955 1682.913514 238.389707 -1279.127635 -0.011531 0.014596 -0.00228 -0.040779 -0.128884 0.005713 -0.027481 0.039128 -0.029523 0.00745 -0.035106 0.001937 -0.000599 -0.012077 -0.009204 -0.227092 -0.07323 0.490284 -0.111248 0.680944 -0.082661 1.067026 -0.073888 1.04811 0.013383 -0.896157
40.084614 224.736434 31.598837 1196.297802 9.085192 162.671794 3.765497 55.016919 8.495076 37.580529 5.632364 69.002057 -68.083271 218.100204 -99.652735 1023.234106 -144.789804 1534.282126 -179.781158 1851.412631 -157.900692 1722.009753 -134.178671 1646.31399 239.645433 -1250.811205 -0.007488 -0.004711 -0.099577 -6.1e-05 -0.050956 -0.039772 -0.007651 -0.055092 -0.017401 5.1e-05 -0.00856 6.6e-05 0.000412 -0.043142 4.2e-05 -0.080042 -0.03613 -0.02715 -0.052391 -0.058321 -0.029764 -0.152828 -0.036738 -0.201183 0.001649 0.158471
39.543491 223.823801 29.456436 1147.601875 7.37228 162.559378 3.096006 57.999255 7.378593 39.273897 4.953887 70.715833 -68.387994 217.314143 -100.88947 1041.136292 -142.958059 1536.7946 -172.646101 1858.00739 -147.198174 1724.393718 -125.582541 1645.753684 220.489295 -1243.19221 -0.001839 -0.000928 -0.037599 -0.505898 -0.089384 -1.9e-05 -0.03274 0.039357 -0.039313 0.018658 -0.021764 0.010511 -0.00034 -0.00071 -0.003813 0.077625 0.00583 0.001028 0.072234 0.005862 0.187774 0.000825 0.142272 -4.8e-05 -0.398923 0.011638
39.128093 224.18483 27.353935 1162.954656 5.581498 166.379881 1.843232 60.526183 5.983624 39.725824 3.841239 71.364353 -69.278859 210.921237 -107.504848 1050.470998 -144.100379 1547.746619 -172.872826 1887.918116 -147.776831 1750.212202 -125.609996 1666.485508 213.232838 -1262.572418 -0.001097 0.000145 -0.038919 0.051007 -0.124379 0.022188 -0.161516 0.02694 -0.073014 0.001293 -0.070663 0.00148 -0.002882 -0.047721 -0.105027 0.02083 -0.002273 0.019443 -7.4e-05 0.119419 -0.000568 0.095925 -2e-06 0.064883 -0.060707 -0.074947
39.197845 223.601637 26.496131 1165.1304 5.355402 167.925034 1.608276 62.854017 5.753073 41.120655 3.634046 72.767965 -69.440686 210.525823 -108.31497 1060.171249 -147.71083 1569.673565 -178.23303 1909.677814 -155.484276 1761.213961 -131.356676 1678.392237 221.05415 -1264.106889 3.1e-05 -0.00038 -0.006833 0.001017 -0.002337 0.003571 -0.008006 0.021962 -0.002265 0.012033 -0.002872 0.006835 -9.4e-05 -0.000185 -0.00152 0.022291 -0.022336 0.077115 -0.040919 0.062341 -0.097959 0.017235 -0.064266 0.021192 0.070435 -0.000466
40.793785 225.128425 24.942348 1200.518682 3.644007 168.42321 0.594953 61.926543 3.854171 40.547278 2.403907 72.060706 -70.170945 210.442807 -113.3122 1062.522403 -145.329364 1555.949945 -173.868364 1886.768146 -149.563421 1735.673707 -126.386099 1652.935084 201.436043 -1245.648296 0.015922 0.002597 -0.023473 0.264705 -0.164224 0.000369 -0.246856 -0.003447 -0.189532 -0.002013 -0.126639 -0.001727 -0.00191 -8e-06 -0.056346 0.001302 0.009677 -0.030128 0.027053 -0.069125 0.057466 -0.093271 0.047933 -0.09727 -0.455724 0.06788
41.17621 225.167151 26.687557 1205.424224 4.129217 169.487028 0.775644 61.944884 4.273523 40.666618 2.721869 72.358222 -68.055781 211.389119 -109.75249 1081.473019 -142.335656 1556.505568 -169.476552 1876.537466 -147.649985 1726.602738 -125.192961 1647.15741 202.16236 -1237.306737 0.000892 2e-06 0.029504 0.005001 0.015158 0.001675 0.011963 1e-06 0.010826 8.8e-05 0.009871 0.000306 0.016184 0.001061 0.028405 0.083753 0.015578 5e-05 0.02809 -0.013906 0.006159 -0.011883 0.002829 -0.005058 0.000654 0.014012
42.982443 224.533109 26.974875 1221.258991 4.160914 168.885328 0.810322 60.958765 4.319532 39.843837 2.768303 71.183752 -67.318986 209.609665 -109.706536 1072.397855 -139.805705 1550.228081 -165.558557 1871.483223 -140.561806 1723.376589 -118.879001 1643.397911 194.162622 -1239.13671 0.019385 -0.000447 0.000769 0.051664 6.1e-05 -0.000535 0.000379 -0.003956 0.000123 -0.004204 0.000196 -0.004805 0.002005 -0.003761 5e-06 -0.019119 0.011343 -0.006342 0.02291 -0.003408 0.087175 -0.001508 0.081682 -0.002148 -0.080745 -0.000676
43.175545 222.086795 27.192507 1218.303374 3.258891 172.735316 0.312304 65.021156 3.114954 40.2117 1.971984 71.066226 -67.069023 207.352601 -112.189111 1071.530995 -138.984387 1543.926742 -160.327363 1864.494709 -135.84312 1706.059415 -115.46529 1625.144896 180.099058 -1222.425527 0.000216 -0.0067 0.000437 -0.00179 -0.055033 0.021695 -0.116512 0.065516 -0.098235 0.000845 -0.067365 -4.9e-05 0.000232 -0.006109 -0.013888 -0.000175 0.00121 -0.006416 0.041989 -0.006536 0.040281 -0.043722 0.024865 -0.050967 -0.264325 0.056726
47.013406 221.569418 25.213672 1202.515125 1.349271 564.996538 -0.002974 499.43877 0.360406 392.900281 0.125657 417.156796 -63.857383 206.955917 -105.254714 1025.431156 -132.522561 1489.098785 -156.902531 1768.052708 -131.83421 1621.297814 -111.029154 1547.444607 145.980667 -417.942017 0.081694 -0.000302 -0.037373 -0.051485 -0.414296 112.928347 -0.376227 204.048572 -1.356259 181.722337 -1.102065 143.864145 0.039397 -0.00019 0.110599 -0.506793 0.076906 -0.495603 0.018488 -1.280465 0.030022 -1.07979 0.043447 -0.951627 -1.789851 210.817979
50.032853 209.26023 17.148251 1148.994928 -2.068386 887.173286 -9.677684 919.422081 -8.869177 769.26598 -8.14854 767.548962 -57.461327 196.088757 -96.061536 1005.082179 -122.255368 1486.978182 -147.607112 1743.364776 -122.898978 1604.055492 -102.743255 1532.807412 65.737473 -151.659643 0.046984 -0.175878 -0.774888 -0.609137 -6.758803 36.189831 -9.341369 63.582233 -12.805335 62.630323 -10.297973 53.002147 0.168721 -0.14653 0.210014 -0.101967 0.206961 -0.000756 0.141908 -0.086789 0.156758 -0.046088 0.160643 -0.034778 -15.795705 66.074353
52.401424 203.605985 9.141223 1130.387155 -8.287507 558.979984 -23.066995 472.411677 -14.60173 386.32856 -13.040665 416.401626 -57.866193 191.852399 -104.391942 1002.339716 -115.297738 1453.170646 -140.45293 1708.264054 -117.477016 1564.982683 -96.542692 1487.267109 49.244751 -396.193876 0.027388 -0.03872 -1.249028 -0.075954 -2.07537 -37.732723 -2.862572 -73.735541 -0.710826 -65.292897 -0.572476 -53.27179 -0.000711 -0.023131 -0.173171 -0.001873 0.101912 -0.194376 0.088853 -0.17848 0.061157 -0.240884 0.096485 -0.343375 -1.188982 -57.602066
47.949004 206.59268 4.803125 1121.682849 -18.315168 427.171397 -39.978869 326.182716 -26.816947 263.093923 -24.802338 297.416155 -61.322854 184.999013 -109.415429 955.881208 -127.702069 1436.506297 -158.161071 1708.55698 -128.290565 1593.624661 -106.549807 1515.111855 37.798326 -561.692771 -0.098823 0.010873 -0.691962 -0.016821 -1.962295 -8.848438 -2.310623 -13.501981 -1.842228 -11.799722 -1.874184 -9.986635 -0.050135 -0.062323 -0.059023 -0.551188 -0.316806 -0.048051 -0.525519 1.3e-05 -0.238008 0.129864 -0.246694 0.129122 -0.755902 -14.405357
47.759087 193.294678 6.809476 1036.29402 -2.572777 255.537951 -8.91215 217.080304 -2.45704 223.628555 -2.960489 236.13273 -62.524894 178.922732 -110.9258 959.585533 -129.052276 1406.985468 -159.855559 1691.167047 -127.792006 1559.055935 -106.776527 1479.914304 94.809515 -601.753627 -0.000188 -0.221169 0.174635 -1.690034 7.159021 -21.926468 11.139321 -11.068157 13.039417 -1.602642 10.624909 -3.531192 -0.005834 -0.05073 -0.005177 0.003582 -0.00355 -0.153245 -0.004514 -0.044476 0.000485 -0.189526 -0.00012 -0.206828 12.880802 -0.689911
47.836724 193.546432 8.04209 1013.120688 -0.763419 158.370803 -4.496385 91.918147 -0.456694 109.787211 -0.801355 122.273031 -62.724983 179.792347 -111.550675 952.207404 -126.741561 1401.994101 -157.042179 1701.965208 -117.271085 1568.326156 -97.914089 1487.912643 103.091247 -848.216615 3.2e-05 8.2e-05 0.051239 -0.131018 0.533264 -11.566857 0.747973 -26.48389 0.795135 -20.037047 0.681323 -18.566596 -0.00016 0.001054 -0.000878 -0.014237 0.010437 -0.004435 0.012489 0.017182 0.225943 0.013739 0.191947 0.010778 0.173363 -21.100165
49.294915 191.102014 10.020889 1016.205206 -0.180442 139.836434 -2.778836 58.020683 -0.110758 44.91904 -0.311179 66.685994 -63.674755 177.955025 -114.329898 957.53622 -125.693379 1392.344881 -154.758246 1693.27105 -115.769206 1557.884356 -96.472661 1476.927384 108.718313 -1073.733762 0.010946 -0.007767 0.108716 0.002344 0.20156 -0.576537 0.205648 -3.881941 0.117641 -14.256458 0.113805 -8.361145 -0.003568 -0.004718 -0.017098 0.007435 0.002176 -0.01666 0.008365 -0.011132 0.00484 -0.017438 0.005344 -0.020351 0.074759 -13.276684
43.753506 184.171882 7.558683 980.37719 -1.026408 186.838521 -4.50387 103.210988 -4.452911 76.382633 -4.596787 102.155579 -69.997497 173.684109 -122.926864 947.230785 -135.286817 1365.645957 -164.665523 1666.772884 -127.318897 1530.99755 -107.064906 1450.463723 84.150816 -923.445614 -0.165153 -0.063994 -0.173283 -0.321487 -0.346136 3.39902 -0.207251 6.462527 -3.159114 4.151606 -2.51596 3.767695 -0.149618 -0.025938 -0.155806 -0.027878 -0.176383 -0.129233 -0.153679 -0.104487 -0.274532 -0.117019 -0.275801 -0.119618 -1.571092 5.662634
48.664693 190.572813 11.860384 1069.195226 -0.742339 175.430537 -5.252136 84.726019 -1.035207 57.707834 -1.504674 82.988855 -68.675467 181.838863 -121.320266 1028.361163 -133.15231 1405.872951 -156.380487 1708.60995 -125.766295 1538.736009 -105.689086 1460.232891 103.980971 -1000.466922 0.130585 0.05467 0.482448 1.925365 0.02296 -0.179665 -0.028738 -0.911275 1.194083 -1.306789 0.84155 -0.994772 0.006302 0.093537 0.005284 1.666568 0.008486 0.291951 0.106921 0.25929 0.004762 0.009754 0.004449 0.016394 1.048024 -1.542342
48.512712 190.479022 20.49413 1090.711418 -0.185392 171.301044 -4.774442 80.545101 -0.803715 48.81608 -1.050289 75.622105 -69.702938 183.96171 -125.582408 1046.346124 -140.298556 1423.210822 -160.911516 1724.091023 -133.221304 1555.460477 -112.396914 1476.849274 113.329903 -1053.1632 -0.000119 -1.2e-05 1.173221 0.107171 0.185777 -0.024592 0.011386 -0.052892 0.014629 -0.371755 0.040729 -0.171168 -0.003815 0.00616 -0.03679 0.077954 -0.093394 0.053128 -0.032354 0.034909 -0.107319 0.045199 -0.103183 0.047004 0.201193 -0.676206
47.426593 192.360968 31.907233 1122.543398 -0.182876 185.502237 -5.293676 90.610942 -1.321171 51.035475 -1.5082 80.154112 -72.663363 188.973555 -132.824094 1057.428426 -145.848044 1440.067475 -165.459867 1742.754597 -139.011301 1572.469387 -117.61854 1494.451028 113.228401 -1056.930166 -0.006148 0.004626 1.257997 0.228922 9e-06 0.282724 -0.013398 0.296247 -0.063969 0.024668 -0.041311 0.065939 -0.030783 0.033678 -0.101492 0.02919 -0.053818 0.04962 -0.031695 0.050238 -0.061579 0.046245 -0.059276 0.052136 -2.3e-05 -0.003362
48.010273 194.643722 45.365484 1200.591585 0.013604 226.477113 -4.519899 120.559115 -1.216784 66.969431 -1.301677 101.547424 -72.356296 191.840428 -129.484909 1075.183073 -147.392622 1473.530924 -170.812182 1777.873339 -150.534412 1592.792207 -126.375512 1512.91067 124.683291 -1006.559103 0.001785 0.006732 1.181007 1.311426 0.296234 2.042715 0.030553 2.134414 0.002148 1.080713 0.0076 1.263806 0.000325 0.010791 0.021255 0.073908 -0.004068 0.192175 -0.042598 0.175161 -0.229385 0.065243 -0.157195 0.056655 0.275923 0.614886
48.660702 196.715582 60.368391 1271.094834 1.1925 288.364675 -1.783517 174.425098 -0.364417 98.878885 -0.382048 140.607107 -70.998107 204.3172 -120.129325 1174.003605 -143.970187 1516.790664 -167.05637 1799.440204 -150.375541 1589.572689 -125.99989 1514.789845 135.934628 -895.545084 0.002188 0.005484 1.069817 1.005734 0.951371 3.733193 0.624924 4.959832 0.24941 3.09866 0.273331 3.170937 0.006434 0.196523 0.175386 2.171944 0.020101 0.312927 0.020876 0.065012 4.2e-05 -0.001629 0.00028 0.000583 0.242983 3.242363
49.413837 197.584125 78.386487 1279.237636 3.696442 342.114502 -0.266518 226.772771 0.009249 127.019786 0.00404 174.260927 -70.003531 209.680519 -116.27557 1180.612091 -143.556252 1536.444594 -167.029638 1811.457797 -154.725919 1592.767943 -128.56028 1521.624102 157.127715 -820.203283 0.002892 0.000957 1.174849 0.012999 0.689891 2.295328 0.671138 3.429782 0.489779 1.759653 0.464664 1.803665 0.003508 0.034742 0.031413 0.009274 0.000298 0.063258 1e-06 0.019998 -0.031017 0.001604 -0.012877 0.007691 0.767304 1.655
46.614478 208.517475 86.850787 1294.582997 33.041191 710.220891 17.623928 686.759989 17.562327 461.546355 15.080869 502.533778 -69.691543 218.280429 -108.208051 1153.229558 -137.458772 1523.220208 -161.169522 1777.844437 -148.243608 1550.87798 -122.683857 1489.985135 267.854995 -320.32259 -0.040811 0.147204 0.216935 0.045746 14.634706 66.481719 22.225001 124.258497 16.765511 104.311996 14.591232 84.943365 0.000348 0.086417 0.145013 -0.160643 0.06616 -0.028579 0.052321 -0.157396 0.069355 -0.27911 0.068732 -0.166199 14.678221 115.382683
48.478758 223.592546 82.375818 1262.660101 66.565385 1119.068088 57.686691 1203.74795 53.161652 934.080382 44.868639 937.538211 -67.073709 220.002957 -108.92717 1126.516978 -134.244409 1507.235711 -155.363301 1774.433652 -141.313074 1540.181993 -116.998211 1486.011617 367.823351 -75.384484 0.018276 0.263043 -0.059178 -0.19926 5.811062 46.274078 11.540215 72.062527 9.612857 82.430033 7.924204 67.272486 0.025056 0.003385 -0.001191 -0.156506 0.019014 -0.042156 0.053257 -0.001637 0.082953 -0.018506 0.067446 -0.002653 7.909848 84.918702
45.956419 221.483808 80.863325 981.70307 110.355834 1400.645308 131.747378 1625.629586 126.31508 1497.075746 105.676096 1467.36728 -61.649926 219.707594 -104.059878 998.112056 -126.473895 1488.235692 -146.075023 1757.31691 -129.441708 1557.161957 -106.405333 1498.908373 511.494464 -0.591097 -0.033692 -0.004996 -0.007007 -17.65502 5.505017 15.782513 15.077305 31.629669 15.585081 66.086079 12.827015 59.089731 0.114317 -9.9e-05 0.055622 -3.883715 0.115823 -0.060258 0.143135 -0.041479 0.260378 0.046543 0.251277 0.027861 11.816558 62.624993
45.207046 221.205981 83.392404 929.003717 143.129862 1533.434744 175.869358 1779.484426 173.01235 1685.678926 146.05651 1662.084052 -57.533506 220.570994 -103.385155 964.147448 -120.624177 1485.540168 -142.55462 1772.902402 -114.584778 1584.356966 -97.955674 1523.497048 569.196714 1.570106 -0.00308 -8.7e-05 0.019472 -0.726891 2.127662 3.006406 3.180688 3.477623 3.664995 5.593023 3.259817 6.063585 0.071109 0.000847 0.001097 -0.293967 0.069252 -0.001222 0.02147 0.034404 0.452683 0.117711 0.174758 0.100022 1.541572 4.087946
43.359582 219.238711 87.106272 989.409041 193.041515 1875.628965 245.319049 2085.538458 261.038289 2061.518803 223.617681 2054.145365 -54.896555 217.741648 -95.60734 965.480461 -117.496527 1509.715992 -140.485991 1787.26933 -115.934983 1611.840042 -99.66053 1550.213296 724.901251 27.627887 -0.019271 -0.004393 0.040453 0.951231 3.72586 17.217827 5.765232 12.136586 9.019591 18.895809 8.228106 20.739056 0.030928 -0.009132 0.15206 0.00046 0.020541 0.097568 0.007559 0.028989 -0.003954 0.118161 -0.007354 0.116109 9.401254 16.02549
45.125488 221.542979 98.804397 1064.21106 243.392044 2150.442207 310.861839 2369.027077 336.117901 2392.459026 290.87136 2393.073054 -51.843944 218.437824 -89.597114 990.990927 -113.873902 1529.438632 -136.523737 1794.061229 -113.958704 1630.453028 -97.919928 1578.031558 841.502512 72.827466 0.017623 0.006023 0.368408 1.362764 2.914153 9.390109 3.875426 9.029762 4.738629 12.311805 4.414619 12.933844 0.043659 0.000556 0.097547 0.166323 0.028362 0.063996 0.028339 0.00644 0.008495 0.053426 0.007667 0.123691 4.345859 10.743168
46.49231 224.631991 101.079045 1085.801026 224.046254 2114.597597 282.767704 2360.009432 300.75865 2358.733807 259.32214 2341.88958 -50.987242 221.915483 -87.570951 1015.939213 -112.54053 1534.539655 -135.04885 1799.32668 -113.132016 1640.364435 -96.737403 1593.402668 782.810344 65.050429 0.010196 0.010693 0.012943 0.108404 -0.400502 -0.150627 -0.665165 -0.008598 -0.982327 -0.119697 -0.905293 -0.276647 0.003569 0.013732 0.011586 0.155073 0.003926 0.004246 0.004005 0.003858 0.001505 0.015017 0.003592 0.03725 -1.060724 -0.219508
47.812321 231.358868 101.786439 1107.128791 213.435336 2110.216066 265.483641 2361.913955 279.505481 2344.068425 242.515016 2319.961053 -50.629636 226.386435 -86.192298 1022.793149 -112.096198 1542.637018 -134.454227 1807.426963 -113.298305 1640.241319 -97.078955 1591.952598 748.711062 62.65811 0.009239 0.049621 0.001233 0.103716 -0.1287 -0.002272 -0.272515 0.000384 -0.389348 -0.022867 -0.281524 -0.051574 0.000629 0.022295 0.005469 0.011521 0.000439 0.010654 0.000656 0.009096 -6.1e-05 -2e-06 -0.000301 -0.00033 -0.379657 -0.022409
45.992226 231.525715 96.2843 1100.922973 212.626096 2155.708708 270.116386 2419.793581 287.903717 2421.728525 248.647603 2398.699774 -49.368219 226.515057 -85.057668 1006.25864 -110.112834 1520.021862 -131.05081 1784.13198 -110.011783 1619.098959 -94.227196 1573.008803 753.852581 80.515308 -0.017659 3e-05 -0.076436 -0.008721 -0.000769 0.242578 0.020036 0.350311 0.062155 0.632789 0.038287 0.656989 0.007956 1.8e-05 0.003759 -0.06737 0.008852 -0.083498 0.021815 -0.075547 0.024186 -0.068573 0.021256 -0.056694 0.008797 1.117978
47.700695 233.298723 97.89044 1106.189719 192.778421 2113.674013 239.06752 2367.742926 248.590085 2348.977996 214.98466 2323.205173 -48.658956 227.127455 -84.796809 998.454995 -110.157496 1537.843921 -132.835566 1805.296478 -112.56399 1658.589361 -96.066034 1612.474486 695.712244 59.914934 0.015578 0.003381 0.006643 0.006284 -0.48614 -0.206934 -0.947526 -0.282959 -1.442367 -0.554734 -1.223697 -0.603549 0.002566 0.000413 0.0002 -0.015188 -5e-06 0.051936 -0.006036 0.062397 -0.014633 0.237904 -0.008885 0.244484 -1.166439 -1.5192
49.814026 234.361649 97.93727 1100.34319 183.168283 2075.663302 228.587534 2332.059609 241.581387 2311.462614 207.000851 2281.761017 -48.223782 224.521855 -84.317446 992.029198 -111.653123 1535.895834 -135.694286 1803.517815 -114.179411 1657.865819 -96.955549 1610.847103 687.927146 54.180998 0.022903 0.001208 6e-06 -0.007746 -0.12285 -0.172443 -0.117441 -0.135465 -0.050109 -0.150997 -0.075532 -0.1865 0.000977 -0.007516 0.000679 -0.010372 -0.005042 -0.000617 -0.015217 -0.000438 -0.005755 -7.9e-05 -0.00205 -0.000411 -0.021902 -0.144172
48.259633 234.067558 91.493933 1085.796902 177.419038 2046.622805 229.306149 2298.818354 234.641864 2275.666429 204.61431 2250.152505 -47.108432 227.487002 -81.62929 1006.707176 -107.286369 1553.643395 -130.886555 1823.407977 -109.021249 1669.484336 -91.689764 1623.561565 663.544023 46.848849 -0.012319 -9.2e-05 -0.109614 -0.048395 -0.045836 -0.102293 0.000564 -0.119307 -0.050564 -0.139672 -0.006919 -0.110231 0.006525 0.009726 0.021774 0.053896 0.043552 0.050975 0.043357 0.05454 0.05961 0.020285 0.073508 0.02499 -0.219977 -0.266413
49.277257 245.842686 96.418984 1119.771455 179.126575 2123.007913 224.037511 2413.155027 230.124258 2370.461315 199.553722 2331.958579 -48.899447 232.025347 -87.834363 1036.017544 -107.960493 1562.236404 -127.165937 1833.264826 -104.833686 1659.336128 -88.921531 1614.157529 645.600981 63.241204 0.005309 0.14448 0.064552 0.261687 0.004089 0.699723 -0.030616 1.387402 -0.021956 0.96715 -0.031683 0.730315 -0.016707 0.022412 -0.11364 0.210293 -0.001056 0.011849 0.026823 0.013285 0.041003 -0.015469 0.021216 -0.013657 -0.122969 1.227247
51.602646 247.394634 100.397767 1146.474438 184.085502 2231.320924 226.935981 2535.690785 234.026706 2514.78826 203.20772 2472.898898 -47.556105 237.587616 -87.236549 1058.053404 -112.823923 1593.390534 -134.029993 1870.400137 -112.066161 1694.355559 -95.415226 1647.375375 669.984668 80.732275 0.026805 0.002442 0.040221 0.157325 0.033854 1.34734 0.009315 1.517254 0.016406 2.132421 0.016576 2.067538 0.009355 0.032942 0.001021 0.115945 -0.053572 0.153789 -0.090207 0.186176 -0.120616 0.182842 -0.114413 0.169162 0.225989 1.066429
52.046323 250.408378 100.558965 1157.069686 186.353746 2250.436384 230.70059 2560.961849 239.489797 2540.719471 207.148892 2494.428881 -47.329523 239.843118 -86.810019 1067.729117 -114.842944 1603.549444 -138.119602 1877.042283 -116.637254 1702.098242 -98.785143 1655.854515 690.393008 83.705238 0.00095 0.009123 6.5e-05 0.024367 0.006944 0.040766 0.015484 0.062652 0.031516 0.066505 0.018926 0.046659 0.000271 0.005328 0.000523 0.02202 -0.008953 0.016141 -0.030729 0.005886 -0.045686 0.008825 -0.029241 0.010883 0.153091 0.026877
53.339896 246.926383 98.579386 1171.492131 180.367284 2284.428467 223.702364 2573.37163 233.647722 2566.922604 201.994847 2523.845999 -46.888308 238.366884 -80.536542 1062.142407 -115.355602 1635.683272 -139.180506 1907.910664 -116.433605 1744.467448 -99.700699 1695.49711 679.956736 79.17412 0.007939 -0.012189 -0.009839 0.044665 -0.048866 0.127399 -0.053893 0.014997 -0.036069 0.067214 -0.032464 0.086222 0.001033 -0.002279 0.117631 -0.007327 -0.000571 0.159391 -0.002029 0.125876 8.9e-05 0.260436 -0.002112 0.234471 -0.039741 -0.063037
]