01-31-21_Dhruva_4K+Depth.lion_above_bed.0000000008 [ 81.597574 394.93124 122.179919 1746.470574 197.237416 3427.411566 254.19568 3955.270448 251.08086 3968.308282 212.570822 3810.794212 -55.097368 364.784669 -104.559787 1375.612207 -165.98847 2045.588562 -194.574541 2341.970634 -171.880302 2173.962904 -148.083921 2119.549196 838.440904 267.93548 0.0 0.0 0.0 0.0 0.0 0.0 0.0 0.0 0.0 0.0 0.0 0.0 0.0 0.0 0.0 0.0 0.0 0.0 0.0 0.0 0.0 0.0 0.0 0.0 0.0 0.0
79.786541 399.223264 125.619682 1768.510758 191.830109 3611.402072 250.265032 4224.550477 235.55898 4246.381244 195.953483 4069.922414 -53.30908 369.847028 -103.62529 1425.640472 -178.248865 2223.306811 -214.430674 2537.735321 -187.776308 2414.501368 -159.677005 2361.637468 843.965269 256.854716 -0.010162 0.011598 0.023875 0.069101 -0.037578 2.405113 -0.015314 4.433556 -0.247606 4.707831 -0.338108 4.261388 0.014751 0.017443 0.002097 0.446769 -0.218403 3.700896 -0.482266 3.928438 -0.351455 6.309143 -0.218428 6.543976 0.00907 -0.116996
83.834312 386.948321 130.31771 1720.325519 185.256584 3455.075742 236.05644 4034.446552 220.065908 4044.102648 184.605866 3876.024693 -51.009078 368.854271 -101.326628 1386.871433 -171.454059 2160.085389 -209.268335 2488.342733 -183.538981 2380.67687 -155.515419 2326.067485 805.553506 219.071941 0.050076 -0.095834 0.043123 -0.332765 -0.057301 -1.729356 -0.207607 -2.188177 -0.263489 -2.468054 -0.169221 -2.366107 0.025358 -0.000667 0.012891 -0.267218 0.066019 -0.455943 0.03145 -0.242703 0.024178 -0.119298 0.027475 -0.134953 -0.447301 -1.502116
80.352533 395.635512 130.214102 1722.273183 193.769724 3497.258984 250.690097 4063.967734 236.768074 4097.972634 199.109143 3934.853915 -50.074179 360.508092 -97.522679 1345.46161 -175.714385 2155.40624 -222.034746 2473.232363 -192.706014 2384.900344 -162.976555 2334.27045 856.681915 230.431425 -0.036922 0.048218 -2.1e-05 0.000551 0.095617 0.127974 0.220025 0.053807 0.305423 0.178211 0.274188 0.221545 0.004323 -0.047755 0.036388 -0.313811 -0.026142 -0.002537 -0.188982 -0.023009 -0.111692 0.001872 -0.087406 0.007219 0.786511 0.143557
74.058495 395.131093 115.263883 1705.837601 173.3567 3404.709607 228.818472 3938.01355 217.452379 3981.193064 180.852711 3826.877279 -54.633222 368.552808 -98.265628 1395.72021 -179.307708 2169.189899 -224.14476 2492.460341 -200.854276 2410.389727 -170.652601 2360.756263 836.283879 196.027331 -0.128331 -0.000161 -0.455676 -0.039399 -0.567944 -0.620531 -0.49907 -0.991344 -0.410885 -0.844034 -0.438847 -0.75109 -0.099299 0.044385 -0.00141 0.460776 -0.018185 0.021966 -0.004989 0.037227 -0.08436 0.067745 -0.088316 0.074707 -0.122889 -1.390022
75.417039 403.77314 124.44507 1755.132646 176.569841 3549.48979 228.370854 4112.749502 207.508067 4142.116407 172.946579 3978.954729 -52.688312 367.320712 -96.584922 1389.336528 -174.125619 2200.836508 -218.954446 2530.15602 -190.725726 2419.15312 -161.653641 2370.055199 796.113808 230.262078 0.006174 0.046743 0.175891 0.351076 0.014752 1.50726 -0.000219 1.896482 -0.116367 1.594108 -0.088348 1.481568 0.017625 -0.001031 0.007249 -0.007316 0.037992 0.11459 0.0304 0.141459 0.131014 0.007951 0.12187 0.009139 -0.494328 1.376898
76.057816 395.753959 127.910824 1704.661566 186.021754 3472.896369 240.785316 4044.272841 222.611269 4078.104824 185.999805 3911.773577 -50.023536 369.003446 -91.021107 1415.629179 -168.770629 2216.671599 -214.867829 2536.420185 -190.22286 2422.482418 -161.001881 2371.897149 824.395798 214.368272 0.001355 -0.040217 0.0238 -0.368153 0.123216 -0.417716 0.16428 -0.287429 0.265249 -0.249236 0.237421 -0.285993 0.034574 0.001923 0.082521 0.123231 0.041817 0.028381 0.019248 0.003872 0.000332 0.001145 0.000658 0.000358 0.246815 -0.284162
72.609109 390.295817 118.611077 1667.95087 183.003917 3328.490346 237.475451 3849.994258 225.564798 3872.408572 188.841741 3728.141564 -53.240559 366.077109 -91.710712 1457.9313 -169.064772 2258.627379 -213.49377 2558.089281 -190.147318 2434.77183 -161.42675 2393.066056 829.912751 166.030247 -0.040006 -0.01895 -0.175473 -0.199803 -0.01234 -1.533176 -0.011453 -2.390968 0.009732 -2.66134 0.010774 -2.207196 -0.050123 -0.005825 -0.001301 0.311385 -0.000128 0.196671 0.002204 0.046084 8e-06 0.015547 -0.00028 0.047023 0.009199 -3.083705
68.910737 382.478841 110.128221 1608.315778 178.595756 3205.920617 232.020172 3695.640522 225.02094 3728.07551 189.460903 3595.485041 -50.750453 359.526714 -95.49524 1373.560677 -171.256892 2222.2738 -216.13184 2534.339872 -186.969308 2427.827713 -159.157806 2377.197415 822.219498 138.885676 -0.048333 -0.039537 -0.157349 -0.542788 -0.02687 -1.149657 -0.031695 -1.578898 -0.000328 -1.370565 0.000507 -1.201536 0.029818 -0.029567 -0.038258 -1.257285 -0.00706 -0.147471 -0.008099 -0.05538 0.013391 -0.004958 0.008029 -0.026394 -0.017912 -1.210651
72.368211 384.98591 114.379997 1654.783249 187.143762 3331.593704 242.508982 3802.581784 236.806045 3843.253792 199.69596 3722.283207 -50.057984 366.958217 -94.463176 1388.882229 -169.941744 2239.602469 -215.10668 2554.760525 -186.117043 2451.645947 -157.838233 2400.434839 842.79755 155.74749 0.042313 0.004095 0.040264 0.330872 0.099905 1.208042 0.115934 0.762648 0.150393 0.876121 0.134617 1.098626 0.002378 0.038011 0.002804 0.04249 0.002535 0.03365 0.001219 0.04097 0.000973 0.058132 0.002747 0.056511 0.127168 0.482895
71.989482 375.876947 118.087017 1679.621955 188.162022 3542.811005 243.440029 4109.799644 237.830684 4198.21004 200.151649 4046.54331 -50.263188 360.072966 -94.008849 1411.226988 -172.369516 2256.444736 -218.691431 2576.195585 -190.476966 2475.04147 -161.040682 2422.834177 853.989536 226.31613 -0.000497 -0.054528 0.029559 0.092516 0.001381 3.245611 0.000892 5.966498 0.001106 7.837837 0.00026 6.770035 -0.00021 -0.032604 0.000548 0.089157 -0.008609 0.031546 -0.014812 0.044774 -0.025239 0.05555 -0.016081 0.052012 0.036911 6.573704
71.525924 380.031667 121.046522 1713.302847 190.274161 3604.802504 245.879042 4196.263239 243.214559 4268.402619 203.932709 4101.620602 -50.70817 359.625724 -93.053279 1415.44742 -171.368219 2249.196806 -217.748069 2563.115825 -190.111978 2462.376381 -160.66301 2416.574544 863.387003 246.825331 -0.000749 0.011418 0.018314 0.167176 0.005894 0.268832 0.006079 0.450042 0.030129 0.290971 0.01769 0.186149 -0.000981 -0.000139 0.002441 0.003151 0.001458 -0.00583 0.00102 -0.016644 0.000175 -0.016244 0.000222 -0.004048 0.025712 0.444714
70.698992 366.788623 117.195319 1666.904048 190.635765 3434.745879 248.203332 3944.386411 244.208896 4007.737283 205.081036 3868.826022 -50.559215 355.602157 -92.342482 1410.112571 -175.947938 2202.83781 -222.822708 2499.262447 -197.702026 2395.232109 -167.679272 2350.47464 881.367829 206.369994 -0.002404 -0.117426 -0.03113 -0.318464 0.000172 -2.054356 0.005467 -3.897547 0.001014 -4.105977 0.001612 -3.400366 0.00011 -0.011318 0.001363 -0.005036 -0.030195 -0.241374 -0.029227 -0.402717 -0.074281 -0.464073 -0.074973 -0.458293 0.092654 -1.809273
67.041934 360.127653 111.485654 1591.168013 191.621551 3253.77834 250.719825 3706.059904 249.320259 3780.108744 210.18513 3656.698202 -54.166915 355.345091 -100.358473 1357.299951 -179.366376 2196.043015 -225.271539 2505.133251 -196.760309 2415.252085 -167.253108 2360.048957 889.053846 152.210814 -0.048556 -0.030519 -0.07129 -0.880386 0.001271 -2.448615 0.006346 -3.713072 0.026469 -3.327353 0.031369 -2.9903 -0.062159 -4.6e-05 -0.166797 -0.503977 -0.016445 -0.005248 -0.006691 0.003444 0.001124 0.041659 0.000271 0.00973 0.016684 -4.113632
64.232881 354.92275 108.575666 1551.451597 189.234287 3177.085089 246.368004 3625.119926 245.004164 3702.023849 207.154554 3583.145567 -55.254011 348.164402 -101.605394 1361.849327 -175.656712 2204.630398 -220.506555 2518.514423 -190.835963 2417.929605 -162.431351 2356.712074 868.301019 136.23118 -0.030058 -0.018944 -0.019241 -0.250978 -0.007482 -0.457331 -0.01905 -0.446823 -0.018843 -0.407465 -0.011004 -0.373636 -0.0054 -0.036647 -0.003849 0.003806 0.019382 0.008379 0.025468 0.017821 0.045279 0.000742 0.035262 -0.00118 -0.122541 -0.442975
64.637559 353.758401 125.525037 1538.59596 217.635941 3187.943513 279.04748 3645.390259 279.519033 3726.655393 238.034792 3609.699957 -52.740027 340.726583 -97.778247 1356.60931 -179.579977 2235.245253 -226.366347 2554.326564 -202.920124 2467.021749 -174.347725 2406.307467 958.758532 129.44103 0.000635 -0.000957 0.614391 -0.026742 0.992502 0.009262 1.017274 0.028257 1.136812 0.040836 1.072284 0.049017 0.029265 -0.040153 0.036734 -0.00505 -0.021665 0.105553 -0.038421 0.126411 -0.185472 0.246686 -0.210887 0.258215 2.240645 -0.086787
66.889216 344.188566 136.966335 1465.707728 235.83277 2906.301984 302.197917 3271.108522 299.053526 3319.093829 255.362759 3236.673908 -56.874964 342.045546 -108.540889 1342.688696 -184.970477 2247.18119 -228.152476 2588.570759 -201.816227 2506.636458 -174.050593 2431.032045 992.210181 56.930897 0.019275 -0.065611 0.249466 -0.884311 0.365249 -6.511417 0.461213 -10.134429 0.329868 -11.797582 0.30437 -10.169753 -0.078018 0.001274 -0.280908 -0.035895 -0.039856 0.015892 -0.00351 0.114009 0.001505 0.157766 0.000127 0.063186 0.286805 -14.683908
72.562644 345.651493 142.00504 1378.447994 241.380487 2718.582756 311.474924 3153.66643 304.499028 3188.388769 260.048769 3079.68542 -54.735701 336.391366 -106.456678 1268.122567 -186.219108 2166.180306 -234.676834 2518.026724 -207.066717 2446.264163 -178.077018 2368.092139 1013.767353 49.085393 0.115456 0.001551 0.045508 -1.338895 0.032248 -3.133249 0.070125 -1.073485 0.024566 -1.312761 0.021303 -1.951218 0.020504 -0.023562 0.010103 -1.065041 -0.0021 -0.74339 -0.045988 -0.487281 -0.033712 -0.367961 -0.023021 -0.412742 0.115835 -0.290693
73.83958 330.164951 161.887365 1295.420703 279.541655 2610.749114 365.474073 3014.023198 332.802479 3079.727263 278.625173 2986.177691 -54.258638 333.591989 -109.725328 1251.577273 -204.799708 2146.864681 -262.36276 2485.440622 -231.255072 2416.07001 -198.886746 2335.650201 1118.89901 40.217861 0.005569 -0.177463 0.651103 -1.289367 1.399666 -1.091064 2.15715 -1.58104 0.628808 -0.941927 0.320403 -0.720773 0.001044 -0.005848 -0.024712 -0.054322 -0.44171 -0.043252 -0.771675 -0.106113 -0.667914 -0.093751 -0.574823 -0.111878 2.592855 -0.44135
73.273377 331.380755 202.965042 1228.112819 367.544706 2448.239152 466.109972 2885.600861 419.444966 2943.50281 356.86259 2841.519303 -56.908818 340.749248 -120.233286 1257.677801 -221.041832 2132.724607 -282.174557 2470.020177 -247.339605 2385.348631 -212.983722 2314.777929 1310.975078 29.311688 -0.00109 0.001117 2.319783 -0.89778 6.01209 -2.610829 6.111792 -1.397907 5.006321 -1.540658 4.834448 -1.795673 -0.031594 0.037984 -0.240206 0.007416 -0.30986 -0.02336 -0.360524 -0.023993 -0.27036 -0.098285 -0.241317 -0.04684 7.603486 -0.86068
71.922287 326.672542 215.254006 1157.826167 390.674724 2283.448712 491.711553 2665.706526 453.452237 2712.45253 389.760806 2642.335146 -57.637402 341.448 -123.416645 1229.805652 -231.743614 2043.985004 -294.099389 2372.430292 -259.013835 2277.869584 -223.524548 2217.030396 1397.886827 18.958874 -0.006286 -0.016843 0.180589 -1.035501 0.352881 -2.870448 0.342213 -4.356857 0.662698 -4.721264 0.725144 -3.61857 -0.002317 0.000358 -0.020797 -0.156158 -0.126488 -0.9428 -0.123393 -0.983464 -0.134595 -1.238767 -0.127289 -1.054291 1.394607 -1.123278
70.611916 327.224029 227.798161 1111.270427 398.538473 2105.721876 497.001697 2483.004852 449.715943 2489.957335 388.232315 2421.805522 -59.811033 340.478252 -126.581035 1204.978407 -239.818472 1993.356005 -306.750508 2331.168112 -268.343068 2222.232215 -230.953607 2160.580041 1412.834242 7.611608 -0.006023 0.000233 0.177617 -0.477649 0.039178 -3.599745 0.014153 -3.242599 -0.007728 -4.759983 -0.001501 -4.804013 -0.020116 -0.00069 -0.020028 -0.126584 -0.069141 -0.317461 -0.133202 -0.180989 -0.082526 -0.343952 -0.060723 -0.363986 0.039745 -2.544869
70.201605 326.666725 246.221236 1026.645532 408.967344 1918.666688 505.416418 2291.74488 443.656621 2297.740945 386.806698 2242.443589 -59.6632 340.590003 -131.390015 1161.209778 -249.065837 1953.190722 -318.610998 2313.132875 -274.585801 2213.011338 -237.686482 2147.696045 1416.302043 0.795847 -0.000598 -0.000237 0.358148 -1.675506 0.067347 -4.34955 0.035319 -3.832145 -0.020549 -3.860106 -0.001311 -3.449923 9.1e-05 9e-06 -0.044827 -0.40484 -0.087466 -0.204393 -0.112482 -0.035018 -0.035891 -0.009585 -0.048368 -0.019265 0.002125 -3.484985
68.313831 323.215633 267.44037 906.286217 381.676858 1614.676385 470.170261 1949.200335 412.326863 1895.742969 382.876037 1855.856664 -60.513849 335.743788 -140.775795 1113.78118 -255.900244 1893.326576 -326.08218 2263.88384 -278.518428 2171.97782 -241.643647 2104.274959 1368.608169 -9.390255 -0.012864 -0.009163 0.438464 -3.750891 -0.47113 -13.101154 -0.636897 -13.856435 -0.573541 -19.312743 -0.010037 -18.273842 -0.003011 -0.017363 -0.161885 -0.494445 -0.046252 -0.465867 -0.043292 -0.264969 -0.013981 -0.191994 -0.016335 -0.221714 -0.408428 -15.653536
67.204256 325.635012 313.927496 814.826619 358.682348 1361.801706 386.01102 1640.405474 290.745524 1543.127743 283.08191 1528.330899 -60.670299 337.491155 -146.988317 1109.024803 -261.205109 1896.365218 -331.822403 2264.730041 -283.664264 2180.185058 -246.543734 2111.751852 1148.775926 -54.904946 -0.004542 0.004511 1.861574 -2.431791 -0.357175 -10.761277 -4.1463 -13.306661 -10.592236 -18.126016 -7.519552 -15.886458 -0.000101 0.002268 -0.067069 -0.005089 -0.027211 0.001218 -0.025042 7.9e-05 -0.023551 0.007739 -0.024592 0.00663 -9.616868 -18.882805
64.919591 309.990724 323.595782 615.541338 287.017543 891.641243 284.725051 1064.41193 206.217352 997.99625 201.332004 1013.11879 -61.032362 323.915166 -149.297039 1006.225173 -262.313234 1827.231089 -335.470314 2191.302041 -281.64725 2149.590691 -244.35059 2083.783949 969.862734 -218.229709 -0.019755 -0.192551 0.073316 -13.950692 -3.989283 -49.593076 -7.691556 -62.040715 -7.241437 -59.160495 -6.947902 -52.770721 -0.000539 -0.139345 -0.008995 -2.499471 -0.001173 -0.641845 -0.009971 -0.605027 0.003598 -0.108092 0.004899 -0.09322 -7.567879 -54.211012
57.862566 303.012834 355.715802 535.340844 249.599482 549.358107 225.695694 601.342177 167.403071 548.764806 168.835138 599.677936 -62.351807 317.815626 -150.140643 1035.714346 -265.99774 1840.181707 -338.587585 2199.193466 -287.375931 2145.078485 -249.48527 2081.703962 893.447959 -523.918335 -0.202972 -0.039716 0.759793 -2.797831 -1.306162 -41.241735 -3.424816 -65.659376 -2.021618 -66.672925 -1.429204 -53.893285 -0.007055 -0.028988 -0.001188 0.212949 -0.012848 0.022866 -0.007208 0.007092 -0.028838 -0.00237 -0.026695 -0.000519 -1.567553 -65.88021
50.918231 294.726473 376.782432 416.377848 183.820019 275.121932 143.554895 270.289953 100.075521 252.184878 107.531424 311.869264 -64.200879 310.932727 -163.682163 998.680734 -280.492482 1751.86098 -353.35437 2119.552901 -296.018483 2086.618554 -257.493899 2036.412499 740.32767 -887.991734 -0.221882 -0.057439 0.303001 -7.464344 -5.020708 -46.944281 -9.252135 -65.315198 -8.612221 -56.933056 -6.884965 -46.628437 -0.013509 -0.037675 -0.292296 -0.337103 -0.192258 -1.085974 -0.157587 -0.734375 -0.06402 -0.403825 -0.063259 -0.249068 -7.191176 -47.747101
48.412297 273.247786 416.186979 292.331384 142.701046 66.849225 92.677226 39.231046 63.500939 41.568354 72.757186 79.641126 -68.15662 293.009582 -177.301001 963.417921 -289.494343 1693.394791 -357.94762 2050.31853 -297.333515 2021.798467 -260.051941 1980.667315 635.650445 -1483.563979 -0.031615 -0.406268 0.979658 -10.940466 -2.599414 -70.739242 -5.543851 -103.571903 -4.141338 -88.981063 -3.385429 -76.311282 -0.059125 -0.26601 -0.272076 -0.316897 -0.071088 -0.496123 -0.014831 -0.574805 -0.001457 -0.511378 -0.006322 -0.386808 -3.987426 -76.00127
46.308792 254.045696 377.53577 177.365333 117.389817 -0.790473 71.131512 -19.778272 51.957779 -16.393582 59.635947 -1.574168 -75.394989 285.80117 -192.686488 1046.699083 -302.458774 1717.596169 -366.581008 2049.981448 -315.72878 2032.705283 -277.512369 1993.344828 623.847182 -2414.192386 -0.02336 -0.349751 -0.94164 -14.287217 -1.234535 -82.178263 -1.423133 -114.720081 -0.578472 -110.171291 -0.651815 -103.608908 -0.182608 -0.044888 -0.320032 1.725952 -0.141985 0.085857 -0.051439 -1.4e-05 -0.276042 0.01467 -0.283638 0.020221 -0.055308 -112.728565
48.603257 242.265854 357.147858 113.492528 79.667911 -42.016043 38.795482 -123.87791 27.57628 -104.799207 34.473586 -52.192563 -71.102458 280.342664 -191.482136 1097.116049 -293.575449 1758.431484 -351.786165 2085.417603 -307.286593 2075.667647 -269.44469 2034.870081 518.969595 -3113.265492 0.027738 -0.139816 -0.282943 -7.099936 -3.644166 -31.280453 -4.86356 -44.659394 -3.82931 -38.294433 -3.426239 -35.638317 0.062901 -0.026315 0.001888 0.59292 0.066202 0.239869 0.152367 0.151829 0.057201 0.224641 0.059503 0.214039 -4.822543 -44.385073
49.80536 228.464045 347.478474 39.60219 60.30274 -140.425912 23.134088 -281.909916 14.96877 -237.792148 21.155233 -149.765187 -68.761341 284.801444 -186.007852 1196.565513 -278.878837 1927.053227 -330.811682 2256.941239 -293.900813 2214.997829 -258.434376 2168.545484 441.524527 -3904.284505 0.007342 -0.202378 -0.066348 -19.011868 -1.346074 -28.817203 -2.013025 -32.037047 -1.910927 -26.867244 -1.61783 -25.134347 0.019595 0.017589 0.039696 2.15698 0.188684 3.859491 0.322322 3.388923 0.149039 2.262821 0.114837 2.126085 -3.127306 -44.724395
52.367516 206.171433 342.337568 20.150721 57.929144 -210.137281 22.234669 -381.810507 13.732067 -326.999584 19.631731 -218.755385 -65.837402 285.336829 -173.702334 1166.253434 -250.392721 1926.690069 -298.648783 2264.231264 -260.283736 2227.39512 -226.737407 2179.965061 393.585594 -4261.271709 0.03213 -0.572075 -0.019157 -3.254675 -0.023828 -7.00115 -0.008916 -7.561394 -0.026657 -7.089541 -0.028463 -6.515372 0.031763 0.000251 0.210545 -0.194441 0.767137 -1.7e-05 0.822234 0.005877 1.020553 0.017298 1.036511 0.014994 -1.377086 -7.807234
49.718828 201.052542 309.377005 6.91668 50.571167 -251.309048 19.672264 -442.753086 11.460575 -369.900003 16.69179 -257.27095 -57.238118 275.432851 -155.605223 1143.62743 -236.575602 1927.934578 -279.207209 2268.699384 -247.566134 2232.732998 -215.594143 2186.059515 365.5584 -4420.200542 -0.034367 -0.032174 -0.834026 -3.455871 -0.249779 -1.840411 -0.078413 -2.255183 -0.102613 -1.321706 -0.119171 -1.560717 0.300783 -0.087466 0.49764 -0.110817 0.196061 0.000201 0.327142 0.002202 0.159262 0.003194 0.140383 0.004254 -0.517551 -1.454851
52.247674 198.222732 298.890586 3.079572 46.789549 -279.121688 17.089655 -483.669243 9.529214 -410.168031 14.107973 -293.910368 -53.54299 279.199242 -143.369133 1147.324456 -226.584855 1958.035292 -268.50322 2306.905895 -233.916479 2269.391732 -201.780665 2236.871259 337.871115 -4609.152401 0.031363 -0.010028 -0.090399 -0.765777 -0.073469 -0.729667 -0.090829 -0.903988 -0.089045 -1.040035 -0.108571 -1.219139 0.061643 0.012789 0.250497 0.002983 0.107767 0.116582 0.104605 0.159516 0.193517 0.14925 0.228649 0.291879 -0.545103 -1.977258
56.367256 198.068688 282.752069 4.05294 42.520467 -262.844259 14.946824 -456.508829 7.77561 -396.944189 12.15229 -286.420407 -49.825006 279.631651 -133.832367 1076.063531 -195.984439 1978.943842 -234.120999 2345.743061 -191.094516 2322.370377 -163.324941 2267.103141 275.964263 -4639.576449 0.078153 -3e-05 -0.223936 0.06673 -0.102091 0.244494 -0.071744 0.392395 -0.089081 0.108338 -0.072924 0.048336 0.066887 0.000167 0.164099 -1.142271 1.109423 0.055521 1.177344 0.162096 2.162765 0.305638 2.030874 0.101463 -3.12971 -0.050041
54.352812 203.764465 278.407725 4.719911 45.44971 -221.605973 17.670376 -387.281832 9.317355 -324.960955 13.837738 -229.334717 -50.303891 267.798321 -136.088461 1050.836148 -181.861288 2037.712801 -224.744833 2430.652215 -176.319255 2411.759153 -154.071054 2338.978919 266.700267 -4507.287877 -0.018327 0.040369 -0.016817 0.025391 0.048783 1.758373 0.113908 2.844585 0.069673 3.597793 0.054708 3.168964 -0.001145 -0.12791 -0.009429 -0.149618 0.26404 0.429957 0.095803 0.754767 0.297208 0.843985 0.13493 0.560828 -0.07908 0.956677
66.033758 190.365475 317.115603 6.346117 59.054273 -193.53246 25.591831 -360.318371 16.183838 -301.445255 22.786393 -201.816523 -42.61769 266.353995 -130.420611 1047.086336 -166.360661 2069.529736 -201.373955 2483.767035 -149.171435 2451.598727 -126.984588 2386.255086 263.623608 -4472.372691 0.568033 -0.227824 1.2593 0.120142 0.88932 0.950316 0.731405 0.4864 0.941831 0.441553 1.11007 0.879069 0.318436 -0.001953 0.060276 -0.003351 0.345166 0.123237 0.641381 0.28704 1.134119 0.163181 1.308261 0.236506 -0.008925 0.06788
62.346818 188.688931 311.602327 4.458208 58.347352 -129.392107 25.041753 -216.35984 15.885163 -171.005838 22.599278 -114.699429 -47.718646 266.543281 -134.563933 1060.247522 -166.051369 2079.4834 -197.605742 2505.146825 -147.670121 2491.005717 -124.419804 2409.644448 260.421459 -3967.349091 -0.052953 -0.003708 -0.024174 -0.166222 -0.002128 6.433981 -0.002988 18.257491 -0.001391 18.363443 -0.000386 12.225039 -0.144131 3.4e-05 -0.032395 0.041099 0.000144 0.01194 0.017795 0.045811 0.003797 0.157097 0.013083 0.057035 -0.009783 15.123577
72.378048 167.951837 328.023631 2.420765 62.941374 -71.936138 27.151277 -109.491288 18.417344 -86.130664 26.54423 -52.702504 -43.073463 266.503579 -120.053164 1100.409427 -153.141292 2081.265193 -187.084569 2516.852611 -142.64594 2522.000282 -117.814036 2429.097353 263.574931 -3540.271619 0.373967 -0.603396 0.210829 -0.308654 0.087035 8.372618 0.042649 18.02314 0.093589 14.411585 0.158595 11.903417 0.118908 -1e-06 0.413825 0.373293 0.261188 0.000382 0.143902 0.013643 0.043477 0.095818 0.090087 0.039103 0.009489 12.157178
73.805524 160.783649 344.000661 1.630412 67.709466 -32.476934 30.712885 -51.821844 21.321199 -31.232983 30.02299 -13.876533 -41.214351 256.581058 -116.094007 1055.884898 -154.003809 2041.157839 -190.709263 2471.32332 -147.722638 2481.091595 -121.264797 2384.789297 281.286855 -3069.071891 0.00697 -0.078162 0.18995 -0.077844 0.087035 7.743217 0.109715 10.660678 0.10624 13.63096 0.107069 12.492882 0.020505 -0.09412 0.033191 -0.459734 -0.001211 -0.195108 -0.017389 -0.207787 -0.044383 -0.167251 -0.024905 -0.203915 0.287958 16.818011
78.193092 155.325488 359.030682 4.77426 67.154376 -15.332616 29.414946 -26.83828 20.315111 -13.595861 28.963148 -3.516233 -37.960104 248.830913 -106.553007 1011.102136 -143.805313 1956.771875 -182.026105 2368.544355 -138.972933 2382.036667 -113.130494 2290.792085 265.556582 -2755.55385 0.063339 -0.047126 0.160681 0.824704 -0.001142 3.179679 -0.01401 4.073016 -0.012157 3.615288 -0.009522 3.422351 0.066907 -0.059425 0.204522 -0.485182 0.174675 -0.890684 0.101154 -1.091425 0.133548 -1.008908 0.141186 -0.944949 -0.226292 8.443878
79.358952 154.665573 372.793026 8.10292 63.447515 -7.96375 25.584866 -16.529128 17.756471 -5.994689 26.208421 -0.259233 -35.819199 239.053144 -112.576006 991.45688 -150.240206 1934.216757 -186.001593 2373.581985 -140.548451 2388.003121 -116.338051 2295.42882 258.217772 -2633.291229 0.004314 -0.000702 0.129416 0.437655 -0.052616 1.196129 -0.133522 1.243146 -0.086075 1.534752 -0.068815 1.865992 0.031069 -0.097989 -0.08279 -0.096363 -0.070419 -0.065374 -0.021473 0.002676 -0.00444 0.003731 -0.022419 0.002344 -0.051416 1.387131
71.504704 177.015041 356.788392 25.392893 67.218036 -1.93398 29.242348 -8.013785 20.225561 -2.465437 28.558373 0.10332 -39.185457 261.571637 -112.386424 1037.953551 -146.517389 1965.827969 -178.336333 2392.206994 -137.402243 2389.413227 -114.504655 2296.193211 263.060956 -2545.383695 -0.204592 0.753838 -0.175566 4.807377 0.054413 2.048721 0.12213 1.524583 0.080339 0.771295 0.050439 0.689869 -0.075578 0.506706 8e-05 0.532722 0.023352 0.128112 0.080643 0.036394 0.017807 0.000208 0.007281 6.4e-05 0.022499 0.746165
72.029895 183.14739 408.756912 55.153571 76.818383 -0.288707 32.973217 -5.792735 23.335578 -1.311679 32.927506 1.358578 -39.215162 269.328273 -114.9637 1048.632108 -147.488808 1966.066482 -179.770848 2398.859167 -135.599806 2389.878402 -113.342657 2298.967534 271.439602 -2503.167798 0.000961 0.05221 1.765961 5.699721 0.320298 0.728225 0.111965 0.179821 0.111161 0.180528 0.15543 0.712583 -6e-06 0.056667 -0.014609 0.027325 -0.001605 7e-06 -0.002873 0.004618 0.00595 2.3e-05 0.002963 0.000837 0.065674 0.176507
73.353809 188.232711 411.811911 93.316082 77.292941 -0.496564 32.781691 -9.367556 23.3403 -4.21443 32.550176 0.145396 -39.564896 279.366337 -120.892004 1089.507915 -148.041419 1968.55965 -180.254512 2398.302338 -136.298462 2388.764419 -113.861499 2298.124674 272.44385 -2593.65052 0.006028 0.034818 0.005687 4.988433 0.000731 -0.028009 -0.000279 -0.427502 0.0 -0.823778 -0.001087 -0.615083 -0.000776 0.091828 -0.074517 0.390757 -0.000517 0.00079 -0.000325 -3.2e-05 -0.000898 -0.00013 -0.000592 -7.7e-05 0.000927 -0.803223
79.200057 191.146387 409.317703 195.450475 90.787255 -0.129163 43.566078 -13.481872 32.711632 -9.479306 40.853767 -0.236809 -42.19229 280.126592 -122.327412 1081.777549 -150.291424 1921.004883 -176.565802 2351.648452 -131.405115 2327.890828 -111.863645 2237.358274 295.242272 -2634.468023 0.112063 0.011189 -0.003788 18.665298 0.542571 0.119219 0.765504 -0.373468 0.78895 -1.052554 0.471171 -0.753318 -0.042229 0.000517 -0.004236 -0.013761 -0.008485 -0.290719 0.019067 -0.229122 0.044726 -0.392836 0.008842 -0.407092 0.45798 -0.15934
81.955097 200.049923 415.217561 339.290485 107.048563 0.090186 59.560529 -13.741566 45.629667 -14.709637 52.108047 -0.255626 -43.592716 285.499658 -135.914128 1123.432746 -147.291909 1796.601532 -165.931341 2210.066758 -121.857827 2057.516662 -107.85282 1983.262226 316.622763 -2420.164938 0.023551 0.101334 0.021108 19.708975 0.66944 0.435206 1.247882 -0.001239 1.072395 -0.572241 0.683756 -0.00036 -0.011432 0.025521 -0.357663 0.393457 0.015117 -2.082056 0.165139 -2.197661 0.180017 -8.342644 0.036611 -7.655677 0.373665 4.544986
82.607628 208.006705 400.184987 475.966609 113.948396 2.994842 60.296075 -10.791184 46.680753 -13.688049 57.822855 -0.127082 -48.313643 289.113251 -174.56194 1141.847367 -148.935733 1663.322612 -156.967642 2061.328826 -113.015521 1866.49734 -99.18246 1806.647329 304.963607 -2199.864643 0.001294 0.077583 -0.13858 11.538383 0.107737 2.045621 0.002257 0.178057 0.005984 0.018381 0.148644 0.022234 -0.121329 0.011363 -2.414815 0.074848 -0.004561 -2.567956 0.12444 -2.590451 0.166503 -4.652127 0.181631 -4.117483 -0.109356 5.25536
88.054931 210.830528 418.790913 541.622547 124.294976 7.9935 73.051499 -9.801001 58.193792 -12.540772 64.651792 -0.045304 -47.375871 291.589897 -187.718158 1169.406658 -130.811146 1558.321499 -109.105594 1879.427336 -75.030352 1628.855085 -73.409003 1596.340986 265.380124 -1927.242669 0.086957 0.009519 0.211377 2.120305 0.224775 1.202787 0.611465 0.02382 0.633861 0.025104 0.190532 0.020632 0.004595 0.005281 -0.238963 0.164314 0.587757 -1.711574 4.340183 -4.200437 3.876447 -8.087776 1.935253 -6.504734 -1.375261 9.014061
103.498942 201.174558 451.819681 538.940876 147.132591 14.528051 93.212383 -4.605826 77.744362 -10.33315 82.781997 -0.028503 -45.552597 285.432134 -199.075839 1205.961921 -104.5632 1414.74864 -73.813461 1643.093954 -51.59952 1362.327893 -53.253042 1353.995666 256.017823 -1609.955275 0.623601 -0.113167 0.62674 -0.003328 0.962472 0.968827 1.226864 0.969311 1.413224 0.106781 1.118999 0.001938 0.017888 -0.032858 -0.166787 0.281297 1.468108 -3.46867 3.436894 -7.936994 2.18663 -11.89802 1.614011 -9.97016 -0.084062 14.259113
103.348068 195.760708 458.770268 518.257784 156.958457 15.49896 104.650193 -3.720587 87.666022 -9.121393 91.988334 0.002433 -45.327915 277.44525 -221.839927 1196.798611 -86.064794 1094.749586 -51.591043 1184.399451 -34.98209 967.383635 -39.43049 998.427874 233.404433 -1164.376112 -5.5e-05 -0.036922 0.026528 -0.202342 0.158789 0.015701 0.330868 0.047192 0.297829 0.037775 0.242649 0.047593 0.000278 -0.056667 -0.616018 -0.017473 0.899659 -20.485982 1.984677 -37.454282 1.609637 -33.720492 1.036524 -27.027217 -0.522696 36.015508
100.808962 195.085621 472.232266 470.138985 163.427868 18.708637 111.038764 -1.420073 95.299341 -3.052666 98.967395 2.002645 -46.650825 265.692194 -235.353101 1059.447087 -57.864153 930.265314 -24.684454 963.0854 -15.797055 787.931749 -21.808789 828.675182 188.696627 -889.071974 -0.01579 -0.000583 0.097333 -1.171995 0.065324 0.150914 0.094633 0.543485 0.1593 1.620469 0.127578 1.865459 -0.009514 -0.127178 -0.199747 -4.184596 2.789776 -6.691271 4.903325 -11.434459 3.763658 -9.197084 2.590111 -7.902792 -2.374343 18.538586
84.720149 205.253965 434.289374 398.342102 113.401172 9.119728 67.911932 -4.807155 54.395445 -5.162862 59.549397 0.982519 -52.13916 279.822605 -254.401368 1033.139769 -41.614539 723.166303 -13.15895 689.593651 -7.44706 585.332219 -12.592042 651.390642 102.096007 -700.440326 -0.698916 0.129155 -0.794407 -2.972794 -4.557765 -1.704224 -5.27448 -1.001709 -5.696869 -0.27563 -4.979191 -0.179715 -0.152572 0.18304 -0.370567 -0.16537 1.336141 -13.021268 1.797794 -22.786322 1.551571 -15.027112 1.257676 -10.656067 -13.194564 11.232397
86.148864 193.078535 413.323196 339.04169 76.711587 3.126969 33.513071 -10.856936 31.534405 -9.300352 38.045571 0.002214 -55.488905 261.071129 -284.3048 914.667734 -14.394523 688.282538 0.009653 659.617596 0.393139 561.723567 -0.555711 623.492466 24.885553 -715.581544 0.005973 -0.186121 -0.259345 -2.388338 -3.573928 -1.566415 -6.011432 -1.215427 -3.096813 -0.604436 -2.398523 -0.891458 -0.05214 -0.325132 -0.830606 -3.606267 7.059233 -0.43114 13.881407 -0.333037 11.262321 -0.242982 7.857181 -0.305283 -26.170537 -0.080953
79.495898 201.677679 387.744612 334.771711 57.837768 5.753695 20.527954 -5.643672 19.01027 -2.358293 25.527374 2.033487 -53.80902 254.135577 -288.496879 891.474749 -4.342008 666.171884 4.516478 666.492528 8.169958 581.507529 1.506693 644.788948 2.255292 -657.929715 -0.133659 0.093671 -0.408474 -0.01353 -1.330333 0.397357 -1.583241 0.845195 -1.576214 2.292118 -1.244668 1.901513 0.01291 -0.046684 -0.01534 -0.148919 2.924999 -0.180484 4.108532 0.017821 4.978726 0.171197 3.892471 0.178814 -12.15763 1.210474
97.714604 191.725156 407.310181 287.504825 39.790166 4.069571 7.931773 -6.377124 7.090624 -0.830003 12.950248 4.878497 -39.939383 242.98506 -261.057068 729.672831 -0.485355 573.2795 9.725898 554.452002 18.453685 519.353597 7.80454 595.890825 -2.666534 -561.707816 0.939005 -0.125912 0.240782 -1.797746 -1.68265 -0.145442 -2.939298 -0.022397 -2.880672 0.390161 -2.113584 0.612663 1.03165 -0.12507 0.685477 -8.094693 1.923976 -3.485875 0.986916 -5.151593 2.066295 -1.755987 2.45294 -0.96397 -9.826442 3.801583
86.46477 190.315601 329.935873 227.203007 0.082363 14.09761 -22.454886 0.768152 -20.446937 4.337439 -7.886396 22.501994 -42.014227 246.970312 -270.386337 746.403761 -0.609058 590.754799 9.746766 579.691224 18.391825 536.679751 7.340707 614.537348 -77.623113 -444.522308 -0.343896 -0.0026 -4.071477 -3.544607 -36.25189 3.018422 -57.07801 11.571834 -51.619217 8.962221 -41.0486 6.425691 -0.026269 0.016208 -0.081892 0.094823 -0.007014 0.131183 1.1e-05 0.280872 -5.2e-05 0.142143 -0.007104 0.143632 -51.515721 6.847005
84.555916 187.064473 345.295093 247.636242 3.599021 66.137669 -5.899706 42.372494 -6.827873 58.694915 -1.172679 98.457839 -44.248199 243.510666 -286.387069 688.303883 -2.05237 566.054732 6.345869 557.698401 13.980517 522.721636 4.490257 602.327288 -40.348831 -231.096115 -0.010653 -0.014004 0.174708 0.439844 2.59248 19.165383 5.334842 31.730382 3.643552 31.120876 2.976901 26.821685 -0.028932 -0.012202 -0.229965 -1.176888 -0.425349 -0.263727 -0.363464 -0.212649 -0.301968 -0.091956 -0.348515 -0.06126 6.043362 34.596182
81.84565 196.669897 342.945937 258.648817 0.378611 131.235414 -18.085728 103.96684 -17.52685 116.948218 -5.269074 165.166772 -44.961714 259.546168 -298.625401 677.053939 -2.537145 565.594507 7.099626 557.461668 13.752218 524.517368 3.955485 603.988901 -62.329547 -146.12178 -0.022073 0.120238 -0.004009 0.119785 -1.642998 11.044294 -3.326249 13.593949 -2.475865 9.941404 -1.470261 8.579804 -0.002853 0.25564 -0.128026 -0.046348 -0.025674 -9.4e-05 0.021145 -2.5e-05 -0.00094 0.00154 -0.016947 0.001144 -2.380335 9.695511
88.417404 221.12124 397.855517 316.994188 8.4407 178.168978 -2.160942 139.427574 -3.232454 161.302501 -0.001937 217.026035 -50.932268 287.82332 -333.776813 636.057758 -8.188386 452.890389 1.179887 422.206748 5.250087 405.631892 0.554725 487.556856 -16.721634 -55.350818 0.126874 0.716125 2.037803 2.964485 5.243984 3.580393 7.743516 2.597036 5.705436 3.557872 5.068943 3.534705 -0.18605 0.730888 -0.977683 -0.640119 -1.609584 -6.255048 -2.490988 -9.3817 -2.008148 -7.628859 -1.547639 -6.2275 14.483329 21.606425
93.083122 228.332214 451.108311 317.879439 28.249413 206.609986 1.324825 169.842689 0.561797 194.35627 5.797937 252.928318 -57.182575 298.674123 -380.656185 628.678981 -15.840177 420.59042 0.006131 374.436733 1.691111 371.296026 -0.070782 459.381613 -0.303486 -28.386214 0.059979 0.05785 1.671835 0.000617 5.806796 1.052551 6.869771 1.499218 6.48942 1.539286 6.011841 1.373389 -0.180822 0.100384 -1.539715 -0.021525 -1.2509 -0.597406 -1.01591 -1.433533 -0.981842 -0.759097 -1.021812 -0.419256 12.519662 4.460297
96.646263 229.331332 512.474009 319.930776 33.080295 198.838247 2.845745 160.315514 1.892876 176.824806 6.647371 235.21468 -57.420309 297.876124 -391.622385 636.732891 -15.998134 483.190473 0.034409 450.265068 1.680918 433.538578 -0.088644 519.849581 0.006291 -56.611183 0.033461 0.001091 1.956021 0.003299 0.190558 -0.074492 0.287214 -0.137489 0.392235 -0.41425 0.029022 -0.3215 -0.000247 -0.000534 -0.077863 0.02563 -0.000392 2.170591 0.01149 3.493469 -1.5e-05 2.410399 -0.001004 1.868745 0.397167 -4.823158
96.399378 243.228735 516.243097 337.120985 46.613623 186.049842 7.464148 145.152547 5.702561 156.685156 14.768287 214.504739 -55.775031 305.584344 -405.657942 689.30474 -23.884368 568.38097 -0.50329 550.698402 0.178105 513.306272 -1.35424 606.345069 3.865072 -102.79667 -0.000158 0.204397 0.006905 0.224909 1.157496 -0.212514 1.092288 -0.376565 1.024519 -0.608641 1.599474 -0.477108 0.011958 0.049232 -0.123553 1.042537 -0.787473 3.456431 -0.800891 5.051318 -0.764711 3.366029 -0.749933 3.326483 3.559497 -6.83733
99.744864 258.379809 517.330204 356.779779 58.512558 193.986296 12.393715 149.292341 10.069931 164.706867 21.860482 229.30809 -52.92294 316.316377 -397.866574 733.965125 -22.823766 624.780302 -0.284213 592.324875 0.304706 566.895556 -1.140444 662.915205 6.871287 -120.467116 0.028533 0.228871 0.000572 0.278531 0.675574 0.082879 0.621593 0.029103 0.616715 0.100124 0.693167 0.246951 0.037424 0.092607 0.037775 0.700865 0.012043 1.33371 0.031086 0.758225 0.016894 1.330113 0.009178 1.261274 0.429464 -0.700371
102.292438 262.396793 510.519492 373.03687 57.444385 152.126002 11.567161 102.335757 10.218042 107.83391 21.622913 160.939984 -55.31087 328.747149 -402.313923 776.910719 -26.492081 681.92405 -0.916272 646.118657 0.016689 622.303941 -2.052123 717.680015 9.408821 -212.043391 0.016062 0.015493 -0.022565 0.181091 -0.00492 -2.540706 -0.014261 -4.420131 0.000541 -6.000082 -0.000649 -6.035423 -0.026345 0.119785 -0.012359 0.610473 -0.136621 1.25008 -0.179865 1.168861 -0.178772 1.291523 -0.132939 1.08662 0.198975 -12.859098
95.953841 262.80551 473.278251 341.22671 50.714664 107.003488 8.333436 62.464863 7.920295 69.536183 18.073335 113.5319 -60.051299 330.93951 -411.211701 773.451376 -33.670081 752.557499 -2.985175 767.616998 -0.394209 712.425797 -4.695779 803.136338 11.848481 -336.813148 -0.101359 0.000159 -0.705128 -0.708694 -0.209567 -3.958858 -0.264488 -4.895785 -0.146127 -4.183968 -0.159017 -4.125276 -0.097437 0.003643 -0.04866 -0.003859 -0.429742 1.74004 -0.59374 5.230541 -0.573121 3.04602 -0.539419 2.40284 0.140462 -14.369862
95.658517 253.622588 470.265647 315.844762 44.02957 75.413933 6.376281 37.004698 4.816916 43.736476 14.117131 81.206238 -59.555975 315.199028 -403.01194 770.742972 -28.330699 792.5714 -1.140183 832.190504 -0.001611 761.296282 -2.878457 842.98946 4.994725 -440.086644 -0.000228 -0.08165 -0.004809 -0.490421 -0.236142 -2.75603 -0.130783 -3.313575 -0.383848 -2.977281 -0.244033 -2.701699 0.001026 -0.191754 0.04129 -0.002375 0.230336 0.518203 0.435564 1.303731 0.345414 0.810526 0.221251 0.482498 -1.457511 -6.89468
86.508228 245.495058 444.350912 316.636975 29.155419 72.693953 1.391723 32.424067 0.996264 41.380053 6.312984 78.799598 -63.41533 301.59269 -391.326612 790.078638 -18.916387 790.190893 0.001093 815.665977 0.879131 743.225378 -0.542751 822.74548 0.003662 -433.865039 -0.229956 -0.066178 -0.367208 0.000496 -1.527455 -0.024978 -1.810147 -0.151271 -1.431892 -0.032625 -1.549308 -0.0181 -0.060576 -0.150095 0.085955 0.119771 0.947433 -0.00179 1.211871 -0.082855 0.956016 -0.108529 0.921379 -0.123019 -4.727917 0.022146
86.443489 218.666178 392.803171 313.672981 12.785783 71.287108 -0.188273 34.078652 -0.49732 43.004739 0.56797 79.163221 -62.967196 271.878296 -369.99027 796.772443 -6.926802 763.266537 3.416901 772.556744 6.75194 695.985904 0.725291 769.324586 -10.914163 -392.980862 -1.2e-05 -0.776014 -1.588533 -0.006969 -3.326445 -0.006873 -2.60376 0.020586 -2.901367 0.015642 -3.093825 0.000419 0.000795 -0.770343 0.29904 0.014118 2.949516 -0.233343 3.295784 -0.585166 2.758356 -0.775484 2.522876 -0.896504 -11.317637 1.011397
83.917286 208.991645 359.14171 299.088263 0.044869 73.37086 -22.092093 39.479311 -21.513876 48.60708 -8.606956 85.445602 -55.928845 265.154029 -330.723333 781.180219 -3.575156 745.707122 5.332997 765.904791 12.223288 696.50924 3.164763 766.642981 -66.169883 -377.12023 -0.018731 -0.109443 -0.75382 -0.173595 -11.315812 0.015009 -18.201475 0.198527 -15.469244 0.171461 -13.596916 0.119929 0.208509 -0.042099 1.101095 -0.077038 0.54919 -0.10217 0.212376 -0.014381 0.805923 9.8e-05 0.859956 -0.002341 -23.336902 0.163346
81.892408 205.336891 313.812289 290.890319 -1.024211 87.79412 -33.597973 59.278583 -35.033403 72.705159 -17.300582 117.400893 -53.951519 264.435078 -315.101257 783.973221 -2.577138 728.401914 6.182713 746.005258 14.397192 681.201716 4.598602 758.083442 -94.347523 -308.814169 -0.012364 -0.016119 -1.528405 -0.056959 -1.497824 0.646693 -1.201552 2.005062 -1.639928 2.417572 -1.502182 2.532841 0.017793 -0.000488 0.188972 0.002492 0.081488 -0.10158 0.031392 -0.130963 0.088912 -0.085042 0.133559 -0.024026 -2.49254 3.409468
79.335644 204.123163 303.806199 288.95517 -1.059411 126.817801 -32.808725 98.745514 -35.448239 113.51342 -17.442658 166.268189 -54.466992 266.103712 -319.826091 782.293287 -5.50601 687.001184 2.487847 691.122548 8.320657 623.274297 1.721851 700.478975 -78.117266 -204.810286 -0.020274 -0.001799 -0.08106 -0.003229 -0.000297 3.577732 0.00469 5.007834 -0.001221 4.526408 -0.00029 4.240853 -0.001225 0.002624 -0.01758 -0.000901 -0.549292 -0.605618 -0.826672 -1.048345 -0.827751 -1.286816 -0.692626 -1.137959 0.765394 10.640088
79.202974 202.436698 290.090358 300.493981 -2.71281 182.633275 -41.185543 158.618657 -43.423109 167.659127 -22.170437 222.212325 -52.76401 272.921314 -323.926323 828.585275 -4.186766 627.661343 4.526047 586.999625 10.432435 518.606299 2.518533 605.700843 -96.423549 -96.52284 -5.6e-05 -0.003498 -0.158402 0.11295 -0.381657 5.075319 -0.475695 7.061308 -0.404215 5.2627 -0.28314 4.049293 0.013524 0.043116 -0.013058 0.665286 0.090198 -1.339892 0.302676 -4.248276 0.119283 -4.807201 0.075512 -3.443151 -0.962659 20.129495
77.072956 203.500197 319.091647 302.851049 -0.084607 197.923341 -24.751515 163.276955 -26.057929 176.870542 -10.5631 235.15627 -54.913338 283.010612 -330.98451 829.586534 -4.759346 537.718631 4.10172 467.097372 9.125984 426.708322 1.900083 519.526598 -66.025718 -54.135028 -0.014517 0.001393 0.690723 0.004604 1.839244 0.307287 2.080826 0.033708 2.205001 0.123161 2.127097 0.183199 -0.021453 0.09156 -0.038035 0.000302 -0.018342 -3.476023 -0.010441 -6.84157 -0.043683 -4.477497 -0.043495 -3.30463 2.869393 6.085856
76.512868 209.994329 309.696113 320.362755 -0.318486 244.989937 -27.030316 218.679135 -29.539699 223.331792 -12.532003 284.828402 -55.21649 285.393719 -329.396601 835.219242 -3.082868 555.036713 6.845936 505.994592 12.781649 453.163339 3.488758 543.608914 -81.183466 -40.238011 -0.001021 0.051 -0.070199 0.24608 -0.074787 2.507888 -0.050167 4.039362 -0.109129 2.706095 -0.08408 2.377931 -0.000417 0.004996 0.001909 0.009529 0.181291 0.137238 0.349522 0.777726 0.307159 0.3978 0.2395 0.272793 -0.782456 1.028819
82.165944 210.231234 329.673812 353.986407 3.4e-05 243.290464 -22.230425 208.971094 -23.592309 212.198738 -9.109785 272.977788 -53.28989 284.402948 -325.698798 856.841638 -2.922349 601.94277 7.089561 555.648708 13.393021 490.249709 3.833813 580.557839 -72.536549 -57.373662 0.10073 6.7e-05 0.312187 0.838774 0.325069 -0.002958 0.234405 -0.110205 0.333913 -0.142315 0.272291 -0.125898 0.017105 -0.000861 0.010437 0.138159 0.002146 0.95122 0.00213 1.161822 0.007141 0.72923 0.008134 0.60738 0.243392 -1.515845
77.056683 220.403276 333.148784 423.23554 0.274338 233.838452 -16.778302 182.843654 -16.523773 190.098007 -5.495651 254.285017 -56.922578 289.551645 -325.820147 885.624259 -5.353926 631.322678 3.412187 572.616719 8.555379 514.362639 1.644114 607.264864 -48.858734 -79.06697 -0.081996 0.120154 0.009109 3.091136 0.268293 -0.093632 0.382892 -0.872101 0.627655 -0.607526 0.454224 -0.331457 -0.059884 0.023094 -1.1e-05 0.237737 -0.36526 0.350006 -0.664897 0.127598 -0.539769 0.289424 -0.456682 0.300279 2.331536 -1.735597
78.013151 240.240118 338.20492 489.148674 0.814083 265.444601 -12.967092 207.726126 -13.726568 211.729398 -4.286964 280.477109 -57.288725 303.857315 -325.73279 913.442702 -10.989256 725.194316 0.217285 688.706688 2.714018 619.58463 0.030916 705.213544 -28.647821 -106.926616 0.00295 0.427319 0.01904 2.383987 0.143257 1.001387 0.245171 0.793414 0.129604 0.582659 0.074957 0.641816 -0.000587 0.172463 6e-06 0.215087 -1.0023 3.251879 -1.907361 5.353719 -1.632083 4.892469 -1.224119 3.659999 2.681525 -2.09836
79.796124 237.255194 345.098082 557.352044 4.770692 327.676601 -3.389126 274.40464 -5.369854 259.788882 -0.829178 329.154597 -57.880159 305.301625 -316.727241 1026.991237 -21.068252 886.283615 -1.889056 878.596003 -0.031523 770.822651 -1.738582 840.994852 -4.578518 -135.622919 0.010073 -0.00933 0.03477 2.224867 1.643334 3.273816 3.097694 4.633068 1.925555 2.455625 1.345383 1.946492 -0.001519 0.001712 0.06312 3.325113 -1.625655 8.071757 -3.387689 11.545713 -3.330534 8.24974 -2.233183 5.973401 10.32092 -1.703528
79.991117 253.336142 354.993441 673.182942 7.191671 396.729423 -1.129021 357.430366 -4.997363 302.188229 -0.145972 369.409393 -62.21525 326.585933 -295.551753 1144.227376 -38.744451 1169.886008 -13.207428 1271.601603 -4.46279 1076.903958 -8.720167 1111.915091 -0.015116 -238.166773 0.000119 0.263627 0.069936 5.463741 0.247544 3.298684 0.605913 5.478715 0.006694 1.601729 0.279343 1.160807 -0.078268 0.358569 0.366284 3.167425 -2.671549 19.652203 -5.106574 36.221177 -3.744164 25.527977 -2.671394 18.883193 4.067485 -14.34082
83.419295 261.336523 341.382745 844.164586 25.134003 427.317145 2.253511 383.015189 0.367471 306.884355 2.64342 375.386791 -60.032825 323.75953 -254.484656 1171.430113 -46.336337 1363.629058 -21.471322 1620.154415 -7.276284 1386.421532 -11.494742 1379.511974 10.914123 -388.743006 0.035964 0.062185 -0.133023 9.664273 5.436607 0.567887 6.57268 0.442152 8.075101 0.018105 4.031753 0.023986 0.019482 -0.006142 1.535229 0.159785 -0.339395 7.418825 -0.999027 21.08296 -0.34214 19.52285 -0.191316 14.412586 11.741584 -18.351919
87.793589 270.217835 315.191092 1205.93967 35.347632 461.473561 6.624616 367.588302 4.806796 287.136964 8.028826 362.049153 -57.406986 334.546109 -227.926194 1279.52172 -69.812211 1686.14576 -43.815507 2023.715184 -23.130046 1749.858753 -27.61921 1706.124533 49.025361 -619.322794 0.055888 0.074201 -0.522619 32.173076 0.868633 0.656562 1.150606 -0.158548 2.516178 -0.328328 1.458439 -0.120625 0.029359 0.088377 0.731624 2.384682 -2.397203 17.101176 -3.942657 22.41625 -4.460171 21.129019 -3.478257 17.334552 13.676375 -26.725075
85.465273 283.74699 313.129084 1323.349718 42.044174 448.587515 10.921942 334.166009 8.965665 213.789197 12.018743 292.389017 -54.84397 360.427632 -217.706644 1363.989392 -83.825908 1929.994945 -58.871427 2348.143203 -33.26052 2060.115833 -37.071807 1994.502735 76.763279 -946.606255 -0.015645 0.165232 -0.003384 2.726567 0.290263 -0.091235 0.534366 -0.79635 0.642934 -5.399044 0.401053 -3.717966 0.029264 0.482094 0.117196 1.349835 -0.640446 8.231175 -1.109743 12.054238 -0.917425 12.653571 -0.694329 11.253312 3.096383 -34.583457
73.351256 289.980728 278.692036 1362.824256 47.383051 385.375512 17.712093 209.561774 14.51163 124.051682 16.562174 197.260604 -58.601728 365.184587 -216.125005 1413.695135 -106.801781 2116.732204 -86.395116 2624.999501 -52.339785 2342.797117 -53.65933 2258.977799 121.970761 -1388.650443 -0.462683 0.033867 -1.002766 0.290064 0.15951 -2.399095 0.816742 -14.470108 0.664455 -12.136046 0.363439 -9.329586 -0.062253 0.015593 0.002883 0.444769 -1.389677 4.310815 -2.631291 7.712315 -2.153353 9.083898 -1.529157 8.230295 5.210134 -42.219241
70.68937 354.758262 233.820587 1463.68298 53.816278 316.360478 27.191978 128.753875 26.762773 74.10182 25.655886 133.616937 -62.147709 371.872522 -209.99705 1445.155219 -134.90606 2235.008969 -118.781085 2752.275636 -85.045519 2475.185142 -83.063968 2369.675085 207.224306 -1692.745724 -0.024598 3.262384 -1.968069 1.800052 0.204687 -3.402026 1.012074 -9.792344 1.860118 -6.398915 0.991018 -6.178556 -0.052078 0.030343 0.044065 0.173106 -1.639455 1.60763 -2.572098 1.506477 -3.949714 1.819216 -3.199414 1.323889 11.230879 -15.041915
52.354835 386.736717 176.761008 1520.858557 47.877957 258.61704 28.847688 79.322903 31.269603 44.550201 27.933628 96.543512 -71.792889 365.30317 -225.88539 1440.541606 -172.005667 2386.843129 -162.339219 2956.755228 -121.715352 2732.95502 -116.300509 2607.168345 276.370379 -2079.640778 -1.373661 0.689888 -3.984189 0.547713 -0.173529 -2.906857 0.024465 -5.956703 0.175266 -3.738993 0.048428 -3.00545 -0.34773 -0.029272 -0.289669 -0.003688 -2.250559 2.494653 -3.395054 3.663084 -3.277748 6.382898 -2.789995 5.669778 4.968902 -19.89238
44.601855 385.154161 141.863516 1492.043875 44.402487 216.853702 29.138075 55.856477 31.741194 31.221625 27.169884 76.09166 -79.683872 351.237581 -237.498414 1418.309699 -189.252572 2426.689064 -180.220183 3007.241408 -137.639687 2793.118622 -131.514254 2658.396064 301.575403 -2233.728011 -0.310474 -0.001622 -1.916848 -0.137792 -0.06547 -1.837709 0.000727 -2.052404 0.001765 -1.181487 -0.005293 -1.215732 -0.205675 -0.138066 -0.145542 -0.086445 -0.411929 0.164923 -0.466995 0.213691 -0.489337 0.327517 -0.467439 0.249198 0.549875 -2.753121
38.72505 378.408871 110.118025 1472.360491 41.275177 172.319789 32.222066 33.494078 36.311596 16.996285 29.547539 55.535601 -83.236099 319.477673 -245.788671 1397.447955 -211.84303 2382.506941 -209.711937 2948.924334 -160.708041 2755.683542 -150.793185 2636.767918 349.801382 -2339.845527 -0.207495 -0.029794 -2.007701 -0.065349 -0.057094 -2.55645 0.07755 -2.843649 0.153647 -2.146156 0.049859 -1.615014 -0.03873 -0.752374 -0.07111 -0.077283 -0.636674 -0.202955 -1.116875 -0.285499 -0.893164 -0.12628 -0.659054 -0.04417 1.787706 -1.231252
30.557828 382.142496 83.06299 1459.595781 31.246476 157.959455 23.414336 26.524626 28.076768 13.387143 21.804169 48.456039 -97.448292 302.680078 -271.24726 1379.876725 -226.439082 2366.149318 -221.161215 2931.824413 -172.029354 2743.474586 -162.504286 2624.12511 339.102933 -2373.574435 -0.483069 0.009164 -1.903913 -0.027787 -0.69676 -0.312337 -0.701594 -0.406024 -0.52876 -0.21512 -0.587172 -0.241262 -0.559815 -0.2268 -0.627164 -0.055584 -0.243113 -0.028174 -0.152144 -0.024861 -0.192658 -0.013553 -0.218958 -0.015191 -0.083077 -0.120682
24.644787 384.771569 52.288181 1458.203621 23.820617 164.998443 18.909336 30.191044 25.173284 18.522537 18.520497 55.688017 -111.588072 290.792735 -294.475262 1348.848944 -245.588644 2383.250631 -240.561542 2953.735488 -186.938746 2778.472095 -177.803109 2654.071843 349.310603 -2343.279515 -0.317602 0.004506 -3.545061 -0.000332 -0.50299 0.076718 -0.240443 0.118633 -0.079216 0.415944 -0.133918 0.251405 -0.478775 -0.119065 -0.47706 -0.176411 -0.388597 0.030789 -0.407754 0.040786 -0.309757 0.110906 -0.34406 0.084955 0.075683 0.097289
23.73023 392.57704 45.691975 1402.591056 19.894799 152.755286 15.728098 25.299418 22.090944 15.217664 16.251672 49.28255 -109.609728 275.768097 -314.750612 1285.937502 -265.22275 2368.143334 -261.7786 2949.829081 -202.98211 2783.551931 -193.233526 2656.145273 358.999399 -2387.142783 -0.008646 0.039189 -0.222287 -0.540593 -0.176634 -0.235954 -0.146398 -0.216025 -0.100615 -0.162247 -0.074097 -0.195618 0.008847 -0.199254 -0.33748 -0.751183 -0.377478 -0.024017 -0.448266 -0.001292 -0.330193 0.00232 -0.320994 0.000405 0.066268 -0.203367
16.965006 398.214406 28.518252 1428.322228 12.176654 173.354031 9.507845 36.035667 14.947239 21.083166 10.255077 59.547604 -124.800257 264.757212 -336.819711 1216.124867 -295.699636 2356.195166 -300.711412 2945.065586 -232.621143 2796.750611 -219.543207 2664.833996 365.501307 -2332.18223 -0.566269 0.020094 -2.014514 0.116942 -0.942554 0.651212 -0.778607 0.94696 -0.695447 0.477009 -0.68721 0.485191 -0.492716 -0.112161 -0.373854 -0.974147 -0.82857 -0.015109 -1.348987 -0.001925 -1.00951 0.015609 -0.83932 0.007094 0.029176 0.320042
14.406307 398.591069 14.930513 1442.524482 6.495875 170.709213 5.044991 36.81625 10.714196 22.77948 6.595331 61.521433 -134.31486 257.110409 -355.08722 1194.256474 -310.136612 2319.221277 -316.261944 2915.130617 -244.515906 2808.134817 -229.82073 2674.404079 357.597896 -2325.076972 -0.10452 8.9e-05 -2.179303 0.03513 -0.885115 -0.010166 -0.701195 0.004182 -0.351544 0.032813 -0.402232 0.016091 -0.174745 -0.056026 -0.241189 -0.099203 -0.17204 -0.1462 -0.196003 -0.076457 -0.148288 0.011561 -0.117545 0.008577 -0.043193 0.00542
10.927084 420.904144 8.771462 1466.536531 3.745514 177.743426 2.565831 41.575406 7.069705 28.347357 3.59581 66.695096 -146.117385 252.332039 -382.792884 1170.49535 -337.501558 2311.527092 -348.804584 2906.13602 -269.564068 2803.183432 -252.569273 2669.914552 363.943301 -2267.747702 -0.240051 0.303825 -0.814212 0.099102 -0.37622 0.071007 -0.415102 0.144597 -0.377442 0.304084 -0.451417 0.104424 -0.248476 -0.02241 -0.520325 -0.119379 -0.57839 -0.006392 -0.796656 -0.006949 -0.610589 -0.002185 -0.536686 -0.001886 0.027902 0.357816
10.086469 423.887285 6.337854 1451.947574 2.495477 165.490844 2.181732 34.520497 7.206849 24.03547 3.520459 58.919274 -149.670157 231.688449 -394.770163 1104.597619 -354.491962 2247.269206 -373.250048 2842.993752 -288.284112 2740.817017 -267.682553 2608.956063 386.652794 -2251.522868 -0.01682 0.005267 -0.197274 -0.036464 -0.126469 -0.218763 -0.015563 -0.327739 0.000659 -0.177768 -0.000399 -0.240902 -0.021337 -0.440427 -0.092252 -0.954559 -0.208613 -0.452892 -0.413924 -0.346754 -0.314188 -0.350802 -0.219566 -0.351975 0.34362 0.029125
6.815948 413.36155 2.804939 1426.479144 1.348053 159.452447 1.263109 33.952844 5.577781 24.480764 2.346824 57.309593 -166.417018 202.850633 -411.804411 1040.660825 -376.857293 2161.035543 -397.879296 2736.143765 -309.949692 2644.467435 -288.42966 2516.588727 398.685916 -2160.072646 -0.319432 -0.066166 -0.710167 -0.112675 -0.175269 -0.05611 -0.124741 -0.002353 -0.104216 0.002044 -0.11858 -0.011147 -0.443951 -0.957954 -0.179895 -0.95299 -0.342056 -0.843517 -0.393419 -1.023273 -0.392448 -0.861977 -0.387145 -0.832342 0.092192 0.947961
4.470802 383.526232 1.311556 1390.545835 1.004473 168.650435 0.757743 38.520149 4.266354 27.939377 1.518672 62.077223 -178.60173 165.962246 -432.521999 957.910764 -410.653237 2058.653166 -431.107402 2606.608838 -342.384881 2526.966991 -320.79492 2403.784697 423.090367 -2023.486069 -0.246324 -0.55871 -0.280437 -0.229188 -0.025225 0.128953 -0.06421 0.144061 -0.087745 0.114222 -0.089755 0.095234 -0.215225 -1.849411 -0.254216 -1.713852 -0.725509 -1.242236 -0.666205 -1.570517 -0.806865 -1.335039 -0.860315 -1.293237 0.362452 2.230262
4.435859 382.628355 0.759923 1440.856304 0.216236 176.08767 0.112926 40.8196 3.109192 29.664553 0.862085 64.714878 -176.937532 155.392129 -443.151567 927.051947 -417.268316 2053.373096 -436.84634 2610.042447 -348.101177 2552.470938 -327.087919 2426.649131 417.007436 -2031.797746 -6.9e-05 -0.000526 -0.0748 0.447012 -0.288608 0.080233 -0.285625 0.033329 -0.09134 0.025839 -0.09233 0.027439 0.003895 -0.173885 -0.064517 -0.252613 -0.026428 -0.00339 -0.018973 0.00113 -0.023662 0.064028 -0.030563 0.054114 -0.022023 -0.008518
2.828006 365.16101 0.494789 1411.277145 0.022368 172.87165 -0.005148 38.58523 2.189645 27.140221 0.328374 61.328595 -187.284689 139.494373 -465.551137 878.640084 -429.263159 2008.374689 -446.600777 2566.016425 -356.236258 2513.940342 -335.422717 2386.494574 414.283971 -2018.667328 -0.180184 -0.204035 -0.028333 -0.153385 -0.09951 -0.01482 -0.166298 -0.031443 -0.080398 -0.056117 -0.126342 -0.045496 -0.147005 -0.428847 -0.276117 -0.649095 -0.084984 -0.249267 -0.053853 -0.18724 -0.046982 -0.146517 -0.052431 -0.167501 -0.004461 0.021283
2.346952 373.689261 0.414918 1451.967333 0.080804 191.307568 0.019302 48.083319 2.669358 33.817025 0.523149 71.597625 -191.064689 137.936202 -473.754518 870.506835 -438.714151 2004.223425 -458.546496 2567.939189 -364.924365 2534.412937 -343.640582 2402.884852 430.015312 -1982.717177 -0.022407 0.049221 -0.003513 0.289143 0.018144 0.466942 0.044388 0.522024 0.023738 0.366767 0.022575 0.397253 -0.018883 -0.004376 -0.035823 -0.018909 -0.051455 -0.002147 -0.07883 0.00036 -0.052336 0.041511 -0.049727 0.028046 0.146569 0.161499
1.478671 345.739597 0.41458 1388.102319 0.101612 171.346918 0.045213 37.767587 2.638867 26.450405 0.528249 61.239846 -194.905256 122.174451 -486.69834 829.616234 -439.963988 1930.373604 -458.196458 2473.697177 -365.463704 2438.706546 -345.164079 2313.057052 430.212479 -1957.201143 -0.099837 -0.543124 -0.0 -0.718161 0.001191 -0.549738 0.005432 -0.622016 -8.8e-05 -0.451913 1.2e-05 -0.404431 -0.019108 -0.477991 -0.087225 -0.491812 -0.000889 -0.693118 6.7e-05 -0.880898 -0.000199 -0.921008 -0.001685 -0.855584 2.3e-05 0.082625
1.491266 348.505199 0.082329 1373.312944 0.009734 166.130566 0.001672 35.193189 2.086599 24.530201 0.270081 58.344575 -202.106938 117.896991 -504.265478 821.216035 -429.586647 1915.091377 -441.093542 2459.690172 -349.519844 2404.730306 -331.4145 2282.092726 405.617847 -1943.509469 2.7e-05 0.005509 -0.127412 -0.039604 -0.048445 -0.040317 -0.029496 -0.045433 -0.032383 -0.036175 -0.042896 -0.035054 -0.065324 -0.03811 -0.155721 -0.021372 0.061925 -0.030367 0.162648 -0.019885 0.177793 -0.119171 0.139725 -0.104327 -0.361932 0.024029
1.734867 358.997705 0.366262 1415.757908 0.009902 175.243247 -0.000359 39.708882 1.806083 27.168641 0.203341 62.294447 -199.317948 124.0475 -494.069656 851.043333 -418.690654 1981.853375 -424.852268 2541.531326 -337.377504 2477.703559 -322.031066 2346.411986 388.552882 -1985.966279 0.00921 0.077808 0.101293 0.322989 1e-06 0.121649 -0.003579 0.136245 -0.010121 0.06737 -0.004728 0.064679 0.009689 0.078189 0.052065 0.266029 0.069982 0.571921 0.15232 0.669679 0.107329 0.545363 0.067376 0.446923 -0.183365 -0.229373
2.417975 353.773087 0.559642 1397.631227 0.032175 173.049828 -0.000237 39.853582 1.61395 26.933408 0.194163 61.865347 -196.264241 123.807035 -491.326219 853.950519 -415.913673 1969.265416 -422.30167 2523.057034 -335.010316 2443.182086 -319.629986 2316.762808 383.129748 -1957.072727 0.056568 -0.019149 0.020419 -0.058396 0.006378 -0.006907 1.3e-05 0.000132 -0.005401 -0.000511 -0.000106 -0.000741 0.011787 -0.000117 0.003819 0.002479 0.00462 -0.020052 0.00384 -0.033695 0.004167 -0.121091 0.004492 -0.094258 -0.019056 0.105864
4.098751 361.907004 1.899261 1416.979331 0.468475 178.664425 0.181923 44.833312 2.735614 30.470543 0.761816 67.170252 -184.071431 133.718616 -470.236048 881.108611 -397.979885 1995.33228 -403.591529 2551.361077 -318.892255 2459.702587 -303.321844 2335.720344 380.699563 -1942.638752 0.22048 0.046224 0.396957 0.066502 0.255104 0.044817 0.195283 0.146535 0.147115 0.10908 0.186781 0.109094 0.195489 0.190808 0.231316 0.21256 0.197606 0.085695 0.211961 0.078938 0.198677 0.027833 0.213501 0.038623 -0.003866 0.026712
6.709462 383.931796 4.037727 1355.065527 1.102666 155.581357 0.579796 32.590111 3.479713 24.670804 1.327014 59.082446 -167.617222 154.510612 -441.212599 931.945137 -375.039959 2060.330915 -382.355579 2615.584758 -298.667427 2534.339121 -282.915361 2410.953372 366.622777 -2058.913203 0.320045 0.32527 0.398505 -0.691511 0.133683 -0.798013 0.11217 -0.974156 0.044702 -0.305855 0.077919 -0.259321 0.385127 0.750914 0.462217 0.712847 0.340454 0.520888 0.286945 0.399157 0.331266 0.557757 0.355275 0.596245 -0.132589 -1.68967
10.911248 378.885971 8.03871 1321.403743 2.685763 134.798567 1.563197 21.78074 4.932709 15.425436 2.52441 45.465061 -152.101632 163.804121 -411.91715 959.664745 -350.12006 2055.805196 -358.791516 2590.795168 -278.331748 2498.006324 -262.177039 2378.843868 357.370588 -2120.836106 0.508305 -0.016689 0.682032 -0.211689 0.346628 -0.744678 0.23896 -1.085328 0.126431 -1.080453 0.190863 -0.890631 0.376699 0.135695 0.503134 0.203112 0.428309 -0.002488 0.374693 -0.059017 0.358465 -0.13116 0.394643 -0.107628 -0.059121 -0.458718
19.977034 399.174199 20.925955 1364.638753 7.659602 144.216064 5.06944 24.130871 9.438903 17.032279 6.198863 50.215765 -123.393404 208.384131 -360.436345 1049.149549 -305.660151 2167.549141 -313.171486 2711.073162 -238.832479 2590.313261 -224.619305 2469.209607 343.230667 -2187.255369 1.360372 0.264557 3.024913 0.347982 1.274119 0.158978 1.002527 0.060189 0.724728 0.039798 0.811643 0.118013 1.499867 2.6795 1.717622 1.994088 1.508859 1.478552 1.550376 1.364487 1.510617 0.837337 1.451006 0.842263 -0.142704 -0.512034
23.049078 359.295348 31.037588 1312.036445 10.374452 139.686907 5.576683 24.854491 8.565581 14.440806 6.094299 46.294759 -114.632125 208.6076 -333.375002 1068.595412 -276.131824 2189.047603 -282.093262 2736.968332 -214.358323 2584.35524 -200.940195 2457.633151 308.62346 -2212.427452 0.109811 -1.049102 0.99331 -0.516923 0.205518 -0.03613 0.012091 0.005345 -0.021193 -0.106872 -0.000445 -0.079684 0.161298 6e-05 0.52795 0.089281 0.749825 0.053044 0.811836 0.061542 0.661335 -0.00343 0.659291 -0.0136 -0.919304 -0.07201
27.755169 355.035162 53.753026 1298.782402 14.019814 131.250368 8.199886 20.288053 11.651483 10.283317 8.888713 39.612131 -104.853948 243.334719 -300.65188 1202.499934 -255.26371 2232.85664 -259.239121 2779.744368 -198.030606 2620.430062 -185.782499 2491.236126 305.75186 -2302.404295 0.218437 -0.012704 3.099384 -0.033643 0.27391 -0.131382 0.252048 -0.231555 0.236902 -0.352058 0.262893 -0.260313 0.217919 1.336186 0.845009 3.950964 0.409908 0.217019 0.482647 0.165843 0.323358 0.12502 0.297169 0.114084 -0.006711 -0.896671
30.875288 354.265363 68.136643 1239.589221 17.028897 112.3536 9.55278 12.91095 12.724625 5.795677 10.017456 31.151541 -98.586902 279.53722 -275.643246 1327.45932 -233.209511 2277.61271 -231.605442 2831.03206 -180.122576 2647.346071 -169.565255 2518.066952 288.59671 -2405.406712 0.08308 -0.000418 0.851646 -0.690267 0.146156 -0.734033 0.051626 -0.830003 0.023634 -0.638944 0.033724 -0.5076 0.096552 1.254796 0.542887 3.087873 0.498119 0.222056 0.778481 0.234413 0.424269 0.068765 0.370252 0.071856 -0.247633 -1.126932
37.007019 361.069982 86.687997 1279.8536 21.131882 123.77633 11.602339 17.652365 14.377726 8.699639 11.673792 37.331343 -89.815025 314.685793 -238.415108 1444.752487 -205.007379 2312.390032 -203.778419 2862.5966 -158.835003 2651.367098 -148.598479 2527.176884 268.788586 -2356.317263 0.277503 0.032365 1.115446 0.321762 0.221214 0.276448 0.099517 0.370018 0.050462 0.293866 0.063331 0.279398 0.204317 1.040438 1.349804 2.482467 0.908438 0.131752 0.890175 0.087495 0.669123 0.001526 0.6916 0.008225 -0.352078 0.253043
40.832321 365.025311 105.986977 1313.632541 21.597145 126.731931 11.5715 18.040573 15.408352 7.845966 12.43555 35.765906 -87.352718 346.468628 -221.484607 1548.835914 -196.30875 2353.193654 -194.920901 2878.311222 -153.361843 2651.702718 -142.841277 2525.287565 265.992685 -2371.068742 0.094051 0.010773 0.968962 0.219987 0.002533 0.017436 -2.1e-05 0.002111 0.017836 -0.022037 0.012037 -0.016764 0.017112 0.76437 0.311741 1.809974 0.094284 0.178431 0.098402 0.021508 0.047979 1.1e-05 0.05687 -0.000353 -0.007309 -0.023016
46.73925 365.954181 114.466007 1374.620448 22.986109 129.135169 12.807895 18.701573 17.538904 8.181428 13.895202 36.330491 -80.634192 361.674929 -193.736952 1595.765202 -189.174764 2351.268806 -193.238332 2862.450225 -152.235744 2650.554148 -139.325962 2531.086582 273.119666 -2364.216859 0.199446 0.00059 0.16312 0.6919 0.021641 0.011286 0.031372 0.005946 0.068959 0.003511 0.040489 0.002211 0.134405 0.163285 0.928172 0.3502 0.066019 -0.000394 0.003647 -0.021911 0.002075 -0.000124 0.021898 0.003325 0.047111 0.004957
51.233285 363.412187 157.016261 1449.25688 29.453784 164.454299 14.655554 36.006744 19.503275 13.220482 15.43335 50.413802 -76.186317 366.038735 -178.408853 1601.301482 -173.324525 2351.780837 -178.490626 2858.757166 -141.137125 2641.433825 -127.489311 2529.168225 265.57154 -2280.910928 0.103126 -0.00443 3.35525 0.986511 0.400374 2.132207 0.062223 2.809078 0.052123 0.601677 0.040362 1.150878 0.06309 0.013084 0.315804 0.004794 0.346691 2.8e-05 0.29266 -0.001192 0.210012 -0.007859 0.262682 -0.000364 -0.052885 0.747066
55.334101 354.227276 185.2621 1487.035873 33.995177 210.439435 15.842858 61.622036 17.627782 25.742334 15.843143 72.90633 -69.530517 363.169237 -160.665578 1610.841601 -157.999498 2348.536606 -162.546307 2850.153436 -130.068793 2636.305931 -116.36589 2522.689989 243.463465 -2141.031302 0.078931 -0.05878 1.167457 0.243047 0.162735 2.830999 0.02312 3.420312 -0.047396 2.066959 0.002685 2.068571 0.152085 -0.005646 0.464558 0.014167 0.354611 -0.00112 0.372922 -0.006483 0.225952 -0.002491 0.253829 -0.004154 -0.480318 2.212965
52.833956 351.826468 217.807794 1551.747191 43.207118 423.831758 17.553136 252.861161 17.517344 153.421232 17.393279 231.071696 -74.592143 375.945881 -154.135945 1649.460076 -151.047492 2357.239021 -152.18743 2836.93364 -124.349805 2597.013318 -112.044961 2492.667605 235.211206 -1487.997253 -0.028897 -0.004082 1.316092 0.689096 0.551564 36.974229 0.043822 64.828879 -0.000174 53.474734 0.036169 44.389203 -0.08891 0.110439 0.067726 0.228727 0.078203 0.008047 0.170518 -0.015365 0.064286 -0.14751 0.040874 -0.089859 -0.071139 59.239376
59.159899 352.410813 241.311964 1553.150531 57.219676 607.052198 24.566584 464.013885 22.023508 304.554779 24.024075 387.995822 -67.103001 397.623836 -138.339015 1657.81631 -141.143356 2356.161315 -141.222465 2842.025466 -114.930278 2582.636553 -102.667144 2474.591059 237.575213 -1113.433394 0.178802 0.000242 0.602031 0.000317 0.982392 16.412665 0.588017 31.802525 0.257605 25.655901 0.534231 20.219114 0.198054 0.303803 0.426917 0.010557 0.167904 -0.000123 0.204956 0.002283 0.185477 -0.019952 0.204892 -0.032892 0.00591 27.106789
63.95125 350.647904 245.884743 1554.737935 75.667518 834.726914 36.715633 753.320639 27.635908 526.927939 34.116989 604.57242 -64.792435 406.202069 -133.791204 1665.75538 -137.258633 2358.86726 -137.354388 2838.676667 -112.271956 2557.412234 -100.21462 2450.585818 251.312308 -762.640832 0.093272 -0.00221 0.02146 0.000405 1.286725 18.089809 1.21633 34.87736 0.31817 30.287556 0.882734 23.916451 0.02024 0.045774 0.038004 0.009482 0.027104 0.000776 0.026856 -0.000987 0.015552 -0.061893 0.014824 -0.058501 0.193035 33.087769
68.430243 338.828588 248.000166 1397.176243 123.616236 1345.648329 93.306783 1497.338437 69.45529 1202.743738 72.943741 1217.105328 -63.478522 405.550025 -127.391677 1597.069796 -136.171218 2282.576238 -138.18917 2710.809527 -115.217686 2414.714152 -102.940066 2312.632808 363.586113 -209.066876 0.075793 -0.101313 0.00453 -4.208014 5.854348 60.706517 12.961447 126.534835 9.467913 137.491689 7.288573 106.069036 0.00673 -0.000262 0.078413 -0.723029 0.002162 -0.627037 -0.001265 -1.473305 -0.019073 -2.048111 -0.018283 -1.998126 10.336877 173.101582
76.396646 336.352558 206.378642 1173.186224 188.170443 1685.561708 205.616579 2013.33759 167.653108 1861.859126 147.816613 1800.927474 -59.016262 400.697273 -117.157768 1475.782279 -127.066344 2248.040091 -130.594723 2679.218846 -107.10469 2405.37514 -95.12736 2292.22813 542.761037 -34.75525 0.219267 -0.00454 -1.910301 -9.778221 6.756045 19.118873 21.900464 38.127821 21.29 71.718366 13.084677 57.007018 0.081303 -0.014604 0.214228 -2.394583 0.157507 -0.131634 0.107311 -0.092576 0.148079 -0.009047 0.154145 -0.045208 17.886964 73.338443
82.942545 335.5962 187.233384 1177.037529 242.614716 2063.006447 293.061262 2458.164761 255.687946 2396.837085 217.345688 2317.546954 -54.485073 400.603021 -108.65872 1481.703361 -120.748589 2253.696056 -125.912793 2683.44879 -102.623001 2420.898498 -90.240881 2312.605578 682.282947 -0.060086 0.134515 -0.000426 -0.465888 0.003156 3.454287 19.050937 7.726706 22.180823 9.254692 33.735619 6.680483 32.530727 0.090483 -6e-06 0.159996 0.005927 0.080545 0.003553 0.042732 0.001668 0.04789 0.024965 0.064417 0.045088 7.971102 31.925147
80.925029 335.165741 165.883664 1231.426967 246.42779 2241.298065 304.917914 2644.243685 275.064445 2591.455228 232.726518 2510.651495 -53.971791 400.021112 -109.105968 1439.665904 -125.943427 2256.057849 -133.779346 2705.876684 -108.791598 2453.022022 -95.02664 2343.925147 729.831189 1.899836 -0.01242 -0.000138 -0.646001 0.614206 0.014866 3.694156 0.117558 3.39417 0.353813 3.797958 0.26289 3.863168 0.001215 -0.000211 -0.000459 -0.302468 -0.054702 0.000618 -0.119174 0.046667 -0.090012 0.105863 -0.061822 0.105328 0.800741 2.635654
77.270357 334.816044 159.793242 1324.918941 253.038006 2571.51484 319.964466 3022.159862 293.761452 2996.340329 246.988297 2891.16608 -55.465908 392.779545 -110.968178 1430.258133 -129.533815 2262.36357 -141.154261 2695.390219 -112.565635 2479.386084 -97.171121 2374.178194 770.016208 24.457014 -0.042221 -9.1e-05 -0.056953 1.71019 0.043744 11.341783 0.181179 12.616452 0.307363 14.688054 0.212046 13.418762 -0.0102 -0.033074 -0.007879 -0.01542 -0.02523 0.0044 -0.098931 -0.01018 -0.032175 0.070459 -0.011964 0.096994 0.53843 12.723902
77.522948 335.038191 155.070795 1390.109784 251.438846 2827.881189 317.832788 3277.853643 301.381562 3267.730389 254.06503 3172.723069 -55.961925 390.037683 -116.447691 1450.281558 -131.649699 2269.882558 -140.397837 2712.182154 -110.805114 2491.761539 -96.161342 2386.640312 777.670565 52.512025 0.000206 3.7e-05 -0.035417 0.782765 -0.002535 6.089643 -0.003562 5.190962 0.048785 5.881731 0.049977 6.540119 -0.001104 -0.004802 -0.066023 0.069595 -0.008571 0.006237 0.001016 0.026072 0.006938 0.015404 0.002637 0.016311 0.018928 5.295129
80.169695 345.33541 154.575818 1600.971274 278.553145 3426.436669 360.49157 3917.010078 355.86387 3977.842094 300.989724 3894.270469 -56.079344 387.019963 -122.124583 1493.689816 -135.104477 2327.687656 -142.990416 2777.359212 -111.865599 2573.877209 -97.257511 2491.877131 866.77295 152.195225 0.022213 0.077927 -0.000396 7.441782 0.694036 28.70759 1.342702 28.445996 2.262046 34.881672 1.987079 36.931873 -6.2e-05 -0.00586 -0.067551 0.32004 -0.022373 0.363405 -0.011859 0.386936 -0.002525 0.665605 -0.003106 1.135189 2.415732 25.910388
79.762584 348.093004 153.057142 1576.723049 264.316115 3270.270983 334.824551 3788.246805 323.387163 3818.830223 274.090009 3701.911788 -55.589961 386.219673 -122.490364 1468.906695 -135.249036 2296.115809 -143.011727 2742.844294 -111.909228 2529.329497 -97.3607 2439.239785 815.769821 132.347649 -0.000518 0.005483 -0.003749 -0.092518 -0.186719 -1.821122 -0.4739 -1.075963 -0.776841 -1.621679 -0.62947 -2.435947 0.001072 -0.000414 -0.000273 -0.103661 -3.9e-05 -0.107789 -1e-06 -0.107903 -4e-06 -0.19444 -2.7e-05 -0.280947 -0.77321 -0.693053
76.730747 348.06865 148.647818 1562.180216 251.614295 3156.011781 320.554016 3667.604016 313.795395 3683.68333 265.208966 3559.113752 -54.722781 379.141317 -122.038902 1465.837573 -132.521189 2308.246895 -140.833863 2745.70757 -109.724766 2532.422231 -95.330066 2440.357377 794.632686 107.540572 -0.029372 -0.0 -0.032222 -0.033689 -0.156378 -1.015844 -0.155385 -0.976122 -0.072198 -1.217336 -0.07313 -1.404295 0.003409 -0.032732 0.000417 -0.001605 0.013895 0.015981 0.008355 0.000747 0.010765 0.000945 0.0107 0.000128 -0.138722 -1.28611
73.040649 344.316188 138.311815 1552.202728 225.912087 3021.696716 285.771092 3501.087167 276.485929 3490.242186 234.20856 3381.381009 -54.808266 375.720323 -126.6475 1462.706464 -130.222468 2330.286425 -135.940118 2774.947448 -105.718317 2562.79808 -92.264544 2466.226176 724.13773 71.473256 -0.045466 -0.010169 -0.186207 -0.015982 -0.692195 -1.460304 -0.998514 -1.934217 -1.180276 -2.608494 -0.963075 -2.27607 -3.3e-05 -0.007752 -0.042706 -0.001674 0.010056 0.05236 0.043267 0.077434 0.037256 0.090546 0.025049 0.068194 -1.636922 -3.671023
70.969282 344.564089 132.739545 1534.389875 219.906867 2998.960677 278.183801 3483.015564 271.016716 3472.85615 229.376105 3359.209842 -57.081477 374.460436 -131.682186 1461.782232 -134.199385 2319.466277 -139.213206 2758.999006 -108.338916 2564.35199 -95.023328 2462.491733 722.060503 68.749183 -0.014898 4.5e-05 -0.057283 -0.0514 -0.040447 -0.04293 -0.051041 -0.02338 -0.027318 -0.021705 -0.025188 -0.036463 -0.023094 -0.001058 -0.049066 -0.000146 -0.029908 -0.012589 -0.019468 -0.022981 -0.016042 0.000235 -0.02032 -0.001415 -0.001492 -0.026463
74.349259 350.247996 129.917179 1579.075913 216.474072 3120.414276 268.653749 3634.211756 264.159928 3609.667011 224.436035 3471.340471 -59.254837 376.654481 -135.885084 1471.352848 -136.670726 2302.236986 -135.611328 2748.447816 -108.356598 2533.466613 -96.33285 2432.944575 710.885977 95.003051 0.039313 0.023249 -0.015164 0.320695 -0.013502 1.205387 -0.083049 1.606164 -0.043927 1.321489 -0.026889 0.920433 -0.020303 0.003204 -0.033011 0.015614 -0.011274 -0.032115 0.023604 -0.010107 -1e-06 -0.093561 -0.004481 -0.089169 -0.043572 2.1183
74.729499 354.71375 131.168677 1610.596883 217.899288 3242.374167 273.884301 3755.27276 269.862529 3754.49699 228.276916 3623.892862 -58.333694 378.333915 -133.743017 1479.841388 -135.902385 2324.027189 -134.854834 2758.503892 -107.750151 2542.961251 -95.55536 2447.367145 718.65654 117.639356 0.000485 0.014145 0.003 0.155752 0.002338 1.168951 0.025214 0.99173 0.030449 1.424313 0.016294 1.64018 0.003608 0.001868 0.008509 0.012208 0.001083 0.051317 0.001058 0.009182 0.000851 0.008879 0.001575 0.021311 0.021119 1.208278
74.108208 357.355489 128.362947 1615.051359 199.656037 3270.507031 248.347026 3783.849625 239.858442 3803.770726 203.400896 3676.863865 -57.044601 379.909613 -132.456767 1476.15187 -135.178757 2320.35496 -135.035828 2753.076046 -107.463507 2537.58354 -94.879462 2444.820432 668.420247 127.696411 -0.001297 0.0049 -0.015166 0.003076 -0.39872 0.060761 -0.624764 0.05416 -0.883843 0.160614 -0.717353 0.192169 0.007202 0.001637 0.003108 -0.002303 0.000966 -0.001452 -6.1e-05 -0.002673 0.000191 -0.002846 0.001199 -0.000663 -0.910012 0.206221
73.611835 363.571338 127.3345 1642.175005 195.382692 3277.300668 242.214831 3805.411178 233.127506 3802.531981 197.337796 3668.421478 -57.591571 379.795304 -134.480215 1476.593426 -135.446943 2319.65732 -135.149722 2750.98356 -106.308395 2531.318088 -94.255086 2440.141405 654.290858 128.878519 -0.000834 0.026797 -0.002068 0.112934 -0.023114 0.003524 -0.038329 0.030629 -0.047895 -0.000101 -0.045869 -0.004852 -0.001305 -9e-06 -0.007669 3.3e-05 -0.000133 -5.2e-05 -2.4e-05 -0.000398 0.003121 -0.003872 0.001031 -0.002241 -0.075468 0.002723
74.217593 370.316235 127.772533 1642.435759 195.389608 3225.280989 241.506352 3752.950985 232.912687 3732.497889 197.27291 3595.448586 -57.179285 378.901112 -134.016607 1476.384435 -134.981947 2314.964191 -134.74411 2736.559697 -105.905626 2512.421054 -93.869392 2423.993637 652.931439 120.343438 0.001241 0.030996 0.000376 1e-05 0.0 -0.208078 -0.000519 -0.182057 -5e-05 -0.325472 -5e-06 -0.366552 0.000741 -0.000527 0.0004 -7e-06 0.0004 -0.002376 0.000305 -0.018956 0.000382 -0.0354 0.000395 -0.026803 -0.000707 -0.146193
75.053536 370.49628 126.747533 1619.103036 191.715458 3125.178356 232.077828 3645.266823 219.362991 3612.883893 185.517094 3478.726532 -57.953825 377.620203 -133.331952 1465.213388 -135.545048 2306.281269 -135.165937 2742.444272 -107.661384 2514.438256 -95.46676 2417.376721 634.380347 99.263266 0.002341 2.2e-05 -0.002064 -0.083461 -0.017437 -0.789011 -0.093865 -0.783736 -0.203013 -0.973976 -0.180558 -0.963007 -0.002605 -0.001084 0.000877 -0.021212 -0.000586 -0.008157 -0.00033 0.00316 -0.007217 0.000405 -0.006738 -0.004522 -0.133674 -1.01409
75.915556 373.484539 129.226015 1609.51035 196.162213 2995.199475 242.129959 3472.967674 233.511443 3414.732351 197.410565 3286.887845 -56.149936 376.652284 -129.828127 1474.261808 -136.094302 2316.591249 -138.845429 2739.588937 -110.824879 2512.109305 -97.815382 2418.710315 666.074583 69.135309 0.002461 0.006001 0.011999 -0.014251 0.02549 -1.380341 0.106553 -2.085584 0.221063 -2.794108 0.184746 -2.720336 0.01426 -0.000621 0.023327 0.013927 -0.000555 0.011497 -0.024706 -0.000744 -0.022904 -0.00054 -0.01427 0.000184 0.386278 -2.716994
75.158862 378.192197 128.586165 1649.529553 185.008823 3215.032808 228.373556 3746.941994 214.899633 3717.790927 182.042189 3571.849958 -55.353212 378.090315 -128.307713 1434.151821 -135.906276 2263.03652 -141.771737 2672.711937 -109.316381 2474.709514 -95.636249 2385.848928 630.758345 126.050877 -0.001895 0.014742 -0.000794 0.245716 -0.163214 3.892112 -0.201145 5.200132 -0.386419 6.441338 -0.311348 5.922262 0.002846 0.00137 0.004478 -0.276592 6.5e-05 -0.313148 -0.015258 -0.413198 0.005168 -0.140246 0.012274 -0.112381 -0.480967 8.482503
77.975777 376.824605 134.490514 1658.648713 191.269646 3308.476419 237.306748 3889.6341 221.486558 3873.734139 186.244974 3702.300201 -55.389138 376.715041 -126.718545 1433.635411 -134.056355 2259.875503 -139.656898 2681.334018 -108.148227 2483.712674 -94.643717 2390.578215 639.172366 153.821235 0.025911 -0.001239 0.066265 0.012569 0.05209 0.669284 0.085691 1.333242 0.049715 1.601842 0.023981 1.169802 -6e-06 -0.001253 0.004951 -4.6e-05 0.006338 -0.001105 0.007946 0.006942 0.003138 0.008174 0.002589 0.002341 0.027874 1.381167
77.447605 378.138357 131.806153 1673.494201 189.373291 3383.130347 235.105088 3967.121489 220.975374 3961.96489 185.774619 3788.240385 -54.845559 374.564769 -128.557509 1428.761077 -133.622346 2255.207608 -138.882937 2675.005495 -107.332987 2475.976227 -93.986947 2384.609271 636.321002 173.843136 -0.000897 0.001143 -0.01353 0.03307 -0.004724 0.416446 -0.00513 0.38212 -0.000295 0.496759 -0.000297 0.493019 0.00134 -0.003077 -0.006624 -0.00415 0.000352 -0.002413 0.001075 -0.003739 0.001542 -0.006034 0.001143 -0.003731 -0.003187 0.61229
]