07-24-20_Matthew_4KDepth.alligator_above_orange_wagon.0000000000 [ 29.897514 128.261537 72.756423 762.194656 155.45373 1723.670066 203.324736 2039.42816 199.700677 2064.009609 163.408438 1992.442397 -49.2896 116.572183 -71.235358 686.429664 -85.03568 1319.056522 -105.172238 1566.851681 -85.644782 1492.150705 -70.146232 1435.710981 546.904791 46.28089 0.0 0.0 0.0 0.0 0.0 0.0 0.0 0.0 0.0 0.0 0.0 0.0 0.0 0.0 0.0 0.0 0.0 0.0 0.0 0.0 0.0 0.0 0.0 0.0 0.0 0.0
29.500999 126.804578 74.562443 753.051877 154.788204 1728.12675 202.678042 2041.696318 196.754206 2084.621515 160.623726 2017.743787 -50.191967 115.578491 -75.887514 684.285662 -87.658488 1332.477426 -107.210939 1598.343944 -86.846787 1530.092087 -71.390992 1465.309671 545.039098 42.788135 -0.001323 -0.004161 0.011071 -0.027583 -0.000714 0.002877 -0.000515 0.00063 -0.010949 0.051204 -0.011966 0.079818 -0.004093 -0.002127 -0.073571 -0.001677 -0.019918 0.033966 -0.009785 0.156671 -0.004188 0.238168 -0.005474 0.150999 -0.001594 -0.068509
29.02689 126.019895 70.913657 749.18574 149.839964 1721.285612 196.755293 2036.136674 191.662891 2076.935463 156.008173 2009.53762 -51.140406 115.20988 -77.884643 681.534748 -90.101137 1362.520399 -110.413698 1643.447929 -87.024683 1579.14697 -71.505812 1509.924897 536.985094 34.046352 -0.00192 -0.001218 -0.045766 -0.004975 -0.040191 -0.006784 -0.043913 -0.00379 -0.03337 -0.007098 -0.033642 -0.008361 -0.004439 -0.000294 -0.012969 -0.00277 -0.016783 0.16746 -0.023569 0.313788 -9.1e-05 0.386997 -4.6e-05 0.334533 -0.029975 -0.498915
27.671264 124.894828 69.668407 745.943803 149.011175 1730.220637 195.850953 2051.510954 190.197952 2098.665239 154.667352 2029.676876 -52.52183 113.953804 -81.236374 678.447466 -91.786988 1364.776702 -112.315349 1653.672578 -86.663747 1591.307224 -71.298155 1518.700585 533.636052 35.046387 -0.016208 -0.002522 -0.005515 -0.003515 -0.001149 0.011565 -0.001042 0.028913 -0.00281 0.056541 -0.002893 0.050207 -0.009205 -0.003442 -0.035304 -0.003504 -0.007813 0.000933 -0.008118 0.015854 0.000375 0.02332 0.000151 0.012714 -0.005238 0.007238
28.467951 125.577599 70.769926 747.796059 149.8539 1733.807825 196.718089 2057.465698 191.135221 2099.592913 155.560987 2030.347989 -52.11463 113.533996 -84.189477 677.472987 -93.035973 1360.949067 -113.034721 1645.19444 -86.565339 1576.072607 -71.160219 1507.452776 534.960625 37.47318 0.005653 0.000931 0.00432 0.001148 0.001188 0.001857 0.000958 0.004315 0.001152 0.000102 0.001287 5.5e-05 0.000792 -0.000387 -0.026361 -0.00035 -0.00422 -0.002688 -0.001148 -0.010894 2.8e-05 -0.036638 6.7e-05 -0.020903 0.000821 0.040616
27.913753 125.471285 69.912896 744.915312 148.964613 1732.328692 195.696666 2055.98573 190.281971 2099.251258 154.842936 2030.023295 -52.357294 114.317407 -85.792015 679.098129 -92.533944 1375.726502 -111.024255 1670.163153 -82.26582 1595.299983 -68.097829 1522.382631 522.777305 34.531844 -0.002724 -2.3e-05 -0.002611 -0.00278 -0.001323 -0.000316 -0.001329 -0.000266 -0.000954 -1.4e-05 -0.000831 -1.3e-05 -0.000282 0.001347 -0.007554 0.000973 0.000679 0.039898 0.00902 0.094024 0.054755 0.058286 0.033676 0.036784 -0.070168 -0.0601
26.841707 124.797726 67.979341 744.171238 146.691606 1731.589239 193.457218 2055.176365 187.808898 2097.408005 152.481328 2028.823844 -53.610963 113.476653 -87.693928 676.218169 -94.818627 1367.007546 -113.558322 1654.081991 -85.127166 1578.381532 -70.512079 1508.631399 525.820537 36.828114 -0.010496 -0.000906 -0.013557 -0.000186 -0.008738 -7.9e-05 -0.006444 -8e-05 -0.008088 -0.000405 -0.009074 -0.000177 -0.007416 -0.001552 -0.010426 -0.00306 -0.013931 -0.013859 -0.014297 -0.038897 -0.024457 -0.045095 -0.021027 -0.031194 0.004416 0.036955
25.917215 123.91012 66.569227 744.315795 144.553363 1735.503114 190.953727 2065.307449 184.989366 2110.648702 149.904323 2040.119997 -54.941566 112.433378 -89.459899 676.385731 -96.078011 1366.987491 -114.983257 1655.738339 -85.613619 1581.614829 -71.167912 1511.704883 522.298111 38.096985 -0.008101 -0.001584 -0.007389 7e-06 -0.007849 0.002209 -0.008152 0.012455 -0.010662 0.020831 -0.010981 0.01568 -0.008155 -0.002409 -0.008802 1e-05 -0.004154 -0.0 -0.004442 0.000414 -0.000693 0.001654 -0.001518 0.001564 -0.005919 0.010745
25.779061 124.134945 66.947093 750.29407 145.029524 1787.812399 191.838282 2126.839151 185.890405 2189.557414 150.587802 2115.652977 -56.362602 110.696157 -91.33596 679.0068 -96.001549 1372.954693 -115.003902 1661.594929 -85.690075 1588.626309 -71.288542 1518.96354 524.000469 48.09605 -0.000185 0.000102 0.000535 0.011956 0.000391 0.388329 0.001022 0.451601 0.001095 0.724048 0.000777 0.686479 -0.009072 -0.006763 -0.009734 0.002534 1.5e-05 0.006498 -1e-06 0.00517 -1.7e-05 0.007753 -5.1e-05 0.008693 0.001385 0.581949
27.598946 124.439352 68.333538 771.761482 143.85864 1834.584994 190.212502 2172.641636 184.297363 2233.392231 149.293689 2156.32561 -56.610959 110.713027 -91.349632 686.293497 -95.667145 1370.792928 -113.716725 1657.221535 -85.106159 1585.931037 -71.025883 1515.918189 519.88179 55.279667 0.031033 0.000186 0.007105 0.151398 -0.002373 0.301978 -0.003459 0.243974 -0.003428 0.217224 -0.002792 0.193622 -0.000273 1e-06 -1e-06 0.019445 0.000292 -0.000852 0.003622 -0.002882 0.000998 -0.001144 0.000242 -0.001528 -0.008125 0.249898
28.92906 124.702327 67.581173 777.160692 142.71137 1804.615799 185.601292 2135.619151 184.64385 2182.852628 150.194912 2108.806199 -56.309319 113.280986 -91.14506 707.464888 -91.788815 1372.708229 -105.028273 1657.239976 -78.679273 1575.954531 -66.355567 1507.210488 504.384475 49.318521 0.015651 0.000139 -0.002082 0.00941 -0.002297 -0.123402 -0.028291 -0.159077 0.000163 -0.289198 0.001356 -0.264724 0.000403 0.014721 0.000115 0.160808 0.040124 0.000669 0.172619 0.0 0.126143 -0.015739 0.079407 -0.012541 -0.117245 -0.170004
30.264598 124.304213 66.912813 771.496899 136.44338 1780.714411 176.087828 2082.758311 179.599866 2088.997111 147.013466 2016.121074 -55.829129 113.245209 -89.241744 705.427562 -86.798746 1349.556219 -96.288043 1617.57611 -74.606197 1508.770078 -63.214283 1440.754945 485.716435 47.096078 0.015068 -0.000318 -0.001661 -0.010357 -0.070378 -0.079669 -0.125137 -0.331215 -0.034926 -1.03116 -0.017028 -1.041426 0.001028 -3e-06 0.010042 -0.001469 0.06973 -0.098452 0.18982 -0.240209 0.054124 -0.731716 0.038084 -0.749144 -0.176006 -0.025618
33.068641 121.800195 65.395139 759.978552 130.551542 1731.070401 161.726173 2007.149607 168.365741 1950.928712 139.814655 1872.945796 -54.453532 114.482078 -86.129668 719.431874 -73.296338 1347.368984 -73.247409 1591.855332 -58.69786 1418.027101 -50.766335 1348.975804 425.887229 42.414194 0.062104 -0.012739 -0.008705 -0.043316 -0.065016 -0.350911 -0.30542 -0.698936 -0.181395 -2.36 -0.090352 -2.636379 0.00858 0.003359 0.027615 0.068823 0.570412 -0.000887 1.57296 -0.103066 0.952644 -1.407044 0.681766 -1.510126 -1.965436 -0.122528
33.231892 122.506196 64.091082 749.695982 123.495853 1526.198134 149.975338 1763.26497 160.070334 1693.866616 134.233152 1630.624635 -53.889412 123.580188 -83.284286 776.120857 -66.18506 1294.701595 -61.605614 1480.794247 -52.736088 1271.553249 -45.879436 1217.814517 396.56151 30.225426 0.000201 0.00102 -0.006567 -0.035018 -0.097998 -6.449305 -0.221576 -7.895957 -0.104776 -9.076408 -0.056845 -8.390004 0.001469 0.173916 0.023896 1.074785 0.181398 -0.524992 0.503455 -2.00781 0.159593 -3.991426 0.123632 -3.353318 -0.522994 -1.029926
37.640039 134.9404 64.74389 757.963235 114.958843 1394.720783 103.767441 1620.713227 102.07517 1487.038172 89.534387 1417.979293 -50.335602 144.693641 -72.62069 882.870626 -48.321349 1262.202445 -39.08288 1490.837688 -35.437594 1206.4898 -30.864293 1159.883328 257.800725 14.650306 0.137224 0.30045 0.001654 0.022667 -0.152867 -2.960551 -4.242823 -3.003864 -6.495692 -6.731311 -4.509855 -7.425231 0.060606 0.832117 0.365112 3.438032 1.402008 -0.206546 2.551349 0.016972 1.713516 -0.8543 1.483212 -0.705834 -14.881681 -2.789547
41.774493 145.990317 65.324929 891.630742 56.429655 1027.648141 39.581131 1107.670881 38.829051 877.88141 34.499313 860.752298 -47.070394 159.148557 -62.584953 1024.120502 -31.835693 1146.528526 -20.076287 1199.914477 -20.523471 913.868253 -17.835474 894.702481 115.811601 -0.36143 0.107696 0.217399 0.001298 5.424495 -10.303578 -27.973618 -15.173181 -48.670057 -14.991839 -79.799745 -12.878406 -69.180564 0.054743 0.344032 0.372969 5.238348 1.713594 -2.779094 3.136346 -15.773492 2.023974 -20.288792 1.775177 -17.185023 -28.032727 -19.613935
42.495324 138.063918 72.019981 867.973839 35.16116 881.417376 18.828866 958.784739 17.701283 730.313376 16.315098 718.822887 -42.132339 162.614175 -50.893523 1025.362254 -27.612006 1003.090344 -18.164596 1034.703591 -19.93837 784.006849 -16.472834 773.607701 75.212767 -0.952208 0.003083 -0.110613 0.163276 -0.159034 -2.503619 -5.608737 -3.81081 -5.370531 -4.096604 -6.784737 -3.365083 -6.389307 0.136784 0.018664 0.603878 0.000376 0.150234 -4.790958 0.047813 -6.115595 0.004231 -4.973487 0.027071 -4.400654 -4.364132 -0.140341
41.981085 126.491793 72.867249 827.088806 11.625394 698.629912 1.535273 754.158479 1.386924 558.283343 1.818914 556.660426 -39.079079 157.526048 -43.836065 959.831487 -21.95989 885.633305 -14.71748 932.729548 -16.227629 707.773912 -13.084116 692.517061 27.102755 -8.856578 -0.001565 -0.253214 0.002477 -0.493147 -6.35081 -10.608479 -9.611009 -12.266129 -9.178547 -11.534789 -7.238919 -10.350506 0.057416 -0.040436 0.26326 -1.081872 0.323277 -3.655781 0.181184 -2.644486 0.19087 -1.9491 0.194902 -2.244259 -12.016614 -4.000755
42.535938 119.118603 70.751575 817.022253 2.482031 671.667541 -0.962437 729.455246 -0.936678 541.500483 -0.300937 542.520693 -33.738458 154.356618 -32.905484 955.532394 -18.571861 862.380597 -14.164066 909.522472 -16.619178 708.488143 -12.665521 695.048639 9.664893 -11.204268 0.001821 -0.110696 -0.015584 -0.030818 -3.364132 -0.265285 -4.928845 -0.205678 -4.603166 -0.128062 -3.599552 -0.09095 0.196111 -0.016105 0.78243 -0.004825 0.14185 -0.154665 0.005303 -0.146177 -0.002334 0.00018 0.003403 0.002309 -4.398203 -0.137847
43.235253 117.404929 71.736084 770.368546 0.324899 642.714747 -4.109305 716.47902 -4.433562 541.190392 -2.407531 539.498662 -31.383096 145.767578 -30.261188 923.061844 -3.413255 737.900883 -0.449712 767.136351 -0.755322 589.249672 -0.380896 584.433372 -1.528958 -1.022053 0.002851 -0.006208 0.003401 -0.685729 -1.010923 -0.31892 -1.094332 -0.058227 -1.294546 -4.4e-05 -1.006099 -0.00422 0.042609 -0.122927 0.055372 -0.280639 6.061486 -4.848744 9.566104 -6.056835 10.288507 -5.489533 8.653586 -4.790488 -18.882079 5.458351
43.674847 100.202866 72.679521 752.396121 0.010823 625.852786 -5.628065 696.881789 -6.2551 540.068927 -3.671639 536.418531 -31.498233 138.967733 -31.64831 909.50917 -0.458254 609.908089 0.76804 616.916648 0.421602 462.431237 0.468336 465.989532 -9.924573 3.01081 0.001112 -0.680984 0.003082 -0.106063 -0.217124 -0.112071 -0.119171 -0.135871 -0.156355 -0.000582 -0.132882 -0.004409 -0.000105 -0.081206 -0.015542 -0.050115 1.370198 -6.091092 2.393162 -8.17628 2.305543 -7.674291 1.693949 -6.699122 -3.662702 7.541257
44.125097 93.254397 70.615422 747.5555 -0.323274 647.863769 -9.018911 721.655504 -9.565127 561.262 -6.13833 555.038468 -31.05343 129.172357 -31.066385 877.314253 0.000877 547.185841 2.704629 542.269298 2.02612 400.716721 1.944518 408.806442 -20.395813 13.491361 0.001154 -0.124826 -0.014867 -0.007811 -0.452398 0.190199 -0.397904 0.216344 -0.350149 0.20393 -0.315185 0.158837 0.001582 -0.178976 0.0027 -0.290067 0.499235 -1.701234 0.590126 -2.406006 0.599245 -2.209101 0.504255 -1.870954 -1.865528 3.755418
44.270802 92.022123 68.065665 745.197588 -0.381444 649.328928 -8.891966 723.335497 -9.162086 558.772425 -6.113885 551.701406 -30.516063 125.035685 -25.209123 850.371583 -0.013403 516.726009 1.632373 507.361688 0.83309 374.934694 0.974968 384.492244 -15.520697 18.276798 0.00012 -0.004098 -0.023442 -0.001862 -0.002405 0.000827 0.00045 0.000977 0.004338 -0.002767 2.4e-05 -0.005031 0.002345 -0.03366 0.305647 -0.210094 -0.021139 -0.436122 -0.134639 -0.580622 -0.260795 -0.428605 -0.165694 -0.372696 0.332399 0.362498
44.094378 94.274588 68.401106 748.966162 -0.273998 654.430674 -8.822128 718.783895 -9.646854 545.299068 -6.558004 540.191522 -31.409747 127.135759 -27.799966 856.980263 -0.378717 497.009271 0.491286 472.014946 0.199329 349.888787 0.387182 364.575004 -12.619553 21.588337 -0.000176 0.013617 0.000412 0.004753 0.008867 0.009982 0.000138 -0.007183 -0.006248 -0.082213 -0.007785 -0.060666 -0.006449 0.008745 -0.063352 0.01279 -0.249627 -0.191759 -0.332612 -0.638059 -0.217413 -0.432854 -0.133345 -0.26484 0.149947 0.13778
45.427652 94.275862 66.464128 749.852663 -0.318627 650.686722 -8.663425 713.135367 -8.713216 540.865974 -5.957482 540.727086 -31.171355 123.317869 -28.093889 853.566323 -0.28481 465.520786 0.798375 434.420802 0.322539 309.641991 0.519792 324.024381 -12.388575 32.034222 0.009929 0.0 -0.01391 0.000262 -0.001683 -0.00537 0.00072 -0.011141 0.023754 -0.009047 0.014416 0.000133 0.000454 -0.029101 -0.000773 -0.003407 0.006679 -0.5152 0.037095 -0.779938 0.014753 -1.229143 0.009747 -1.195021 0.001067 1.02729
44.823335 95.000669 62.62787 748.751346 -0.501651 640.266102 -9.043415 681.575362 -8.820977 520.451248 -6.003499 522.613098 -31.093035 122.1508 -27.326042 853.397764 -0.355915 425.957222 0.570682 382.996875 0.105567 272.779143 0.236577 290.117566 -10.856524 39.656916 -0.002023 0.001388 -0.057014 -0.000405 -0.020679 -0.042059 -0.004078 -0.357121 -0.000331 -0.19636 -8.9e-05 -0.154297 4.9e-05 -0.002774 0.00532 -8e-06 -0.003958 -0.878343 -0.019067 -1.619149 -0.059056 -1.16774 -0.055025 -0.936713 0.050543 0.406401
45.511613 93.161462 58.828309 734.426303 -0.413403 576.870984 -8.560226 598.588461 -8.242064 441.546069 -5.519053 448.165461 -30.725207 122.355827 -28.027773 849.277603 -0.312343 424.241521 0.672628 383.615476 0.181936 269.863802 0.350961 287.4404 -10.873105 21.026497 0.002622 -0.008989 -0.059446 -0.06918 0.004265 -1.652102 0.006633 -2.692654 0.009824 -3.241451 0.010188 -2.858852 0.001094 8.6e-05 -0.004448 -0.004985 0.001422 -0.001731 0.004187 0.00025 0.010328 -0.007831 0.011242 -0.006205 -6e-06 -2.930629
46.643945 93.339892 58.543155 750.767779 -0.262606 531.955218 -7.88171 530.298859 -6.66304 384.369067 -4.491621 395.750046 -29.263174 121.531166 -27.109054 847.763944 -0.237 414.059318 0.879617 366.238497 0.325997 253.759771 0.517671 273.380667 -9.936669 13.509253 0.006957 8.5e-05 -0.000346 0.089905 0.017034 -0.910086 0.014006 -2.067409 0.083876 -1.981521 0.052864 -1.629328 0.017819 -0.001394 0.007655 -0.000675 0.005191 -0.06184 0.013863 -0.201373 0.020858 -0.247698 0.016148 -0.176266 0.02108 -0.828049
49.624184 96.861785 62.280053 760.181496 -0.060589 503.462981 -6.444372 495.454322 -5.215891 362.609802 -3.337227 376.733031 -27.60333 121.694047 -30.598963 848.570957 -0.045261 391.030832 1.61056 335.476428 0.873239 231.662502 1.124889 254.962966 -10.357488 14.606559 0.046142 0.03261 0.057802 0.029326 0.070917 -0.392093 0.072287 -0.592 0.088479 -0.316988 0.085578 -0.234116 0.024229 5.5e-05 -0.105623 0.000192 0.07512 -0.329416 0.109693 -0.674604 0.13214 -0.503214 0.116359 -0.321112 -0.004364 0.021421
50.488123 97.375992 63.70068 760.218637 -0.0492 477.704843 -6.317762 469.975641 -5.220969 341.310174 -3.261162 357.316955 -26.756267 119.181713 -29.14377 834.801137 -0.010218 363.724329 1.819188 304.31787 1.103004 212.966412 1.427509 237.539935 -11.123451 15.063815 0.003728 0.000681 0.00801 0.0 0.000592 -0.338166 0.000628 -0.336263 -1e-06 -0.322322 0.000438 -0.256829 0.0066 -0.013102 0.017725 -0.056319 0.012469 -0.494127 0.006351 -0.759175 0.013402 -0.393248 0.018003 -0.308279 -0.013661 0.003524
50.433842 96.520439 61.988802 757.583231 -0.03511 419.48574 -6.099082 394.937874 -4.72473 280.998825 -2.844529 300.639478 -26.066845 116.791928 -23.568604 819.121555 1.3e-05 297.688103 1.994337 227.010154 1.108111 157.035979 1.537615 180.369125 -10.409096 17.906606 -1.5e-05 -0.001888 -0.011658 -0.002288 0.001186 -1.890925 0.001926 -3.261194 0.012388 -2.929445 0.014231 -2.445692 0.004499 -0.012101 0.29566 -0.074325 0.01097 -3.304825 0.004024 -5.654184 6e-06 -4.251716 0.002045 -3.929011 0.011853 0.122785
50.51125 89.109359 62.257758 703.925849 -0.005059 303.062586 -5.263931 252.362244 -3.254535 181.082434 -1.925307 206.347989 -25.143925 117.122481 -22.570385 825.596088 -0.264751 313.24501 0.230731 242.494688 0.068192 158.477935 0.273739 182.948849 -4.264926 0.753225 3e-05 -0.147999 0.000291 -0.985312 0.013514 -9.441228 0.030732 -15.89721 0.136613 -10.931833 0.089412 -8.845513 0.008317 0.000234 0.0108 0.012744 -0.268525 0.198104 -0.868372 0.255414 -0.626523 0.003295 -0.51381 0.009159 1.348253 -11.31471
47.760158 81.123006 59.57709 657.832636 -0.027771 250.623191 -5.528102 202.465024 -3.202123 145.135636 -1.927648 170.585567 -24.747897 119.744455 -17.050598 836.663994 -0.047208 340.557939 0.769456 278.634526 0.354962 174.683238 0.657265 193.941013 -5.689345 -1.367855 -0.038516 -0.187441 -0.029494 -0.780312 -0.009124 -2.488853 -0.003234 -2.745294 0.000213 -1.986583 -1e-06 -1.700355 0.001572 0.014512 0.386378 0.036847 0.088367 0.570754 0.157483 1.254643 0.111991 0.394355 0.082667 0.16033 -0.102442 -4.151157
47.62284 78.035053 59.271264 612.424882 -0.033187 245.408493 -5.483459 200.288618 -3.2867 146.549641 -2.020957 170.772455 -25.536862 122.023429 -13.237706 842.787514 0.001987 375.526885 1.000529 306.497824 0.409057 218.298218 0.72311 238.399922 -6.014764 -7.12436 -9.9e-05 -0.029959 -0.000393 -0.811852 -0.000241 -0.027411 9e-05 -0.00588 -0.000551 0.003427 -0.001103 5.1e-05 -0.00619 0.010741 0.240954 0.011164 0.068563 0.854338 0.015148 0.663785 0.001917 2.4278 0.001571 2.291997 -0.004525 -2.248789
48.215338 77.394635 61.075955 642.41045 -0.028375 271.305377 -5.477668 227.258983 -3.31516 164.307764 -2.05836 189.621412 -26.409527 125.330516 -16.031003 856.432982 0.005176 385.528576 1.175935 317.910576 0.584138 227.562794 0.916905 247.226286 -6.68247 -5.138952 0.001832 -0.001319 0.013532 0.358319 0.000188 0.649364 2e-06 0.851514 -6.1e-05 0.507642 -0.000171 0.493247 -0.007331 0.022109 -0.133596 0.05479 0.000749 0.065723 0.00708 0.104308 0.015554 0.096265 0.01149 0.080217 -0.017568 0.161784
47.883814 79.120032 57.782161 664.383065 0.018588 276.733263 -3.449625 225.71629 -1.529444 161.931126 -1.00168 185.825072 -27.627261 127.739589 -16.752944 876.206601 -0.469422 352.491157 0.009997 262.217093 -0.166968 185.037443 -0.001924 208.825288 -0.685734 -0.770236 -0.000572 0.009511 -0.045648 0.184738 0.092894 0.02688 0.23341 -0.002627 0.341116 -0.008657 0.188234 -0.019194 -0.013723 0.011467 -0.00795 0.112836 -0.57318 -0.73983 -0.969085 -2.679534 -1.375709 -2.197325 -1.002843 -1.619619 3.086899 1.93014
47.415264 78.496026 57.154363 673.175287 0.002853 279.514449 -4.069709 231.161177 -2.024729 165.272768 -1.262426 189.045585 -27.968543 128.657008 -16.298586 912.451457 -1.607384 380.854371 -0.495124 297.330329 -1.579201 212.733448 -0.656076 235.610303 -0.027645 -2.991305 -0.001152 -0.001235 -0.001715 0.028897 -0.006876 0.006953 -0.025611 0.032446 -0.034679 0.017064 -0.015065 0.013834 -0.001048 0.001641 0.003123 0.367265 -0.33952 0.5487 -0.645828 1.102816 -0.719182 0.965381 -0.586934 0.807867 0.43801 -0.725748
45.875722 79.682223 55.7279 680.022172 0.002171 263.077198 -4.091068 202.734305 -1.960058 147.431194 -1.30497 173.819246 -28.579495 131.976873 -14.252182 964.012717 -2.132926 387.965414 -1.087434 304.156725 -3.46361 217.048076 -1.70855 240.87911 0.212573 -6.710311 -0.012704 0.004448 -0.009013 0.017322 -4.6e-05 -0.249032 -2.8e-05 -0.932202 0.000525 -0.509398 -0.000353 -0.3196 -0.0033 0.021145 0.068615 0.708531 -0.037105 0.032887 -0.115023 0.038738 -0.365317 0.021658 -0.247138 0.029131 0.393535 -0.741128
45.089099 82.113005 56.145737 686.778108 0.074132 267.659344 -3.002108 207.428567 -1.36918 151.509131 -0.85821 177.95916 -29.317174 133.258182 -14.486664 974.19428 -3.352237 379.259649 -1.875392 284.476784 -4.467362 200.975683 -2.446373 226.572743 0.890181 -3.488246 -0.003401 0.018261 0.00078 0.016697 0.050928 0.01978 0.084088 0.026863 0.052855 0.027815 0.046637 0.024361 -0.0047 0.003095 -0.000957 0.026742 -0.137239 -0.049394 -0.106699 -0.329074 -0.063774 -0.309094 -0.066035 -0.218975 0.232745 0.522356
43.616332 81.933353 55.880847 705.883408 0.049876 268.374118 -3.195268 209.998345 -1.498276 153.904781 -0.956966 180.358879 -31.011991 134.049039 -21.719224 983.056009 -5.406116 348.728001 -2.870292 243.881227 -5.209345 163.25068 -3.05127 190.95661 1.120122 -0.137732 -0.012227 -9.8e-05 -0.000313 0.131055 -0.002395 0.000477 -0.003011 0.00791 -0.002908 0.009396 -0.002688 0.008036 -0.023811 0.00117 -0.72975 0.020061 -0.244228 -0.640527 -0.105459 -1.561856 -0.028489 -1.958965 -0.033379 -1.521839 0.013194 2.239699
43.535357 82.374087 59.081164 687.344616 0.061316 245.284135 -3.120627 183.296891 -1.534439 132.349294 -0.97862 160.778245 -31.349013 134.265128 -26.321567 990.518517 -7.68668 334.656284 -4.423352 227.907837 -6.909275 149.859664 -4.51924 177.658647 1.931614 -0.543761 -3.8e-05 0.000591 0.044554 -0.123347 0.00059 -0.519233 0.000441 -0.907449 -0.000216 -0.812739 -0.000121 -0.56241 -0.000911 8.7e-05 -0.220962 0.014109 -0.200149 -0.144892 -0.167267 -0.270484 -0.119821 -0.286483 -0.143688 -0.239943 0.109871 -0.134161
44.200198 83.705511 61.634155 662.63846 0.101585 210.369058 -2.884517 144.144672 -1.374241 101.289073 -0.920058 129.704144 -32.741946 135.812972 -34.833619 988.588211 -9.018553 334.967661 -4.913454 226.409036 -6.903228 150.651955 -4.662167 180.328462 2.117372 -4.883165 0.002519 0.005337 0.026999 -0.226094 0.005056 -1.339678 0.004643 -2.349144 0.004415 -2.073799 0.000903 -1.666845 -0.015139 0.004435 -0.595284 -0.000941 -0.053178 7.2e-05 -0.012872 -0.002472 1e-06 0.001044 -0.001113 0.009956 0.004263 -2.167923
45.292127 84.93518 64.757895 625.650307 0.241628 170.499243 -2.119714 105.890169 -0.976092 72.60464 -0.719227 98.698255 -32.296544 137.438228 -38.611744 959.331303 -8.118011 281.407027 -4.085958 174.463122 -5.521251 117.934854 -3.610926 150.511376 1.854392 -5.470668 0.006662 0.004483 0.038607 -0.531094 0.029871 -2.092562 0.058788 -2.943735 0.033969 -2.382119 0.012349 -2.114329 0.001525 0.004833 -0.09724 -0.219725 0.023679 -2.331518 0.038125 -3.379882 0.077098 -2.000115 0.067061 -1.346379 -0.008716 -0.016682
44.721953 91.406894 65.60049 661.109924 0.014402 220.240486 -5.098334 156.669152 -3.947002 108.930094 -2.822275 137.171078 -33.392204 147.805526 -40.841653 994.085383 -8.409299 317.949262 -3.973275 273.332576 -4.628893 181.957677 -3.069017 204.592996 0.027152 -9.315991 -0.001806 0.118795 0.002723 0.488678 -0.138048 3.178967 -0.643244 4.957124 -0.997467 3.671525 -0.692041 3.158817 -0.009138 0.188464 -0.031298 0.309187 -0.002567 1.115011 0.000788 11.051129 0.039302 6.913678 0.022017 4.142418 -1.432762 -0.508747
44.091172 90.002662 66.719632 628.653426 -1.238664 252.919218 -14.659297 201.658338 -13.833525 142.81549 -9.781427 172.63545 -33.075325 146.047217 -44.208639 973.859068 -0.971187 432.760781 1.21902 439.859351 2.088839 323.934369 1.446099 344.683536 -26.673364 -36.573868 -0.00224 -0.005435 0.004733 -0.408444 -1.520192 1.129826 -2.467403 2.835488 -3.002036 2.290941 -2.095443 2.036544 0.000755 -0.005261 -0.066673 -0.103945 3.664893 8.831425 9.593887 19.714056 12.936738 20.331153 8.728477 18.165104 -28.402571 -8.972556
42.241551 87.741546 65.918193 613.247793 -3.073728 258.725558 -21.464694 217.313176 -19.767683 151.141859 -14.357392 180.750605 -33.418972 149.175803 -48.005235 994.635525 -2.723069 658.501177 0.874376 680.607967 0.003395 516.86178 0.14617 521.387609 -20.289167 -109.0065 -0.019816 -0.014383 -0.002421 -0.095556 -0.409923 0.032947 -0.646825 0.292573 -0.528153 0.117946 -0.437698 0.09319 -0.000888 0.016578 -0.078189 0.109646 -0.441805 23.603804 -0.028565 26.169774 -1.923819 22.433651 -0.672755 18.218033 0.435965 -19.298313
41.990586 87.696217 64.712145 587.431492 -6.618327 246.81269 -28.71623 210.64908 -26.321873 148.509994 -19.765457 178.477726 -32.092982 150.617572 -49.361854 993.280838 -3.449326 613.694377 -0.069952 602.530421 -0.023971 455.579699 -0.008552 469.512127 -24.757179 -83.866132 -0.000374 -6e-06 -0.005568 -0.277576 -0.671426 -0.140381 -0.526716 -0.051889 -0.468401 -0.011558 -0.431282 -0.00719 0.013421 0.003467 -0.009451 -0.000462 -0.042875 -0.789294 -1.438955 -2.377669 -0.045407 -1.932882 -0.225437 -1.358822 -0.222132 1.645505
40.975312 87.929968 57.696515 585.283407 -5.607594 230.256742 -25.989059 199.276044 -22.086854 142.784364 -16.830981 171.456947 -31.980639 150.741295 -50.518876 996.258456 -5.309733 643.477618 -0.349342 629.493297 -1.060368 473.511037 -0.397791 485.098308 -13.468339 -96.257047 -0.006212 0.000156 -0.201209 -0.001967 0.041851 -0.287361 0.06802 -0.157798 0.185605 -0.056276 0.11784 -0.070436 9.8e-05 2.5e-05 -0.006702 0.002228 -0.199853 0.352842 -0.106647 0.295077 -0.765478 0.173052 -0.289688 0.127248 1.704944 -0.426699
40.744652 88.615808 61.484879 598.007765 -1.190789 221.716278 -12.886151 175.972369 -10.038142 124.523277 -7.69506 154.560183 -32.596134 150.59475 -48.789348 996.521296 -10.173488 693.307359 -3.537736 701.075724 -3.147958 525.243231 -2.480265 527.629111 -1.943387 -138.27845 -0.000326 0.001332 0.060225 0.068417 1.630226 -0.080697 2.274722 -0.724301 2.345071 -0.624481 1.765074 -0.438156 -0.002933 -3.6e-05 0.015062 1.7e-05 -0.783765 0.929045 -1.663676 1.926904 -0.55429 1.340679 -0.891475 0.893462 5.179581 -3.795165
41.427688 81.411066 64.317224 577.597746 0.084497 181.295128 -3.983332 130.377322 -2.450336 86.88373 -1.721695 114.25872 -31.640799 141.226361 -48.387334 969.925476 -12.948039 657.912592 -5.633553 649.611919 -5.241923 481.755032 -4.483994 489.045065 0.524422 -159.460688 0.002839 -0.152716 0.031888 -0.177185 1.909691 -2.0322 2.540516 -3.412033 2.569441 -3.377713 2.137045 -3.038176 0.007104 -0.150416 0.000832 -0.17986 -0.167075 -0.463657 -0.242678 -0.980791 -0.26551 -0.939478 -0.294478 -0.73242 4.486873 -0.754446
42.910961 80.559437 69.752511 562.676677 3.975188 153.850585 -0.035206 101.57866 0.012578 62.392808 0.078096 87.512952 -30.271353 145.299833 -45.250819 975.092309 -17.544471 663.255865 -10.149833 653.466443 -10.545343 479.406831 -8.680206 486.83037 11.286317 -195.900588 0.013044 -0.002239 0.110221 -0.097629 2.900565 -1.125585 3.269574 -1.794702 2.81403 -2.022745 2.533159 -1.780493 0.015147 0.028957 0.052545 0.006863 -0.348423 0.010805 -0.659944 0.005701 -0.917447 -0.002868 -0.686701 -0.002513 6.945027 -1.87327
42.179785 80.910177 86.638668 531.073007 3.391793 177.229341 -0.320832 138.653547 -0.204584 88.06265 -0.01064 113.609967 -31.556935 146.075815 -47.758387 988.257839 -18.651807 669.784118 -10.360807 662.5619 -10.691888 483.665539 -9.082946 490.491714 7.938506 -158.967391 -0.003142 0.000381 0.914304 -0.456686 -0.023136 0.826461 -0.14348 2.878113 -0.318617 2.205992 -0.146389 1.700317 -0.013367 0.001033 -0.033809 0.044142 -0.016942 0.015985 -0.001085 0.031431 -0.000506 0.009416 -0.004566 0.006858 -0.293738 1.92716
41.237543 81.114738 94.178081 542.811723 0.58065 178.030729 -3.637319 146.442293 -3.174377 88.880112 -1.525047 115.584835 -30.738655 145.861073 -50.893566 996.931147 -19.340414 677.164447 -11.805783 667.474249 -11.248503 486.280669 -9.447493 491.56089 2.471815 -159.369101 -0.005322 0.000129 0.157252 0.06416 -1.165706 0.000904 -1.797626 0.106413 -1.76722 0.001888 -1.280917 0.008508 0.005374 -7.9e-05 -0.049831 0.018947 -0.006241 0.02022 -0.047147 0.009072 -0.007062 0.003525 -0.003586 0.000582 -1.550859 -0.000253
42.088477 82.081681 91.261011 538.602469 0.159291 240.147927 -5.937567 241.784966 -8.734448 162.677648 -4.654268 186.652402 -32.163965 147.843282 -55.587694 1007.278203 -24.998015 689.847006 -16.966773 685.568852 -16.219082 497.556226 -13.52889 501.7368 1.148932 -91.230266 0.004345 0.002865 -0.022945 -0.008192 -0.13169 4.639248 -0.280409 11.889407 -1.377646 11.068196 -0.850909 8.474155 -0.01615 0.006689 -0.103518 0.026709 -0.362437 0.058833 -0.466653 0.120997 -0.453485 0.064616 -0.365404 0.052125 -0.250319 9.441448
43.025517 80.425641 88.68899 540.389781 -1.123183 248.368255 -17.067264 241.005955 -17.767574 164.409854 -11.564445 191.685831 -32.283707 146.860871 -60.868842 1005.567688 -24.096933 688.825105 -16.184702 685.059862 -14.182736 503.184036 -11.933697 507.959445 -0.201747 -92.34294 0.005158 -0.008438 -0.018382 0.00148 -2.128436 0.069167 -2.871473 -0.000628 -1.58697 0.004587 -1.545741 0.033484 -0.000111 -0.001637 -0.119808 -0.000727 0.00827 -0.000379 0.009226 -9.5e-05 0.068275 0.015825 0.050017 0.019175 -2.313578 -0.003372
44.570771 70.971089 77.844354 517.490461 -3.733619 220.965007 -25.183393 200.029312 -23.96749 130.778562 -17.511257 157.988035 -30.640256 140.881117 -57.59528 992.953063 -27.384369 688.911616 -20.294 701.738568 -17.945167 514.315462 -14.64709 517.243172 -0.434923 -126.397826 0.013631 -0.295501 -0.353476 -0.247873 -0.761176 -0.800688 -0.78686 -1.907698 -0.463081 -1.922091 -0.614643 -1.627503 0.021466 -0.062141 0.045238 -0.039812 -0.10507 3e-06 -0.232194 0.100299 -0.221066 0.060891 -0.138856 0.042035 -0.044236 -2.667196
47.58628 64.73449 63.364931 480.476014 -8.048599 178.073439 -34.731113 153.946785 -31.374248 96.138197 -23.355075 120.434801 -26.161695 133.681468 -55.701918 985.315597 -27.011664 655.999409 -20.450467 658.987658 -17.74281 480.754604 -14.404384 486.519523 -1.929461 -146.921263 0.049349 -0.143383 -0.744313 -0.686667 -0.818569 -2.311846 -0.765634 -3.012455 -0.497888 -2.659628 -0.419986 -2.544185 0.176832 -0.094412 0.015822 -0.014743 0.001277 -0.402769 -0.0003 -0.671734 0.000574 -0.566117 0.001014 -0.470312 -0.532263 -0.771638
49.657108 60.293066 60.128645 440.189558 -14.705226 117.277927 -50.776868 97.977798 -45.894052 54.162222 -35.069115 76.683764 -23.888185 124.374931 -46.275983 952.862297 -22.751296 640.916906 -18.423612 645.421528 -14.820627 475.676539 -11.535559 481.982958 -8.554211 -208.817278 0.022052 -0.078913 -0.042413 -0.881849 -0.995473 -6.324836 -1.519002 -6.295863 -1.376499 -5.980519 -1.186377 -4.916652 0.051664 -0.16787 0.436559 -0.271722 0.182707 -0.087704 0.052875 -0.070547 0.131381 -0.013481 0.159127 -0.010625 -2.358398 -5.426119
50.789908 56.748228 70.037397 452.684414 -8.716278 118.949784 -33.541199 89.076671 -44.593416 46.241322 -28.280722 67.604303 -25.063322 119.327906 -44.586332 950.6035 -25.268533 641.391113 -20.937899 645.169276 -19.583879 475.207363 -14.605124 481.45915 -5.073587 -224.974627 0.006388 -0.053694 0.377695 0.087431 0.778639 0.005916 1.78039 -0.211903 0.009348 -0.31293 0.364763 -0.28595 -0.014107 -0.052267 0.015712 -0.00134 -0.066023 8.8e-05 -0.080384 -2.5e-05 -0.331328 -0.000116 -0.180847 -0.000142 0.451981 -0.301009
53.402034 52.761585 81.771468 463.733515 -0.359862 125.383437 -11.129197 92.716995 -9.921775 46.665686 -6.797319 67.623662 -23.888505 111.825886 -42.290958 936.258194 -25.449166 641.479122 -20.72242 641.369829 -20.516262 466.312414 -15.295808 472.06027 1.903305 -217.947331 0.032749 -0.07259 0.454172 0.066611 5.534018 0.084718 6.029142 0.036451 12.446398 0.000969 7.348412 1e-06 0.0141 -0.12177 0.030328 -0.054533 -0.000322 3e-06 0.000557 -0.00561 -0.010841 -0.042018 -0.007978 -0.046324 13.191901 0.05575
54.297765 56.726678 88.699992 472.879212 0.377903 143.876728 -4.541212 113.279844 -3.663204 62.915794 -2.08958 85.848391 -23.388818 119.603352 -41.642151 931.565789 -24.098776 641.506446 -18.244374 644.194649 -17.512854 469.138175 -13.544416 474.372776 5.156925 -188.448376 0.003725 0.071821 0.140857 0.044653 1.47531 0.635828 1.452105 1.028873 1.527536 1.211582 1.349382 1.085931 0.002641 0.130723 0.002508 -0.005894 0.018405 0.0 0.078874 0.003104 0.118785 0.004268 0.053228 0.002825 0.794386 1.072031
53.736071 57.143369 100.768152 478.338578 0.077993 158.518757 -7.278005 132.408203 -6.228787 74.859659 -3.57979 98.177374 -24.540771 121.400178 -47.071743 948.91116 -25.098128 643.228467 -18.320143 638.505278 -17.648935 463.134801 -13.941365 471.420744 2.908081 -165.596215 -0.00146 0.000762 0.384731 0.015667 -0.112538 0.354693 -0.321223 0.745763 -0.338496 0.518688 -0.199358 0.413461 -0.013845 0.006698 -0.166311 0.079998 -0.010151 0.001154 -7.9e-05 -0.012618 -0.000263 -0.01933 -0.002867 -0.004607 -0.319877 0.738277
55.611827 61.36683 103.815899 470.511266 -0.011145 198.371715 -9.911151 197.729683 -7.781229 127.103636 -4.711563 150.425248 -22.984651 130.062947 -49.336396 980.200088 -24.774413 650.166839 -17.68817 640.1919 -16.799109 465.22659 -13.31587 475.698899 1.713969 -105.988818 0.01609 0.075282 0.022703 -0.032285 -0.148102 2.232114 -0.202879 6.526811 -0.086278 6.87424 -0.077607 5.552373 0.025483 0.149258 -0.026602 0.25376 0.001051 0.01861 0.005546 0.001112 0.010484 0.002357 0.007178 0.009662 -0.156914 6.622039
57.578997 62.43321 105.469768 459.804568 -0.235644 227.734473 -13.481248 241.524508 -11.747365 161.25557 -7.148531 184.236356 -22.022753 135.364476 -48.217822 989.430977 -21.983806 664.514736 -15.104141 663.670237 -13.494557 481.206767 -10.518262 490.173497 0.060541 -85.336601 0.017095 0.004593 0.006535 -0.061612 -0.144296 1.01289 -0.274035 2.188684 -0.40699 2.029541 -0.25307 1.712361 0.01028 0.05295 0.006413 0.021631 0.083348 0.078296 0.101969 0.211402 0.180776 0.134919 0.164759 0.108465 -1.130257 1.117896
57.586641 63.064288 99.808689 462.991532 -0.376995 244.955839 -13.696948 258.915519 -13.277704 172.001837 -8.185538 194.318214 -22.021997 137.722494 -47.45685 990.550595 -22.44534 667.042526 -15.302173 670.986481 -13.988386 484.400287 -10.712655 492.709419 0.009263 -79.105877 0.0 0.001587 -0.078074 0.005503 -0.01653 0.313814 -0.000856 0.302273 -0.046836 0.173308 -0.035105 0.134276 0.0 0.010181 0.003026 0.000317 -0.002397 0.002399 -0.000645 0.020053 -0.004437 0.005281 -0.00089 0.003271 -0.022441 0.118083
58.939544 64.530453 98.027835 473.057449 -0.628336 247.510898 -14.74436 254.996088 -14.750357 168.278821 -9.424679 191.553817 -21.649363 140.331175 -47.81228 970.953584 -21.274959 668.373401 -13.983192 682.573653 -11.55178 494.090192 -9.160155 500.613931 -0.195212 -85.671813 0.007854 0.008424 -0.008015 0.054124 -0.031925 0.006628 -0.019293 -0.014946 -0.038715 -0.020367 -0.04365 -0.009902 0.00159 0.012238 -0.000663 -0.097897 0.015668 0.000663 0.029718 0.049597 0.116495 0.04798 0.060735 0.031451 -0.289525 -0.130869
56.95631 64.821129 88.557184 504.820963 -0.994932 235.2411 -15.820968 226.938495 -14.921348 145.403815 -10.032327 170.600203 -21.186827 138.619509 -45.400659 962.787614 -21.42514 673.337677 -14.66345 687.496203 -12.81741 496.4083 -9.915468 501.629062 -0.079905 -104.486662 -0.01697 0.000327 -0.24051 0.516008 -0.041938 -0.155952 -0.018967 -0.817431 -0.000493 -0.835181 -0.009491 -0.606678 0.002497 -0.005252 0.031202 -0.017242 -0.000264 0.009184 -0.008078 0.008843 -0.032888 0.002713 -0.014959 0.000514 0.02533 -0.933088
57.491377 65.465964 81.790333 517.56531 -1.344519 228.629079 -16.709084 207.490036 -15.038841 126.487235 -10.412134 156.71071 -19.743946 136.648568 -43.163092 957.318776 -18.507956 661.802975 -12.488848 676.723243 -9.953267 490.879098 -7.599181 496.728401 -0.522895 -119.009273 0.001251 0.001596 -0.134456 0.079434 -0.026267 -0.047126 -0.012126 -0.435552 -0.00023 -0.65885 -0.003528 -0.294834 0.02544 -0.007056 0.028271 -0.007788 0.106695 -0.049827 0.087221 -0.042537 0.180847 -0.015483 0.153838 -0.012028 -0.193987 -0.472334
57.413263 67.556627 80.090302 525.524261 -1.404635 151.407315 -16.807759 104.450962 -13.624117 57.16234 -9.880813 82.335574 -20.444214 136.197371 -43.049369 972.011041 -15.855814 676.635175 -9.678555 687.005246 -7.969335 501.751086 -5.984456 506.751 -0.753572 -220.20254 -2.7e-05 0.01643 -0.008927 0.030365 -0.000657 -7.928265 -0.000145 -17.509112 0.034935 -13.587159 0.006957 -11.864716 -0.006101 -0.000373 7.5e-05 0.055943 0.102497 0.082186 0.17886 0.038762 0.110143 0.059541 0.096315 0.050053 -0.021016 -15.445575
59.222541 69.585299 83.465249 562.517204 0.043323 106.64267 -6.368427 55.474076 -3.487122 25.101233 -2.408373 44.347734 -21.800718 136.689053 -44.410193 983.299719 -14.869888 700.664347 -8.124194 714.192819 -6.842397 521.190553 -5.186882 524.053956 0.560123 -317.534048 0.014034 0.015005 0.034824 0.629054 1.941327 -3.912382 2.484257 -7.684168 3.325891 -6.504871 2.532817 -5.829742 -0.021785 0.000443 -0.010587 0.032587 0.015822 0.209629 0.067986 0.263786 0.042933 0.184726 0.028508 0.145233 2.613068 -8.881962
57.979692 75.122333 84.992869 576.43715 1.890105 87.835313 -0.904953 36.741425 -0.109174 15.915443 -0.050771 33.604469 -22.732508 138.435006 -45.992631 998.183049 -7.688365 727.779092 -2.135747 754.504387 -1.091217 560.512853 -0.856494 562.576721 0.510078 -387.528214 -0.00659 0.105972 0.006927 0.085066 1.361115 -0.911537 2.472077 -1.922719 2.362272 -1.041822 1.759788 -0.74386 -0.009749 0.00554 -0.013851 0.055897 1.173667 0.25737 1.928981 0.553323 2.46862 0.714962 1.827913 0.683061 -0.001171 -3.482894
57.90347 81.485837 85.903848 598.290278 5.067078 91.039646 0.020786 38.018517 0.601568 17.668421 0.631538 35.717924 -23.855772 143.50041 -45.980828 1008.406357 -7.743051 787.33105 -2.024424 846.206727 -1.03953 637.947078 -0.897173 630.789183 3.222677 -443.28069 -2.5e-05 0.129338 0.002428 0.203281 0.767737 0.028703 1.200043 0.010909 1.223289 0.045781 1.040435 0.032224 -0.013543 0.045508 1e-06 0.026043 -9.7e-05 1.170808 0.00149 2.628904 0.000627 2.504185 -0.000472 1.951098 1.168526 -1.872781
57.903515 83.618227 91.319612 616.82886 7.154572 94.583479 0.196397 39.53221 1.095935 16.068755 1.283002 33.565643 -24.434528 145.847684 -49.908514 985.604122 -9.596232 919.685247 -4.614119 1051.538999 -3.54349 832.419207 -2.595389 799.865041 8.580712 -617.179159 0.0 0.013771 0.082769 0.141426 0.179595 0.033832 0.089396 0.014774 0.073582 -0.037946 0.114246 -0.033438 -0.003468 0.009521 -0.080474 -0.13038 -0.099316 5.138803 -0.525955 11.140972 -0.744498 12.91728 -0.440669 10.02589 1.286191 -14.35545
58.17697 84.559369 94.54818 613.56533 8.336052 88.578051 0.416844 37.339137 1.313727 15.211701 1.505786 32.976503 -26.791704 140.736831 -57.446011 928.803343 -16.910989 980.113876 -9.090187 1155.237354 -5.55493 926.421588 -4.965833 884.566325 12.271494 -704.210057 0.000322 0.002633 0.028043 -0.004328 0.045122 -0.098478 0.040993 -0.03129 0.009863 -0.011743 0.008913 -0.002608 -0.054261 -0.045576 -0.264936 -0.84283 -1.029248 0.961297 -0.751591 2.437785 -0.225125 2.513805 -0.381175 2.130941 0.329228 -2.869181
57.900068 84.307485 97.235528 611.660455 9.362604 90.318923 0.815412 37.959847 2.065404 16.171516 2.318403 33.453506 -26.848007 141.991261 -60.394606 935.010946 -19.855471 1059.668462 -10.872083 1248.935555 -6.549336 1021.809012 -6.376432 969.103307 15.970562 -780.887543 -0.00033 -0.000188 0.018829 -0.001481 0.029796 0.008471 0.066238 0.002558 0.084665 0.014681 0.087335 0.001713 -3e-05 0.002783 -0.036895 0.010338 -0.118096 1.551965 -0.079688 1.826551 -0.040916 2.336536 -0.088057 1.928667 0.243295 -1.980799
58.625092 81.623097 96.666539 604.161693 10.32634 87.485465 1.190835 36.43299 2.994316 14.981202 3.157589 31.728971 -26.652559 138.67348 -59.543004 917.830693 -25.560783 1091.138033 -16.831568 1303.365155 -11.055568 1072.518095 -10.001823 1012.665793 25.557077 -833.983143 0.002256 -0.021715 -0.000835 -0.023125 0.023601 -0.022578 0.035439 -0.01567 0.086 -0.022749 0.064684 -0.022817 0.000357 -0.019611 0.003023 -0.079653 -0.359783 0.230236 -0.648581 0.580441 -0.586487 0.613989 -0.406287 0.478845 1.121655 -0.873106
59.374282 73.717629 96.611987 579.146736 10.195439 79.022615 1.128692 31.128142 2.838661 11.706766 3.109707 26.885514 -26.749885 128.177373 -62.55888 850.27512 -31.526406 1095.83019 -23.287604 1339.419271 -15.380171 1127.022973 -13.594762 1054.745486 31.433837 -909.00125 0.002378 -0.20129 -8e-06 -0.264436 -0.000417 -0.215203 -0.000833 -0.208588 -0.002077 -0.201637 -0.000183 -0.200456 -8.9e-05 -0.206503 -0.037251 -1.291049 -0.31256 0.005034 -0.522865 0.245945 -0.356128 0.675422 -0.275144 0.428285 0.303808 -1.615139
59.482078 67.001677 95.35806 556.523743 9.721735 71.995197 0.941525 26.865707 2.574613 9.137007 2.891284 22.907504 -27.124294 118.99952 -65.089374 807.87367 -35.939375 1100.724026 -28.138484 1358.680332 -19.253433 1153.921103 -16.793296 1076.466152 35.909258 -957.696137 4.9e-05 -0.160354 -0.004095 -0.225352 -0.005634 -0.163595 -0.008478 -0.156852 -0.006444 -0.159015 -0.003976 -0.159158 -0.001301 -0.170449 -0.025085 -0.542224 -0.144482 0.005452 -0.229296 0.068751 -0.217265 0.158604 -0.168802 0.110688 0.148876 -0.635238
59.382917 64.362404 94.572523 536.523315 9.209687 68.751308 0.765957 25.157795 2.236908 8.173417 2.539965 21.391797 -26.982243 113.250664 -64.487415 756.860075 -37.664873 1098.551417 -32.186888 1376.306894 -21.354514 1192.761514 -17.996991 1107.343588 37.414313 -1003.461515 -4.1e-05 -0.026516 -0.001624 -0.182998 -0.006926 -0.037387 -0.00905 -0.028043 -0.011866 -0.02684 -0.011374 -0.025938 0.000186 -0.071161 0.001398 -0.831796 -0.020228 -0.001073 -0.135996 0.056801 -0.054392 0.32145 -0.020829 0.218303 0.015448 -0.534061
59.066687 64.031067 93.218311 535.17833 9.408035 70.246609 0.93341 25.648128 2.633225 8.806326 2.89399 22.494446 -26.071196 111.335606 -58.001479 747.524862 -36.131049 1131.124941 -30.84797 1415.026428 -20.904638 1240.467094 -17.445322 1150.915926 38.376546 -1040.237947 -0.000422 -0.000428 -0.004883 -0.000844 0.001057 0.008043 0.00827 0.002366 0.016152 0.0118 0.011545 0.013854 0.007823 -0.008165 0.17184 -0.028964 0.015942 0.237947 0.014222 0.268559 0.002395 0.4677 0.004294 0.420396 0.006108 -0.330923
58.311435 65.460177 91.302639 540.942772 9.112718 70.976663 0.8764 25.831473 2.548141 9.06754 2.772063 23.217187 -25.600003 110.215934 -55.907005 735.699229 -35.08387 1139.555047 -30.815867 1428.743955 -20.489867 1257.961913 -16.914127 1167.931005 37.489455 -1053.425897 -0.00243 0.007886 -0.009944 0.015439 -0.002355 0.001887 -0.000898 0.000326 -0.000699 0.001909 -0.001312 0.005714 0.002148 -0.002829 0.019258 -0.047143 0.0077 0.015649 8e-06 0.033085 0.002078 0.061253 0.004106 0.062427 -0.005186 -0.041536
57.27862 67.338696 91.049997 542.62857 9.182177 74.759645 0.966511 27.72704 2.511935 10.456109 2.747843 25.52888 -25.431067 109.490383 -55.15543 707.929321 -35.825621 1151.120167 -32.865663 1451.797451 -21.462374 1298.337038 -17.583615 1201.480437 38.659277 -1075.764792 -0.004614 0.013287 -0.000175 0.001311 0.000132 0.049107 0.002204 0.033555 -0.00013 0.049442 -5.3e-05 0.054845 0.00028 -0.001198 0.002543 -0.267118 -0.00388 0.029195 -0.032998 0.092252 -0.011273 0.31887 -0.006497 0.237532 0.008986 -0.11719
56.661826 68.063649 90.192193 551.794931 9.075564 76.63523 0.946644 28.597756 2.525177 10.95877 2.7359 26.411886 -25.473136 108.492023 -54.083423 711.053807 -36.367145 1161.746563 -34.047952 1465.90227 -22.619712 1310.694105 -18.238443 1214.930178 40.260284 -1081.956445 -0.001669 0.001941 -0.00203 0.038387 -0.000311 0.011618 -0.000103 0.006731 1.7e-05 0.0059 -1.3e-05 0.007506 -1.7e-05 -0.002286 0.00526 0.00344 -0.002031 0.024411 -0.010446 0.034093 -0.015195 0.029263 -0.005986 0.037431 0.016241 -0.008884
56.019861 68.696263 89.375467 558.989285 9.165045 79.975924 0.999801 30.515438 2.641279 11.933964 2.856796 27.860118 -25.38594 108.091084 -54.125337 709.654717 -36.254295 1163.296166 -34.552548 1469.206541 -22.794873 1314.72016 -18.296577 1216.831691 40.954864 -1076.136072 -0.001829 0.001463 -0.001857 0.023299 0.000219 0.035634 0.000726 0.031114 0.001305 0.02078 0.001307 0.019326 7.5e-05 -0.000371 -8e-06 -0.000689 8.8e-05 0.000516 -0.001856 0.00186 -0.000338 0.003087 -4.6e-05 0.000743 0.00297 0.007849
56.262902 69.622744 89.609865 573.702508 9.140737 80.258898 0.962133 30.752338 2.576736 11.989934 2.800887 28.132698 -25.414989 106.40066 -54.97011 712.392228 -35.627607 1163.098166 -33.882393 1469.064438 -22.075146 1307.931512 -17.593739 1212.452693 39.735892 -1069.465762 0.000263 0.003103 0.000153 0.095564 -1.6e-05 0.00025 -0.000362 0.000458 -0.000399 6.5e-05 -0.000276 0.000663 -8e-06 -0.006661 -0.003271 0.002635 0.002732 -8e-06 0.003281 -3e-06 0.005773 -0.008786 0.006882 -0.003947 -0.009208 0.010368
55.768087 70.099165 89.179986 572.73411 8.933801 78.368493 0.890057 29.338737 2.429138 11.047266 2.657782 27.248762 -25.435185 106.177349 -55.541709 701.597891 -36.039746 1160.799426 -34.400237 1467.631919 -22.311435 1306.149851 -17.721902 1211.433031 39.46437 -1076.952369 -0.001093 0.000812 -0.000517 -0.000409 -0.001185 -0.011265 -0.001403 -0.016629 -0.002176 -0.019295 -0.001876 -0.007055 -4e-06 -0.000117 -0.001478 -0.041202 -0.001185 -0.001137 -0.001964 -0.000349 -0.000629 -0.000607 -0.000233 -0.000214 -0.000465 -0.013057
55.827615 70.371906 90.536631 572.427749 9.125714 77.322027 0.912328 28.616821 2.442189 10.542208 2.658277 26.913522 -25.421961 104.606357 -55.484331 701.644624 -35.952311 1169.177567 -34.29352 1485.906155 -22.059663 1322.901354 -17.480292 1228.067701 39.181614 -1097.254647 1.6e-05 0.000265 0.005121 -4.1e-05 0.00102 -0.003517 0.000138 -0.004496 1.7e-05 -0.005908 0.0 -0.001038 2e-06 -0.005854 1.5e-05 1e-06 5.3e-05 0.015063 8.3e-05 0.056534 0.000714 0.053368 0.000829 0.056716 -0.000508 -0.094791
55.839195 69.129163 91.602233 568.147166 9.298461 76.251727 0.920544 27.984937 2.444397 10.242178 2.661126 26.262215 -25.453887 103.135854 -55.684881 705.10544 -36.323665 1164.641346 -34.507366 1480.6642 -22.435825 1316.93352 -17.819066 1222.292574 39.691306 -1094.897698 1e-06 -0.005536 0.003117 -0.008033 0.00081 -0.00373 1.8e-05 -0.003527 0.0 -0.002166 1e-06 -0.003989 -1e-05 -0.005205 -0.000181 0.004257 -0.000954 -0.004409 -0.000332 -0.004631 -0.00159 -0.006746 -0.001626 -0.006806 0.001647 0.001267
55.20781 70.595188 91.54337 586.042429 9.367401 78.18935 0.932397 29.199013 2.477563 10.848493 2.674171 27.303239 -26.424171 105.133731 -56.673851 710.699734 -37.715114 1175.103834 -35.640096 1490.05692 -23.706717 1326.974325 -18.924554 1231.900871 41.512017 -1097.858895 -0.001795 0.007691 -9e-06 0.138738 0.000127 0.012155 3.8e-05 0.01289 0.000112 0.008717 1.6e-05 0.010117 -0.009074 0.009583 -0.004352 0.011052 -0.013076 0.023392 -0.009146 0.014849 -0.017505 0.019066 -0.016634 0.018809 0.020414 -0.001999
56.911695 73.934928 95.890152 618.856966 9.467821 83.396487 0.95083 32.419214 2.98327 12.261453 3.372818 29.769536 -26.122473 107.807266 -56.11939 727.493543 -37.487849 1198.109583 -35.000318 1516.594515 -23.720301 1351.828722 -18.88555 1254.760331 43.527846 -1106.599324 0.012948 0.038592 0.05041 0.446923 0.000268 0.083922 9e-05 0.084202 0.023466 0.043235 0.040495 0.053313 0.000866 0.016784 0.001363 0.098054 0.000343 0.111511 0.002897 0.117117 -2e-06 0.115304 2e-05 0.105074 0.023895 -0.017327
57.121293 79.379874 97.843975 679.761381 19.675886 93.356305 6.820726 36.119872 9.760336 13.694654 9.165604 32.927028 -26.444581 110.918706 -56.428043 736.937012 -37.127753 1220.047209 -35.107034 1552.97389 -23.245542 1389.490384 -18.392336 1293.051352 63.131236 -1127.296726 0.000193 0.096719 0.009852 1.428976 1.846251 0.280835 2.678286 0.099978 1.951439 0.039598 1.418365 0.079558 -0.000987 0.022132 -0.000423 0.030449 0.000869 0.099512 -8.1e-05 0.215585 0.0024 0.25872 0.003263 0.287754 1.816978 -0.095884
54.094645 93.187755 98.40713 754.526653 39.210123 117.562631 25.211458 47.471182 27.291779 19.183535 24.143448 42.230356 -28.202261 118.081706 -57.10841 760.391535 -37.604978 1276.85875 -35.337073 1617.838379 -23.338313 1450.66372 -18.492805 1354.799393 101.105594 -1136.207578 -0.041191 0.553301 0.000808 1.949974 3.334451 1.393636 5.805446 0.774316 4.409999 0.461411 3.557462 0.578027 -0.028275 0.112055 -0.002039 0.18371 -0.001524 0.646394 -0.000376 0.663528 -9.2e-05 0.658875 -0.000137 0.720082 4.450459 -0.01754
54.372544 115.053893 97.689093 844.210652 67.493737 192.364109 59.841875 102.306304 63.181304 51.884637 54.915856 82.451573 -29.359241 133.359897 -59.749832 792.720416 -38.28488 1332.544223 -35.412654 1681.359471 -23.087754 1516.328748 -18.361725 1414.265548 162.655298 -1007.235072 0.000356 1.151194 -0.001315 2.517473 3.816781 9.162176 7.369335 10.398848 7.422973 7.970446 6.234634 6.665671 -0.011629 0.464599 -0.029857 0.336508 -0.003046 0.59424 -4e-05 0.611558 0.000676 0.726733 0.000233 0.638597 7.281961 3.883703
56.505618 127.650008 98.537314 913.637989 117.662954 287.980889 123.597549 185.904789 125.833549 103.711164 109.298122 139.70621 -31.011991 139.08742 -60.168169 803.565108 -36.566011 1360.799548 -32.956106 1707.477047 -21.160333 1538.250425 -16.945077 1433.499665 250.196202 -843.128085 0.02052 0.327084 0.001833 1.371573 6.926363 9.612857 11.43583 12.390631 10.685633 8.884982 9.266246 7.504604 -0.022627 0.06021 -0.00073 0.036838 0.019739 0.148215 0.044147 0.100645 0.041999 0.078663 0.028432 0.064955 9.387808 7.291615
56.240818 131.153659 90.409409 919.154615 136.880269 426.443153 151.715802 340.097433 157.603036 219.696728 137.322466 256.325676 -31.048481 139.490572 -59.380391 799.217177 -36.271057 1372.777352 -32.579428 1717.839127 -20.953394 1551.401473 -16.782233 1442.059531 293.488035 -603.471845 -0.000311 0.023717 -0.1749 0.008302 0.726464 13.546083 1.439648 23.107634 1.786097 21.513848 1.597425 17.559754 -1.1e-05 0.000292 0.002596 -0.005897 0.000597 0.026242 0.001083 0.015673 0.000508 0.027989 0.000393 0.01274 1.726336 19.989877
52.321632 129.904475 85.664641 814.730831 102.085829 441.909862 108.909255 394.068792 104.288377 286.470998 91.594817 317.183962 -33.120143 151.158201 -62.603627 787.253951 -39.323182 1381.457724 -35.756906 1705.280792 -23.108293 1551.882788 -18.761241 1446.040522 225.578674 -504.833016 -0.070766 -0.002989 -0.063942 -3.147334 -2.546676 0.137754 -3.53943 1.986508 -5.484199 4.423804 -4.613684 3.238147 -0.03345 0.234284 -0.042592 -0.045107 -0.06164 0.013679 -0.073913 -0.023036 -0.052726 3.7e-05 -0.055137 0.002744 -4.461455 4.398141
49.277257 141.359417 81.682936 890.416083 49.243329 505.238749 36.195891 450.792509 38.586266 305.219824 35.160913 340.407151 -34.089596 161.772339 -65.545128 821.777748 -40.187816 1377.968264 -34.481145 1705.109239 -22.770377 1518.377265 -18.92681 1412.725809 120.639823 -462.070238 -0.045622 0.241968 -0.047375 1.680524 -9.525828 2.119541 -19.533373 1.906357 -16.003069 0.29712 -13.25582 0.410198 -0.006992 0.18006 -0.033764 0.370418 -0.004701 -0.002206 0.011587 -4e-06 0.001244 -0.182827 -0.000364 -0.194124 -16.286557 0.946088
48.798216 142.839568 80.738488 909.135675 32.829145 542.577338 14.830151 511.546904 17.661482 350.266513 17.932772 384.282013 -35.353976 160.445044 -67.221261 813.856075 -41.880387 1360.750076 -36.526807 1689.374492 -24.49352 1506.638054 -20.216689 1403.812705 83.752688 -404.011098 -0.00117 0.003854 -0.002746 0.097367 -1.658137 0.665486 -4.688561 1.919687 -4.036997 1.549693 -2.872867 1.329377 -0.011511 -0.002734 -0.010581 -0.019183 -0.017456 -0.054125 -0.029473 -0.036469 -0.031422 -0.022778 -0.021258 -0.014103 -3.356102 1.948235
48.542109 139.818179 83.753452 914.820606 23.801828 570.673747 8.216279 545.750961 10.105901 374.103022 10.864184 401.934191 -35.163705 158.031791 -66.858704 830.946426 -40.533692 1388.526728 -33.997088 1726.145318 -23.541469 1535.900506 -19.777914 1423.632243 64.495887 -393.975796 -0.000337 -0.016149 0.027633 0.008859 -0.724134 0.354607 -0.969414 0.553403 -1.047713 0.392295 -0.881015 0.198189 0.000257 -0.009143 0.00049 0.088791 0.011004 0.140321 0.045386 0.19794 0.009436 0.140723 0.002407 0.069465 -1.256005 0.063103
46.603857 143.467425 85.383134 944.194074 25.051716 532.331273 10.160792 481.632849 12.290398 322.516963 12.429791 357.873083 -35.834183 158.113924 -69.133277 823.955689 -42.965915 1371.614427 -36.895098 1709.559622 -25.453616 1525.464263 -21.461214 1414.534321 73.118302 -445.143956 -0.019744 0.023506 0.007851 0.232073 0.015991 -0.666629 0.103166 -2.002729 0.106791 -1.912649 0.052672 -1.278624 -0.003166 1.1e-05 -0.019023 -0.014765 -0.035431 -0.051814 -0.059259 -0.040034 -0.037327 -0.017789 -0.034369 -0.014582 0.270391 -1.561529
47.964689 150.669953 77.913577 987.589393 33.747841 547.552875 20.33427 486.669412 23.843488 327.049005 22.080552 363.605093 -34.699822 157.877474 -69.729016 807.795403 -44.149015 1357.640011 -38.527678 1692.583139 -25.995471 1509.726645 -21.491433 1402.368397 99.631435 -431.422176 0.009792 0.088197 -0.170927 0.487475 0.646609 0.107284 1.747033 0.013099 1.896716 0.01581 1.376877 0.02277 0.009122 -8.8e-05 -0.001278 -0.080025 -0.008034 -0.035776 -0.017671 -0.042356 -0.002853 -0.0408 -1.1e-05 -0.026272 2.046704 0.107407
46.192778 147.008551 78.671554 895.17429 48.199033 560.056722 44.733513 512.454444 44.56536 350.527037 38.660241 384.883175 -35.300552 158.783776 -69.632492 806.224411 -43.848457 1363.845209 -38.319814 1690.139183 -25.758667 1510.118993 -21.319355 1404.694749 138.08668 -405.534301 -0.016674 -0.022518 0.001835 -2.269457 1.284285 0.07058 4.747858 0.332781 3.213952 0.406879 2.306575 0.302509 -0.002578 0.001297 3.3e-05 -0.000765 0.000513 0.007074 0.000281 -0.000883 0.000542 2.5e-05 0.000346 0.000964 3.131039 0.400464
48.426398 146.129418 83.306698 871.785804 93.142651 559.762515 98.729345 523.726531 98.697959 363.894066 85.864353 394.833524 -33.380563 159.875003 -65.356825 804.789878 -42.348035 1362.204916 -37.699412 1675.740899 -25.727004 1497.219658 -21.050145 1395.630695 225.205969 -384.862595 0.026368 -0.001318 0.066333 -0.154798 7.335927 -3.9e-05 10.549195 0.061313 10.620791 0.125061 9.293755 0.063493 0.026842 0.001868 0.067731 -0.000639 0.01306 -0.000493 0.002532 -0.030796 1e-05 -0.027665 0.000855 -0.014669 10.600463 0.270366
50.062665 146.147287 84.716363 888.858006 123.097687 573.181817 131.42698 523.362528 137.525867 363.170714 120.055123 394.621905 -32.980918 160.445044 -63.897876 807.32198 -40.964667 1362.935158 -36.102823 1681.603641 -24.68629 1499.771323 -20.164008 1397.664652 278.745473 -386.902713 0.013593 1e-06 0.005913 0.082773 2.084835 0.079476 2.334468 -6.3e-05 3.212905 -0.00036 2.858348 -2.8e-05 0.001203 0.000507 0.008234 0.001989 0.011486 9.8e-05 0.017272 0.005119 0.010743 0.001086 0.009527 0.000741 2.852073 -0.002696
50.628788 144.030912 85.6027 840.190328 121.034652 579.970813 128.445145 538.341197 130.258792 370.881984 114.036853 400.704551 -32.027745 161.204332 -62.463685 812.869965 -40.532439 1359.577314 -35.857022 1660.25525 -24.816974 1473.253857 -20.198924 1377.233563 268.788195 -365.75387 0.001591 -0.007718 0.002306 -0.685062 -0.008717 0.019985 -0.017108 0.105666 -0.098624 0.040505 -0.077375 0.02326 0.006988 0.000896 0.008139 0.009499 0.001146 -0.002071 0.00042 -0.068189 -0.000172 -0.118262 -1.5e-05 -0.075216 -0.090547 0.297189
48.087865 142.328047 81.934378 741.560898 69.927699 701.138065 63.109074 754.595256 59.335984 606.222595 53.216381 611.113823 -33.2355 163.372553 -64.638038 798.609327 -41.296433 1359.720172 -36.992444 1654.598374 -25.315865 1472.853061 -20.684533 1376.643024 162.166796 -189.232483 -0.032707 -0.005063 -0.040165 -3.077993 -6.965887 5.74287 -11.486963 18.213403 -13.764931 28.764896 -11.450428 22.119248 -0.011176 0.007242 -0.0186 -0.0631 -0.003567 4e-06 -0.008849 -0.004827 -0.002482 -2.7e-05 -0.002884 -6.3e-05 -13.397712 28.82093
51.221809 143.383978 78.104044 827.441793 37.978027 643.634723 22.518227 626.183265 26.872751 461.058477 25.679863 487.849472 -32.682049 161.176635 -65.552512 802.756826 -40.819829 1359.873809 -35.802863 1670.554382 -24.439154 1483.876223 -19.954023 1382.026914 102.566069 -290.663004 0.049462 0.001951 -0.045844 2.35215 -4.838446 -1.230002 -10.232223 -5.984106 -6.345824 -9.918189 -4.961425 -6.934805 0.002323 -0.007429 -0.003212 0.005371 0.001383 4e-06 0.00972 0.038283 0.007725 0.020548 0.006566 0.005254 -6.796355 -10.841622
51.448962 147.501549 75.998256 944.597601 22.125892 654.365109 8.691852 632.261444 11.827071 450.310601 12.044896 472.676127 -31.933129 159.840714 -62.476547 813.312884 -37.645853 1389.275765 -32.571127 1723.941541 -22.054148 1545.956782 -18.094094 1428.750488 66.182054 -327.542447 0.000251 0.029144 -0.014388 3.877034 -2.12814 0.044354 -3.229722 0.014679 -3.044475 -0.063378 -2.550264 -0.119854 0.00434 -0.00278 0.036956 0.034476 0.064221 0.15723 0.076418 0.419851 0.061213 0.636075 0.045487 0.38837 -3.969082 -1.101014
51.590187 149.5702 67.193409 988.561225 18.699666 668.076184 6.904701 649.704288 9.810081 456.083382 9.797707 474.314619 -32.097473 155.23272 -59.004815 810.961153 -33.735238 1410.962783 -29.186904 1755.186459 -19.118612 1585.219013 -15.276466 1461.459902 56.318847 -340.723612 9.7e-05 0.007203 -0.270961 0.499972 -0.144025 0.07108 -0.10273 0.118672 -0.094216 0.018383 -0.115904 0.001417 -0.000211 -0.033698 0.049618 -0.001702 0.107202 0.083981 0.092794 0.140303 0.104782 0.246167 0.119165 0.185097 -0.397716 -0.130008
50.464536 151.113356 54.120338 1001.055789 14.583355 652.278671 5.22289 620.944989 8.410164 439.833974 8.241157 458.114934 -31.767258 149.85317 -61.042793 793.743264 -37.263599 1414.884056 -33.827979 1761.612459 -22.306537 1601.30494 -17.747882 1475.740148 58.110249 -362.677338 -0.006208 0.00396 -0.70645 0.039233 -0.255525 -0.094509 -0.11718 -0.325504 -0.05386 -0.147371 -0.067282 -0.140734 0.000854 -0.047432 -0.0173 -0.092373 -0.087727 0.002721 -0.171141 0.005871 -0.122848 0.040602 -0.092605 0.034714 0.014023 -0.34268
52.115534 151.176448 58.091622 1015.090927 19.741801 660.691908 8.528046 631.716467 12.146452 441.243649 11.479207 464.003999 -32.845847 154.583377 -61.468242 824.23254 -36.491692 1417.719844 -31.555696 1763.960336 -21.090857 1574.697382 -16.942034 1456.119583 65.248498 -348.817497 0.013287 7e-06 0.070296 0.048852 0.389824 0.026955 0.40312 0.046312 0.342398 0.001128 0.267658 0.018805 -0.009003 0.03675 -0.000739 0.287297 0.004039 0.001419 0.039496 0.000782 0.017031 -0.111457 0.009361 -0.065653 0.206703 0.135007
52.453472 153.990125 58.590458 1031.364451 26.106664 660.079068 14.781896 621.876754 18.305808 430.796702 16.700046 456.51284 -32.707337 155.570205 -62.866068 822.498451 -36.903136 1396.280972 -31.216896 1732.505579 -20.699147 1539.747401 -16.823573 1427.465675 77.936412 -341.657241 0.000546 0.012972 0.001066 0.064705 0.443947 -0.000142 0.854592 -0.038618 0.629409 -0.062579 0.487862 -0.030482 0.000146 0.00157 -0.007858 -0.000913 -0.001153 -0.081669 0.000914 -0.141489 0.001836 -0.196109 0.000208 -0.142369 0.563259 0.037127
52.30206 153.817022 61.687418 1019.177954 46.432992 667.322114 36.94102 635.769619 40.314006 442.19747 35.456012 467.805764 -32.592935 155.327717 -63.504216 817.261472 -37.57187 1391.223273 -31.40457 1729.550297 -21.210757 1539.872533 -17.306087 1427.364563 120.008628 -331.703089 -0.000109 -4.9e-05 0.039877 -0.036213 2.906028 0.019761 4.987135 0.076738 4.288223 0.074447 3.489148 0.068989 0.0001 -9.5e-05 -0.001611 -0.008363 -0.003002 -0.004588 -0.000281 -0.001261 -0.003123 3e-06 -0.003411 -2e-06 4.522788 0.073579
48.903615 151.692897 64.657735 935.318624 71.436022 666.808247 68.702093 639.773014 70.736184 448.530834 61.221703 472.841365 -33.587506 155.753962 -65.092981 825.234591 -39.416867 1405.123028 -33.320291 1741.416909 -22.403341 1550.634105 -18.43702 1439.258058 172.756781 -331.223443 -0.057075 -0.007384 0.03492 -1.799856 2.682413 -9.9e-05 4.88746 0.006283 4.248337 0.022516 3.496656 0.013479 -0.007474 0.000292 -0.009815 0.019352 -0.02211 0.034546 -0.028357 0.020285 -0.016308 0.018737 -0.017896 0.024673 4.791075 0.000174
50.069244 150.307647 72.535128 855.38235 99.330679 687.932305 104.683183 671.423957 105.958446 471.065955 92.110198 492.574081 -33.759442 158.78295 -64.527484 830.077601 -41.777806 1420.237012 -36.711588 1742.414716 -25.331852 1561.487088 -20.852292 1452.743739 234.907356 -317.253178 0.006864 -0.003177 0.22634 -1.785054 2.293693 0.164701 3.774501 0.382066 3.546183 0.276158 3.143444 0.201686 -0.000219 0.014585 0.001234 0.007085 -0.034332 0.040426 -0.08216 0.000143 -0.089915 0.018924 -0.074309 0.031443 4.765447 0.1505
54.01997 147.784439 82.618842 863.070205 126.290094 738.44517 138.50276 716.4093 142.815775 475.458038 123.45512 505.294083 -35.856344 161.151664 -65.481736 847.657042 -40.787314 1404.293116 -34.234591 1705.280792 -24.749113 1510.276502 -20.644594 1405.758305 286.469283 -290.950657 0.075002 -0.010679 0.328025 0.017197 1.61648 0.894697 2.363105 0.729271 2.745462 0.01019 2.291076 0.081075 -0.031588 0.008769 -0.003502 0.092102 0.005941 -0.045 0.043254 -0.199984 0.00339 -0.426906 0.00052 -0.386178 2.555892 0.569009
53.226034 156.550253 79.511045 898.84995 139.708605 793.15949 160.852093 761.089736 169.857604 547.480629 145.272245 560.56916 -35.401979 163.155041 -65.828068 830.894194 -42.466149 1376.559872 -36.488884 1669.244214 -26.399022 1479.105454 -21.722113 1381.576914 330.183092 -226.828783 -0.002939 0.126268 -0.029789 0.363331 0.338669 0.977606 0.835448 0.675736 1.171563 2.538617 0.887096 1.434232 0.001449 0.006188 -0.000457 -0.083703 -0.016929 -0.138294 -0.035937 -0.192423 -0.026618 -0.162519 -0.013705 -0.104894 1.551363 3.985771
51.224112 163.628254 80.407468 901.353844 161.304847 841.10142 195.776637 821.067951 208.044875 713.80516 176.254756 725.609138 -34.709549 166.174974 -61.526482 834.138756 -41.442689 1398.530497 -37.474165 1680.759755 -27.499836 1498.60655 -22.109522 1410.047439 386.821938 -143.87301 -0.019186 0.078244 0.002512 0.001741 0.775712 0.703353 1.714195 1.13727 1.934374 11.014622 1.496227 10.63276 0.003419 0.013847 0.072667 0.003161 0.006242 0.086973 -0.006563 0.019792 -0.011243 0.063857 -0.001712 0.145183 2.240555 9.401144
47.927833 146.678107 93.205708 742.318444 190.336487 868.694666 263.54087 1089.773827 278.77901 1089.837186 234.601236 1084.926998 -34.347993 164.214566 -60.093062 825.584784 -39.2931 1428.963629 -36.830429 1721.789131 -24.847776 1557.573123 -19.952106 1467.414772 470.084447 -41.646613 -0.054807 -0.463288 0.472366 -7.711918 1.200481 0.222669 5.026212 18.987277 5.166146 39.633948 4.164052 36.013165 0.000946 -0.005816 0.008448 -0.022043 0.028621 0.163785 0.002789 0.247384 0.067223 0.56891 0.055365 0.571917 4.054752 30.705882
51.050081 143.799595 104.798353 707.300177 211.851098 1115.168189 286.296193 1344.187937 296.953459 1309.03952 251.564376 1295.78811 -33.282627 168.811672 -61.055414 832.352828 -41.030539 1467.525741 -38.380423 1774.26242 -26.046885 1595.425447 -21.258714 1506.902508 498.894775 -14.153592 0.049258 -0.014263 0.339652 -0.423028 0.575863 15.370379 0.471073 13.333059 0.286933 10.036028 0.296026 9.356422 0.008392 0.031731 -0.003822 0.013814 -0.018793 0.256708 -0.015973 0.393816 -0.014128 0.22722 -0.020719 0.262136 0.428399 7.243057
53.428215 144.199995 111.784101 719.513252 215.54601 1307.596981 300.443355 1536.997425 310.877918 1516.581516 263.140622 1491.463739 -33.00235 167.20794 -58.701742 816.87574 -40.826151 1470.699717 -40.348149 1770.405373 -27.03106 1607.831645 -21.608753 1522.314723 521.248659 -1.332788 0.027069 0.000278 0.11269 0.052271 0.015972 7.653945 0.170579 6.458663 0.159515 7.632292 0.130197 6.877069 0.000593 -0.003827 0.023131 -0.072624 0.000255 0.001714 -0.024594 -0.002098 -0.009125 0.024025 -0.001429 0.039208 0.244944 6.799898
55.211973 147.012598 117.323632 751.411061 224.654861 1462.095481 310.718197 1702.508933 319.584059 1688.490939 271.414266 1657.396972 -31.423712 167.702736 -55.753355 822.506314 -39.756936 1505.113559 -40.594165 1814.163847 -26.737802 1654.313747 -21.060401 1566.783968 531.199934 0.17472 0.014645 0.013583 0.066979 0.345902 0.094252 4.312461 0.086376 4.230885 0.060115 4.613645 0.064032 4.375071 0.019344 0.000366 0.037982 0.009669 0.007094 0.198996 -0.000374 0.2671 0.0008 0.331177 0.003524 0.320096 0.047047 2.47263
55.301695 154.810377 120.537454 795.088256 235.443453 1595.150955 316.084314 1862.719782 322.261503 1849.348902 273.5295 1805.811125 -32.060406 172.883641 -56.579705 848.081391 -37.683019 1518.18682 -36.756022 1828.594962 -23.727152 1660.925872 -18.848864 1575.379596 520.875451 5.060693 3.6e-05 0.100747 0.021713 0.616902 0.126505 2.896749 0.02297 3.60152 0.005584 3.658825 0.004105 3.181571 -0.003193 0.039408 -0.003039 0.195776 0.027776 0.028266 0.095284 0.028585 0.089885 0.006594 0.061322 0.011757 -0.050661 3.35477
56.916192 151.211188 121.066589 803.049686 240.496556 1635.25927 310.264896 1911.71759 317.473935 1885.407331 269.786063 1834.725412 -31.786746 168.617114 -56.619211 850.48926 -37.120562 1506.575125 -35.081434 1814.796302 -23.198666 1641.328757 -18.610231 1559.363079 512.311428 8.456241 0.011615 -0.021166 0.000579 0.019831 0.026825 0.248999 -0.027035 0.318046 -0.017915 0.174073 -0.012896 0.114825 0.000586 -0.026653 -7e-06 0.001707 0.002115 -0.022288 0.019521 -0.02613 0.002976 -0.05815 0.00076 -0.040917 -0.035494 0.433442
57.61885 151.31829 120.042127 820.806317 238.318942 1725.843212 303.350392 2019.394741 311.971639 1999.347466 265.63643 1940.321293 -31.222891 167.759783 -56.277881 851.85521 -36.92088 1498.234157 -34.807345 1800.883715 -23.0018 1623.716717 -18.403943 1542.809559 504.394917 19.524865 0.002155 1.9e-05 -0.002176 0.097086 -0.004952 1.22087 -0.038959 1.47497 -0.02405 1.671296 -0.01608 1.477157 0.002523 -0.001093 0.000516 0.000548 0.000269 -0.011577 0.000537 -0.026767 0.000419 -0.047501 0.000575 -0.044166 -0.030821 2.282315
58.64134 153.392182 121.061736 850.548709 240.036267 1823.153721 304.16712 2127.549507 310.273715 2120.059907 263.412192 2058.901303 -30.261352 167.151218 -55.071754 853.425623 -35.97265 1524.912579 -33.858597 1835.398978 -22.242651 1657.459335 -17.741178 1576.806006 498.664615 28.432375 0.004496 0.007058 0.002156 0.264659 0.003083 1.334337 0.000549 1.41061 -0.002317 1.769019 -0.004676 1.758381 0.007519 -0.000553 0.006533 0.000723 0.006168 0.117717 0.006555 0.163812 0.006369 0.173504 0.006077 0.185246 -0.016368 0.834495
59.436347 153.802016 122.398422 856.844866 237.508611 1855.576918 301.52272 2177.671821 309.202263 2175.598441 261.493318 2104.931356 -29.637322 164.863988 -55.222558 844.018083 -36.07407 1502.101997 -33.592169 1804.931053 -22.41347 1626.755923 -17.959006 1548.529221 498.112528 39.819235 0.002676 0.000273 0.003669 0.011609 -0.00669 0.142887 -0.005773 0.291777 -0.000927 0.359044 -0.003507 0.254433 0.003251 -0.007878 -0.000103 -0.026069 -7.1e-05 -0.085948 0.000526 -0.127504 -0.000327 -0.143523 -0.000665 -0.127921 -0.000153 0.956575
60.557905 152.027984 124.217838 855.079748 233.176016 1869.719147 295.598481 2209.432269 309.785174 2208.51453 260.493316 2128.867444 -29.774512 163.88713 -55.080513 853.338389 -35.218016 1533.134131 -32.252456 1855.633919 -21.109612 1667.477192 -16.892072 1581.148596 492.628452 37.946591 0.005242 -0.005145 0.006711 -0.00091 -0.019941 0.026844 -0.029389 0.114966 0.000274 0.123569 -0.000958 0.067663 -0.000158 -0.001451 9.1e-05 0.025589 0.00514 0.15864 0.013631 0.351162 0.019535 0.251695 0.016335 0.169994 -0.015178 -0.02255
59.455373 154.444679 122.082232 858.886906 229.920227 1866.801472 291.186476 2199.053849 305.796157 2198.392018 256.877356 2122.548748 -29.922451 166.062352 -55.16331 859.61129 -35.786566 1567.391077 -33.285928 1896.685531 -21.840282 1714.930942 -17.502154 1626.023496 491.082754 29.978786 -0.005064 0.009529 -0.009259 0.004228 -0.011445 -0.001139 -0.016587 -0.012216 -0.012925 -0.011626 -0.012636 -0.004696 -0.000183 0.00717 -3.1e-05 0.011486 -0.002276 0.189254 -0.008149 0.224566 -0.006216 0.332894 -0.005411 0.313961 -0.001214 -0.46894
59.660759 155.072057 121.448321 865.962237 229.013895 1872.80444 289.31213 2202.97517 305.845147 2199.536031 256.835134 2122.668203 -29.829112 166.892008 -54.184245 866.555191 -34.935712 1577.462873 -32.259937 1907.527446 -21.134101 1726.178998 -16.926042 1634.603972 487.774302 28.642845 0.000177 0.000636 -0.000825 0.014512 -0.000895 0.004818 -0.003026 0.001747 2e-06 0.000149 -2e-06 2e-06 7.3e-05 0.001034 0.004383 0.013967 0.005118 0.016128 0.00803 0.01545 0.005803 0.018383 0.004821 0.01129 -0.005591 -0.015224
59.174479 154.828251 120.65272 864.595885 226.842877 1880.569121 285.059664 2215.340219 293.041365 2215.400817 246.420866 2137.359245 -29.749083 167.378317 -54.36494 871.196517 -34.097635 1587.445807 -30.997819 1918.262421 -20.241433 1736.602305 -16.284296 1645.699036 467.316263 29.111247 -0.000995 -9.6e-05 -0.001307 -0.000539 -0.00517 0.008031 -0.015742 0.017302 -0.136884 0.028505 -0.107767 0.025332 5.4e-05 0.000354 -0.00015 0.006198 0.005087 0.015744 0.012592 0.015061 0.009631 0.015688 0.006201 0.018764 -0.219131 0.001899
58.287542 155.38403 118.665742 872.010028 225.704649 1905.417317 283.319435 2241.341944 287.792479 2244.932776 241.836964 2165.225832 -30.186148 169.201511 -54.359799 885.295959 -34.469281 1598.811275 -31.515095 1924.951021 -20.888209 1743.820737 -16.785334 1653.579261 463.748019 31.602857 -0.003349 0.000498 -0.008249 0.015827 -0.001431 0.081543 -0.002664 0.075852 -0.023717 0.097767 -0.021518 0.090243 -0.001594 0.004938 0.0 0.056589 -0.001007 0.020271 -0.00214 0.00582 -0.005086 0.007486 -0.003796 0.009411 -0.006838 0.051147
58.255237 155.774419 116.94 877.702874 220.472657 1918.873864 276.15302 2256.313929 280.007541 2259.120581 235.457355 2178.797632 -30.185166 169.774959 -54.583009 886.747431 -34.661632 1588.436259 -31.595453 1907.987989 -21.077336 1723.187055 -16.948389 1637.341479 454.731396 36.227383 -4e-06 0.000245 -0.00632 0.009261 -0.030677 0.023675 -0.0459 0.02492 -0.053371 0.022346 -0.042637 0.021201 0.0 0.000485 -0.000229 0.000594 -0.000268 -0.016886 -5.1e-05 -0.037536 -0.000426 -0.061401 -0.000394 -0.04006 -0.044259 0.157829
58.166423 155.410705 115.257612 879.890004 218.801361 1933.528439 274.634298 2265.752444 278.416378 2274.111084 234.162953 2196.290359 -30.219036 169.302628 -54.910379 883.241166 -35.372691 1580.088155 -32.668522 1893.716016 -22.01151 1712.988915 -17.69183 1630.226559 456.995633 39.682069 -3.4e-05 -0.000213 -0.006095 0.001361 -0.003179 0.027873 -0.002094 0.00985 -0.002267 0.024785 -0.001784 0.03497 -9e-06 -0.000329 -0.000489 -0.003473 -0.00361 -0.010997 -0.00896 -0.026789 -0.010128 -0.015133 -0.007979 -0.007746 0.002812 0.078653
58.25228 154.99517 115.350801 884.149426 218.438441 1947.128687 274.022023 2281.09511 278.094832 2290.604089 233.897974 2210.882943 -30.198856 168.4352 -54.870016 880.584984 -35.34416 1580.368219 -32.75999 1893.992525 -22.070638 1713.113744 -17.744015 1630.161581 456.852807 41.86708 3.2e-05 -0.000278 1.9e-05 0.005142 -0.000151 0.023832 -0.000342 0.025886 -9.3e-05 0.029796 -7.5e-05 0.024159 3e-06 -0.001114 7e-06 -0.002 6e-06 1.2e-05 -6.4e-05 1e-05 -4e-05 2e-06 -3.8e-05 -1e-06 -1.1e-05 0.029278
58.290682 154.854655 116.256674 884.082256 219.523955 1948.118005 275.107942 2283.842782 277.870934 2292.428179 233.706126 2212.705857 -30.417331 167.012152 -55.156891 877.266939 -36.313104 1580.701627 -34.067675 1897.751272 -22.989624 1717.083261 -18.386483 1632.554813 460.712343 41.494276 6e-06 -3.2e-05 0.001772 -1e-06 0.001345 0.000126 0.001074 0.000827 -4.5e-05 0.000363 -3.9e-05 0.000376 -0.000394 -0.003018 -0.000374 -0.003132 -0.006551 1.8e-05 -0.012796 0.001863 -0.009372 0.002297 -0.005713 0.000878 0.008117 -0.000834
58.342298 153.592746 116.667318 881.554347 220.115338 1944.880837 275.674716 2275.242217 278.002897 2285.336769 233.797255 2207.94202 -30.411349 166.058128 -55.138477 875.842125 -37.228896 1582.501264 -36.602062 1901.698549 -24.863406 1715.944835 -19.619901 1632.021655 469.144372 40.720116 1.1e-05 -0.002581 0.000362 -0.00181 0.000398 -0.001346 0.000292 -0.008112 1.6e-05 -0.005493 9e-06 -0.002567 0.0 -0.001366 2e-06 -0.000579 -0.005702 0.000512 -0.045459 0.00205 -0.0367 -0.000189 -0.020019 -4.4e-05 0.038232 -0.003645
]