07-24-20_Matthew_4KDepth.monkey_below_bed.0000000003 [ 27.570396 180.156415 56.006255 932.501471 133.529002 1947.847306 177.54736 2279.690163 180.03827 2280.588414 146.481678 2206.931346 -53.650249 151.218884 -97.646269 819.331394 -69.280595 1479.865005 -68.127197 1782.498657 -47.930763 1622.907174 -42.144566 1553.980551 413.757856 55.803657 0.0 0.0 0.0 0.0 0.0 0.0 0.0 0.0 0.0 0.0 0.0 0.0 0.0 0.0 0.0 0.0 0.0 0.0 0.0 0.0 0.0 0.0 0.0 0.0 0.0 0.0
27.155408 175.950784 57.935314 922.276622 133.990732 1949.845245 177.277906 2297.269685 177.219025 2297.706231 143.161383 2219.192353 -61.976695 152.239127 -109.802762 819.810031 -77.988725 1487.346414 -75.399078 1788.290016 -54.683414 1618.353151 -48.157702 1546.2774 428.787596 59.376808 -0.001573 -0.024835 0.016331 -0.028184 0.000398 0.000512 -0.000102 0.03376 -0.011124 0.032001 -0.019032 0.016982 -0.300189 0.001715 -0.356491 7e-05 -0.257684 0.009432 -0.184336 0.004696 -0.222424 -0.003199 -0.200427 -0.00957 0.134065 0.055437
30.333891 171.464596 62.907143 910.041685 142.133773 1938.879357 187.57813 2267.331892 186.294109 2274.476632 152.613398 2208.715934 -58.511053 150.08171 -103.858718 831.913178 -72.185736 1465.03452 -68.83644 1750.263072 -49.935467 1565.696752 -44.263426 1503.551469 429.130414 65.976423 0.087934 -0.028966 0.102321 -0.040849 0.120097 -0.015461 0.145421 -0.098177 0.113297 -0.059011 0.151067 -0.012394 0.049852 -0.007698 0.082697 0.044344 0.11216 -0.08431 0.149376 -0.204334 0.107794 -0.435434 0.082081 -0.299295 6.8e-05 0.173849
31.23245 170.355524 64.96407 902.834176 144.525989 1936.778184 189.8991 2263.074374 188.719472 2272.125813 154.946272 2207.391147 -55.547128 150.289524 -101.959279 829.354958 -69.724786 1463.416532 -66.761996 1750.396234 -47.773011 1571.642005 -42.223811 1507.838578 426.394535 64.366612 0.006558 -0.001799 0.016545 -0.014328 0.009982 -0.00057 0.007135 -0.002001 0.007843 -0.000608 0.008848 -0.000199 0.038517 7.2e-05 0.008765 -0.00197 0.02134 -0.000447 0.015869 3e-06 0.023932 0.005633 0.024053 0.003052 -0.004375 -0.009941
30.996857 170.15378 64.633581 904.951067 144.01353 1958.725583 188.52628 2290.009911 188.369834 2304.962159 154.599978 2237.015878 -56.067561 151.754128 -103.965594 831.663401 -70.144884 1469.374011 -66.795896 1758.300515 -47.500755 1575.770682 -42.031189 1509.243113 425.055252 69.123316 -0.000446 -6e-05 -0.000421 0.001239 -0.000455 0.061827 -0.00249 0.079675 -0.000162 0.117787 -0.000194 0.098735 -0.001213 0.003551 -0.009774 0.001604 -0.000631 0.006051 -4e-06 0.008903 0.000389 0.002708 0.00022 0.000327 -0.001053 0.084776
31.0825 171.403957 64.779673 908.872046 144.62525 1954.520836 189.149023 2283.393883 189.780266 2298.021096 155.624927 2233.404343 -56.708049 152.143315 -105.511581 834.853664 -70.329311 1469.976801 -66.241855 1758.750427 -47.104219 1575.533612 -41.946759 1511.433983 425.981826 67.974869 5.9e-05 0.002288 8.2e-05 0.004238 0.000648 -0.002259 0.000513 -0.004785 0.00263 -0.005233 0.001693 -0.001459 -0.001819 0.000249 -0.005705 0.003054 -0.000121 6.2e-05 0.001154 2.9e-05 0.000831 -9e-06 4.2e-05 0.000795 0.000504 -0.00481
31.217596 172.327809 64.937362 916.501769 145.24114 1965.669276 189.324244 2300.378694 190.793149 2311.617649 156.590453 2244.672683 -57.050994 155.320065 -106.977285 869.566064 -69.776557 1477.989981 -64.663966 1758.593701 -46.781884 1571.403355 -41.623153 1508.554307 426.526486 71.205831 0.000146 0.001242 9.6e-05 0.015945 0.000654 0.015852 4.1e-05 0.031468 0.001348 0.020052 0.001493 0.014177 -0.000517 0.016412 -0.005055 0.353515 0.00109 0.010891 0.00951 -3e-06 0.000553 -0.00271 0.000627 -0.001373 0.000174 0.037507
31.88754 172.098392 66.936803 930.209868 148.206599 2019.235374 191.294377 2350.384481 193.785655 2357.668639 159.689357 2293.179083 -56.930448 154.229717 -109.197508 873.625328 -69.828198 1468.76335 -64.586006 1749.911488 -46.187269 1559.221859 -41.601275 1498.954296 429.186349 82.243981 0.003556 -7.6e-05 0.015158 0.050878 0.014984 0.360041 0.005099 0.268843 0.011643 0.227095 0.015182 0.259257 6.4e-05 -0.00192 -0.011402 0.004726 -1e-05 -0.014445 2.4e-05 -0.010743 0.001902 -0.0237 3e-06 -0.015322 0.004134 0.39752
32.180632 172.96304 67.33356 938.612743 148.829841 2039.221169 191.882947 2369.074655 195.126166 2377.401864 160.770687 2313.231633 -57.031097 154.65401 -110.581739 872.975894 -69.605288 1467.120702 -64.247213 1748.846728 -45.598268 1558.463384 -41.377561 1498.221238 429.376656 86.14123 0.00067 0.001083 0.000586 0.018891 0.000654 0.04921 0.000452 0.037009 0.00231 0.041119 0.001824 0.043646 -4.4e-05 0.000291 -0.004359 -0.000121 0.000178 -0.00046 0.000445 -0.000162 0.00189 -9.2e-05 0.000302 -9e-05 2.1e-05 0.045107
33.213477 173.734779 68.706589 947.604134 150.833224 2050.419876 194.028595 2381.624469 197.83589 2388.848465 163.066737 2322.889737 -57.133502 154.919637 -114.528128 875.045518 -68.710146 1454.91073 -62.040903 1726.44126 -43.958447 1528.459061 -40.143393 1473.335076 428.305019 95.654961 0.008157 0.000859 0.006929 0.021431 0.006697 0.015333 0.005965 0.016576 0.009343 0.013745 0.00814 0.01006 -4.6e-05 0.000114 -0.034595 0.001225 0.002897 -0.02551 0.019274 -0.072226 0.015014 -0.145822 0.009343 -0.10421 -0.000669 0.249106
34.266579 177.333305 71.235911 953.481342 155.198709 2053.954918 199.378962 2391.28571 202.646816 2393.300201 166.900941 2323.29366 -55.081353 157.968632 -116.007002 887.520757 -67.522582 1415.837974 -59.077773 1660.819963 -42.001169 1445.659989 -38.787872 1403.040112 429.162518 118.799794 0.008218 0.018443 0.022859 0.009085 0.031138 0.001522 0.036384 0.009778 0.028897 0.002072 0.022277 1.8e-05 0.018766 0.014856 -0.004744 0.04415 0.005176 -0.265915 0.036251 -0.635699 0.022286 -1.152781 0.01164 -0.859088 0.000429 1.252601
34.865252 173.743971 72.432875 939.194627 156.169544 2026.699697 198.840684 2377.473939 201.762123 2355.014001 166.40956 2280.904096 -53.843741 159.378808 -117.803749 883.365701 -68.103978 1388.581366 -57.982098 1638.580196 -41.498154 1419.347631 -38.774546 1374.73205 426.265803 117.814877 0.002592 -0.018349 0.004986 -0.053922 0.001514 -0.091022 -0.000364 -0.020002 -0.000968 -0.154356 -0.000362 -0.195139 0.007031 0.003133 -0.006904 -0.004875 -0.001246 -0.132459 0.005128 -0.074955 0.001515 -0.120829 1e-06 -0.144246 -0.004905 -0.00205
34.941772 176.576494 71.714176 915.507242 153.418537 1941.294961 196.276349 2274.214833 197.719291 2258.990547 163.191816 2200.119192 -53.025365 163.93284 -119.80199 829.396327 -86.43235 1316.738855 -81.165476 1556.775774 -60.023497 1369.049436 -55.017892 1334.657336 475.621682 110.842386 4.2e-05 0.011451 -0.001792 -0.151268 -0.012223 -0.919207 -0.008321 -1.146224 -0.020458 -0.999295 -0.015707 -0.728263 0.003134 0.032075 -0.008403 -0.850502 -1.090743 -0.954093 -1.944883 -1.047311 -1.704532 -0.453686 -1.417251 -0.29639 1.351515 -0.106331
35.857701 178.909338 74.341755 877.079286 152.958051 1843.351174 195.308882 2188.083364 187.531764 2174.83869 155.050755 2106.454549 -50.283516 168.256863 -118.977023 774.170969 -97.752139 1268.522489 -97.518617 1508.011245 -73.502233 1349.974475 -66.316535 1315.070732 495.84459 97.874754 0.005925 0.007655 0.023637 -0.41194 -0.000346 -1.267568 -0.001195 -0.831334 -0.134722 -0.798652 -0.104147 -1.018687 0.036391 0.028144 0.001425 -0.951237 -0.34818 -0.449668 -0.749892 -0.387976 -0.682047 -0.06691 -0.527209 -0.072392 0.210512 -0.40323
36.744387 178.482185 79.283518 826.803592 149.274098 1720.741617 190.631733 2074.497407 182.316445 2058.832878 152.364103 1987.611358 -48.45884 166.991971 -116.475993 724.33519 -111.4815 1239.950302 -117.699616 1489.371356 -90.109624 1345.205166 -80.089609 1307.204952 528.773227 75.643462 0.005415 -0.000255 0.079503 -0.741893 -0.022453 -2.109591 -0.028342 -1.513644 -0.036773 -1.589622 -0.01174 -1.725263 0.016861 -0.002386 0.013284 -0.828923 -0.450928 -0.162728 -0.948274 -0.057959 -0.845047 -0.00422 -0.649287 -0.011797 0.529258 -1.430038
36.295471 175.20932 81.772168 777.905117 147.570327 1640.157072 185.835717 1991.797263 164.482696 1985.696415 137.518668 1922.141849 -49.132634 167.715704 -127.693717 629.283351 -142.094763 1240.344918 -162.810259 1514.262826 -120.320423 1375.121035 -105.90673 1332.25094 566.161449 55.928399 -0.00138 -0.015143 0.019229 -0.745187 -0.00489 -0.96623 -0.030551 -0.841063 -0.458844 -0.661311 -0.380381 -0.548188 -0.002326 0.000782 -0.25782 -3.34142 -1.854692 3.1e-05 -3.65103 0.103141 -2.179927 0.1645 -1.80048 0.118834 0.638525 -1.485463
36.899587 170.310094 85.059207 742.375934 145.378948 1589.315573 181.269688 1935.311869 151.929667 1932.880338 126.464444 1874.961993 -49.071864 164.011378 -139.446085 587.13899 -174.343003 1251.772228 -210.490798 1545.171784 -153.271286 1423.209473 -133.612838 1376.973003 610.398958 38.926199 0.002493 -0.034736 0.032385 -0.415218 -0.008196 -0.400223 -0.028397 -0.406249 -0.249106 -0.355954 -0.231548 -0.293121 1.9e-05 -0.020683 -0.258638 -0.730289 -1.647501 0.026199 -3.057562 0.156138 -1.991518 0.413223 -1.60783 0.369146 0.831937 -1.536219
38.524607 165.223884 91.297628 724.088971 148.554959 1561.40583 182.95933 1922.071555 152.405086 1909.645255 127.477938 1851.888408 -49.454571 160.853605 -146.061336 592.176266 -199.28328 1346.744854 -247.99735 1657.715596 -180.468241 1607.487501 -155.073244 1543.667723 664.5616 13.003261 0.017508 -0.038552 0.110373 -0.114025 0.017159 -0.123618 0.003919 -0.022723 0.000371 -0.07025 0.002022 -0.071427 -0.000743 -0.015348 -0.076648 0.010758 -0.833335 1.736147 -1.536684 1.977906 -1.110007 5.607594 -0.798769 4.760907 1.150983 -6.933125
42.005612 159.481538 99.175099 728.858605 154.358025 1598.031078 188.565401 1967.510823 158.216171 1950.458015 133.1259 1886.771253 -49.8625 163.064073 -159.866185 624.613226 -219.535347 1345.203854 -271.722102 1812.22223 -200.8313 1873.651109 -173.775478 1796.84193 715.55699 0.771408 0.07527 -0.05078 0.162966 0.007829 0.055591 0.212293 0.042298 0.265427 0.054361 0.215762 0.06121 0.162737 -0.000838 0.007542 -0.311628 0.432426 -0.489933 -0.000441 -0.54179 3.441581 -0.544126 10.190187 -0.532246 9.607739 0.942462 -7.440376
40.189554 158.176438 109.162942 698.080032 164.759232 1567.222123 200.666282 1947.520597 165.733233 1940.587793 139.405616 1873.995559 -50.604531 164.153466 -169.644355 638.750048 -252.170822 1363.148613 -314.865145 1960.800882 -243.369913 2060.052528 -210.325575 1978.360017 810.772076 -1.78409 -0.020065 -0.002681 0.239549 -0.33198 0.169552 -0.149943 0.188149 -0.051036 0.087226 -0.012519 0.072359 -0.0217 -0.00274 0.001813 -0.145115 0.079097 -1.130314 0.059449 -1.58872 2.92659 -2.041531 4.418866 -1.742963 4.366373 2.972737 -4.901781
42.759094 155.76088 118.215882 691.048903 170.266381 1579.031622 207.157557 1976.449537 168.936223 1973.591901 142.041409 1897.708948 -52.081675 165.173015 -178.279664 660.303431 -269.725661 1371.17694 -334.06719 2086.672328 -264.664793 2190.331168 -229.196228 2102.436743 856.502756 -5.644649 0.039808 -0.009293 0.18029 -0.017794 0.045266 0.022164 0.051664 0.106639 0.015328 0.139147 0.012343 0.074546 -0.010625 0.001578 -0.107179 0.178815 -0.295326 0.011786 -0.284159 1.957697 -0.446496 1.997056 -0.405288 1.886714 0.627278 -1.081909
42.785094 154.523134 125.040018 685.61177 169.239039 1596.405524 203.036633 2011.689114 161.103318 2002.728858 136.534811 1923.135517 -53.836744 160.570322 -185.645062 646.389658 -270.462595 1503.927989 -332.539172 2151.061396 -260.7127 2209.692273 -227.729886 2126.292994 831.702249 -5.087304 4e-06 -0.002469 0.095739 -0.010737 -0.001554 0.04753 -0.0207 0.155693 -0.092963 0.106754 -0.05443 0.084604 -0.014542 -0.032519 -0.074541 -0.07408 -0.000503 3.066365 0.001751 0.489199 0.014865 0.042597 0.002353 0.067293 -0.182175 0.014482
40.492073 145.180232 124.463888 590.806665 157.268211 1450.927075 182.000775 1865.793632 140.850981 1826.696076 122.504151 1747.984139 -55.809669 158.38093 -208.519885 615.871006 -250.079968 1556.561065 -290.58842 2069.314581 -222.739437 2055.062067 -198.799334 1976.693331 717.839303 -6.723272 -0.031575 -0.145662 -0.000665 -3.525661 -0.219519 -3.474523 -0.575058 -2.745729 -0.679936 -4.048118 -0.380259 -4.18067 -0.017751 -0.007514 -0.664314 -0.36899 0.399209 0.452615 1.413727 -0.791774 1.493632 -2.80419 0.982279 -2.728196 -4.189084 -0.113854
40.604192 147.04635 131.912857 532.570312 151.464894 1282.058341 178.32495 1678.988356 131.933258 1635.868172 118.978519 1570.099841 -56.157395 158.563262 -222.401441 578.019549 -229.749352 1509.420724 -238.685211 1958.013664 -172.761325 2039.199906 -164.803609 1961.248013 606.641363 -22.199494 7.8e-05 0.005958 0.108237 -1.510514 -0.054548 -5.222113 -0.01875 -4.925616 -0.145806 -5.262427 -0.025738 -4.771668 -0.00054 5.2e-05 -0.223646 -0.600178 0.430903 -0.362419 2.551092 -1.538273 3.170492 -0.030727 1.592735 -0.03029 -4.676115 -4.488918
40.75972 146.418347 129.908483 460.24383 130.582599 1078.947086 150.368378 1434.675435 116.585311 1391.943683 99.038859 1338.274708 -55.592494 154.486831 -225.643403 476.069734 -175.166008 1224.839746 -180.811672 1607.741781 -124.273845 1553.256943 -118.647757 1487.001396 481.595569 -4.421008 0.000149 -0.000672 -0.007672 -2.637996 -0.774106 -8.752795 -1.191062 -9.599777 -0.47438 -9.841432 -0.913746 -9.254057 0.001428 -0.026542 -0.011729 -4.941795 3.695835 -14.849875 4.011278 -17.245687 3.984225 -33.017898 3.783144 -32.767871 -7.208177 6.806957
40.434253 143.073248 143.111251 390.492609 121.05544 948.930439 133.470946 1264.477352 100.210384 1227.78991 84.84023 1185.292756 -54.447286 150.145536 -223.602261 398.734356 -148.120262 1058.560462 -149.021216 1370.898415 -99.700997 1311.722113 -97.274558 1264.013222 399.822112 -1.387381 -0.000652 -0.019327 0.319419 -2.864246 -0.180416 -4.172278 -0.503413 -5.371359 -0.619297 -5.148036 -0.549009 -4.641251 0.005959 -0.030935 0.004637 -3.425048 1.133294 -6.062352 1.535613 -9.431103 1.352056 -10.199569 1.060423 -9.052236 -3.801461 0.855159
43.436189 140.900574 152.556117 355.676907 127.439312 876.304877 137.261007 1181.467498 95.960848 1152.124042 84.605197 1112.105208 -51.95344 144.702819 -218.558705 354.005304 -142.462902 959.676562 -143.669181 1264.362053 -92.660242 1212.987804 -91.002172 1166.505548 377.213299 -0.783263 0.053741 -0.008312 0.150893 -0.81268 0.082015 -1.445447 0.02653 -1.408989 -0.046033 -1.203147 -0.000163 -1.166053 0.02923 -0.050239 0.028766 -1.330113 0.055077 -2.423873 0.048937 -2.154367 0.128895 -1.931349 0.10451 -1.956697 -0.328985 0.085761
45.107992 128.654034 153.643351 321.133854 130.580283 820.255519 140.036186 1119.963539 93.721094 1093.556964 85.382088 1051.803813 -50.643081 132.887781 -215.868337 325.479608 -156.853557 924.289139 -164.708282 1237.477407 -107.745325 1198.001271 -103.700177 1146.286754 402.444127 -2.381411 0.015784 -0.278339 0.00193 -0.882079 0.019119 -0.926106 0.013887 -0.82197 -0.013224 -0.763841 0.001775 -0.840369 0.008368 -0.251555 0.008331 -0.599038 -0.34614 -0.332379 -0.718535 -0.144455 -0.568555 -0.046578 -0.414507 -0.08838 0.40836 -0.433175
44.001415 123.983579 159.458355 321.115162 134.820712 883.065274 144.144458 1220.252081 91.655295 1195.543383 85.824149 1145.036323 -55.206658 129.753024 -219.686745 339.868505 -192.068929 1035.479856 -207.950746 1381.918562 -144.420602 1353.388861 -136.461482 1295.338862 466.179464 -4.892073 -0.006871 -0.043175 0.054004 -0.0 0.033878 1.158445 0.029697 2.14989 -0.011511 2.273032 0.000571 1.979256 -0.098422 -0.018708 -0.016738 0.155606 -1.781623 3.156837 -2.517379 3.985486 -2.681301 4.73619 -2.245036 4.553783 2.341449 -0.447054
45.00157 118.319336 160.104798 348.302158 147.872418 964.770702 163.077469 1338.262934 109.278058 1311.915975 99.82578 1257.047121 -55.79916 132.424459 -235.907559 367.899945 -250.613189 1160.274331 -290.799799 1553.108954 -209.594046 1534.860021 -191.352006 1471.524556 621.553655 -8.74331 0.00562 -0.066215 0.000654 0.5523 0.301454 1.807261 0.583943 2.723059 0.77429 2.701914 0.528751 2.612991 -0.001581 0.013611 -0.288852 0.555316 -3.888286 3.549181 -6.929296 4.996736 -6.050866 5.706632 -4.628226 5.61519 11.154186 -0.555183
47.229112 116.776468 154.309228 401.010053 158.210698 1067.991287 178.843012 1451.011308 123.897713 1417.548611 111.432418 1360.988647 -55.48593 130.644452 -239.103095 393.47362 -282.038405 1214.708304 -333.874281 1601.131067 -247.100437 1574.602063 -223.197176 1517.650154 720.942026 -4.124592 0.026904 -0.005063 -0.053419 1.85608 0.174643 2.622384 0.363659 2.279696 0.458763 2.044803 0.319078 2.064162 0.000441 -0.006022 -0.010749 0.429617 -0.927816 0.623888 -1.486873 0.36558 -1.542727 0.253982 -1.224964 0.3559 3.684042 0.857476
41.959538 118.237334 145.043594 401.777545 152.019679 1081.600432 172.61086 1482.274022 118.865939 1452.267831 106.567528 1390.812901 -60.431066 130.174452 -256.790431 392.353689 -273.946843 1221.462298 -314.051914 1632.640791 -228.384365 1633.223672 -210.929461 1569.56848 676.777979 -5.310859 -0.155808 0.00454 -0.14343 0.000367 -0.061781 0.04308 -0.05526 0.166602 -0.052153 0.210025 -0.054289 0.161624 -0.10553 -0.000423 -0.315533 -0.000798 0.058884 0.009362 0.303289 0.153518 0.368495 0.535687 0.173367 0.436591 -0.697904 -0.074868
38.70417 120.49996 143.513691 407.212388 147.806613 1098.119602 169.343037 1483.013727 115.648989 1450.939108 103.156134 1390.684644 -61.775695 128.486288 -252.868412 386.377415 -227.39801 1164.433876 -250.458464 1542.744474 -175.771909 1529.961758 -165.904623 1473.724725 576.572392 -1.047616 -0.065716 0.010722 -0.004056 0.018256 -0.029602 0.062597 -0.015615 9.2e-05 -0.022065 -0.000304 -0.027747 -3e-06 -0.007398 -0.005509 0.015091 -0.022932 2.165659 -0.681653 3.593414 -1.272754 3.439138 -1.685937 2.699495 -1.509599 -4.012149 1.640959
38.059138 122.198038 140.613751 392.139786 143.255751 1025.026556 160.701769 1391.991272 108.44112 1354.469889 98.422326 1297.284234 -62.096925 125.659568 -248.866267 369.821295 -208.201804 1088.826215 -223.98229 1438.943308 -154.788204 1416.75901 -147.671497 1361.157749 522.346334 -0.700127 -0.00271 0.005941 -0.014799 -0.142117 -0.035579 -1.258551 -0.113143 -1.441243 -0.115951 -1.659128 -0.055591 -1.623209 -0.000417 -0.01572 0.015962 -0.181261 0.423179 -1.268857 0.739328 -1.807357 0.666687 -2.175231 0.530538 -2.235776 -1.338706 0.034892
35.799724 124.973842 136.070661 381.136502 135.807554 995.098574 154.190488 1353.081672 101.71417 1313.782795 93.616161 1257.081356 -63.797145 123.779182 -243.54364 364.512298 -163.442803 965.038428 -161.617343 1276.227963 -107.729364 1214.020996 -106.656581 1167.74972 418.800672 1.969357 -0.034567 0.015587 -0.037301 -0.078289 -0.099414 -0.221702 -0.067327 -0.275773 -0.107691 -0.310228 -0.060152 -0.316394 -0.011481 -0.007088 0.028768 -0.019191 2.705119 -3.73378 5.076716 -4.880005 4.252319 -7.823518 3.328978 -7.406662 -5.713426 5.01793
38.052078 133.532653 147.442774 374.144411 126.85848 956.538284 142.949578 1310.80006 93.212153 1283.366082 84.520897 1233.168758 -60.732062 120.247861 -239.648386 362.343123 -137.372831 838.150633 -127.420271 1101.115411 -83.67443 1030.538258 -85.863414 991.988835 353.515842 13.854039 0.034354 0.141724 0.228167 -0.032366 -0.152492 -0.380973 -0.2127 -0.335572 -0.185503 -0.17812 -0.232343 -0.114813 0.037727 -0.025552 0.015701 -0.003237 1.131797 -4.469995 2.030118 -6.458073 1.517585 -7.512019 1.126179 -7.163646 -2.764249 5.376665
36.953121 133.878984 148.627326 369.080507 115.226835 939.904784 134.560891 1248.564848 88.141758 1207.610943 75.979707 1156.692806 -58.757652 118.260279 -246.764467 315.783644 -127.215613 697.849181 -111.17378 890.478335 -75.752573 823.785631 -80.205029 809.36538 327.319727 36.590776 -0.008051 0.000224 0.00237 -0.017251 -0.279598 -0.072947 -0.126817 -0.756788 -0.070894 -1.152192 -0.227425 -1.223935 0.016313 -0.008282 -0.052056 -1.600251 0.195033 -6.421136 0.553776 -11.170137 0.196938 -11.562256 0.096426 -9.281203 -0.504153 5.414601
39.0403 138.173896 152.184489 383.836618 100.499441 936.598911 96.783721 1231.203486 58.465606 1173.138656 55.911818 1119.569816 -52.296456 120.950994 -244.61667 304.85141 -116.423315 615.956063 -94.10579 784.800463 -63.961117 706.478652 -70.241613 699.109245 244.730042 58.851078 0.028668 0.033904 0.021033 0.144613 -0.503299 -0.002912 -3.105231 -0.060776 -3.034925 -0.249585 -1.53565 -0.302735 0.188117 0.015133 0.004694 -0.096291 0.239147 -2.554796 0.71079 -3.336443 0.498473 -4.502883 0.330279 -4.034769 -5.993339 2.632229
39.171914 139.409698 154.450605 395.662425 75.455141 928.088495 63.450079 1204.918509 33.540301 1137.073478 34.48475 1085.964835 -52.443285 119.94889 -266.066279 306.913487 -109.209467 470.557553 -74.365912 566.434635 -54.299609 479.919728 -63.981235 495.971085 173.191542 139.557598 0.000111 0.002751 0.008374 0.08971 -1.791446 -0.019421 -3.505567 -0.141807 -3.440586 -0.281527 -2.576182 -0.256029 -0.000103 -0.002084 -0.45066 0.003475 0.115349 -9.772648 1.16046 -17.761193 0.395317 -21.833152 0.146077 -17.391117 -6.168389 17.156199
41.758199 139.01629 167.449423 416.065269 57.55444 885.228391 39.941454 1108.025008 19.84777 1021.847118 22.148664 993.065571 -47.130649 114.93392 -272.18546 310.624275 -91.682687 353.638568 -53.517043 407.302723 -38.975675 327.521844 -49.017974 355.403913 114.450065 192.343029 0.041336 -0.000278 0.262563 0.256454 -1.210061 -0.506598 -2.7081 -2.030416 -1.785739 -3.077136 -1.359871 -2.07659 0.141825 -0.053543 -0.034784 0.011149 0.76602 -8.335105 1.71095 -13.090973 1.267373 -14.512334 0.995093 -11.684425 -6.061897 4.224378
45.310019 139.463682 177.844679 514.177729 28.715974 785.365786 10.44293 923.873307 3.453644 816.168574 6.056146 823.181846 -43.893424 113.325778 -275.652747 325.224697 -84.30557 279.177929 -49.190265 292.519286 -35.123176 227.582755 -43.335957 266.396166 60.604344 181.786381 0.072476 0.000359 0.156513 5.188416 -4.962806 -2.987399 -9.538047 -8.362075 -6.742774 -11.544225 -5.04143 -7.962539 0.057583 -0.005665 -0.010972 0.16765 0.154686 -4.395991 0.091178 -9.477452 0.100216 -9.070448 0.174957 -6.403492 -8.487052 -0.148966
45.095704 132.812416 163.807402 580.601714 8.175735 713.499439 0.142916 799.11237 -0.359097 697.353439 0.014734 716.218507 -45.29325 110.560492 -277.727282 348.517884 -61.678056 260.881341 -28.569459 246.070305 -20.870641 193.211984 -27.904747 236.211872 15.754489 156.434531 -0.000254 -0.081252 -0.288493 2.016942 -6.247023 -1.723885 -8.142518 -4.52289 -6.040022 -4.670845 -5.473456 -3.720604 -0.010986 -0.017078 -0.003889 0.402776 1.764298 -0.310023 2.784015 -2.006662 1.844276 -1.406062 1.691328 -0.907183 -14.559465 -0.951481
44.940654 132.352723 154.38587 650.377807 1.743978 682.107028 -1.969198 755.077528 -5.105146 647.356086 -2.05249 673.848947 -43.640702 106.243077 -266.051307 356.130629 -42.178353 233.670408 -16.375052 215.986228 -10.102396 171.254006 -14.876071 213.313007 0.844505 152.690208 -0.000134 -0.000398 -0.139514 1.979164 -2.36768 -0.353111 -3.173114 -0.623945 -2.756297 -0.929792 -2.415019 -0.645867 0.015355 -0.042993 0.125367 0.041124 1.847021 -0.749159 1.685922 -0.980413 1.932136 -0.662052 2.032174 -0.583615 -9.30386 -0.022678
44.371672 126.412636 138.115048 662.336846 0.305753 618.22843 -4.769052 670.728664 -9.097466 577.504351 -4.886103 609.107281 -43.904324 96.979555 -261.643894 325.041881 -29.647804 187.024081 -9.869912 171.074261 -4.901214 146.333758 -8.035888 183.410692 -0.643737 142.431601 -0.001812 -0.068188 -0.452896 0.054475 -0.589284 -1.569956 -0.609234 -2.497172 -0.572661 -1.993386 -0.604976 -1.634567 -0.000397 -0.21124 0.018406 -0.709816 1.101464 -2.594055 0.818968 -2.614475 0.930372 -0.979222 1.044866 -1.128521 -2.962879 -0.178351
37.0664 133.199359 119.450932 690.582366 -0.376794 604.599533 -11.14517 645.668983 -16.936343 549.673673 -10.852419 584.7559 -45.983819 99.21612 -225.191032 302.414513 -14.90588 143.880517 -2.152312 119.03769 -0.348314 110.587944 -1.670941 148.446661 -12.427017 167.16008 -0.328316 0.088724 -0.677123 0.29488 -1.361387 -0.075952 -1.333153 -0.238547 -1.208193 -0.34363 -1.174726 -0.248375 -0.024057 0.012748 1.366663 -0.408127 2.509583 -2.824599 2.80417 -4.704979 2.63636 -2.49883 2.378119 -1.847021 -7.413996 0.989168
33.169626 134.129724 103.998841 674.43053 -0.714826 610.988143 -11.797265 660.824899 -17.685989 566.57934 -11.89547 597.139943 -45.949873 99.808927 -216.086363 278.876747 -13.769066 132.703907 -1.657017 110.627186 -0.153444 102.39941 -1.242262 140.038514 -14.544708 187.242764 -0.108182 0.001619 -0.534915 -0.095564 -0.053656 0.016788 -0.009269 0.087911 -0.008117 0.128026 -0.023926 0.064883 6e-06 0.000883 0.093936 -0.476744 0.022543 -0.225912 0.032337 -0.154051 0.039387 -0.157467 0.031713 -0.122557 -0.083264 0.569463
33.053287 126.272612 99.430979 683.17706 -1.187877 610.340791 -13.840598 661.354696 -19.934964 561.416494 -13.478512 592.113463 -45.432071 89.340591 -214.778109 255.295327 -13.637981 118.308898 -1.951531 103.164609 -0.095052 96.712313 -1.02021 132.424253 -17.276939 192.099247 -0.000102 -0.118563 -0.05129 0.028176 -0.059743 -0.000172 -0.081556 0.000106 -0.067282 -0.011815 -0.04943 -0.010622 0.001467 -0.289903 0.001986 -0.520763 0.000313 -0.4131 -0.012039 -0.130283 0.006958 -0.081235 0.010923 -0.106415 -0.117513 0.031089
31.950309 128.563253 93.732404 669.171391 -1.195764 637.828753 -13.634437 704.373616 -20.171877 606.388588 -13.579536 632.993494 -46.385971 90.374444 -220.483454 230.478567 -14.205529 104.32058 -1.872805 93.032523 -0.131701 90.559999 -1.275358 125.120811 -17.043732 228.271513 -0.009358 0.010295 -0.084076 -0.072527 -1.3e-05 0.302715 0.000773 0.677692 -0.0007 0.866257 -0.000189 0.682243 -0.004955 0.002974 -0.037394 -0.634322 -0.005785 -0.439894 0.00081 -0.261797 -0.002981 -0.101086 -0.014224 -0.103576 0.000792 1.559176
30.997222 126.902524 95.864473 650.120637 0.274082 710.615679 -2.642015 797.872232 -6.850647 701.707147 -4.123684 711.688593 -45.525245 86.274659 -213.794339 208.035676 -15.972325 97.126413 -2.675965 86.024322 -0.511186 82.049553 -2.090019 113.034024 -3.619131 303.861887 -0.007216 -0.005398 0.011988 -0.137555 2.614813 1.965895 4.272722 2.912464 3.511641 3.477467 2.736896 2.30472 0.00403 -0.047582 0.051519 -0.574683 -0.051764 -0.128502 -0.071467 -0.137201 -0.123951 -0.20993 -0.100092 -0.306911 4.955094 5.396226
31.127676 126.859152 101.289313 650.46567 6.748533 817.222281 0.814298 967.356198 -0.358169 863.320451 -0.039168 862.312684 -45.480093 86.178077 -220.91495 184.047172 -17.985968 87.981956 -3.18155 81.912852 -0.623215 74.75882 -2.395892 104.578194 0.036469 429.98157 0.000137 -4e-06 0.074648 4.6e-05 4.302577 3.723836 6.389834 8.155126 4.075964 8.366902 3.359072 7.223564 1.1e-05 -2.7e-05 -0.058322 -0.734523 -0.059755 -0.226009 -0.02186 -0.050336 -0.005545 -0.169581 -0.01044 -0.164348 4.382193 10.91881
32.312229 127.059625 110.359904 642.694196 14.273995 927.507521 5.634882 1120.441724 0.446672 1026.284896 0.912795 1012.197346 -47.904563 85.100056 -235.146399 172.283525 -19.280014 87.500741 -3.283892 83.778437 -0.627297 75.473626 -2.548865 105.157568 2.132638 545.134979 0.01106 7.9e-05 0.194457 -0.023352 1.393108 3.489081 2.165036 5.619979 1.604801 7.040353 1.330127 6.001951 -0.031478 -0.003393 -0.222101 -0.194231 -0.022474 -0.00066 -0.00081 0.010503 -7e-06 0.001701 -0.002367 0.0008 1.611346 6.823217
29.885619 125.953461 118.572586 623.509581 15.893146 1000.24937 6.942765 1220.912201 0.753732 1140.867107 1.314985 1119.614889 -51.869998 84.432531 -243.35922 170.986021 -21.587229 86.356062 -4.026441 82.990539 -1.015231 76.196775 -3.395263 105.82547 3.518491 627.384668 -0.047354 -0.002418 0.147358 -0.145344 0.043483 1.372907 0.068185 2.156651 0.039937 3.03123 0.036605 2.707992 -0.078832 -0.001314 -0.070485 -0.002452 -0.06518 -0.003768 -0.03781 -0.001861 -0.046469 0.001724 -0.060569 0.001057 0.172564 2.888375
32.541165 126.701503 122.030408 654.442567 10.529961 1046.447927 2.190518 1260.562894 -0.003972 1186.316346 0.185616 1169.141901 -50.753935 84.216059 -248.12399 171.936883 -23.015009 88.225885 -5.091607 82.194528 -1.607717 76.486593 -4.290457 107.428105 1.451875 660.3503 0.056507 0.001107 0.024848 0.374423 -0.550016 0.521469 -1.333731 0.316803 -0.867129 0.443848 -0.512508 0.535927 0.006069 -0.000139 -0.023097 0.001318 -0.022858 0.010013 -0.06243 -0.001918 -0.067793 0.000275 -0.052312 0.006022 -0.450008 0.422024
31.024008 126.84069 117.698969 666.670808 8.229474 998.820221 0.257049 1180.360813 -0.424685 1109.916823 -0.198784 1103.247195 -52.807705 85.960261 -251.885055 179.894182 -23.162565 90.764766 -5.161298 81.463402 -1.891334 76.377736 -4.677262 107.822986 0.523567 603.97872 -0.018108 3.8e-05 -0.039133 0.056594 -0.14159 -0.554623 -0.946807 -1.317966 -0.346519 -1.271322 -0.768573 -0.955608 -0.020367 0.008939 -0.014146 0.089996 -0.000236 0.018007 -0.000237 -0.001633 -0.011513 -3.9e-05 -0.008346 0.000362 -0.231706 -1.257321
31.953274 129.005627 116.105053 682.021101 0.563747 970.79665 -2.435654 1122.499265 -8.693065 1037.697303 -5.451279 1037.174728 -54.250736 86.399216 -254.792443 185.824666 -21.922756 93.826778 -4.57482 83.629455 -1.622078 80.163291 -4.306497 112.006605 -2.804929 541.023596 0.006856 0.00916 -0.005433 0.087358 -4.485395 -0.199369 -4.275211 -0.727028 -5.274932 -1.214635 -3.568116 -1.020035 -0.009726 0.000559 -0.008342 0.048087 0.01705 0.025398 0.01768 0.01421 0.010333 0.045779 0.007654 0.039813 -5.752187 -1.732026
31.910835 128.259917 95.220747 693.201113 -2.048461 936.722227 -15.815776 1100.312347 -26.309612 1000.900212 -18.558378 997.103731 -53.895276 85.77606 -254.363437 186.119401 -21.746538 93.551927 -4.558058 83.184337 -1.537467 79.949434 -4.197445 111.660555 -15.12699 515.088546 -1.4e-05 -0.001081 -1.03448 0.045445 -4.761453 -0.304364 -5.83825 -0.110732 -4.756278 -0.332124 -3.893306 -0.394695 0.000584 -0.001128 0.000181 0.000117 0.000356 -0.000202 1.5e-05 -0.000594 0.001133 -0.000143 0.000699 -0.000268 -4.904236 -0.318493
31.490205 126.565813 88.958013 711.660767 -3.034323 867.789816 -19.019678 956.469894 -27.185358 843.717845 -19.396865 867.255769 -49.153234 82.573719 -243.761724 183.177479 -19.92025 93.350488 -3.836556 83.004711 -1.25012 79.104923 -3.621592 110.207111 -16.776153 406.132396 -0.001395 -0.005631 -0.106508 0.121284 -0.096526 -1.317091 -0.147648 -5.036025 -0.007169 -6.70906 -0.009263 -4.527289 0.109166 -0.03046 0.112832 -0.011718 0.040043 -0.000109 0.031063 -9.7e-05 0.01485 -0.002242 0.021234 -0.004761 -0.042653 -6.466012
29.906281 123.853199 87.049206 714.803825 -3.629457 781.786567 -21.248657 855.711333 -28.963694 737.89214 -20.756133 766.111824 -49.227729 76.748083 -241.757533 171.665397 -20.546781 90.085352 -4.312759 82.251116 -1.499743 77.111107 -3.997203 106.731386 -17.281919 337.930171 -0.020435 -0.014692 -0.010351 0.003463 -0.026629 -2.243483 -0.061738 -2.803292 -0.028169 -3.544376 -0.023014 -3.134605 -2.8e-05 -0.106543 0.004137 -0.186791 -0.00485 -0.029062 -0.013925 -0.001718 -0.011353 -0.012724 -0.009265 -0.027845 -0.003756 -3.132368
30.932479 119.828218 87.126244 707.747113 -4.449126 728.045397 -23.023474 805.775475 -30.592138 695.629551 -21.976289 719.531478 -49.073325 72.806765 -238.126577 162.069654 -15.602569 84.879928 -1.980497 78.962329 -0.356801 74.891533 -2.100329 103.377155 -24.341278 314.026775 0.008655 -0.033243 1.7e-05 -0.017503 -0.04169 -0.956738 -0.035589 -0.750579 -0.022268 -0.623121 -0.017423 -0.730412 0.000121 -0.051943 0.013737 -0.13798 0.339711 -0.077451 0.448119 -0.033549 0.39352 -0.016206 0.302555 -0.026776 -0.603007 -0.438345
32.584735 119.33318 87.298355 703.177726 -3.933384 692.032153 -21.601632 764.684275 -29.052521 663.407535 -20.779086 688.085208 -49.210668 71.450633 -238.660717 159.838378 -13.037953 84.485337 -0.99071 79.392992 -0.026776 75.534326 -1.089791 103.523077 -27.315324 291.236418 0.021493 -0.000512 8.5e-05 -0.007399 0.015881 -0.456722 0.022657 -0.537669 0.019874 -0.382037 0.016765 -0.3513 -9.6e-05 -0.006374 -0.000299 -0.007733 0.115055 -0.00046 0.169709 0.000586 0.188092 0.001373 0.164285 5.1e-05 -0.085684 -0.429222
32.33612 121.416531 89.061033 701.826834 -3.046535 694.080992 -17.5039 760.224224 -26.817009 670.341259 -18.320449 695.511337 -48.61402 72.838148 -239.097565 162.467285 -14.909999 88.903996 -1.608064 80.515789 -0.263181 77.478451 -1.919093 106.230114 -21.766917 292.025886 -0.000476 0.009014 0.008809 -0.000649 0.056569 0.001514 0.215286 -0.006522 0.044743 0.018023 0.077378 0.019929 0.00182 0.006671 -0.0002 0.010722 -0.062768 0.056312 -0.074393 0.003942 -0.122065 0.012351 -0.116542 0.017469 0.314613 0.000534
32.28557 121.775726 91.212333 699.073786 0.016313 708.047793 -3.636399 803.275364 -9.332881 708.46974 -6.13486 735.946928 -49.119558 74.441181 -239.921495 163.811597 -15.060507 89.266239 -1.66726 80.519479 -0.284359 77.434282 -1.94136 106.269005 -6.359089 317.460447 -2e-05 0.000265 0.012837 -0.002705 3.508715 0.069564 5.183963 0.592821 4.509412 0.527287 3.252159 0.571223 -0.001307 0.008724 -0.000709 0.002769 -0.000378 0.000368 -0.000535 0.0 -0.00041 -6e-06 -6.4e-05 4e-06 4.59579 0.530938
34.315688 130.934565 97.475007 715.029335 4.97346 843.042417 0.444388 1002.986141 -0.497119 916.421473 -0.154475 915.12242 -46.668496 81.306873 -241.079524 179.125937 -17.602816 95.350727 -2.453164 86.729069 -0.397024 81.529263 -2.263624 112.604909 -0.00562 451.269229 0.030948 0.166024 0.10396 0.090017 4.420094 5.885599 6.623204 11.074543 5.522078 13.361651 4.342356 9.750934 0.031365 0.1514 -0.001394 0.342112 -0.099089 0.100292 -0.075644 0.115314 -0.009379 0.052753 -0.012367 0.091724 5.986614 11.735274
33.235362 127.965838 98.644258 709.691079 9.355182 1014.978697 2.675253 1229.260471 0.008409 1132.006351 0.12468 1110.884493 -48.069391 80.66588 -245.086273 196.063301 -19.839725 95.206672 -3.104507 86.557908 -0.612593 81.227779 -2.693153 112.557414 0.764544 606.76777 -0.008639 -0.017021 0.003486 -0.010001 0.68641 7.972365 0.938953 11.497895 0.634835 11.376104 0.556716 9.479893 -0.010358 -0.001268 -0.016511 0.382501 -0.066879 -5.4e-05 -0.0383 -8.5e-05 -0.023282 -0.000279 -0.018645 -5e-06 0.901265 11.489105
35.362695 131.145331 100.270896 728.993621 12.206373 1211.978291 5.170808 1496.445982 0.276606 1376.279253 0.499867 1331.156635 -46.611181 83.786566 -242.797554 207.88302 -20.751219 101.247086 -3.513194 100.62 -0.577262 83.75067 -2.634492 115.564394 1.653053 781.017966 0.032994 0.019508 0.006651 0.129495 0.189345 8.730537 0.407454 13.126948 0.18856 11.922766 0.125253 9.954564 0.01123 0.029612 0.005368 0.172963 -0.010235 0.092885 -0.012632 0.528968 0.000525 0.019291 0.000323 0.019819 0.169191 10.982875
36.369661 133.034931 100.341456 796.808364 4.693854 1352.754788 0.40462 1650.623091 -1.005077 1536.020108 -0.451012 1488.237072 -45.974281 93.742965 -239.693509 246.423767 -18.769349 116.901265 -2.901945 111.521467 -0.40323 91.328954 -2.12868 127.343446 -0.135079 878.261324 0.007068 0.006758 1.2e-05 1.507769 -1.761544 3.866479 -2.682531 3.778891 -2.336217 4.384227 -1.900502 4.379211 0.002191 0.279413 0.009985 1.637738 0.049725 0.562392 0.029187 0.280286 0.015568 0.164089 0.026933 0.285762 -2.733209 2.851962
38.544846 134.72114 98.436814 861.849792 0.965141 1339.282063 -0.943839 1614.358451 -5.244489 1497.659279 -2.991676 1462.502561 -45.829186 100.159792 -232.320061 281.238473 -16.527286 128.360381 -2.05033 117.694119 -0.090986 96.734647 -1.13039 135.57829 -3.95392 833.143528 0.031586 0.00531 -0.009125 1.275735 -1.402128 -0.033713 -2.584416 -0.201405 -1.657784 -0.242546 -1.119516 -0.112222 0.000115 0.106205 0.057595 1.149775 0.071281 0.267843 0.073773 0.083128 0.111133 0.077707 0.156659 0.128991 -2.627367 -0.594824
40.935756 134.332268 98.053154 863.440596 0.035758 1216.82878 -3.591573 1444.37167 -10.99813 1329.104967 -7.620589 1314.556346 -46.233946 103.704851 -230.426448 326.230406 -15.713611 148.987602 -1.795309 133.106232 -0.08386 107.878449 -1.028293 149.170343 -9.161256 679.667677 0.035969 -0.000281 -0.000375 0.000733 -0.629352 -2.934814 -0.853093 -4.727101 -1.053205 -5.029753 -1.062745 -3.943675 -0.00089 0.030825 0.003874 1.668446 0.010269 0.768119 0.008465 0.473998 0.000145 0.303687 0.002416 0.324583 -1.078088 -7.805256
41.3303 135.295969 90.912014 839.653789 -1.073618 1125.069446 -10.816438 1328.524187 -21.185016 1213.145785 -15.769184 1206.142629 -45.226645 108.973396 -230.581736 360.440306 -17.652841 176.82013 -2.385552 159.304396 -0.223688 128.98146 -1.753215 172.008872 -17.05493 550.993086 0.000946 0.001722 -0.134983 -0.166121 -1.501247 -1.798329 -1.942374 -2.421025 -1.654762 -2.645989 -1.465315 -2.332483 0.005547 0.065267 -2.6e-05 0.852697 -0.056401 1.190991 -0.041874 1.17596 -0.033625 0.941958 -0.096126 0.813034 -1.21662 -6.745421
41.10724 137.190486 87.380518 828.597972 -1.245094 1055.332687 -11.929538 1216.279727 -20.570456 1078.121618 -15.144173 1086.566163 -44.44726 112.635777 -232.540151 397.507842 -18.428396 203.736984 -3.375008 182.500713 -0.871346 141.851518 -2.370882 184.940079 -12.974455 437.839674 -0.000302 0.006586 -0.034978 -0.036635 -0.006349 -1.115496 -0.027252 -2.476606 0.004523 -3.981941 0.006319 -3.120385 0.003387 0.030265 -0.004141 0.906939 -0.008336 0.95311 -0.085613 0.788008 -0.212063 0.305967 -0.046516 0.234307 0.278525 -6.49548
39.844213 139.101198 89.688085 814.256741 -0.230972 858.410439 -8.331337 945.938849 -13.240829 819.057414 -9.239992 837.523665 -45.924301 113.77222 -238.518749 428.822649 -28.51943 241.854854 -8.745813 214.177283 -5.040105 162.673695 -7.944301 206.110544 -1.942615 251.692491 -0.009854 0.006607 0.015037 -0.062597 0.403533 -10.158513 0.322068 -16.966847 0.80402 -17.771142 0.72559 -16.185349 -0.012071 0.002852 -0.037941 0.59357 -1.097314 1.633378 -1.254876 1.266783 -1.720186 0.712701 -1.635321 0.573478 4.876279 -25.601572
38.272637 142.757087 93.446974 807.840127 0.296682 721.249817 -3.327695 764.950654 -6.70764 621.681161 -4.445368 640.968665 -45.53156 115.938 -222.7043 515.744979 -36.672126 335.209555 -15.259557 316.142918 -10.514725 243.408317 -13.86125 280.156471 0.426057 87.085968 -0.01581 0.023711 0.03858 -0.012691 1.0512 -5.966039 1.128287 -9.599944 1.100157 -13.583974 0.867378 -13.123536 0.000843 0.01021 0.271203 4.007948 -0.511787 7.601301 -0.900632 9.89487 -0.995253 8.106484 -0.818132 5.670708 4.188193 -42.677907
38.643084 144.464013 97.792864 802.408807 0.997693 597.016582 -2.985082 608.980336 -3.843015 474.108111 -1.916501 505.927221 -45.571748 120.216882 -188.607474 603.314743 -31.399693 397.534462 -12.690076 377.707426 -8.153016 293.252409 -10.250439 331.088728 0.801003 21.61701 0.000892 0.005072 0.049386 -0.00916 0.206262 -5.866916 0.009304 -8.881678 0.396333 -9.98251 0.524214 -7.977987 -9e-06 0.038768 1.415712 3.431559 0.204493 2.655392 0.11836 2.736669 0.149996 2.319729 0.271899 2.125672 0.058689 -21.926524
41.353563 146.455348 96.11488 801.660003 4.711718 537.158036 -0.178022 541.336967 -0.266758 405.236198 -0.003136 435.289746 -42.836651 129.822626 -164.055579 627.199854 -62.081238 546.874962 -44.649078 587.729559 -33.53395 453.218345 -33.542959 469.46447 27.818919 -1.341997 0.045932 0.006815 -0.00726 -0.000175 1.373123 -1.580684 1.705147 -1.990576 2.084775 -2.701238 1.764591 -2.654382 0.042318 0.18458 0.855672 0.231835 -5.178455 11.88244 -9.732424 23.121074 -8.617172 17.341489 -6.708088 12.04982 19.178941 -33.731188
41.142979 144.495895 96.510601 799.97074 12.994472 416.396517 2.047574 385.158139 1.732591 275.302044 2.274686 313.489695 -43.287277 132.748198 -152.889354 649.144705 -80.387266 774.29005 -65.26848 909.644351 -48.054805 740.862954 -47.216374 728.330089 68.036704 -112.923977 -0.000269 -0.006598 0.000406 -0.000891 2.056744 -7.677742 3.433094 -13.25836 3.359029 -12.51922 2.446736 -9.972701 -0.001179 0.016299 0.196759 0.188669 -1.180982 19.719905 -1.951314 35.012979 -1.302581 35.163387 -1.165944 28.307322 8.845105 -89.645359
41.609349 147.962526 100.5344 800.925886 14.586383 225.894886 2.943213 146.193047 2.914499 93.043447 3.102364 135.032088 -42.752702 142.137539 -137.476383 732.147426 -86.428859 959.302134 -75.627859 1161.190177 -53.707631 980.946675 -51.455075 952.370738 81.644585 -469.769434 0.001314 0.020546 0.041089 0.000285 0.045979 -28.901335 0.081023 -56.767402 0.152811 -48.251435 0.064083 -37.03099 0.001661 0.160404 0.409358 2.496098 -0.10944 9.900684 -0.381352 15.334506 -0.157126 16.820419 -0.091085 14.999456 0.619846 -122.049372
41.898981 151.399834 104.432931 791.478038 17.033423 178.561506 4.513235 96.104128 4.509159 56.874919 4.464503 93.748389 -41.496503 145.242145 -126.800282 735.034429 -84.516513 1071.078189 -76.515892 1321.861605 -52.812253 1159.087112 -50.172333 1114.545664 88.184908 -702.452592 0.000502 0.019734 0.037079 -0.028028 0.09483 -2.779253 0.167165 -5.233848 0.173296 -4.428318 0.123611 -3.755672 0.009366 0.01677 0.215732 0.00284 0.010697 3.07907 -0.002592 5.203755 0.003763 7.427261 0.008096 6.372128 0.125984 -23.325587
42.534383 147.763137 97.721262 773.877951 22.564495 109.279803 10.184765 38.63786 11.00582 18.173285 9.703772 42.956382 -36.717294 139.978072 -109.520634 746.382266 -77.136599 1184.306939 -68.353642 1480.518792 -47.276764 1304.550451 -44.884571 1240.492286 103.903613 -1014.775902 0.002391 -0.022105 -0.111447 -0.098946 0.388195 -8.462239 1.138319 -12.868975 1.425694 -10.748776 1.004306 -9.786032 0.146152 -0.048581 0.632586 0.043464 0.168545 2.844046 0.230122 4.494805 0.153189 4.298128 0.147186 3.370203 0.644215 -28.640963
42.133886 144.646898 94.870115 714.186606 29.766902 63.636759 17.549765 10.776974 19.447273 2.554473 16.606813 16.039022 -36.605092 136.784261 -109.08231 774.760489 -72.22048 1295.342938 -63.265665 1627.809784 -44.044086 1442.480338 -41.449903 1364.859938 122.02468 -1323.630093 -0.000947 -0.016605 -0.021106 -1.197694 0.498006 -6.13272 0.995777 -8.60311 1.193347 -7.100849 0.921711 -6.498609 8.6e-05 -0.018429 0.000439 0.264733 0.080929 2.487283 0.098379 3.49172 0.057235 3.464952 0.068348 2.970066 0.727892 -20.486306
40.945786 140.489312 91.684171 635.130446 32.898988 44.59883 21.583823 3.423978 24.459225 0.266832 20.924292 8.357422 -37.259524 136.435095 -100.766058 770.743138 -71.70176 1395.499544 -64.846085 1772.742035 -44.978822 1604.541325 -41.552695 1503.123002 135.774978 -1563.424936 -0.008496 -0.030313 -0.027207 -2.317932 0.078321 -1.687478 0.208479 -2.051858 0.286997 -1.170105 0.249163 -1.240894 -0.002899 -0.000223 0.164851 -0.005221 0.000935 1.864625 -0.009749 3.089926 -0.004907 4.312796 -6.4e-05 3.334712 0.366962 -9.975751
39.71185 137.652344 89.058952 587.237349 33.460298 48.981925 22.480596 6.184254 24.713839 1.094344 21.321116 10.929212 -37.287181 133.057 -91.038964 774.009446 -66.906767 1416.77606 -63.767346 1791.942423 -44.316183 1643.675797 -39.374031 1537.439107 135.21833 -1559.946855 -0.009439 -0.014469 -0.019066 -0.9386 0.002374 0.102703 0.009126 0.405026 0.000659 0.280425 0.001864 0.172238 -5e-06 -0.021173 0.246806 0.003453 0.082963 0.080486 0.004524 0.05171 0.002459 0.235754 0.029332 0.193654 -0.000572 0.001937
40.734457 134.278389 87.927453 553.028716 32.198691 39.058067 21.561925 3.083559 23.714234 0.299924 20.248647 8.145886 -36.438746 130.970784 -81.254157 795.754621 -63.428383 1455.194024 -62.509624 1833.648677 -44.106411 1686.602867 -37.962454 1577.617937 132.502938 -1641.920432 0.0065 -0.020932 -0.003617 -0.513255 -0.012122 -0.561096 -0.009582 -0.534083 -0.010318 -0.248458 -0.013837 -0.204156 0.004882 -0.008242 0.278072 0.15062 0.046424 0.256968 0.006264 0.239888 0.000249 0.276675 0.012883 0.259129 -0.013771 -1.049508
39.114597 131.580019 85.250672 530.11783 29.656372 44.272111 19.454686 5.660479 21.148106 1.278705 18.128186 11.095479 -36.897886 129.904678 -77.737951 793.147572 -61.193257 1444.341769 -61.208225 1814.771926 -43.553056 1677.042873 -37.234824 1567.00929 125.399256 -1585.705308 -0.016432 -0.013694 -0.020688 -0.242334 -0.052268 0.163284 -0.054166 0.38834 -0.073451 0.340058 -0.058626 0.227422 -0.001437 -0.002178 0.038886 -0.002139 0.020045 -0.020309 0.006845 -0.048834 0.001747 -0.013586 0.00352 -0.017895 -0.097851 0.489583
38.481963 130.057169 82.221603 502.061819 28.28909 37.742536 18.241523 3.312566 20.145544 0.434251 16.994921 8.362523 -36.610826 127.953365 -71.902574 800.517384 -60.881259 1458.163221 -62.486158 1822.884976 -46.265158 1695.420782 -39.631772 1589.445554 127.469257 -1641.587632 -0.002579 -0.004432 -0.027396 -0.38137 -0.016133 -0.260338 -0.019526 -0.312627 -0.012172 -0.222615 -0.018287 -0.192883 0.000561 -0.007383 0.113821 0.017041 0.000399 0.032908 -0.006602 0.009047 -0.040956 0.050075 -0.037381 0.07974 0.008473 -0.483853
37.972003 127.617551 81.463779 481.297643 27.719351 36.859119 17.609243 3.351757 19.350192 0.393831 16.333834 8.249098 -36.837844 126.678022 -70.314766 797.888226 -61.190367 1493.776433 -63.636331 1872.631105 -46.927457 1757.076548 -40.248561 1644.214964 126.545562 -1704.858938 -0.001701 -0.011549 -0.001754 -0.219248 -0.002898 -0.005231 -0.005576 0.000115 -0.008009 -0.000987 -0.006557 -0.000387 -0.000351 -0.003194 0.008864 -0.002162 -0.000391 0.214833 -0.005245 0.334837 -0.002353 0.550578 -0.002381 0.463856 -0.001679 -0.598189
36.111669 125.928444 78.881313 488.451959 26.229908 37.722069 16.506769 4.191231 17.776972 0.749355 14.96116 9.342243 -38.544032 126.789678 -72.559903 794.478786 -63.024534 1498.305218 -66.274216 1876.807812 -48.915412 1767.827402 -41.87923 1654.913092 125.669256 -1695.783049 -0.023361 -0.005626 -0.020798 0.026391 -0.020564 0.004993 -0.017818 0.046859 -0.033347 0.056689 -0.030119 0.033997 -0.019311 2.5e-05 -0.017641 -0.00365 -0.013542 0.003427 -0.026784 0.002326 -0.020619 0.016395 -0.01619 0.017346 -0.001522 0.012111
35.738553 124.251122 79.235441 493.506348 25.643057 39.365542 15.649244 4.4908 16.549805 0.877193 14.024322 9.835281 -39.089923 128.054721 -74.702554 800.186711 -63.357103 1537.177596 -66.836774 1929.543274 -49.069985 1826.814027 -42.373173 1708.677705 122.61448 -1747.629545 -0.000969 -0.005623 0.000397 0.013008 -0.00332 0.017521 -0.011436 0.00517 -0.021942 0.005031 -0.015144 0.006339 -0.001919 0.00314 -0.015588 0.010215 -0.000438 0.24891 -0.001189 0.365332 -0.000122 0.484006 -0.001448 0.429722 -0.018793 -0.390341
34.503479 124.25863 77.92773 495.351771 24.67258 41.695248 14.943367 5.491125 15.807054 1.418408 13.318437 11.540236 -40.503946 128.002453 -77.16241 800.022496 -65.522691 1541.328879 -68.510143 1934.687326 -50.515613 1829.612337 -43.651964 1712.553036 122.83826 -1729.145775 -0.010859 0.0 -0.005441 0.001722 -0.00936 0.033485 -0.008145 0.05025 -0.008526 0.064711 -0.009113 0.068104 -0.012561 -5e-06 -0.019923 -8e-06 -0.018196 0.002799 -0.010345 0.003424 -0.010493 0.001071 -0.009505 0.002195 0.000102 0.049133
32.922376 124.981972 75.798388 497.265632 23.443561 43.727292 14.059612 6.073056 14.809179 1.89222 12.39978 12.915652 -42.24713 128.610093 -80.161263 800.441159 -67.929567 1562.039929 -71.904899 1960.033962 -52.449328 1858.617377 -45.346056 1739.379893 122.998312 -1741.902468 -0.018541 0.00105 -0.014748 0.001845 -0.015699 0.024173 -0.013468 0.014651 -0.016266 0.034081 -0.016412 0.038708 -0.018362 0.000719 -0.028584 5.5e-05 -0.021706 0.069111 -0.041043 0.082478 -0.018159 0.114053 -0.016125 0.104245 5.2e-05 -0.023442
32.613492 125.143081 75.683073 502.856382 23.649986 46.751028 14.293323 7.143528 15.160205 2.300704 12.632579 13.983415 -42.653651 128.805924 -83.67274 802.666816 -70.249606 1566.443775 -73.850797 1966.817664 -53.398898 1861.805888 -45.995581 1742.762062 125.463875 -1733.21024 -0.000728 5.2e-05 -4.4e-05 0.015626 0.000452 0.05054 0.000963 0.043423 0.002056 0.019945 0.001083 0.021201 -0.000973 7.4e-05 -0.037635 0.001545 -0.019478 0.0031 -0.01299 0.005859 -0.004259 0.001366 -0.002309 0.001643 0.012234 0.010871
32.157914 125.458801 75.501228 509.411182 23.84503 46.524626 14.56249 6.925469 15.068558 2.178414 12.468593 13.812561 -43.280258 128.608133 -86.784975 802.735716 -72.371456 1564.860779 -75.6614 1963.900966 -54.462769 1856.459235 -46.902104 1738.73686 126.826191 -1731.450594 -0.001602 0.000199 -0.000109 0.021223 0.0004 -0.000275 0.001255 -0.00169 -0.000139 -0.00167 -0.000536 -0.000525 -0.002285 -7.6e-05 -0.028414 1e-06 -0.015785 -0.0004 -0.010964 -0.001082 -0.005247 -0.003844 -0.004423 -0.002327 0.003678 0.000447
32.098486 125.824724 75.140105 509.882679 23.764011 46.647121 14.885889 6.945278 14.912738 2.201091 12.383079 13.865578 -43.341529 128.91946 -87.789177 801.863543 -73.935441 1565.363044 -76.942506 1964.283464 -55.570186 1856.773591 -47.810632 1739.047549 128.057351 -1731.116528 -2.7e-05 0.000266 -0.000433 0.000109 -6.9e-05 8.1e-05 0.001776 1.4e-05 -0.000405 5.9e-05 -0.000147 5.1e-05 -2.2e-05 0.000188 -0.002888 -0.000237 -0.00836 4e-05 -0.005378 1.9e-05 -0.005573 1.3e-05 -0.004358 1.4e-05 0.002973 1.6e-05
32.168799 127.040478 75.263693 526.663769 26.899052 47.075178 18.132526 6.868615 17.823469 2.149532 14.561012 13.788249 -43.805249 127.160291 -89.634073 789.421688 -74.689727 1559.300471 -77.891376 1959.186988 -55.786338 1854.246907 -47.910957 1738.104382 136.675046 -1730.130639 3.8e-05 0.002923 5.1e-05 0.135847 0.097092 0.000978 0.160005 -0.000213 0.12966 -0.000306 0.088167 -0.000108 -0.001234 -0.006042 -0.009592 -0.048641 -0.001914 -0.005881 -0.002908 -0.00331 -0.00021 -0.00086 -5.3e-05 -0.000128 0.140301 0.00014
31.629937 130.414961 76.372631 534.528381 29.269172 51.948757 21.018189 7.978357 18.50611 2.386104 14.825079 14.508065 -47.313163 128.11631 -99.582655 802.116232 -81.202532 1579.538524 -83.113789 1985.087429 -59.516377 1873.811848 -51.788896 1757.390621 144.397682 -1742.465223 -0.002276 0.022116 0.004055 0.029143 0.050028 0.120002 0.106491 0.041532 0.006414 0.006174 0.001186 0.009157 -0.06755 0.00179 -0.261718 0.050628 -0.136104 0.065244 -0.08472 0.08504 -0.060349 0.051339 -0.075447 0.053206 0.106112 -0.021906
32.996666 132.170795 79.347218 600.661902 35.728505 63.217885 25.839895 11.196508 21.113172 3.021918 16.84365 15.110373 -49.9615 127.638021 -104.90333 820.96377 -77.111107 1560.090697 -76.706001 1952.323238 -54.607892 1808.53374 -48.070879 1702.139063 143.631176 -1663.701125 0.014453 0.00587 0.028413 1.928029 0.321754 0.552672 0.248738 0.271983 0.085869 0.037506 0.064398 0.006125 -0.036058 -0.000447 -0.069233 0.109434 0.052878 -0.060233 0.128508 -0.136322 0.105606 -0.578648 0.069239 -0.441235 -0.00102 0.910791
38.050387 137.300465 84.062862 736.315645 40.111601 117.0743 28.060064 40.641155 23.454962 14.860328 18.761215 37.552326 -49.79434 133.455453 -103.968511 830.902269 -76.973408 1535.256088 -74.469314 1919.478614 -53.590803 1764.05146 -47.372507 1659.527459 147.953318 -1455.094663 0.179969 0.048829 0.068056 6.899721 0.126764 8.231851 0.045744 9.174376 0.061566 4.479755 0.051674 5.021135 0.00014 0.064817 0.002092 0.029898 6.2e-05 -0.099628 0.016547 -0.139314 0.004781 -0.276935 0.002555 -0.270078 0.032035 6.984336
40.109713 142.968535 99.899996 789.779945 59.130929 187.249941 44.580004 101.326028 39.520668 52.820743 34.702947 86.794859 -46.730001 137.258144 -99.925854 820.089599 -77.158902 1499.969613 -75.948537 1879.175404 -54.358085 1734.154809 -47.817968 1629.569864 186.577573 -1181.667876 0.027134 0.05732 0.682967 0.936805 1.839527 8.201592 1.903436 13.623787 2.083733 11.64774 2.432037 10.165771 0.048654 0.026709 0.040081 -0.035408 -0.000112 -0.205121 -0.007274 -0.213812 -0.002727 -0.127755 -0.001042 -0.136432 2.23722 14.215213
42.53586 154.420014 108.620264 861.057651 77.832733 302.876151 65.914951 211.01924 60.179867 128.200858 53.514078 170.599969 -44.482078 150.204628 -95.917703 846.999814 -71.80986 1519.68539 -69.298705 1887.546493 -49.397456 1730.32353 -43.440235 1627.538291 218.62286 -916.549949 0.035619 0.220562 0.18242 1.539486 1.282833 13.833991 2.079296 19.895331 2.163905 16.441352 2.028947 14.025148 0.027704 0.291684 0.04102 0.217207 0.096065 0.064364 0.152304 0.009302 0.118654 -0.002118 0.105062 -0.000634 1.269139 16.816728
49.894493 161.201305 110.5118 869.741837 112.300252 659.348657 110.62938 651.847326 103.738784 480.039866 92.507456 509.049499 -40.537107 156.383319 -86.423041 855.993469 -68.475415 1522.997126 -66.950019 1866.948782 -48.033404 1711.53472 -40.971191 1607.707844 292.951888 -378.726112 0.293386 0.072858 0.008164 0.021786 3.150253 68.466488 5.75639 121.105614 5.893511 112.089446 5.302648 90.263928 0.091574 0.062266 0.247366 0.023748 0.039634 0.001802 0.020245 -0.056501 0.009549 -0.051284 0.036118 -0.060776 5.428605 116.935875
43.848418 150.732514 94.702582 749.859029 173.126677 1054.758843 218.111031 1193.568594 217.899464 1130.652698 184.375132 1133.396129 -38.732098 159.471903 -79.312074 819.604226 -63.829522 1547.614133 -67.232453 1876.601242 -46.007022 1744.568025 -38.165739 1649.128812 464.155387 -66.305954 -0.195178 -0.175721 -0.609858 -4.442955 6.556569 46.230015 18.067026 81.301982 20.941554 137.249834 15.684775 123.294903 0.020553 0.015101 0.15262 -0.395182 0.081596 0.098679 -0.000297 0.012444 0.021835 0.157869 0.049743 0.26341 19.610978 128.098027
46.563826 149.820994 97.654161 717.670834 192.395359 1314.580334 244.286958 1531.677697 245.124066 1507.575894 207.338439 1488.176828 -37.701425 163.426649 -75.351832 814.660058 -59.827675 1578.782227 -64.112127 1914.899143 -42.721997 1784.528782 -34.887076 1687.026618 492.513495 -11.670209 0.040786 -0.001382 0.022646 -0.353044 0.508233 14.289087 0.741492 21.055177 0.801061 27.064291 0.673665 24.11739 0.006949 0.024219 0.05071 -0.007479 0.064772 0.155366 0.03707 0.193428 0.060832 0.22625 0.073611 0.215261 0.420396 22.341486
50.817225 152.342988 105.439837 753.820505 195.409937 1541.135361 243.276193 1807.724977 240.713549 1792.839766 203.45726 1747.108558 -34.191046 163.741573 -69.991762 803.164548 -56.750473 1574.166662 -62.244497 1900.734602 -42.301618 1788.475787 -33.859776 1695.510118 484.832636 0.002659 0.092934 0.010525 0.149288 0.444106 0.011717 9.000931 -0.001048 11.429099 -0.02002 12.351176 -0.018335 10.378273 0.085754 0.000152 0.09887 -0.040841 0.04062 -0.003378 0.013803 -0.026291 0.001039 0.00218 0.007676 0.010638 -0.030182 12.02517
54.903356 158.376729 112.938229 807.031051 196.874786 1772.068023 241.655137 2072.355718 237.552245 2056.024107 200.826147 1997.574192 -32.934347 165.514384 -65.586345 822.740693 -54.078251 1593.704373 -60.074304 1931.493037 -41.469707 1815.859868 -33.119491 1721.295256 477.528597 7.455602 0.078995 0.058589 0.128773 0.907256 0.002735 8.057885 -0.002709 9.034742 -0.010448 9.008783 -0.008562 8.385671 0.011765 0.004773 0.071593 0.117854 0.03222 0.06025 0.019253 0.123439 0.004131 0.104027 0.004091 0.097296 -0.027718 7.17667
55.629564 161.882511 112.423772 839.022634 194.744022 1872.36467 241.363077 2201.207165 235.402208 2195.563032 197.874876 2121.130923 -33.142135 167.098127 -62.800772 838.321476 -53.955503 1620.145058 -61.794529 1941.70283 -42.918965 1858.295156 -34.132554 1769.767412 479.350715 14.05416 0.002386 0.019189 -0.000587 0.310913 -0.005797 1.380369 -8.8e-05 1.94293 -0.004887 2.290481 -0.010923 1.853702 -0.000327 0.003771 0.030222 0.073076 7e-05 0.108767 -0.012141 0.013457 -0.012445 0.245065 -0.007631 0.336525 0.001735 1.037124
55.397123 164.434923 109.332148 849.265271 190.125045 1897.898501 236.006716 2233.561245 229.174662 2242.972989 192.293517 2164.825631 -32.716167 168.764899 -60.834435 834.528026 -54.224134 1617.544467 -63.487355 1939.191692 -44.366272 1846.797819 -35.289008 1757.648996 475.210222 19.233927 -0.000243 0.009982 -0.021552 0.031071 -0.027718 0.086464 -0.030052 0.118022 -0.041741 0.253211 -0.039923 0.222736 0.001378 0.004136 0.015638 -0.004301 -0.000334 -0.001044 -0.011437 -0.000812 -0.012 -0.017839 -0.009633 -0.020816 -0.00898 0.405466
55.632898 168.127384 105.769741 878.478606 184.960425 1896.721873 230.293012 2234.482482 225.206148 2238.295098 189.594738 2158.374835 -32.350188 170.977526 -59.040808 834.842125 -54.11284 1607.751819 -62.833227 1934.376665 -44.049941 1835.198784 -35.119785 1749.250805 468.457671 19.993448 0.00025 0.020499 -0.029501 0.246993 -0.035558 -0.000182 -0.035007 9.5e-05 -0.017331 -0.002442 -0.009536 -0.004813 0.001029 0.007205 0.013419 3e-05 5.7e-05 -0.014866 0.001694 -0.002993 0.000566 -0.01827 0.000203 -0.010056 -0.02416 0.007354
55.181905 169.914083 103.686763 891.35436 180.493224 1927.598683 225.722111 2274.808095 222.830716 2276.922522 187.740943 2193.376189 -31.940607 172.61642 -59.113513 846.259437 -53.331669 1655.859124 -61.014902 2001.340174 -42.465527 1895.923469 -33.896134 1803.291779 459.848281 17.42984 -0.000918 0.004722 -0.010358 0.046837 -0.027304 0.124649 -0.022909 0.180315 -0.006297 0.165231 -0.004554 0.140761 0.001305 0.003909 -2.2e-05 0.038771 0.00284 0.354582 0.013349 0.56971 0.014509 0.494185 0.010849 0.411057 -0.039924 -0.087911
53.967281 170.226173 101.959701 894.832991 176.242333 1920.146927 221.026324 2264.733729 219.741875 2264.999804 184.975017 2181.634453 -32.523996 170.937079 -61.54439 847.391553 -54.41347 1663.277397 -60.949644 2009.482578 -42.381477 1898.336584 -33.959252 1802.37487 455.13097 16.177365 -0.006758 0.000143 -0.007252 0.003387 -0.025328 -0.007216 -0.024679 -0.011179 -0.010779 -0.015649 -0.010263 -0.015756 -0.00264 -0.004104 -0.02449 0.000378 -0.005431 0.00829 1.7e-05 0.008265 4.2e-05 0.000767 -2.9e-05 -0.000117 -0.01216 -0.023347
54.644545 170.762874 102.660803 907.757572 176.554635 1936.51824 220.591709 2258.475548 220.645714 2260.65889 185.938923 2187.725105 -32.495109 171.541405 -61.354691 858.141699 -53.647542 1670.727112 -59.198141 2017.866682 -41.05135 1901.071137 -32.972738 1803.661595 452.04206 15.56391 0.002112 0.000422 0.001201 0.046335 0.000138 0.034748 -0.000214 -0.004329 0.000928 -0.002082 0.001252 0.004245 6e-06 0.000533 0.000146 0.03388 0.002714 0.008323 0.012767 0.008727 0.010603 0.000984 0.007271 0.00023 -0.005259 -0.005929
55.022225 170.052254 102.685746 905.94487 176.566277 1932.348153 220.442921 2255.683735 220.535498 2256.262967 185.652372 2182.375341 -32.662527 171.18779 -61.366597 855.275143 -53.822531 1663.023867 -59.508192 2007.626295 -41.120196 1896.249974 -33.129543 1800.228398 452.11265 15.635572 0.00065 -0.000741 2e-06 -0.000906 0.0 -0.002247 -2.5e-05 -0.000863 -1.4e-05 -0.002139 -0.00011 -0.003275 -0.000215 -0.000182 -1e-06 -0.002398 -0.000142 -0.0089 -0.000405 -0.013025 -2.9e-05 -0.003061 -0.000186 -0.001635 3e-06 8.2e-05
54.975767 170.001502 101.485447 904.364118 176.182121 1928.868878 219.802757 2253.345763 220.200771 2255.45812 185.331472 2180.62286 -32.711666 171.179133 -61.183326 853.712781 -53.61428 1653.667488 -59.591353 1995.016787 -41.179729 1886.053638 -33.055446 1792.620456 451.830577 16.507519 -1e-05 -4e-06 -0.003528 -0.00069 -0.000209 -0.001568 -0.000465 -0.000606 -0.000127 -7.2e-05 -0.000139 -0.000352 -1.8e-05 -0.0 0.000137 -0.000714 0.000202 -0.013197 -2.9e-05 -0.019862 -2.2e-05 -0.013744 4.1e-05 -0.008055 -4.4e-05 0.011829
54.627274 168.643353 100.123885 900.092878 177.503284 1922.227825 221.825368 2233.563498 221.479284 2239.499936 186.187713 2172.120464 -32.595317 168.422823 -60.075136 844.973349 -54.167617 1627.750626 -61.386583 1957.107006 -43.260575 1848.449826 -34.575641 1760.410847 460.508307 18.74676 -0.000554 -0.002723 -0.004598 -0.005055 0.002468 -0.005726 0.004632 -0.043609 0.00185 -0.028328 0.000987 -0.008304 0.000104 -0.011186 0.005064 -0.022482 -0.00142 -0.102348 -0.013321 -0.181824 -0.025643 -0.189327 -0.017087 -0.145999 0.04127 0.071187
54.257628 167.94249 98.460944 897.786645 177.180464 1917.28489 221.5491 2227.487811 221.865229 2234.420779 186.302 2167.616158 -32.704951 167.865333 -60.016062 844.705682 -54.41901 1616.350152 -61.89151 1942.317208 -43.779295 1832.669986 -35.028499 1746.594624 462.75468 19.89129 -0.000627 -0.00073 -0.006963 -0.001479 -0.000147 -0.003182 -8.6e-05 -0.004137 0.000168 -0.002883 1.8e-05 -0.002338 -9.2e-05 -0.000462 1.5e-05 -2.1e-05 -0.000291 -0.020032 -0.001034 -0.028048 -0.001546 -0.033822 -0.001473 -0.027215 0.002733 0.016955
54.194995 168.227098 98.478629 898.146369 177.8853 1918.756633 223.59014 2228.258109 226.155563 2236.626855 189.714828 2169.817889 -32.807599 167.902017 -59.595954 845.156496 -54.576316 1603.245376 -61.999032 1917.107943 -44.158243 1807.052201 -35.392333 1725.972471 470.180084 22.882378 -1.8e-05 0.00012 1e-06 3.6e-05 0.0007 0.000282 0.004679 6.7e-05 0.020543 0.000544 0.015488 0.000559 -8e-05 2e-06 0.000738 6e-05 -0.000114 -0.02667 -4.7e-05 -0.082333 -0.000817 -0.090155 -0.00094 -0.061234 0.029551 0.104709
54.182885 167.607499 98.601817 898.27856 179.945909 1919.412546 226.279995 2225.318301 230.619027 2233.720405 193.843077 2169.017231 -32.913998 167.399138 -59.545028 846.181586 -54.671073 1600.915468 -61.888509 1914.393693 -44.30432 1798.109491 -35.697444 1717.917193 477.085848 23.601429 -1e-06 -0.000572 3.9e-05 5e-06 0.005933 5.6e-05 0.008042 -0.00097 0.021808 -0.000945 0.022217 -7.4e-05 -8.6e-05 -0.000377 1.1e-05 0.000311 -4.1e-05 -0.000847 4.9e-05 -0.000961 -0.000121 -0.011091 -0.000655 -0.009421 0.025173 0.005562
54.107578 167.773756 98.834379 899.824306 181.896577 1923.170281 228.825504 2232.546132 233.341332 2239.307569 196.037513 2173.094518 -33.120726 167.805026 -59.744441 846.352032 -55.041724 1602.288253 -62.290966 1915.748751 -44.784356 1798.086997 -36.180365 1717.768227 482.576575 24.181478 -2.6e-05 4.1e-05 0.000137 0.000664 0.005258 0.001837 0.007119 0.005859 0.007987 0.003489 0.006176 0.001914 -0.000324 0.000246 -0.000167 9e-06 -0.000626 0.000294 -0.000652 0.00024 -0.001293 -0.0 -0.001622 -3e-06 0.015708 0.003521
54.060062 167.885413 98.938104 900.351833 183.694297 1923.040111 231.18048 2234.40979 235.247408 2239.499372 197.571558 2174.929864 -33.166845 168.001896 -59.827536 846.775881 -54.869266 1608.304424 -62.319101 1928.754483 -44.75927 1812.918808 -36.067913 1729.383723 485.233404 22.514691 -1e-05 1.9e-05 2.7e-05 7.7e-05 0.00442 -2e-06 0.006028 0.000389 0.003877 4e-06 0.002989 0.000387 -1.6e-05 5.8e-05 -2.9e-05 5.3e-05 0.000135 0.005637 -3e-06 0.021999 4e-06 0.03046 8.8e-05 0.01957 0.003647 -0.029757
53.805697 167.576943 99.393658 901.777465 184.259334 1925.900684 231.424058 2237.25692 234.726327 2241.57306 197.102583 2175.706591 -33.620365 167.958712 -60.287975 854.618453 -54.69029 1609.682047 -60.894003 1928.804219 -43.836736 1811.276163 -35.621595 1727.806136 481.438747 22.907362 -0.0003 -0.000142 0.000523 0.000564 0.000434 0.001063 6.4e-05 0.000906 -0.000289 0.00048 -0.000279 6.9e-05 -0.00154 -3e-06 -0.000883 0.018075 0.000146 0.000295 0.008242 0.0 0.004803 -0.000372 0.001389 -0.00036 -0.007448 0.001697
53.545258 167.956008 99.447265 904.527777 185.250175 1937.027914 232.725427 2248.231702 235.721294 2254.355688 197.834465 2187.107629 -33.885412 167.820314 -60.693607 855.969404 -54.958311 1611.17127 -61.276467 1928.795319 -44.104115 1810.913938 -35.844353 1727.527172 483.7497 24.257804 -0.000316 0.000214 7e-06 0.002094 0.001328 0.016026 0.001824 0.013426 0.001052 0.018172 0.000678 0.014897 -0.00052 -2.9e-05 -0.00068 0.000533 -0.000328 0.000344 -0.000599 -0.0 -0.000406 -1.8e-05 -0.000347 -1.1e-05 0.002767 0.019337
53.619736 168.161624 99.405008 905.22955 185.172708 1937.314914 232.629325 2248.709353 235.614878 2254.383989 197.752565 2187.276555 -33.918278 167.574937 -60.517094 857.353184 -54.986285 1645.563632 -61.320474 1974.369414 -44.092201 1863.831778 -35.760114 1774.769862 483.557794 18.560894 2.6e-05 6.3e-05 -4e-06 0.000136 -8e-06 1.1e-05 -1e-05 2.5e-05 -1.2e-05 0.0 -8e-06 3e-06 -8e-06 -9e-05 0.000129 0.000559 -4e-06 0.181603 -8e-06 0.266075 1e-06 0.381039 5e-05 0.318644 -1.9e-05 -0.380671
53.458107 168.033495 99.085548 903.38659 185.489005 1932.33086 232.845196 2240.790306 236.281774 2250.052134 198.53184 2185.162386 -34.061239 166.695328 -60.951087 853.687529 -55.998048 1631.308265 -62.941091 1950.189258 -45.616301 1842.0826 -36.85503 1756.223422 489.535264 20.387254 -0.000122 -2.4e-05 -0.000257 -0.000939 0.000135 -0.00321 5e-05 -0.006984 0.000471 -0.002083 0.000766 -0.000511 -0.00015 -0.001157 -0.000775 -0.003927 -0.004612 -0.031008 -0.010568 -0.074491 -0.012948 -0.063821 -0.008255 -0.048708 0.018359 0.042844
53.446907 168.24975 98.451777 903.445352 185.347376 1928.154031 233.097839 2234.658863 236.717449 2243.224232 198.771182 2180.070953 -34.280537 166.585145 -61.073999 852.65094 -56.370567 1623.319725 -63.660202 1941.326213 -46.064692 1833.618049 -37.218568 1749.031436 491.629611 20.629052 -1e-06 7e-05 -0.001017 1e-06 -2.7e-05 -0.00226 6.8e-05 -0.0042 0.000201 -0.005188 7.2e-05 -0.002969 -0.000352 -1.8e-05 -6.2e-05 -0.000315 -0.000617 -0.009804 -0.002042 -0.010093 -0.001096 -0.009746 -0.000892 -0.007378 0.002235 0.000713
53.367281 168.344163 97.826583 902.80767 185.049686 1922.146814 233.05052 2227.753658 236.635472 2237.446379 198.707321 2174.305026 -34.09419 166.48592 -60.92517 847.350431 -57.117194 1611.47561 -65.172497 1924.292854 -47.359298 1818.994474 -38.106073 1736.397142 495.719969 21.640933 -3e-05 1.3e-05 -0.000996 -0.000113 -0.00012 -0.004686 -2e-06 -0.005343 -7e-06 -0.003725 -5e-06 -0.003818 0.000254 -1.5e-05 9.1e-05 -0.008263 -0.002456 -0.021684 -0.008876 -0.037528 -0.00897 -0.029274 -0.005229 -0.022899 0.008473 0.012113
53.331408 168.845903 98.30457 903.115198 185.17652 1923.396913 232.986284 2230.413287 237.442661 2239.458472 199.323334 2174.62883 -34.077764 166.303084 -60.575718 847.697303 -56.996307 1611.250941 -65.537649 1922.887729 -47.663324 1818.343495 -38.311697 1736.141079 497.871643 21.910618 -6e-06 0.000373 0.000582 2.6e-05 2.2e-05 0.000203 -4e-06 0.000793 0.000687 0.000452 0.000477 1.2e-05 2e-06 -5e-05 0.000503 3.5e-05 6.4e-05 -8e-06 -0.00051 -0.000257 -0.000486 -5.8e-05 -0.000277 -9e-06 0.00233 0.000835
53.269789 168.77241 96.963883 902.721886 184.967316 1921.201735 233.346522 2225.944802 238.203569 2234.472057 199.882994 2171.929624 -33.945707 165.413638 -60.483065 848.263139 -56.981324 1616.240401 -65.721043 1929.293503 -47.641805 1821.075793 -38.236656 1739.035121 498.903562 21.124485 -1.8e-05 -8e-06 -0.004603 -4.3e-05 -5.9e-05 -0.000627 0.000139 -0.00224 0.000609 -0.002779 0.000392 -0.000838 0.000128 -0.001192 3.5e-05 9.4e-05 1e-06 0.003857 -0.000128 0.005326 2e-06 0.001026 3.7e-05 0.001205 0.000534 -0.007181
53.684045 169.312401 97.636727 905.149748 185.50792 1927.35558 233.772284 2233.140694 238.191058 2241.709364 199.847434 2178.663254 -33.90016 164.776829 -60.250031 843.669368 -57.121248 1599.186905 -65.884855 1903.574122 -48.109485 1792.926332 -38.694122 1716.654516 500.396308 25.037338 0.000802 0.000431 0.001163 0.00163 0.000394 0.00492 0.000194 0.005806 -0.0 0.005851 -2e-06 0.005211 1.5e-05 -0.000614 0.000225 -0.006236 -8.6e-05 -0.045223 -0.000102 -0.086292 -0.001142 -0.10963 -0.00136 -0.072474 0.001115 0.166133
53.774878 169.029976 96.532561 902.549795 183.767818 1920.836255 231.954716 2223.086053 236.686179 2232.581054 198.496064 2170.972773 -33.575658 163.912236 -59.383468 839.808031 -57.473166 1593.881888 -66.569081 1899.159652 -48.555565 1790.709322 -39.032703 1714.184106 499.647258 24.338661 3.8e-05 -0.000118 -0.00314 -0.00187 -0.0041 -0.005522 -0.003547 -0.011343 -0.002384 -0.009312 -0.002292 -0.006799 0.00078 -0.001137 0.003139 -0.004428 -0.00054 -0.004407 -0.001767 -0.002562 -0.001029 -0.000686 -0.000737 -0.000889 -0.000281 -0.004943
53.988695 168.965431 96.170226 901.935162 183.080284 1920.525663 231.251446 2219.41755 236.400438 2229.454613 198.293817 2169.018897 -33.461746 163.413696 -58.502756 838.026911 -57.873584 1591.521462 -67.102708 1897.415291 -48.969829 1790.809963 -39.430677 1713.964726 500.558454 24.001555 0.000212 -6e-06 -0.000341 -0.000105 -0.000644 -1.3e-05 -0.000534 -0.001515 -8.6e-05 -0.001095 -5.2e-05 -0.00044 9.7e-05 -0.00038 0.00329 -0.000945 -0.000695 -0.000875 -0.001065 -0.000401 -0.00088 1e-06 -0.001009 -7e-06 0.000415 -0.001175
]