07-24-20_Matthew_4KDepth.lion_above_grey_wall.0000000002 [ 17.950899 153.290915 43.49875 829.108484 88.525383 1779.721035 117.667738 2157.010976 107.441264 2136.448886 84.076197 2043.88274 -65.49529 122.683989 -105.249394 710.030765 -98.858379 1366.393425 -109.453215 1683.228957 -81.897694 1575.59205 -70.760249 1497.512808 376.946973 42.614888 0.0 0.0 0.0 0.0 0.0 0.0 0.0 0.0 0.0 0.0 0.0 0.0 0.0 0.0 0.0 0.0 0.0 0.0 0.0 0.0 0.0 0.0 0.0 0.0 0.0 0.0
18.624607 157.668143 42.089869 839.925838 87.986037 1788.205074 117.654549 2157.981082 107.958263 2138.564721 84.020242 2048.488933 -65.991384 120.671511 -107.131772 715.833648 -98.820513 1380.873589 -109.302921 1698.806882 -82.067047 1589.092454 -71.079039 1508.880747 378.2785 40.71966 0.006205 0.03081 -0.011597 0.035055 -0.000824 0.010087 -0.0 0.000109 0.00062 0.000524 -9e-06 0.002592 -0.000936 -0.008321 -0.008342 0.011808 4e-06 0.038161 5.2e-05 0.035877 -8.7e-05 0.028796 -0.000358 0.021493 0.001174 -0.021554
21.103998 150.479423 45.342845 823.934987 92.26546 1770.793874 123.132607 2142.080292 114.116303 2126.326525 89.377214 2036.471271 -65.231696 116.277884 -105.648218 707.591248 -95.889569 1379.062604 -106.511542 1694.387946 -79.555217 1584.387334 -68.353495 1502.978113 384.234343 39.787647 0.077443 -0.083864 0.060535 -0.076843 0.050807 -0.042589 0.062323 -0.029399 0.085396 -0.017559 0.082769 -0.017678 0.002199 -0.040738 0.005172 -0.023864 0.022061 -0.000594 0.018053 -0.002877 0.01952 -0.003488 0.026641 -0.005784 0.02326 -0.005395
21.279413 146.040662 45.574685 817.331847 92.532855 1758.791421 123.296491 2127.256718 114.908042 2110.435391 90.123996 2020.117464 -66.432983 113.131382 -105.813821 701.720568 -96.976503 1368.305872 -108.041576 1684.198702 -81.385468 1574.875018 -69.725433 1493.73635 389.703384 39.122277 0.000363 -0.033225 0.000296 -0.013283 0.000193 -0.020407 5.4e-05 -0.025735 0.001369 -0.029802 0.001553 -0.032965 -0.00548 -0.021579 -6.5e-05 -0.012228 -0.003063 -0.021058 -0.005456 -0.015365 -0.010407 -0.01432 -0.006816 -0.014251 0.019324 -0.002805
21.401226 147.56229 45.101988 822.200527 92.641481 1759.056149 123.648843 2125.236887 115.743234 2107.938064 90.811677 2018.371419 -67.913848 113.520786 -109.910154 703.516799 -99.032394 1369.529596 -109.278993 1677.85433 -81.768881 1567.404292 -70.489808 1487.121378 392.0803 39.965529 0.000174 0.003943 -0.001232 0.007229 3.2e-05 1e-05 0.000251 -0.00048 0.001512 -0.000739 0.001307 -0.000377 -0.008162 0.000335 -0.038896 0.001148 -0.010782 0.000273 -0.003523 -0.005986 -0.000451 -0.008881 -0.002083 -0.00734 0.003613 0.004496
20.625641 151.04339 43.606019 830.440844 90.803214 1771.19797 121.044489 2141.004826 113.106658 2121.543812 88.513214 2030.858582 -69.773022 115.787035 -115.179813 706.926913 -102.097934 1369.147579 -111.432984 1672.646258 -83.176129 1558.111625 -72.096432 1478.558323 390.270147 43.392478 -0.007157 0.020292 -0.012615 0.020544 -0.009211 0.02088 -0.01386 0.029139 -0.015188 0.021884 -0.014731 0.019254 -0.012553 0.011199 -0.061693 0.004122 -0.023363 -2.7e-05 -0.010511 -0.004048 -0.006003 -0.013814 -0.009052 -0.012362 -0.002094 0.070473
23.378096 147.769441 47.269305 828.949393 95.322675 1782.002692 126.564471 2153.504191 119.013825 2135.49162 93.664092 2044.511458 -64.738615 114.930981 -108.882758 701.54216 -97.179053 1363.596043 -106.15045 1668.169963 -78.791874 1551.058258 -67.994429 1471.600696 391.478848 46.620257 0.086168 -0.017936 0.073866 -0.00067 0.054878 0.016428 0.061537 0.01819 0.075177 0.022849 0.072832 0.022869 0.094245 -0.001588 0.088504 -0.010293 0.060717 -0.005639 0.064135 -0.002999 0.059349 -0.008001 0.060068 -0.008204 0.000934 0.057891
23.677386 144.289048 48.297114 822.461357 96.109679 1783.010548 127.341361 2157.109527 118.649575 2140.222187 93.379457 2048.688029 -63.702012 115.672835 -106.199768 704.948916 -95.081207 1369.213303 -103.951495 1676.877383 -77.142515 1558.508327 -66.482983 1477.453824 387.133947 46.030636 0.000952 -0.020738 0.005527 -0.012745 0.001618 0.000142 0.001189 0.001508 -0.000279 0.002617 -0.000217 0.002131 0.004183 0.001193 0.016735 0.004126 0.011446 0.005773 0.011508 0.011333 0.008723 0.008925 0.008494 0.005808 -0.012123 -0.001876
24.714728 146.932823 49.361644 826.623129 97.168888 1786.138851 128.709139 2157.643292 119.23742 2144.500043 94.136611 2055.150155 -61.751102 118.492573 -103.241994 711.503517 -92.989928 1381.843006 -102.249942 1689.936539 -75.715641 1571.617903 -64.988141 1490.423002 384.986085 44.423699 0.01112 0.012001 0.005802 0.005252 0.002902 0.001371 0.003653 3.3e-05 0.000726 0.002136 0.001529 0.005088 0.01517 0.016978 0.020886 0.015166 0.011627 0.028991 0.007021 0.025327 0.00666 0.027453 0.008499 0.028337 -0.002987 -0.014275
24.460404 145.018614 50.009878 817.556796 97.505669 1784.686911 128.959934 2157.589857 118.193071 2146.948225 93.376002 2057.338089 -60.771737 119.311043 -102.06987 711.345332 -91.754156 1383.399081 -100.367251 1693.639219 -73.741069 1576.304512 -63.423067 1493.857063 378.64979 43.989673 -0.000658 -0.006275 0.002114 -0.024997 0.000291 -0.000295 0.000122 -0.0 -0.002297 0.000698 -0.001543 0.000582 0.003914 0.001409 0.003346 -9e-06 0.004133 0.000438 0.008747 0.002026 0.013044 0.003489 0.009538 0.001976 -0.026288 -0.001065
26.6822 146.107659 53.111773 819.12889 102.036753 1794.899506 134.832686 2164.982878 123.835489 2158.009048 98.20348 2070.732614 -57.509456 122.917943 -98.291096 714.027804 -87.681537 1384.041625 -95.875036 1693.980689 -70.010064 1575.065674 -60.018971 1493.288092 380.068328 45.796064 0.048284 0.002037 0.046663 0.000755 0.051451 0.014568 0.06538 0.006322 0.06578 0.014209 0.060832 0.021731 0.044997 0.026856 0.035637 0.002524 0.046224 7.5e-05 0.051423 1.7e-05 0.048427 -0.000244 0.046945 -5.4e-05 0.001326 0.018173
30.139501 147.507919 57.740304 830.44531 109.524627 1822.714985 144.408855 2184.760068 135.722408 2183.866409 108.571567 2096.944247 -53.415668 126.829816 -91.745477 727.236983 -82.650377 1417.192938 -90.264154 1726.249576 -66.361879 1603.428911 -56.489176 1521.056841 391.892547 44.742962 0.105277 0.003339 0.096672 0.038817 0.132552 0.106937 0.164248 0.044961 0.272334 0.076995 0.260101 0.082427 0.075568 0.030638 0.112762 0.060532 0.07432 0.196172 0.084585 0.152227 0.048806 0.126552 0.053483 0.127908 0.090562 -0.006125
32.103788 147.718219 60.595389 826.514485 112.945767 1803.895755 148.129982 2161.862579 138.301651 2159.128104 110.941746 2073.209438 -51.365242 127.683479 -88.78607 728.951457 -79.832175 1424.264942 -87.434126 1735.603433 -63.958734 1617.241951 -54.238927 1533.93871 390.362468 39.080905 0.031002 7.5e-05 0.034447 -0.004663 0.026307 -0.048829 0.023668 -0.060311 0.012139 -0.070457 0.012796 -0.067545 0.020064 0.001432 0.024258 0.001009 0.024442 0.008801 0.022537 0.012637 0.022159 0.029621 0.022867 0.027159 -0.001496 -0.191446
35.351956 148.593102 65.35668 827.633834 119.088355 1799.611382 155.281069 2155.333739 144.942898 2151.718552 116.896367 2066.133165 -48.147114 128.360111 -85.189705 731.240671 -75.266795 1436.494324 -82.373113 1753.477837 -59.657629 1635.055846 -50.351461 1549.61187 390.578478 35.41198 0.078249 0.001292 0.090026 0.000379 0.08132 -0.002547 0.084284 -0.004937 0.077869 -0.006368 0.077826 -0.006049 0.052049 0.000894 0.037175 0.001794 0.067206 0.02614 0.075437 0.045785 0.074849 0.048787 0.072271 0.039832 3e-05 -0.090406
37.037374 149.047703 67.715695 829.276172 122.299659 1796.242672 158.936882 2145.682406 148.280041 2142.367754 119.965993 2057.631704 -47.983597 128.809915 -82.431927 735.582669 -73.936004 1444.645554 -81.61222 1755.158741 -60.372096 1639.765558 -50.538874 1554.284845 397.881911 33.543788 0.019623 0.000347 0.020911 0.000814 0.021362 -0.001578 0.021268 -0.010829 0.01899 -0.010181 0.019891 -0.008763 0.000139 0.000393 0.022688 0.006426 0.005935 0.011531 0.001765 0.000403 -0.002126 0.003387 -0.000174 0.003518 0.033826 -0.025312
41.116986 149.97855 73.392407 825.791511 129.844359 1769.731806 167.607114 2097.15169 156.165447 2099.288945 127.090869 2022.30919 -43.394206 130.308865 -76.251727 738.592409 -69.703237 1455.636072 -78.214493 1763.033712 -58.544615 1652.697367 -48.370999 1568.047161 405.944431 26.673272 0.106549 0.001449 0.114232 -0.003668 0.112902 -0.098548 0.115124 -0.277563 0.102137 -0.218763 0.102759 -0.152907 0.115322 0.004336 0.120395 0.003072 0.062379 0.020824 0.03612 0.008814 0.014043 0.025396 0.02376 0.03033 0.040435 -0.393233
44.060504 150.157076 77.185868 812.209041 133.745567 1736.593611 171.536018 2058.885887 160.068147 2060.040895 131.040848 1982.752476 -40.445207 132.931828 -72.472955 745.967082 -66.028866 1492.542835 -74.061163 1812.966774 -54.645911 1706.187192 -44.949206 1614.251642 401.765598 16.659904 0.050875 5.3e-05 0.047791 -0.056315 0.028871 -0.156598 0.022759 -0.176166 0.024083 -0.185179 0.030223 -0.195349 0.051881 0.013068 0.048013 0.018317 0.049743 0.231018 0.056652 0.348634 0.067163 0.425936 0.062755 0.335444 -0.01081 -1.172808
45.59537 149.485143 79.539269 782.347803 131.40327 1618.005006 165.607874 1934.770173 152.092664 1915.808495 124.916544 1840.309937 -40.702394 139.310133 -73.123195 750.200195 -65.3495 1496.011843 -72.142697 1816.823898 -53.446776 1707.743057 -44.027514 1613.353246 385.859851 5.978523 0.013139 -0.000753 0.01767 -0.27963 -0.010346 -2.096772 -0.052123 -1.929114 -0.101901 -2.61703 -0.073279 -2.654537 -0.000408 0.074728 -0.001452 0.005988 0.001757 0.002013 0.012587 0.002049 0.006652 0.000355 0.004774 -0.000125 -0.160621 -2.678305
47.641805 148.978654 84.189915 778.417894 130.410333 1582.937578 167.523013 1900.707317 150.449081 1871.696474 125.812957 1792.164214 -40.16443 154.00588 -72.512032 781.65408 -63.605856 1507.70596 -68.126705 1827.89334 -50.782389 1699.573705 -41.931705 1604.133316 376.047531 4.15027 0.022461 -0.00043 0.066063 -0.004948 -0.001883 -0.192094 0.005505 -0.151259 -0.004464 -0.256889 0.001602 -0.319082 0.001789 0.368375 0.001282 0.322959 0.011789 0.022764 0.057502 0.01681 0.03406 -0.009793 0.025553 -0.01321 -0.063187 -0.166367
48.828033 149.250796 88.061307 747.724507 132.189229 1501.415285 161.507033 1813.375146 139.618089 1776.236604 117.004529 1701.450336 -39.584806 161.96397 -72.179203 791.585529 -62.031279 1513.786221 -66.023151 1837.719872 -49.010588 1704.230193 -40.313855 1607.050683 354.070688 0.74494 0.007293 0.000124 0.043511 -0.30868 0.006025 -1.077543 -0.055003 -1.026897 -0.202283 -1.249221 -0.15982 -1.17792 0.002106 0.100233 0.000383 0.031348 0.009867 0.006118 0.016494 0.013171 0.01573 0.003185 0.015914 0.001325 -0.330831 -1.378563
46.703276 146.863543 89.754537 683.411704 129.402718 1406.851773 156.05493 1723.567866 128.13682 1685.240418 107.429155 1610.021882 -40.460864 165.430581 -72.442818 796.565765 -62.027571 1497.23488 -65.403911 1822.089802 -48.929044 1685.526225 -40.390262 1590.550492 335.427629 -1.2e-05 -0.023632 -0.009623 0.008062 -1.445784 -0.014842 -1.537792 -0.046806 -1.140342 -0.24627 -1.196272 -0.204358 -1.262393 -0.004794 0.018354 -0.00024 0.007809 0.0 -0.045491 0.001459 -0.033376 3.4e-05 -0.051603 -3.6e-05 -0.042572 -0.252087 -0.750961
48.678624 144.412866 94.858853 650.153616 123.314361 1279.137228 131.491425 1587.893016 100.23091 1521.977764 85.234327 1445.285397 -39.185531 174.862031 -69.763911 808.163735 -56.033245 1473.169667 -56.787568 1790.448781 -41.996457 1654.599344 -34.515209 1565.063562 271.986268 -2.769672 0.020457 -0.01031 0.070577 -0.41478 -0.07335 -3.038031 -1.051084 -2.780555 -1.711426 -4.158118 -1.282692 -4.444375 0.010211 0.130725 0.025235 0.041912 0.152274 -0.097486 0.30417 -0.138569 0.264672 -0.143182 0.230754 -0.102927 -3.322152 -2.758098
49.478047 142.797256 110.708888 648.483057 113.743994 1232.86402 109.122654 1541.36281 79.34021 1429.253624 69.668109 1355.38874 -37.889371 177.986911 -68.408501 815.239436 -53.484519 1466.070921 -53.173691 1787.269582 -38.698831 1649.4815 -31.521386 1562.996975 228.86094 -7.886765 0.003255 -0.004544 0.611959 -0.001075 -0.193263 -0.426232 -1.042017 -0.345958 -1.219317 -1.457 -0.784113 -1.443133 0.010899 0.013837 0.006648 0.01542 0.029661 -0.008572 0.059401 -0.001413 0.067407 -0.003964 0.067899 -0.000683 -1.860102 -1.308977
49.394984 138.622948 127.528214 640.99447 98.113601 1158.884397 84.193141 1452.400032 58.878425 1292.726659 54.295832 1226.001938 -37.985484 177.621706 -68.600851 814.808924 -52.303698 1441.595787 -50.33852 1758.436732 -36.786672 1625.893229 -29.95327 1546.978984 188.744446 -19.078185 -3.5e-05 -0.03096 0.594456 -0.021745 -0.577375 -1.144413 -1.614162 -1.322103 -1.522964 -3.426063 -0.95682 -3.24466 -6.1e-05 -0.000188 -0.000135 -5.7e-05 0.00659 -0.103011 0.038835 -0.117233 0.024223 -0.084939 0.020003 -0.041251 -1.931325 -2.432102
52.286241 136.339869 145.769881 607.801397 91.150295 1056.131566 75.307756 1339.674072 51.617162 1169.318199 49.689287 1107.808359 -34.91021 176.545052 -63.942194 810.224317 -48.474691 1432.154295 -46.899451 1751.929212 -34.019786 1591.954976 -27.339036 1497.515576 169.446369 -32.535793 0.041114 -0.009479 0.609462 -0.441215 -0.128139 -2.384595 -0.247683 -2.276502 -0.238847 -3.094831 -0.102085 -2.994822 0.064898 -0.001636 0.081897 -0.006467 0.072767 -0.01551 0.060835 -0.006032 0.054081 -0.178976 0.059675 -0.401838 -0.520234 -1.785316
55.972226 125.586349 173.021366 541.436267 89.253456 902.442895 67.840139 1159.062761 46.652698 985.085481 47.760446 943.264443 -31.051935 173.119697 -61.301432 807.637523 -44.582153 1406.27861 -42.563426 1740.398501 -30.39554 1547.338394 -24.126465 1441.396415 152.361822 -63.2049 0.062768 -0.220839 1.166916 -1.917797 -0.009972 -6.03926 -0.194915 -6.535935 -0.125479 -7.891737 -0.019091 -6.610785 0.112936 -0.016778 0.027843 -0.002068 0.081447 -0.117946 0.10514 -0.019036 0.102038 -0.317068 0.100365 -0.535853 -0.453823 -5.045125
54.126652 111.653186 183.827697 433.296232 69.264472 715.482532 45.337426 934.424529 28.419409 784.67874 31.867886 761.907698 -28.249983 167.344466 -58.894571 792.789391 -42.624422 1377.250153 -40.778445 1722.041166 -28.870518 1521.108913 -22.772681 1414.728463 114.578079 -120.764243 -0.01547 -0.409503 0.16366 -6.017279 -1.265348 -10.838463 -2.259626 -12.087113 -2.247877 -11.383564 -1.602069 -9.671695 0.066232 -0.048986 0.0241 -0.068879 0.021978 -0.151368 0.019117 -0.048664 0.019624 -0.112109 0.019543 -0.124504 -2.68756 -9.236296
55.204621 104.915479 207.966733 323.317924 56.822294 481.769685 31.119629 638.805485 16.062568 546.577967 20.425246 546.173649 -27.744996 168.835215 -61.880819 808.244562 -39.860694 1406.728144 -37.280411 1761.253734 -24.965423 1556.834333 -19.572011 1450.363616 81.0784 -258.4935 0.005314 -0.104834 0.744328 -8.035668 -0.615396 -23.032827 -1.333587 -28.02386 -1.750785 -21.465715 -1.267279 -17.912509 0.002277 0.003305 -0.036924 0.074598 0.046313 0.156067 0.078418 0.220721 0.141819 0.207338 0.121136 0.221618 -2.889186 -25.892369
57.462728 91.205445 222.618561 167.962652 47.374394 279.058333 23.418201 399.319438 10.417616 357.5669 15.053545 361.713018 -25.58366 167.244706 -55.947435 807.820644 -36.750349 1412.035876 -34.600775 1773.017097 -22.53223 1569.46458 -17.425486 1467.938828 63.591786 -428.781054 0.022631 -0.479794 0.249356 -25.21047 -0.429222 -27.501774 -0.546508 -28.001273 -0.608681 -19.977034 -0.409011 -18.936457 0.043816 -0.003764 0.149486 -5.6e-05 0.063165 0.004997 0.049964 0.019576 0.062364 0.025513 0.062321 0.052923 -1.060712 -21.430382
59.363811 82.462776 231.523266 105.024363 44.506211 166.224691 19.918627 249.600518 9.247495 228.688566 14.290483 241.227714 -23.613477 164.171413 -53.300725 812.879822 -34.924122 1436.56413 -34.233057 1805.676124 -20.821493 1610.363904 -15.732045 1506.925183 57.821223 -625.344413 0.015469 -0.220198 0.087309 -7.354407 -0.044778 -14.533049 -0.141531 -17.507765 -0.034843 -14.341271 -0.009923 -12.160893 0.039466 -0.01425 0.032065 0.007896 0.023269 0.105604 0.000982 0.149026 0.033766 0.263037 0.043272 0.255474 -0.13721 -18.488781
59.13235 72.788864 234.436113 25.001144 34.173204 74.563935 12.641605 129.563598 5.850369 134.085755 10.579068 145.591897 -22.025298 159.703443 -53.005228 802.602648 -33.343416 1416.902822 -33.015706 1783.496081 -19.542094 1608.89179 -14.588887 1510.276502 46.777359 -814.043811 -0.000226 -0.30169 0.009105 -27.541767 -0.681471 -18.128642 -0.823602 -19.50238 -0.387153 -12.552225 -0.278496 -12.008723 0.027642 -0.03082 0.000411 -0.03269 0.018303 -0.067737 0.011019 -0.068534 0.020282 -0.000337 0.021557 0.001861 -0.584658 -12.422563
65.625741 66.62137 260.691816 4.161267 42.956421 8.391506 16.88536 16.688453 10.162749 23.982695 15.91209 36.68115 -19.350166 157.076391 -52.091784 800.610139 -31.12884 1374.234628 -30.406188 1710.487865 -17.607692 1557.88812 -13.123839 1492.811115 54.524325 -1195.283926 0.169098 -0.136491 0.696635 -8.762761 0.501731 -32.927301 0.306558 -53.252781 0.591597 -44.653499 0.542356 -36.115896 0.086571 -0.010893 0.00397 -0.001238 0.038046 -0.326154 0.053708 -0.762851 0.050397 -0.410755 0.038752 -0.050788 0.296656 -36.498822
76.529657 54.273787 276.852657 -1.240469 46.999266 -9.04718 18.058083 -9.617736 15.088763 -3.072464 21.993197 -0.12649 -13.591642 155.991051 -42.955093 803.634553 -24.82722 1382.9626 -24.108024 1709.315649 -13.033262 1591.410894 -9.261819 1530.415719 56.16883 -1734.334023 0.418805 -0.632211 0.242986 -9.945709 0.090894 -34.865041 0.019684 -51.644315 0.485139 -44.223264 0.490973 -41.115686 0.507226 -0.001881 0.440166 0.002851 0.355968 0.013814 0.365044 -0.000201 0.343386 0.178422 0.335658 0.233883 0.012216 -50.019658
67.679747 38.800308 253.490092 -22.096912 30.823511 -54.385818 8.1846 -62.284333 7.011062 -36.925407 12.556217 -20.657704 -16.117438 146.878279 -47.683654 803.36963 -28.505363 1375.744188 -28.568312 1686.359558 -16.539089 1580.66774 -12.073895 1517.763703 45.086778 -2100.777585 -0.271809 -1.295238 -0.514832 -12.866366 -1.699656 -19.069126 -1.928228 -22.951715 -1.529142 -18.695104 -1.313809 -17.551238 -0.107563 -0.137124 -0.123427 -2.2e-05 -0.126985 -0.009444 -0.189174 -0.077597 -0.208545 -0.018192 -0.18613 -0.026257 -0.608272 -17.546918
61.596772 39.097526 224.685951 -33.004028 22.167743 -129.855294 4.030496 -163.580033 3.503503 -124.32106 7.459817 -89.643977 -16.065506 143.545254 -44.92719 783.791404 -28.568694 1408.604847 -30.713578 1721.257174 -18.731228 1621.954041 -13.039611 1551.322356 38.436571 -2644.368739 -0.143193 0.000567 -0.868333 -1.090308 -0.71171 -16.166291 -0.72806 -23.988431 -0.602294 -25.738449 -0.659683 -24.235689 4.2e-05 -0.019126 0.041031 -0.120757 -3.5e-05 0.193916 -0.038829 0.178699 -0.068189 0.26613 -0.018575 0.183478 -0.265169 -31.238996
61.607953 25.925864 203.287257 -53.402208 16.951309 -181.317961 1.951697 -226.788568 2.086496 -183.658794 5.25357 -141.465773 -14.701775 121.363141 -41.98765 720.440706 -27.139041 1392.799301 -29.929657 1710.271187 -18.122831 1615.521125 -12.33794 1533.571523 32.507818 -2888.591984 1e-06 -1.348053 -0.535303 -2.442245 -0.34936 -4.28502 -0.372806 -5.151356 -0.18258 -5.770285 -0.192896 -5.884933 0.030238 -0.930344 0.049723 -1.334599 0.018348 -0.044588 0.005067 -0.017586 0.005022 -0.006391 0.009702 -0.051071 -0.248164 -5.392599
60.141449 26.140968 205.043651 -49.307638 16.07645 -242.810882 1.419082 -305.301573 1.23633 -266.128555 3.764687 -209.157723 -14.087362 119.741846 -34.256322 706.61348 -22.758604 1365.163395 -28.45644 1662.250511 -18.650391 1582.344537 -11.960376 1496.990187 29.490478 -3146.328346 -0.008833 0.000444 0.003777 0.081648 -0.011589 -4.481496 -0.042345 -5.824404 -0.110601 -7.625164 -0.123754 -6.59641 0.006557 -0.005451 0.393001 -0.06699 0.192648 -0.138465 0.018589 -0.341896 -0.003784 -0.172102 0.002934 -0.220791 -0.073468 -5.50615
63.421595 23.61423 207.51442 -65.687126 16.431565 -254.228134 1.392074 -314.38024 1.537852 -269.524044 4.301242 -213.838745 -12.919208 114.184762 -31.877544 700.889667 -21.631978 1396.312599 -28.066947 1706.359538 -18.99055 1619.69477 -11.819959 1535.481 31.336666 -3210.652405 0.043546 -0.0642 0.007399 -1.172499 0.00194 -0.131147 -0.00013 -0.066507 0.016435 -0.010762 0.017866 -0.025902 0.025276 -0.066015 0.042795 -0.011638 0.014299 0.175686 0.001342 0.288797 -0.001537 0.217844 0.000415 0.24429 0.028024 -0.325445
66.273828 28.11525 209.585331 -54.847766 16.51527 -224.464298 1.385563 -279.634591 1.654218 -235.929485 4.522066 -185.981555 -11.739726 114.849395 -27.856846 713.529372 -19.656986 1417.097575 -26.65102 1720.491408 -19.052732 1643.148316 -11.561709 1558.980624 31.935015 -3124.336226 0.031367 0.196191 0.005141 0.488366 0.000106 0.926215 -8e-06 1.017058 0.002122 1.117653 0.002764 0.971645 0.028225 0.000964 0.135469 0.056477 0.047262 0.076779 0.018323 0.029139 -5.1e-05 0.084294 0.001426 0.08923 0.002829 0.58807
63.546544 27.948184 209.063429 -58.149013 16.044609 -193.288215 1.175172 -234.207328 1.439562 -192.4176 4.204176 -149.762306 -14.033342 114.054549 -29.729061 708.863088 -23.381122 1400.838941 -30.671707 1701.816935 -22.285457 1627.743171 -14.141979 1543.642666 35.053091 -2939.457754 -0.028651 -0.000249 -0.000325 -0.048234 -0.003402 1.16493 -0.008658 2.011985 -0.007456 2.215719 -0.005792 1.95934 -0.10226 -0.00138 -0.030442 -0.007654 -0.16143 -0.046904 -0.141182 -0.050951 -0.126596 -0.036278 -0.129838 -0.037912 0.072607 2.819027
62.978312 25.045481 214.622126 -67.834002 16.795812 -190.670372 1.423189 -231.043519 1.816246 -187.677083 4.887487 -145.047578 -14.20007 106.737913 -30.33133 696.474476 -25.161084 1375.579489 -32.112333 1671.088192 -23.594741 1598.557225 -15.226815 1516.02239 38.50356 -2881.70235 -0.001276 -0.079557 0.036466 -0.37282 0.008593 0.008924 0.011864 0.010757 0.021864 0.029563 0.025714 0.037702 -0.000492 -0.121263 -0.00302 -0.054606 -0.032645 -0.114906 -0.01653 -0.13998 -0.018685 -0.132014 -0.020043 -0.12467 0.080974 0.286521
59.996855 24.973197 213.995185 -67.940425 17.859925 -160.594417 1.817379 -187.646994 2.260128 -151.895947 5.622438 -116.530549 -17.184948 105.75742 -38.015136 693.336394 -30.017373 1368.367608 -36.376995 1673.332544 -25.714066 1599.948788 -17.162693 1515.995933 43.221106 -2737.797545 -0.036147 -5.2e-05 -0.000459 -4.2e-05 0.016341 1.289949 0.024064 2.255059 0.024239 1.890408 0.025729 1.559098 -0.142261 -0.002262 -0.433297 -0.003543 -0.214118 -0.009477 -0.132904 0.000753 -0.045566 0.000303 -0.057904 -0.0 0.136274 1.842868
58.13347 25.612249 214.019687 -54.014406 20.617142 -131.250607 3.18557 -157.404394 3.744026 -125.363215 7.5866 -94.228035 -18.414659 104.168195 -43.051051 693.268752 -32.05774 1371.263903 -37.08382 1681.233605 -26.143985 1606.12085 -17.927017 1521.77849 49.675255 -2628.92147 -0.014697 0.004037 1e-06 0.797715 0.098916 1.478947 0.190719 1.327887 0.186258 1.272465 0.14685 1.18335 -0.021245 -0.006016 -0.156569 -2e-06 -0.033542 0.001531 -0.003401 0.009305 -0.001782 0.005941 -0.008325 0.005504 0.224478 1.104513
55.503957 29.136208 209.46782 -33.824582 24.085553 -121.70802 5.549537 -151.878501 5.564248 -124.092912 9.713355 -92.554414 -20.082911 104.43287 -50.452977 692.070256 -33.579043 1356.221416 -38.154841 1669.282447 -25.443904 1581.636637 -18.645423 1501.300732 54.805309 -2591.776717 -0.030427 0.11353 -0.024464 2.351803 0.134757 0.180056 0.32596 0.049369 0.179706 0.003234 0.131223 0.007498 -0.036163 0.000168 -0.293435 -0.000518 -0.017632 -0.041481 -0.007623 -0.021315 0.00475 -0.094029 -0.007057 -0.069357 0.12602 0.132142
53.320047 32.098183 211.277428 -12.715739 31.025934 -113.673952 10.129031 -150.906619 8.785025 -128.427244 13.124314 -93.666515 -21.419512 102.28207 -53.192295 686.523834 -33.306427 1296.501832 -38.316899 1609.633024 -24.354983 1503.138947 -18.953762 1426.839695 62.394691 -2510.30163 -0.021916 0.071679 0.003892 5.062396 0.43876 0.13715 0.683711 0.00156 0.366132 -0.037201 0.256161 -0.003321 -0.021528 -0.011189 -0.036206 -0.011157 0.000556 -0.672305 -0.000172 -0.542611 0.011907 -0.99892 -0.001264 -0.946905 0.245986 0.650579
51.117007 40.270647 207.370711 0.049531 37.633969 -82.186125 14.763981 -122.106206 12.189095 -112.102383 16.465868 -76.007661 -22.804008 107.75374 -58.752078 691.948739 -35.13978 1216.608603 -37.260652 1529.200411 -22.389519 1401.023663 -17.972346 1331.320828 67.618467 -2305.737151 -0.023239 0.462931 -0.018229 14.352492 0.318728 2.54767 0.435308 1.523343 0.278081 0.554628 0.189283 0.921425 -0.021677 0.071284 -0.13815 0.010675 -0.024558 -1.270247 0.007381 -1.030712 0.041339 -1.795829 0.013044 -1.654471 0.104985 4.346468
50.106493 51.622772 205.830905 18.440117 47.02767 -58.648917 22.787047 -106.455018 17.476679 -104.877447 20.747906 -65.890951 -23.4986 114.153173 -62.032265 689.08888 -36.225876 1080.584473 -34.296278 1362.818535 -21.018544 1218.796075 -17.575493 1162.150275 76.82716 -2038.72379 -0.005044 0.703893 -0.002869 16.57826 0.522757 1.98077 0.867106 0.536503 0.475029 0.12032 0.247179 0.361097 -0.00521 0.092294 -0.044549 -0.002961 -0.008265 -4.030748 0.061429 -4.790057 0.021655 -6.345314 0.002215 -5.745341 0.293835 8.21317
51.602346 60.726395 203.910919 74.830576 66.658934 -27.297664 41.221316 -74.532491 34.493677 -86.063826 35.159994 -48.731702 -23.407818 113.81622 -61.39555 684.294861 -28.978804 885.545681 -20.790118 1092.936955 -12.484783 914.000515 -11.222471 882.920393 88.482486 -1561.000635 0.011001 0.36944 -0.004498 18.977097 1.707778 5.922124 2.711966 2.837486 2.864962 0.929122 1.889523 1.291665 8.8e-05 -0.000249 0.001642 -0.008367 0.403984 -9.697775 1.68139 -14.874715 1.105058 -21.891343 0.7095 -19.152429 0.411397 31.840385
54.51341 60.143575 207.393543 212.291436 87.144716 -1.690654 63.644509 -30.455213 54.821107 -48.537998 51.686815 -19.614779 -24.990148 114.704632 -63.632812 740.978633 -19.960387 832.153364 -9.626611 970.84475 -5.353154 761.094011 -5.396669 746.682573 94.43595 -1194.037937 0.039937 -0.001405 0.014744 35.043529 1.370401 15.401427 2.425395 9.700708 2.343949 5.336735 1.587015 6.512459 -0.025873 0.001727 -0.020018 1.127616 0.838125 -0.830014 2.122675 -3.61462 1.487651 -6.993428 1.05457 -5.704852 0.09691 24.548522
55.926572 68.963987 201.636755 282.875962 84.854834 3.570233 63.780388 -4.883771 53.946835 -13.330425 50.622172 -1.716529 -25.78808 126.245755 -64.901055 832.376903 -8.442484 809.765787 -1.06178 906.195155 -0.235002 689.882856 -0.621156 685.986077 61.302972 -895.009339 0.009042 0.30165 -0.040513 5.056618 -0.015244 10.174553 7.2e-05 10.947486 -0.003514 10.99477 -0.00554 9.726251 -0.00627 0.276559 -0.006257 2.656966 2.440186 -0.152634 4.294224 -1.113671 3.344941 -1.748507 2.356037 -1.286313 -3.565279 21.512411
58.006201 77.450018 174.134821 496.704091 67.273659 59.595816 47.576331 13.868841 43.320538 2.444574 40.233096 13.063405 -23.436116 130.075727 -58.701057 863.382099 -6.225277 790.405708 -0.339968 869.649027 -0.054049 650.614047 -0.237067 646.07525 46.434942 -573.297125 0.018981 0.246128 -1.007756 29.898394 -1.019325 33.992709 -1.185274 35.212533 -0.582195 27.19204 -0.595937 24.250671 0.056221 0.028615 0.155597 0.283473 0.168547 -0.117121 0.200131 -0.376092 0.063648 -0.575298 0.090745 -0.598032 -1.030839 35.677718
59.661542 93.357572 142.275858 705.774619 38.991677 155.604702 20.992373 80.156407 21.553567 42.221526 20.328546 68.455195 -22.888908 137.953633 -55.585828 903.080986 -3.704101 794.561279 0.003439 863.452156 0.153764 644.9531 0.021119 641.253753 18.066367 -357.138847 0.011644 0.74236 -1.608004 18.314633 -3.83267 22.603642 -5.363005 27.341623 -3.760698 24.347277 -3.364427 21.710308 0.003232 0.115799 0.042465 0.446146 0.325409 0.005448 0.411791 -0.011079 0.39014 -0.012368 0.399703 -0.009029 -6.573399 25.457134
54.944128 98.221615 113.612 722.239899 18.31726 195.41127 6.596464 120.7911 5.203578 74.689108 5.617606 103.655569 -27.412885 144.860028 -59.030503 909.440864 -3.422015 786.148388 -0.000121 854.296126 0.231476 637.665285 0.065222 632.926613 3.240056 -275.883768 -0.097131 0.061757 -1.610492 0.094927 -3.859122 2.264413 -4.05372 4.151363 -5.57643 4.598781 -4.573481 3.63807 -0.203849 0.084341 -0.051775 0.011158 0.005585 -0.022388 -0.00485 -0.024402 0.00792 -0.020705 0.012113 -0.02721 -6.004653 5.23663
54.67407 90.551548 97.471064 680.772807 5.839532 247.156189 -0.000169 193.611698 0.09443 127.257298 0.317568 157.128463 -26.374895 140.469672 -64.438554 864.395222 -2.323725 769.300367 0.148054 861.151051 1.252214 652.559563 0.589714 645.014407 -0.658904 -203.473329 -0.000333 -0.155886 -0.618031 -0.612929 -3.47209 3.035413 -6.663347 8.549435 -3.896047 6.961955 -3.263864 5.541087 0.010016 -0.033779 -0.118495 -0.572048 0.105945 -0.091248 0.156638 0.013696 0.406921 0.085972 0.262701 0.057169 -6.821209 5.500626
57.02223 77.578272 94.44209 607.429824 0.524253 246.573496 -3.937014 214.211216 -3.211922 137.553129 -1.712759 166.370809 -24.658578 122.598244 -65.341984 807.54741 -0.881183 739.13922 1.042047 847.549453 3.916568 647.891078 2.393688 636.815315 -14.222068 -188.386604 0.024685 -0.501271 -0.023905 -2.089562 -2.864417 -0.000344 -3.885642 0.520583 -4.407809 0.200227 -3.505344 0.132053 0.028869 -0.607747 -0.003145 -0.966722 0.343002 -0.301565 0.404533 -0.054137 0.739615 -0.00838 0.607194 -0.026223 -8.758562 0.290529
52.070836 75.916958 88.017181 545.927537 -0.095481 220.096238 -9.061223 194.983817 -8.73103 126.63764 -5.779079 154.066023 -26.840719 121.595438 -73.922782 788.990849 -1.396938 710.333359 0.624623 816.188497 3.384541 624.661194 1.841589 615.454092 -22.987652 -188.78441 -0.112422 -0.008991 -0.113155 -1.640959 -1.067198 -0.75172 -1.052667 -0.451981 -1.351751 -0.225592 -1.199567 -0.236339 -0.046252 -0.002059 -0.264604 -0.107845 -0.05915 -0.286263 -0.053119 -0.295599 -0.01941 -0.212043 -0.036139 -0.182203 -1.047201 -0.00021
47.827613 74.178367 84.115224 511.656241 -0.747556 175.111344 -12.051579 142.457567 -11.745812 90.971754 -8.498116 118.707365 -25.63014 122.624183 -71.004485 782.056075 -1.533464 697.946965 0.341387 801.847002 3.034832 620.366016 1.641669 612.533598 -26.721593 -236.21343 -0.090157 -0.01007 -0.044231 -0.555431 -0.308707 -2.568572 -0.212846 -4.113196 -0.223147 -2.942692 -0.261306 -2.301418 0.013967 0.002167 0.029385 -0.015306 -0.003182 -0.054473 -0.042455 -0.063559 -0.009533 -0.007409 -0.005742 -0.003473 -0.140437 -2.65479
50.973921 75.688258 85.028535 499.837799 -0.005285 165.575966 -6.420744 128.725707 -5.914352 80.608877 -4.156708 107.286863 -23.628656 121.057539 -65.192034 786.459098 -1.307136 699.154634 0.497741 801.942198 2.961248 615.550802 1.656127 607.058219 -17.245514 -250.653859 0.050109 0.007606 0.002466 -0.069047 0.627127 -0.133467 0.879131 -0.347892 0.990567 -0.313227 0.767993 -0.288749 0.040679 -0.005036 0.124085 0.00618 0.009031 0.000522 0.014695 3e-06 -0.000452 -0.00938 3.2e-05 -0.012291 1.033316 -0.214198
46.803371 77.211477 89.116673 501.170471 -0.033352 117.232296 -5.974195 72.059441 -3.717753 44.033565 -3.246518 68.240988 -27.003982 123.185789 -65.932809 798.112167 -1.902573 692.571333 0.236189 782.085079 1.66536 601.209541 0.807696 599.304988 -10.359617 -319.830141 -0.088985 0.007587 0.047992 0.000887 -0.012084 -4.162604 0.008046 -8.162174 0.253811 -5.487145 0.056165 -4.397941 -0.11263 0.009273 -0.002092 0.042849 -0.055714 -0.015571 -0.048187 -0.124468 -0.185192 -0.084519 -0.150689 -0.024915 0.87261 -4.209653
47.453032 83.062229 103.976412 532.7574 7.090402 156.465843 0.485031 109.483336 0.490158 68.39662 0.646236 94.930619 -26.953116 131.516988 -64.511158 830.982336 -3.321794 689.549277 -0.000204 757.027179 0.461447 573.01487 0.125188 574.942668 0.000433 -245.470684 0.002239 0.106826 0.572625 0.48261 8.096338 2.826583 9.863734 3.899224 6.907755 2.671413 6.78966 2.197581 2.4e-05 0.136291 0.007747 0.331644 -0.196463 -0.003304 -0.250277 -0.203994 -0.373552 -0.338544 -0.296916 -0.252752 10.494035 4.911948
49.210041 88.86303 121.548579 575.689524 24.190595 209.922601 9.148199 167.154301 7.18357 108.031726 7.603996 138.043188 -28.409179 139.751091 -63.464656 865.46014 -3.857647 700.98072 -0.006108 753.971397 0.30416 565.81857 0.065153 573.089066 4.531412 -179.375396 0.01597 0.097888 0.685625 0.831731 5.087788 3.920698 5.420317 6.078139 3.920816 4.509703 3.816735 4.02381 -0.019151 0.124998 0.004279 0.350393 -0.020025 0.046989 -0.00408 -0.00309 -0.016331 -0.022737 -0.009716 -0.001496 4.443231 5.172868
49.999004 94.226965 139.769412 587.378331 26.3498 232.111244 9.327474 194.953856 7.12759 128.361057 8.165598 159.347657 -30.571174 146.367936 -66.800281 881.588857 -4.690201 698.555395 -0.081653 743.518873 0.130753 552.673583 0.010404 562.579548 5.327589 -148.336732 0.003137 0.07859 0.636013 0.058738 0.046144 0.55725 0.00087 1.068683 -0.000109 0.875764 0.010003 0.764086 -0.039639 0.076521 -0.042714 0.074452 -0.040642 -0.002101 -0.043095 -0.03648 -0.036066 -0.077245 -0.023486 -0.048629 0.032201 1.473197
49.669752 99.789933 146.281632 587.910921 19.447247 241.77403 4.295162 210.326094 2.847575 142.037715 3.998693 172.110434 -33.45985 153.145201 -74.056905 897.658597 -5.640006 694.238032 -0.280453 736.977302 0.053687 547.441998 -0.000511 559.678893 2.119272 -131.779398 -0.000544 0.079769 0.074138 0.000121 -0.523166 0.098525 -0.963566 0.291639 -0.964871 0.346101 -0.735954 0.245806 -0.065193 0.076686 -0.187046 0.072571 -0.043757 -0.006691 -0.059452 -0.014452 -0.016872 -0.012439 -0.015528 -0.003749 -0.72656 0.48977
49.157789 102.544822 144.063032 539.884991 14.866946 270.191822 2.45534 262.65122 0.650637 189.135579 2.326851 217.395163 -32.667262 155.939391 -78.914668 889.987849 -5.371055 710.217238 -0.217043 766.351721 0.136397 576.969911 0.003957 586.094232 0.191233 -105.422394 -0.001326 0.018755 -0.008477 -1.023029 -0.307066 0.789304 -0.255555 2.903255 -0.775906 3.366122 -0.224933 2.641405 0.00475 0.01263 -0.077151 -0.016458 0.003285 0.090905 0.004058 0.287009 0.018938 0.38778 0.007312 0.304538 -1.037282 1.468895
47.847855 100.64003 133.087597 529.1812 5.051218 277.948041 -0.291591 275.346945 -1.374807 198.094777 -0.156994 226.057601 -31.86866 154.767441 -80.193232 884.383388 -6.233474 710.099697 -0.451008 765.874274 0.044145 578.618992 -0.009982 586.849159 -1.91166 -99.598121 -0.008845 -0.008929 -0.217404 -0.053586 -2.586553 0.054878 -4.439212 0.149818 -3.917005 0.103657 -3.69265 0.084614 0.004941 -0.00221 -0.005137 -0.008851 -0.032091 -5e-06 -0.042309 -7.4e-05 -0.025349 0.001177 -0.026508 0.000243 -3.312143 0.082745
46.818501 98.309829 115.225107 524.981259 0.13174 250.74965 -6.224637 238.59074 -8.251872 169.522569 -4.6838 200.093469 -30.479296 151.351873 -84.071333 867.814223 -6.974054 716.491145 -0.674507 793.107285 0.031472 605.873806 -0.036395 611.319095 -9.30257 -134.430591 -0.005597 -0.013647 -0.643307 -0.008367 -3.551461 -0.700062 -3.821755 -1.316065 -2.89029 -1.112036 -3.125768 -0.791695 0.015482 -0.019055 -0.045785 -0.078343 -0.020779 0.014318 -0.022414 0.237878 -0.001069 0.313604 -0.008256 0.249898 -2.780167 -2.606723
46.230096 88.147354 98.691445 500.088357 -0.222525 217.723002 -10.329174 196.886076 -12.037244 135.495852 -8.173894 164.966709 -28.763585 137.488614 -86.299187 822.574351 -7.759297 692.767736 -1.038448 778.522666 0.005281 589.299012 -0.072014 592.021222 -12.546799 -159.648611 -0.00186 -0.277149 -0.639902 -0.302296 -0.6967 -1.165616 -0.516934 -2.001582 -0.356249 -1.903889 -0.482738 -1.693911 0.024849 -0.332884 -0.014567 -0.605486 -0.02094 -0.199694 -0.039109 -0.067674 -0.010969 -0.114936 -0.006019 -0.154749 -0.242197 -1.083249
45.206926 85.817467 94.90832 501.143651 -0.147111 214.281361 -9.324871 194.435136 -10.099895 131.657017 -7.082373 164.954078 -30.249582 133.562478 -87.728873 821.380019 -9.351154 686.574904 -1.816937 764.404923 -0.087047 579.33093 -0.350223 582.648253 -8.311667 -158.636674 -0.005725 -0.015603 -0.036966 0.000556 0.007775 -0.013709 0.025676 -0.007675 0.084937 -0.027582 0.039097 -0.0 -0.018712 -0.028436 -0.005873 -0.000434 -0.074209 -0.013902 -0.108172 -0.06459 -0.135211 -0.042513 -0.104614 -0.037395 0.434479 0.001609
49.332837 85.828677 94.273142 505.40007 0.005706 177.697021 -6.653381 143.732273 -6.918083 88.727782 -4.754614 118.680092 -29.030358 132.496763 -85.665193 814.223745 -8.781015 675.150506 -1.587571 759.48059 -0.027099 574.144024 -0.210725 575.245698 -6.079212 -211.462786 0.090075 0.0 -0.001066 0.009 0.210761 -1.710989 0.224913 -3.822653 0.300094 -4.221573 0.231135 -3.800182 0.012539 -0.002134 0.012281 -0.015656 0.008966 -0.047924 0.007735 -0.007956 0.017009 -0.011662 0.017622 -0.023663 0.174215 -3.789465
46.934358 89.014352 95.124918 524.894951 1.191635 153.533213 -1.294295 107.040793 -0.903649 64.345669 -0.696098 91.923861 -30.818315 134.439229 -80.244588 824.273952 -8.556093 687.826471 -1.526858 766.77716 -0.034296 579.925598 -0.230073 581.601031 -0.585857 -257.925823 -0.029883 0.029024 0.001915 0.184454 1.032425 -0.882571 2.078626 -2.698751 2.821124 -1.954313 1.812208 -1.70654 -0.026713 0.007068 0.088575 0.030823 0.001459 0.058946 0.000592 0.017441 -0.000423 0.014482 -0.000425 0.017457 2.890655 -2.305263
47.364221 91.101078 101.487669 528.624526 4.069913 156.220944 -0.016577 111.86251 -0.020996 69.613642 -0.000172 98.146961 -30.294805 138.319036 -79.280015 835.03485 -8.299334 689.947359 -1.340237 760.465663 -0.03474 574.075901 -0.229979 579.925454 0.001721 -243.872012 0.00098 0.012088 0.102982 0.006602 0.857073 0.011661 1.017917 0.05311 0.649162 0.103622 0.674389 0.101902 0.002242 0.027595 0.002916 0.034893 0.001956 0.001632 0.00608 -0.013042 -1e-06 -0.014826 0.0 -0.001209 0.651089 0.196841
49.803425 96.876099 110.684682 584.63051 19.524128 198.012489 6.125371 170.713652 4.850975 113.102981 5.115643 144.545194 -30.064907 145.11352 -76.380601 854.305882 -7.168449 695.582076 -0.670777 757.264665 -0.000563 563.702624 -0.090046 572.760642 4.956076 -171.804824 0.030621 0.088731 0.199425 1.409676 5.765804 2.473868 6.779258 6.196296 5.510248 5.251016 5.175132 4.476525 0.000438 0.081451 0.027005 0.10992 0.041396 0.011458 0.114702 -0.003376 0.026457 -0.047288 0.032215 -0.022268 4.773075 6.294921
51.28142 102.906929 130.189141 592.257204 20.906573 224.880854 5.975564 199.406063 4.507666 134.449803 5.295184 167.64076 -31.665346 151.043024 -75.346865 879.685276 -6.595775 729.542501 -0.474224 797.882333 0.005516 598.593857 -0.037881 604.310552 4.197811 -165.660804 0.010806 0.091047 0.790973 0.024712 0.023642 0.854399 -0.000927 1.113822 -0.006299 0.9221 0.001548 0.855479 -0.02075 0.059365 0.003522 0.185741 0.011918 0.404692 0.016996 0.530521 0.009604 0.523822 0.011119 0.422904 -0.03146 0.055935
52.597365 107.783069 137.139806 576.29019 15.651626 258.036781 2.145584 251.995463 1.984803 176.819417 2.9527 205.218485 -32.267081 156.048974 -80.07158 863.605064 -6.584865 755.968948 -0.576791 841.335839 0.046187 641.346281 -0.0083 644.069544 1.425444 -144.660017 0.008336 0.056433 0.090375 -0.109092 -0.37965 1.139546 -0.959843 3.073864 -0.510219 2.897134 -0.339638 1.898423 -0.002832 0.040804 -0.071832 -0.074164 5e-06 0.235075 -0.005017 0.576049 0.01978 0.737259 0.010718 0.633292 -0.730916 0.711424
50.982901 113.727022 131.270001 578.527522 10.285124 315.406578 0.378347 329.073552 0.445398 241.839096 2.679271 271.622679 -31.984077 163.369049 -81.656326 880.132597 -6.676863 806.822454 -0.625801 912.741895 0.064142 709.324487 -0.004569 708.034787 0.171494 -122.810053 -0.012583 0.079764 -0.064191 0.002167 -0.561257 2.87698 -0.72196 5.134845 -0.549747 5.079752 -0.006641 4.646312 0.000623 0.083888 -0.007765 0.078328 -0.000319 0.82761 -0.000999 1.454023 0.001471 1.71173 0.000553 1.513879 -0.608091 0.893969
49.760151 113.933699 124.044579 577.155047 5.608822 340.612059 -0.232748 360.977342 -0.941253 265.170432 -0.005866 293.160246 -32.381181 162.500031 -81.651532 881.702656 -6.232462 852.464546 -0.455008 992.785533 0.260071 778.119585 0.016321 764.890649 -2.190854 -134.809293 -0.007421 9.4e-05 -0.10226 -0.000815 -0.703498 0.4844 -1.204592 0.737914 -2.681613 0.53711 -2.935866 0.410809 -0.001225 -0.001159 0.0 0.0007 0.007651 0.627858 0.01358 1.6819 0.065899 1.591757 0.038161 1.097745 -3.588264 -0.279598
46.47122 115.341455 115.287498 567.343319 2.88876 336.669535 -1.232218 357.535004 -3.125262 269.809756 -1.078057 299.90254 -33.409428 159.961911 -83.230661 860.396646 -6.096536 878.00327 -0.495749 1052.920264 0.447329 846.458678 0.074494 827.105605 -5.937349 -160.480154 -0.05622 0.004322 -0.160263 -0.042059 -0.447106 -0.011475 -0.393898 -0.008246 -0.63626 0.020116 -0.924879 0.038326 -0.008036 -0.009989 -0.007562 -0.130292 0.000749 0.188464 -0.000873 0.884039 0.025235 1.438004 0.021078 1.21614 -0.91492 -1.117959
45.988871 118.470644 115.640272 565.246344 3.536705 332.816723 -0.540163 342.820335 -1.855325 257.353033 -0.687956 288.75763 -34.213704 160.111963 -84.434667 840.399047 -6.170255 880.020668 -0.546543 1054.603986 0.471981 850.706034 0.088786 833.759732 -4.198861 -172.256144 -0.001258 0.02094 0.000269 -0.001941 0.032753 -0.011086 0.140696 -0.154597 0.164623 -0.147195 0.043624 -0.105511 -0.004783 3.5e-05 -0.004323 -0.117568 -0.000222 0.001158 -0.001238 0.000673 0.000331 0.005315 0.000627 0.01333 0.150199 -0.208449
47.183123 125.410536 116.920213 637.337508 5.015647 320.346806 -0.012018 303.488064 -0.386589 217.78765 -0.059661 252.701717 -35.12307 160.475925 -84.474928 841.733702 -6.22089 844.784159 -0.430688 986.06207 0.421382 773.840644 0.060557 765.086334 -1.615192 -170.573033 0.007654 0.098761 0.003522 2.162765 0.128846 -0.119046 0.391042 -1.197929 0.548104 -1.650188 0.342429 -1.20182 -0.005964 0.000207 -5e-06 0.000529 -0.000103 -0.359966 0.006892 -1.151418 -0.001434 -1.819461 -0.002692 -1.475506 0.605611 0.004132
47.953544 127.559044 118.521901 741.120121 18.166781 330.056818 5.004147 300.600103 4.129278 212.724754 4.389108 251.660814 -35.254812 161.105436 -85.122216 879.112411 -6.721247 835.217778 -0.455965 952.175217 0.186454 739.854347 0.003541 734.514501 2.560831 -159.142692 0.00312 0.009124 0.005448 3.912394 4.091261 0.072485 5.506625 -0.006903 7.042789 -0.029771 5.472215 -0.001074 -0.000123 0.000616 -0.001235 0.406002 -0.009676 -0.027237 -0.00036 -0.29625 -0.047235 -0.381587 -0.034812 -0.311661 8.24357 0.198189
48.443696 130.8841 120.573775 786.146048 44.246812 396.223655 24.576069 341.405762 22.153124 222.356198 21.015757 265.158979 -37.238934 161.809488 -92.461829 892.082336 -12.873786 810.0662 -2.351108 880.670948 -0.97201 648.94821 -1.56489 654.072548 32.405878 -111.57378 0.001246 0.02139 0.008805 0.663858 5.710078 3.020302 7.400742 1.298109 7.153743 0.106619 6.196489 0.176301 -0.027157 0.000768 -0.151739 0.047488 -0.990959 -0.192258 -0.736302 -1.395318 -2.009897 -2.978392 -1.717302 -2.331991 16.747382 4.21205
48.053234 135.394297 122.050425 791.401743 61.909143 461.314738 41.199391 409.385236 36.706388 268.351562 34.368222 311.737123 -39.026112 163.291426 -100.380986 894.908057 -30.894202 729.198018 -14.723288 748.818544 -12.031309 524.494367 -11.926182 541.987988 90.767492 -42.515648 -0.00079 0.038199 0.004494 0.008755 1.47965 2.473924 2.13525 3.083894 1.82755 2.160391 1.63366 1.883416 -0.020943 0.003378 -0.16267 0.002234 -3.881883 -2.12575 -5.307316 -5.343271 -6.16386 -6.618373 -4.850896 -5.263384 14.704014 16.341375
46.809162 132.202867 133.662862 785.041431 62.92596 484.922542 38.849741 465.396822 31.631077 287.978259 31.291338 322.745646 -40.467158 170.494029 -91.600123 919.038063 -63.776199 712.83711 -52.123581 721.37292 -48.516905 504.645944 -41.487864 520.965646 158.496995 -30.188474 -0.008158 -0.019032 0.263808 -0.012831 0.004141 0.294543 -0.034492 1.79503 -0.188728 0.346312 -0.072133 0.095508 -0.013063 0.07772 0.200915 0.160502 -5.893945 -0.092816 -11.441797 -0.256201 -12.22754 -0.19142 -8.926213 -0.207903 9.378058 1.052673
47.217029 128.186483 140.71371 706.71869 52.210069 537.559695 26.831579 601.984229 19.262902 421.555072 21.482951 430.532367 -38.067596 175.95197 -85.381041 935.71168 -91.786417 667.395408 -87.27441 648.708933 -88.400143 448.797732 -74.354604 473.901129 190.194088 -0.426462 0.000885 -0.030977 0.09061 -2.057531 -0.499757 1.355773 -1.108883 8.775275 -1.525717 12.687019 -0.919481 7.751496 0.036667 0.042995 0.109302 0.074947 -2.542502 -0.748246 -4.504629 -1.928269 -5.93764 -1.637067 -4.760269 -1.113872 1.44367 23.4388
45.951247 118.969352 149.055416 622.477102 44.30547 581.944776 19.559409 685.039737 14.461017 505.343658 16.441884 502.984971 -38.757994 169.05586 -84.510431 937.802862 -126.691171 608.653253 -136.695603 555.046332 -144.806874 381.751038 -120.520571 415.620771 250.789576 8.651833 -0.008599 -0.171926 0.120093 -2.672212 -0.324237 0.880215 -0.573532 2.682706 -0.343616 3.794874 -0.336529 2.81586 -0.003102 -0.068928 0.002231 0.001167 -2.806277 -1.352797 -5.520677 -3.649413 -6.924465 -2.710621 -5.547318 -1.911281 4.183047 12.920001
46.822335 117.542404 153.38288 602.151102 44.191045 612.402019 19.362072 734.973347 12.318415 554.246478 15.00091 547.715234 -37.785721 168.149102 -84.347989 940.77645 -127.151083 599.323666 -135.056955 548.503662 -142.281617 373.205255 -119.070533 407.335804 238.330168 17.841491 0.00409 -0.004305 0.030962 -0.168694 -7.4e-05 0.388411 -0.0005 0.878209 -0.085852 1.129097 -0.033036 0.952557 0.006175 -0.001219 7.8e-05 0.002353 -0.000417 -0.036028 0.004941 -0.019395 0.011106 -0.048369 0.004388 -0.041705 -0.158716 1.644855
46.702746 119.989954 153.379485 615.976625 43.670356 636.142693 19.661796 760.900481 12.326826 573.850423 14.956435 567.278156 -39.315109 168.873399 -88.683826 960.907076 -111.621445 629.210536 -109.928026 590.68845 -111.84757 401.580199 -94.476442 431.634276 198.436782 15.332779 -7.6e-05 0.01261 -0.0 0.078461 -0.001543 0.225731 0.001151 0.224707 1e-06 0.17035 -3.3e-05 0.171632 -0.01517 0.000778 -0.054332 0.106551 0.505555 0.363587 1.292187 0.781329 1.828944 0.519762 1.420972 0.351943 -1.825705 -0.094993
46.942974 122.397367 152.242289 630.490267 52.065761 647.190036 27.987838 765.90809 19.316384 574.206153 20.850768 570.833803 -41.019048 166.087854 -92.365051 930.594394 -87.186898 639.417716 -76.088072 627.318382 -71.753351 426.415828 -62.109654 448.815284 165.528188 10.974383 0.000308 0.011956 -0.002116 0.0845 0.36882 0.04755 0.733063 0.008212 0.781603 5.5e-05 0.488474 0.005554 -0.018073 -0.011583 -0.037429 -0.242907 1.507278 0.041063 3.103971 0.550923 4.431304 0.372554 3.381669 0.16765 -1.4908 -0.363547
47.368651 129.401226 149.57749 657.20462 63.472158 683.44614 40.38333 786.353627 29.501873 590.891856 29.837837 591.28283 -40.792719 165.67492 -100.9875 924.282797 -63.07882 623.276083 -41.425347 615.982542 -37.512012 412.516905 -34.943146 435.941992 133.547324 15.982045 0.000961 0.097426 -0.011764 0.277136 0.564423 0.49403 1.133021 0.134655 1.074377 0.119487 0.803063 0.179928 0.000313 -0.000257 -0.192352 -0.010738 1.946513 -0.103177 5.228517 -0.051679 5.503856 -0.115142 3.879699 -0.093659 -1.714811 0.469217
47.692504 135.037214 142.424274 695.387161 88.76063 728.881616 71.073662 831.030446 57.6298 628.71216 53.297722 627.53024 -40.585241 166.206171 -103.459288 922.430671 -43.407989 603.851432 -23.154849 600.00895 -19.389384 392.968337 -18.808258 417.325787 143.87444 27.569896 0.000552 0.060067 -0.08763 0.539038 2.115118 0.731033 4.308662 0.617169 4.665024 0.586551 3.37871 0.539117 0.000264 0.000425 -0.014943 -0.000929 1.832622 -0.15375 2.638364 -0.104921 2.963105 -0.23725 2.478811 -0.203104 0.192282 1.569882
50.279839 136.927483 143.247903 709.18448 94.703684 733.915148 75.742976 832.885482 62.500294 627.718985 58.512056 626.205041 -37.341395 166.335753 -101.169073 916.884715 -36.041786 589.169519 -18.107356 569.884193 -14.797758 377.826171 -14.20007 405.474648 138.121213 31.545853 0.03417 0.006569 0.001187 0.067768 0.096283 0.00866 0.07427 0.001034 0.098774 -0.000393 0.121653 -0.0007 0.067545 2.5e-05 0.012817 -0.008361 0.342217 -0.090345 0.309887 -0.387921 0.309751 -0.148747 0.32325 -0.085353 -0.058694 0.133857
51.392628 139.479942 149.127468 706.668302 79.615676 702.437742 53.976915 807.596362 42.087278 612.254968 42.17363 607.272796 -35.351956 166.750664 -101.256682 910.265021 -46.033183 543.414859 -29.698097 523.19782 -24.755133 337.41659 -22.176359 368.630851 131.398624 40.639142 0.00609 0.011785 0.059124 -0.002236 -0.65419 -0.344952 -1.839131 -0.194936 -2.01141 -0.096432 -1.334475 -0.145301 0.027228 0.000258 -1.9e-05 -0.011991 -0.610421 -0.924586 -1.426405 -0.997461 -1.273891 -1.142437 -0.885256 -0.877293 -0.083853 0.57504
51.012526 136.409893 153.514749 684.060222 64.318132 690.315486 37.729794 800.110334 27.342745 608.218504 29.43357 604.178102 -35.428334 166.880227 -99.200447 911.174833 -67.176456 506.767235 -56.445013 461.15703 -52.586213 289.469801 -44.305788 323.189969 155.76698 58.4961 -0.000705 -0.017082 0.031802 -0.183774 -0.815234 -0.052756 -1.450676 -0.017429 -1.583676 -0.006675 -1.142443 -0.003953 -4.1e-05 2.5e-05 0.010546 0.000227 -1.991905 -0.639631 -4.257593 -1.957063 -5.181005 -1.836271 -3.791125 -1.49396 1.035795 1.621524
49.619481 134.708826 156.673853 660.728678 56.119122 685.920668 29.340932 794.621429 18.884125 605.627939 22.159549 601.41782 -36.766033 168.3089 -97.742062 937.906725 -76.209834 511.970835 -70.28568 451.272521 -70.100013 285.029475 -58.152786 320.703009 161.751643 59.701787 -0.009642 -0.005337 0.016087 -0.202412 -0.279406 -0.007017 -0.526686 -0.009446 -0.78047 -0.002764 -0.515349 -0.00316 -0.012394 0.003045 0.0054 0.19324 -0.284836 0.01329 -0.758059 -0.053542 -1.256506 -0.01716 -0.940004 -0.004803 0.056405 0.00615
47.389575 131.494159 155.262278 620.178379 43.687216 659.692608 19.801407 774.122378 11.388873 599.517462 14.129205 594.979688 -39.139391 165.201896 -102.36045 927.115285 -87.689351 493.581296 -79.224937 428.842028 -76.296287 271.710606 -65.381884 307.387115 146.640355 64.022387 -0.025632 -0.019411 -0.003194 -0.642021 -0.777288 -0.255637 -0.934799 -0.133938 -0.942543 -0.015491 -0.89967 -0.017323 -0.037113 -0.014473 -0.053304 -0.031221 -0.402508 -0.168168 -0.267479 -0.285877 -0.131189 -0.159336 -0.2117 -0.141168 -0.370451 0.075463
48.083815 133.807958 156.958756 644.949467 47.69592 652.829551 23.524612 750.96851 14.421967 580.636327 16.289251 586.316473 -39.840639 164.344057 -118.49971 889.774127 -68.607368 504.351947 -50.148735 464.08489 -45.039964 295.671245 -40.910628 329.71115 110.435056 47.627982 0.002524 0.01009 0.004609 0.242531 0.087967 -0.017943 0.160273 -0.175771 0.178833 -0.151048 0.07679 -0.031767 -0.003113 -0.001117 -0.590474 -0.383763 1.169216 0.058125 3.309714 0.69577 4.094927 0.506157 2.855305 0.391239 -2.562262 -1.210211
48.317289 135.813458 156.115918 656.880872 58.362833 670.576004 34.481915 757.376369 24.451473 582.945679 24.864209 591.322688 -41.696864 163.50499 -130.896033 878.743444 -58.291091 514.691587 -44.938576 479.697383 -40.050507 301.799853 -33.630734 330.595872 127.089323 45.858364 0.000283 0.007459 -0.001135 0.054677 0.537779 0.118993 1.044306 0.013611 1.316106 0.002292 0.903275 0.010641 -0.021132 -0.001074 -0.308273 -0.034401 0.420029 0.052456 0.142849 0.129143 0.14641 0.031433 0.356338 0.000593 0.584585 -0.01675
48.503247 140.080062 153.707265 691.113146 72.487773 714.616752 50.403624 811.157722 38.118547 622.514429 36.683316 627.79933 -41.818423 162.769192 -129.365836 874.559654 -46.505113 551.342361 -25.113897 551.658146 -20.631705 358.00457 -20.427428 382.279359 114.837706 36.351619 0.000179 0.032993 -0.009363 0.434734 0.764607 0.700292 1.506561 0.922289 1.510881 0.649589 1.145484 0.54582 -8.8e-05 -0.00083 0.004498 -0.004992 0.664868 0.630222 2.863701 2.513522 3.190987 2.398227 1.637197 1.875996 -0.310421 -0.551529
49.690043 141.617064 152.16721 716.688836 99.282448 737.088794 83.737252 830.199532 69.706969 635.62069 63.672377 639.775577 -40.898086 162.787368 -124.807182 875.133855 -39.705314 565.45496 -18.526192 571.736458 -14.616857 374.587148 -15.244962 399.136628 148.164153 34.307553 0.007172 0.004193 -0.003877 0.232337 2.10274 0.173941 4.207648 0.110458 4.730834 0.068267 3.697244 0.056578 0.00512 1e-06 0.040884 9.4e-05 0.268584 0.089172 0.50009 0.179443 0.516981 0.187701 0.378461 0.18185 2.120036 -0.029572
50.322832 142.573337 152.931293 712.630723 90.080035 734.341986 67.947843 830.659516 53.506317 636.820129 51.761104 641.505087 -40.630213 162.421856 -123.134128 851.83677 -43.165402 559.338969 -22.638085 552.23606 -18.038636 361.675269 -17.880107 389.748451 133.679677 38.657721 0.002002 0.001609 0.000957 -0.005761 -0.223736 -0.002564 -0.824024 6.4e-05 -1.069712 0.000565 -0.616191 0.001167 0.00044 -0.000205 0.005645 -0.157148 -0.072266 -0.016628 -0.205883 -0.169174 -0.179769 -0.113227 -0.104981 -0.055864 -0.372438 0.129793
50.433842 143.090075 159.282806 705.517643 78.764575 731.468758 52.604584 816.582924 38.727387 627.788428 39.583006 636.102254 -39.484592 159.865281 -124.95392 810.714542 -51.091143 523.251674 -32.143077 549.556434 -26.40383 360.789379 -24.778389 385.918746 129.085931 36.738751 6.1e-05 0.000467 0.064613 -0.017839 -0.379591 -0.002816 -0.98039 -0.060147 -1.191739 -0.032252 -0.815438 -0.011424 0.008191 -0.01014 -0.006674 -0.508645 -0.333817 -0.601638 -0.830899 -0.003259 -0.79437 -0.000543 -0.561453 -0.009454 -0.040158 -0.024424
48.063275 141.186909 161.406 687.144921 61.962853 701.244444 36.171905 795.515713 24.591732 616.015236 26.333923 622.141359 -40.613346 159.891358 -123.22317 825.332706 -74.850119 506.851906 -62.319289 483.709323 -56.956175 306.401412 -49.297468 342.61664 156.398451 53.514034 -0.028531 -0.006371 0.007029 -0.121196 -1.006595 -0.318839 -1.534114 -0.137661 -1.59802 -0.055721 -1.345238 -0.077454 -0.007954 1e-06 0.006035 0.065308 -2.261383 -0.130555 -4.949602 -2.10026 -5.800707 -2.22049 -4.17559 -1.288017 1.309509 1.572714
46.842893 135.441879 163.046187 631.325823 52.920902 686.149537 27.214797 792.072265 16.268713 614.423727 19.286061 620.228106 -41.770294 159.017145 -125.147882 834.1286 -95.535202 471.517422 -84.236572 413.884806 -78.216865 257.720341 -68.113668 296.834119 165.82947 76.281033 -0.007847 -0.059663 0.004146 -1.182115 -0.356377 -0.082119 -0.636051 -0.003734 -0.856654 -0.001029 -0.547702 -0.001473 -0.008124 -0.001198 -0.007458 0.023311 -1.260264 -0.638273 -1.648121 -2.719972 -1.682464 -2.1044 -1.517541 -1.641043 0.138044 2.012348
45.883837 136.010595 163.585255 611.992621 48.349238 654.590482 23.849076 752.672943 13.888448 595.761555 16.208834 605.380215 -42.691731 153.849993 -142.589351 809.176997 -77.049933 471.11408 -55.886996 433.6617 -48.957442 275.877234 -45.879194 312.926397 114.997318 60.819327 -0.00496 0.000596 0.000445 -0.150322 -0.103243 -0.371478 -0.111041 -0.502529 -0.094082 -0.143902 -0.133642 -0.089942 -0.005026 -0.042672 -0.568707 -0.189441 0.992817 -8.6e-05 2.897784 0.230771 3.411669 0.309005 2.18946 0.212384 -4.63885 -0.874649
44.315191 147.158475 162.125887 642.837453 57.47669 644.652208 32.598074 725.803266 21.124074 570.620353 22.633066 586.917314 -45.777632 161.046809 -159.80899 798.295216 -56.494328 517.227312 -32.395802 505.360675 -26.75488 332.518956 -27.001659 366.244086 95.425648 31.951421 -0.013641 0.219522 -0.003269 0.379154 0.394355 -0.038011 0.682145 -0.244184 0.755809 -0.270989 0.53495 -0.142959 -0.053836 0.082251 -0.490672 -0.036833 1.591479 1.076343 3.182762 2.741286 3.328609 2.642412 2.487264 2.096064 -0.912168 -4.605813
45.873421 148.670492 161.80729 670.352216 67.825706 655.423388 44.063274 733.460023 31.426786 568.170182 31.733437 585.042907 -44.871075 160.753532 -151.83028 785.66097 -45.008968 517.704988 -20.338625 546.363808 -14.378291 376.354009 -16.67392 402.084771 88.319238 19.682311 0.013462 0.003864 -0.000157 0.288285 0.428106 0.044621 0.862196 0.020088 1.019831 -0.002636 0.767064 -0.001499 0.004533 -0.000134 0.102154 -0.050389 0.651892 0.00011 1.396875 0.79959 1.906168 1.356627 1.238637 0.836396 -0.137473 -1.47886
45.961753 146.648078 156.920674 670.858029 94.971798 646.13858 77.477454 717.745085 62.051326 544.79352 57.61238 560.961689 -44.255059 159.247151 -149.511598 785.386833 -37.186867 593.198991 -15.324355 651.894806 -9.778873 450.454678 -11.521857 465.79475 121.096497 4.481243 4.2e-05 -0.006925 -0.037462 9.5e-05 2.279228 -0.033117 4.683374 -0.08509 5.158833 -0.245528 3.829998 -0.25304 0.002129 -0.003546 0.008921 -2.4e-05 0.373039 2.568152 0.354267 4.65612 0.441896 3.327239 0.4747 2.341595 2.581015 -5.380453
48.8257 146.037493 148.223579 678.986609 120.913304 645.395483 108.84221 715.04862 91.611818 534.429166 82.953456 548.87826 -41.581978 159.613292 -136.980426 802.687925 -31.614553 619.421143 -12.070975 678.214608 -7.39951 460.622408 -8.681171 475.543691 151.083682 2.741039 0.043276 -0.000637 -0.123966 0.024475 1.564278 -0.000214 2.658919 -0.002537 2.87011 -0.049768 2.3031 -0.065781 0.041632 0.00021 0.274188 0.094245 0.226026 0.283552 0.193866 0.26043 0.16558 0.056738 0.200707 0.050484 1.656948 -0.212785
50.446246 145.02572 155.759616 689.593572 104.934956 645.270262 81.816587 714.893547 66.38611 534.113806 63.633288 548.01491 -40.594317 158.758691 -133.802994 816.77404 -35.439439 604.797551 -16.140203 632.130161 -11.764961 424.564218 -12.113901 446.321815 134.044899 6.279766 0.013228 -0.001759 0.093427 0.041104 -0.565928 -6e-06 -1.925142 -8e-06 -2.026748 -4.7e-05 -1.278779 -0.00034 0.005935 -0.001147 0.018643 0.061262 -0.109178 -0.087344 -0.295019 -0.810639 -0.503823 -0.734722 -0.285284 -0.463263 -0.509559 0.723074
50.246625 144.701959 163.108983 673.828988 83.189665 644.906629 55.809401 714.780081 40.949905 538.852183 41.906621 552.06715 -40.545343 160.351288 -135.375641 847.443953 -45.717402 574.450415 -25.407477 570.275414 -20.51278 379.198594 -19.96867 410.504804 119.428067 13.988854 -0.000198 -0.000181 0.084706 -0.091142 -1.260993 -5.1e-05 -2.479627 -5e-06 -3.057448 0.010463 -2.260558 0.007463 1.5e-05 0.003974 -0.004594 0.282632 -0.653448 -0.390546 -1.046725 -1.592035 -1.208009 -1.281274 -0.976398 -0.748938 -0.4218 1.523303
49.441536 144.573931 163.639386 667.745148 67.174111 682.717238 39.724246 791.322432 26.455095 619.400523 29.085557 622.710302 -39.625018 161.22749 -132.650012 860.46868 -52.599699 565.388913 -33.94154 519.19217 -29.719344 338.487018 -26.970974 377.451695 112.253957 42.116749 -0.003251 -2.8e-05 0.00043 -0.013795 -0.855358 0.538531 -1.363878 1.946255 -1.576932 2.80418 -1.167328 2.125924 0.005283 0.001194 0.013859 0.049665 -0.24118 -0.036019 -0.616781 -1.198261 -0.850898 -1.155637 -0.525229 -0.693559 -0.111101 7.560158
48.943721 142.454152 162.027695 665.83463 42.328255 693.239247 18.507982 812.359042 10.238554 634.819541 12.725007 636.377537 -39.865661 160.596456 -122.578776 879.111881 -64.546925 462.554037 -49.221205 385.866407 -44.361985 234.578687 -38.151269 276.897387 97.224596 97.607753 -0.001259 -0.007828 -0.003988 -0.001369 -2.85598 0.040232 -4.002508 0.137982 -3.777883 0.094782 -3.333874 0.07418 -0.000364 -0.000619 0.198781 0.099903 -0.610813 -5.156708 -1.415733 -9.874088 -1.461522 -9.499062 -0.966904 -7.772287 -0.539848 11.49157
49.31107 140.544282 152.865698 709.450696 30.853036 671.276314 10.481508 765.960877 5.913453 588.295558 7.734827 596.735826 -40.207656 159.934019 -120.920776 894.722805 -69.831734 430.953832 -54.386565 351.830772 -49.597861 211.376813 -42.387142 253.485062 89.763007 94.400678 0.000687 -0.006445 -0.133315 0.691798 -0.905287 -0.176767 -1.133319 -0.682135 -0.589847 -0.885143 -0.617886 -0.637359 -0.00073 -0.000685 0.005645 0.068695 -0.10396 -0.558968 -0.128839 -0.785581 -0.145997 -0.603975 -0.111469 -0.516989 -0.148934 -0.026785
48.501379 142.425697 145.258955 768.644843 28.66636 663.163151 8.833498 700.303407 6.258186 522.810286 7.755463 546.143422 -41.425501 158.396458 -122.630321 902.557136 -59.743796 421.115479 -40.121077 348.059365 -35.730678 208.041264 -32.110949 247.326857 71.896004 71.257394 -0.003351 0.006255 -0.09706 1.185767 -0.040182 -0.024664 -0.070435 -1.470767 0.004883 -1.931432 1.4e-05 -1.120349 -0.009085 -0.003713 -0.006 0.017075 0.393289 -0.056801 1.082858 -0.010161 1.134354 -0.013264 0.712148 -0.037863 -0.990389 -1.624584
45.514146 137.768035 142.724828 807.406491 24.782542 601.62555 8.228619 543.460851 6.93942 394.681229 7.454088 435.734808 -43.78951 146.869394 -121.154552 878.956191 -43.841629 426.734671 -26.402728 379.312582 -25.359669 234.727605 -22.277916 267.967287 58.830686 20.663962 -0.04747 -0.038715 -0.01115 0.476727 -0.141294 -1.497926 -0.010725 -9.928798 0.017594 -8.990758 -0.002986 -6.22727 -0.032797 -0.217713 0.004467 -0.156336 1.227908 0.018621 1.429846 0.671744 0.886754 0.804945 0.896248 0.413549 -0.654537 -15.17606
43.677919 139.881054 129.292697 841.707763 18.402844 550.296548 4.813397 438.696922 4.929096 309.817382 5.255278 354.718801 -40.688667 147.771832 -108.686495 860.058722 -23.682201 437.052543 -9.765942 382.380754 -8.352357 247.27521 -8.077168 283.4852 26.114157 3.52179 -0.018904 0.008041 -0.331839 0.356769 -0.47383 -1.144164 -0.4551 -5.603417 -0.171496 -5.130024 -0.19165 -4.16275 0.056929 0.001382 0.338423 -0.10268 3.079551 0.061625 4.053408 0.006179 4.604432 0.163349 3.526557 0.218381 -6.553166 -7.124201
42.634968 131.630209 115.053573 801.680254 8.292003 457.272685 0.204778 374.063134 1.030724 259.83053 1.424768 297.96779 -38.457453 145.11151 -95.288926 853.404903 -15.274206 446.230148 -4.644487 398.542875 -3.556394 265.320314 -3.62081 298.801766 8.416301 -0.028695 -0.006301 -0.125395 -0.415241 -0.487541 -1.988861 -4.303406 -3.032548 -2.574039 -1.45181 -2.197422 -1.207367 -2.471927 0.031456 -0.012082 0.440467 -0.012919 0.918173 0.04768 0.94079 0.167265 1.008426 0.317723 0.882084 0.20148 -4.880189 -4.186278
41.600814 122.699438 105.59321 774.432361 4.240564 394.351278 -0.133615 326.13546 0.148077 225.844095 0.327002 262.460183 -37.657813 136.082273 -93.762933 834.997474 -11.155779 419.450582 -2.353522 365.758088 -1.818528 246.768868 -1.959749 281.105744 3.004453 -0.463446 -0.006348 -0.15685 -0.202903 -0.235549 -0.672926 -2.327624 -0.66922 -1.642219 -0.397452 -1.190607 -0.38663 -1.125977 0.0042 -0.145003 0.006159 -0.100344 0.322847 -0.414308 0.385626 -0.703478 0.288704 -0.336142 0.252941 -0.270062 -1.363641 -0.261501
40.297545 131.82155 100.75457 804.99466 3.618213 379.141375 -0.173767 309.783391 0.020704 215.546361 0.091322 254.384161 -37.304507 144.936153 -91.265566 856.316814 -11.242587 398.753162 -2.71668 335.174089 -2.241055 223.216589 -2.238254 261.389425 2.692566 -0.067049 -0.01037 0.163522 -0.056738 0.295722 -0.024681 -0.149558 -0.002634 -0.210274 -0.058042 -0.120141 -0.072709 -0.0631 0.000833 0.139512 0.016854 0.134373 -0.000168 -0.261825 -0.013022 -0.667559 -0.022048 -0.590506 -0.009248 -0.358401 -0.008544 0.177941
38.977907 131.692993 94.373983 793.248629 3.300373 331.873435 -0.166612 252.897416 -0.001315 175.153938 0.01064 214.682381 -39.610049 146.752036 -94.897229 872.477401 -18.923854 377.733722 -8.176144 320.373264 -7.460631 198.607936 -6.710265 236.159476 7.263861 -0.736609 -0.010984 -3.1e-05 -0.104349 -0.043163 -0.007305 -1.572915 7.5e-05 -2.882918 -0.032454 -2.093588 -0.03962 -1.683199 -0.034562 0.005652 -0.035427 0.075535 -0.994326 -0.284549 -1.46691 -0.167106 -1.523744 -0.718429 -1.197576 -0.640098 1.111446 -0.359187
40.608218 131.586788 95.38897 799.771317 6.781074 346.626356 0.22412 274.049848 0.344945 184.816243 0.472784 221.971869 -41.272612 144.462581 -100.721607 889.623896 -26.158402 379.848158 -12.830558 308.254986 -11.785987 191.092044 -10.740219 228.921449 16.163559 -0.052391 0.0167 -2.1e-05 0.002714 0.013354 0.61993 0.160409 0.777209 0.424716 0.388853 0.129701 0.341575 0.060849 -0.017089 -0.009 -0.086727 0.083426 -0.584266 0.002951 -0.522124 -0.116815 -0.492322 -0.072484 -0.471707 -0.056326 1.756255 0.396105
41.422394 130.768542 101.454466 812.121221 17.471821 356.24087 5.961221 278.547376 5.592332 187.996247 5.474558 226.300976 -42.520856 142.825463 -101.048186 910.170433 -53.820082 346.385923 -43.486525 241.86848 -41.516318 147.048374 -35.202913 186.847076 77.583102 2.511661 0.004041 -0.001276 0.093473 0.047312 2.483402 0.065761 3.873608 0.018303 3.159474 0.013563 2.729712 0.020904 -0.009298 -0.004665 -0.000264 0.117284 -4.9359 -0.771319 -9.074882 -4.020308 -9.061564 -2.880672 -7.054214 -2.134371 22.922398 3.289554
43.680086 132.264965 105.937831 814.31389 47.784094 309.705134 33.029578 219.034184 29.11411 145.28647 26.660898 185.690463 -40.194882 145.90722 -101.484186 917.936875 -90.486389 300.8245 -92.654332 187.367899 -84.730189 112.098659 -71.372812 151.414209 213.178965 2.148623 0.029953 0.004257 0.048466 0.001478 7.467503 -1.627928 10.926828 -3.571855 9.186585 -2.747932 7.972954 -2.0064 0.03271 0.016447 -0.000469 0.016497 -4.735917 -1.605677 -9.188662 -3.474056 -7.626349 -2.367551 -6.32542 -1.860915 33.553316 -0.014162
46.501008 146.985571 123.938983 812.162837 91.612901 246.11874 84.617313 144.357145 76.089528 92.284183 66.896383 129.865279 -37.017716 164.146899 -100.467476 912.876416 -131.504138 299.853099 -153.079044 189.181815 -144.555656 119.827435 -122.253654 159.276261 430.399056 -1.795884 0.044131 0.388266 0.705899 -0.001422 7.069531 -3.649129 11.913753 -7.755844 11.07014 -5.987897 9.093853 -4.977289 0.065395 0.536961 0.002559 -0.006994 -3.822385 -0.000785 -7.544908 0.004369 -7.942419 0.128814 -6.804764 0.099491 37.766085 -7.873212
47.985868 142.707667 127.979661 797.473766 115.230802 289.548602 116.187662 194.589673 105.407462 128.33803 92.075192 166.518838 -35.97408 167.012537 -97.26962 921.521227 -154.06691 324.683813 -187.495607 208.67639 -183.303912 137.415938 -154.879875 179.492924 566.715692 -0.155092 0.011668 -0.031588 0.032408 -0.067025 1.352797 1.763466 2.497257 3.742942 2.383573 2.965876 2.006645 2.275189 0.007461 0.012399 0.02586 0.02037 -0.89273 0.493812 -1.743435 0.477892 -2.297793 0.601994 -1.927202 0.603771 9.361947 0.895463
50.315094 139.782942 129.847212 782.950601 140.172351 286.96231 150.726294 189.165254 137.9906 124.642163 118.79804 160.277178 -34.69582 171.962128 -90.661502 949.522859 -160.889515 344.072412 -199.959012 223.681058 -199.033623 150.838202 -167.432609 193.012117 668.474184 -1.248348 0.027599 -0.015141 0.006764 -0.066731 1.220758 -0.005801 2.244081 -0.038339 2.190774 -0.026998 1.700076 -0.059612 0.011561 0.036138 0.116215 0.209545 -0.073904 0.281116 -0.20051 0.260442 -0.323704 0.312667 -0.244531 0.245404 4.198715 -0.523421
53.864343 139.929841 128.022752 822.536742 147.945415 324.286978 160.193127 223.086503 150.100184 147.429891 129.317368 183.977718 -35.178622 173.556406 -90.620815 978.26048 -164.588817 345.459477 -206.080082 218.452624 -207.071863 147.381695 -173.48166 190.24037 709.77111 4e-06 0.060477 3.9e-05 -0.006454 0.488107 0.104873 1.140641 0.144156 1.397939 0.254619 0.955987 0.223094 0.816812 -0.001668 0.003678 5e-06 0.214209 -0.021023 0.001395 -0.04614 -0.030915 -0.07956 -0.020032 -0.05367 -0.010023 0.618837 1.252787
52.25013 134.809016 134.615657 785.060302 146.761062 318.914075 155.900838 227.170755 141.65764 150.850281 123.195911 186.869238 -36.657508 168.756614 -91.373845 965.067128 -159.768379 335.435926 -199.667829 210.790286 -197.943047 142.051425 -166.245824 184.582948 674.504523 0.13219 -0.012278 -0.047727 0.082763 -0.436886 -0.00238 -0.022441 -0.029144 0.018524 -0.122176 0.019612 -0.074209 0.011273 -0.015224 -0.033652 -0.001558 -0.044786 0.035821 -0.073783 0.050671 -0.068395 0.102892 -0.049086 0.077067 -0.042698 -0.449309 0.130751
52.456969 133.858226 129.022756 773.356063 139.939148 330.065048 145.238841 242.215758 133.226326 159.286717 116.726427 191.290832 -36.226343 167.714546 -89.082184 961.695631 -148.70894 338.937654 -182.515932 211.09752 -182.167184 146.858415 -152.872035 186.877141 626.96671 0.252374 0.000204 -0.001682 -0.059331 -0.043952 -0.081174 0.095807 -0.188806 0.241177 -0.129334 0.114766 -0.08724 0.02585 0.001275 -0.001614 0.014552 -0.00295 0.198314 0.009092 0.385071 0.000112 0.327517 0.039993 0.280362 0.007085 -0.868478 0.019263
52.386194 134.810054 127.934622 778.921193 137.877475 398.827079 142.150401 317.858397 133.060575 215.495259 116.805004 249.326 -36.359489 168.209936 -87.968594 970.436584 -144.404271 378.476762 -174.193266 252.445197 -172.792664 168.7697 -145.22821 211.158318 609.114784 2.851429 -2.4e-05 0.001686 -0.002304 0.009976 -0.00765 3.250676 -0.016595 5.13159 -5.2e-05 4.238956 1.3e-05 3.838728 -0.000122 0.000365 0.003502 0.019772 0.031611 1.090395 0.097105 1.847774 0.123813 0.761473 0.098017 0.741297 -0.128919 1.407186
51.879657 137.501264 124.438288 838.100418 129.906037 507.432578 133.397688 440.092646 128.01621 308.145009 112.139809 339.530915 -36.740738 171.609563 -85.660559 1001.072573 -133.527143 446.071264 -155.639873 323.545283 -158.016281 215.330269 -132.350803 259.720436 570.487376 8.29396 -0.00123 0.013299 -0.02422 1.083274 -0.118674 6.531136 -0.139049 9.921249 -0.048737 8.261617 -0.047536 6.950101 -0.000994 0.017006 0.015341 0.238046 0.212925 2.77529 0.522236 4.405131 0.330176 2.832478 0.298864 2.51082 -0.632619 1.41921
50.406628 136.610318 114.504591 828.794951 128.812553 622.194584 132.947703 594.241051 131.190181 438.572213 114.411745 462.028983 -35.422232 176.975511 -76.839856 1026.55625 -117.311947 561.349271 -129.787178 456.844271 -137.255211 312.298191 -114.544394 354.895407 536.822261 10.693915 -0.010607 -0.001448 -0.206579 -0.025974 -0.002311 5.844618 -0.00038 11.55099 0.019433 11.478925 0.011392 9.41566 0.012046 0.041303 0.239575 0.160149 0.524655 6.6173 1.173221 11.468729 0.730778 8.986952 0.642948 7.413768 -0.511872 0.152281
50.928737 134.56255 111.518194 797.754045 132.740232 682.395049 136.469977 689.000636 132.68887 523.811242 115.248206 535.801355 -34.264799 176.864201 -58.989661 1017.290818 -106.095495 663.814277 -120.999114 585.77422 -133.807682 421.357086 -110.39779 458.01339 532.990756 5.56931 0.001345 -0.007732 -0.01973 -0.296218 0.029492 1.389719 0.023025 3.503492 0.004256 3.782275 0.001523 2.730835 0.009613 -1.8e-05 1.17801 -0.021002 0.281746 4.292285 0.154023 8.002434 0.021925 8.151161 0.038223 6.566814 -0.006861 -0.828494
50.206537 132.74291 90.913435 743.152419 138.706893 826.5856 158.872039 895.974831 157.688276 775.060644 131.329967 777.676383 -33.290846 182.037284 -41.342371 989.56016 -83.941258 880.75603 -101.732626 870.657729 -114.626509 686.198094 -93.298608 707.85098 541.203288 2.704472 -0.002579 -0.006194 -1.051371 -0.967701 0.065584 6.904857 0.850838 13.571982 1.078137 24.53209 0.524983 22.462541 0.007021 0.037283 1.564174 -0.1916 1.295774 15.311104 0.834849 28.133868 0.741579 32.130744 0.71896 27.083923 0.031394 -0.511812
48.617885 127.994091 83.662381 643.411697 146.96382 1092.329335 208.358534 1220.093012 217.385584 1201.353173 179.448368 1202.910148 -29.978524 167.553487 -39.862237 753.965669 -73.568987 914.727583 -94.929922 981.47711 -92.464637 860.494906 -75.244561 863.448828 593.402538 28.369989 -0.01277 -0.043249 -0.150652 -3.592014 0.119353 18.490036 3.349575 24.969921 4.78123 46.521008 3.747729 46.187593 0.086764 -0.300166 0.01349 -15.99072 0.341885 0.321409 0.117691 3.318318 1.189242 9.852131 0.969749 7.723012 1.201389 13.555803
49.401813 127.982425 89.389443 635.585677 167.915765 1253.804915 223.393392 1440.929158 230.84954 1439.013401 190.024462 1423.757512 -28.657457 165.520136 -39.301544 725.508472 -66.29916 996.980078 -84.950452 1130.289764 -75.884036 1004.581673 -61.653998 987.597072 571.443187 38.927538 0.003135 -0.0 0.094793 -0.023943 0.69784 5.563474 0.261858 9.179342 0.202259 10.717688 0.1514 9.30077 0.014884 -0.006207 0.001986 -0.273708 0.189057 1.770304 0.277036 5.249814 0.818499 5.574052 0.67627 4.167957 -0.207004 0.833286
53.098481 138.274455 97.908132 721.384446 187.374345 1458.348498 236.248608 1685.335114 242.745454 1678.993729 195.971923 1644.447237 -28.637454 172.043817 -37.433602 815.270411 -57.675012 1161.504207 -70.980831 1326.050616 -61.511289 1183.596708 -49.918957 1154.800208 548.646477 43.192309 0.066682 0.198991 0.193824 2.715167 0.533255 7.724072 0.179802 9.568261 0.149426 9.248872 0.045822 7.947174 3e-06 0.063043 0.022739 2.616876 0.300329 6.279318 0.627018 7.813118 0.753825 7.33491 0.618851 6.53464 -0.23201 0.110817
54.498097 144.979641 100.846848 770.297079 194.609961 1598.086119 246.39523 1836.931431 250.285777 1850.285116 201.855857 1809.563775 -27.073439 173.291804 -35.862519 804.612849 -50.376841 1302.367745 -63.137061 1539.938492 -52.216831 1427.301961 -41.991513 1369.389311 531.143199 27.408267 0.009103 0.079374 0.021727 0.802145 0.068535 3.196014 0.106668 3.263821 0.057663 4.159212 0.043515 3.948897 0.021958 0.002255 0.01684 -0.03506 0.246753 4.029994 0.229565 7.992337 0.380432 11.398792 0.342516 9.13798 -0.141872 -1.787021
56.604232 146.9881 102.066137 798.197542 195.538606 1697.348898 246.277263 1938.383348 249.414195 1950.697832 207.132079 1908.918615 -27.231466 174.182174 -37.437394 829.336763 -44.576542 1385.832798 -53.033308 1648.371037 -42.500531 1525.410254 -34.272196 1457.848231 497.829617 26.114187 0.019965 0.006908 0.003663 0.248167 0.001105 1.495301 -1.4e-05 1.363376 -0.00076 1.326561 0.034035 1.327577 -0.00023 0.001141 -0.01692 0.187064 0.177323 1.296052 0.440214 1.844397 0.499677 1.630348 0.391675 1.384195 -0.539415 -0.015647
56.503423 146.315877 101.1605 815.801486 193.083007 1758.341255 241.829641 2000.686403 244.979628 2022.683395 205.687866 1986.904836 -27.546991 172.303241 -40.942964 832.032493 -43.423737 1420.056643 -50.505065 1701.469514 -39.025219 1573.05301 -31.412754 1500.410791 479.559275 28.222872 -4.5e-05 -0.00077 -0.002018 0.096006 -0.007758 0.538294 -0.020264 0.492745 -0.019889 0.652133 -0.002526 0.780639 -0.000909 -0.005095 -0.078433 0.002187 0.007551 0.208724 0.030872 0.42086 0.074107 0.366305 0.062269 0.306205 -0.170779 0.040932
55.983909 145.989381 99.870926 835.389356 190.948785 1810.709251 240.485649 2054.357164 244.45337 2086.485824 205.651622 2051.162436 -27.617393 173.2543 -41.42389 861.157348 -43.634402 1486.71893 -51.129878 1780.106533 -39.742017 1652.732502 -31.951354 1575.605062 481.325496 25.243131 -0.0012 -0.000182 -0.004136 0.116188 -0.00593 0.384213 -0.001873 0.355197 -0.000283 0.495355 -2e-06 0.511297 -4.5e-05 0.001309 -0.001404 0.250509 -0.000255 0.764497 -0.001921 0.888185 -0.003262 0.984224 -0.002289 0.919212 0.001623 -0.083097
57.321709 144.702675 102.685928 855.377817 191.686327 1886.073829 241.863196 2140.762959 246.250418 2180.331729 208.10334 2137.251501 -27.791858 167.912367 -41.236587 840.525536 -43.194072 1479.931272 -51.070993 1776.627251 -39.085787 1667.191459 -31.202878 1588.228404 481.549265 34.372031 0.007898 -0.002848 0.019561 0.118157 0.000711 0.768291 0.001967 0.889933 0.003291 1.032165 0.007264 0.884835 -0.000275 -0.041824 0.000212 -0.125078 0.001117 -0.007765 1.7e-05 -0.001702 0.002732 0.031486 0.004435 0.025183 2.6e-05 0.703103
56.031416 146.087846 101.155165 866.428162 188.615905 1902.061943 239.165588 2163.894746 242.352234 2200.727037 204.738468 2158.382865 -28.910597 168.007536 -42.870169 850.70673 -43.079527 1502.213808 -50.199949 1799.690526 -38.169937 1675.186585 -30.641213 1597.910991 472.881934 35.79466 -0.007344 0.003299 -0.005748 0.03546 -0.012395 0.03374 -0.007564 0.062152 -0.015551 0.047474 -0.013713 0.051976 -0.011037 1.3e-05 -0.015866 0.030646 7.6e-05 0.083249 0.003746 0.074367 0.005429 0.009562 0.002551 0.014713 -0.039355 0.014423
55.900053 144.835853 99.245451 868.102912 185.839536 1912.662159 234.848253 2166.760694 239.416195 2200.352646 202.958334 2162.76503 -28.809316 164.011073 -43.639127 838.130616 -42.529329 1482.257958 -48.687648 1780.307471 -36.519962 1651.560629 -29.383178 1573.497478 462.94921 39.294332 -7.7e-05 -0.002694 -0.009099 0.000809 -0.010293 0.014728 -0.019662 0.000948 -0.008947 -1.6e-05 -0.003886 0.002222 8.9e-05 -0.024053 -0.003418 -0.046825 0.001768 -0.066719 0.011565 -0.052473 0.018227 -0.083895 0.013185 -0.093969 -0.052713 0.081599
55.899919 142.965898 98.925595 870.826753 184.993906 1935.675576 233.924684 2197.687255 238.928656 2239.969324 202.541701 2197.873914 -29.03707 161.048776 -44.117574 833.606047 -41.553963 1466.164493 -46.722545 1759.581164 -34.793913 1625.00217 -27.988752 1548.452993 456.076763 49.238268 -0.0 -0.006075 -0.000258 0.002133 -0.000964 0.068812 -0.00091 0.109574 -0.000248 0.176734 -0.000214 0.141339 -0.000448 -0.013498 -0.001304 -0.006123 0.005657 -0.043922 0.020239 -0.060678 0.020891 -0.107638 0.016948 -0.100456 -0.025696 0.560221
57.189562 141.767265 99.165602 862.105811 182.278541 1909.60358 230.508791 2181.535621 233.634147 2212.543522 197.521209 2166.239673 -28.809284 158.471407 -45.33546 827.554271 -40.718937 1475.05697 -44.742563 1779.072347 -32.628675 1641.465436 -26.426285 1561.0893 440.884386 42.545346 0.007354 -0.002523 0.000145 -0.021944 -0.010038 -0.088388 -0.012562 -0.029786 -0.02966 -0.084467 -0.031503 -0.114655 0.000448 -0.010395 -0.008291 -0.011024 0.004238 0.013443 0.021433 0.05368 0.034777 0.041488 0.022437 0.025675 -0.128671 -0.244351
56.603649 140.263399 99.228647 855.477883 178.747771 1915.639442 225.927048 2205.446139 225.774053 2237.392529 190.423499 2183.337486 -29.211382 154.866968 -47.856431 809.8221 -40.295161 1448.258537 -43.347023 1749.422571 -30.598039 1615.892963 -24.914642 1536.861662 422.603778 50.451368 -0.001508 -0.00401 1e-05 -0.012788 -0.017266 0.004762 -0.022997 0.065161 -0.067245 0.069381 -0.064934 0.033605 -0.001393 -0.020732 -0.034104 -0.096019 0.001108 -0.122835 0.011055 -0.124575 0.032617 -0.100382 0.022259 -0.094738 -0.193528 0.336671
56.459165 140.100239 98.493653 856.147983 177.423881 1912.374385 224.024753 2199.756035 224.330679 2226.26118 189.200917 2172.856124 -29.313431 151.93672 -48.989309 801.279826 -40.102353 1442.895999 -42.83673 1745.808798 -30.145129 1612.485017 -24.47376 1532.335363 418.944375 49.385936 -9.2e-05 -4.7e-05 -0.001366 0.000131 -0.00246 -0.001392 -0.004021 -0.003675 -0.002314 -0.01388 -0.001969 -0.01261 -8.9e-05 -0.013994 -0.006626 -0.022646 0.000231 -0.004973 0.001511 -0.001868 0.001689 -0.001799 0.001968 -0.003338 -0.007956 -0.005685
56.365242 141.957597 98.555775 855.566621 176.505218 1907.87812 223.250697 2201.425855 221.750981 2229.42844 186.87429 2174.306138 -29.419246 152.427088 -50.048833 800.702563 -41.037985 1451.566491 -44.033011 1755.723383 -31.186332 1622.547496 -25.410121 1542.276984 419.257484 48.107625 -3.9e-05 0.006115 1e-05 -9.9e-05 -0.001192 -0.002646 -0.00067 0.000317 -0.007459 0.001126 -0.007197 0.000242 -9.5e-05 0.000395 -0.005668 -0.000104 -0.005395 0.012986 -0.008237 0.014037 -0.008839 0.01565 -0.008789 0.016073 5.8e-05 -0.008381
55.506222 144.464587 97.660405 863.437969 174.628727 1923.581993 220.941883 2215.709149 219.478741 2246.865449 184.930515 2191.170068 -29.82016 154.578412 -50.233866 804.618766 -41.609272 1460.044989 -45.343487 1764.149846 -32.497318 1636.49286 -26.376548 1555.592593 420.883968 48.268081 -0.003298 0.010972 -0.002043 0.018022 -0.005014 0.032183 -0.006 0.023093 -0.005851 0.033962 -0.005081 0.032573 -0.001357 0.007538 -0.000171 0.004777 -0.001974 0.012345 -0.009608 0.010086 -0.013495 0.029836 -0.009018 0.028617 0.001574 0.000134
54.815635 145.516535 95.70516 866.301845 173.598105 1928.63695 220.186266 2218.178826 219.444481 2252.78784 184.921436 2198.130723 -29.819119 154.982852 -50.442224 802.430756 -41.626844 1445.770359 -45.084737 1742.938734 -32.504624 1612.97404 -26.425703 1534.551096 420.862813 53.314738 -0.002161 0.001908 -0.009886 0.002371 -0.001525 0.003317 -0.000647 0.000688 -1e-06 0.003897 -0.0 0.005519 0.0 0.000264 -0.000216 -0.001489 -2e-06 -0.035062 0.00037 -0.064144 -0.0 -0.085113 -2.3e-05 -0.071639 -0.0 0.125437
54.452256 146.23521 95.116547 868.078326 172.577266 1927.770356 219.070088 2215.899658 218.179434 2249.564729 183.819615 2195.541247 -30.009438 155.453656 -50.476435 803.085833 -41.753731 1446.902176 -45.344771 1744.744042 -32.657281 1613.611102 -26.550464 1535.088874 419.657888 52.704668 -0.000604 0.000885 -0.000908 0.00091 -0.001505 -9.7e-05 -0.001418 -0.000586 -0.001828 -0.001154 -0.001646 -0.000763 -0.000303 0.000357 -6e-06 0.000134 -9.7e-05 0.000221 -0.000374 0.000467 -0.000179 6.3e-05 -0.000147 4.7e-05 -0.000864 -0.001755
53.830621 146.641005 93.701822 870.225658 170.607365 1935.710192 216.368498 2224.676426 216.225786 2258.659955 182.348237 2204.330254 -30.163393 156.152934 -50.729394 805.608319 -41.611733 1451.743627 -45.175071 1752.084892 -32.562997 1620.021265 -26.416787 1541.071248 416.609637 52.938334 -0.001784 0.000281 -0.0053 0.001326 -0.005654 0.008159 -0.008381 0.008674 -0.004393 0.009175 -0.002956 0.008778 -0.000197 0.000785 -0.000316 0.001978 0.000121 0.004043 0.000159 0.007705 6.8e-05 0.006354 0.000169 0.005817 -0.005556 0.000258
53.663041 147.035581 93.389998 875.250587 169.551828 1957.48014 215.294672 2253.457243 214.274032 2293.295825 180.597099 2235.351775 -30.300186 155.984723 -50.619415 805.24446 -41.655807 1451.141636 -45.400458 1751.091803 -32.699361 1619.950014 -26.476222 1540.916119 414.38455 58.366021 -0.000131 0.000265 -0.00026 0.007233 -0.001638 0.060867 -0.001336 0.092488 -0.004424 0.131774 -0.004224 0.10838 -0.000155 -4.5e-05 6e-05 -4.1e-05 -1.2e-05 -6.2e-05 -0.00028 -0.000141 -0.000142 -1e-06 -3.3e-05 -4e-06 -0.002979 0.132418
53.363536 146.91375 93.636751 876.063871 168.61038 1966.324701 214.415662 2265.463629 212.017874 2313.700944 178.423264 2251.801459 -30.302384 155.045485 -50.657462 804.708885 -41.774994 1446.644628 -45.487248 1741.693012 -32.811081 1614.217876 -26.546318 1536.799273 411.640654 62.783674 -0.000419 -2.5e-05 0.000163 0.000189 -0.001311 0.009968 -0.000899 0.01595 -0.00597 0.045189 -0.006581 0.030152 -0.0 -0.001418 -7e-06 -8.9e-05 -8.5e-05 -0.003489 -4.1e-05 -0.012646 -9.5e-05 -0.00508 -4.6e-05 -0.002753 -0.004557 0.08057
53.163303 147.0976 93.421221 878.230412 168.393662 1966.590338 214.087532 2266.314524 211.624988 2316.196228 177.979357 2253.814336 -30.441202 154.344547 -50.699045 804.426373 -41.898132 1451.522663 -45.716757 1748.812829 -32.964593 1624.248998 -26.674719 1546.113806 411.636059 61.229118 -0.000188 5.7e-05 -0.000124 0.001338 -7e-05 9e-06 -0.000126 8e-05 -0.000182 0.000672 -0.000276 0.00045 -0.000159 -0.000794 -9e-06 -2.5e-05 -9.1e-05 0.004105 -0.000289 0.007261 -0.000179 0.015536 -0.000155 0.014071 -0.0 -0.009744
52.954772 147.646219 93.416669 879.755284 167.623627 1967.022532 212.669294 2267.16274 209.92381 2316.526414 176.526916 2254.142309 -30.646591 154.989307 -50.811064 805.65975 -42.121081 1451.876259 -46.151791 1749.40138 -33.314924 1629.808318 -26.938141 1551.710211 410.494177 60.208631 -0.000205 0.000511 -0.0 0.000661 -0.000882 2.4e-05 -0.002357 7.9e-05 -0.003433 1.2e-05 -0.002975 1.2e-05 -0.000345 0.000672 -6.2e-05 0.000472 -0.000296 2.2e-05 -0.00103 5e-05 -0.000926 0.004749 -0.000647 0.005055 -0.000793 -0.004288
]