08-06-20_Linda_4KDepth.snake_in_flowers.0000000000 [ 24.382612 196.838491 55.143612 843.123412 143.767647 1736.476871 192.70378 2033.053438 193.285563 2038.357792 160.971404 1971.136168 -33.870945 137.14197 -50.904622 681.799925 -24.296306 1255.709563 -22.422134 1523.388635 -11.665465 1417.154568 -9.925718 1356.141297 299.919778 56.295947 0.0 0.0 0.0 0.0 0.0 0.0 0.0 0.0 0.0 0.0 0.0 0.0 0.0 0.0 0.0 0.0 0.0 0.0 0.0 0.0 0.0 0.0 0.0 0.0 0.0 0.0
25.010742 168.552802 53.881668 787.973745 130.314444 1684.142197 174.124596 1962.92719 177.234419 1991.516098 146.311335 1924.833604 -31.051171 133.084228 -46.693296 671.431216 -24.6129 1252.068537 -24.317287 1511.189059 -13.432161 1420.285307 -11.264001 1358.067206 288.250211 48.159895 0.003994 -1.096472 -0.007304 -0.93261 -0.330371 -0.400378 -0.470803 -0.615377 -0.347836 -0.272244 -0.349906 -0.275157 0.061265 -0.030467 0.090901 -0.039724 -0.001025 -0.002643 -0.038437 -0.024522 -0.062259 0.001727 -0.042303 0.000683 -0.115776 -0.31734
24.418532 163.028454 53.000715 767.698414 123.913238 1654.136534 165.756177 1932.709747 166.942679 1966.488046 137.101767 1898.761731 -30.034847 129.532255 -45.974038 662.652576 -24.546027 1251.453181 -24.900571 1513.029374 -13.725464 1448.564095 -11.3258 1380.117078 276.404566 39.502422 -0.003548 -0.046023 -0.003631 -0.132131 -0.080601 -0.134854 -0.103038 -0.117196 -0.153909 -0.079132 -0.149673 -0.088889 0.008455 -0.024022 0.002791 -0.028883 4.5e-05 -7.6e-05 -0.003456 0.00056 -0.001584 0.139378 -8.5e-05 0.088782 -0.124266 -0.428551
25.553732 164.799095 55.69569 774.044767 130.251717 1686.591851 174.253295 1974.899407 173.809187 2009.671754 143.002247 1938.921613 -29.638068 129.697899 -47.457918 658.916663 -25.085558 1259.204642 -25.212116 1525.736883 -13.44785 1452.578355 -11.136038 1383.467364 283.949538 45.113477 0.012896 0.004782 0.033414 0.013062 0.079048 0.157656 0.106192 0.227763 0.069191 0.234509 0.062155 0.210135 0.001319 5.3e-05 -0.011784 -0.00528 -0.002933 0.011966 -0.000968 0.02657 0.001418 0.002777 0.000802 0.002031 0.050798 0.186245
24.696597 162.038697 54.620799 772.472172 127.547735 1700.153175 170.658052 1995.876796 169.660658 2036.024251 138.938083 1964.3326 -29.164689 128.314668 -46.600683 657.702392 -25.010623 1255.838407 -24.945503 1521.048705 -13.678469 1444.323421 -11.251582 1374.804981 279.686374 50.666922 -0.007311 -0.011657 -0.005237 -0.0008 -0.014181 0.027151 -0.018738 0.055412 -0.025054 0.085827 -0.029294 0.082716 0.001905 -0.003708 0.003906 -0.00056 5.6e-05 -0.002253 0.000709 -0.003607 -0.00098 -0.011762 -0.000298 -0.013602 -0.016123 0.161133
24.987616 163.206512 54.116698 771.534481 125.885908 1688.412565 167.886494 1973.937473 168.58306 2014.609503 138.76376 1943.763312 -29.166202 128.858356 -46.571676 658.059522 -25.086275 1257.398583 -25.524755 1521.848479 -13.768735 1443.684243 -11.383282 1374.923884 278.708952 47.45221 0.000852 0.002097 -0.001168 -0.000285 -0.005449 -0.020339 -0.011345 -0.060625 -0.001717 -0.056608 -5.5e-05 -0.054131 -0.0 0.000575 5e-06 4.8e-05 -5.7e-05 0.000484 -0.003324 0.000105 -0.000148 -7.1e-05 -0.000383 3e-06 -0.000855 -0.052677
24.947409 162.163988 56.339067 773.263408 134.208155 1708.289182 180.241468 2002.427184 179.687504 2045.353224 147.327213 1973.37001 -29.813748 125.142081 -46.797336 657.215928 -25.234088 1277.198699 -25.953975 1548.602637 -13.736883 1463.866669 -11.144533 1395.743592 292.789293 48.512214 -1.6e-05 -0.00167 0.022359 0.000968 0.133178 0.058157 0.219307 0.102062 0.177075 0.116404 0.128192 0.111889 -0.003555 -0.027188 -0.000273 -0.000271 -0.000217 0.07734 -0.001789 0.116562 1.8e-05 0.070048 0.001265 0.078224 0.173479 0.005854
26.980076 159.282655 58.453028 765.933494 135.289868 1688.750078 180.501312 1982.56298 180.059385 2024.865248 148.022564 1952.092011 -28.817315 124.573233 -44.801669 651.100192 -23.877028 1266.589902 -24.329075 1536.713988 -12.841684 1458.357375 -10.361248 1388.455211 289.073119 46.376879 0.039799 -0.012914 0.019467 -0.017453 0.002171 -0.056193 9.4e-05 -0.049509 0.000192 -0.051565 0.000819 -0.057669 0.008468 -0.000648 0.021742 -0.014294 0.018753 -0.022122 0.026261 -0.022905 0.01508 -0.005193 0.014269 -0.00954 -0.011867 -0.024029
27.430115 160.056835 60.522241 767.433208 138.975041 1692.689811 185.095013 1985.120359 184.497525 2027.824438 151.981614 1955.917962 -28.618 124.129965 -44.34567 648.517968 -23.553096 1260.04426 -24.274746 1524.219973 -12.763053 1447.637766 -10.295353 1381.365344 294.312143 48.769782 0.001861 0.000938 0.017995 0.000733 0.024759 0.002295 0.028861 0.000824 0.027016 0.00108 0.026124 0.001873 0.000346 -0.000395 0.001166 -0.002565 0.001106 -0.008479 3e-05 -0.025499 0.000121 -0.019771 0.000105 -0.009074 0.023525 0.030095
27.169325 163.368972 60.330607 776.617433 140.269258 1712.491124 187.553885 2007.94305 186.864105 2051.243691 153.969416 1978.592264 -28.262752 125.336322 -45.005969 649.773872 -23.618314 1260.751457 -24.3269 1525.268253 -12.601245 1447.212353 -10.229592 1382.184243 296.516269 52.539499 -0.000623 0.01696 -0.000152 0.027315 0.002999 0.057573 0.008112 0.065223 0.007541 0.067229 0.006458 0.065336 0.001109 0.002917 -0.00244 0.000607 -4.5e-05 9.9e-05 -2.8e-05 0.00018 0.000516 -3.1e-05 0.000105 0.000121 0.004111 0.07016
27.191823 161.029866 59.919363 769.115383 136.31579 1706.005745 181.901561 2000.053531 180.755733 2047.661895 148.830059 1974.122585 -28.161127 123.617827 -44.046222 644.797196 -23.535367 1252.603036 -24.450765 1512.519814 -12.858072 1436.402155 -10.449441 1373.202062 290.033104 54.040168 5e-06 -0.008433 -0.000703 -0.018205 -0.028257 -0.006152 -0.04324 -0.007765 -0.050752 -0.001565 -0.043618 -0.002527 9.2e-05 -0.005931 0.005172 -0.009566 7.3e-05 -0.013209 -0.000157 -0.02675 -0.001295 -0.020263 -0.001169 -0.01464 -0.03583 0.010565
26.123874 162.240431 57.827116 771.764959 132.422538 1709.300124 177.062903 2003.400037 175.72916 2050.972937 144.39539 1977.290957 -28.866355 124.108516 -45.036284 646.030255 -24.171514 1257.394356 -24.982491 1518.545657 -13.280311 1445.545997 -10.801055 1380.579685 285.627023 52.814116 -0.010697 0.002267 -0.01859 0.002278 -0.028203 0.001589 -0.032613 0.001399 -0.03544 0.001337 -0.033536 0.00127 -0.004361 0.000486 -0.005502 0.000589 -0.004242 0.004573 -0.00286 0.00599 -0.003411 0.014506 -0.002909 0.009883 -0.016862 -0.007034
25.955736 161.495671 57.306502 769.626249 129.731842 1708.291152 171.71788 2005.975621 169.541583 2052.71142 139.768637 1976.874067 -28.629353 124.735143 -45.176313 647.688553 -24.179075 1260.985964 -24.983236 1523.61826 -13.185472 1448.770087 -10.748444 1383.559371 277.288904 52.477649 -0.000271 -0.000857 -0.001177 -0.001484 -0.013809 -0.000149 -0.040958 0.000827 -0.055448 0.000368 -0.037669 -2.2e-05 0.000488 0.000789 -0.000109 0.001063 -1e-06 0.002561 -0.0 0.004229 0.00017 0.001796 6.4e-05 0.001606 -0.061757 -0.000538
26.020457 161.182007 56.65061 769.112904 129.792678 1702.772588 170.708979 2001.272712 168.161701 2044.584765 139.017204 1968.159151 -28.430532 125.471085 -44.980061 651.735784 -23.51568 1272.827765 -24.009294 1541.887269 -12.473307 1464.226326 -10.140207 1396.379864 272.232664 48.328559 4e-05 -0.000152 -0.001888 -8.6e-05 7e-06 -0.004464 -0.001486 -0.00276 -0.002819 -0.008059 -0.001013 -0.009626 0.000346 0.001082 0.000214 0.006303 0.004614 0.027672 0.009682 0.054438 0.009885 0.041005 0.008857 0.029563 -0.023262 -0.085423
27.374763 159.424186 57.014308 758.677231 130.780403 1683.119405 159.974877 1970.088638 154.714205 2020.964376 130.285732 1955.982282 -27.415132 130.189617 -42.92205 654.402161 -22.007623 1280.258567 -22.412116 1557.542777 -11.236212 1485.117721 -9.010071 1412.281365 249.338706 41.189598 0.017178 -0.004819 0.000582 -0.035641 0.001872 -0.057038 -0.174262 -0.122434 -0.28016 -0.068616 -0.141585 -0.018893 0.009232 0.043547 0.024095 0.002722 0.024986 0.010814 0.027484 0.039539 0.032296 0.073992 0.033376 0.045014 -0.502698 -0.285116
27.897726 157.611791 55.574408 748.997808 120.83565 1611.649087 149.08962 1919.843965 138.581687 1905.66866 119.69489 1826.074285 -27.268928 133.835676 -43.492697 660.30144 -21.394802 1293.421745 -20.820541 1584.291011 -10.288029 1509.796588 -8.242029 1428.57431 224.387461 23.019499 0.002474 -0.00518 -0.009208 -0.031072 -0.196603 -0.77526 -0.191749 -0.324509 -0.444015 -1.69305 -0.22445 -2.231731 0.000195 0.025176 -0.001884 0.013236 0.004327 0.033662 0.029306 0.113864 0.020895 0.101682 0.017105 0.046722 -0.65755 -2.624556
29.206131 157.401141 59.281039 716.009238 112.315285 1467.718462 130.619995 1766.982944 117.428439 1744.62678 99.758318 1665.830794 -26.528786 136.817863 -43.290846 657.636664 -20.848319 1289.543825 -19.967205 1585.449929 -9.559487 1509.57287 -7.633462 1425.191639 193.997047 8.500184 0.014992 -7e-05 0.059826 -0.37146 -0.155738 -3.365521 -0.610454 -3.170279 -0.875407 -3.554112 -0.907461 -3.678724 0.005092 0.01643 0.000235 -0.002694 0.003535 -0.002911 0.008927 0.000212 0.013376 -8e-06 0.011669 -0.002005 -1.105202 -3.543266
32.451395 151.288157 64.332091 710.528451 111.77635 1373.878687 115.956548 1659.971108 99.440073 1615.183825 85.369806 1541.476306 -26.449148 139.853633 -44.484184 662.936307 -20.557806 1292.448291 -18.347604 1599.998379 -8.744209 1502.500284 -7.140374 1411.327974 167.159695 2.037046 0.085464 -0.060534 0.103241 -0.010529 -0.000648 -1.549886 -0.43639 -1.671211 -0.747319 -2.494441 -0.559998 -2.411658 6e-05 0.016655 -0.008112 0.010634 0.001019 0.001634 0.034246 0.033223 0.018166 -0.008304 0.008231 -0.03388 -0.998514 -2.214907
33.151263 148.144999 66.512875 661.93117 104.926713 1163.786767 72.889739 1400.150579 52.933737 1318.040791 48.018203 1258.445864 -27.438575 150.528269 -46.174348 682.066399 -20.642292 1273.112731 -17.437978 1570.269187 -8.418757 1453.064538 -7.121115 1363.261509 103.572691 -3.291511 0.003733 -0.016497 0.018175 -0.860658 -0.10828 -8.71165 -4.976306 -11.05002 -7.27061 -15.089481 -5.336384 -14.341813 -0.009084 0.19627 -0.015756 0.136051 -8.7e-05 -0.072863 0.011563 -0.139396 0.003086 -0.413468 1.3e-05 -0.416378 -7.573275 -10.507343
31.387036 143.193263 73.194876 614.773047 88.469143 996.044936 50.097717 1221.823543 31.803819 1117.225466 29.256855 1057.120464 -28.921206 154.351656 -47.62646 684.609388 -20.64603 1284.368152 -16.955383 1584.320192 -7.861826 1451.61418 -6.711284 1359.737096 71.290706 -21.85686 -0.024118 -0.042084 0.159886 -0.871246 -0.701524 -6.523629 -2.130358 -6.071264 -2.676725 -8.293874 -2.312091 -8.768655 -0.019505 0.023975 -0.011241 0.002366 -0.0 0.024768 0.003386 0.031293 0.009529 -0.000362 0.006073 -0.002281 -3.005662 -8.184634
29.224881 142.342412 69.672288 590.366462 43.793573 869.937494 29.384341 1037.938669 19.730467 902.550332 19.114234 863.627485 -28.179982 152.142874 -48.765328 699.345978 -21.114678 1282.692489 -15.944085 1579.575716 -7.922157 1436.830721 -7.109953 1350.810525 52.657253 -61.827941 -0.038577 -0.001268 -0.043434 -0.247167 -7.773682 -4.266194 -2.74645 -7.494109 -1.434218 -11.44095 -1.075323 -9.770934 0.004811 -0.007959 -0.006728 0.078461 -0.00263 -0.000547 0.015547 -0.003557 -0.000115 -0.037832 -0.005751 -0.014699 -1.408615 -10.162977
26.193624 142.806872 62.405662 598.442058 19.949976 715.350368 8.212487 802.431094 6.258664 660.505162 7.096673 652.326015 -28.936113 145.739298 -50.008361 702.663188 -21.948104 1293.742024 -16.354027 1602.993361 -8.479795 1448.43411 -7.619832 1355.291091 29.30859 -152.720259 -0.082963 0.000378 -0.200048 0.027429 -4.627367 -7.555177 -6.527968 -15.130862 -3.764248 -18.854531 -2.917349 -14.798377 -0.005005 -0.068837 -0.007822 0.003924 -0.008066 0.023694 -0.002602 0.086156 -0.009482 0.023332 -0.008828 0.003709 -3.395878 -20.20439
26.09628 143.551395 61.608608 661.70745 12.615615 575.638898 2.714931 600.171607 2.666885 468.178411 3.509441 483.465393 -29.632974 145.364863 -50.505659 718.004438 -21.883201 1298.143967 -16.354629 1614.483705 -8.326194 1452.746238 -7.515843 1360.244858 20.417515 -271.507266 -9.1e-05 0.000968 -0.002561 1.589111 -0.836663 -7.582086 -1.483619 -14.659821 -0.754591 -16.506865 -0.625061 -12.622581 -0.004146 -0.000241 -0.00123 0.082835 4.8e-05 0.003738 -0.0 0.020517 0.000702 0.003205 0.000357 0.004518 -0.801323 -16.970064
26.222307 145.524372 61.750634 690.177212 4.453603 429.907168 -0.005313 400.877098 0.005681 303.302536 0.173392 331.223877 -31.554792 147.593136 -51.834245 742.298307 -21.574852 1309.628321 -16.231663 1630.618618 -8.037054 1468.809265 -7.325325 1368.640142 8.470078 -437.2057 0.000152 0.006733 8.2e-05 0.29981 -2.077895 -10.616343 -2.960448 -20.038915 -2.426398 -17.823998 -2.122692 -14.351137 -0.030188 0.008474 -0.008624 0.202093 0.001094 0.025288 0.000232 0.040112 0.002555 0.044158 0.001223 0.012914 -2.586419 -19.642507
24.818489 142.105634 54.192318 678.331032 1.241286 316.141646 -0.926639 269.361533 -0.720613 204.291556 -0.286218 235.418303 -34.778235 141.791751 -54.710127 729.066042 -24.845755 1283.872621 -21.021495 1604.871781 -10.835147 1470.828183 -9.767469 1363.842347 5.967218 -578.802672 -0.019309 -0.020318 -0.246625 -0.051273 -0.992466 -8.725114 -0.79162 -13.029776 -0.854255 -9.750153 -0.905157 -8.157935 -0.078368 -0.058157 -0.03882 -0.059501 -0.115381 -0.127891 -0.30921 -0.102444 -0.208583 0.000693 -0.175361 -0.004212 -0.218604 -9.91528
22.737368 142.50303 46.617489 648.702708 0.687101 206.417776 -1.016865 149.262884 -0.775087 109.957462 -0.491156 140.371354 -36.606426 142.469447 -56.938453 730.653611 -24.567677 1301.540374 -20.99494 1631.408173 -10.228296 1505.709294 -9.319193 1393.553049 5.372105 -801.875695 -0.045558 0.000277 -0.284988 -0.330793 -0.081347 -11.649428 -0.002095 -17.597339 -0.000992 -14.493244 -0.0275 -12.218558 -0.023414 0.000808 -0.022239 0.000863 0.000782 0.060368 8e-06 0.108797 0.008744 0.204387 0.005265 0.16007 -0.015627 -18.139861
23.048334 133.91271 44.316104 629.718683 0.424564 160.340193 -1.414613 95.721079 -0.896716 67.597442 -0.662368 95.144336 -37.477522 132.940693 -59.125246 713.828569 -25.409791 1302.414208 -21.500553 1634.682292 -10.67414 1507.14801 -9.726511 1395.918624 5.383232 -936.374556 0.001056 -0.133515 -0.029127 -0.14096 -0.031446 -2.905988 -0.032753 -5.922428 -0.00443 -5.127027 -0.012777 -4.383353 -0.005121 -0.164889 -0.020603 -0.097991 -0.007095 0.000147 -0.003008 0.001641 -0.004755 0.000344 -0.004356 0.001003 6e-06 -5.211304
22.83906 131.185607 36.029334 575.415973 0.048953 128.939629 -2.361658 71.160923 -1.238485 49.822314 -1.012986 73.396747 -37.287763 130.157451 -60.085715 697.876737 -25.925439 1300.589664 -21.770143 1641.382124 -11.027444 1512.890963 -10.05696 1401.982272 4.874766 -1013.620469 -0.000477 -0.014027 -0.428488 -1.224047 -0.185187 -1.709274 -0.120682 -1.817162 -0.02753 -1.353207 -0.0371 -1.408982 0.000241 -0.014722 -0.003869 -0.090128 -0.00259 -0.000639 -0.00084 0.006851 -0.002876 0.00546 -0.00276 0.006571 -0.01261 -1.530587
22.818271 130.475617 31.602991 471.092087 -0.191379 94.948797 -5.145007 48.696965 -3.235112 35.995282 -2.786661 56.014865 -38.304134 129.970583 -60.961371 692.985819 -25.787384 1303.450154 -22.065318 1651.496924 -10.586475 1524.477122 -9.564316 1404.85381 2.117155 -1091.968469 -5e-06 -0.000963 -0.145001 -5.212883 -0.433913 -2.595293 -0.535081 -2.123934 -0.47028 -1.121238 -0.43938 -1.172634 -0.006833 -6.7e-05 -0.003167 -0.008599 0.000184 0.001571 -0.000994 0.015535 0.004499 0.022098 0.006186 0.001469 -0.566772 -1.458151
23.236203 132.302259 28.85582 483.663704 -0.036744 78.40443 -3.668534 34.653842 -1.933885 24.819588 -1.611119 41.837813 -38.086207 131.028362 -60.191751 693.090951 -24.92211 1308.889861 -21.074682 1661.17244 -10.054163 1534.537554 -9.066158 1415.05154 3.16907 -1169.041428 0.001896 0.006349 -0.062446 0.082771 0.060408 -0.791281 0.124552 -1.191524 0.166464 -1.035674 0.160024 -1.032444 0.000311 0.002143 0.002445 4e-06 0.007383 0.005664 0.011376 0.01413 0.006865 0.016543 0.006661 0.018439 0.105718 -1.314007
25.142371 132.871497 30.751214 516.799041 0.19472 93.400309 -1.462538 44.848719 -0.680998 32.169982 -0.430175 50.696838 -35.851062 130.813055 -57.273342 684.23265 -23.694617 1296.793085 -20.289087 1650.671282 -9.474957 1531.257602 -8.336138 1408.702831 5.075628 -1119.533319 0.037567 0.000611 0.030143 0.548872 0.400638 0.655705 0.498418 0.656371 0.319695 0.476007 0.376286 0.425046 0.033792 -8.9e-05 0.036259 -0.028487 0.015499 -0.02808 0.007461 -0.016649 0.008591 -0.001755 0.015319 -0.007137 0.223471 0.53556
26.862309 133.436243 30.57035 514.511619 0.940403 83.810028 -0.078961 33.093838 0.122332 25.355947 0.077063 42.91756 -36.329018 130.802148 -57.820544 676.336747 -24.094241 1289.696013 -20.610999 1641.969219 -9.662911 1523.130648 -8.48924 1399.850171 11.959717 -1155.445017 0.028449 0.000599 -0.000267 -0.002537 0.279283 -0.259694 0.861842 -0.891503 1.380593 -0.404992 0.871385 -0.323786 -0.001582 -0.0 -0.001301 -0.022912 -0.001671 -0.009737 -0.001267 -0.011499 -0.000923 -0.010812 -0.000697 -0.013952 1.452909 -0.28346
26.767923 136.621744 31.454392 551.697486 3.859344 79.06008 1.39889 24.716091 3.440199 18.93708 2.66669 35.591328 -36.267611 134.242613 -58.669186 690.327858 -25.368285 1293.639547 -21.94238 1636.500576 -10.656232 1521.98288 -9.297516 1402.119753 26.205858 -1201.379617 -8.3e-05 0.018788 0.0063 0.648658 0.989583 -0.069279 2.142555 -0.610268 2.265077 -0.467573 1.837103 -0.342579 2.6e-05 0.022331 -0.003091 0.071618 -0.016411 0.00301 -0.020833 -0.004561 -0.024294 -0.000216 -0.018375 0.000919 2.758534 -0.447676
25.71718 141.382662 36.249557 572.596894 9.491972 84.697602 5.87983 27.269021 8.021515 20.172279 6.369645 38.368792 -34.526661 138.018468 -57.449083 702.419101 -25.310287 1305.67598 -21.649862 1644.572444 -10.502977 1528.119326 -9.293954 1411.304911 36.882029 -1197.14691 -0.010519 0.040769 0.170023 0.194265 1.246311 0.097067 1.542786 0.062724 0.95541 0.019511 0.793552 0.05217 0.02141 0.026184 0.00641 0.052487 3.3e-05 0.027868 0.000981 0.009929 0.000555 0.006173 0.0 0.014994 0.90991 0.003735
26.137585 146.658039 38.437015 630.812088 8.536125 91.622372 3.475511 38.725644 5.23217 28.988238 4.356726 48.999698 -36.161653 141.460846 -59.10192 707.818313 -25.995562 1294.117233 -22.081896 1626.846797 -10.770263 1504.487424 -9.605928 1392.74458 31.016008 -1115.803828 0.001704 0.048313 0.032041 1.408912 -0.025357 0.136034 -0.314232 1.002038 -0.296844 0.796943 -0.190566 0.649191 -0.018911 0.021201 -0.01172 0.010336 -0.004577 -0.025695 -0.002134 -0.048022 -0.001679 -0.092078 -0.002575 -0.061427 -0.253871 1.430801
25.522647 150.268262 41.737903 654.829164 8.315809 151.95935 2.600337 87.219403 3.776562 59.858522 3.403637 87.399073 -34.817333 145.27907 -58.956934 719.999375 -26.317806 1309.177327 -22.413216 1652.632912 -10.756184 1520.155485 -9.799424 1404.061946 27.27973 -976.708909 -0.00366 0.021949 0.067979 0.224351 -0.00144 7.591247 -0.063361 9.710327 -0.118374 5.535462 -0.058749 5.516714 0.012732 0.025423 8.9e-05 0.051961 -0.000993 0.043562 -0.001234 0.101378 5e-06 0.040582 -0.000965 0.022898 -0.119856 4.628124
24.735238 149.287935 41.384309 668.262457 7.561797 195.215515 1.904473 128.213748 3.185772 89.379074 2.978752 120.750554 -35.938874 145.048045 -59.489112 725.019369 -26.105477 1310.153392 -21.780518 1648.485503 -10.574048 1511.371881 -9.763483 1397.047247 25.367834 -865.672676 -0.006169 -0.001604 -0.000752 0.068196 -0.017914 2.705286 -0.05407 3.936328 -0.025111 2.94885 -0.014158 2.6893 -0.008889 -9.2e-05 -0.001196 0.00872 0.00043 0.000182 0.004529 -0.002605 0.000778 -0.012725 3.3e-05 -0.008783 -0.034727 3.348997
23.036775 149.399454 48.567195 713.135367 9.211243 229.752514 2.871372 158.169091 4.272414 108.45279 3.92581 142.971386 -36.323773 143.241198 -60.438572 735.114099 -26.196919 1320.80407 -20.971869 1670.140743 -10.257807 1524.233936 -9.521818 1409.018283 27.770401 -819.526415 -0.030203 2.1e-05 0.287246 0.729011 0.0813 1.40573 0.098901 1.570957 0.079585 0.921631 0.06526 0.937815 -0.001025 -0.005662 -0.003758 0.034896 -8e-05 0.021558 0.007648 0.070655 0.002401 0.027249 0.001514 0.025535 0.054342 0.631936
20.813933 161.326726 51.819613 756.047942 14.850931 266.716718 9.283091 184.964316 6.679482 132.167575 7.056589 169.285256 -35.79623 153.029196 -59.654821 752.484901 -24.897686 1320.777859 -18.79978 1662.562797 -8.837573 1505.305957 -8.54581 1398.727104 30.883303 -745.391389 -0.056375 0.228999 0.052701 0.626839 0.67025 1.377982 1.828727 1.047817 0.267793 1.171479 0.455704 1.11071 0.001929 0.161729 0.002557 0.101424 0.016521 -0.0 0.059358 -0.008615 0.052889 -0.05913 0.026381 -0.01886 0.082663 1.75699
22.757096 160.264954 52.005394 842.16902 38.171705 314.018959 36.593228 218.918639 33.306014 151.944141 27.993767 190.656093 -35.362518 150.179354 -60.547748 740.75799 -26.045851 1306.482688 -19.769273 1642.515837 -9.712315 1495.174636 -9.225177 1390.687311 78.989344 -693.844366 0.043352 -0.001753 0.000166 2.322035 5.403927 1.929643 9.014508 1.429796 10.154846 0.689143 6.940535 0.634987 0.001322 -0.013393 -0.003317 -0.046048 -0.01294 -0.038891 -0.012187 -0.060798 -0.020636 -0.017105 -0.012991 -0.011586 11.091032 0.923389
24.029597 162.173704 50.007981 839.718213 50.952943 420.395961 51.622429 342.211085 49.700674 249.739529 42.123634 284.103029 -33.921923 148.876819 -60.698762 730.164387 -26.76268 1288.85449 -19.735498 1611.007628 -10.098172 1456.682794 -9.723277 1354.576063 104.604467 -500.120081 0.017308 0.00565 -0.019556 -0.001786 0.921231 7.744975 1.289681 13.712571 1.635161 12.086657 1.438461 9.287432 0.014978 -0.002837 -9.4e-05 -0.038148 -0.004865 -0.059868 1.4e-05 -0.152572 -0.003758 -0.250975 -0.006548 -0.237514 1.795701 15.820991
23.866195 162.461815 52.7644 767.424952 51.997486 537.783041 48.364201 519.938192 45.747351 399.290138 40.372914 420.183585 -32.897518 146.699981 -59.666837 712.900449 -26.077131 1283.277683 -19.235574 1599.350661 -9.689016 1445.073082 -9.291992 1342.530901 97.543223 -325.148383 -0.000279 0.000128 0.036971 -1.626788 0.005299 7.217766 -0.053101 18.517573 -0.081906 17.464845 -0.018579 13.271624 0.007853 -0.008016 0.004424 -0.103271 0.004447 -0.006046 0.003207 -0.021164 0.004231 -0.023225 0.004892 -0.026897 -0.123366 18.761835
23.936189 158.681346 66.018356 674.345707 53.269485 532.880676 45.453527 562.224753 38.551064 448.1989 35.522732 460.690722 -32.983862 145.718072 -59.222265 690.938599 -26.317164 1283.050934 -19.945637 1599.628136 -9.941574 1445.395753 -9.399463 1343.2434 87.646602 -283.843385 5.1e-05 -0.022252 0.741764 -3.007688 0.007685 -0.011224 -0.045162 0.82651 -0.307724 1.412444 -0.155136 0.931856 -5.7e-05 -0.001649 0.000831 -0.171798 -0.00055 -1e-05 -0.006435 1.2e-05 -0.001625 1.8e-05 -0.000309 9.5e-05 -0.264629 1.402375
25.106878 145.872087 68.551838 541.39036 53.843523 556.73876 48.572928 636.583549 37.672372 526.472557 33.811375 527.699486 -31.050142 144.450474 -56.726812 666.005054 -25.534332 1244.432671 -20.469906 1552.934194 -9.940145 1407.571522 -8.961989 1310.372814 86.314913 -212.361439 0.013975 -0.269492 0.02385 -7.292001 0.001538 0.261227 0.051759 2.308359 -0.005065 3.148074 -0.021124 2.274074 0.029204 -0.002769 0.026857 -0.229094 0.00591 -0.295048 -0.003401 -0.345821 0.0 -0.250745 0.005212 -0.203593 -0.005097 5.175743
27.172183 138.510125 70.544065 497.845443 60.211961 519.796446 56.395541 587.01681 44.508835 482.450884 39.775541 484.998279 -29.514015 138.523314 -55.668337 637.784949 -23.420422 1189.798252 -18.307363 1488.80784 -8.355544 1345.917936 -7.557602 1252.632781 91.433566 -216.736979 0.040811 -0.095308 0.014268 -0.912686 0.177934 -0.634042 0.29189 -1.00436 0.284848 -0.960841 0.242094 -0.900666 0.019484 -0.062082 0.004984 -0.305443 0.045662 -0.613191 0.060348 -0.676035 0.068751 -0.690332 0.059804 -0.650474 0.073717 -0.022309
25.853259 138.987127 69.512377 527.958711 60.823092 466.584293 56.693597 488.278352 45.988184 390.085065 41.833765 404.702912 -30.468832 138.217058 -56.928919 623.692363 -23.756805 1139.360486 -18.315117 1405.419532 -8.544451 1266.097389 -7.860506 1181.09281 94.178254 -250.642441 -0.016406 0.00041 -0.0038 0.442094 0.001543 -1.43636 0.000393 -4.542902 0.012092 -4.902652 0.025959 -3.630729 -0.0076 -0.000169 -0.007057 -0.07872 -0.001199 -0.546177 -1e-06 -1.201539 -0.001056 -1.219902 -0.002976 -1.051695 0.020294 -1.231437
24.538792 144.279955 73.710106 612.860837 67.332533 440.042631 63.539702 443.070138 52.818967 333.952266 48.472865 363.06179 -30.563496 140.236787 -56.383188 620.251708 -21.592851 1022.497134 -15.745855 1264.402958 -6.622637 1121.224557 -6.569915 1049.96395 96.84753 -231.354154 -0.017147 0.049452 0.061529 3.163682 0.165425 -0.388589 0.195067 -1.097864 0.236397 -2.179197 0.244375 -1.130073 -7.3e-05 0.007325 0.001314 -0.004758 0.051658 -3.160947 0.09704 -3.726758 0.122249 -4.399804 0.057828 -3.856839 0.01865 0.386089
26.634622 150.542749 84.265021 663.584097 72.555282 324.74439 68.729812 252.605838 55.269386 184.658186 49.711096 219.220707 -29.885847 142.306147 -55.621429 652.763609 -18.293849 871.867816 -9.797129 1016.732925 -4.510488 876.621977 -5.405562 847.618865 91.357836 -256.605262 0.042936 0.066526 0.353001 1.008217 0.09753 -8.741055 0.101866 -26.580755 0.02778 -21.95355 0.007808 -18.046155 0.003798 0.007578 0.00259 0.415233 0.136663 -5.998097 0.702358 -13.485012 0.202192 -15.030266 0.056738 -10.819182 -0.08008 -0.65379
27.06088 146.511545 87.015064 665.229554 71.94084 215.062448 67.791889 139.962488 56.171689 95.61445 49.431687 126.262699 -30.405137 144.555011 -56.427505 662.97007 -14.364711 790.601613 -5.763257 899.958587 -2.789109 759.57373 -3.90126 743.784629 83.994292 -316.203117 0.001692 -0.027354 0.022079 0.001019 -0.001306 -11.260441 -0.003222 -16.508004 0.003653 -14.520941 -0.000394 -12.740874 -0.002236 0.008815 -0.002899 0.039588 0.237218 -1.987449 0.531963 -3.560543 0.205869 -4.192 0.122378 -3.391047 -0.154676 -3.108866
26.302031 139.766382 104.690684 585.062514 68.948 155.978321 60.347738 90.776067 49.498174 63.524024 44.760028 90.978292 -28.66936 141.603233 -57.223508 712.239352 -10.660474 679.767597 -3.001654 734.102632 -1.478019 605.260257 -1.721014 610.387913 68.082828 -276.618157 -0.005396 -0.079474 0.816602 -2.572748 -0.031791 -4.734452 -0.216413 -5.303472 -0.210941 -3.26911 -0.115922 -2.884608 0.025507 -0.015224 -0.002788 0.882862 0.27567 -4.183194 0.446425 -8.438917 0.206411 -8.751702 0.439949 -6.586333 -0.83468 1.323097
26.476744 131.515963 107.706537 502.033372 60.485058 97.917038 51.206495 41.705486 41.458116 27.939361 37.51778 48.50279 -31.127045 138.003693 -61.049267 747.63666 -10.079315 624.085404 -3.075672 646.807066 -1.425323 512.504099 -2.072863 524.828722 58.257603 -301.119101 0.000289 -0.125488 0.021412 -3.175397 -0.27697 -6.727924 -0.375168 -9.422868 -0.356046 -7.206145 -0.319358 -6.624754 -0.050528 -0.02317 -0.061892 0.429199 0.008144 -1.189521 -0.000451 -2.762 0.000478 -3.855271 -0.016351 -3.228811 -0.382623 -0.519757
26.738326 124.329201 109.273759 403.797154 45.242961 59.271906 32.91092 19.21127 26.204363 13.135501 24.249291 27.841842 -32.543205 137.412794 -62.216144 746.343511 -9.830833 560.711702 -2.158446 563.801548 -1.396466 439.94736 -2.111331 456.188914 39.699343 -301.044326 0.000643 -0.100959 0.00566 -5.342554 -1.104444 -4.824519 -2.013752 -4.305261 -1.741814 -2.760504 -1.441966 -2.848863 -0.015751 -0.000634 -0.005523 -0.00056 0.001551 -1.696114 0.080994 -2.848994 0.000148 -2.767669 -0.000177 -2.40424 -1.774025 5e-06
26.985277 115.590923 110.106017 348.471707 31.098851 55.882006 18.542256 21.881444 14.52328 17.178352 14.122216 32.320565 -31.826311 136.77722 -61.626528 752.978928 -8.368247 507.4021 -1.396973 485.335558 -0.982114 374.473296 -1.575308 396.862698 23.058808 -231.241748 0.000568 -0.159184 0.001579 -2.037207 -1.321705 -0.049907 -2.046994 0.086845 -1.711067 0.2708 -1.360497 0.166938 0.003992 -0.000737 0.001404 0.014683 0.058866 -1.331172 0.0825 -2.938389 0.036368 -2.636108 0.039176 -2.065447 -2.246349 4.59671
27.866505 112.373218 118.251464 368.31232 29.602125 71.978104 16.215553 34.642931 12.506864 26.997974 12.710638 45.048925 -29.733058 134.79912 -62.28391 761.163241 -7.421496 444.984134 -1.147028 411.375373 -0.9312 314.704509 -1.414712 340.688956 20.263428 -157.350818 0.007079 -0.02271 0.145319 0.274647 -0.018455 1.017202 -0.077963 1.459419 -0.075316 1.105189 -0.037155 1.054178 0.0356 -0.007204 -0.001744 0.022119 0.028409 -2.047591 0.012308 -3.055301 0.000678 -2.596609 0.004316 -2.142276 -0.09028 7.089862
24.284173 107.205446 126.17337 302.940987 15.730887 95.082834 3.889543 64.15776 2.087788 52.873823 3.402955 74.575773 -32.509109 131.950648 -65.30094 748.301752 -7.257501 386.048261 -1.249054 332.223277 -1.191394 256.018967 -1.538243 287.308135 6.433467 -76.198127 -0.123184 -0.06082 0.12841 -3.190742 -2.174343 1.60542 -4.221634 4.511501 -4.374734 4.307623 -2.960079 3.701303 -0.061938 -0.015209 -0.035677 -0.054795 0.000916 -2.092467 -0.002173 -4.224659 -0.016008 -3.025235 -0.002585 -2.272843 -3.861476 14.552711
21.395574 109.614408 121.624753 316.351308 9.971967 101.418747 1.034176 120.581368 0.15922 109.155034 0.899167 126.595587 -35.459099 135.109466 -66.245639 751.798176 -7.92058 388.380307 -1.530978 337.158031 -1.609319 252.969271 -1.963489 281.365134 2.780932 -29.781895 -0.091423 0.013383 -0.041751 0.145212 -0.653472 0.102173 -0.912499 8.82744 -1.093896 10.088817 -0.803651 6.842116 -0.064049 0.018682 -0.003392 0.004075 -0.014491 0.003511 -0.014332 0.01819 -0.031357 -0.009136 -0.025917 -0.031055 -0.75484 10.705165
19.852019 108.835557 113.60139 345.741925 10.395043 165.883511 1.477932 173.540466 0.397858 147.506182 1.248255 166.898092 -35.718744 134.713737 -66.863967 752.099244 -8.860019 409.90229 -1.975116 373.541906 -2.036178 278.226948 -2.479515 302.073383 4.234159 -20.565536 -0.028891 -0.001388 -0.136875 0.652653 0.004395 7.889862 0.039505 4.807149 0.053702 2.881451 0.028564 2.780336 -0.000474 -0.00029 -0.001436 3e-05 -0.026317 0.290173 -0.028245 0.931937 -0.025077 0.600824 -0.030068 0.367619 0.152174 0.850739
20.501524 111.135195 105.63762 352.67896 10.829929 199.723841 1.771502 188.260802 0.758511 151.110498 1.638654 173.338493 -35.334486 134.772894 -71.488576 756.891887 -10.115282 429.366281 -2.359405 409.816252 -2.139172 303.175077 -2.852113 323.5039 5.445296 -26.206438 0.005227 0.012021 -0.144688 0.034452 0.004456 1.569486 0.013288 0.299582 0.057679 0.021753 0.026519 0.060961 0.001039 6e-06 -0.077313 0.007611 -0.041565 0.225731 -0.017069 0.840314 -0.00127 0.535512 -0.013035 0.367182 0.07607 -0.341405
21.569232 111.935586 103.87105 422.966548 12.564265 211.586577 2.85868 191.850748 1.487309 152.17868 2.472387 175.305508 -33.346238 134.967612 -68.221934 759.871914 -9.12737 431.11854 -1.910845 413.075908 -1.590111 306.154816 -2.237425 326.216411 6.153121 -26.638067 0.013551 0.001436 -0.007448 3.191232 0.064376 0.171104 0.129446 0.016953 0.121541 0.001881 0.08543 0.005549 0.028785 7e-05 0.038195 0.002927 0.025376 0.001784 0.023624 0.006456 0.04064 0.007286 0.037256 0.005662 0.021619 -0.001763
20.903167 112.906749 97.456059 480.485551 12.799406 223.281334 3.225685 196.497032 2.039241 154.211138 2.926049 178.571063 -34.223014 135.653602 -67.667734 768.585189 -9.609475 442.589368 -2.139259 426.27811 -1.809144 315.32084 -2.487273 333.972199 7.689886 -28.505967 -0.005223 0.002097 -0.102228 1.832856 0.00109 0.15728 0.011079 0.027796 0.043459 0.006741 0.019096 0.015068 -0.005689 0.000869 0.00113 0.024836 -0.006203 0.075303 -0.006446 0.103835 -0.007064 0.067598 -0.006611 0.045558 0.085565 -0.031645
20.805504 115.973557 89.855475 557.63302 15.155123 225.404498 5.574038 184.160638 4.213115 141.386915 4.74112 168.389717 -34.526871 136.856142 -65.821443 787.65822 -9.916012 456.610015 -2.301102 444.327291 -1.996939 330.031588 -2.705511 347.154892 12.011201 -39.390041 -0.000114 0.020547 -0.154269 2.870564 0.099435 0.005023 0.319136 -0.199952 0.390084 -0.278314 0.217941 -0.149415 -0.000671 0.002653 0.012769 0.116882 -0.002406 0.109314 -0.00295 0.187116 -0.004636 0.167687 -0.004588 0.127582 0.479769 -0.878064
20.457665 125.208834 78.62657 571.161673 15.852349 211.042878 7.171657 176.739771 5.820319 137.231749 5.810689 170.449748 -34.031746 142.597679 -65.655053 793.106781 -8.631438 477.856625 -1.360246 474.947402 -1.073531 355.318631 -1.921835 371.281555 11.893168 -50.912532 -0.001466 0.176882 -0.374606 0.081074 0.00784 -0.236354 0.100524 -0.076302 0.129561 -0.030986 0.054348 0.006262 0.001788 0.058988 0.000105 0.00939 0.044538 0.241569 0.12295 0.510104 0.142142 0.466661 0.066844 0.405227 -0.000291 -0.738144
19.206542 133.553179 66.063791 653.701262 16.210369 233.766087 8.67134 179.936635 8.260246 138.889961 7.370079 169.858303 -36.709746 145.274472 -67.346913 808.715374 -9.266972 506.259629 -1.533545 505.234998 -1.376926 378.15412 -2.323452 391.798275 16.382169 -58.69133 -0.019737 0.134576 -0.546415 2.784204 0.001999 0.58079 0.071139 0.014327 0.213011 0.004979 0.092569 -0.000514 -0.050708 0.012445 -0.010761 0.076049 -0.011287 0.409961 -0.005194 0.468055 -0.018854 0.355559 -0.01904 0.275864 0.358612 -0.276387
20.14747 131.816486 57.291161 660.470236 14.446379 218.525839 7.942369 169.427671 8.406119 121.654401 7.067867 158.122244 -36.302473 141.272052 -66.739692 797.411825 -11.608593 615.548732 -2.82516 659.514116 -2.267428 505.532066 -3.401944 503.696386 19.405161 -131.201787 0.01125 -0.005683 -0.312337 0.017433 -0.050792 -0.256838 -0.016 -0.158092 0.000638 -0.570709 -0.003163 -0.210042 0.001136 -0.027954 0.001375 -0.039776 -0.131746 5.336288 -0.195768 10.262885 -0.110472 9.228563 -0.102495 7.018718 0.127906 -14.389187
20.22481 143.285644 55.595471 690.503894 11.696246 205.293718 6.674307 127.35663 8.181837 90.986195 6.45465 128.848951 -36.869035 145.189065 -67.186862 794.183462 -12.070913 731.411692 -3.330164 806.855807 -2.244974 646.750979 -3.413321 632.503065 18.998395 -252.575714 7.4e-05 0.239182 -0.012736 0.333882 -0.145056 -0.206611 -0.055109 -2.99705 -0.001516 -2.223191 -0.013911 -1.496956 -0.002193 0.026781 -0.000747 -0.003274 -0.004514 4.992407 -0.020751 7.421268 5.6e-05 8.686335 -9e-06 7.324776 -0.002154 -19.698471
25.56669 148.301091 48.085303 688.93524 11.254281 158.249461 6.149041 68.895202 8.76412 49.56118 7.08258 76.749701 -31.23898 148.171335 -59.228641 769.874303 -11.597508 827.082464 -4.069937 954.296122 -2.075439 802.182069 -2.865699 769.002322 19.369364 -452.959649 0.31265 0.043137 -0.272359 -0.000892 -0.004256 -3.056729 -0.010762 -8.909784 0.010007 -6.243493 0.014571 -6.710558 0.233099 0.015159 0.250745 -0.188922 0.004735 2.939227 -0.03707 6.182564 0.003328 8.360886 0.023926 6.662993 0.001793 -29.054449
23.418028 160.347816 40.529555 711.773984 11.360509 149.117714 6.556264 60.649409 9.724876 44.186013 7.59284 69.792042 -34.209451 149.777442 -61.029522 742.840152 -15.464673 958.395354 -7.773051 1149.376413 -3.848813 1003.232309 -4.478972 948.543611 25.809575 -626.330039 -0.047147 0.235185 -0.322708 0.186207 0.000249 -0.13568 0.006528 -0.262698 0.024979 -0.154224 0.008873 -0.165265 -0.067444 0.004329 -0.013485 -0.241587 -0.277733 4.835248 -0.593841 9.06474 -0.27165 11.22936 -0.17937 9.409827 0.461379 -14.015574
23.769503 157.818015 30.628116 711.07431 9.950822 138.427012 6.004668 49.647364 9.868826 36.572967 7.57695 59.874294 -33.494785 140.224858 -58.2642 697.834695 -18.322031 1029.920314 -11.264722 1271.276532 -5.263986 1131.602696 -5.331731 1058.242446 29.547992 -761.304341 0.001309 -0.010058 -0.692249 -0.000172 -0.046675 -0.198805 -0.012117 -0.550096 0.000529 -0.359637 -8e-06 -0.379844 0.003772 -0.157372 0.032055 -0.703138 -0.121041 1.286887 -0.322938 3.071294 -0.110555 3.863034 -0.037132 3.000528 0.126376 -6.580033
25.351896 153.361178 27.886142 721.304244 9.299043 125.260729 5.403594 46.20793 9.391643 33.527254 7.249186 55.591694 -31.169492 134.653557 -55.754556 684.607984 -20.401924 1114.60377 -12.096543 1398.997741 -6.600904 1272.736327 -6.169455 1181.52343 31.739716 -893.122665 0.025494 -0.031918 -0.06428 0.036531 -0.011037 -0.32891 -0.015846 -0.061726 -0.005912 -0.066196 -0.003623 -0.079448 0.041822 -0.056466 0.027623 -0.063276 -0.055897 1.672652 -0.014814 3.056249 -0.075562 4.145815 -0.03055 3.395384 0.039202 -5.259747
23.280471 152.352331 20.650173 710.468077 7.059661 116.985446 4.243167 43.825844 8.338375 32.26505 6.239353 53.366889 -32.855344 129.956314 -57.131204 666.240884 -22.361043 1164.104808 -16.77525 1475.384573 -7.877628 1367.914326 -6.984289 1265.685126 32.425459 -980.008821 -0.044135 -0.001665 -0.542413 -0.041007 -0.154002 -0.141386 -0.070049 -0.031518 -0.031313 -0.012109 -0.037854 -0.022716 -0.022199 -0.041695 -0.008394 -0.124872 -0.044901 0.537726 -0.381617 1.015171 -0.056401 1.715826 -0.025262 1.447626 0.003664 -2.016214
24.122073 153.04527 18.08877 703.054764 6.151998 115.781776 3.46026 43.617985 7.664288 32.60243 5.523969 53.520836 -35.454947 132.636763 -56.077961 668.075722 -21.775678 1188.408822 -17.128041 1500.985505 -7.652675 1391.538318 -6.607153 1288.259896 30.633922 -998.147647 0.007472 0.000786 -0.084772 -0.01944 -0.031216 -0.003112 -0.039887 -0.000247 -0.014204 0.000877 -0.021773 0.000111 -0.049483 0.013681 0.0049 0.001262 0.003882 0.125547 -0.001836 0.110104 0.001629 0.101126 0.005233 0.099773 -0.025454 -0.083164
23.902374 156.395171 17.941127 711.24105 6.014048 116.059843 3.413387 45.160169 7.789811 34.255519 5.75968 55.216579 -34.329062 134.821128 -55.15605 671.334998 -20.71694 1208.510263 -16.803385 1525.149302 -7.093307 1419.076381 -6.194293 1313.171246 29.749929 -1012.372953 -0.000503 0.018133 -0.000303 0.023692 -0.000782 0.000167 -0.00016 0.013396 0.00051 0.02044 0.002462 0.013223 0.009083 0.00892 0.00382 0.003966 0.013192 0.084291 0.001553 0.096476 0.010613 0.134911 0.006659 0.119278 -0.006471 -0.050326
22.02583 156.446459 16.275085 731.843768 4.841921 115.975483 2.478388 45.111635 6.195866 34.186446 4.513198 55.131529 -36.388967 134.209398 -59.099308 674.756717 -22.328388 1240.202178 -18.808801 1571.950387 -8.078235 1462.462899 -7.090354 1350.413167 28.42354 -1049.451811 -0.038352 4e-06 -0.040585 0.147079 -0.063463 -1.5e-05 -0.074663 -1.3e-05 -0.091128 -3.5e-05 -0.075903 -3.3e-05 -0.030007 -0.000695 -0.068066 0.004349 -0.030174 0.205091 -0.05651 0.353632 -0.032004 0.326648 -0.030255 0.260369 -0.015123 -0.333431
22.778484 153.968232 16.861415 718.637525 5.285533 114.764072 2.763109 44.710634 6.670396 33.542407 4.847116 54.215181 -35.714077 132.303424 -57.234646 669.021684 -21.449094 1245.649348 -17.846854 1575.320216 -7.570191 1465.576862 -6.629019 1352.568454 28.45272 -1055.682801 0.006322 -0.009893 0.005188 -0.060121 0.00972 -0.00318 0.007739 -0.000895 0.008754 -0.003062 0.005958 -0.00384 0.003159 -0.006815 0.014945 -0.012238 0.008831 0.005968 0.012624 0.001804 0.008249 0.001656 0.007759 0.000859 7e-06 -0.009222
22.945376 152.556558 15.220443 710.163231 5.079429 110.991537 2.658384 42.626912 6.645634 31.710978 4.766149 51.870255 -36.324096 130.841484 -55.797869 675.867766 -20.292819 1271.550698 -17.070121 1605.828959 -7.091688 1509.429987 -6.193136 1394.313902 27.467401 -1103.577249 0.000305 -0.003251 -0.041995 -0.025131 -0.002049 -0.031523 -0.001012 -0.024861 -2.3e-05 -0.025706 -0.000341 -0.025919 -0.002583 -0.004061 0.009132 0.017425 0.016018 0.133263 0.00864 0.1463 0.00781 0.323226 0.007411 0.317229 -0.008681 -0.531238
23.248904 153.20488 13.764555 709.658687 4.778832 109.951587 2.539471 41.432061 6.698628 31.32182 4.795943 51.277408 -36.631313 130.518309 -54.838232 678.827732 -19.402299 1278.606048 -16.138551 1612.20619 -6.592545 1519.129176 -5.753902 1405.852614 26.581923 -1114.185523 0.000997 0.000687 -0.036587 -9e-05 -0.004584 -0.002447 -0.00136 -0.008492 0.000105 -0.001201 4.6e-05 -0.001704 -0.000647 -0.0002 0.004162 0.003234 0.00999 0.00976 0.013069 0.006319 0.009106 0.015531 0.008077 0.023774 -0.007254 -0.025372
22.832338 151.589038 14.722899 705.668688 4.707359 108.996792 2.466823 41.011299 6.405227 31.12209 4.706686 50.755506 -35.886831 129.239567 -54.308438 676.776583 -19.764106 1275.497067 -16.180937 1607.153669 -6.905343 1509.356579 -6.052787 1398.73825 26.61174 -1107.007419 -0.001883 -0.004283 0.016124 -0.005624 -0.000269 -0.002082 -0.000527 -0.001074 -0.003285 -0.000319 -0.000419 -0.001335 0.003822 -0.003148 0.001286 -0.001552 -0.001671 -0.001892 -2.8e-05 -0.003965 -0.003625 -0.015768 -0.003784 -0.009023 8e-06 0.011599
23.544708 151.772191 13.784243 701.196304 4.649113 104.009843 2.50294 36.923162 6.64837 29.272042 4.923685 48.131812 -35.47131 129.293103 -53.219685 675.860328 -18.625379 1276.927759 -15.096706 1611.726855 -6.152619 1516.994254 -5.325402 1402.690059 25.592374 -1124.813955 0.005471 5.5e-05 -0.015458 -0.007109 -0.000181 -0.058386 0.000131 -0.107298 0.002265 -0.028343 0.002445 -0.034812 0.00121 6e-06 0.005512 -0.00031 0.016892 0.000401 0.018798 0.003249 0.021713 0.009638 0.023274 0.002787 -0.009953 -0.071036
24.165126 150.717586 11.037145 695.078339 3.479713 100.69493 1.682634 34.929335 6.143988 27.60333 4.436487 45.948904 -35.276156 129.597048 -53.30673 675.280761 -18.354626 1270.042302 -14.827603 1603.728939 -5.923357 1506.617 -5.111721 1392.718777 24.132672 -1126.35934 0.004034 -0.001838 -0.152485 -0.013403 -0.084554 -0.026842 -0.08117 -0.027669 -0.009947 -0.024485 -0.012688 -0.025328 0.000269 0.000178 -3.6e-05 -0.000124 0.000991 -0.009307 0.00121 -0.009947 0.002176 -0.017808 0.002188 -0.017784 -0.02143 -0.00053
27.553499 155.171385 8.908805 707.33949 2.10363 103.305353 0.814072 36.93939 4.882507 28.789004 3.531495 47.171578 -31.78147 135.895506 -49.212215 690.590354 -15.753945 1279.042153 -12.506 1610.518424 -4.524094 1513.834226 -3.847878 1399.099849 18.806371 -1125.098236 0.111115 0.032426 -0.113878 0.0536 -0.172233 0.016702 -0.15595 0.028115 -0.072397 0.012466 -0.051561 0.008027 0.091124 0.074722 0.081798 0.085803 0.099292 0.015888 0.098772 0.007171 0.094128 0.008623 0.089587 0.007292 -0.331627 0.000353
25.918762 153.636184 7.479838 708.131379 0.878008 110.354269 0.03351 40.387269 2.630566 31.431799 1.719607 50.008361 -36.005511 135.797135 -52.484083 695.924344 -17.55406 1293.095076 -14.045625 1619.21792 -5.864433 1518.892689 -5.05635 1404.390503 16.350387 -1113.327786 -0.024994 -0.003816 -0.062416 0.000222 -0.263548 0.116308 -0.517251 0.076906 -0.345435 0.058018 -0.322498 0.041413 -0.131735 -1.8e-05 -0.052646 0.01026 -0.048679 0.03839 -0.044676 0.011716 -0.086829 0.004219 -0.082387 0.004992 -0.08589 0.030947
21.837971 153.131113 4.176711 706.429857 -0.026461 106.863573 -1.259173 38.364251 0.132478 29.781635 0.017517 48.04555 -42.365414 136.466844 -56.915473 722.702426 -20.25876 1332.043399 -16.669807 1666.759743 -7.772752 1561.702371 -6.761593 1439.477182 9.934734 -1160.160231 -0.17467 -0.000416 -0.477798 -0.001023 -1.209313 -0.02805 -1.703512 -0.025989 -1.582378 -0.022246 -1.390008 -0.019647 -0.258483 0.000824 -0.089787 0.252755 -0.096856 0.288948 -0.112304 0.343938 -0.13418 0.297468 -0.123674 0.216452 -0.794986 -0.482411
22.253166 155.568495 3.587067 708.096961 -0.216158 106.50373 -1.785109 38.418171 0.00184 29.57301 -0.029876 48.078359 -42.783457 135.628611 -60.307229 710.535918 -22.913695 1306.650093 -19.378257 1640.966077 -9.237492 1542.807452 -7.952081 1419.654167 9.500054 -1145.178117 0.001955 0.009623 -0.022423 0.000982 -0.091362 -0.000303 -0.045775 1.9e-05 -0.103095 -0.000367 -0.093147 6e-06 -0.001026 -0.001291 -0.049079 -0.051641 -0.081711 -0.122188 -0.101893 -0.100571 -0.063181 -0.0575 -0.04824 -0.06872 -0.004862 0.048684
24.015983 150.288428 3.879135 701.152111 -0.250542 101.223397 -2.066724 35.393432 -2.7e-05 26.933532 -0.057943 44.498219 -41.254961 130.472281 -58.349811 690.56357 -22.000856 1285.753156 -18.858362 1619.015736 -8.941214 1522.833373 -7.504343 1402.534246 8.909944 -1144.722309 0.033593 -0.045579 0.005715 -0.017112 -0.001268 -0.067123 -0.010308 -0.062002 -0.002316 -0.06168 -0.004606 -0.069252 0.013901 -0.049963 0.016146 -0.142358 0.009277 -0.084225 0.003535 -0.0739 0.002415 -0.065071 0.006486 -0.051927 -0.00946 4.5e-05
24.163895 151.138635 4.288001 703.191635 -0.187797 103.98091 -1.876902 38.340922 -0.001184 28.541971 -0.062178 46.090262 -42.071116 131.275737 -58.203978 699.814519 -21.535031 1298.721934 -18.227015 1632.51628 -8.432061 1534.896216 -7.162976 1413.237767 8.233441 -1144.82637 0.000227 0.001199 0.010241 0.001481 0.004514 0.018528 0.004571 0.058936 -0.000851 0.023322 -7.5e-05 0.013991 -0.003997 0.001233 9.1e-05 0.030776 0.002492 0.032539 0.005374 0.028028 0.007462 0.023794 0.003973 0.020344 -0.013353 -2e-06
26.190086 150.017386 4.873976 702.757675 -0.127599 103.146266 -1.650195 38.003891 0.008102 28.112532 -0.016576 45.469201 -40.119189 128.622328 -56.042348 690.101425 -20.532302 1291.624292 -17.401334 1619.581548 -7.97701 1521.726174 -6.602374 1402.425539 8.493547 -1136.174226 0.040782 -0.002087 0.018758 -6.7e-05 0.005798 -0.001682 0.007293 -0.000744 0.015479 -0.001628 0.014547 -0.002106 0.023181 -0.013545 0.020452 -0.033939 0.011952 -0.009724 0.009569 -0.025723 0.006311 -0.028373 0.01142 -0.02076 0.002022 0.016409
26.871762 148.98331 4.84381 684.460926 -0.10808 96.66607 -1.62466 34.790398 0.013265 25.513493 -0.014679 41.842324 -39.46905 128.476018 -55.124846 687.671096 -20.25715 1279.30884 -17.330544 1610.291431 -7.848178 1512.806808 -6.487583 1392.314633 8.506754 -1145.397986 0.004379 -0.001788 -4.7e-05 -0.120668 0.00081 -0.105109 0.0001 -0.070964 0.000633 -0.06302 5.8e-05 -0.075362 0.002655 -4.2e-05 0.003786 -0.002143 0.000928 -0.029497 7.2e-05 -0.013361 0.000524 -0.013108 0.000503 -0.01829 5e-06 -0.018645
26.89797 147.880391 4.726518 686.099888 -0.1059 96.563718 -1.655452 34.733221 0.017144 25.203647 -0.013018 41.411998 -39.825516 127.74929 -54.038459 683.470449 -19.184214 1286.429904 -16.159917 1624.168045 -7.190249 1524.032885 -5.972665 1402.038737 7.90958 -1157.26109 6e-06 -0.002049 -0.000719 0.00098 1.1e-05 -2.7e-05 -0.000145 -2.4e-05 0.000248 -0.000946 5e-05 -0.001112 -0.000801 -0.001031 0.005406 -0.006435 0.014596 0.009882 0.020465 0.029767 0.014399 0.020749 0.010644 0.01692 -0.010865 -0.030559
27.025668 149.049813 4.66975 700.667976 -0.114772 97.97768 -1.646446 35.317871 0.015252 25.384589 -0.013186 41.818924 -40.042586 128.06666 -55.216358 685.576031 -19.875529 1273.9591 -16.638137 1609.694004 -7.405624 1509.238251 -6.213355 1387.763904 8.093048 -1143.156917 0.000151 0.002303 -0.000171 0.076521 -0.000178 0.005139 1.2e-05 0.00244 -5.5e-05 0.000324 -1e-06 0.000995 -0.000295 0.000197 -0.00635 0.001619 -0.006118 -0.030371 -0.003487 -0.032391 -0.001589 -0.03608 -0.002377 -0.036521 0.001052 0.043238
26.598274 149.760081 4.614529 697.796749 -0.091214 96.758919 -1.526497 34.174842 0.025409 24.954584 -0.009991 41.642959 -40.384542 130.297706 -54.139501 690.599753 -19.052394 1283.519614 -15.841197 1621.974445 -6.953512 1518.407227 -5.749328 1396.458266 7.819584 -1154.048463 -0.001703 0.000844 -0.000164 -0.002948 0.001352 -0.003814 0.002268 -0.009401 0.001289 -0.001837 0.000221 -0.000185 -0.000727 0.009633 0.005302 0.00917 0.008704 0.01787 0.009779 0.023333 0.007119 0.013884 0.009003 0.013575 -0.00235 -0.02582
26.323922 149.608036 4.052232 704.210057 -0.075277 97.840732 -1.261274 34.658193 0.099367 25.619248 0.000447 42.520079 -40.845348 130.438242 -53.523453 695.471097 -18.789548 1285.746744 -15.493047 1621.711601 -6.974778 1518.814406 -5.721892 1397.728384 8.739152 -1149.916823 -0.000711 -3.9e-05 -0.01826 0.014669 0.000765 0.003007 0.012645 0.001697 0.024281 0.004368 0.014666 0.004571 -0.001307 3.8e-05 0.001763 0.00856 0.000913 0.000965 0.001934 -1.1e-05 -1.6e-05 2.7e-05 3.3e-05 0.000289 0.025553 0.003705
27.003301 150.261686 4.482783 710.255361 -0.071158 98.577315 -1.377331 34.924791 0.076291 25.855926 2e-06 42.774919 -40.308632 131.92826 -52.454465 702.055182 -17.501431 1297.42464 -14.190144 1635.967497 -6.117718 1532.234103 -5.02525 1410.402214 7.560355 -1160.007971 0.004328 0.000712 0.010867 0.012919 5.8e-05 0.001381 -0.002554 0.000511 -0.001522 0.000544 -0.000385 0.000381 0.001775 0.004231 0.005392 0.01551 0.022867 0.026397 0.028608 0.031193 0.028083 0.029513 0.022602 0.0286 -0.042682 -0.022042
27.033229 150.708439 4.418427 712.220423 -0.066094 98.761744 -1.372942 34.978071 0.074513 25.979549 4.1e-05 42.853389 -40.79093 133.634748 -52.370363 702.502513 -17.336599 1299.088627 -14.114332 1637.779982 -6.001951 1533.645517 -4.924373 1411.780554 7.413963 -1160.408741 8e-06 0.000332 -0.000233 0.001357 9.3e-05 8.6e-05 4e-06 2e-05 -1e-05 0.000147 2.4e-05 3.6e-05 -0.001434 0.005483 3.4e-05 7.1e-05 0.00039 0.000533 0.000102 0.000502 0.000553 0.000325 0.000511 0.000337 -0.000716 -3.5e-05
26.195271 155.216531 4.982504 707.867473 -0.073608 101.540276 -1.584854 37.227441 0.008263 27.700651 -0.022843 45.206445 -42.778935 136.567268 -55.312289 714.454078 -18.030081 1328.495944 -14.452859 1677.690021 -5.991559 1572.567714 -4.955664 1447.657042 6.444841 -1182.842206 -0.006596 0.033217 0.016938 -0.006671 -0.000202 0.019272 -0.007601 0.035045 -0.033149 0.027598 -0.024814 0.031444 -0.023649 0.015914 -0.040195 0.050405 -0.0068 0.164565 -0.002006 0.240218 5e-06 0.243866 -5e-05 0.225075 -0.033926 -0.107388
26.153007 162.770942 7.775378 730.221242 -0.027402 108.915537 -1.514312 42.709336 0.009656 31.486258 -0.018331 50.462885 -43.598226 143.530472 -57.176085 733.425479 -18.074272 1358.699666 -14.48063 1713.65974 -5.989604 1606.640921 -4.968411 1480.404581 6.480237 -1188.295607 -1.7e-05 0.089748 0.309452 0.173745 0.011188 0.12927 0.000803 0.18819 5.4e-05 0.121188 0.000248 0.144514 -0.003886 0.086566 -0.015441 0.124295 -2.7e-05 0.169748 -1.3e-05 0.190758 0.0 0.182595 -8e-06 0.183131 4.8e-05 -0.006271
25.534091 169.735664 9.271654 766.999829 0.042458 129.216461 -0.841063 54.815856 0.102862 36.443028 0.008644 58.503713 -45.211374 149.565972 -61.587417 771.134207 -20.840536 1371.358593 -16.258666 1713.832957 -7.404131 1585.987769 -6.401999 1467.467744 9.252389 -1141.605687 -0.003706 0.07295 0.065794 0.451793 0.138077 0.866912 0.098269 0.754353 0.049487 0.181088 0.05215 0.297078 -0.014652 0.062149 -0.081955 0.472621 -0.098445 0.029349 -0.051466 4e-06 -0.074904 -0.066803 -0.090736 -0.028387 0.246158 0.467867
23.388616 163.623832 22.745383 775.663616 0.736251 201.28566 -0.579034 116.893596 0.449041 78.14382 0.196666 108.968854 -43.476031 147.219074 -59.258324 773.593941 -19.553478 1368.303888 -14.656946 1706.143614 -6.345089 1571.466678 -5.666308 1456.473965 10.170047 -948.752713 -0.047067 -0.056032 2.973117 0.024329 0.425101 7.953392 0.024384 11.614199 0.12207 7.857331 0.12285 7.784339 0.016979 -0.009279 0.022447 0.001958 0.02051 -0.001703 0.04152 -0.008644 0.040847 -0.033391 0.022445 -0.020668 0.021691 8.915158
24.729013 162.415931 32.762481 823.949187 2.087478 285.145009 0.019183 195.769799 1.451458 136.997867 1.126426 172.978248 -38.962726 150.673026 -55.97615 780.23376 -19.553715 1344.120849 -14.492699 1668.639114 -6.399466 1535.349507 -5.893395 1425.099608 13.946351 -755.09145 0.018673 -0.002238 0.911337 0.728935 0.344287 7.283087 0.809003 10.112667 0.285861 8.20656 0.381753 7.362023 0.123639 0.020024 0.046752 0.014187 -0.0 -0.107806 0.000463 -0.208403 -0.000116 -0.209941 -0.002231 -0.170806 0.297494 11.04168
21.413388 163.427106 41.857979 844.328421 5.585808 394.937992 0.501216 322.513217 3.217554 230.44735 2.663246 267.871676 -35.608932 148.95501 -54.980805 771.647067 -18.740335 1323.018641 -12.840552 1646.854315 -5.773621 1495.862456 -5.496573 1390.018337 17.611369 -552.056786 -0.119278 0.001569 0.5564 0.124478 0.843864 8.921032 0.324288 15.736112 0.346908 12.081767 0.325599 10.334079 0.075455 -0.004925 0.004464 -0.023756 0.008639 -0.083481 0.049977 -0.07157 0.016099 -0.257206 0.006915 -0.218595 0.213545 15.864597
22.249905 166.838266 46.312767 852.527893 18.0536 575.949407 10.060098 560.960983 9.819941 434.594124 8.840089 456.404088 -33.785698 155.388414 -52.11463 774.583809 -17.171114 1343.018621 -11.417938 1668.267343 -4.737098 1511.718556 -4.618883 1401.888093 28.197862 -325.221688 0.008014 0.017617 0.11261 0.019811 3.555191 17.023043 6.070309 32.78664 1.795397 32.108415 1.799041 24.968312 0.023955 0.068004 0.03836 0.002789 0.034301 0.075019 0.04175 0.069156 0.051234 0.041797 0.038149 0.025232 1.240051 29.833279
25.307918 165.324419 43.872418 729.816697 42.458536 790.339853 44.044957 875.190986 38.355612 776.148588 32.505405 767.142459 -30.125693 158.240538 -49.001951 762.787666 -15.95825 1339.738431 -10.963407 1660.093019 -4.616296 1517.973861 -4.174543 1412.675402 69.584752 -123.248644 0.098418 -0.00345 -0.033023 -4.765317 5.1396 16.925307 12.005336 34.798344 9.360616 49.175468 7.442652 40.116018 0.104885 0.012969 0.04792 -0.045256 0.022209 -0.002005 0.004616 -0.010038 0.00078 0.006458 0.011234 0.020672 9.190487 48.054887
28.354879 161.294704 54.798558 683.595739 76.363151 1037.506841 86.646935 1216.323173 80.06454 1124.2477 67.388106 1090.443128 -29.164592 159.112165 -46.066512 765.450075 -14.088324 1345.068974 -9.528404 1661.581809 -3.095209 1524.145044 -2.841212 1420.895019 114.644123 -30.365578 0.086573 -0.02486 0.606808 -0.755954 4.939861 16.788435 7.138494 28.00736 7.588307 32.152979 6.288432 28.350531 0.00779 0.001197 0.04533 0.002319 0.058243 0.005292 0.050307 0.000334 0.151505 0.006259 0.127864 0.011922 5.595363 31.262004
25.81551 160.021471 56.707959 670.559334 113.268108 1215.488693 144.872798 1434.82467 141.128698 1403.514584 117.523535 1359.047703 -29.983779 164.060159 -47.353433 746.653908 -16.288168 1393.515669 -13.713829 1692.939707 -5.058602 1593.601343 -3.986985 1500.978577 199.625635 -6.034032 -0.059552 -0.002523 0.016349 -0.062752 3.625779 7.041096 7.441319 9.019538 8.595926 15.47405 6.926378 14.771768 -0.005673 0.037881 -0.008865 -0.116827 -0.07976 0.428555 -0.379958 0.146569 -0.239917 0.77376 -0.096817 1.097683 11.70799 9.327346
29.652282 155.966783 60.628475 680.208859 124.407372 1299.686359 157.077959 1550.998869 153.328997 1509.517059 127.522425 1456.742397 -27.692621 166.861286 -42.630298 765.178003 -12.829213 1417.052476 -9.99958 1735.196218 -2.889703 1619.122223 -2.286063 1524.406608 198.317403 -1.92048 0.132856 -0.026015 0.065516 0.034467 0.261178 1.40969 0.246773 2.260943 0.252857 1.929304 0.204083 1.695284 0.045525 0.011855 0.124041 0.11349 0.206181 0.098555 0.292689 0.260445 0.301644 0.101367 0.235002 0.090713 -0.00215 1.146211
29.246797 154.741711 63.93228 696.600794 131.645185 1386.889635 165.769837 1666.959533 160.307514 1632.23669 133.354803 1567.307071 -28.74134 155.756343 -42.010557 740.533974 -12.234669 1400.883336 -9.446742 1721.418409 -2.585652 1611.25453 -1.986541 1519.884991 203.611684 0.067868 -0.001396 -0.002415 0.043822 0.097583 0.102316 1.415634 0.117025 2.090028 0.077647 2.397683 0.065205 2.021897 -0.009745 -0.19118 0.002269 -0.201688 0.007053 -0.046389 0.00786 -0.027459 0.008449 -0.009581 0.010512 -0.003358 0.03487 2.710396
29.881286 153.003537 67.501082 702.374712 140.584279 1430.837965 178.316832 1711.635083 175.343785 1686.301059 145.96288 1621.052783 -29.191702 148.87951 -43.359071 720.23466 -12.97409 1372.463334 -10.409153 1686.21833 -2.971124 1583.853086 -2.244152 1495.684493 223.96436 1.605148 0.003404 -0.004909 0.048461 0.011915 0.146804 0.342754 0.228837 0.295388 0.336961 0.440427 0.284702 0.453024 -0.001751 -0.077629 -0.010651 -0.14105 -0.010847 -0.145621 -0.023338 -0.181809 -0.013386 -0.1175 -0.00785 -0.097108 0.48467 1.012902
29.679877 157.694863 69.556314 729.171461 144.423038 1554.20448 187.256385 1867.989135 184.83091 1864.677705 152.561638 1785.888718 -28.396059 149.010302 -42.961695 737.387549 -11.93417 1406.679186 -9.22496 1731.779731 -2.335734 1621.397416 -1.741421 1533.54398 228.722188 8.499176 -0.000341 0.03542 0.01541 0.250823 0.025853 2.550349 0.109318 3.416317 0.124969 4.483035 0.07294 3.989914 0.005497 2.9e-05 0.000915 0.100929 0.021718 0.210635 0.035744 0.303677 0.038175 0.219893 0.031834 0.236594 0.025004 2.717191
29.230553 158.837031 69.228215 737.790625 145.43767 1581.799492 187.441744 1893.47039 184.803846 1901.135589 152.734697 1822.988552 -29.482516 145.571113 -42.688538 728.433203 -11.928303 1402.194299 -9.750246 1719.237177 -2.527821 1620.915516 -1.852874 1533.415138 230.559019 11.165078 -0.001714 0.002061 -0.000388 0.025321 0.001776 0.121412 4.6e-05 0.08631 -1e-06 0.176484 4.9e-05 0.190701 -0.010198 -0.020077 0.000436 -0.02735 1e-06 -0.00358 -0.007272 -0.022793 -0.003795 -3.6e-05 -0.001728 -3e-06 0.003673 0.181547
28.599286 158.219995 68.096501 738.302317 146.540983 1610.863371 189.458852 1913.903955 187.567273 1936.3808 155.297187 1860.88579 -29.977676 143.949948 -42.978222 728.263977 -13.246426 1400.434737 -11.249583 1713.041461 -3.404539 1619.345521 -2.546182 1533.025843 241.512095 14.161935 -0.003446 -0.0006 -0.004663 8.9e-05 0.002085 0.132292 0.005398 0.054832 0.010254 0.161856 0.010659 0.194936 -0.002062 -0.004539 -0.00049 -1e-05 -0.034531 -0.000552 -0.053593 -0.005592 -0.065141 -0.00038 -0.054977 -2.5e-05 0.127085 0.177929
29.149852 158.877298 69.062277 737.926951 147.973401 1596.290738 190.879688 1900.54361 188.54895 1916.816703 156.216623 1839.039854 -29.860143 143.18449 -43.475049 722.171182 -13.05214 1397.522265 -10.998011 1708.018449 -3.223779 1615.85894 -2.434073 1529.831201 241.08156 12.84303 0.002625 0.000681 0.0034 -4.8e-05 0.003483 -0.033108 0.002654 -0.023398 0.001281 -0.049667 0.001357 -0.064494 0.000115 -0.00102 -0.001428 -0.012797 0.000718 -0.001516 0.001422 -0.003688 0.002465 -0.001879 0.001262 -0.001666 -0.000192 -0.032226
29.133892 159.489291 68.890007 746.045877 149.369658 1626.405914 193.707916 1932.153482 191.987737 1952.593458 159.050594 1874.039682 -29.957903 140.931494 -43.4389 719.525243 -13.153027 1399.122144 -11.315933 1709.95322 -3.360449 1617.925408 -2.516254 1531.779872 246.148383 15.718975 -2e-06 0.000588 -0.000108 0.02221 0.003278 0.140712 0.010399 0.130352 0.015538 0.1654 0.012738 0.164959 -8e-05 -0.008933 8e-06 -0.002428 -0.000194 0.000458 -0.002265 0.000548 -0.001419 0.00066 -0.000682 0.00062 0.026346 0.14516
29.332409 159.604707 69.163362 750.613125 150.124283 1625.362121 194.029758 1928.759718 191.799648 1941.472758 158.997378 1864.816952 -30.039061 139.086576 -43.646923 715.981965 -13.285068 1392.553509 -11.341692 1702.090619 -3.389115 1610.18093 -2.552558 1524.832046 246.180179 15.484908 0.000337 2.1e-05 0.000271 0.006969 0.000951 -0.000168 0.000134 -0.001492 -4.6e-05 -0.015879 -4e-06 -0.011375 -5.5e-05 -0.006078 -0.000248 -0.004373 -0.00033 -0.007728 -1.5e-05 -0.009059 -6.1e-05 -0.00929 -0.00013 -0.007896 1e-06 -0.000878
29.278911 160.323438 68.863493 747.980091 149.370387 1611.990564 193.054103 1917.484552 189.630687 1925.774607 157.411909 1848.519018 -30.235913 138.819585 -43.804026 715.391658 -13.361738 1392.405822 -11.399476 1701.886522 -3.431338 1612.779428 -2.602125 1527.112459 244.079162 13.86984 -2.4e-05 0.000807 -0.000326 -0.002313 -0.000949 -0.027615 -0.00123 -0.016526 -0.006167 -0.031862 -0.003972 -0.035766 -0.000321 -0.000128 -0.000141 -0.000122 -0.00011 -4e-06 -7.3e-05 -6e-06 -0.000131 0.001048 -0.000238 0.000852 -0.004502 -0.044463
28.629193 165.094506 67.288228 766.936277 147.757848 1684.931393 190.860913 2003.171407 187.47504 2029.919634 155.741837 1947.509023 -30.885026 139.492191 -45.827007 717.535593 -14.485099 1398.467862 -12.572654 1707.470889 -3.989747 1615.698174 -3.078223 1533.29727 246.163159 23.608727 -0.003645 0.034977 -0.009113 0.118604 -0.004376 0.806967 -0.006265 0.936465 -0.006161 1.371196 -0.004453 1.290913 -0.003447 0.000813 -0.022832 0.001604 -0.022668 0.006584 -0.028724 0.004573 -0.021039 0.001319 -0.019987 0.006249 0.00443 1.287448
28.120243 167.824097 65.455162 772.720353 143.477491 1693.512158 185.792736 2012.776792 182.320952 2039.307302 150.605064 1956.323673 -31.906122 140.902625 -47.183082 722.806904 -14.636233 1408.295928 -12.674772 1718.184015 -4.076457 1628.12026 -3.154782 1544.91313 240.921665 23.123768 -0.002282 0.01119 -0.012657 0.010865 -0.031456 0.010897 -0.0341 0.011487 -0.03592 0.010829 -0.043069 0.009952 -0.008303 0.003547 -0.009886 0.009646 -0.000392 0.017207 -0.000207 0.016752 -0.000466 0.023785 -0.00047 0.021917 -0.028203 -0.002516
27.778851 168.66015 64.454536 773.907135 141.999571 1702.229067 184.448628 2024.557889 181.013702 2053.684525 149.264049 1970.41697 -32.093421 139.363183 -47.50741 722.656279 -14.761919 1409.097264 -12.792285 1718.937653 -4.138403 1629.195012 -3.211997 1546.675874 239.891767 24.54517 -0.001043 0.001039 -0.003854 0.000455 -0.003826 0.011188 -0.00244 0.017189 -0.002352 0.025251 -0.002999 0.025291 -0.000274 -0.004228 -0.000555 -8e-06 -0.000269 0.000114 -0.000271 8.3e-05 -0.000234 0.000177 -0.000257 0.000503 -0.001103 0.021197
26.53861 172.995573 62.360844 789.026678 139.485644 1720.667442 181.751586 2040.210187 178.636462 2067.743082 147.1357 1984.057969 -32.988449 139.799785 -48.603382 725.717679 -15.346879 1415.822499 -13.268736 1725.825879 -4.422613 1635.03295 -3.524397 1553.336109 239.274371 25.370386 -0.014161 0.027508 -0.017284 0.073134 -0.011226 0.049662 -0.009932 0.030136 -0.007857 0.023978 -0.007642 0.023527 -0.006155 0.000341 -0.006249 0.003235 -0.005683 0.008005 -0.004356 0.006887 -0.004719 0.00522 -0.007248 0.007155 -0.000398 0.006822
25.632976 172.692154 61.062074 798.854259 135.362118 1789.695259 176.971071 2125.061856 172.671633 2167.777114 141.646076 2074.211278 -33.771772 138.681201 -48.973166 725.105395 -15.149253 1419.626544 -13.142761 1729.117272 -4.308341 1643.06037 -3.463188 1560.991568 231.530069 36.297159 -0.007861 -0.000133 -0.006834 0.030412 -0.030934 0.678748 -0.031855 0.864356 -0.050642 1.181461 -0.052182 1.001489 -0.004596 -0.002247 -0.000701 -0.000129 0.00064 0.002552 0.0003 0.001568 0.000748 0.009829 0.000268 0.009409 -0.063698 0.975768
25.187521 177.381885 60.213903 811.74061 135.796024 1784.319801 178.455192 2110.731675 175.692184 2143.511723 143.870293 2054.079991 -34.449722 140.380676 -50.047146 729.964524 -15.615662 1429.648219 -13.587884 1739.152444 -4.55587 1653.198266 -3.684488 1570.91028 236.83182 31.793064 -0.001952 0.031414 -0.002966 0.051553 0.000347 -0.004042 0.003099 -0.02424 0.013095 -0.068287 0.008664 -0.049085 -0.003369 0.005175 -0.005824 0.008113 -0.003536 0.017625 -0.003706 0.014518 -0.003457 0.01559 -0.003427 0.015706 0.030008 -0.149134
25.017241 173.932895 61.079402 798.660197 134.535794 1765.761468 175.769776 2096.715254 171.507369 2131.808906 140.33873 2041.656189 -33.544685 137.942782 -49.629139 719.828094 -16.033437 1412.331317 -14.153771 1720.053834 -4.860747 1632.699797 -3.91592 1551.443262 234.11425 33.233335 -0.000289 -0.01693 0.003088 -0.053123 -0.002937 -0.048508 -0.010179 -0.023347 -0.025221 -0.016017 -0.021942 -0.018843 0.006023 -0.010677 0.000876 -0.035436 -0.002757 -0.052759 -0.005772 -0.052723 -0.004937 -0.063939 -0.003524 -0.060686 -0.007841 0.015952
25.907597 171.487621 61.370426 788.36665 132.748404 1746.832026 173.381029 2074.016102 168.580893 2109.445098 137.805326 2020.540496 -32.832389 134.260431 -47.907987 708.317443 -15.913065 1400.966327 -14.367444 1706.810388 -5.00528 1627.897801 -3.96355 1546.404672 231.682461 31.152922 0.007784 -0.008655 0.000346 -0.033383 -0.005976 -0.051006 -0.008172 -0.06177 -0.012591 -0.058962 -0.011538 -0.054881 0.003822 -0.024908 0.015187 -0.046388 0.000227 -0.022956 -0.0008 -0.02559 -0.001059 -0.003536 -0.000144 -0.004098 -0.006348 -0.033619
25.95355 171.575053 61.388358 791.461102 132.911899 1757.310163 173.703905 2090.655972 168.736173 2123.757184 138.001593 2031.980446 -33.004096 134.052076 -48.348865 708.748674 -16.027232 1401.319735 -14.354117 1707.964994 -5.04791 1627.061972 -4.015218 1545.25543 232.154108 33.032421 2e-05 1.1e-05 1e-06 0.003031 5e-05 0.015666 0.00015 0.033242 3.6e-05 0.024194 7e-05 0.016147 -0.000224 -8.1e-05 -0.00101 6.6e-05 -0.000204 2.2e-05 3e-06 0.000195 -9e-05 -0.000107 -0.000167 -0.000214 0.00024 0.027524
25.909963 171.080342 61.150229 790.242332 132.728077 1756.671818 173.357641 2085.258645 168.096781 2117.688 137.283983 2028.07165 -33.580045 132.915885 -49.442542 708.155171 -16.483819 1400.591326 -14.61492 1708.425911 -5.18904 1625.811274 -4.145706 1543.564918 232.353949 32.455741 -1.8e-05 -0.000357 -0.000231 -0.00047 -6.4e-05 -5.8e-05 -0.000173 -0.003488 -0.000607 -0.004342 -0.000935 -0.001882 -0.002491 -0.002418 -0.006116 -0.000124 -0.003206 -9.5e-05 -0.001174 3.1e-05 -0.000973 -0.00024 -0.001043 -0.000463 4.3e-05 -0.002539
24.956758 172.503201 59.688064 791.273976 131.270547 1741.492027 171.336619 2076.938451 166.221233 2099.258905 135.573293 2007.889098 -35.539821 132.348951 -52.658766 707.151969 -17.661332 1401.512968 -15.554647 1715.905577 -5.651052 1627.912231 -4.613479 1545.003797 233.169099 29.923918 -0.008932 0.002946 -0.008847 0.000336 -0.004024 -0.032935 -0.005925 -0.008316 -0.005261 -0.04027 -0.005363 -0.050464 -0.027789 -0.000606 -0.050669 -0.000356 -0.02031 0.000152 -0.014639 0.008169 -0.00985 0.000678 -0.012499 0.000335 0.000714 -0.051401
24.835061 172.645631 59.548432 790.452126 130.730784 1738.130971 170.590627 2073.909968 165.624059 2097.446767 135.016435 2005.106767 -35.686868 132.053918 -52.855578 706.319917 -17.736308 1399.979742 -15.585646 1714.450885 -5.679227 1626.504952 -4.649421 1543.679198 232.642234 29.898361 -0.000149 2.9e-05 -8.2e-05 -0.000214 -0.000556 -0.001623 -0.000814 -0.001105 -0.000537 -0.000391 -0.000573 -0.000965 -0.000152 -0.000165 -0.000184 -0.000245 -7.9e-05 -0.00042 -1.5e-05 -0.000308 -3.5e-05 -0.000304 -7e-05 -0.000284 -0.000298 -5e-06
24.560824 172.743776 57.002877 790.449948 128.367742 1727.724873 168.007922 2063.697127 164.022294 2080.630576 133.701248 1989.711471 -36.013129 132.379261 -53.87738 707.224248 -17.60224 1399.754725 -15.188997 1714.324773 -5.479845 1624.278545 -4.515578 1541.64691 229.462684 28.212993 -0.000761 1.4e-05 -0.027802 -0.0 -0.010776 -0.015622 -0.00985 -0.012604 -0.003892 -0.033842 -0.003218 -0.029665 -0.000742 0.0002 -0.004891 0.000289 0.000254 -9e-06 0.002556 -2e-06 0.001781 -0.000762 0.000977 -0.000669 -0.010939 -0.024445
23.037519 176.108868 54.889577 797.406944 127.686982 1743.533265 167.841085 2079.006681 164.85159 2102.086932 134.228042 2011.769049 -36.253577 134.156302 -54.110516 714.950442 -17.64891 1404.121356 -14.922108 1717.349277 -5.53636 1623.562766 -4.561164 1541.323965 230.809061 30.85873 -0.024382 0.01623 -0.019959 0.015241 -0.000905 0.035997 -4.1e-05 0.028289 0.001046 0.055033 0.000518 0.060795 -0.0004 0.005924 -0.000252 0.020987 -3.1e-05 0.0034 0.001183 0.001333 -0.000145 -7.9e-05 -0.000114 -1.7e-05 0.001969 0.059279
23.790198 178.505995 55.592005 805.207249 127.644688 1753.22451 167.260586 2084.149921 164.867355 2109.561993 134.609502 2020.793157 -34.920529 136.713165 -53.509456 717.922826 -18.058615 1403.329698 -15.599391 1714.458289 -5.912424 1620.612206 -4.924532 1540.528681 233.222255 32.184521 0.006049 0.008102 0.002233 0.018983 -4e-06 0.01343 -0.000503 0.003177 0.0 0.006634 0.000271 0.010097 0.012485 0.012068 0.001678 0.003083 -0.002351 -0.000112 -0.007515 -0.001218 -0.006178 -0.001342 -0.006962 -0.000103 0.006275 0.013942
23.665873 180.286363 55.225083 809.705576 128.098297 1755.174472 168.13094 2084.590491 166.547682 2109.551317 136.056478 2020.920432 -35.332644 136.713514 -53.624231 718.168314 -18.146996 1404.488117 -15.780311 1715.507098 -5.992026 1622.639692 -4.98418 1542.404794 235.720654 31.89821 -0.000163 0.004417 -0.000607 0.006265 0.000402 0.000542 0.001129 2.3e-05 0.00426 -0.0 0.003868 2e-06 -0.001209 0.0 -6.1e-05 2.1e-05 -0.000108 0.000239 -0.000522 0.00016 -0.000266 0.000634 -0.00018 0.000571 0.006655 -0.00064
23.630395 182.014526 55.294825 815.05973 128.233524 1761.572933 168.365509 2092.930072 166.315152 2116.720138 135.781854 2027.836248 -35.861234 138.046759 -53.992199 720.894335 -18.349366 1407.829147 -16.027352 1720.92978 -6.089562 1628.786286 -5.050883 1547.871372 236.053326 31.918007 -1.3e-05 0.004122 2.2e-05 0.008822 3.6e-05 0.005821 8.2e-05 0.008324 -8.1e-05 0.00608 -0.000139 0.005907 -0.001962 0.003235 -0.000629 0.002582 -0.000561 0.001985 -0.000959 0.004278 -0.000394 0.00581 -0.000222 0.004835 0.000117 3e-06
23.302851 183.021656 55.617784 814.413395 126.816525 1760.847773 166.198948 2094.152687 163.132049 2117.666056 132.993547 2027.233179 -36.393138 138.051872 -54.394785 718.589271 -18.703455 1406.390819 -16.39404 1720.019226 -6.293127 1628.492102 -5.226146 1548.002931 233.506706 32.075527 -0.001143 0.001389 0.00047 -0.000128 -0.003936 -7.5e-05 -0.007015 0.000178 -0.015378 0.000106 -0.014463 -4.5e-05 -0.001958 0.0 -0.000748 -0.001846 -0.001692 -0.000368 -0.002074 -0.00012 -0.001673 -1.3e-05 -0.001495 3e-06 -0.006906 0.000194
]