11-08-20_Colby_4KDepth.monkey_in_box.0000000006 [ 49.412747 226.367602 116.933554 1181.44906 273.583129 2383.447484 365.451626 2699.259426 372.400808 2704.217697 320.269893 2644.253033 -56.706523 221.593462 -146.365701 1201.111264 -285.28946 2756.785815 -365.539596 3122.687112 -362.242265 3171.830581 -310.079617 3096.972783 1469.215908 -18.635747 0.0 0.0 0.0 0.0 0.0 0.0 0.0 0.0 0.0 0.0 0.0 0.0 0.0 0.0 0.0 0.0 0.0 0.0 0.0 0.0 0.0 0.0 0.0 0.0 0.0 0.0
51.670661 206.670906 123.57005 1129.157246 265.95526 2297.524522 354.384011 2695.854414 351.40248 2714.556244 297.279045 2619.998797 -60.084145 223.601192 -134.040827 1175.567694 -262.552409 2694.034997 -339.878724 3176.631048 -322.133116 3180.914399 -267.236881 3045.119345 1346.434921 -18.474457 0.025221 -0.448183 0.091582 -0.591789 -0.053923 -0.788659 -0.085088 -0.001075 -0.304656 0.009863 -0.428114 -0.055874 -0.048851 0.004527 0.270992 -0.13727 0.472031 -0.361211 0.466885 0.230978 1.176348 0.006494 1.591877 -0.218885 -2.678305 0.000351
57.354792 200.259685 119.711063 1136.213404 244.104305 2339.964892 327.46241 2779.752382 322.971304 2788.494296 273.770479 2682.038849 -58.230446 227.397471 -127.832437 1167.137121 -252.978466 2633.473987 -328.742016 3157.559811 -303.695149 3197.639496 -244.359908 3037.914148 1253.036372 -13.998665 0.148274 -0.050508 -0.030608 0.010989 -0.468263 0.194202 -0.531685 0.642786 -0.599587 0.496732 -0.484097 0.362983 0.014522 0.015978 0.073603 -0.015169 0.088907 -0.344228 0.092754 -0.02871 0.271666 0.021927 0.511749 -0.004267 -1.678439 0.30993
55.664112 206.538368 124.316973 1133.405159 257.225875 2347.318377 338.21358 2761.968903 337.594968 2778.863738 288.456992 2686.136018 -54.781175 228.767082 -124.806316 1158.770366 -242.875112 2668.393941 -312.150532 3180.359411 -293.484155 3202.648002 -243.603827 3059.871526 1260.614743 -15.031237 -0.012646 0.048457 0.043471 -0.001737 0.171748 0.005768 0.086825 -0.028534 0.16189 -0.00833 0.191853 0.001564 0.052651 0.002056 0.018124 -0.015048 0.102942 0.114999 0.214797 0.041009 0.087304 0.00196 0.000586 0.039533 0.011424 -0.01837
55.151136 203.495775 126.102277 1117.776001 258.038504 2354.911028 338.415523 2775.805161 334.542675 2810.06566 286.147455 2718.465594 -52.425287 227.726288 -118.52573 1142.490766 -223.833878 2649.641915 -290.031582 3159.547272 -265.895192 3191.030996 -221.351745 3057.098966 1196.938626 -12.104547 -0.001187 -0.011289 0.006364 -0.054255 0.000641 0.00613 3e-05 0.017285 -0.006931 0.087098 -0.004641 0.096696 0.025889 -0.001186 0.081067 -0.057583 0.388593 -0.033061 0.406366 -0.03416 0.680767 -0.010554 0.532781 -0.000628 -0.825074 0.158289
57.430653 204.686617 119.97089 1122.018045 248.429598 2358.087152 324.031355 2753.921771 327.750244 2784.96015 281.229677 2701.70825 -53.16665 225.079865 -117.382132 1120.270148 -217.533865 2589.701877 -277.50095 3048.913891 -255.264853 3083.02451 -212.885264 2959.258184 1161.506645 -7.574981 0.02308 0.001737 -0.0764 0.004017 -0.09116 0.00107 -0.156185 -0.043301 -0.034832 -0.056326 -0.021313 -0.025904 -0.002603 -0.007734 0.002772 -0.109107 0.044965 -0.342879 0.13835 -0.985809 0.108427 -0.929723 0.082545 -0.795619 -0.26617 0.52837
56.434669 205.807304 118.658859 1116.284311 248.204741 2334.740738 324.354389 2724.006995 328.406218 2753.035077 282.10938 2669.60442 -51.531893 219.368288 -117.322535 1100.326187 -213.880454 2564.860456 -274.087936 3007.750353 -249.707033 3046.214069 -208.149086 2953.13801 1150.84475 -7.415521 -0.004356 0.00153 -0.003607 -0.007344 -5.1e-05 -0.058074 8e-05 -0.081682 0.000328 -0.092021 0.000687 -0.095942 0.012763 -0.036701 8e-06 -0.089564 0.01547 -0.05986 0.010559 -0.139884 0.030586 -0.110537 0.026639 -0.003168 -0.02458 0.000848
51.489585 218.080399 117.689399 1130.210812 254.684753 2335.582075 337.034697 2730.965821 336.786129 2747.099 288.328036 2657.265249 -54.402742 205.536502 -125.89293 1056.274912 -219.951594 2454.946725 -281.117637 2899.797261 -254.979622 2938.544906 -213.471214 2822.460368 1177.849704 -3.224079 -0.113351 0.177713 -0.001988 0.043167 0.041751 7.6e-05 0.121566 0.004439 0.052786 -0.003203 0.033898 -0.014291 -0.038907 -0.22519 -0.151048 -0.449948 -0.042483 -1.20348 -0.044505 -0.986437 -0.027543 -0.968593 -0.033592 -1.478534 0.156588 0.860392
47.495579 228.391571 113.148626 1129.034672 256.881846 2246.484611 343.634616 2584.491293 343.405495 2586.347305 293.176779 2522.040093 -56.638633 193.693897 -138.231284 935.906963 -225.108124 2105.913751 -285.5407 2468.042047 -252.31566 2484.82154 -217.785803 2403.807052 1184.43699 1.016384 -0.080611 0.119083 -0.044665 -0.000306 0.004718 -0.866324 0.031998 -2.018534 0.032209 -2.423103 0.020215 -1.76558 -0.022513 -0.175686 -0.288346 -3.63965 -0.029873 -13.374988 -0.017262 -17.392012 0.006995 -19.012765 -0.021584 -16.795225 0.009184 7.860907
47.267297 219.655913 102.886734 1044.209204 245.310274 2024.270666 326.3595 2312.872444 336.949132 2317.394591 289.434106 2276.966322 -59.232541 196.832135 -179.250805 875.616527 -229.249561 1999.227802 -277.165843 2432.338093 -228.061104 2397.608983 -199.357753 2273.628469 1119.428818 -0.682376 -0.000275 -0.085168 -0.243863 -1.656073 -0.133335 -5.784984 -0.222748 -7.538099 -0.030635 -7.381103 -0.012022 -6.261751 -0.029037 0.01261 -2.661067 -1.00356 -0.018875 -1.386531 0.062326 -0.13007 0.612705 -0.778981 0.407245 -1.811863 -0.91735 -3.364362
45.530393 215.256105 88.084074 970.576406 197.119738 1769.776439 261.19432 2018.435687 272.556805 2007.752353 235.083245 1966.625493 -62.002646 194.417932 -196.250797 794.340189 -231.148037 1733.398091 -262.149631 2116.087816 -210.154454 2043.393414 -187.027505 1940.676018 961.372002 -0.156784 -0.016256 -0.022256 -0.574561 -1.34595 -2.632345 -8.545008 -3.624894 -10.019305 -3.410965 -11.09806 -2.823537 -11.36308 -0.031651 -0.007448 -0.385016 -1.979021 -0.003914 -9.477948 0.209089 -11.007699 0.366009 -14.148704 0.19679 -13.173095 -6.011651 0.184987
42.488214 216.727063 78.589049 899.319456 166.473384 1601.72571 222.857142 1852.127987 222.555957 1817.989967 191.481971 1774.626737 -64.341175 186.809274 -210.593545 610.141867 -232.657053 1346.331473 -264.756824 1683.880477 -205.332577 1606.806492 -193.710903 1535.734425 855.43029 6.517312 -0.052589 0.002504 -0.270676 -1.358203 -1.293854 -4.190804 -1.520553 -3.574548 -2.531233 -4.709143 -2.234199 -4.929877 -0.021644 -0.075936 -0.252896 -12.131229 -0.002455 -24.420476 -0.00645 -24.659584 0.027981 -26.203326 -0.058664 -23.664887 -3.091477 8.695789
44.898429 220.452036 73.756886 822.911155 132.224113 1357.779694 171.146616 1592.041781 161.177921 1530.23781 139.837703 1489.90415 -60.047882 182.390737 -202.697135 481.514997 -232.047319 1132.189252 -262.21246 1468.486276 -202.20872 1400.385665 -193.579105 1329.807156 724.449411 2.878204 0.033244 0.01587 -0.076653 -1.695796 -1.970043 -10.071123 -3.408081 -9.834235 -4.940497 -12.387861 -4.049761 -12.440027 0.074114 -0.026441 0.075442 -7.604357 0.0004 -9.268188 0.006143 -7.367312 0.011973 -7.092973 2.2e-05 -7.408884 -5.438886 -0.733379
45.530715 220.662448 81.480995 778.167969 117.207515 1216.322757 144.046221 1426.759769 126.077646 1353.230329 110.08025 1320.118772 -59.989976 184.123998 -201.878892 452.44324 -232.272821 1048.879761 -259.132798 1377.425792 -195.573113 1321.238213 -181.16602 1260.62744 635.704245 0.191352 0.002211 5e-05 0.192282 -0.625311 -0.452434 -3.889743 -1.167212 -4.528063 -2.152548 -5.438108 -1.777917 -5.134021 1.4e-05 0.004098 0.000827 -0.452575 -5.5e-05 -1.591652 0.009096 -1.457202 0.05535 -1.151086 0.205642 -0.923916 -2.89824 -1.585304
45.816234 208.659084 78.258409 747.894348 95.204171 1124.299662 111.88199 1314.398592 98.613713 1218.682046 85.962969 1184.250121 -60.423467 176.767982 -200.681734 445.676443 -220.567807 1005.492841 -237.555644 1325.949473 -178.189187 1279.466606 -162.338839 1211.269145 541.920968 -0.73961 0.000446 -0.167833 -0.03251 -0.30031 -1.142717 -1.809674 -2.029193 -2.303833 -1.684769 -3.521824 -1.489112 -3.688333 -0.00078 -0.074976 0.00178 -0.025492 0.151301 -0.458202 0.468899 -0.490138 0.404488 -0.335482 0.516338 -0.492837 -3.740279 -1.683361
45.840202 204.59274 73.967323 692.045481 83.22767 1051.611095 98.292691 1259.778954 81.655303 1177.484794 70.812252 1140.176466 -60.378533 177.609791 -209.755184 431.016321 -208.108327 982.853999 -215.372254 1320.345308 -153.548649 1250.684937 -143.813891 1183.340807 459.150922 -1.103605 3e-06 -0.020007 -0.060493 -1.083472 -0.40239 -1.214458 -0.439783 -0.579533 -0.799435 -0.354178 -0.733798 -0.41788 8e-06 0.001 -0.100305 -0.122582 0.181106 -0.128884 0.543572 -0.005934 0.91638 -0.163708 0.560976 -0.16287 -3.427641 -0.036298
45.835521 181.898506 75.117064 541.031498 81.403106 887.436235 94.672075 1091.203795 75.669177 1040.136446 65.71882 1006.333326 -60.586342 168.883236 -214.325774 401.456225 -195.319295 915.667939 -196.492938 1236.61516 -137.527195 1167.526086 -130.061247 1107.090712 417.221564 -3.678472 -0.0 -0.666862 0.004433 -9.28222 -0.010111 -6.962662 -0.03397 -6.051556 -0.113926 -4.257421 -0.095041 -4.176881 -0.000178 -0.109908 -0.024631 -0.524987 0.202763 -1.189183 0.432928 -1.37128 0.441262 -1.430281 0.345513 -1.269562 -1.003613 -0.752398
44.689632 171.498939 72.718857 473.006762 76.007921 806.469323 87.956799 992.62384 69.873829 958.382622 60.707771 928.612618 -59.894036 165.974033 -212.189318 379.369814 -165.485553 910.318971 -162.704181 1232.983316 -112.276061 1171.833464 -106.363159 1108.431381 359.295687 -10.721026 -0.007253 -0.153049 -0.019453 -2.284225 -0.092486 -1.936173 -0.123502 -2.333075 -0.115428 -1.67286 -0.099348 -1.561529 0.001989 -0.012638 0.005351 -0.31243 1.235541 -0.007835 1.592742 -0.002671 1.279521 0.003966 1.190692 0.000406 -2.163563 -1.839721
43.834447 161.392067 79.496589 424.447306 80.960905 755.629095 91.435333 942.679103 70.354956 912.755761 61.94404 879.390601 -59.982266 158.656869 -211.629497 355.667352 -152.457335 829.312561 -146.4239 1120.751592 -101.092229 1054.40385 -97.352349 999.881809 340.116559 -5.106412 -0.004131 -0.153462 0.150972 -1.314691 0.078163 -0.827545 0.033729 -0.644574 0.000825 -0.556378 0.006231 -0.670147 -3.2e-05 -0.082475 0.00037 -0.382262 0.267038 -1.887066 0.429 -2.677261 0.293305 -3.099247 0.199382 -2.796271 -0.263012 1.029333
42.249222 151.677774 79.96132 406.908259 78.709888 751.211579 88.412192 952.348298 66.457859 910.867914 58.499792 876.09351 -61.417596 146.936363 -213.324237 349.846867 -152.446075 788.949831 -146.548703 1072.331491 -99.899341 996.238326 -96.792341 946.047745 329.318501 -1.911735 -0.014597 -0.150749 0.000677 -0.185031 -0.015868 -0.006475 -0.02541 0.024668 -0.055515 -0.000977 -0.049256 -0.003096 -0.008485 -0.224843 -0.003379 -0.02401 0.0 -0.503442 -2.7e-05 -0.534588 0.00354 -0.825085 0.000808 -0.744801 -0.087093 0.769273
38.828902 160.823444 83.408843 412.537365 81.49563 777.45566 91.45209 1003.459249 67.238366 960.893957 59.168565 920.613859 -68.326295 150.547356 -221.616621 342.996162 -154.692186 747.385371 -150.10588 1029.132942 -101.130408 949.170433 -97.929483 902.624109 333.2911 0.035978 -0.072176 0.133857 0.03638 0.019335 0.024222 0.225295 0.025691 0.667953 0.002278 0.668635 0.001901 0.551666 -0.18407 0.021917 -0.079057 -0.03387 -0.008213 -0.562351 -0.021328 -0.44405 -0.003769 -0.569472 -0.00332 -0.510061 0.011909 2.472237
36.314757 166.838574 86.635506 397.340062 84.728543 807.234425 94.351865 1053.37792 68.095419 1015.538199 60.147227 970.754122 -70.604102 155.120529 -226.940381 349.143189 -156.322875 741.40184 -151.065587 1014.008197 -101.445581 934.221386 -98.701689 892.125597 335.769509 1.69644 -0.042071 0.055217 0.030616 -0.142601 0.031442 0.279819 0.022629 0.605843 0.002714 0.755544 0.004014 0.664727 -0.018674 0.034212 -0.031594 0.027297 -0.004275 -0.012024 -0.001529 -0.055983 -0.000245 -0.059328 -0.001516 -0.030706 0.00459 1.238312
37.531071 168.253848 99.503206 410.939309 88.271911 822.167028 97.234 1090.93446 69.461896 1058.747028 61.704273 1008.774723 -69.80245 156.500291 -227.224301 346.433848 -154.637925 731.405728 -146.295257 1002.505785 -95.584378 924.2683 -94.535661 884.065774 328.012188 4.565111 0.010018 0.002989 0.445302 0.114411 0.036291 0.068426 0.02168 0.328917 0.006787 0.450084 0.009949 0.365163 0.002289 0.003055 -8.9e-05 -0.005277 0.004565 -0.033923 0.038266 -0.032806 0.087198 -0.026652 0.044913 -0.018287 -0.04533 0.695785
39.031512 165.723257 106.389778 410.355673 90.028789 829.869309 98.184462 1110.195839 70.02378 1075.74446 62.393891 1022.885031 -69.831684 157.132348 -232.458173 351.452873 -156.810263 705.711914 -146.857331 967.848641 -95.561187 883.719867 -96.065099 848.280673 329.188823 9.431762 0.014704 -0.009587 0.115201 -0.000207 0.008656 0.017955 0.002311 0.084277 0.001132 0.067678 0.001916 0.049 -3e-06 0.000637 -0.029797 0.018048 -0.007576 -0.229705 -0.000539 -0.304821 1e-06 -0.454755 -0.006136 -0.369646 0.001053 0.8733
41.896242 159.264827 110.890962 402.591813 93.189884 812.526897 100.705218 1070.637961 71.690808 1032.033571 64.265847 981.725667 -67.652682 151.881329 -227.530515 360.7947 -157.332575 675.325525 -147.466659 910.613567 -94.101222 819.642279 -95.459538 790.464359 330.062449 12.221205 0.05072 -0.06418 0.046628 -0.037074 0.027271 -0.091564 0.015975 -0.358797 0.009805 -0.453285 0.013834 -0.422594 0.017269 -0.044618 0.026395 0.061266 -0.000434 -0.33433 -0.000631 -0.872153 0.005619 -1.205672 0.000957 -1.020222 0.000579 0.180427
42.485183 158.90938 114.20852 397.623004 93.825046 806.105777 101.036622 1051.548084 72.29344 1011.183825 64.982375 964.625931 -67.761857 154.505871 -230.216948 368.789825 -164.184626 677.095892 -155.198858 906.584018 -103.503975 820.356411 -103.194579 790.959132 348.802135 9.968241 0.002055 -0.000199 0.024449 -0.015427 0.001079 -0.012736 0.000272 -0.085862 0.001261 -0.106382 0.001986 -0.075117 -4.4e-05 0.011241 -0.007883 0.043808 -0.073022 0.001159 -0.098783 -0.004468 -0.223835 0.000155 -0.150648 7.7e-05 0.258699 -0.114672
42.621659 159.302139 115.353618 391.614836 95.288286 797.314206 102.528526 1043.761054 72.904294 996.741641 65.936632 955.018596 -67.516999 158.622636 -229.12233 376.787986 -160.77696 716.368779 -149.937456 963.871703 -97.841027 871.976234 -98.893881 839.57676 339.659867 4.169648 0.000109 0.000242 0.002856 -0.022869 0.005661 -0.024102 0.005467 -0.01447 0.001285 -0.051939 0.003478 -0.024041 0.000222 0.027063 0.001304 0.042901 0.017868 0.553536 0.045364 0.8775 0.079653 0.787442 0.045767 0.724976 -0.060704 -1.24385
43.894056 159.671582 119.289364 392.514155 97.258334 798.186933 104.480996 1044.719099 74.337079 998.150848 67.565347 955.784646 -66.796578 158.940789 -224.935918 386.454277 -158.399383 767.427759 -149.549061 1035.73842 -98.09223 948.266804 -97.980925 905.119263 343.214435 0.639335 0.009357 0.000214 0.03301 0.000516 0.010079 0.000239 0.009208 0.00022 0.006971 0.000498 0.009935 0.000154 0.001932 0.000159 0.0193 0.061213 0.008856 0.878756 0.000252 1.291875 -0.000161 1.599459 0.002117 1.231543 0.009251 -1.543526
40.748876 165.7185 119.353301 398.732095 97.890086 820.583995 106.35818 1067.761448 74.961546 1028.122442 67.722709 985.577177 -69.450124 166.847197 -238.374707 408.169892 -169.805793 785.520638 -161.601658 1060.685609 -110.231703 966.50269 -109.151982 925.646181 366.996868 0.952034 -0.058455 0.056192 9e-06 0.024432 0.001023 0.154949 0.008357 0.125674 0.001306 0.221674 9.2e-05 0.228615 -0.025843 0.095953 -0.194944 0.296779 -0.198269 0.105401 -0.23352 0.148439 -0.353997 0.086839 -0.301457 0.11508 0.398306 0.031024
39.318024 176.247318 122.07242 401.46972 95.851751 819.242508 102.834505 1068.032972 70.51293 1028.542563 63.570399 985.168544 -72.234309 176.923419 -242.726417 464.911024 -171.762716 803.738811 -161.529456 1059.089755 -112.276251 947.024236 -111.171077 913.123154 360.743415 1.682572 -0.012786 0.162125 0.015313 0.004683 -0.010723 -0.000549 -0.029679 1.7e-05 -0.068035 4.3e-05 -0.065677 -4.2e-05 -0.027358 0.147703 -0.019682 1.845741 -0.005606 0.104424 8e-06 -0.000601 -0.009394 -0.099142 -0.009252 -0.042645 -0.026868 0.10331
37.426783 189.928671 136.557656 430.166366 96.179988 824.302017 95.756422 1076.951 61.709798 1007.038726 57.560907 971.938382 -72.209337 190.062507 -243.361079 509.978647 -171.237626 818.414781 -157.873055 1054.132323 -113.070465 914.51758 -112.806956 894.342912 341.84379 2.228696 -0.023307 0.255676 0.40596 0.495254 0.000281 0.007788 -0.126177 0.018539 -0.293373 -0.113586 -0.149161 -0.044719 2e-06 0.235283 -0.000414 1.04226 0.000402 0.06639 0.020929 -0.005815 -0.0014 -0.283841 -0.005974 -0.097569 -0.254246 0.038315
35.475925 212.190013 139.499442 461.400387 88.713746 747.479233 84.180891 922.729573 56.011162 836.387131 53.550449 829.938165 -67.460492 209.685698 -237.945323 532.321234 -149.611462 842.529189 -132.821278 1045.556159 -92.588077 899.370757 -94.123889 892.049758 292.62654 -1.143087 -0.026107 0.616668 0.015675 0.547275 -0.15081 -1.878528 -0.372718 -5.955882 -0.138011 -7.915867 -0.0724 -5.60401 0.080755 0.481931 0.030471 0.239494 0.729663 0.175062 1.081482 -0.017515 1.022505 -0.063243 0.84514 -0.001472 -1.911825 -6.564019
39.92748 215.931745 130.106319 434.212241 98.635496 620.709002 99.107264 740.685964 72.465141 675.137961 68.027068 687.149296 -62.248729 228.451477 -232.881214 573.927957 -121.687275 814.77983 -100.409354 980.37831 -65.51806 836.892622 -69.171938 841.644646 275.791407 -8.677027 0.131517 0.016351 -0.163679 -0.412771 0.262905 -5.885642 0.608788 -9.991401 1.057988 -8.625625 0.864965 -6.73462 0.104748 0.402061 0.027235 0.782704 1.440914 -0.232329 2.263113 -1.048714 2.334623 -1.124479 1.917615 -0.732889 -0.249362 -3.521354
36.74446 206.721551 184.649925 427.750224 89.452739 540.366226 70.30457 622.561424 46.409032 561.385565 49.510587 596.151081 -58.971076 222.599085 -260.441947 582.749545 -113.154523 760.359649 -89.262128 910.153889 -54.378961 784.097141 -59.174754 804.917885 201.260376 -18.560227 -0.0661 -0.100363 4.761908 -0.024223 -0.224292 -2.78307 -2.466411 -5.127351 -2.890777 -5.24337 -1.467675 -3.230386 0.04432 -0.037969 -0.770476 0.03364 0.155066 -0.940374 0.327851 -1.304704 0.518563 -0.86 0.389943 -0.409648 -5.858055 -1.856348
37.728806 194.918071 184.194208 439.006461 85.012542 438.15989 57.582525 468.521145 37.336696 406.817246 42.162406 454.859017 -62.06884 215.455274 -268.190284 646.312678 -103.557891 730.236705 -67.270432 827.925537 -43.423109 690.767051 -51.517689 726.030503 161.289935 -37.365547 0.006506 -0.173479 -0.000282 0.073093 -0.056511 -5.352327 -0.63436 -10.928522 -0.492862 -12.417627 -0.294977 -9.54057 -0.039647 -0.058255 -0.056788 1.644741 0.212587 -0.304403 1.552537 -1.946197 0.615578 -2.955948 0.265153 -2.033823 -2.210067 -3.256503
42.163489 185.380242 224.661918 444.053813 76.395969 329.527834 46.908023 295.46425 33.693915 248.693471 38.266627 302.911836 -60.714737 205.678377 -274.012057 697.342421 -66.28067 681.446989 -30.937949 715.318485 -20.90096 596.68836 -29.491385 644.733478 107.669734 -74.946891 0.123176 -0.119623 2.007633 0.014425 -0.230156 -7.724884 -0.546671 -19.858393 -0.093471 -19.357299 -0.094406 -15.390411 0.007467 -0.113504 -0.031256 0.969361 4.141411 -0.843372 6.967838 -4.113825 4.071777 -3.441924 3.051958 -2.412898 -5.399092 -6.47423
44.113655 176.958225 236.166162 481.898559 60.741678 233.082096 34.130151 153.951962 25.212834 136.68508 28.646163 194.071771 -61.71036 197.324651 -268.65072 764.240962 -43.218402 597.333531 -14.619615 559.334176 -9.285343 475.980913 -15.519969 545.531256 65.099473 -102.530759 0.022043 -0.097892 0.14362 0.773703 -0.8964 -8.328275 -1.01373 -22.86117 -0.613728 -16.636435 -0.695208 -12.064494 -0.004049 -0.08659 0.026485 1.531819 2.45619 -2.769335 3.02283 -9.580212 2.324315 -6.813241 2.223254 -4.141192 -5.326764 -2.156669
44.784037 164.95469 221.912641 494.842491 53.797084 150.58334 31.092802 75.349504 22.605569 65.883548 24.684454 111.554704 -66.888631 190.976708 -252.115643 834.815775 -34.000285 544.024864 -9.877554 470.578629 -6.782517 382.552924 -11.323734 454.270889 54.152791 -130.921471 0.002528 -0.210769 -0.221809 0.085771 -0.210722 -8.974734 -0.070761 -13.89298 -0.071133 -12.77613 -0.147353 -11.350285 -0.104299 -0.051891 0.262572 1.558179 0.552189 -1.245606 0.463356 -3.831503 0.196125 -5.098684 0.330008 -4.173763 -0.503485 -1.732763
44.744796 143.522117 186.391828 487.86448 47.03793 71.985487 30.790031 12.459102 24.962713 10.261625 24.069408 34.130847 -64.88833 174.546899 -216.870818 920.16414 -28.341899 500.450043 -8.021481 429.185362 -5.778434 337.039074 -8.997301 438.828017 54.761589 -229.681507 -9e-06 -0.745455 -1.548017 -0.024775 -0.226794 -14.339962 -0.000741 -26.529338 0.058438 -24.142394 -0.00388 -22.276369 0.015183 -0.369436 1.326218 2.076564 0.257318 -0.909353 0.096494 -0.952644 0.040196 -1.440807 0.133609 -0.133524 0.001702 -13.787519
35.423048 139.307178 151.603275 493.512969 39.281032 45.420581 27.044635 2.467441 23.025619 1.741578 20.51934 14.707946 -69.775561 167.323263 -196.886996 943.10482 -24.366074 469.335333 -6.697456 396.583588 -4.891348 304.062968 -7.497895 402.185174 49.142077 -259.780668 -0.543801 -0.031409 -1.795094 0.016256 -0.349236 -3.044839 -0.121404 -3.837432 -0.039112 -3.548283 -0.141549 -4.028319 -0.088713 -0.076325 0.482875 0.141229 0.150165 -0.499273 0.059672 -0.643818 0.03694 -0.848651 0.068289 -0.798641 -0.152074 -0.926341
33.544823 132.929491 144.071975 482.936458 38.169643 43.224202 27.792989 1.789229 24.276126 1.391603 20.97883 13.824659 -69.561236 169.08004 -163.064378 993.721776 -21.092855 435.684793 -6.697255 308.955904 -5.298984 236.880163 -6.882165 303.65329 52.25892 -201.959608 -0.02558 -0.074715 -0.095932 -0.057282 -0.007974 -0.027214 0.005107 -0.054377 0.016533 -0.019607 0.002544 -0.013675 0.000165 0.004587 1.592584 0.661524 0.117995 -0.625815 0.0 -5.462808 -0.008156 -4.18812 0.013188 -6.911139 0.047914 3.634603
32.747812 131.212916 136.551248 477.312015 35.707132 41.094248 26.174104 1.257281 23.212649 0.991356 20.085555 12.568005 -70.67574 168.259956 -149.336442 1022.307501 -19.137016 417.82273 -5.560972 289.430252 -5.07246 218.901883 -6.552037 277.396505 49.987203 -190.430737 -0.004791 -0.005578 -0.100796 -0.016472 -0.041052 -0.026906 -0.024287 -0.046801 -0.011909 -0.033854 -0.009717 -0.029934 -0.004429 -0.000997 0.301771 0.202672 0.047571 -0.186928 0.052778 -0.318651 0.002474 -0.354714 0.004057 -0.593556 -0.02524 0.169402
36.820012 127.751244 123.852071 506.851771 29.711644 54.924337 21.651803 6.493778 19.939648 5.233098 17.045725 21.596979 -66.716565 167.251258 -150.668855 1019.565412 -14.912232 415.351659 -3.043571 291.30142 -2.79643 217.482616 -4.05779 275.893966 37.670579 -155.244008 0.119287 -0.023138 -0.309837 0.443419 -0.275316 1.001232 -0.214289 2.03634 -0.124304 1.669077 -0.12464 1.214661 0.057057 -0.001516 -0.002959 -0.001841 0.263119 -0.003664 0.37649 0.003015 0.336353 -0.002308 0.297351 -0.00204 -0.869606 1.795517
37.291184 132.708507 147.62862 515.631822 34.158571 85.285401 21.939756 19.797932 18.124887 18.945978 16.982392 46.923823 -67.031442 166.103371 -147.990078 973.452128 -10.097906 382.499765 -0.896547 254.242913 -0.522925 196.420338 -1.334289 258.745021 24.805069 -93.360163 0.001498 0.047179 1.043191 0.037698 0.154995 3.326662 0.000951 3.614552 -0.043285 4.264643 -5.9e-05 4.852511 -0.000371 -0.001976 0.012014 -0.533543 0.467741 -0.676633 0.63636 -1.260137 0.900824 -0.536245 0.738365 -0.275103 -1.339037 7.825385
40.004274 141.506078 156.293216 593.563281 28.335077 139.011933 15.368976 60.520433 12.712381 51.277024 12.354004 86.356395 -67.554471 167.591449 -145.569099 964.061574 -7.35153 354.929431 -0.109318 228.961942 -0.011738 177.752803 -0.300832 240.896687 13.496703 -38.088635 0.04763 0.141162 0.123536 2.741098 -0.271924 6.529674 -0.583178 11.088908 -0.478713 7.885426 -0.36741 5.966869 -0.001016 0.003318 0.009983 -0.022757 0.217482 -0.515568 0.379738 -0.661795 0.377969 -0.465953 0.368003 -0.318893 -1.70742 12.185037
40.02554 144.082278 156.633493 720.690784 31.919691 259.905765 18.405401 160.535581 14.649576 126.645622 14.25675 175.677568 -65.443541 169.71431 -142.763283 979.495944 -6.165296 378.936906 -0.000319 263.599801 0.016685 199.246091 -0.092678 260.507073 13.677477 -8.189682 3e-06 0.01162 0.000185 6.162958 0.106721 18.759821 0.136769 23.919687 0.068662 16.751798 0.068113 15.693699 0.016753 0.00668 0.013652 0.061285 0.052153 0.392792 0.097821 1.219409 0.056412 0.613181 0.059561 0.383637 0.000601 10.955021
39.95837 151.313598 156.784812 796.641972 33.886141 299.504547 19.987852 189.073941 16.022866 144.118339 15.617853 198.106606 -64.136135 172.519954 -141.329229 1000.091593 -6.101997 396.965535 0.004209 275.00899 0.029257 202.806025 -0.105474 264.57307 14.682766 -5.000001 -2.8e-05 0.088525 3.7e-05 1.902088 0.029388 1.403293 0.032626 1.166729 0.030758 0.564356 0.031022 0.673538 0.006596 0.011501 0.003619 0.107142 0.000163 0.209482 0.006847 0.120852 0.001754 0.015761 -0.000414 0.015743 0.017823 0.391493
39.126079 179.289032 145.756424 858.3818 31.919691 315.678369 19.665338 197.20385 16.265179 151.695026 15.323911 206.014031 -65.533499 180.988121 -146.408899 1045.93337 -6.480131 463.586046 0.002082 355.271669 0.048568 262.92969 -0.114526 324.685961 14.53614 -15.199498 -0.00438 1.18576 -0.201073 1.151987 -0.029388 0.21265 -0.001312 0.085564 0.000909 0.097047 -0.001396 0.07737 -0.007529 0.101441 -0.044841 0.513614 -0.005683 2.582624 -0.00037 5.131388 0.002434 3.897106 -0.000186 3.074209 -0.000368 -2.764189
41.285824 185.138562 143.872867 873.686285 32.610633 318.841059 20.249532 196.513492 17.280507 153.048883 16.1105 211.48879 -61.97341 187.12721 -142.672708 1031.536544 -5.382555 484.491596 0.060877 379.743498 0.24361 287.51761 -0.008362 351.476563 13.420607 -21.022698 0.029009 0.046949 -0.006125 0.067616 0.003699 0.007882 0.004275 -0.000605 0.015369 0.003007 0.009843 0.035897 0.04971 0.051195 0.024145 -0.049885 0.050885 0.230517 0.040441 0.407499 0.074631 0.549433 0.060995 0.530951 -0.022265 -0.471142
39.327443 189.884398 138.232335 887.502112 31.156448 320.67024 19.344503 195.715344 16.631841 151.750971 15.42038 210.949978 -62.639333 191.134809 -143.305551 1040.798021 -5.991792 502.537252 0.022618 401.606596 0.121633 307.275518 -0.068752 370.819771 13.908847 -27.149848 -0.023791 0.03003 -0.056395 0.054191 -0.016583 0.002616 -0.010345 -0.000812 -0.006204 -0.002763 -0.007553 -0.000344 -0.001779 0.02123 -0.0007 0.020695 -0.016328 0.164976 -0.009281 0.305938 -0.02097 0.328251 -0.029159 0.259054 0.004362 -0.39125
41.730048 189.429318 141.417746 895.562922 34.33982 322.644463 21.528282 200.668224 18.037801 154.355137 16.707476 214.444028 -61.975428 192.52237 -137.616402 1050.321478 -5.73583 513.262587 0.038495 423.63195 0.176839 320.284187 -0.033819 382.628472 14.642642 -29.948377 0.035615 -0.000273 0.018143 0.018221 0.077408 0.003029 0.05838 0.030945 0.02852 0.011078 0.025792 0.01435 0.001769 0.002509 0.057613 0.021686 0.002794 0.056623 0.002098 0.293977 0.00515 0.134843 0.006132 0.092544 0.009431 -0.068623
39.438762 197.01272 144.403125 854.000509 33.232304 320.272987 19.809762 203.536845 16.243023 163.34368 15.357669 224.324698 -63.05662 204.722946 -137.458353 1047.299954 -6.207681 526.37505 0.004435 433.404554 0.071987 334.415461 -0.110136 400.336432 14.152336 -30.320794 -0.032346 0.074414 0.015591 -0.493745 -0.009077 -0.004374 -0.035737 0.010179 -0.047015 0.12718 -0.028423 0.111266 -0.004675 0.187402 4.5e-05 -0.002176 -0.009324 0.082694 -0.016797 0.055719 -0.02317 0.152525 -0.021895 0.200272 -0.004175 -0.001151
41.201916 190.457634 150.940852 838.545843 35.533532 299.794374 21.669058 185.51409 17.578017 147.099986 16.62907 206.960033 -60.407206 198.958118 -133.452148 1027.3178 -5.908801 511.73215 0.015158 423.242652 0.125986 324.433723 -0.060901 388.696587 14.727703 -34.616344 0.019277 -0.055452 0.072368 -0.07056 0.038516 -0.33826 0.041693 -0.417676 0.026358 -0.42526 0.025278 -0.349716 0.02843 -0.041165 0.029623 -0.096234 0.003687 -0.103277 0.003195 -0.060274 0.007507 -0.075617 0.00724 -0.08586 0.005732 -0.14223
41.301374 189.826415 153.81133 835.88007 36.457422 297.598537 22.012516 184.152631 17.496445 145.58039 16.529903 205.838516 -61.469644 202.398028 -135.15478 1035.479856 -6.434298 518.829882 -0.000111 428.670227 0.056633 328.328127 -0.121787 394.649968 15.562217 -36.652817 6e-05 -0.000524 0.013519 -0.002122 0.005929 -0.004036 0.00135 -0.002507 -9.5e-05 -0.003945 -0.000148 -0.001524 -0.004631 0.014742 -0.005396 0.016148 -0.011191 0.024442 -0.017866 0.01729 -0.013682 0.011617 -0.010444 0.022623 0.011498 -0.029101
40.422012 190.428927 152.684168 840.081486 35.48821 304.190614 21.05381 189.807281 16.545077 149.518813 15.788528 209.734121 -63.520652 202.659713 -139.460092 1044.295687 -6.497212 520.537598 0.000248 429.371716 0.057903 329.008356 -0.130615 395.398196 14.645425 -34.937544 -0.004731 0.000477 -0.002073 0.005266 -0.006529 0.036106 -0.010672 0.042754 -0.013297 0.026282 -0.008505 0.018259 -0.016829 8.5e-05 -0.033751 0.018685 -0.000153 0.001403 0.000692 0.000287 7e-06 0.000352 -0.000154 0.000354 -0.013915 0.020552
40.069823 190.798994 156.319 840.98837 35.894651 306.233353 21.339313 192.899514 16.603412 151.405995 15.957988 211.263046 -63.963596 202.856533 -140.373119 1053.721518 -6.732285 521.692247 -0.000782 428.962753 0.034757 329.037763 -0.169616 395.268781 15.118854 -34.043535 -0.000771 0.00018 0.021379 0.000245 0.001157 0.003418 0.000961 0.012493 5.1e-05 0.005918 0.000452 0.002776 -0.00077 4.8e-05 -0.001489 0.021174 -0.002089 0.00064 -0.001912 -9.7e-05 -0.002937 1e-06 -0.002544 -1.1e-05 0.003765 0.005794
38.535004 182.490084 160.643065 840.94101 36.928015 315.73757 23.131795 200.667802 17.57087 156.381307 16.367938 216.300117 -67.691811 193.31896 -149.920743 1107.631604 -8.457177 522.992108 -0.139601 412.2747 -0.067508 313.534021 -0.618425 379.666029 19.816607 -27.057066 -0.014986 -0.092484 0.029496 -1e-06 0.007332 0.07262 0.036139 0.076673 0.013697 0.040215 0.0026 0.029672 -0.052798 -0.114821 -0.157051 0.672437 -0.098256 0.000809 -0.11948 -0.165541 -0.199143 -0.187062 -0.140292 -0.157091 0.317293 0.400744
40.409356 183.260499 172.81233 787.145751 45.906328 330.860902 29.703847 229.693431 22.738618 179.801298 22.094586 237.673709 -65.532293 198.362397 -155.229601 1082.260356 -13.274729 502.95837 -1.488036 391.128666 -1.136761 295.546527 -2.320419 360.531519 34.043639 -14.307049 0.022254 0.000811 0.222129 -0.888994 0.488012 0.176884 0.410331 0.97993 0.33263 0.816763 0.428707 0.503425 0.017504 0.032472 -0.046184 -0.146976 -0.540707 -0.195618 -0.716087 -0.278336 -0.650228 -0.265663 -0.54301 -0.24736 1.912987 2.014057
44.534209 189.632083 193.179508 773.26606 55.614939 317.536491 37.610717 213.67731 28.58539 171.025461 27.729677 230.956959 -63.862003 201.69482 -177.069962 1006.307989 -20.217654 470.538418 -4.58911 359.067953 -3.520884 277.373971 -5.430244 343.775617 52.170755 -12.794054 0.10021 0.054439 0.567149 -0.06173 0.46529 -0.136921 0.465989 -0.289374 0.334116 -0.10978 0.319688 -0.048137 0.010781 0.01388 -0.718505 -1.38149 -0.727531 -0.539984 -0.850766 -0.685393 -0.656443 -0.288282 -0.651243 -0.199345 1.92721 0.042267
46.426494 192.9679 189.98938 752.115754 58.706583 278.198415 41.333021 176.522402 31.730314 140.968645 30.40001 197.677806 -64.091559 202.325533 -188.248044 949.656757 -25.298654 461.066796 -7.248608 358.536968 -6.322453 277.395711 -9.061797 343.00709 66.38038 -22.869236 0.019685 0.014542 -0.01328 -0.146638 0.041812 -1.300222 0.087805 -1.772977 0.082046 -1.451178 0.061367 -1.293848 -0.000206 0.000492 -0.171055 -0.820576 -0.284486 -0.04815 -0.302614 -0.000196 -0.407104 0.0 -0.462391 -0.00043 0.854669 -1.452751
45.51865 190.999855 188.182626 747.650839 67.955508 245.195554 52.509088 138.891858 39.141218 115.625851 36.102142 172.655342 -66.099598 199.834205 -222.457889 907.192153 -37.118819 448.333173 -13.961046 349.835607 -10.396369 271.286626 -14.014592 337.799795 89.882427 -32.693635 -0.004482 -0.005044 -0.004316 -0.006646 0.338132 -1.041542 0.66788 -2.252804 0.388537 -1.254569 0.244912 -0.846319 -0.015487 -0.007717 -1.427238 -0.485629 -1.129427 -0.089154 -1.090196 -0.053444 -0.503946 -0.034011 -0.537765 -0.019915 1.777472 -0.875452
50.054273 185.232733 198.220718 710.369579 62.206741 227.827849 46.419184 96.036008 35.841106 92.441713 32.814973 165.373625 -67.650525 193.78441 -236.574502 873.634665 -42.938648 431.74883 -17.691253 338.864576 -13.291195 264.124957 -17.334639 325.494448 92.784157 -44.053225 0.107685 -0.044204 0.130408 -0.476715 -0.127012 -0.318947 -0.187621 -3.941982 -0.072657 -1.295692 -0.078439 -0.078439 -0.008992 -0.046494 -0.217115 -0.316203 -0.211818 -0.156272 -0.22057 -0.08739 -0.177552 -0.047899 -0.176301 -0.114153 0.023049 -0.845343
51.287908 180.999989 204.093019 709.303692 64.182446 136.521369 47.849257 38.04002 37.412636 31.145736 34.55027 74.516385 -66.335224 190.30302 -237.115802 864.322673 -39.863704 436.229893 -15.821371 339.593081 -11.407165 267.148025 -15.316399 334.485442 90.136728 -115.859971 0.007509 -0.024461 0.042859 -0.0004 0.015443 -11.626268 0.010848 -13.19242 0.016859 -16.271743 0.022354 -17.87159 0.006456 -0.015778 -0.000309 -0.024947 0.057115 0.011567 0.052207 0.000391 0.071963 0.008601 0.062436 0.061246 -0.019159 -17.028552
49.529714 180.345511 209.33137 703.882203 65.144976 109.457206 47.579743 25.999756 38.373998 17.848617 35.395241 49.787106 -67.382821 190.636259 -251.828584 878.816949 -40.493818 438.548996 -15.003704 353.313811 -10.627727 274.742964 -14.876071 339.318757 89.391246 -152.537565 -0.015332 -0.000593 0.033188 -0.010399 0.003582 -1.493421 -0.000381 -1.142042 0.006098 -1.838937 0.005104 -2.484689 -0.004104 0.000146 -0.221411 0.060261 -0.002471 0.003074 0.010847 0.13586 0.01379 0.053227 0.003211 0.017335 -0.001548 -2.51788
43.940824 175.459116 196.96194 698.310448 59.923146 94.812591 43.332897 18.154512 36.377282 12.237984 33.448301 40.506639 -72.717993 185.447444 -255.707294 879.896546 -39.893064 460.902988 -13.298932 378.678555 -9.503141 290.075841 -14.231825 352.380266 83.066358 -183.15102 -0.167238 -0.033555 -0.188335 -0.01107 -0.109058 -0.525631 -0.099247 -0.702553 -0.026672 -0.527772 -0.027536 -0.478193 -0.101621 -0.035797 -0.014821 0.000331 0.002245 0.277824 0.051389 0.439597 0.031436 0.208156 0.00713 0.123333 -0.116022 -1.398827
41.17621 159.357739 181.350027 646.725059 56.273588 79.087854 40.54094 11.647231 35.624548 6.531822 32.374568 28.631458 -76.845185 177.150317 -262.922925 892.725481 -41.813836 503.426069 -14.39683 429.497086 -10.677763 323.241727 -15.929927 379.958177 85.309513 -237.874532 -0.044909 -0.387383 -0.322268 -0.989577 -0.057328 -0.712404 -0.046482 -0.719116 -0.003935 -0.888382 -0.008758 -1.027477 -0.056956 -0.094942 -0.050197 0.046424 -0.02258 0.938006 -0.02177 1.599331 -0.034213 0.897399 -0.047839 0.519439 0.014943 -3.571539
42.267201 153.399121 188.630476 603.985165 60.264606 70.217038 43.408735 10.076004 37.113989 5.073413 34.331786 24.785866 -74.957314 169.910199 -246.525016 886.384141 -43.665118 514.409548 -16.939091 449.784075 -12.289708 339.946527 -17.118225 393.994016 92.117635 -261.961188 0.007132 -0.056767 0.071639 -0.730478 0.068359 -0.263759 0.048997 -0.056897 0.015251 -0.092002 0.028719 -0.138605 0.01174 -0.075527 0.263973 -0.011301 -0.02005 0.059263 -0.103296 0.234064 -0.056636 0.210419 -0.02137 0.127282 0.130667 -0.580695
39.714216 145.958559 182.705376 556.326764 57.966894 59.605203 41.65423 7.2268 34.493957 3.730349 31.794005 21.407707 -75.023331 170.741533 -244.710927 893.290827 -47.240337 510.850172 -21.742619 448.147669 -16.735286 340.584338 -20.840155 392.157963 99.281973 -273.026587 -0.039761 -0.092482 -0.047274 -0.979169 -0.022329 -0.434439 -0.018096 -0.236197 -0.047948 -0.103049 -0.048716 -0.123689 -1.5e-05 0.001014 0.00335 0.013402 -0.070332 -0.006179 -0.299412 -0.001491 -0.342471 0.000299 -0.182914 -0.002144 0.134132 -0.114448
42.978066 143.332309 189.105251 543.93047 54.374302 53.750884 37.546336 5.086834 30.05775 2.361401 27.736268 18.230425 -71.113767 177.225532 -194.230899 944.217518 -46.144826 533.114609 -23.791564 456.238183 -18.501521 354.641571 -21.409968 409.758215 95.723412 -299.125477 0.064437 -0.011921 0.055084 -0.069835 -0.057459 -0.151275 -0.106604 -0.187376 -0.152616 -0.155808 -0.138454 -0.127546 0.052305 0.060416 2.912362 0.705854 0.006426 0.237442 -0.046122 0.036189 -0.044294 0.142131 -0.003843 0.193166 -0.032472 -0.595564
43.786631 136.154247 192.164681 529.781656 46.615292 46.940565 29.62204 2.273895 23.320291 0.988095 21.878991 14.973013 -67.017583 173.34995 -183.470512 982.826343 -36.185994 517.830172 -17.196687 418.893868 -13.964409 328.582847 -15.804424 388.732547 73.376476 -293.533681 0.003768 -0.092192 0.012275 -0.093227 -0.298503 -0.230574 -0.469079 -0.558692 -0.426913 -0.294475 -0.34695 -0.16017 0.060748 -0.021423 0.153308 0.386808 0.604535 -0.111151 0.534026 -0.797156 0.318594 -0.497131 0.424599 -0.276869 -1.483103 0.02638
38.031749 138.220562 180.380252 523.431254 44.805898 45.801469 29.270203 2.003294 23.327891 0.803165 21.360739 13.869285 -70.870096 170.725645 -155.875684 1079.933287 -35.388858 513.501358 -17.468383 400.961953 -14.889523 307.587268 -16.326295 366.404256 75.491595 -276.955214 -0.202642 0.007781 -0.186431 -0.019145 -0.017907 -0.006996 -0.001051 -0.008568 1e-06 -0.009572 -0.003106 -0.021126 -0.053829 -0.010008 1.123834 2.286982 0.004439 -0.009085 -0.001065 -0.196127 -0.014834 -0.346554 -0.004238 -0.33018 0.015027 0.240937
37.787993 132.374872 179.650593 625.760936 45.376405 70.582919 30.351194 10.351178 24.876366 4.004965 22.631138 21.310081 -71.943822 164.519773 -148.521979 1124.070637 -36.496553 494.511467 -18.222791 383.299986 -17.033054 286.459901 -16.722121 346.48577 83.078364 -222.722357 -0.000392 -0.06315 -0.000739 4.565034 0.001805 2.668929 0.0098 3.247012 0.024877 1.221127 0.018347 0.795906 -0.004036 -0.057445 0.088839 0.441991 -0.008535 -0.178891 -0.007974 -0.198903 -0.072048 -0.375818 -0.002371 -0.27832 0.181598 2.95182
35.717176 141.684173 171.301356 791.014619 54.077418 176.811174 40.988781 76.949669 34.223327 44.745235 30.52805 78.925735 -73.179323 161.920356 -139.753275 1137.404935 -41.177128 549.550845 -20.618008 435.408639 -17.765162 317.147871 -19.581611 370.980249 101.30311 -123.642348 -0.029176 0.158156 -0.099329 9.670657 0.381348 23.967606 0.79755 30.855486 0.743819 21.976847 0.589824 18.213531 -0.005259 -0.01035 0.133393 0.039312 -0.141153 1.451753 -0.073924 1.659972 -0.007702 0.780607 -0.11279 0.418246 0.902901 14.473668
40.873999 147.212492 154.173613 858.981586 68.257927 363.600433 53.891381 262.902629 45.727437 177.227436 42.635124 227.038354 -64.793251 164.953925 -130.474596 1128.366443 -41.286704 560.820808 -22.620393 461.672496 -21.345866 345.428348 -21.628485 401.162729 129.558238 -27.804774 0.1738 0.0529 -0.450976 1.400449 0.824647 33.307596 0.881396 55.385989 0.831992 43.870642 1.008695 38.239089 0.255092 0.014077 0.159346 -0.018028 -7.3e-05 0.057195 -0.04639 0.384546 -0.164256 0.603817 -0.050865 0.590131 1.735597 34.1808
42.075292 148.318076 143.968399 929.277699 65.600876 463.984612 50.628406 370.898054 44.149054 259.385494 41.548431 311.332613 -64.853093 169.185307 -125.944698 1119.629249 -43.245169 614.313366 -25.762479 529.023119 -24.066221 385.034504 -23.730956 426.510607 133.407326 -12.368212 0.008699 0.002068 -0.17471 1.382197 -0.026373 6.110746 -0.050945 9.268623 -0.013861 7.799562 -0.007014 6.640043 -1.4e-05 0.026793 0.040016 -0.016979 -0.02269 1.218132 -0.102135 2.292006 -0.081553 1.074526 -0.048752 0.388236 0.028172 3.084155
43.69549 153.692708 143.73506 925.090265 67.060285 523.273489 53.244256 441.911115 47.262625 312.259219 44.645255 365.211697 -65.308358 170.663658 -125.969182 1108.88725 -41.77276 623.829615 -23.784354 545.039098 -21.505694 403.323229 -21.69598 446.110793 132.530864 -5.81799 0.015304 0.047828 -9.5e-05 -0.004728 0.008028 1.781878 0.032943 3.108057 0.053041 2.450504 0.05565 2.148842 -0.000796 0.003215 -1e-06 -0.02589 0.012751 0.036571 0.039503 0.119419 0.07199 0.212164 0.045603 0.22015 -0.001444 1.220574
44.323881 165.29614 143.792519 978.209586 56.675915 426.252513 43.003469 306.315238 36.775322 218.542492 33.652963 275.616132 -63.58651 169.697693 -134.440612 1084.494925 -35.287485 621.368364 -17.971259 500.112749 -16.380239 365.839027 -16.188227 435.100123 102.24277 -18.868044 0.002243 0.211111 6e-06 0.7414 -0.436516 -4.969726 -0.546362 -12.38912 -0.656936 -8.338668 -0.775444 -6.294188 0.011501 -0.001371 -0.137829 -0.135636 0.27338 -0.002432 0.406621 -0.966037 0.348303 -0.913917 0.402508 -0.068791 -1.961928 -3.731408
41.133307 179.5779 150.061484 966.058942 57.501411 403.547225 43.445814 277.934924 37.109269 198.996037 34.184843 256.507117 -65.048266 174.318213 -147.518126 1059.017015 -36.582772 522.951079 -18.894565 342.658014 -16.70387 283.643082 -16.378888 383.831363 103.607452 -7.480833 -0.059581 0.295842 0.066877 -0.037968 0.002984 -0.310693 0.001132 -0.689703 0.000755 -0.45777 0.002085 -0.343221 -0.008306 0.031031 -0.303437 -0.151421 -0.011673 -4.240049 -0.011564 -14.839265 -0.001583 -5.222195 -0.000558 -1.606402 0.004524 2.587675
37.767257 185.809797 149.815085 977.630274 58.656997 359.319414 46.177142 219.965296 40.397535 157.722259 36.800773 214.740461 -68.78492 176.984154 -146.831979 971.797905 -36.327365 264.263595 -18.337725 128.425623 -16.627781 101.055316 -16.627417 156.060664 108.860493 6.280662 -0.071834 0.053148 -0.000101 0.034444 0.005748 -1.283151 0.041629 -3.386164 0.069785 -2.395819 0.048217 -1.854538 -0.052174 0.010116 0.0008 -1.873801 0.000447 -43.717715 0.004164 -51.531166 8.7e-05 -46.091598 -0.000936 -50.398504 0.064948 27.470556
31.489904 184.645713 136.159394 987.2266 46.274483 313.078459 35.300906 219.205793 31.216896 142.975805 27.856437 184.873861 -82.238467 170.551159 -171.264302 977.546783 -35.063114 234.676652 -16.119544 106.668339 -15.23598 77.020846 -15.73973 124.552743 90.070305 10.119378 -0.285071 -0.001829 -0.326225 0.023434 -0.733165 -1.591885 -0.729179 -0.000657 -0.590895 -0.361806 -0.621644 -1.117656 -0.600432 -0.059544 -0.939686 0.008477 0.011195 -0.878019 0.071472 -1.008953 0.030411 -1.629389 0.012175 -1.774502 -0.88941 0.455587
32.303184 162.484 150.331178 911.125715 43.061181 229.778354 30.278207 94.917669 25.605341 63.277517 22.959369 108.456949 -83.829837 158.606572 -164.203414 993.227676 -33.947547 209.328265 -16.40186 87.042755 -16.105644 60.378765 -15.93747 101.965418 82.325785 0.033981 0.005184 -0.708155 0.350731 -1.525974 -0.057808 -6.429174 -0.192627 -25.634274 -0.277767 -16.020265 -0.236513 -10.128727 -0.007625 -0.216796 0.074317 0.062385 0.009017 -0.724164 -0.001225 -0.996734 -0.012068 -1.011583 -0.000617 -1.128964 -0.174041 -8.980556
32.569052 156.204331 150.140643 834.366695 30.800218 149.485289 18.502238 42.103985 15.097077 27.199376 13.394854 62.132674 -84.670451 160.108871 -154.802071 969.774564 -26.790809 186.533285 -11.770727 70.574606 -11.67587 49.045938 -11.647943 88.005047 53.326402 -3.196867 0.000545 -0.061876 -6e-05 -1.688578 -1.024766 -8.596765 -1.442739 -10.58729 -1.379865 -7.504392 -1.280735 -6.410206 -0.002097 0.003541 0.138563 -0.140109 0.423109 -0.656849 0.38325 -0.862672 0.355438 -0.588438 0.335551 -0.513648 -3.135956 -3.890037
33.215126 157.036502 151.827636 809.886726 24.63242 163.527322 12.013515 59.100774 8.79333 41.624537 8.229645 80.435958 -83.31388 160.40926 -154.288571 935.022611 -25.295536 190.282876 -10.949103 77.69397 -10.63344 57.868778 -10.554268 100.166712 38.766196 -1.335053 0.003173 0.001105 0.004712 -0.182241 -0.344203 0.315128 -0.697845 1.437468 -0.846659 1.5287 -0.625938 1.17979 0.005478 0.000141 0.000427 -0.317041 0.021467 0.018656 0.014861 0.171023 0.024368 0.364662 0.026953 0.393419 -1.158298 0.400099
37.549915 164.074589 162.814138 778.002039 27.74757 216.123953 13.567217 109.906279 9.635083 82.095344 9.393872 131.076672 -71.079391 167.89051 -150.985671 933.808061 -17.145363 250.881994 -5.029807 129.599694 -4.342331 100.24577 -4.806508 155.147478 26.913986 -0.905605 0.132891 0.077139 0.191869 -0.320153 0.092714 3.661003 0.047227 7.817151 0.019234 6.806568 0.038497 6.151702 0.485508 0.085252 0.017868 -0.000395 0.789914 4.181816 1.136825 6.603707 1.385493 5.78464 1.115893 5.990202 -1.078236 0.041539
41.413686 161.002789 158.956946 812.863678 30.718963 290.702332 15.338941 174.300271 11.85751 128.485545 11.821045 185.707195 -67.329305 165.110206 -144.210731 973.578032 -22.248105 306.43 -7.926167 134.340212 -7.750417 115.979142 -8.469297 183.003675 38.780893 0.320113 0.094586 -0.014514 -0.02312 0.382018 0.075555 5.51705 0.054348 7.39113 0.115213 5.173343 0.139302 4.74617 0.050812 -0.011607 0.077755 0.414657 -0.331884 2.77518 -0.327896 0.042575 -0.490183 0.573171 -0.515281 1.149321 1.080688 2.302557
49.076039 167.530574 160.891707 933.707339 34.088238 359.574014 17.65497 217.776479 14.650215 161.125636 14.156328 226.930324 -66.191024 175.032478 -152.03232 1001.008832 -20.431981 343.671963 -6.752374 155.922719 -6.091004 129.334652 -6.727306 203.770761 39.634023 1.745009 0.324994 0.064858 0.005852 4.185547 0.087642 3.657434 0.081388 2.417928 0.147522 1.845199 0.10518 2.064291 0.004852 0.144752 -0.103273 0.190542 0.038657 1.067605 0.047007 0.803496 0.099832 0.363824 0.100173 0.557926 0.004641 0.570331
47.830787 169.892718 162.736571 956.110652 38.353028 424.335444 20.724727 311.424644 17.459664 221.975599 17.153829 281.67756 -66.841306 177.226246 -148.159582 1036.347554 -29.749148 403.976955 -13.422049 267.836168 -12.373097 200.467742 -12.688102 265.040483 59.228687 0.54787 -0.008001 0.008268 0.005258 0.132797 0.125648 2.679661 0.122962 8.351961 0.123142 4.863428 0.143814 2.955118 -0.001589 0.006831 0.024982 0.306505 -0.872549 2.436054 -1.134392 15.045082 -1.101546 7.762486 -0.937665 4.020965 1.961293 -0.337335
45.942278 170.407651 156.411719 976.213658 41.605619 514.952196 23.736677 417.136344 21.043473 302.273043 20.779086 353.83318 -67.57059 178.129916 -148.05121 1065.290691 -34.897462 454.584349 -16.212025 333.224617 -15.555517 239.879028 -15.982522 295.91184 72.784185 3.602301 -0.019018 0.00039 -0.062679 0.104574 0.066183 4.381294 0.102137 7.709998 0.16715 6.185944 0.173631 4.109547 -0.001978 0.001149 2e-05 0.199308 -0.205326 1.492809 -0.131627 3.567339 -0.181908 1.767212 -0.189903 0.850129 0.697805 1.340479
35.650452 172.930667 136.848123 965.59418 54.752239 659.780486 35.44171 619.736416 30.811731 458.851979 30.018418 496.450266 -78.539652 175.100222 -158.4549 1094.872059 -52.014077 547.922264 -27.792706 459.096387 -28.011997 320.710374 -29.081861 370.232337 117.580792 12.33725 -0.65169 0.00927 -0.653279 -0.029038 0.901045 8.961847 1.169132 19.986173 0.928361 16.279846 0.847317 12.045827 -0.412327 -0.012993 -0.176616 0.202554 -1.702167 4.354549 -1.551178 10.062178 -1.818689 5.858142 -1.945873 4.158884 5.34582 2.606511
33.849164 172.336807 117.8185 1008.679313 90.055824 818.596221 89.911532 804.6071 86.500523 613.009436 75.923658 637.435621 -81.212093 170.907935 -165.854263 1121.781666 -59.943727 605.60711 -33.166639 522.900375 -34.172925 356.304773 -34.894152 401.349704 229.411222 34.609576 -0.023347 -0.000511 -0.711977 0.470186 4.36935 8.555204 12.45296 12.048475 14.060506 11.143558 10.462065 8.799075 -0.022355 -0.025398 -0.084422 0.163344 -0.28117 1.443233 -0.237334 2.074984 -0.305947 0.936344 -0.264574 0.627726 18.514598 5.619499
33.7342 176.30675 96.928612 1032.714783 128.574202 1174.042409 148.333248 1265.842049 150.200683 1064.346786 127.196589 1062.678229 -84.681804 174.006245 -170.470915 1128.800759 -70.906931 697.11421 -41.157815 640.185114 -41.517355 445.408084 -42.082599 490.178644 349.653912 132.701984 -9.8e-05 0.022603 -1.018465 0.141502 3.419843 31.958463 7.27405 52.028479 8.732457 61.862956 6.577831 54.041 -0.036289 0.013916 -0.031687 0.010946 -0.46008 3.217842 -0.430844 5.928566 -0.357167 4.966909 -0.33638 4.436349 12.621734 31.77176
29.992363 178.252367 92.778358 980.995586 216.623445 1736.744385 296.050993 1952.695388 321.322086 1897.777498 270.255313 1869.637447 -85.726936 174.826407 -166.743352 1118.230199 -88.390952 821.048651 -59.104669 782.733133 -59.757296 578.320809 -57.777766 616.307741 658.217173 380.842506 -0.10995 0.005338 -0.045403 -0.664275 11.418159 54.907552 25.269911 74.143104 32.146862 119.665221 26.63899 113.221487 -0.003205 0.000964 0.020603 -0.024863 -0.962402 5.067118 -1.619308 7.158239 -1.656081 8.664829 -1.241126 7.212274 48.395792 63.928849
30.067358 183.021737 85.174742 922.140505 246.261549 1865.074612 336.472268 2112.733919 358.760243 2134.920393 305.178068 2096.92869 -80.659028 203.123357 -150.486003 1058.231006 -106.392606 988.293066 -86.958638 1034.269179 -80.89018 813.495798 -77.75172 825.329966 780.356636 312.700904 4.7e-05 0.031483 -0.162519 -0.910274 0.949825 2.286883 1.292878 3.151237 1.031257 6.978635 1.0607 6.517449 0.077199 1.060779 0.416852 -0.827166 -0.833629 7.746104 -2.680442 17.494874 -1.596717 20.012615 -1.479933 15.233491 5.194391 -3.355621
30.377666 198.193026 91.588714 959.270381 261.406675 1961.057963 354.064968 2243.235524 370.083028 2252.142581 315.005405 2206.250412 -73.525537 210.056825 -134.942754 952.297163 -105.918814 1146.630853 -96.118386 1272.063829 -82.882789 1090.006219 -77.884222 1086.617837 803.242929 208.556983 0.000797 0.302007 0.116406 0.366417 0.22596 1.204121 0.224139 1.955304 0.087957 1.566366 0.077866 1.388876 0.165107 0.058178 0.423524 -2.792743 0.000529 5.8797 -0.229285 12.291673 -0.012122 20.190594 -5.6e-05 17.938022 0.165386 -10.509585
29.644428 207.411398 92.359265 994.28892 261.263875 2003.355751 353.316388 2295.471941 365.151328 2278.682545 310.208099 2241.826764 -73.807368 214.835503 -146.209911 952.030291 -113.788433 1359.276236 -105.591923 1601.48407 -84.165907 1427.671963 -79.191941 1397.845822 799.935506 99.022429 -0.004479 0.104769 0.001614 0.313888 -2e-05 0.225652 -0.000396 0.300607 -0.01654 0.077732 -0.018405 0.142275 -0.00027 0.026873 -0.225856 -1.9e-05 -0.140985 9.038594 -0.22259 18.944628 -0.004928 22.746264 -0.005444 19.570798 -0.003412 -20.164596
29.683644 197.496163 88.100297 985.621525 258.50155 2004.629845 342.924744 2291.656854 355.128778 2292.535199 302.220609 2239.899928 -73.868214 197.978521 -138.683377 877.176023 -130.359288 1327.225986 -130.786401 1511.204351 -110.6112 1363.554004 -101.496016 1345.943958 862.129788 119.992174 1.3e-05 -0.121419 -0.050264 -0.018972 -0.00734 0.000203 -0.077554 -0.001586 -0.069734 0.02099 -0.05209 -0.000414 -1.3e-05 -0.344315 0.099438 -1.532224 -0.563 -0.191188 -1.346517 -1.309502 -1.803617 -0.736532 -1.381889 -0.490935 1.164059 1.006195
28.630214 207.519057 85.125791 1018.840226 248.914412 2097.388351 338.065394 2353.938105 352.663737 2358.797783 296.655153 2335.272425 -80.520763 202.629507 -160.316495 922.073536 -125.628501 1424.816334 -111.625161 1668.941772 -95.148173 1475.750909 -90.707876 1439.747209 814.174083 103.06214 -0.009516 0.124037 -0.02554 0.275275 -0.090578 1.048903 -0.017338 0.417506 -0.004293 0.47201 -0.025861 0.994159 -0.143394 0.026999 -0.783622 0.560262 0.043717 1.730873 0.75848 3.914351 0.581854 2.217631 0.303001 1.579778 -0.686099 -0.643431
26.105537 204.283377 77.58998 1022.84824 233.263946 2090.089956 320.518267 2355.025571 333.36499 2359.129544 280.463733 2327.726765 -81.302197 201.424539 -161.93014 949.813627 -119.457707 1412.390902 -105.460035 1624.899094 -87.370489 1442.990867 -82.896682 1417.47276 762.06384 112.024268 -0.058256 -0.012712 -0.174596 0.003934 -0.254057 -0.00636 -0.233802 0.000126 -0.271501 1.2e-05 -0.227175 -0.006105 -0.001887 -0.001797 -0.00404 0.205556 0.077697 -0.027208 0.087561 -0.294465 0.165791 -0.183856 0.175818 -0.086825 -0.861615 0.186796
24.849261 205.831162 69.734491 1064.380233 220.862596 2150.551111 307.265174 2415.313746 322.142958 2418.624426 267.765548 2398.093197 -87.222521 197.738735 -186.129078 962.870471 -119.838201 1356.619408 -100.64302 1578.546825 -80.46718 1361.449578 -77.461139 1336.283578 724.615947 150.839813 -0.015489 0.002921 -0.20958 0.413246 -0.16936 0.431036 -0.139908 0.38098 -0.096065 0.370444 -0.147079 0.523899 -0.104023 -0.017017 -0.842239 0.044566 -0.000303 -0.561712 0.056299 -0.335365 0.14203 -1.185689 0.092149 -1.197113 -0.471711 2.881623
22.767448 195.569446 66.543601 1041.482312 213.937554 2116.130863 298.439204 2394.741184 312.483816 2392.085282 260.498703 2356.179832 -86.816239 189.157221 -181.783087 984.207544 -113.656921 1351.225909 -93.555271 1531.700558 -77.353687 1330.752394 -74.395367 1312.739294 700.782998 154.49172 -0.04553 -0.131191 -0.037362 -0.124493 -0.055151 -0.13884 -0.064307 -0.043995 -0.073511 -0.073205 -0.049984 -0.184756 0.000474 -0.095183 0.02567 0.116915 0.081832 -0.005371 0.129386 -0.352817 0.030715 -0.175014 0.03095 -0.104632 -0.19926 0.02184
20.827042 184.503192 55.066181 1009.683434 186.512283 2052.445429 267.564665 2332.397544 281.274859 2324.524319 229.680694 2283.359135 -92.439478 178.878485 -196.087672 959.46183 -114.144958 1311.034643 -90.664964 1507.107053 -74.696475 1280.022915 -72.353963 1249.899018 645.869525 154.651934 -0.043205 -0.161138 -0.542826 -0.246501 -0.94023 -0.486506 -0.842704 -0.411126 -0.820765 -0.483898 -0.969737 -0.57152 -0.088222 -0.143564 -0.270853 -0.157531 -0.000523 -0.303394 0.022675 -0.099521 0.02322 -0.492904 0.014199 -0.770591 -1.12009 4.2e-05
23.573986 176.026693 57.739942 979.725967 191.830191 2033.87322 276.530332 2348.09208 289.98154 2333.408043 235.617256 2273.725386 -90.842806 177.288858 -202.348594 955.8016 -111.25122 1255.754341 -86.315356 1436.843373 -70.568497 1192.654061 -68.784672 1160.849993 646.651848 189.627732 0.085054 -0.09966 0.031692 -0.22557 0.037376 -0.042205 0.073874 0.026313 0.066354 0.008472 0.037873 -0.010183 0.006955 -0.003547 -0.049194 -0.003498 0.018576 -0.595348 0.053458 -0.838616 0.058664 -1.544015 0.04514 -1.645222 0.000237 1.781225
23.495971 180.046588 62.369317 987.689795 202.635446 2057.962113 287.723522 2380.84875 301.140202 2362.213779 246.912802 2301.27901 -90.277066 179.727776 -199.467847 965.529356 -111.08644 1255.01434 -86.253678 1435.367489 -69.880356 1189.248549 -68.822692 1167.925505 661.150078 199.293293 -6.5e-05 0.022692 0.089248 0.016118 0.148017 0.070907 0.111031 0.113452 0.105331 0.088357 0.132227 0.082974 0.000884 0.008331 0.010327 0.024626 6.1e-05 -0.000109 1.1e-05 -0.000379 0.001686 -0.002435 -5e-06 0.010749 0.080366 0.120124
]