11-08-20_Ishan_4KDepth.lion_above_blue_bed.0000000005 [ 63.14786 368.562877 129.973913 1627.232919 327.491317 2811.862521 431.091932 3144.933152 441.466416 3090.352557 376.717182 3020.561691 -70.390207 341.061575 -88.785564 1687.423244 -53.530081 2540.47612 -45.348624 2890.810987 -35.021903 2570.382714 -30.126315 2473.106385 725.172808 23.93164 0.0 0.0 0.0 0.0 0.0 0.0 0.0 0.0 0.0 0.0 0.0 0.0 0.0 0.0 0.0 0.0 0.0 0.0 0.0 0.0 0.0 0.0 0.0 0.0 0.0 0.0
70.47995 349.123365 137.670247 1545.890694 316.188279 2790.006872 416.52448 3219.261643 419.041492 3142.190136 354.278433 3038.601789 -63.763871 323.557827 -89.953586 1497.771847 -54.943289 2431.794586 -49.063179 2865.600189 -34.162926 2572.099436 -28.79281 2460.359776 692.500748 28.508895 0.201306 -0.263321 0.11068 -1.042765 -0.099249 -0.042635 -0.12519 0.434062 -0.292248 0.215577 -0.344473 0.026856 0.163749 -0.230534 -0.003816 -5.65108 -0.009206 -1.187897 -0.073101 -0.055207 0.005333 0.000287 0.015092 -0.016467 -0.376534 0.200144
77.911788 353.544196 138.194425 1556.299108 317.380271 2816.871544 421.028028 3210.855387 427.945761 3153.541913 361.792601 3065.838881 -58.75916 334.080264 -84.949848 1485.594615 -50.998649 2391.179615 -44.983499 2854.596746 -30.120296 2581.471395 -24.754807 2452.856855 685.133031 28.603494 0.18622 0.013907 0.000498 0.017461 0.001121 0.06436 0.012108 -0.005495 0.046806 0.010234 0.039426 0.060764 0.102257 0.084187 0.07159 -0.024852 0.073463 -0.171015 0.088529 -0.010583 0.127242 0.008522 0.152469 -0.005729 -0.019702 7.8e-05
66.289793 345.49925 127.687453 1543.687629 310.570281 2818.684187 416.302139 3204.654324 424.948839 3163.050718 356.05212 3080.925622 -64.429272 327.241226 -90.464959 1482.384404 -56.769423 2416.723541 -52.192283 2868.934817 -36.375988 2589.692474 -29.868612 2461.152776 709.984707 28.643738 -0.469103 -0.046294 -0.207685 -0.025653 -0.036928 0.000292 -0.013337 -0.002997 -0.005265 0.007157 -0.022953 0.018515 -0.130561 -0.035364 -0.08672 -0.001736 -0.154618 0.067857 -0.267753 0.017959 -0.294909 0.006535 -0.239902 0.007003 0.221363 1.4e-05
63.426769 340.699078 123.689078 1533.129463 294.776564 2807.051535 391.827181 3224.646494 399.765621 3159.564024 335.728553 3069.305516 -68.352854 331.651526 -95.060285 1527.19049 -58.892146 2450.586998 -53.44194 2903.205355 -37.0537 2602.717086 -31.110885 2488.124797 680.234976 26.968993 -0.031599 -0.01679 -0.031801 -0.018115 -0.206067 -0.012027 -0.370709 0.031083 -0.384583 -0.000961 -0.298604 -0.010977 -0.057982 0.01476 -0.05692 0.333552 -0.019481 0.117801 -0.007392 0.101737 -0.003128 0.016335 -0.012655 0.073495 -0.318348 -0.025223
70.509076 339.839277 132.647266 1553.279495 315.562841 2810.573438 417.073044 3201.476279 428.925842 3129.932398 362.631821 3046.513113 -62.894096 319.661956 -84.887342 1496.711154 -51.119735 2430.894363 -45.932582 2874.499289 -32.224671 2606.018356 -26.586502 2485.356677 696.284468 23.976916 0.187381 -0.000543 0.156579 0.065777 0.354061 0.001104 0.394059 -0.041772 0.513208 -0.069802 0.518396 -0.042471 0.113568 -0.110363 0.287783 -0.153612 0.274906 -0.039722 0.284133 -0.071312 0.168508 0.001046 0.177665 -0.00077 0.093568 -0.087939
68.934786 329.681928 130.817282 1536.789693 311.15038 2807.367971 415.074256 3197.646574 424.800424 3129.639958 357.709153 3049.934574 -60.986225 317.295752 -81.404289 1498.151102 -49.706767 2406.307467 -44.80151 2837.269376 -31.802475 2569.790458 -26.094088 2453.640083 689.06541 27.563386 -0.008887 -0.077053 -0.006355 -0.043998 -0.015533 -0.000914 -0.002401 -0.001146 -0.009968 -7e-06 -0.01682 0.00096 0.014692 -0.004395 0.036481 0.000346 0.009901 -0.062486 0.00705 -0.121336 0.001392 -0.12679 0.002301 -0.101838 -0.018809 0.124935
67.188132 347.207313 128.678035 1582.666534 313.971008 2871.598357 421.005157 3277.18397 428.880539 3201.453346 360.835572 3117.792802 -67.724328 324.821409 -84.647143 1535.89233 -52.181389 2429.795981 -46.384997 2854.810117 -33.422004 2585.220101 -27.497179 2475.740741 701.752305 32.905449 -0.011207 0.226913 -0.008818 0.337366 0.006364 0.363242 0.021036 0.488541 0.00975 0.407302 0.006802 0.373304 -0.176494 0.044102 -0.031668 0.234745 -0.030056 0.057041 -0.01375 0.027027 -0.02011 0.023092 -0.018371 0.049544 0.057865 0.236432
67.786981 356.087887 127.429286 1601.619558 308.417004 2883.924946 412.601046 3275.342682 422.06518 3200.859474 355.064307 3122.75406 -68.294126 333.156509 -84.80592 1547.234763 -51.352342 2440.500333 -45.336824 2870.899861 -32.339476 2597.531998 -26.622934 2485.220287 688.065665 31.473784 0.001328 0.05607 -0.003044 0.056405 -0.024782 0.0132 -0.042365 -0.000259 -0.027293 -2.8e-05 -0.023263 0.001972 -0.001193 0.052796 -7.4e-05 0.020864 0.003319 0.011763 0.005989 0.022607 0.008911 0.014624 0.007062 0.009057 -0.067393 -0.015921
71.173896 349.937957 127.676407 1572.287396 307.208025 2836.742366 409.725881 3204.910768 422.925361 3151.54965 355.885009 3068.514366 -65.36627 328.657834 -84.679446 1490.123644 -51.615491 2412.34023 -46.635234 2849.53646 -33.343657 2581.995638 -27.571648 2449.072967 693.771675 28.359069 0.041281 -0.026785 0.00012 -0.135542 -0.001187 -0.194578 -0.005026 -0.382763 0.000438 -0.191384 0.000474 -0.237593 0.032071 -0.01529 4.7e-05 -0.536975 -0.000336 -0.081705 -0.009166 -0.039892 -0.007677 -0.023301 -0.008305 -0.132405 0.011781 -0.081126
68.804349 345.077155 129.443878 1573.846004 310.360549 2860.762876 415.080692 3242.147112 424.250852 3182.50299 356.825547 3104.657121 -65.13117 326.920206 -83.706547 1516.632119 -51.428186 2427.43903 -46.542313 2861.494892 -33.3524 2588.6537 -27.355868 2464.625798 695.50898 30.634714 -0.020057 -0.016998 0.006075 0.000386 0.008046 0.050635 0.017382 0.107534 0.001037 0.075632 0.000621 0.105805 0.000212 -0.002303 0.002811 0.116856 0.00017 0.023552 4.6e-05 0.01252 -1e-06 0.004287 0.000424 0.024614 0.001086 0.043907
69.39038 342.991304 134.473303 1576.01203 323.555361 2930.669289 428.634687 3311.717241 439.155339 3255.176724 371.072557 3192.626489 -63.562985 323.365619 -80.777268 1523.809278 -49.836325 2411.67573 -44.812083 2836.988721 -32.205185 2562.04242 -26.074666 2455.577286 709.209878 41.441845 0.001243 -0.003162 0.047927 0.000745 0.137338 0.421924 0.108877 0.369258 0.128653 0.410213 0.13944 0.61447 0.009555 -0.009715 0.026086 0.008471 0.012513 -0.025674 0.016387 -0.052694 0.010039 -0.068745 0.015363 -0.00832 0.066817 0.814814
74.429868 349.510038 137.613745 1638.220715 340.644731 2993.658999 456.039086 3406.86974 468.4578 3339.666101 396.54786 3248.020843 -64.363552 329.349112 -81.127623 1594.013008 -48.9813 2424.160764 -40.695359 2841.360123 -30.712092 2558.553559 -25.162818 2443.523559 739.064193 51.950905 0.088319 0.030682 0.018124 0.602054 0.219885 0.334875 0.424553 0.673836 0.473141 0.541237 0.422846 0.238221 -0.002505 0.027426 -0.000379 0.790486 0.003699 0.016117 0.099157 0.001683 0.017719 -0.001189 0.008114 -0.014828 0.307737 0.593152
70.884999 355.686574 129.75832 1624.783768 322.822214 2943.690049 434.686825 3353.233441 444.338474 3292.104244 374.03224 3204.286547 -66.950799 342.619729 -87.007057 1577.486073 -52.99707 2430.152384 -45.096864 2865.027804 -32.834951 2577.056357 -26.981809 2456.373059 718.750178 43.720473 -0.043244 0.027049 -0.115422 -0.027667 -0.239424 -0.210274 -0.255962 -0.212785 -0.318715 -0.170555 -0.329013 -0.148219 -0.02549 0.131053 -0.102829 -0.043062 -0.079098 0.003698 -0.112982 0.049082 -0.035468 0.033331 -0.031736 0.016848 -0.14154 -0.354682
70.275337 361.028417 139.406038 1631.362672 340.27146 2943.996954 453.2002 3338.092475 463.25577 3272.699868 391.239717 3196.923641 -62.231706 336.502554 -80.839315 1558.630689 -49.458889 2448.636723 -44.924633 2873.20519 -30.759809 2599.018003 -24.883888 2488.771498 732.759449 38.774917 -0.001317 0.019907 0.172958 0.006646 0.229627 8e-06 0.193033 -0.01713 0.197171 -0.028678 0.193483 -0.004235 0.086224 -0.027551 0.113359 -0.056683 0.061111 0.035016 0.000165 0.005827 0.033866 0.046591 0.042447 0.106131 0.067607 -0.148375
70.151673 350.000288 128.648625 1566.550406 313.728458 2711.990477 420.093177 3062.620933 428.44035 2962.231272 363.869393 2900.099302 -57.614054 325.55994 -78.848178 1522.182865 -47.452334 2398.005632 -41.393819 2823.652721 -28.317756 2559.944234 -22.845698 2451.664097 677.053086 14.672673 -5.4e-05 -0.085529 -0.215942 -0.656844 -0.538854 -4.760413 -0.627778 -5.930569 -0.679927 -7.734694 -0.496207 -7.229508 0.088992 -0.090436 0.012414 -0.215607 0.020775 -0.264469 0.072243 -0.215513 0.050494 -0.147974 0.043538 -0.139358 -1.101001 -5.743013
74.861051 350.828852 138.503111 1558.161034 345.231521 2759.45033 465.865634 3147.275756 474.387706 3073.773994 403.02594 2994.855011 -54.921995 332.794759 -73.659249 1540.424577 -44.38267 2409.057552 -38.785496 2834.619903 -26.638221 2581.98746 -21.325438 2460.235308 725.853367 21.421774 0.07649 0.00049 0.181814 -0.011262 0.753468 0.20584 1.183191 0.577044 1.169951 1.030718 1.00029 0.761603 0.032204 0.039754 0.0883 0.054327 0.051317 0.012705 0.042437 0.010629 0.025671 0.047249 0.02617 0.007478 0.849019 0.636602
72.1947 353.405687 127.48884 1560.164857 316.31802 2617.10336 427.473147 2980.368295 437.54638 2880.885853 370.141853 2806.683014 -58.369664 334.433337 -76.055788 1527.430651 -47.451512 2382.800941 -41.183171 2815.821371 -29.09742 2570.347358 -23.404992 2449.896303 692.31144 8.852357 -0.024175 0.004714 -0.228139 0.000644 -0.632145 -1.884684 -0.825367 -2.273571 -0.744482 -3.124914 -0.699623 -3.052468 -0.052472 0.002012 -0.019182 -0.027518 -0.05129 -0.071936 -0.035952 -0.031271 -0.05428 -0.013149 -0.048366 -0.010885 -0.396716 -2.732658
72.457835 352.417191 121.317181 1523.688989 288.842007 2398.539511 382.933304 2716.224457 391.707081 2574.042621 331.292873 2510.290282 -59.586108 334.465385 -76.658139 1520.071825 -47.489581 2384.857264 -41.311832 2816.386922 -29.14879 2569.97266 -23.466077 2449.51338 634.563964 0.00161 0.000239 -0.000692 -0.076556 -0.215726 -0.624067 -4.76438 -1.224878 -6.127304 -1.267917 -8.636902 -1.076652 -8.26758 -0.006273 1e-06 -0.001188 -0.008885 -8e-06 0.000443 -0.0001 2.8e-05 -2.3e-05 -1.4e-05 -4e-05 -1.5e-05 -1.257221 -8.615195
70.364906 339.770715 114.152536 1466.45025 273.303901 2093.67838 355.814398 2304.031941 363.557245 2138.625914 307.532808 2115.273559 -62.249058 333.857509 -77.092109 1483.734791 -45.818937 2364.995372 -40.395603 2796.731067 -28.847464 2541.318885 -23.294019 2419.599191 597.223696 -17.357353 -0.015336 -0.115537 -0.109025 -0.547896 -0.214783 -10.356529 -0.497926 -16.950328 -0.524776 -20.157799 -0.442011 -16.897805 -0.029106 -0.000276 -0.000612 -0.219793 0.014957 -0.041527 0.005137 -0.034415 0.000783 -0.080317 0.000317 -0.091892 -0.566094 -17.693309
69.610758 323.889743 115.812243 1444.385942 258.857305 1801.988234 316.256962 1974.492569 308.215116 1731.137856 263.525195 1721.38354 -64.930589 327.236266 -84.234712 1464.222677 -48.017377 2341.064411 -43.022311 2785.38764 -30.473636 2514.680058 -24.74849 2393.813142 532.517906 -72.925467 -0.002032 -0.190038 0.005989 -0.083626 -0.196127 -10.935578 -1.165165 -12.709724 -2.283486 -21.514153 -1.698211 -20.272901 -0.028273 -0.033159 -0.158194 -0.064575 -0.025757 -0.060847 -0.041366 -0.011526 -0.022293 -0.070177 -0.022022 -0.06907 -1.85453 -19.126848
78.095194 322.644785 149.857621 1563.29296 257.974454 1392.937443 293.40676 1382.705045 285.054834 1063.247032 248.38986 1097.386738 -65.101157 337.165254 -86.361546 1538.232424 -50.195937 2378.860148 -42.186908 2875.873589 -30.700763 2565.454257 -25.12504 2411.469373 502.853441 -325.544239 0.24388 -0.001199 2.190474 2.351383 -0.000754 -26.293869 -0.428363 -52.570049 -0.452242 -80.990565 -0.223795 -69.935275 -0.000112 0.074195 -0.013258 0.912299 -0.024165 0.151331 0.004095 0.723181 -0.000422 0.253742 -0.001422 0.032438 -0.425046 -90.310879
75.068718 283.228245 168.032182 1424.1419 194.395577 804.835195 192.511371 700.388901 181.482653 475.66536 162.512189 523.86813 -67.782712 317.243199 -94.296582 1478.724491 -55.279712 2350.143199 -45.705836 2858.26752 -33.129097 2559.678855 -28.611432 2389.568378 369.69052 -828.490741 -0.029904 -1.283529 0.519968 -3.242503 -4.490168 -80.146535 -10.590296 -114.915837 -11.641862 -116.590653 -9.074326 -104.830207 -0.027059 -0.303312 -0.174349 -0.586939 -0.122587 -0.087193 -0.070471 -0.027029 -0.046208 -0.003254 -0.113217 -0.049953 -10.221167 -115.362004
75.526193 273.950987 269.590687 1171.034583 196.858979 511.792018 179.875875 405.769716 158.871063 260.583656 147.662298 316.755564 -67.585583 314.688225 -106.875527 1484.916051 -57.598854 2346.095267 -45.721311 2878.681377 -32.505201 2569.276519 -28.470527 2389.117655 335.100108 -1193.386565 0.000695 -0.07724 11.947352 -12.372258 0.007755 -33.025673 -0.21443 -39.95675 -0.751937 -32.116589 -0.35568 -25.913574 0.000144 -0.005165 -0.393655 0.006468 -0.023826 -0.001745 -1e-06 0.03632 0.002965 0.00898 0.000174 -2.1e-05 -0.849343 -33.199635
71.612251 234.940884 307.914029 868.239899 173.272659 235.27648 143.882662 142.20271 118.704378 83.800861 112.821391 128.927649 -67.413405 306.938236 -104.680195 1488.530261 -59.089502 2347.595613 -48.592952 2875.559708 -33.336567 2567.079941 -29.249666 2393.640795 277.853448 -1723.252624 -0.052065 -1.497401 1.272976 -22.605002 -0.752273 -53.058053 -2.006958 -67.549474 -2.921544 -48.836655 -2.340583 -41.512209 0.00011 -0.048313 0.011391 0.002197 -0.009522 0.00024 -0.043727 -0.000847 -0.005249 -0.00047 -0.005259 0.002139 -2.679125 -48.534219
70.98048 214.129483 368.492964 573.06538 151.420883 77.254954 104.167952 25.282977 85.735877 10.324118 86.7062 33.577834 -67.586955 296.95161 -107.224826 1473.3003 -59.127766 2344.103054 -49.468949 2884.908667 -32.573576 2592.969087 -28.406796 2416.266162 224.001915 -2276.061676 -0.0014 -0.482494 2.718183 -30.549131 -0.736143 -42.892612 -3.199947 -47.563915 -2.675799 -35.297436 -1.716427 -30.91352 -0.000112 -0.082581 -0.015279 -0.039157 -6e-06 -0.0013 -0.003913 0.007586 0.004416 0.064946 0.006161 0.053214 -2.897632 -38.390541
68.926275 200.702928 365.492989 273.405502 119.627668 10.861984 71.617699 0.000234 55.064544 -0.280813 60.557813 4.06918 -67.388791 299.285593 -108.04802 1456.071819 -59.41126 2343.057929 -50.097506 2883.139179 -32.533039 2625.914508 -28.570669 2463.42397 172.247851 -2680.505223 -0.015081 -0.21734 -0.006131 -54.816341 -1.871085 -30.18104 -3.039953 -25.129223 -3.381252 -14.010308 -2.340063 -14.268883 0.000145 0.004568 -0.001574 -0.050663 -0.000339 -0.000117 -0.001984 -0.000271 1.3e-05 0.103989 -0.000236 0.227874 -3.39433 -16.528352
57.403192 194.806495 370.457159 86.528686 71.71029 -2.458119 27.288696 -14.228317 18.885187 -11.331818 26.730313 -1.140164 -70.171544 331.447596 -117.569869 1560.225835 -64.713967 2431.614705 -52.94163 2957.90138 -35.334274 2699.156925 -31.997022 2555.629912 105.883545 -3060.26785 -0.526634 -0.043956 0.016742 -52.31482 -6.097198 -23.654522 -10.490251 -14.34407 -9.454639 -8.04493 -6.821256 -9.517258 -0.02815 0.820527 -0.201017 1.798777 -0.113319 0.82131 -0.03926 0.478478 -0.057835 0.503721 -0.096993 0.847037 -8.033539 -12.574768
47.512422 189.307022 350.111361 62.023721 43.534099 -19.812906 8.811827 -51.397414 4.82871 -38.388196 9.485106 -13.806869 -76.399772 340.676634 -122.724132 1587.973059 -70.103207 2472.886153 -59.034946 3008.179574 -39.038289 2737.009494 -35.537476 2589.738883 71.326392 -3423.684224 -0.46726 -0.039371 -0.287297 -2.03509 -3.497481 -8.313592 -5.086767 -11.540661 -4.615092 -8.006321 -4.36955 -7.011772 -0.132387 0.063366 -0.055285 0.12228 -0.107759 0.173653 -0.16591 0.211859 -0.092294 0.131787 -0.092867 0.113056 -3.402098 -10.192499
43.654917 168.339137 330.220351 12.997115 33.196579 -49.69456 4.890281 -86.30298 2.361017 -66.01947 6.233875 -34.687254 -71.487921 335.269142 -116.923822 1566.146076 -65.772272 2482.855014 -57.468376 3009.488349 -38.216203 2753.181442 -33.629455 2603.004149 59.57502 -3671.875716 -0.081647 -0.615176 -0.290841 -18.235999 -0.699549 -6.750996 -0.573162 -4.497541 -0.436752 -3.722645 -0.339909 -4.725533 0.081592 -0.02163 0.070204 -0.075524 0.06904 0.010027 0.010533 0.000142 0.004374 0.023818 0.026322 0.016944 -0.528543 -4.342002
46.899206 150.596945 285.172084 3.060064 27.062864 -97.423757 3.803692 -161.634847 1.564733 -138.09428 4.641148 -90.573613 -64.792387 342.172825 -100.53942 1580.245243 -58.077358 2496.433339 -53.513816 2967.83837 -37.056566 2769.373737 -31.096425 2631.663821 53.850696 -4144.29407 0.058135 -0.493875 -1.651038 -3.444169 -0.312983 -7.957536 -0.068169 -11.72124 -0.081606 -13.148714 -0.117266 -13.158237 0.164577 0.035178 0.618106 0.03159 0.239278 0.018514 0.070478 -0.14511 0.008933 0.023738 0.049584 0.078456 -0.144539 -14.289819
42.318135 138.477438 250.405831 -0.097609 14.006917 -169.222446 0.104736 -255.872713 -0.179511 -228.681287 0.294854 -164.186459 -65.195355 351.574011 -89.353774 1566.124847 -55.354321 2513.518678 -53.142184 2971.621187 -36.721954 2799.320519 -31.013518 2662.801467 31.766485 -4628.19207 -0.117691 -0.254168 -1.129591 -4.250721 -2.13048 -9.848333 -2.646076 -10.774494 -2.80422 -11.362694 -2.596378 -10.866974 -0.000625 0.063702 0.329731 -0.031685 0.032689 0.029133 0.000647 0.001205 0.000759 0.080523 5.5e-05 0.091564 -2.897236 -13.356286
52.882361 115.139004 249.307365 -2.893833 18.569344 -231.506647 1.253728 -343.545151 0.171995 -318.619349 2.022482 -236.402088 -53.918864 333.848361 -77.304627 1544.930467 -44.414245 2510.020621 -43.645387 2981.181521 -29.184714 2816.920578 -23.380315 2681.412568 33.837617 -5030.296273 0.587962 -1.076114 -0.001207 -1.928497 0.321075 -4.869921 0.633729 -6.446263 0.702933 -7.440347 0.77288 -6.563057 0.534972 -0.229239 0.436138 -0.072195 0.601629 -0.001218 0.46704 0.007677 0.432407 0.027577 0.538255 0.032406 0.032701 -8.373873
45.203639 124.667518 220.579847 -0.962309 23.914586 -228.175592 4.893563 -351.396921 1.853499 -323.556219 4.877885 -240.853023 -53.765437 318.787101 -76.353307 1516.925074 -43.193915 2496.422916 -43.028488 2978.601645 -26.578113 2825.274282 -20.464243 2685.045646 42.469062 -5061.038714 -0.301029 0.189379 -0.87898 0.518621 0.337605 0.012069 1.193425 -0.044358 0.896259 -0.018977 0.618509 -0.020755 0.000109 -0.173812 0.002945 -0.128079 0.0085 -0.018466 0.002195 -0.000558 0.060955 0.006184 0.09708 0.00123 0.489745 -0.046827
39.428581 121.300703 186.475491 -3.303043 21.022151 -238.338312 4.725351 -360.892866 1.541468 -333.445419 4.158264 -255.282566 -61.323041 304.476562 -86.553416 1517.736302 -46.278416 2454.543327 -42.916232 2902.555046 -28.009568 2716.163571 -22.195507 2577.496027 42.692705 -4952.966339 -0.197267 -0.023044 -1.4312 -0.699656 -0.093185 -0.110707 -0.001471 -0.063301 -0.01437 -0.07443 -0.0287 -0.209878 -0.248414 -0.164311 -0.319644 0.000108 -0.053184 -0.17713 7.3e-05 -0.491683 -0.018772 -1.074297 -0.035144 -1.099101 0.000294 0.583182
38.387365 97.758798 186.674308 -16.434984 25.422111 -208.42141 7.88653 -288.453449 3.325662 -256.410018 6.968105 -198.640782 -61.767497 262.589497 -83.149929 1419.896948 -44.888804 2434.765947 -42.368168 2903.886892 -27.174171 2754.406933 -20.673989 2604.265104 49.512684 -4691.599544 -0.006966 -1.268675 5.3e-05 -5.002294 0.208888 1.002806 0.402602 4.053228 0.338818 5.052065 0.360642 3.547822 -0.000802 -1.549137 0.034133 -1.629747 0.010591 -0.04 0.001761 0.000153 0.006324 0.133676 0.027009 0.069145 0.252566 3.542158
40.645297 99.949748 169.693112 -12.128842 22.33788 -158.232516 6.638445 -229.592922 2.85987 -201.368732 6.576241 -148.710285 -59.093672 291.798382 -87.043255 1480.781173 -45.534053 2422.110444 -41.946566 2871.194963 -25.19129 2713.666285 -19.317327 2572.420478 45.026884 -4393.476817 0.032261 0.01214 -0.404814 0.326452 -0.09969 3.45126 -0.053721 3.354734 -0.017563 3.321006 -0.00567 3.607399 0.02958 0.769995 -0.044538 0.63904 -0.002302 -0.016488 0.001054 -0.092533 0.037556 -0.151774 0.023018 -0.097948 -0.106483 4.8927
45.881414 117.161317 182.554827 -6.639098 27.327662 -124.692509 9.394073 -168.742406 4.475126 -150.494814 8.724515 -114.596709 -57.432821 298.983336 -94.750674 1441.483992 -48.091668 2342.764227 -43.477761 2782.342452 -24.813619 2622.80731 -19.415376 2491.04915 50.364235 -4029.835288 0.158576 0.683302 0.23489 0.820843 0.251292 1.995073 0.23859 4.675261 0.18006 3.697207 0.151563 2.219198 0.011837 0.043693 -0.163457 -0.264237 -0.03494 -0.660695 -0.013724 -0.698258 0.001426 -0.77354 -0.000124 -0.653872 0.149436 7.853017
53.922672 117.33945 233.73966 -6.100591 35.279413 -98.252453 11.89656 -130.066855 6.393843 -108.452014 11.714497 -78.416121 -51.782076 295.473061 -93.330736 1388.713302 -47.289838 2330.666675 -41.987959 2796.836665 -23.9189 2646.601044 -19.121375 2513.748781 55.046014 -3826.555205 0.324471 6.8e-05 3.158658 0.011386 0.507031 1.573375 0.147582 2.513503 0.170698 3.435845 0.219882 3.421381 0.146282 -0.010364 0.00536 -0.492013 0.00337 -0.015658 0.012986 0.018827 0.008214 0.05372 0.001122 0.051478 0.104022 2.630324
57.472849 113.525549 255.309327 -1.7492 46.525154 -99.281587 20.111315 -145.90668 11.762017 -129.152475 18.080861 -89.675526 -50.980347 289.435221 -91.608223 1380.769933 -47.334403 2316.324455 -42.286384 2787.41418 -24.397448 2637.787372 -19.335827 2505.359837 70.039442 -3934.290296 0.056586 -0.031505 0.4759 1.316444 0.776668 -0.002681 1.072105 -0.454948 0.811756 -0.903445 0.688095 -0.377522 0.003128 -0.031164 0.008022 -0.011392 -1e-05 -0.022133 -0.000528 -0.007949 -0.00237 -0.00735 -0.000598 -0.007011 0.901848 -0.747819
61.684703 113.822133 302.037644 0.635718 71.311593 -83.215109 36.713177 -129.01128 23.366252 -116.176386 30.937253 -76.92528 -48.575669 289.641717 -81.552676 1364.33084 -44.427036 2292.713571 -40.40731 2784.148985 -22.98288 2635.879022 -17.984881 2503.517911 92.696679 -3858.810847 0.074461 0.000193 1.96232 4.493946 2.63635 0.708599 2.479289 0.519654 1.972018 0.34341 1.716014 0.488616 0.029046 3.7e-05 0.292212 -0.049223 0.04607 -0.060477 0.021352 -0.000957 0.021121 -0.000345 0.024459 -0.000339 1.584966 0.365534
59.950972 116.126763 337.031524 15.961417 86.715025 -67.776823 45.751665 -120.958827 29.880732 -113.369088 37.452932 -68.617637 -50.13869 293.959674 -80.901546 1391.758004 -45.722359 2297.510237 -41.417944 2802.670642 -24.502931 2645.883562 -19.505538 2513.185795 108.500777 -3854.627303 -0.012356 0.011549 0.958809 10.226275 0.752506 0.791323 0.496824 0.129733 0.400008 0.017167 0.311089 0.237295 -0.012375 0.015974 0.001305 0.136474 -0.009306 0.002506 -0.006241 0.030702 -0.024335 0.009475 -0.030853 0.009316 0.621668 0.001135
56.585175 121.499628 321.396774 62.4822 93.052244 -55.106991 53.318959 -120.026585 36.44731 -114.540439 42.734464 -68.58698 -54.57931 308.179748 -82.513555 1440.131713 -46.887696 2295.682698 -41.152232 2796.977255 -25.305429 2621.665474 -20.821248 2501.211313 122.492013 -3832.174368 -0.048616 0.06075 -0.185654 15.283363 0.111736 0.654901 0.289428 0.001803 0.325851 -0.00301 0.174123 3e-06 -0.094196 0.167933 -0.007951 0.413185 -0.007332 -0.000364 0.000428 -0.002894 -0.006465 -0.055673 -0.021469 -0.014298 0.424114 0.032792
67.747482 127.313247 335.336265 194.407045 112.994295 -30.959834 74.740578 -115.715341 55.932901 -118.477099 59.037556 -64.332354 -53.556861 307.490685 -91.193207 1460.628321 -41.05093 2257.810782 -33.965956 2772.287542 -18.586788 2536.130514 -15.117047 2416.640032 139.005749 -3750.916668 0.502077 0.067928 0.147953 36.462569 0.967308 3.456819 1.804401 0.039425 2.078411 -0.033256 1.314301 0.068111 0.004834 -0.000386 -0.216985 0.072415 0.193916 -0.157495 0.344532 -0.054728 0.517264 -0.709289 0.455579 -0.727231 0.521947 0.435377
65.320497 126.901047 327.28123 341.091847 128.776499 -4.315928 94.882365 -62.332276 72.726176 -90.336087 72.378606 -31.488031 -58.725948 302.441463 -102.90451 1475.007981 -39.927744 2186.44091 -31.723566 2671.78188 -15.806201 2369.775333 -12.859526 2270.749762 156.341656 -3385.478876 -0.022134 -0.000334 -0.048962 20.481774 0.515662 12.156903 1.200108 8.1912 1.100682 1.904921 0.678929 5.80485 -0.119046 -0.0209 -0.353635 0.035218 0.00779 -0.573098 0.038284 -0.927821 0.112586 -2.821294 0.091232 -2.270894 0.509219 9.362741
65.588711 131.661189 325.652222 482.760429 145.407768 1.615957 113.819018 -21.058514 96.568873 -44.240389 91.766431 -9.70327 -54.2654 294.121775 -97.319535 1472.13762 -36.347881 2130.193767 -26.224322 2610.567756 -13.635362 2332.86678 -11.60236 2208.595202 182.778376 -3019.623888 0.000275 0.043821 -0.002032 12.271975 0.504869 11.213687 0.86089 10.930453 1.687354 8.140664 1.149008 6.232075 0.088079 -0.058016 0.077908 -0.001398 0.084054 -0.366475 0.261529 -0.3547 0.080141 -0.14484 0.032326 -0.431243 1.032032 10.457227
64.665116 142.760506 303.202995 657.824839 157.467478 43.146881 129.708014 1.837135 107.466226 -0.654484 100.72083 5.098173 -53.784756 284.8365 -70.678696 1461.894697 -16.625351 2116.966951 -9.406061 2614.482896 -3.639707 2252.119952 -3.07446 2130.030086 150.660734 -2329.559245 -0.003275 0.224555 -0.40083 13.515081 0.240188 28.062716 0.518894 35.335478 0.291217 34.132971 0.20839 28.868276 0.001069 -0.074463 2.125776 -0.017879 3.808355 -0.020596 4.219075 0.001467 3.185538 -0.711077 2.731781 -0.711399 -1.550428 44.697203
64.683906 155.042813 284.39948 869.557979 137.019216 151.320343 110.102076 60.674338 94.816595 24.652156 88.780622 56.828135 -53.059659 278.948319 -67.571521 1446.847762 -16.214377 2048.346495 -8.251872 2422.346004 -3.071085 2016.387645 -2.775369 1910.659136 132.016249 -1595.132625 1e-06 0.253388 -0.300937 14.746923 -0.71079 32.862758 -0.802796 41.39589 -0.395906 33.340181 -0.376542 27.884002 0.00246 -0.030749 0.034921 -0.038919 0.002572 -0.565274 0.037761 -3.666 0.024134 -6.514239 0.007651 -5.959271 -0.615536 69.328876
66.190055 166.875376 256.314034 996.196373 112.233497 280.845076 83.495582 166.97803 73.621449 92.514508 70.268142 143.216944 -50.093751 266.711559 -62.874149 1477.410065 -0.685497 1967.154975 1.895296 2225.541559 5.275849 1777.16041 3.157716 1705.014974 39.480772 -1058.717161 0.008667 0.217535 -0.729892 4.302763 -1.235409 19.866628 -1.837006 26.343834 -1.338851 21.653689 -1.081054 19.615017 0.042647 -0.137226 0.084604 0.159712 10.23207 -0.820911 18.056589 -4.168492 16.397419 -7.550541 11.853837 -5.85282 -27.107223 54.777425
64.428554 161.912847 206.943312 1001.715194 100.066756 535.734304 73.650092 468.028174 64.171988 311.129773 61.57142 355.736487 -53.657889 263.216914 -64.747056 1460.796441 -9.47859 1732.174389 -2.287685 1922.398736 -0.675021 1553.9251 -0.795209 1488.219826 78.010203 -474.411333 -0.011878 -0.037453 -2.638306 0.007622 -0.348919 40.800181 -0.308723 75.898263 -0.32439 64.327215 -0.28715 47.522406 -0.061237 -0.011523 -0.013744 -0.04697 -5.066031 -7.470501 -8.347517 -11.092084 -9.725154 -7.488562 -7.12218 -7.36783 6.497227 115.711943
70.130009 169.154763 173.162834 1130.154906 26.620381 852.828303 6.331478 854.191078 6.458906 644.578207 8.065348 672.642166 -60.699412 279.339389 -80.977156 1574.620985 -1.951506 1577.728025 0.836952 1680.341434 1.700581 1360.350599 0.715764 1328.108398 1.531096 -132.120914 0.120844 0.079216 -1.504031 3.872599 -23.462815 36.690753 -36.792963 57.647403 -29.91329 60.057443 -25.067948 50.046683 -0.216996 0.239599 -0.906638 2.134893 2.828347 -3.605345 5.892079 -8.140749 4.518429 -6.435992 3.019856 -4.554941 -57.683477 105.814127
73.920015 165.937023 163.065291 1189.916885 3.312794 916.66129 -1.291916 911.18023 -1.162484 699.41833 -0.235358 726.673545 -61.797668 288.221573 -81.187655 1650.72698 0.714287 1424.981705 13.792853 1453.882827 14.424661 1171.499272 9.267317 1166.458726 -23.777001 -60.538565 0.049867 -0.01545 -0.151658 0.769822 -11.151499 1.151738 -13.343442 0.920093 -13.101672 1.119308 -11.056242 1.043538 -0.004923 0.069506 -0.000137 0.898032 5.027094 -3.88758 7.834525 -8.191917 6.219627 -7.053058 4.832076 -5.243015 -37.375385 13.791812
69.277668 176.383448 132.804654 1255.259715 -0.002677 976.631047 -9.271872 950.150188 -7.666549 738.712447 -4.346828 771.614284 -66.583428 289.998897 -88.538843 1659.715159 0.866446 1318.909538 14.319497 1345.344644 15.187696 1071.833244 9.748254 1077.456696 -44.435459 -30.909145 -0.07527 0.159431 -1.551549 0.873239 -3.503826 0.950005 -3.6418 0.407994 -2.858358 0.536918 -2.559257 0.674144 -0.089232 0.002732 -0.159272 0.012202 0.00734 -2.051013 0.004933 -2.105039 0.009832 -2.215058 0.006083 -1.76577 -3.203478 4.93308
70.873357 176.218991 129.172492 1256.092525 0.584854 970.214339 -5.166499 970.751707 -3.938421 745.030168 -1.819879 770.475752 -62.575287 282.976922 -83.635669 1646.649445 0.003097 1255.790882 6.16028 1307.349558 7.816318 1047.338725 5.123344 1045.911394 -22.851396 -25.678262 0.009084 -3.8e-05 -0.02518 0.000138 0.666673 -0.010575 0.595955 0.110478 0.615139 0.01345 0.541513 -0.00042 0.062207 -0.04303 0.06983 -0.025816 -0.765942 -0.773792 -1.695517 -0.27212 -1.21302 -0.141565 -0.737433 -0.234335 3.555787 0.242287
70.762054 180.916922 120.325718 1359.410508 -0.188925 944.79051 -13.170932 891.581087 -9.242656 670.381384 -5.529476 707.482962 -63.695875 284.511167 -82.512851 1643.539509 0.413809 1262.733173 10.943739 1302.295471 11.223689 1044.231932 7.277699 1043.842126 -40.836587 -41.253047 -4.4e-05 0.030901 -0.156895 2.041438 -1.43859 -0.168772 -1.839236 -1.683593 -1.114351 -1.969859 -1.004916 -1.343033 -0.004972 0.002074 0.003794 -0.00147 0.345309 0.009568 0.682509 -0.004894 0.30737 -0.002307 0.188565 -0.001024 -2.592221 -1.837329
66.227739 175.653947 115.275146 1314.279094 -0.237157 951.065008 -11.430549 898.103855 -8.512127 683.744886 -5.183312 722.806904 -63.864718 281.114539 -86.810519 1647.70489 0.876958 1216.197827 14.516512 1221.732081 14.687471 968.428944 9.597635 983.704973 -45.562212 -24.711587 -0.075063 -0.038843 -0.054141 -0.380932 -0.002739 0.010383 0.061637 0.011887 0.015035 0.065942 0.005594 0.082092 -0.000112 -0.010199 -0.054549 0.002636 0.085955 -0.436827 0.251925 -1.286062 0.232561 -1.427993 0.160227 -0.892032 -0.129332 2.107661
64.026297 179.859887 114.611322 1268.144854 11.418039 1018.54155 2.071714 1045.319498 2.066347 796.924124 2.396723 808.963715 -64.369912 280.350648 -86.256445 1646.536494 -0.062555 1253.123512 5.437121 1292.442291 7.457294 1011.472511 4.165633 1009.665252 -1.672691 -12.772125 -0.018605 0.02488 -0.000958 -0.41212 14.946317 1.156175 23.234853 5.583864 18.966323 4.331929 14.629279 2.424931 -0.000995 -0.00052 0.000887 -0.000207 -1.40795 0.276105 -2.185343 0.994546 -1.213564 0.467944 -1.117285 0.169052 29.775065 1.952347
62.013911 179.480227 125.039551 1246.85336 28.066 1031.294393 10.790401 1082.050359 10.112894 824.736228 10.504812 828.99161 -65.972017 277.78301 -86.241942 1635.342909 -5.12476 1266.860168 -0.011312 1324.41478 0.000241 1036.102536 -0.076551 1048.537918 10.014305 -12.043159 -0.016066 -0.000201 0.226996 -0.090126 3.681319 0.039671 3.40598 0.317119 3.036649 0.238512 2.866173 0.122449 -0.009847 -0.005906 1e-06 -0.019089 -4.054921 0.03744 -5.944439 0.195326 -7.372668 0.148141 -5.37158 0.367121 19.872553 0.010709
60.819931 184.939674 126.783906 1247.744854 106.530612 1157.60886 95.760621 1265.444034 88.133756 959.525896 77.691764 939.874085 -69.694976 275.906341 -84.773648 1584.297416 -9.425247 1365.325488 -0.984549 1486.215888 -0.909728 1154.372866 -1.249187 1122.061969 106.951887 -8.999089 -0.005803 0.040897 0.006042 0.000159 25.236873 3.647637 42.261194 7.17461 38.537779 5.098536 31.060339 3.47879 -0.051092 -0.00318 0.006303 -0.404673 -0.65006 1.84235 -0.784794 4.661111 -0.939611 3.195215 -0.707267 1.245586 51.512427 0.221349
60.867122 193.306115 108.083896 1044.747805 111.364412 1140.265829 119.193361 1258.136961 109.142642 1032.632995 90.909855 1007.360683 -71.693937 291.871695 -77.181469 1590.206064 -9.41096 1479.3065 -1.150159 1591.824654 -0.938999 1259.484061 -1.111973 1216.527731 130.328597 -11.253362 9e-06 0.09254 -0.745624 -9.005241 0.053623 -0.065449 1.281052 -0.010579 1.121857 1.341873 0.518937 1.169815 -0.014131 0.224509 0.178052 0.005499 5e-06 2.284459 -0.006434 1.812272 -0.000232 2.289615 0.00399 1.908719 1.154337 -0.125851
64.899758 197.769497 113.510816 992.692196 131.472356 1132.300965 138.396367 1244.075667 125.002963 1028.76298 105.853248 1005.388514 -71.025782 297.58116 -77.693392 1556.099716 -10.576335 1554.084407 -1.36812 1709.344235 -0.770168 1349.314054 -1.023132 1288.098808 145.396916 -21.703255 0.064669 0.025471 0.066463 -0.665106 0.833945 -0.013958 0.716778 -0.039509 0.537783 -0.003633 0.568267 -0.000966 0.001564 0.027652 -0.000846 -0.184864 -0.034003 0.921837 -0.00945 2.092476 0.008359 1.547038 0.001849 1.0228 0.412047 -1.700604
64.427023 211.444238 128.399957 1133.148924 129.44598 1164.81466 118.515348 1310.896955 103.184225 1039.823324 91.101704 1022.161714 -75.969472 305.442708 -84.745662 1611.77591 -14.397644 1599.169267 -3.004701 1753.594897 -2.092941 1380.552666 -2.444714 1326.468905 134.66822 -24.103166 -0.000864 0.228549 0.458634 4.645142 -0.007869 0.230113 -0.770398 0.873952 -1.045524 0.029569 -0.553208 0.069381 -0.083156 0.051247 -0.153159 0.489299 -0.294084 0.322326 -0.317804 0.282737 -0.323884 0.178742 -0.304768 0.281565 -0.205572 -0.062912
60.404519 211.786384 142.239317 935.267037 98.850616 1149.962907 84.929028 1311.678291 65.128812 1074.340681 58.896903 1040.974554 -78.499723 305.009616 -90.966126 1608.330479 -14.037026 1619.680857 -2.453547 1807.118586 -1.55771 1451.548551 -2.222089 1394.110705 86.831179 -28.324291 -0.064826 0.000138 0.354075 -9.487272 -2.059421 -0.047645 -2.791508 0.000116 -4.35858 0.281796 -3.497983 0.085775 -0.020725 -0.000154 -0.110141 -0.001843 0.002287 0.065354 0.027898 0.4023 0.039449 0.890012 0.005313 0.841019 -5.227345 -0.170205
58.879431 209.565657 142.110395 970.291759 73.033008 1161.598668 53.276968 1381.18303 39.77479 1128.235703 37.432909 1083.489967 -79.806241 306.036456 -93.311735 1607.258331 -16.634563 1667.987385 -4.105826 1873.455548 -2.672153 1501.471408 -3.430665 1436.546509 63.065803 -26.621519 -0.00975 -0.005852 -2.9e-05 0.321909 -1.950015 0.029286 -3.673307 0.897134 -3.109991 0.65948 -2.421721 0.425458 -0.005392 0.000863 -0.014929 -0.000179 -0.110189 0.354909 -0.211511 0.597862 -0.149452 0.42202 -0.13071 0.318106 -1.895928 0.026391
54.222423 220.751795 131.954756 1080.959719 46.131385 1214.157445 24.249233 1414.054404 17.331586 1130.228646 17.440094 1096.482795 -83.578716 316.534633 -98.030963 1678.844506 -18.899462 1641.57773 -5.386884 1792.87737 -4.073209 1431.434602 -4.926357 1381.537922 38.208982 -17.76986 -0.095918 0.145417 -0.188226 2.987523 -3.076257 0.581449 -5.639468 0.193287 -4.595036 0.000879 -3.771791 0.03872 -0.043558 0.08852 -0.058206 0.779828 -0.072255 -0.105374 -0.086838 -0.885575 -0.147108 -0.836347 -0.134935 -0.536931 -3.097799 0.891463
55.277806 221.366998 134.762514 1263.868278 31.019792 1253.464718 10.974185 1388.642891 7.772287 1107.51556 8.573153 1084.475296 -84.738474 305.407499 -100.057873 1673.257204 -8.601519 1580.157339 -0.317565 1688.309946 -0.124804 1349.738404 -0.591945 1313.296309 9.866879 -11.967654 0.005086 0.000428 0.014779 7.144786 -1.494427 0.313087 -2.59732 -0.115203 -1.891285 -0.115272 -1.557851 -0.033055 -0.003996 -0.099545 -0.01037 -0.004656 2.000857 -0.585524 3.088585 -1.570845 2.772034 -1.200161 2.102964 -0.864184 -9.24271 0.571538
55.89622 218.372552 130.427146 1292.700299 20.469744 1239.724056 4.153234 1356.389343 2.455994 1080.220262 3.402164 1065.838788 -77.676529 299.603582 -88.50441 1658.896447 -5.170713 1579.254033 0.000147 1706.015346 0.07046 1373.891501 -0.019798 1335.029285 1.694469 -17.634439 0.00172 -0.010196 -0.03544 0.162584 -1.092425 -0.037865 -1.62507 -0.189493 -1.49016 -0.170282 -1.173971 -0.080762 0.153602 -0.027839 0.354281 -0.030946 0.434168 -0.000129 0.331355 0.046178 0.382815 0.107097 0.395231 0.089175 -3.383543 -0.547464
52.828064 216.974758 117.867804 1352.328211 16.621001 1283.064385 3.22819 1393.138774 1.96827 1099.926838 2.533092 1084.760912 -82.427815 292.521732 -98.963244 1673.396913 -5.58833 1493.926177 0.024304 1600.813874 0.068877 1267.779796 -0.037145 1239.524691 1.300752 -5.957263 -0.0433 -0.002244 -0.317844 0.672193 -0.200224 0.372311 -0.058193 0.245602 -0.026965 0.089067 -0.063972 0.083245 -0.070516 -0.042351 -0.291977 0.03155 -0.008108 -1.184806 0.020676 -1.673832 -9e-06 -2.132029 -0.002707 -1.772009 -0.02599 3.09263
63.52982 229.694967 121.410949 1615.705122 21.822431 1486.489115 6.962757 1548.418046 6.808139 1214.51927 6.992829 1193.773702 -81.187924 304.245193 -87.516465 1780.335387 -1.491623 1528.223013 2.34708 1606.5186 1.846033 1275.737198 0.706445 1246.035191 1.563883 -0.752573 0.49318 0.181159 0.026234 11.708847 0.353504 7.480914 0.708942 4.10131 1.455137 2.83858 1.108444 2.609264 0.004698 0.115165 0.351653 1.655974 1.305637 0.194615 1.893712 0.005073 1.201748 0.012447 1.067574 0.008527 0.012111 2.475086
55.312732 240.554331 106.394696 1478.787753 21.585955 1385.363543 8.85147 1465.709211 7.497095 1154.041376 7.042377 1131.246826 -81.266676 312.301246 -81.634729 1693.418951 -1.105659 1462.459252 2.59513 1541.756672 2.10344 1232.596778 0.735566 1205.513418 1.658322 -1.293163 -0.284416 0.125403 -0.495452 -3.030472 -0.000644 -1.781002 0.113191 -1.134995 0.0166 -0.772235 8.7e-05 -0.840921 -1.9e-05 0.052634 0.102291 -1.087534 0.028838 -0.723145 0.006229 -0.666167 0.008397 -0.37101 0.000294 -0.334916 0.001384 -0.072718
52.181519 226.00697 118.338852 1396.818234 24.111945 1150.299674 9.940972 1187.002954 9.002773 923.537992 8.665513 920.200844 -78.713219 300.176759 -87.680533 1628.129881 -1.381602 1399.353576 2.347536 1473.285429 2.029583 1172.890828 0.608695 1144.476896 2.483233 -14.882049 -0.045614 -0.226848 0.317629 -1.168513 0.069867 -10.919086 0.031609 -14.681715 0.068843 -12.826545 0.084086 -10.884724 0.020379 -0.120019 -0.107974 -0.64173 -0.015354 -0.695854 -0.006205 -0.777587 -0.00066 -0.741087 -0.006 -0.792787 0.082984 -7.401407
48.003005 273.357902 109.071354 1658.915383 47.133063 1154.795144 32.421658 1099.95728 34.826408 830.079662 31.105832 852.175685 -75.244872 308.543256 -82.582385 1648.100255 -1.70823 1424.457726 1.811871 1504.21694 1.56363 1195.045103 0.450216 1170.330791 21.631229 -33.158264 -0.087177 2.250031 -0.188915 11.261081 3.821872 0.004384 6.457043 -1.657155 8.415385 -2.492182 6.935511 -1.30591 0.039072 0.057499 0.076344 0.060866 -0.017313 0.111592 -0.034637 0.160669 -0.03034 0.103639 -0.011926 0.144385 9.456307 -3.612263
51.978404 309.412756 90.954245 1963.394635 77.912682 1031.692761 72.824923 886.677855 83.920125 577.663499 70.626692 665.044627 -78.027366 345.587999 -92.804885 1905.414455 -9.729188 1584.901502 -0.473371 1663.210549 -0.576307 1301.567684 -1.316824 1274.565493 98.405238 -145.024572 0.079065 1.11639 -0.822159 12.819437 3.84734 -3.46817 8.06418 -11.481712 10.623705 -22.814683 7.990281 -11.584419 -0.025259 1.049801 -0.298164 9.328457 -3.283967 4.280068 -4.137469 3.992974 -4.038494 2.273526 -3.306982 2.22296 27.762392 -39.492345
56.902208 300.932852 115.192863 1792.281802 98.622592 804.076471 91.645309 578.064834 100.482353 362.632389 85.544805 434.424156 -74.355015 331.77702 -89.608681 1814.358827 -12.869167 1690.22887 -1.753768 1828.52436 -1.505537 1476.576248 -2.307227 1437.505441 126.58707 -375.71368 0.111389 -0.058911 1.429938 -3.900071 1.218981 -14.165681 1.08036 -32.880563 0.74528 -24.91729 0.714151 -24.459107 0.044257 -0.140813 0.028004 -1.114634 -0.219209 1.694089 -0.404852 3.91553 -0.218888 5.517792 -0.137958 4.899103 1.771962 -53.886174
55.429913 271.698129 132.811592 1698.297647 103.313047 554.795702 94.447767 369.623136 97.772648 220.33541 82.982502 282.254963 -72.650407 316.79036 -95.6345 1759.865955 -15.819047 1818.553443 -3.769928 2068.958048 -1.947419 1707.063787 -2.714205 1637.067746 127.317484 -700.815976 -0.009649 -0.746752 0.626626 -1.265495 0.054481 -23.060554 0.021103 -23.207279 -0.018519 -17.633363 -0.01948 -16.340989 0.009883 -0.173174 -0.098034 -0.415425 -0.152064 2.347354 -0.381098 7.423184 -0.028391 8.354321 -0.01652 6.483363 0.001051 -50.262343
47.20331 260.004845 137.707386 1484.14602 120.01346 355.268973 115.752147 193.736786 116.986671 104.716361 99.991584 155.56344 -71.954086 310.839665 -104.484347 1644.224632 -25.682642 2055.376327 -12.52059 2439.960921 -6.298989 2099.670479 -6.347416 1982.996129 177.577383 -1266.581205 -0.330234 -0.128596 0.044305 -7.213475 0.625306 -22.141932 1.082418 -28.160526 0.861244 -21.257615 0.792289 -18.731047 0.001677 -0.028211 -0.195779 -1.964809 -1.189164 7.245559 -2.549816 15.289352 -1.241618 20.299827 -0.760251 16.566128 4.171036 -83.103846
53.454489 263.802676 130.82669 1441.60665 121.412459 311.504169 120.092417 154.987304 124.251122 79.164892 106.910715 127.445772 -65.14233 311.292544 -98.542047 1562.185517 -40.550201 2095.907188 -30.612317 2574.017824 -18.50829 2291.800665 -15.707563 2153.717456 238.669281 -1519.073189 0.194297 0.013768 -0.088167 -0.30927 0.004053 -1.437839 0.039941 -2.159567 0.109403 -1.783923 0.115726 -1.400244 0.169329 0.000165 0.08698 -1.049697 -1.690259 0.197865 -3.977612 1.792435 -3.212509 4.204934 -2.084757 3.524318 4.50759 -11.466549
51.226117 253.223591 145.840198 1370.20686 124.846006 301.215196 130.327509 145.172475 130.456963 70.444576 110.917325 119.294507 -65.818203 272.325509 -111.592669 1385.981468 -54.343847 2137.670089 -45.109714 2702.894964 -26.131704 2440.39168 -23.060182 2279.054435 273.363026 -1681.589953 -0.023721 -0.108243 0.407659 -0.906666 0.023938 -0.086394 0.20925 -0.160509 0.075612 -0.254358 0.036851 -0.134679 -0.001744 -1.302329 -0.405652 -5.270333 -1.007863 0.205994 -1.400759 1.574007 -0.655763 2.333457 -0.703628 1.772311 1.176723 -4.128636
56.749306 242.010143 156.444148 1279.688348 135.505358 241.035937 128.013782 102.787424 125.996076 42.148474 110.172011 83.255404 -63.483793 265.040969 -109.871414 1358.15507 -55.194879 2194.893907 -45.035884 2810.560166 -25.894189 2557.464381 -22.558522 2385.594916 266.12802 -1942.975297 0.141354 -0.126968 0.186047 -1.546475 0.2183 -3.349706 -0.010361 -3.649402 -0.038801 -3.613577 -0.001256 -3.23195 0.021074 -0.049377 0.006689 -0.141088 -0.003306 0.377918 3e-05 1.051328 0.000542 1.371378 0.002758 1.21685 -0.048516 -9.437181
56.685249 236.200513 169.609421 1244.965538 128.535276 197.989172 120.660512 70.988464 124.232719 26.901433 107.252972 62.289461 -64.038937 266.571794 -103.89778 1359.752042 -54.622385 2226.272991 -46.535278 2827.792282 -28.263956 2612.482155 -23.660393 2434.693891 271.009258 -2109.17792 -1.8e-05 -0.035291 0.2659 -0.238791 -0.092013 -2.115482 -0.108741 -2.934191 -0.006213 -1.704399 -0.019596 -1.518003 -0.001208 0.002204 0.083481 0.000469 0.001492 0.111357 -0.012276 0.026333 -0.051871 0.292754 -0.013136 0.250065 0.02218 -3.409908
57.721962 241.879697 165.12652 1293.903679 121.514411 192.392714 111.283788 60.643281 117.219066 22.009412 101.909933 55.708635 -65.201323 274.492077 -101.574515 1418.282089 -58.151286 2304.442518 -50.672056 2908.084511 -33.434824 2718.964717 -27.791324 2535.091135 275.860899 -2251.718304 0.004697 0.033733 -0.03002 0.471699 -0.098585 -0.040117 -0.189612 -0.407153 -0.101887 -0.245263 -0.068255 -0.183651 -0.005227 0.057973 0.013135 0.616649 -0.055227 0.674389 -0.088063 0.562003 -0.217063 1.06347 -0.166099 1.014192 0.021521 -2.330162
54.972364 248.765007 172.838815 1192.337289 138.671515 179.040031 131.846735 57.086386 131.979543 19.570719 114.699908 50.881618 -66.945337 278.650644 -108.320367 1363.963417 -62.62438 2305.027119 -51.991511 2912.478482 -33.625722 2701.684085 -29.54472 2515.725409 298.840507 -2261.368292 -0.033548 0.048314 0.088008 -2.07543 0.566301 -0.240086 0.871124 -0.053743 0.437529 -0.071577 0.377929 -0.109354 -0.011509 0.015632 -0.108431 -0.530291 -0.082862 3.7e-05 -0.008479 0.001659 -0.000272 -0.027545 -0.026817 -0.037126 0.459607 -0.010317
55.746946 258.84225 168.281373 1280.994879 139.024513 202.794226 135.226232 64.88569 134.465009 25.255231 115.28513 59.492836 -66.847007 290.9837 -105.063216 1406.819356 -60.898794 2345.00236 -50.966772 2919.263891 -34.756339 2694.719682 -30.079746 2511.48915 305.947519 -2198.224899 0.002709 0.100039 -0.030446 1.589494 0.000224 0.739599 0.021383 0.249612 0.011593 0.361896 0.000745 0.336429 3.6e-05 0.133526 0.024861 0.331448 0.012054 0.171832 0.0051 0.003948 -0.009347 -0.004494 -0.002401 -0.001785 0.04176 0.447046
53.609785 259.084634 164.884499 1314.526739 149.723029 209.757601 149.205215 66.250102 148.302905 27.560476 125.603048 63.19585 -71.009357 291.785044 -108.657043 1420.578015 -63.160412 2363.219704 -52.666509 2948.392071 -35.746321 2697.415023 -31.078014 2506.561407 329.66905 -2179.660756 -0.020885 5.7e-05 -0.017317 0.21661 0.198266 0.058771 0.343721 0.007098 0.338798 0.050332 0.221074 0.055895 -0.062852 0.000551 -0.030218 0.033476 -0.020617 0.035244 -0.01394 0.072299 -0.006951 0.000674 -0.008148 -0.00242 0.442804 0.03936
63.866529 259.962558 175.342049 1265.513793 150.954033 154.857251 150.012421 32.35863 151.075037 7.533943 129.76511 31.321487 -68.65329 313.984421 -109.108271 1487.066903 -61.884945 2366.591926 -49.903209 2928.116851 -35.217379 2662.480985 -30.994534 2472.495213 332.175476 -2386.755478 0.44861 0.000742 0.160755 -0.465591 0.00252 -4.156891 0.001089 -6.007165 0.012835 -6.275047 0.033919 -5.53671 0.019874 0.406902 -0.000467 0.760297 0.006505 0.001202 0.037229 -0.034977 0.001971 -0.113845 5.6e-05 -0.11654 0.004746 -4.698466
63.761491 254.598675 166.358047 1262.831452 149.916218 141.133726 141.48651 24.046897 143.83798 5.622198 124.427051 27.964508 -69.375784 304.799481 -106.276563 1478.146264 -60.981151 2357.127463 -50.334375 2917.981004 -35.04981 2660.823212 -30.138879 2472.762851 320.894745 -2421.825908 -4.3e-05 -0.027958 -0.118124 -0.001423 -0.00179 -0.318315 -0.124712 -0.615756 -0.088811 -0.139641 -0.056056 -0.095118 -0.001891 -0.068172 0.018615 -0.013419 0.003324 -0.009482 -0.000927 -0.008787 0.0002 -0.000258 0.005988 7e-06 -0.097435 -0.127891
58.305473 253.402793 185.748216 1263.082675 151.165163 170.73686 143.843985 43.378148 139.546754 14.58488 120.100713 42.916388 -69.695325 290.699791 -105.301377 1439.87997 -60.831832 2330.849978 -50.261921 2905.920097 -34.514509 2650.242995 -30.083669 2462.824053 312.861661 -2271.618126 -0.121995 -0.001408 0.534305 1.2e-05 0.00259 1.408162 0.009739 2.830623 -0.032492 2.096409 -0.038275 1.594947 -0.000367 -0.166943 0.002247 -0.250918 9.2e-05 -0.073647 2.6e-05 -0.012489 0.00206 -0.010538 2.5e-05 -0.010007 -0.050913 2.404222
59.035449 251.208096 186.53874 1193.087402 134.84812 134.709517 123.303904 27.242913 122.974384 6.653796 107.321563 28.820962 -68.719089 289.326222 -107.916154 1426.087576 -60.565976 2322.298567 -49.635731 2896.895139 -33.739116 2648.972184 -29.477824 2461.501417 285.539693 -2390.102191 0.002271 -0.004773 0.000839 -0.997556 -0.465823 -2.132151 -0.790798 -1.867963 -0.52361 -1.536411 -0.359322 -1.398411 0.003443 -0.001626 -0.016034 -0.033188 0.000291 -0.007858 0.001963 -0.007018 0.004405 -0.000152 0.003081 -0.000178 -0.624062 -1.505961
56.927929 253.9896 180.979862 1265.927089 135.885778 156.488808 127.12924 50.110206 128.163877 15.588164 112.119423 45.092181 -69.085163 287.044505 -110.890585 1439.097061 -62.477395 2313.388447 -52.544122 2888.251944 -34.688482 2652.303572 -29.949062 2472.246557 296.206181 -2261.224589 -0.019153 0.007657 -0.042043 1.079047 0.001989 0.8156 0.029217 3.457301 0.053623 1.873311 0.052456 1.813211 -0.000486 -0.004516 -0.020218 0.029535 -0.014847 -0.008563 -0.0414 -0.006457 -0.006586 0.001047 -0.001868 0.011701 0.097795 1.785794
59.629457 252.187292 174.714908 1319.752804 151.653257 205.337958 147.715611 74.186786 147.041363 26.238425 127.905769 61.360574 -68.452038 283.056438 -113.900363 1449.435804 -61.203842 2338.784632 -49.497293 2923.281175 -32.094232 2666.930401 -27.885985 2484.965644 316.528165 -2164.109078 0.031312 -0.003209 -0.055178 0.560302 0.432638 3.312653 0.772062 2.354135 0.648206 1.378654 0.519693 1.250434 0.001457 -0.013949 -0.02015 0.018502 0.006557 0.069319 0.045497 0.105571 0.050407 0.02011 0.036809 0.016317 0.337093 1.065745
63.287333 269.062664 160.471848 1405.904463 168.082021 254.411256 179.582773 96.789703 179.53517 41.334055 153.342651 82.500453 -64.802031 300.851586 -112.117908 1488.03519 -60.719521 2387.13958 -48.307097 2951.252517 -32.539431 2692.075169 -28.425542 2503.761871 364.940192 -2066.252919 0.054439 0.27324 -0.302751 1.361867 0.422354 2.626527 1.555055 1.500627 1.62056 1.707755 1.152653 1.561692 0.049999 0.271225 0.007029 0.253616 0.000962 0.247387 0.007242 0.066593 -0.001533 0.058991 -0.002585 0.03541 1.721789 1.131949
58.552049 273.368644 152.089944 1403.748612 164.187528 253.685621 176.24075 92.017549 175.380094 39.427309 150.091714 81.17627 -71.25513 300.587496 -118.794662 1494.982886 -65.279749 2369.734421 -50.938861 2924.372794 -33.747668 2666.79712 -30.374053 2488.535108 362.993537 -2057.704165 -0.092053 0.017091 -0.112408 -0.000827 -0.022824 -0.000518 -0.015695 -0.060318 -0.024323 -0.022512 -0.017415 -0.005357 -0.153119 -5.8e-05 -0.096548 0.008091 -0.08255 -0.031842 -0.0349 -0.061485 -0.011012 -0.059619 -0.032294 -0.023221 -0.002603 0.008861
59.15041 272.22755 158.638776 1393.19417 167.554568 288.988607 177.485417 121.863814 175.333525 55.531937 150.317293 101.511749 -69.806284 307.323059 -113.879881 1542.627654 -62.276666 2433.821654 -48.384307 2979.11109 -34.006194 2710.296259 -30.471432 2523.169008 363.773211 -1989.920985 0.001521 -0.001193 0.069018 -0.019914 0.017087 1.149513 0.00219 2.0927 -3e-06 1.375597 8.5e-05 1.135325 0.007441 0.037316 0.051913 0.373676 0.035356 0.427533 0.032857 0.253778 -0.000493 0.175951 -7.8e-05 0.119672 0.000418 0.567602
59.910828 278.140358 148.978654 1464.100658 163.467875 330.377641 175.673776 156.90171 175.58657 82.568357 150.670977 133.784517 -66.529598 307.863513 -108.514002 1511.075988 -61.602199 2403.318171 -48.493617 2957.443994 -33.497959 2711.527688 -29.984007 2529.979582 362.470209 -1847.763365 0.002428 0.031763 -0.151716 0.879941 -0.025227 1.384455 -0.004647 2.210713 9.1e-05 2.672368 0.000208 2.223742 0.039381 0.000237 0.064743 -0.163004 0.001836 -0.09618 -6.2e-05 -0.03954 0.001913 0.00014 0.001965 0.00459 -0.001169 2.633844
59.720763 287.968953 147.360928 1496.889178 156.968315 350.290274 166.915726 172.794466 170.961861 91.332201 146.837396 142.492855 -67.389916 306.710109 -110.014284 1495.607271 -61.983968 2409.368838 -50.277853 2972.282437 -34.434716 2738.23949 -30.325553 2553.960566 358.850453 -1829.392829 -0.000151 0.085327 -0.004416 0.181547 -0.065924 0.29133 -0.111965 0.383272 -0.03086 0.220971 -0.0247 0.137279 -0.002763 -0.001082 -0.00515 -0.039792 -0.00059 0.003804 -0.016117 0.018566 -0.006459 0.065464 -0.000967 0.05656 -0.009082 0.045889
55.183986 305.155265 139.656898 1543.537988 145.005981 373.301063 151.609733 190.33402 155.522777 104.05702 132.950796 158.093689 -71.524059 304.13791 -120.523384 1488.050595 -65.310815 2410.781579 -52.829711 2985.698746 -34.989423 2742.467995 -30.944049 2555.607313 338.047312 -1778.118637 -0.089598 0.249047 -0.103413 0.357884 -0.237029 0.365973 -0.367959 0.423838 -0.365253 0.414795 -0.344826 0.405125 -0.061531 -0.005416 -0.239654 -0.009569 -0.043481 0.000207 -0.031583 0.015106 -0.002216 0.001631 -0.003122 0.000265 -0.310567 0.364403
59.094222 309.547392 141.023921 1508.528379 149.323768 365.103834 155.393912 183.196276 159.939748 103.833997 136.739928 157.22202 -65.860957 307.248771 -115.799029 1487.619285 -61.435581 2417.705543 -49.670046 2968.086781 -32.668182 2726.979636 -28.973286 2545.667429 337.175433 -1766.570811 0.066917 0.015691 0.003329 -0.200801 0.031672 -0.045501 0.023323 -0.068203 0.030924 -0.00012 0.02662 -0.001205 0.116768 0.007914 0.047227 -3.1e-05 0.059256 0.004964 0.048712 -0.026049 0.039831 -0.02193 0.032419 -0.009684 -0.000563 0.01881
61.187476 321.800391 120.258253 1500.387011 133.327891 350.11861 140.382159 177.397127 146.06076 98.358237 125.77552 150.14948 -62.039682 305.799284 -108.679411 1472.487543 -58.484749 2354.518827 -48.487225 2901.957468 -30.431534 2672.415663 -26.422302 2502.357323 309.831755 -1745.387937 0.018216 0.118912 -0.826493 -0.011014 -0.452984 -0.157001 -0.381197 -0.046635 -0.31491 -0.074161 -0.229074 -0.081379 0.057097 -0.001714 0.112932 -0.038676 0.03631 -0.418331 0.007127 -0.372504 0.039653 -0.275707 0.058768 -0.185795 -0.578055 0.063884
60.913586 336.195164 116.308158 1554.312339 118.833449 342.682729 120.086604 169.114221 134.438884 93.145239 117.164543 143.672968 -66.318331 304.773259 -116.402221 1477.053373 -60.220101 2380.661747 -49.259894 2938.026666 -30.844858 2715.87344 -27.141836 2536.446302 294.074244 -1803.094863 -0.000307 0.157474 -0.032981 0.476015 -0.416921 -0.039906 -0.791912 -0.09901 -0.240867 -0.070966 -0.152655 -0.071387 -0.071331 -0.000862 -0.132528 0.003534 -0.012685 0.072168 -0.003054 0.111387 -0.001394 0.175251 -0.004833 0.115312 -0.205613 -0.469258
58.165013 344.817559 115.275658 1539.806575 110.309003 343.299908 105.488684 173.425767 117.64776 95.480563 103.943838 145.638792 -64.432669 302.437006 -112.48464 1461.181467 -57.618262 2366.228616 -46.968256 2938.639254 -29.238964 2718.834493 -25.830746 2536.451705 264.188023 -1795.30407 -0.031726 0.054587 -0.002302 -0.034003 -0.158616 0.000278 -0.472842 0.027136 -0.559838 0.014457 -0.395606 0.006679 0.013598 -0.004494 0.033529 -0.042869 0.028727 -0.021942 0.027291 3.2e-05 0.021465 0.000807 0.016227 0.0 -0.800544 0.008434
61.088672 339.39452 111.114712 1508.967109 94.222047 348.116079 92.388653 181.438653 100.662335 100.457738 86.650319 150.144952 -63.916935 313.332258 -121.84151 1487.538593 -59.834775 2410.814064 -47.088184 2973.576229 -29.741737 2735.740803 -27.30788 2555.614243 239.836657 -1787.720916 0.035844 -0.021492 -0.038241 -0.15598 -0.633624 0.016774 -0.434105 0.090478 -0.661771 0.063225 -0.786183 0.034327 0.001036 0.096396 -0.186889 0.117799 -0.020916 0.208069 -7.6e-05 0.103227 -0.002143 0.0262 -0.020534 0.036057 -0.588598 0.008025
59.579529 338.431532 109.492566 1500.612125 84.382151 337.651372 78.976101 173.51856 87.714358 94.961401 75.439661 142.560527 -65.185153 303.60271 -121.601682 1478.313556 -60.998375 2413.959711 -48.850235 2979.530779 -31.254706 2741.721404 -28.4387 2558.956671 223.687476 -1816.177627 -0.009437 -0.000684 -0.005964 -0.011597 -0.271262 -0.07985 -0.5257 -0.088371 -0.445513 -0.07731 -0.388147 -0.098278 -0.006229 -0.076726 0.000118 -0.014347 -0.005603 0.001025 -0.016183 0.002978 -0.018767 0.003265 -0.011471 0.001092 -0.281404 -0.11235
49.833463 326.217703 105.050448 1394.410052 73.281489 326.94036 64.967865 172.721842 71.510349 94.730485 61.301245 141.965409 -69.610758 300.521362 -123.708833 1460.41511 -64.558801 2447.554391 -52.916739 3010.767319 -35.908187 2758.564311 -32.926173 2562.279259 208.765602 -1830.905175 -0.434934 -0.112232 -0.045992 -1.948634 -0.391269 -0.086319 -0.683243 -0.000917 -0.826672 -0.000141 -0.732889 -0.000622 -0.07267 -0.007858 -0.00905 -0.054506 -0.050492 0.116077 -0.081279 0.081442 -0.161406 0.025788 -0.164299 0.001078 -0.257518 -0.029736
46.972709 322.53302 93.18344 1365.324607 57.679267 320.529578 49.518388 170.677596 56.458314 96.63765 48.694885 143.145123 -70.159312 292.32532 -126.805249 1463.452558 -68.443902 2453.259524 -55.680345 3007.940933 -39.100582 2751.173014 -36.316768 2562.850131 189.528102 -1816.56502 -0.042279 -0.010464 -0.35552 -0.153273 -0.93272 -0.031738 -1.047213 -0.006085 -0.888315 0.009504 -0.724778 0.002441 -0.001076 -0.056657 -0.019137 0.001578 -0.056755 0.003321 -0.03517 -0.000664 -0.067965 -0.004958 -0.083063 3.2e-05 -0.464855 0.02819
44.622557 311.569922 86.481565 1170.399917 47.271723 246.501995 39.575132 122.248909 44.301424 75.541838 38.326677 113.61111 -70.51368 270.273245 -126.40131 1416.395584 -71.831328 2471.624231 -61.139416 3020.516157 -43.319361 2778.611122 -39.807801 2592.854967 175.236067 -1937.85303 -0.030155 -0.094778 -0.12504 -7.503168 -0.517311 -4.853023 -0.556596 -4.031023 -0.736067 -1.29724 -0.619869 -1.704267 -0.000446 -0.432352 0.000322 -0.384483 -0.040906 0.034241 -0.127623 0.013116 -0.108043 0.068073 -0.080091 0.087311 -0.2801 -1.959641
37.209187 309.715309 70.458484 1204.27762 35.16632 231.31644 27.981658 108.204083 33.774993 64.907153 28.437524 101.536132 -79.160384 267.813245 -135.360592 1405.65573 -82.167349 2433.239465 -72.062325 2991.457096 -52.399267 2759.160401 -47.966093 2573.535212 170.311883 -1977.688805 -0.336491 -0.002768 -0.820096 0.241666 -0.893637 -0.241367 -1.002217 -0.428375 -0.712852 -0.403204 -0.736455 -0.339117 -0.24997 -0.005623 -0.153369 -0.020436 -0.347256 -0.150199 -0.44861 -0.070229 -0.431635 -0.034159 -0.379965 -0.036123 -0.035087 -0.202645
31.996719 310.641608 55.008077 1141.997021 20.780933 195.4956 13.367948 82.826093 18.153573 50.227909 14.756676 85.58577 -86.84601 273.315331 -151.517935 1392.494344 -92.684054 2409.93646 -85.46373 2975.371625 -59.292833 2764.903571 -53.776801 2590.104099 143.062768 -2069.811881 -0.196576 0.000692 -0.954944 -0.826748 -1.881036 -1.505815 -2.668481 -1.693212 -2.405368 -0.939605 -2.223805 -0.681048 -0.178007 0.027973 -0.455362 -0.030953 -0.316558 -0.056062 -0.571092 -0.021682 -0.212936 0.002985 -0.166065 0.026583 -1.186955 -1.048519
29.549612 321.744365 41.107699 1079.970503 12.725007 155.779478 7.324131 54.350219 11.270324 35.651804 8.363661 68.84455 -91.840845 274.149812 -160.647371 1331.422394 -101.23647 2380.896738 -94.877024 2938.481578 -65.122511 2776.342497 -58.930026 2609.951095 130.575924 -2182.767414 -0.048668 0.097473 -1.010456 -0.865908 -0.98287 -2.252428 -0.902324 -2.988141 -0.81644 -1.246018 -0.901441 -0.910109 -0.069824 0.000636 -0.133526 -0.684722 -0.188684 -0.088013 -0.245842 -0.115059 -0.136654 0.011807 -0.117871 0.037875 -0.285052 -1.500407
27.860779 334.943334 35.734206 1033.198873 3.396186 151.730926 0.375971 52.09428 1.75286 33.672018 1.085893 65.479565 -98.388151 287.867512 -174.451628 1372.689238 -105.719175 2397.621241 -96.702993 2941.639146 -66.823082 2766.131668 -62.147474 2605.905775 90.221405 -2189.422704 -0.024845 0.132658 -0.188112 -0.517671 -2.973343 -0.026652 -4.38127 -0.023908 -4.133797 -0.028276 -3.422269 -0.042155 -0.112706 0.167436 -0.284451 0.3149 -0.048554 0.029267 -0.008702 0.000848 -0.010959 -0.009406 -0.042757 -0.001569 -3.719064 -0.005065
28.277996 334.242393 23.217302 920.915723 0.002043 109.899781 -1.922943 29.836697 -0.223435 18.941982 -0.43521 42.319841 -101.760643 291.750733 -181.32683 1379.574625 -107.638874 2433.278864 -99.372148 2992.452792 -68.235227 2826.666553 -62.856994 2649.433593 60.649409 -2382.822762 0.00155 -0.000367 -1.344152 -3.228554 -3.231618 -3.365761 -3.999468 -3.081215 -3.227933 -2.10401 -2.896008 -2.517218 -0.028415 0.013008 -0.066436 0.008613 -0.008636 0.131599 -0.018168 0.217563 -0.007383 0.327616 -0.002014 0.180265 -2.926569 -4.092117
21.047957 324.30544 23.856237 693.82113 -1.385766 70.350107 -8.470702 12.905693 -5.054929 6.831565 -5.161108 22.88483 -111.741819 287.911707 -198.398076 1413.190264 -118.48031 2421.996041 -106.529197 2958.195733 -77.495713 2774.586849 -72.745544 2603.588055 42.966032 -2506.065765 -0.532755 -0.074975 0.004336 -16.048906 -1.494237 -4.39243 -2.321799 -3.496333 -3.152856 -3.022426 -2.598876 -2.963772 -0.233436 -0.012713 -0.383929 0.202318 -0.26005 -0.01311 -0.124426 -0.098607 -0.294527 -0.24212 -0.361032 -0.200061 -1.520104 -1.553651
24.519368 327.813265 18.39819 788.33502 -3.064602 79.9715 -13.013408 16.001257 -6.723333 9.20041 -6.6752 25.502927 -107.266429 280.309432 -202.304422 1386.228454 -119.117367 2429.75808 -106.642793 2961.042117 -76.685957 2782.203802 -72.219315 2614.932452 37.996285 -2471.420362 0.132422 0.009435 -0.353994 3.016543 -0.328804 0.308227 -0.485758 0.166226 -0.118764 0.175973 -0.09724 0.07088 0.045732 -0.050858 -0.019041 -0.129841 -0.000854 0.006209 -3e-05 0.000684 0.002126 0.00522 0.000955 0.012331 -0.152674 0.120575
30.083179 336.154509 25.145778 888.103459 -1.221496 96.139775 -8.742324 22.597833 -3.554157 13.539656 -3.738481 34.358194 -105.807567 295.332815 -184.468947 1373.847757 -112.658172 2430.734791 -104.498787 2999.893797 -72.378657 2837.525913 -66.573653 2656.230826 43.855088 -2459.049625 0.284206 0.052396 0.525981 2.97135 0.416525 0.743752 0.423369 0.567854 0.500828 0.417845 0.422663 0.658604 0.004994 0.196077 0.411447 -0.027768 0.090021 9.8e-05 0.010886 0.126613 0.062244 0.272309 0.114871 0.161784 0.209952 0.015519
25.987934 327.596925 23.25747 814.111497 -0.930878 86.192796 -7.831789 19.366452 -3.660729 12.407757 -4.055569 33.436961 -113.11978 287.469605 -191.864948 1378.396211 -118.663534 2414.704779 -110.512865 2969.925021 -78.034052 2803.891632 -71.863157 2627.541513 47.891734 -2443.257803 -0.149751 -0.055168 -0.036847 -1.608903 0.01971 -0.271526 0.02503 -0.124598 -0.000787 -0.0247 -0.006453 -0.006259 -0.122149 -0.053048 -0.072683 0.003758 -0.077966 -0.026516 -0.084126 -0.075223 -0.106357 -0.100265 -0.10109 -0.077888 0.088844 0.025435
25.690708 326.874513 23.514466 881.664428 -0.433787 84.424371 -7.132826 15.022526 -1.553079 8.917204 -2.020965 28.647279 -112.429017 282.144121 -194.844266 1375.915973 -116.283797 2417.887547 -107.775953 2967.200018 -74.174774 2804.789004 -68.439809 2636.899376 54.261668 -2497.409657 -0.000855 -0.000399 0.000706 1.346054 0.093755 -0.009165 0.016332 -0.27546 0.444992 -0.287613 0.350746 -0.185033 0.001058 -0.024895 -0.011477 -0.001117 0.012052 0.001048 0.017158 -0.000625 0.048934 7.2e-05 0.041771 0.008317 0.198797 -0.296773
24.264674 339.067262 21.158633 998.34237 0.277321 91.40604 -0.001406 16.834992 1.324667 11.509782 0.355904 32.69493 -107.349907 278.031122 -197.005692 1373.885094 -120.432511 2383.143697 -110.516625 2933.095975 -77.158902 2752.855253 -71.963237 2594.310185 98.703347 -2408.360743 -0.020358 0.111628 -0.062161 3.624156 1.40479 0.138665 6.933973 0.0516 5.746413 0.165192 4.073065 0.133687 0.058697 -0.0151 -0.005961 -0.00075 -0.036358 -0.125718 -0.017205 -0.098562 -0.029425 -0.242654 -0.044217 -0.17337 6.59824 0.808269
23.20415 337.438488 27.524096 1144.600708 12.080089 153.269441 9.005563 44.532578 13.752793 27.968323 9.862985 58.852129 -104.353213 266.987595 -195.094779 1363.63258 -120.97125 2364.780007 -110.874329 2907.976512 -78.424012 2715.635197 -73.225016 2563.707463 157.85935 -2192.416578 -0.011848 -0.001961 0.417949 4.996976 8.696773 7.949879 9.231986 6.606066 6.54098 3.594443 6.471743 3.81642 0.02121 -0.111897 0.004656 -0.019199 -0.000601 -0.035513 -0.000289 -0.054013 -0.005144 -0.126666 -0.005483 -0.090784 6.912973 5.070621
21.210922 334.838294 46.655182 1047.205438 21.167517 165.63242 16.115859 62.496194 18.698377 37.619527 14.394093 70.6803 -102.736186 269.648724 -189.581771 1373.633024 -121.183421 2380.083917 -110.945952 2926.547615 -81.296984 2720.188165 -75.727777 2561.94286 177.972836 -2118.01963 -0.044748 -0.005028 2.509432 -2.165001 1.266018 0.23973 1.027242 1.518268 0.379069 0.71397 0.426952 0.541171 0.006313 0.006598 0.039507 0.018268 -9.3e-05 0.02468 -1.2e-05 0.029556 -0.025841 0.001907 -0.021028 -0.000304 0.602854 0.642083
19.413564 325.356065 79.763915 1185.042621 40.256502 240.598707 30.677946 108.304177 30.491571 62.194566 24.67107 108.583927 -109.762918 250.46252 -195.490183 1342.728993 -124.951321 2326.155164 -111.039203 2877.148785 -81.269632 2659.081123 -77.40701 2502.249985 211.321009 -1907.935918 -0.03978 -0.068099 4.41254 4.25966 3.041481 6.977092 2.323525 6.257381 1.434618 3.072579 1.37603 4.052988 -0.116209 -0.353997 -0.045331 -0.175803 -0.028842 -0.308995 -2e-05 -0.210236 2e-06 -0.347091 -0.009207 -0.351819 1.430986 5.485065
19.561544 310.464093 85.324653 1257.739948 57.651566 257.159632 49.138693 116.857704 48.637005 63.141134 39.329985 112.053037 -110.742443 235.795425 -194.766315 1322.050797 -124.353727 2283.046701 -110.427226 2834.871878 -80.37615 2611.658436 -76.426084 2456.942941 254.061229 -1862.634376 0.000281 -0.174421 0.093679 1.081978 1.557658 0.275576 2.164229 0.162526 2.108613 0.003574 1.701366 0.027274 -0.002176 -0.221254 0.000671 -0.080231 0.000716 -0.201595 0.000846 -0.156456 0.002469 -0.213344 0.003128 -0.206966 1.966765 0.272148
27.976109 351.425385 98.762929 1439.104071 93.587098 391.579569 90.260474 226.129121 89.729636 129.416076 74.990861 189.216659 -99.089167 259.136636 -168.165488 1347.62454 -116.409037 2317.42931 -107.038203 2886.878212 -78.225405 2666.456083 -71.993528 2504.335732 335.515621 -1620.998068 0.750651 1.268669 0.491148 6.105325 4.331309 14.078795 6.203345 17.871892 6.242748 11.764757 5.704283 10.049495 0.32384 0.550697 0.976157 0.122493 0.131115 0.128485 0.026409 0.236354 0.014583 0.284464 0.066204 0.226366 5.653872 8.390453
30.574767 364.884058 81.364391 1549.43238 141.226573 756.016475 162.255615 608.0455 162.287809 407.056762 137.437389 468.816123 -97.850342 271.976045 -166.305698 1385.186511 -106.579096 2307.180449 -94.866864 2831.030316 -69.004186 2593.330585 -63.573108 2429.550657 442.938286 -945.507545 0.057696 0.126448 -0.842233 2.037199 4.883376 59.403772 10.480813 92.563417 10.671005 77.431712 9.385908 62.35562 0.003896 0.155216 0.005171 0.258153 0.216771 -0.011357 0.367193 -0.272745 0.289053 -0.508347 0.261761 -0.566808 7.447515 90.48792
36.354494 390.77381 78.17354 1632.248489 183.649707 1374.411179 224.365765 1346.10906 233.721161 1083.11487 197.698925 1121.159094 -96.118853 295.349102 -155.12476 1415.053782 -102.024049 2330.107892 -92.263056 2821.051721 -66.241321 2579.756089 -60.16165 2428.21114 548.815841 -319.715455 0.250023 0.443637 -0.031913 1.077995 2.781767 91.72464 5.021562 144.739675 6.495966 162.181825 5.46239 139.985618 0.007728 0.481674 0.194523 0.159286 0.049738 0.056679 0.018116 -0.008808 0.028224 -0.01781 0.047037 -0.000185 5.667827 165.598746
33.016459 356.027715 81.484761 1468.739822 269.405849 1733.388413 375.224208 1835.827745 400.829841 1707.679016 334.685725 1732.872283 -91.358918 278.9749 -136.559467 1385.170539 -94.156853 2378.932536 -93.747408 2845.558106 -65.236943 2612.935195 -56.754424 2483.271425 789.479298 -95.899024 -0.080357 -0.808746 0.03434 -4.313736 8.19016 20.802078 19.288443 37.911131 22.399335 70.784669 17.92568 66.325855 0.060436 -0.233465 0.591427 -0.159458 0.157808 0.253121 -0.005923 0.052992 0.003836 0.106001 0.049658 0.308637 21.81689 65.412251
33.905227 348.915133 81.547401 1364.334363 244.96013 1996.825949 336.806694 2237.748911 353.58488 2112.157526 292.978413 2085.040905 -90.239523 273.145967 -127.815253 1374.203031 -92.255899 2383.588618 -91.578846 2850.405783 -64.713152 2611.257895 -56.807692 2480.473055 720.831282 -26.442772 0.005902 -0.035882 1.2e-05 -1.924447 -0.581231 9.313953 -1.037161 19.876353 -1.480803 21.475271 -1.387226 16.276912 0.00345 -0.03077 0.144647 -0.021796 0.009693 0.002276 0.012688 0.002063 0.001056 -0.000269 -1.2e-05 -0.000789 -1.560933 21.627625
36.439646 351.925251 91.376409 1390.461042 281.997666 2424.294588 386.18342 2748.929058 398.469104 2690.191487 332.343228 2636.791638 -87.441149 282.397578 -126.361843 1404.548207 -88.820557 2423.937734 -87.846095 2866.431749 -61.912707 2625.216633 -54.006478 2505.808863 774.517455 0.397137 0.04567 0.006464 0.279567 0.123896 1.303214 20.714037 1.688066 26.269516 1.340589 34.914401 1.240263 32.347103 0.022038 0.07704 0.004155 0.165696 0.03259 0.169326 0.038832 0.022463 0.030971 0.018605 0.035411 0.064367 0.964034 33.321082
41.113814 355.097665 99.708674 1411.729269 285.457008 2543.722359 389.401867 2917.573721 399.649554 2862.244541 332.281077 2774.790301 -87.354779 294.544001 -126.675808 1433.029854 -83.743197 2452.022396 -82.064239 2879.636696 -58.109295 2640.739557 -50.529086 2510.110208 762.54306 4.459794 0.140985 0.007117 0.181751 0.080713 0.010545 1.435689 0.006678 2.510131 0.000873 2.66634 -3e-06 1.759811 2.1e-05 0.127874 -0.000195 0.142943 0.074712 0.080882 0.098403 0.015173 0.060279 0.022879 0.057854 0.001844 -0.046644 2.19524
53.561528 368.485642 107.663735 1514.93391 298.52488 2750.060142 405.288274 3148.290363 417.919352 3097.79347 350.687527 2996.755031 -78.921975 299.154548 -117.256498 1463.779099 -72.530914 2453.520509 -64.888907 2899.663098 -46.600846 2657.735369 -41.096388 2518.212765 743.628745 16.847711 0.821867 0.123865 0.152639 1.820249 0.146229 4.022782 0.158806 4.38927 0.204158 4.656428 0.248078 4.26979 0.213974 0.017903 0.181929 0.163204 0.402746 0.000229 1.007145 0.034698 0.634355 0.027259 0.486834 0.006528 -0.118766 3.971148
52.438192 364.343213 102.857233 1543.424884 288.389777 2707.390413 371.258815 3085.538624 383.67992 2988.903408 327.513753 2905.805391 -78.644805 296.237777 -111.993043 1455.481211 -72.304995 2452.504104 -65.692681 2906.19932 -47.20421 2663.142885 -40.498066 2515.821376 700.040648 9.395552 -0.005952 -0.011708 -0.054877 0.132711 -0.087515 -0.166812 -0.745969 -0.315848 -0.731584 -0.974091 -0.396033 -0.700741 0.000244 -0.007145 0.060431 -0.011793 0.000176 -0.000105 -0.002474 0.003679 -0.00194 0.002748 0.002194 -0.000568 -0.658168 -1.08031
51.148846 375.79814 102.484472 1594.506124 282.728616 2766.977828 369.998869 3130.556339 381.232742 3050.278241 324.249627 2978.236993 -77.338013 297.181319 -107.22964 1452.14949 -70.447178 2474.689499 -66.576814 2933.299024 -46.116366 2695.108007 -39.016916 2568.825467 692.536354 10.988525 -0.008025 0.088647 -0.000338 0.415794 -0.028059 0.324308 -0.001071 0.163014 -0.003915 0.311877 -0.008174 0.445827 0.005474 0.00075 0.051757 -0.001909 0.01209 0.049947 -0.002955 0.062882 0.006341 0.095346 0.013796 0.276274 -0.02022 0.062339
53.875105 369.803872 105.264009 1570.041505 273.103807 2732.410995 359.787436 3123.375619 369.803758 3019.018963 312.028386 2934.45289 -74.299671 301.300029 -104.43488 1463.205625 -68.078008 2493.21683 -64.268714 2958.331244 -44.290277 2704.170894 -37.301486 2578.481107 670.052708 8.666882 0.035391 -0.024096 0.018595 -0.094567 -0.083338 -0.108637 -0.071445 -0.004122 -0.086966 -0.080499 -0.11738 -0.162115 0.030442 0.014173 0.018451 0.020965 0.020261 0.034548 0.020359 0.053178 0.018444 0.007606 0.019282 0.009056 -0.18551 -0.137595
57.886054 367.517053 107.053189 1583.515076 268.655996 2805.187706 359.486538 3212.147734 369.693729 3107.427568 310.166529 3023.383839 -71.942356 312.291239 -107.748605 1496.414163 -68.872099 2502.385649 -61.947558 2972.088116 -43.284414 2689.940771 -36.820482 2568.155156 665.975982 15.051811 0.071997 -0.003546 0.007539 0.028783 -0.018258 0.478247 -6.3e-05 0.621959 -8e-06 0.63793 -0.002786 0.663761 0.019 0.09845 -0.025877 0.186315 -0.002302 0.008414 0.021345 0.015956 0.005777 -0.01877 0.001561 -0.010359 -0.00622 0.875552
59.22332 369.814303 108.752994 1597.915756 270.463281 2805.153928 362.343917 3221.621275 372.228524 3120.775211 312.82529 3023.255695 -69.636222 313.151234 -105.030411 1499.941912 -66.802522 2502.250582 -59.565681 2970.280717 -42.075408 2690.244661 -35.818307 2567.823809 664.597095 15.970657 0.007635 0.003579 0.006694 0.032592 0.003029 -0.0 0.005656 0.006975 0.00433 0.014303 0.005673 -1e-06 0.018783 0.000591 0.017363 0.002077 0.015786 -2e-06 0.023347 -0.000275 0.008562 9e-06 0.006914 -1.1e-05 -0.000714 0.013611
58.308386 370.262156 107.476174 1589.561758 266.622888 2797.91356 356.883196 3209.854048 364.375639 3121.573069 307.697877 3021.686067 -67.835475 310.619127 -95.208358 1493.794863 -64.021433 2476.369221 -57.999981 2935.607629 -41.809211 2681.592204 -35.560007 2554.647098 653.039123 16.703139 -0.003561 0.000136 -0.00377 -0.010947 -0.01373 -0.004678 -0.020731 -0.010765 -0.041861 5.1e-05 -0.021184 -0.000204 0.011795 -0.005139 0.241039 -0.006311 0.029564 -0.067273 0.010426 -0.101783 0.000422 -0.006968 0.000467 -0.016947 -0.050693 0.008211
57.288815 375.002907 106.873309 1598.874433 267.406353 2847.493183 360.901245 3257.42395 366.948112 3176.168473 308.954647 3086.535615 -67.855948 311.622108 -94.727932 1496.09138 -64.346864 2480.441292 -58.513607 2939.752158 -41.909245 2686.915168 -35.549522 2560.88614 656.877664 20.448877 -0.004496 0.015078 -0.000848 0.0136 0.000575 0.217716 0.011246 0.174952 0.004524 0.236649 0.001281 0.344256 -2e-06 0.000808 0.000608 0.000882 -0.000413 0.001673 -0.001132 0.001462 -6e-05 0.002639 1e-06 0.003805 0.005624 0.189309
57.446102 361.376415 104.876898 1563.293431 256.319855 2800.745811 345.940449 3216.287967 353.977492 3135.768717 295.211855 3041.107588 -69.786366 310.838825 -99.671122 1473.20284 -64.400856 2469.655234 -59.06064 2944.471734 -42.059674 2679.337319 -35.054962 2542.324377 640.071407 17.940471 0.000108 -0.126088 -0.009411 -0.200187 -0.117355 -0.193454 -0.158346 -0.130697 -0.116691 -0.129291 -0.156322 -0.168395 -0.013538 -0.000493 -0.062858 -0.088218 -1.1e-05 -0.011751 -0.001273 0.001893 -0.000135 -0.00535 0.001732 -0.033757 -0.108895 -0.082039
56.187951 354.3977 103.170845 1572.822054 259.707372 2829.888724 351.736418 3254.795178 361.020603 3180.256217 300.30214 3073.934268 -75.340967 307.966222 -104.372516 1488.502435 -66.046836 2489.51226 -60.082158 2949.620119 -44.695729 2684.362191 -37.766708 2538.953188 659.772065 21.003244 -0.006965 -0.034022 -0.006995 0.014476 0.011119 0.075419 0.024075 0.114573 0.03469 0.156678 0.021756 0.08811 -0.106337 -0.006668 -0.05417 0.039518 -0.010385 0.039755 -0.004379 0.002249 -0.040057 0.002354 -0.050508 -0.001118 0.149302 0.120624
57.132916 352.53648 104.82502 1567.016133 261.33132 2824.390111 353.272247 3252.539681 362.529334 3179.85892 301.219231 3070.510928 -76.519594 308.421086 -103.792093 1470.982486 -66.081475 2472.90779 -61.290792 2930.820302 -46.047258 2671.562831 -38.413627 2525.876619 666.983106 22.118912 0.00394 -0.00245 0.006578 -0.005368 0.002531 -0.002674 0.001673 -0.000391 0.001573 -1.2e-05 0.000699 -0.000954 -0.004574 0.000168 0.000809 -0.051859 -5e-06 -0.02778 -0.006018 -0.030052 -0.010065 -0.015294 -0.002747 -0.016881 0.019596 0.014435
57.465891 344.433601 106.778313 1551.841932 265.892276 2791.348859 361.166259 3210.487592 369.692354 3141.878748 306.300529 3040.574794 -75.562872 309.606226 -104.224292 1465.168898 -65.519314 2458.076697 -60.374087 2912.272938 -44.349282 2644.932589 -36.970225 2502.042472 670.132169 21.377271 0.000484 -0.047103 0.009016 -0.036914 0.019729 -0.097203 0.043613 -0.136809 0.035037 -0.114091 0.02125 -0.073324 0.003009 0.001136 -0.000449 -0.005755 0.001201 -0.022304 0.003454 -0.029437 0.015948 -0.066696 0.01382 -0.056492 0.003708 -0.006323
55.832692 353.153729 109.670392 1558.006458 270.433483 2803.246863 362.703219 3214.979579 369.513822 3133.958256 309.2118 3044.872665 -74.85048 311.085617 -100.803696 1450.421047 -65.76768 2410.035654 -62.659053 2857.068835 -43.653342 2601.880314 -36.185134 2484.50007 667.17908 24.732095 -0.011772 0.054505 0.019322 0.00611 0.019226 0.012652 0.001632 0.00157 -2.2e-05 -0.004998 0.006885 0.001518 0.001687 0.001763 0.028536 -0.0373 -0.000235 -0.237053 -0.02122 -0.264117 0.002752 -0.176634 0.004213 -0.030857 -0.003261 0.122207
56.321351 349.162457 110.182459 1558.398912 271.850729 2805.865534 364.420696 3218.735444 371.205758 3139.484385 310.456112 3050.255197 -75.137419 310.985543 -103.352067 1461.669772 -65.026347 2417.277962 -61.145242 2875.766509 -42.388423 2612.937024 -35.320989 2491.585552 664.471254 24.149423 0.001065 -0.011341 0.000596 2.5e-05 0.001852 0.000611 0.002028 0.001096 0.001932 0.002434 0.001249 0.002377 -0.000274 -8e-06 -0.015906 0.021726 0.002101 0.005433 0.009255 0.030491 0.009298 0.011722 0.005222 0.005045 -0.002753 -0.003473
56.769288 340.657162 111.537644 1542.670495 272.619393 2806.811536 365.778721 3220.162639 372.129633 3146.424802 311.153008 3055.968679 -75.088808 311.027274 -105.219188 1465.083114 -64.68592 2436.425595 -60.078739 2904.292256 -41.355863 2638.062586 -34.47852 2509.744704 661.596294 22.381679 0.000887 -0.052436 0.004142 -0.039887 0.000543 8e-05 0.001263 0.000158 0.000574 0.003832 0.000391 0.002673 8e-06 1e-06 -0.008357 0.00199 0.000447 0.037768 0.004692 0.070391 0.006366 0.060112 0.005084 0.032967 -0.003117 -0.033591
58.002387 337.300325 115.069173 1528.939601 280.886931 2815.43488 377.067566 3236.724604 384.977431 3172.821607 321.233411 3077.904121 -71.396783 316.764475 -103.007022 1464.076939 -62.82751 2463.147076 -57.818051 2935.452941 -39.999411 2657.211173 -33.379737 2517.052364 673.161214 22.845156 0.006624 -0.008311 0.02752 -0.03069 0.061748 0.006613 0.085782 0.021241 0.109019 0.055133 0.080347 0.039222 0.046534 0.026216 0.011751 -0.000173 0.013543 0.072868 0.021677 0.083137 0.011309 0.034622 0.008897 0.005312 0.050103 0.002375
]