11-01-20_Ishan_4KDepth.monkey_in_blue_box.0000000001 [ 62.107869 315.037354 120.947323 1480.25781 262.370097 2912.186734 352.334282 3415.174363 340.511962 3429.233328 283.13707 3293.01606 -48.022044 330.916089 -32.436117 1643.437297 -10.416539 3279.512507 -12.321929 3920.582394 -4.809279 3843.10802 -2.084947 3574.380508 426.256205 -11.786519 0.0 0.0 0.0 0.0 0.0 0.0 0.0 0.0 0.0 0.0 0.0 0.0 0.0 0.0 0.0 0.0 0.0 0.0 0.0 0.0 0.0 0.0 0.0 0.0 0.0 0.0
67.061115 347.439809 119.644488 1544.900245 264.648988 3042.60466 343.505905 3441.421891 357.525424 3570.117303 306.783601 3461.983296 -40.86333 368.195766 -32.96603 1688.951671 -10.700894 3398.269105 -11.492661 4065.398086 -3.361148 3947.207216 -1.88138 3669.731341 430.217547 -9.463897 0.095006 0.792894 -0.003528 0.690728 0.004927 1.428335 -0.056007 0.050239 0.207368 1.41801 0.474117 2.113575 0.288746 0.994665 -0.002147 0.310836 -0.001915 1.056058 0.014443 1.313133 0.129358 0.695551 0.005227 0.627556 0.009161 0.12731
69.429213 357.483388 123.289277 1551.122344 279.701825 3029.639001 370.941676 3490.277575 367.843814 3571.329708 311.029797 3445.199282 -39.903907 370.819541 -31.904371 1680.030903 -11.168723 3408.396161 -13.261377 4096.329032 -4.029599 4016.208448 -1.959215 3734.1107 448.873751 -13.053476 0.020545 0.071553 0.027343 0.006252 0.208167 -0.013842 0.52698 0.172173 0.073393 0.000103 0.014592 -0.020392 0.005699 0.004658 0.008688 -0.011811 -0.005004 0.007534 -0.06327 0.058611 -0.030291 0.298946 -0.000789 0.279907 0.197985 -0.287955
67.402932 337.654438 122.179853 1497.179067 275.731723 2947.332543 363.795721 3400.060514 365.06033 3469.561625 309.297856 3342.080473 -41.005841 343.897746 -30.304615 1634.612165 -10.293192 3349.904229 -12.042973 4054.846234 -3.659748 3961.724406 -1.76982 3671.122694 441.823535 -16.315507 -0.015004 -0.28287 -0.002507 -0.477332 -0.014189 -0.566731 -0.034751 -0.590644 -0.005286 -0.735509 -0.002418 -0.783385 -0.007504 -0.507222 0.020573 -0.311189 0.017866 -0.253124 0.02935 -0.105557 0.0089 -0.186047 0.004813 -0.267889 -0.027903 -0.18172
68.008929 333.349972 123.494462 1496.169075 275.056734 2936.218028 362.770083 3380.01884 361.263342 3447.889138 306.036352 3330.420466 -41.258789 347.505807 -30.474228 1664.724568 -10.410923 3382.680707 -12.134759 4070.758825 -3.610972 3988.330604 -1.656902 3705.647165 437.110363 -19.664809 0.001356 -0.013807 0.003517 -0.00017 -0.000414 -0.010498 -0.000724 -0.029621 -0.009925 -0.03395 -0.008644 -0.010188 -0.000389 0.009414 -0.000237 0.137418 -0.000335 0.079784 -0.000174 0.015581 0.000164 0.044521 0.001861 0.08079 -0.012637 -0.156228
68.813693 342.527501 122.893229 1513.883623 270.717126 2948.382038 359.762677 3422.322625 351.845642 3495.586278 297.30484 3365.230981 -41.009161 363.3952 -32.335917 1698.645727 -10.087094 3442.174406 -11.03267 4137.633781 -2.899174 4045.494622 -1.311467 3756.971771 418.621626 -20.076848 0.002367 0.062312 -0.000734 0.052127 -0.017253 0.012572 -0.006259 0.131545 -0.06219 0.163826 -0.063184 0.09049 0.000379 0.177595 -0.027596 0.17106 0.002558 0.259314 0.026228 0.272424 0.03903 0.203375 0.020168 0.176496 -0.199755 -0.002136
68.775676 344.22235 122.564193 1513.737057 272.43598 2946.263823 361.805639 3409.150624 355.029491 3482.955588 300.484165 3354.458502 -40.362954 366.812139 -31.576559 1688.322192 -10.590257 3382.801001 -11.68196 4071.508416 -3.144733 3985.831173 -1.514854 3701.235287 425.001552 -16.94861 -5e-06 0.002091 -0.000221 -4e-06 0.00272 -0.000381 0.002892 -0.012699 0.00717 -0.01143 0.008455 -0.008635 0.002566 0.007995 0.004511 -0.015733 -0.006123 -0.258262 -0.009282 -0.266327 -0.00499 -0.221618 -0.007328 -0.208267 0.024125 0.132387
70.613468 344.143064 126.078717 1517.277957 283.079303 2966.756849 377.853398 3433.660967 373.2702 3502.846735 315.708022 3367.377173 -39.798513 368.353159 -32.171808 1672.939771 -11.287359 3339.386066 -12.205207 4008.962213 -3.678301 3918.775137 -1.948276 3646.691325 451.056534 -11.66406 0.012116 -5e-06 0.02484 0.002068 0.101969 0.035512 0.174108 0.043897 0.228461 0.028319 0.188092 0.012414 0.001987 0.001615 -0.002779 -0.035198 -0.011109 -0.140198 -0.005732 -0.24207 -0.020895 -0.284429 -0.027229 -0.202444 0.387538 0.492243
72.037989 344.015143 126.305501 1507.615237 280.202964 2935.540457 374.554502 3385.6176 369.439237 3418.773524 312.937574 3300.945897 -38.321179 369.2303 -30.690328 1662.392191 -10.876506 3190.986551 -11.581214 3821.439783 -3.597348 3695.517869 -1.87181 3437.456113 445.947525 -5.384684 0.007113 -1.2e-05 0.000102 -0.015433 -0.007344 -0.08255 -0.007232 -0.16924 -0.00988 -0.510615 -0.006105 -0.33091 0.01397 0.000522 0.01746 -0.016678 0.003808 -1.686371 0.008186 -2.245715 0.00045 -3.273746 0.000765 -3.090628 -0.01455 1.198535
70.279684 338.611385 123.552426 1464.127114 279.935733 2871.359447 374.231692 3223.127278 373.865801 3232.554968 319.898793 3172.46439 -35.96886 359.752163 -32.095211 1612.762672 -10.833185 2828.471884 -10.031307 3329.239697 -3.203371 3161.87185 -1.872283 2963.308075 446.28278 0.390673 -0.010862 -0.021389 -0.015168 -0.318217 -6.4e-05 -0.354693 -7e-05 -1.99789 0.013181 -2.60731 0.038288 -1.275149 0.037251 -0.061619 -0.01572 -0.376048 4.3e-05 -10.925921 0.055646 -16.959826 0.011421 -20.795853 -0.0 -17.58584 6.3e-05 8.676149
72.383119 334.569931 122.312975 1443.298586 273.570609 2624.194573 364.583539 3005.927566 362.038436 2963.955744 308.675504 2877.766186 -35.821375 355.793261 -31.247742 1540.859732 -10.966387 2487.541797 -10.212994 2957.633298 -3.51096 2748.623745 -1.929403 2570.975342 436.854438 4.059843 0.015507 -0.012132 -0.003124 -0.074608 -0.0366 -5.560986 -0.063 -3.787899 -0.09505 -5.824202 -0.100205 -7.181429 0.000151 -0.010952 0.005669 -0.819804 -0.000407 -10.943641 -0.000815 -10.992121 -0.007049 -14.464372 -0.000429 -13.924012 -0.05033 1.93173
76.809241 324.341829 123.061186 1383.980867 251.352184 2486.7829 332.964406 2878.796186 326.562828 2772.398954 275.902678 2657.84384 -42.035749 366.437914 -40.339442 1592.965151 -15.092514 2261.698515 -10.988426 2611.289571 -5.826418 2313.686895 -4.123042 2174.419258 419.62895 20.727766 0.06567 -0.079389 0.001141 -0.622326 -0.470431 -1.847531 -0.717 -1.37341 -0.91443 -3.199265 -0.919384 -4.370335 -0.248405 0.078448 -0.579678 0.433203 -0.328736 -5.372865 -0.014185 -10.780379 -0.291645 -18.71877 -0.41152 -16.598434 -0.173236 6.440786
72.86389 323.533811 115.725087 1355.634083 232.055309 2358.887814 307.47229 2768.252486 298.961074 2671.122603 250.907674 2550.961875 -49.817181 372.317536 -47.343877 1640.796582 -20.486441 2090.214489 -16.135582 2343.215462 -9.234014 2011.152068 -5.692687 1916.593591 413.278119 46.745037 -0.052008 -0.000504 -0.112718 -0.146656 -0.385304 -1.688105 -0.507549 -1.082077 -0.609272 -0.942201 -0.59329 -1.096696 -0.3302 0.023398 -0.280217 0.353763 -0.411248 -3.379915 -0.49285 -7.257678 -0.390568 -10.594564 -0.126315 -8.132486 -0.024213 5.217837
71.191899 311.888264 123.343751 1204.748444 211.694274 2061.0087 262.853922 2438.647088 244.860788 2318.257191 206.101645 2223.376651 -52.405911 361.059449 -63.653687 1537.16521 -39.39352 1938.997464 -29.541221 2191.2853 -27.818636 1847.750298 -23.234422 1781.870598 437.74539 26.654682 -0.009703 -0.106724 0.121427 -4.44978 -0.46737 -10.049212 -1.747995 -10.442757 -2.697683 -12.493546 -2.201736 -11.251682 -0.032784 -0.086417 -1.204808 -1.690127 -3.063308 -2.838601 -2.011495 -2.545953 -4.997842 -3.461103 -5.925693 -2.454574 0.351795 -2.803003
74.298233 311.68377 124.732015 1202.772265 204.08825 1994.507526 252.895805 2379.230531 231.713853 2235.290059 194.387765 2123.310572 -53.533178 364.461318 -71.879074 1549.918317 -61.468569 1880.657522 -50.811022 2087.735968 -52.55527 1735.150533 -44.543955 1672.751569 504.975118 31.626183 0.033165 -3.4e-05 0.003884 -0.000811 -0.069575 -0.54527 -0.096145 -0.366392 -0.181372 -0.755907 -0.171346 -1.151975 -0.005998 0.007975 -0.249827 0.026342 -2.445357 -0.445557 -2.866254 -1.253094 -3.901272 -1.769773 -3.437005 -1.723768 2.400286 0.212428
74.763871 329.055171 138.66583 1243.788084 184.950293 2029.800402 207.888778 2424.717505 176.313952 2228.521188 150.975198 2109.551317 -54.310546 373.372237 -86.309431 1577.134067 -58.748104 1978.015914 -43.132983 2248.506981 -41.462568 1878.988081 -36.50109 1798.488381 388.778616 14.898977 0.000727 0.235526 0.368809 0.343833 -0.471012 0.154761 -2.203293 0.215355 -3.778451 -0.005132 -2.739372 -0.022363 -0.002802 0.053811 -0.659562 0.118436 0.030786 1.228423 0.314289 2.981407 0.65668 2.863399 0.400072 2.277995 -7.585516 -3.110979
87.167865 332.710712 176.094156 1330.942438 174.704351 2001.318042 182.658408 2387.660307 153.762175 2098.989915 136.630313 1974.305057 -56.936384 368.01268 -89.281107 1577.366287 -72.233499 1969.986784 -55.876124 2255.27809 -56.562086 1905.428245 -49.23877 1804.544649 396.84085 4.680834 0.475773 0.010097 2.233236 1.475506 -0.145974 -0.100624 -0.815826 -0.14268 -0.771303 -1.939003 -0.357962 -2.240109 -0.030994 -0.019373 -0.025148 9e-06 -0.696053 -0.008165 -0.823489 0.00509 -1.169931 0.092364 -0.951446 0.00509 0.041369 -2.877759
87.561302 334.500268 176.24621 1328.063434 172.497251 1889.716924 178.917231 2231.415808 152.724016 1940.065312 135.456238 1833.663481 -56.27256 366.129912 -98.396132 1500.052949 -85.720149 1979.798788 -73.368563 2293.208768 -68.425559 1967.078047 -59.650539 1856.832408 425.602271 -0.09338 0.000443 0.0024 3.3e-05 -0.001559 -0.007015 -1.600779 -0.019355 -2.643313 -0.001758 -3.127812 -0.002533 -2.598079 0.001946 -0.002414 -0.221478 -0.971316 -0.576823 0.012187 -1.189216 0.158158 -0.564297 0.49076 -0.498919 0.373377 0.503058 -6.096477
93.314844 334.508226 183.073993 1317.264052 176.493498 1773.436005 180.271958 2067.494277 156.307151 1769.7466 139.472199 1688.978371 -49.597525 349.6285 -90.918209 1307.079964 -82.020509 1912.318344 -75.610392 2274.389364 -66.014773 1970.279919 -56.322738 1855.901985 425.482757 -5.379983 0.091531 0.0 0.064876 -0.022044 0.022881 -1.846041 0.002555 -3.126379 0.020773 -3.911757 0.029333 -2.972573 0.210638 -0.190241 0.147747 -6.640703 0.040804 -0.585023 -0.016868 -0.03877 0.021617 0.001302 0.047755 -0.000117 -8e-06 -4.055785
93.329757 315.027304 174.624395 1207.729839 158.861972 1670.056462 163.038729 1939.303508 137.135687 1703.613617 122.860391 1634.97583 -52.932957 319.25063 -101.42487 1242.281755 -81.440217 1801.954076 -75.305997 2141.269599 -60.209833 1831.640538 -52.569703 1725.999462 379.080678 -2.318966 1e-06 -0.292202 -0.099813 -2.376915 -0.463815 -1.552165 -0.432803 -2.051149 -0.626933 -0.629645 -0.526487 -0.438704 -0.054267 -0.690178 -0.287175 -0.823635 0.00103 -1.64002 0.000307 -2.00705 0.133552 -2.528626 0.064694 -2.356321 -1.339202 0.634673
98.128066 326.969459 174.235435 1320.930362 152.442174 1697.924305 151.565628 1964.402342 129.440284 1695.74255 121.270376 1626.681399 -46.755878 338.143538 -95.828935 1280.667437 -67.171033 1843.932899 -55.901568 2199.038476 -43.050582 1872.131781 -37.899388 1754.015748 321.78895 -4.362849 0.060137 0.111081 -0.000217 2.535095 -0.066202 0.115296 -0.209272 0.080687 -0.111097 -0.009113 -0.005178 -0.010546 0.191561 0.271539 0.079392 0.292028 0.686627 0.241681 1.442804 0.384465 1.435696 0.221341 1.197381 0.112776 -2.345546 -0.320275
93.42606 327.868737 163.272004 1263.962575 144.796331 1682.340657 121.811905 1941.800273 103.065165 1676.006378 101.386096 1605.860727 -48.542109 323.933081 -94.002607 1275.493661 -62.202745 1788.68728 -50.356071 2099.768804 -39.170422 1767.28011 -34.629601 1669.798031 269.312036 -1.209943 -0.057718 0.000617 -0.178112 -0.627825 -0.098353 -0.035922 -1.623984 -0.065391 -1.500824 -0.057762 -0.889658 -0.067053 -0.016742 -0.15252 0.008786 -0.005236 0.095433 -0.420118 0.144806 -1.146339 0.091607 -1.510705 0.073743 -1.035935 -2.334012 0.977665
95.537357 328.42134 136.212119 1248.261583 121.15219 1545.810781 116.600307 1750.703474 103.254047 1511.07089 93.158355 1451.966652 -47.370169 323.708696 -89.238422 1320.815767 -62.25235 1558.400559 -50.121978 1740.688698 -41.828946 1396.194334 -36.828765 1350.299928 276.521312 2.270481 0.011795 0.000233 -1.225003 -0.049065 -1.053126 -2.888457 -0.056969 -4.948197 8.6e-05 -4.270677 -0.174063 -3.875039 0.00716 -3.9e-05 0.061944 0.39561 -1e-05 -7.931504 0.000273 -16.82372 -0.04364 -21.840171 -0.033848 -16.947506 0.047612 6.79533
92.957341 306.279249 136.307717 1095.042073 118.777317 1403.364531 112.113364 1586.755049 100.573788 1340.060029 88.371508 1297.382775 -42.924276 323.757707 -79.379131 1201.95526 -58.099845 1331.713193 -45.239112 1460.034968 -42.745453 1159.293294 -36.386666 1137.326137 274.453862 6.545585 -0.017658 -0.386341 1.7e-05 -5.014579 -0.011754 -3.442112 -0.044017 -4.029312 -0.017623 -5.133238 -0.063124 -4.349227 0.109519 2e-06 0.28849 -2.801616 0.071658 -8.903878 0.125093 -12.328228 -0.004966 -11.004397 0.001335 -9.133458 -0.003879 1.10591
87.3379 288.996206 144.829397 1019.693693 117.536394 1176.095625 109.358201 1335.17063 97.071203 1091.512153 86.448033 1054.475657 -43.115448 309.570149 -71.910408 1167.555414 -48.947766 1201.034834 -38.310037 1308.303167 -35.892937 1029.119366 -30.228539 1004.477015 251.017868 0.918053 -0.087595 -0.250948 0.129182 -1.342764 -0.003258 -10.031515 -0.017138 -10.851143 -0.031038 -12.736258 -0.010582 -12.577727 -0.000212 -0.158932 0.184467 -0.249716 0.391948 -3.373453 0.287824 -4.161315 0.299132 -3.875016 0.285249 -4.124071 -0.522882 -2.560907
82.061054 249.611442 136.750383 960.39405 116.603397 1030.834287 107.271615 1130.485954 100.958392 924.516029 90.466149 914.251369 -39.125893 281.204688 -71.218959 1078.74994 -54.77522 1100.389061 -44.6218 1170.661145 -45.260804 925.476088 -37.657447 920.179146 281.414727 -0.000249 -0.082208 -1.441902 -0.115924 -0.888152 -0.001859 -4.78578 -0.010049 -8.510562 0.038155 -6.928402 0.045636 -5.000148 0.096824 -0.681362 0.00167 -1.756105 -0.163831 -2.201772 -0.240536 -3.824168 -0.542496 -2.749799 -0.407705 -1.846964 0.868395 -0.948547
74.231149 258.128609 114.969707 1064.256561 124.919675 989.885687 126.062789 1006.859989 128.005622 806.15807 114.22763 818.353567 -33.994377 272.253611 -67.155548 1080.449478 -68.486908 1011.401615 -65.121645 1025.189722 -65.439346 821.704106 -54.910379 834.999369 376.492549 -0.074234 -0.196254 0.071441 -0.944083 2.665775 0.143218 -0.414941 0.757888 -3.578313 1.60314 -4.051896 1.38383 -2.655955 0.180285 -0.072388 0.059675 0.000669 -0.765019 -1.875727 -1.931664 -4.823917 -1.854619 -3.084438 -1.622025 -2.068129 6.906361 -0.065882
70.713277 258.329559 119.623821 1090.829531 124.801788 950.319593 124.07877 970.350059 124.76863 750.242315 112.122705 765.081553 -36.348384 272.43047 -71.314663 1109.469279 -78.23616 1027.463954 -75.584479 1072.03893 -74.699463 855.8095 -63.679464 862.859039 392.549937 -3.473267 -0.042697 3.9e-05 0.046171 0.163833 -2.8e-05 -0.403472 -0.007868 -0.337114 -0.020727 -1.004748 -0.009787 -0.896377 -0.039399 2.9e-05 -0.062476 0.192287 -0.324261 0.063271 -0.389545 0.523339 -0.30628 0.346733 -0.324658 0.228586 0.167655 -2.531954
73.825445 259.788738 124.133285 1058.258346 123.963337 1019.700925 121.64099 1107.382662 124.871914 880.163012 108.443107 869.020928 -38.284069 276.971482 -70.574506 1177.860342 -84.305132 1093.956535 -84.320566 1128.056525 -88.066733 887.837214 -74.448175 894.324374 422.672398 -0.016655 0.033509 0.002055 0.041716 -0.246836 -0.001413 1.222135 -0.012093 4.523777 2.1e-05 5.184683 -0.030695 3.308955 -0.025106 0.018767 0.001931 1.022674 -0.113341 1.042309 -0.238817 0.71326 -0.549826 0.294171 -0.420415 0.281743 0.556702 3.008887
80.488942 250.766828 144.097374 975.338009 113.065395 1011.238602 106.110292 1095.408971 94.05214 886.854817 84.262887 875.324298 -40.239221 282.357814 -73.673471 1256.558368 -86.432572 1152.653563 -83.590595 1190.731023 -87.777617 930.818055 -73.759548 935.614867 363.551222 -0.531737 0.143936 -0.079718 0.743983 -1.691251 -0.250662 -0.01763 -0.530148 -0.032543 -2.180235 0.012671 -1.523052 0.011389 -0.024344 0.025936 -0.033292 1.272377 -0.013255 0.766918 0.001587 0.847169 0.000238 0.507961 0.0016 0.465896 -2.226001 -0.360177
78.190773 268.854844 151.17359 945.087699 122.427834 1175.574029 117.888189 1325.242444 99.240879 1061.96001 89.4316 1037.589014 -38.478192 287.068338 -76.770329 1059.136503 -85.841267 1281.543625 -89.742961 1311.633606 -82.660781 1108.672303 -70.567196 1073.836889 363.046117 -0.502686 -0.016643 0.314917 0.084804 -0.238264 0.186184 6.183513 0.309857 10.935696 0.069656 7.882731 0.076921 6.894555 0.019701 0.019484 -0.031878 -8.430833 0.001015 3.414742 -0.109222 2.922431 0.076825 7.769711 0.03531 4.759502 -0.000176 0.000408
81.623797 279.049969 145.945814 996.299469 113.986766 1263.535405 106.423287 1437.827718 91.456479 1226.124867 82.764644 1179.276547 -36.561794 300.913206 -76.445 1085.79808 -65.939972 1552.24535 -61.913692 1779.818349 -51.249157 1540.011704 -44.934141 1457.768807 279.629957 -17.866828 0.036877 0.094861 -0.045995 0.675574 -0.15074 1.586587 -0.293186 2.294677 -0.158949 5.896825 -0.129111 4.532503 0.024475 0.163021 0.000345 0.165708 1.310368 12.959216 2.575225 35.657748 3.73628 35.35791 2.880267 29.282039 -5.436496 -12.375718
83.745161 261.794898 147.229994 1037.932908 116.816278 1159.749558 106.092057 1295.649937 94.209377 1057.707938 85.839997 1028.59647 -40.098842 287.25247 -81.758479 1180.744602 -80.636172 1213.656961 -75.101463 1294.098793 -72.503556 1038.451833 -62.518201 1025.47372 332.00679 0.088449 0.013607 -0.275322 0.002813 0.426088 0.017345 -2.22352 -0.000258 -3.700087 0.02041 -6.218259 0.02805 -5.147711 -0.081641 -0.158664 -0.089255 1.98955 -0.738605 -20.802404 -0.636141 -38.617633 -1.838873 -49.25182 -1.448537 -37.917517 2.246742 20.469475
82.89158 254.203663 152.307824 1102.980535 125.239449 1099.194556 113.562069 1206.180097 104.911267 943.465272 95.938078 926.475652 -39.561184 275.60218 -79.654505 1212.392921 -80.66588 1089.604025 -73.506015 1142.797623 -74.399943 883.904862 -63.661819 880.395739 356.007471 0.970899 -0.002186 -0.055843 0.043043 0.988403 0.146601 -0.811788 0.127057 -1.600311 0.287799 -3.263595 0.280699 -2.6689 0.001814 -0.120585 0.013713 0.209278 -3e-06 -3.343153 0.008565 -4.701502 -0.012241 -6.222436 -0.005183 -5.529812 0.418747 0.47326
82.187179 255.364092 144.376983 1063.656385 115.664502 1076.068615 105.292692 1183.521657 96.912358 931.716427 88.398125 913.644295 -38.326382 273.903142 -75.859167 1191.670126 -70.724605 1070.902829 -62.87311 1115.300557 -62.624851 867.119387 -53.248214 867.335286 315.346349 1.160229 -0.001503 0.001321 -0.106021 -0.356893 -0.190358 -0.122933 -0.156284 -0.107423 -0.158573 -0.036806 -0.154269 -0.044738 0.009789 -0.002627 0.04632 -0.089316 0.326757 -0.08094 0.415133 -0.167423 0.506878 -0.080455 0.464713 -0.0488 -1.232469 0.008427
77.966198 253.45593 146.948719 1107.933743 150.486076 1043.412345 149.109344 1125.332365 144.215312 892.303458 130.702912 874.750387 -35.289008 264.943747 -66.782111 1167.782309 -64.646712 1050.605845 -59.237403 1090.951391 -59.067374 853.132421 -50.168998 854.704533 387.873259 0.439593 -0.055633 -0.003578 0.011351 0.451441 2.287757 -0.251593 3.801763 -0.733379 4.685322 -0.425863 4.12297 -0.422981 0.062688 -0.074489 0.289105 -0.120927 0.136511 -0.097095 0.054137 -0.134368 0.05201 -0.056863 0.045852 -0.046322 3.750049 -0.171496
77.738371 255.086041 150.478033 1119.772253 157.271873 1017.332643 153.769271 1076.86298 150.333882 832.55696 137.288103 836.911072 -34.71148 264.749938 -67.295709 1143.884747 -69.153251 1058.990248 -64.945623 1120.511157 -64.202216 886.944103 -54.905432 889.68452 411.022926 -0.860337 -0.000167 0.002613 0.02094 0.031456 0.07482 -0.165032 0.03585 -0.53346 0.063556 -1.035074 0.080919 -0.418304 0.002382 -3.5e-05 -0.000984 -0.123527 -0.075914 0.016662 -0.131262 0.197566 -0.106993 0.328531 -0.106806 0.35076 0.335475 -2.529887
83.496236 267.518648 157.081022 1193.186021 155.647458 1039.304826 155.240963 1114.301717 147.091094 879.746975 132.652071 873.873928 -39.896113 287.123985 -74.22396 1376.468762 -77.74946 1147.497485 -71.601659 1223.998596 -71.50929 960.300217 -57.47913 956.011683 423.718689 -1.764068 0.102843 0.147905 0.070888 1.165378 -0.004216 0.117374 0.003505 0.319867 -0.017678 0.650387 -0.039813 0.399352 -0.180363 0.45373 -0.169692 10.754639 -0.251725 1.775828 -0.162322 2.285099 -0.196859 1.457101 -0.029474 1.192156 0.096552 -0.160511
82.500182 272.385119 146.068468 1246.842836 156.20381 1070.402573 163.352593 1125.279379 159.154948 883.326019 141.516289 884.701945 -40.855748 289.85336 -74.862186 1427.009912 -80.896828 1240.464155 -76.00948 1318.080175 -77.827737 1039.848695 -64.915845 1026.430212 459.573516 -6.38009 -0.002988 0.021933 -0.200093 0.590034 0.000496 0.229208 0.103281 0.026905 0.237706 0.003633 0.143333 0.033336 -0.005702 0.006456 -0.001366 0.455615 -0.031223 1.810347 -0.065826 1.741562 -0.133727 1.582498 -0.226136 1.251067 0.728014 -1.434489
79.482613 280.462236 127.318628 1254.554272 162.066999 1128.295967 174.624159 1219.329253 176.168513 922.268476 148.136947 915.746218 -51.206197 299.625661 -85.026007 1480.799752 -90.632958 1454.079196 -83.085481 1580.255432 -86.25877 1279.46021 -74.652797 1238.863964 508.972041 -29.167232 -0.02811 0.059007 -0.643723 0.011887 0.05401 0.762321 0.188006 1.887083 0.431893 0.419998 0.075675 0.267661 -0.583697 0.081007 -0.323375 0.497556 -0.276537 8.480715 -0.157436 11.882173 -0.216743 12.410529 -0.340062 9.982755 1.260552 -8.264393
86.603664 280.921995 134.25539 1292.201235 191.580959 1250.635191 221.480792 1348.870068 226.904914 1093.974672 196.150693 1075.445375 -45.737434 301.249955 -79.468478 1436.900084 -81.240457 1669.415902 -77.331357 1885.371098 -75.883361 1605.675142 -64.583276 1521.16889 565.225371 -48.938259 0.15273 0.000188 0.091995 0.27827 1.233707 3.147799 2.781181 3.269121 3.205942 7.324679 3.364395 6.414492 0.154374 0.002195 0.093909 -0.330276 0.256832 7.431599 0.103233 13.457404 0.3323 18.501469 0.36459 14.475482 1.473942 -2.543767
84.841328 295.572042 126.50748 1337.298684 179.921604 1262.510576 201.313398 1349.773222 208.238529 1097.728948 181.710687 1082.801032 -45.510889 323.770469 -78.511289 1441.861259 -80.013241 1731.639837 -79.610198 1959.447393 -76.748291 1704.09806 -64.271151 1605.940027 537.826306 -66.401797 -0.009058 0.186176 -0.11513 0.386752 -0.183006 0.028058 -0.481269 0.000151 -0.400551 0.003215 -0.276014 0.012535 0.000281 0.405857 0.0029 0.004275 0.00467 0.569256 -0.016546 0.713663 -0.002451 1.463728 0.000378 1.149219 -0.34034 -1.329735
81.229766 316.48999 119.284742 1541.849119 163.897355 1169.954611 177.265923 1167.427923 188.475706 898.313395 165.121312 912.221552 -42.374104 332.772577 -64.63339 1587.641497 -70.147031 1793.534376 -67.770788 2004.922877 -68.163214 1703.300206 -56.981009 1618.817642 483.329103 -127.671491 -0.039275 0.357552 -0.106145 7.275384 -0.373621 -1.761528 -0.764523 -6.613207 -0.492561 -9.986334 -0.396972 -7.305866 0.055997 0.061719 0.674321 3.509519 0.324478 0.54341 0.476311 0.260834 0.254529 -9.3e-05 0.219354 0.025713 -1.455245 -9.925343
74.858524 327.007183 98.456863 1648.040487 136.648707 1044.953573 148.658283 934.865145 164.690535 678.893735 142.247634 721.547107 -46.870882 341.495526 -68.927264 1607.279121 -70.179034 1778.33932 -62.203074 2004.593017 -57.662383 1702.240134 -49.828877 1618.335647 417.252367 -231.119764 -0.130085 0.085951 -0.998425 1.768044 -1.237782 -3.530106 -1.25793 -12.903038 -0.801857 -15.337307 -0.852284 -11.164799 -0.113361 0.056426 -0.06904 0.060352 -4e-06 -0.032321 0.119307 -1.4e-05 0.438941 -0.000165 0.239727 -3.6e-05 -2.427336 -15.236864
73.38628 336.69119 102.6102 1706.928097 118.918127 836.21321 122.552249 670.294037 133.880018 445.888368 115.329357 500.140208 -46.776544 339.307668 -63.356107 1589.96078 -49.602269 1684.175953 -41.619077 1912.51097 -38.023442 1611.904414 -32.207011 1533.625443 314.600048 -362.234551 -0.007311 0.070653 0.042901 0.516848 -0.615793 -11.617124 -1.259374 -21.954164 -1.593976 -24.398861 -1.410419 -20.230332 4.8e-05 -0.003516 0.117368 -0.046904 1.780637 -1.280627 2.060969 -1.082467 2.037071 -1.231398 1.915 -1.138516 -7.234958 -14.66765
61.076467 303.883499 89.545498 1576.176015 86.031233 615.937867 88.427941 431.856462 97.167302 276.877948 82.894619 324.156364 -48.822952 305.996521 -56.871368 1547.054942 -38.249041 1521.028016 -30.627258 1656.294278 -30.081511 1399.838575 -25.787898 1341.970559 235.377242 -431.590936 -0.564656 -0.840691 -0.44465 -2.604683 -2.65578 -16.803898 -2.777951 -26.100665 -2.935416 -20.038328 -2.671598 -19.004994 -0.021905 -0.860348 0.175012 -0.293431 0.736691 -4.154886 0.841063 -9.209217 0.464652 -7.475372 0.356342 -6.393888 -5.73583 -3.035631
58.437216 299.326738 103.154075 1507.421765 79.068242 548.119006 79.71862 392.409181 89.096306 247.300048 85.122546 294.07128 -43.284728 307.791251 -52.659675 1549.434726 -26.336921 1434.061194 -16.882397 1582.927144 -16.766414 1366.288331 -14.979449 1290.618538 183.162797 -451.034002 -0.029145 -0.017212 0.481124 -0.766594 -0.146896 -1.977269 -0.225706 -0.944465 -0.174945 -0.835164 0.014772 -0.732456 0.166651 0.002624 0.081004 0.000914 1.10803 -1.279973 2.031681 -0.830975 1.932045 -0.203472 1.4589 -0.500891 -3.269746 -0.214179
66.809293 292.366493 118.04887 1463.329431 56.792599 524.227123 43.852246 381.434104 45.917112 247.837054 42.256312 294.93889 -42.236864 333.095261 -42.945054 1763.378101 -13.831109 1353.015459 -5.907512 1383.074319 -6.802665 1086.228055 -6.466619 1056.982874 88.067125 -296.360794 0.280128 -0.040939 0.502043 -0.327231 -1.83859 -0.266189 -5.319599 -0.077831 -7.090862 0.000291 -7.429454 0.000639 0.00642 0.499732 0.494843 6.915512 1.996374 -1.178619 2.816631 -6.740824 2.20965 -16.042937 1.761923 -11.654759 -17.217159 16.17993
69.424147 282.816418 131.638347 1425.689197 40.885127 619.091564 24.224408 527.11417 25.453195 359.179778 24.64242 397.64214 -45.712284 342.073712 -49.979028 1773.67422 -13.231526 1281.974682 -4.313006 1296.52823 -4.869911 999.474179 -5.057543 976.758274 52.590103 -160.336948 0.025097 -0.079288 0.370085 -0.245213 -1.304024 3.942385 -2.890929 11.755497 -2.99671 10.298949 -2.36044 7.657293 -0.068695 0.059701 -0.266604 0.014986 0.006643 -0.957823 0.125146 -1.398002 0.161126 -1.805026 0.086469 -1.582918 -4.547578 20.727169
65.478552 271.098165 119.89132 1391.354223 36.338934 687.395872 21.340827 606.55842 22.010643 422.684775 22.48509 464.59261 -43.09056 337.637133 -51.063667 1699.647423 -8.907916 1229.525052 -1.625245 1186.959009 -1.993924 900.762696 -2.230903 894.684652 37.254104 -89.366959 -0.057712 -0.123966 -0.274457 -0.20925 -0.133934 1.786726 -0.091335 2.787029 -0.125009 2.583285 -0.049403 2.603202 0.038709 -0.014479 -0.005822 -0.788955 0.426283 -0.547733 0.643087 -2.418225 0.631586 -2.565612 0.570444 -1.800568 -1.318569 10.297763
62.161901 255.249807 119.662809 1342.737292 29.499477 829.105223 18.320296 798.004402 19.598205 569.075279 18.001214 596.647885 -43.574497 336.783176 -45.935329 1650.970368 -9.281203 1166.202852 -1.662938 1134.172433 -2.846529 850.934138 -3.022426 838.601248 37.382856 -28.254292 -0.043098 -0.238651 -0.000109 -0.432281 -0.356213 6.635528 -0.115187 13.10849 -0.069994 10.863614 -0.249062 8.248191 -0.001351 -0.000541 0.135663 -0.353604 -0.003831 -0.83699 -0.000216 -0.600307 -0.075681 -0.708852 -0.059972 -0.907574 0.000111 17.122492
72.844202 277.602137 135.725394 1398.636601 32.100074 885.689713 14.253847 862.136088 15.877443 623.770961 17.031135 648.762523 -39.557735 353.858407 -47.360119 1660.992189 -8.244682 1201.032149 -1.350906 1220.123826 -2.011765 925.214633 -2.312726 898.792767 29.192603 -29.614644 0.42328 0.46903 0.505627 0.56998 0.05492 0.933837 -0.254818 1.239175 -0.19566 1.254643 -0.013434 1.090855 0.097097 0.211114 -0.01088 0.015163 0.030678 0.256237 0.016196 1.569493 0.072253 1.553926 0.047414 1.042972 -0.505712 -0.015991
77.980724 292.618587 142.29541 1460.611009 50.825766 934.258004 31.183104 897.587166 33.069669 644.712744 33.002042 671.840255 -33.236462 354.563451 -43.904956 1664.033242 -7.763349 1248.076694 -0.881754 1268.82226 -1.373661 969.763242 -1.650724 944.0091 47.92317 -33.060518 0.087491 0.197759 0.07764 0.671729 2.14191 0.648178 3.2716 0.357132 3.118658 0.172879 2.617474 0.201659 0.274981 0.000351 0.065427 0.001391 0.007238 0.451877 0.049848 0.47646 0.06068 0.523714 0.055677 0.554814 2.309301 -0.094799
76.640448 289.269652 140.683591 1481.090602 47.157169 949.582368 26.236502 920.802134 29.159024 660.270961 29.699266 685.873837 -37.365729 348.639851 -52.531636 1657.42148 -7.711024 1277.792227 -0.689851 1343.43346 -0.818035 1026.741693 -1.141048 990.38702 39.744985 -40.285325 -0.005809 -0.009637 -0.00459 0.071288 -0.068702 0.06233 -0.213467 0.148196 -0.123 0.092747 -0.087047 0.072529 -0.120856 -0.02495 -0.386622 -0.006581 8.8e-05 0.1748 0.01176 1.065739 0.071599 0.813222 0.046918 0.556044 -0.382287 -0.356701
73.988906 286.723262 137.3159 1473.330271 46.241687 957.589893 25.663012 933.905873 28.508609 668.201134 28.943969 692.790013 -38.98241 353.392801 -52.552591 1681.08526 -7.623403 1294.197427 -0.690847 1351.385419 -0.835262 1035.3199 -1.143858 1001.119721 39.103414 -40.028406 -0.023339 -0.005629 -0.020399 -0.010192 -0.004487 0.01681 -0.003169 0.04629 -0.003668 0.023669 -0.004864 0.017348 -0.017119 0.01609 -2e-06 0.083867 0.00025 0.05232 -0.0 0.011732 -9e-05 0.017843 -2e-06 0.028921 -0.00261 0.000411
76.930533 283.40793 137.812533 1470.137916 47.659744 951.985969 27.334829 934.64938 30.334416 666.892595 30.53994 686.15141 -43.334192 353.874777 -54.207896 1713.734997 -8.857731 1351.329545 -0.916129 1448.534604 -1.068535 1115.221334 -1.582049 1057.387918 42.7895 -57.314985 0.028671 -0.009639 0.000448 -0.001731 0.010708 -0.008223 0.026375 0.000148 0.028333 -0.000641 0.021414 -0.01598 -0.115112 0.000164 -0.012833 0.157008 -0.046286 0.616977 -0.01587 1.685906 -0.014345 1.484846 -0.03545 0.769174 0.082999 -1.547201
74.624681 284.940626 129.568347 1495.337356 53.843129 956.928214 36.828873 938.932337 39.977249 670.273205 37.97799 688.307558 -44.670309 360.788586 -53.569642 1732.720932 -10.779517 1416.732761 -1.82581 1544.259094 -1.869479 1198.15064 -2.425507 1129.48334 59.136796 -76.119999 -0.017542 0.002067 -0.127127 0.107069 0.188516 0.006398 0.706285 0.004895 0.664368 0.004273 0.40492 0.001691 -0.010143 0.033444 0.00189 0.052296 -0.094263 0.772775 -0.155298 1.531265 -0.111282 1.486895 -0.089765 1.188722 1.319459 -1.331743
72.85631 291.519469 127.903342 1533.657422 70.111741 990.164002 56.690769 959.391673 59.387694 689.46836 55.205285 708.566995 -43.713104 364.086134 -53.326315 1725.295527 -11.597345 1474.609465 -2.275935 1629.355726 -2.532078 1285.609749 -3.073185 1200.04084 86.445207 -92.115289 -0.010602 0.037542 -0.005384 0.242405 1.072235 0.283679 2.133491 0.110254 1.914307 0.135494 1.606296 0.146923 0.005183 0.007501 0.000277 -0.007972 -0.01495 0.579324 -0.024773 1.141087 -0.050159 1.540299 -0.038277 1.068781 2.584205 -0.762118
69.808226 295.078019 127.043434 1534.012479 51.719474 725.888054 37.209733 608.302883 39.003328 418.772373 35.697053 468.043261 -41.142674 367.103525 -49.638587 1708.11723 -12.879283 1521.079158 -4.46075 1686.858433 -3.713433 1364.759087 -3.830838 1285.692458 66.786349 -271.548125 -0.032565 0.010794 -0.00145 2.1e-05 -1.396297 -20.471659 -2.043039 -39.819272 -2.134745 -33.568129 -2.117971 -24.846379 0.03894 0.006226 0.06606 -0.042974 -0.033593 0.360445 -0.364126 0.498582 -0.112746 1.182102 -0.041699 1.476099 -1.2663 -47.348798
66.894579 312.741696 127.653375 1493.820895 46.705964 520.009004 32.004575 363.485991 34.626795 234.102668 31.611872 289.923282 -40.081293 358.296951 -49.560886 1649.643696 -7.490193 1607.181627 -1.461493 1811.492298 -0.555605 1511.858767 -0.788293 1424.786861 43.954812 -556.120823 -0.031054 0.256714 0.00073 -0.266764 -0.12777 -17.128041 -0.196001 -31.343073 -0.130184 -26.661883 -0.124085 -21.22605 0.006935 -0.053459 3e-05 -0.509181 0.725819 1.18517 0.815638 2.220837 1.396269 3.763531 1.143603 3.571325 -2.379149 -50.459667
69.794183 309.53334 133.844296 1430.282027 52.689567 344.962567 39.998657 194.227742 44.070871 113.989693 38.992235 162.140383 -35.988595 342.97287 -45.557424 1597.314437 -5.710506 1717.139574 -0.497392 2001.700967 -0.069346 1694.541048 -0.156046 1593.427174 47.63658 -929.530823 0.030758 -0.008271 0.073295 -0.690411 0.18027 -17.897452 0.445143 -26.304048 0.568721 -21.379697 0.3868 -18.435843 0.110177 -0.16745 0.084289 -0.421707 0.120517 1.819027 0.253676 4.746923 0.232375 5.208325 0.242883 4.715005 0.074029 -47.692751
62.583161 313.651077 96.695608 1429.208557 64.770703 293.922885 63.981998 141.659271 75.504543 82.795447 63.817237 125.310299 -36.734091 321.233838 -47.282665 1545.109227 -4.493832 1884.924939 -0.315486 2242.887174 0.134292 1977.834596 0.036472 1852.636951 69.270276 -1251.295254 -0.19655 0.013604 -3.012714 -0.000201 0.622942 -2.042008 2.803701 -4.139155 4.205557 -2.488176 3.042209 -2.369221 -0.003821 -0.355847 -0.016031 -0.433674 0.072792 3.909871 0.020615 6.857888 0.396641 10.943187 0.3434 9.762589 2.019101 -23.867564
62.161572 310.8961 86.647656 1408.836838 84.180289 265.202851 90.814176 117.868904 105.938936 65.232707 89.719981 102.813411 -37.792646 312.303353 -49.058336 1519.585013 -4.517377 2061.860351 -0.365505 2497.922018 0.116217 2252.311454 0.049919 2091.883375 99.037495 -1550.929856 -0.000712 -0.006076 -0.275541 -0.073116 1.270032 -0.738103 2.343264 -1.092705 2.570664 -1.045555 2.200755 -1.111999 -0.007518 -0.062946 -0.016365 -0.106291 -3.1e-05 3.968025 -0.001839 6.864851 -0.000653 8.914232 0.001053 7.262175 2.653256 -16.065626
63.64779 305.196498 81.650778 1338.056887 93.329066 228.135551 107.136831 86.462221 126.245152 49.474483 106.550423 84.89492 -38.795148 310.85711 -49.239816 1482.284807 -4.674659 2188.45894 -0.60064 2674.904073 0.045832 2467.120631 0.049826 2278.247241 121.480116 -1817.854766 0.008779 -0.026365 -0.074196 -0.912054 0.235919 -1.394509 0.674115 -2.428106 0.889669 -1.087571 0.722948 -0.8572 -0.006561 -0.001678 -0.000168 -0.231749 -0.001346 1.88583 -0.02905 3.028501 -0.016084 4.891151 -0.0 3.975544 1.144993 -10.591518
58.77465 285.529017 84.779795 1285.30907 100.706055 202.984233 106.087146 71.343156 123.495323 37.188575 105.969306 70.314816 -37.905699 294.07404 -46.146891 1416.294192 -7.365533 2257.641986 -3.034894 2763.854356 -0.384794 2601.537678 -0.222694 2414.716495 137.6671 -2016.641117 -0.097028 -0.327493 0.029416 -0.530352 0.140283 -0.734283 -0.002584 -0.725936 -0.015139 -0.875285 -0.000795 -0.686331 0.005157 -0.232858 0.050157 -0.751286 -0.304545 0.53829 -0.935254 0.727435 -0.696227 1.782633 -0.483194 1.984652 0.506034 -5.156167
59.086982 288.220257 90.082524 1221.176924 91.831535 124.468676 93.338049 22.443335 111.331769 7.998286 96.160114 28.198526 -37.954008 299.77105 -44.31293 1421.772298 -8.845442 2332.433527 -5.202205 2867.243962 -1.155163 2722.915494 -0.542514 2531.350475 135.167877 -2435.761903 0.000414 0.006312 0.080422 -0.820592 -0.204633 -9.55243 -0.407937 -13.757037 -0.315235 -10.693681 -0.238157 -9.456637 -1.5e-05 0.027328 0.018593 0.005287 -0.067692 0.609374 -0.29024 0.949221 -0.206541 1.383662 -0.07004 1.375373 -0.011447 -19.770572
60.301027 289.037752 99.71659 1246.207514 98.761092 182.482596 95.967037 60.70452 107.605298 26.494873 93.973541 57.054866 -36.936999 307.27698 -43.553214 1441.68767 -9.257666 2521.490845 -5.594588 3128.12529 -1.104594 2973.223585 -0.544905 2752.433707 130.514496 -2438.380126 0.006173 0.000579 0.244667 0.126966 0.126014 5.532181 0.018256 9.326127 -0.031716 5.378656 -0.012573 5.03212 0.006906 0.046406 0.003284 0.069257 -0.004694 3.68323 -0.007132 5.678659 0.000566 5.50236 -3e-06 4.62729 -0.040755 -0.000703
64.15862 288.874322 122.14217 1247.818757 108.72807 205.637263 104.520418 78.490798 115.135998 36.917983 100.966117 70.553477 -34.912288 313.059054 -41.126006 1454.378094 -8.656637 2628.347259 -5.43173 3275.956046 -0.932294 3132.479573 -0.415698 2892.173794 136.789349 -2489.265724 0.059797 -2.3e-05 1.136304 0.00052 0.239526 0.691303 0.182539 1.141036 0.12734 0.862484 0.125454 0.715961 0.028534 0.026948 0.034793 0.027805 0.010085 1.108726 0.001203 1.706478 0.007301 2.077302 0.008729 1.729995 0.07366 -0.262743
68.898022 290.585169 129.106519 1181.646977 116.266893 154.302416 112.849692 43.15111 123.712148 15.384543 108.786065 41.415297 -32.201261 320.421701 -39.236777 1488.648464 -10.739047 2715.847348 -7.566453 3412.331565 -2.160136 3281.047001 -1.246504 3018.731096 158.566939 -2847.087987 0.084434 0.002526 0.096541 -0.901333 0.126336 -3.679513 0.159641 -5.246632 0.154018 -4.638439 0.145822 -3.857846 0.054778 0.042788 0.02221 0.199539 -0.112113 0.716364 -0.176494 1.390507 -0.254204 1.720991 -0.222523 1.355003 0.803961 -12.010169
66.481136 295.411693 126.478521 1152.371082 112.179957 129.418517 106.888036 28.836452 117.815847 7.8746 102.815828 28.977906 -34.762489 340.64077 -37.389306 1540.329833 -10.787131 2834.815707 -8.497856 3546.07321 -2.76526 3465.202468 -1.535827 3197.252236 156.680493 -3142.701019 -0.021576 0.019877 -0.013511 -0.183613 -0.036561 -1.093335 -0.080887 -1.437582 -0.071982 -1.245772 -0.08424 -1.107459 -0.048999 0.30928 0.022275 0.440934 -5.4e-05 1.275082 -0.027024 1.285387 -0.037313 2.513957 -0.015084 2.564065 -0.005644 -7.299117
69.909508 281.091354 146.412721 1208.053 110.975211 159.354805 102.52418 45.015486 109.98834 17.955268 96.76402 47.244024 -35.679142 327.736432 -38.689858 1523.829986 -11.128044 2832.994076 -9.239449 3538.480515 -2.633129 3450.7341 -1.342004 3189.249754 146.657534 -2970.858648 0.043095 -0.177886 0.729052 0.656854 -0.003252 1.555895 -0.045473 1.793992 -0.134519 2.048316 -0.091775 2.221041 -0.005964 -0.124583 -0.011117 -0.044424 -0.002652 -0.000293 -0.01551 -0.004069 0.001617 -0.015134 0.006534 -0.005014 -0.165636 2.415584
67.195852 283.85433 130.495907 1274.532723 114.734382 202.286789 110.490497 79.794208 121.868355 39.565983 106.299914 74.133558 -35.716393 320.080797 -37.24912 1504.065988 -12.408471 2862.792092 -10.608867 3593.424012 -3.774918 3537.146081 -2.061414 3254.680582 168.540498 -2828.51246 -0.026858 0.006756 -0.457831 0.890271 0.031306 2.55736 0.149014 4.943518 0.304558 4.213922 0.224027 3.015973 -1e-05 -0.045237 0.013668 -0.064503 -0.034855 0.077946 -0.047297 0.211643 -0.102543 0.534305 -0.076903 0.332197 0.760542 1.747214
62.11562 288.333602 98.231539 1288.91783 101.702088 203.16252 103.224916 77.804655 115.677323 39.165125 99.667909 73.391335 -39.403097 320.013299 -40.583988 1513.164312 -14.359018 2893.757835 -12.350757 3636.195131 -4.87195 3580.365823 -2.847968 3294.876679 168.028705 -2870.59711 -0.099832 0.017533 -2.287045 0.040362 -0.392713 0.000946 -0.123538 -0.012559 -0.080691 -0.00102 -0.1068 -0.001867 -0.090522 -4e-06 -0.071476 0.013718 -0.071163 0.083286 -0.066172 0.12652 -0.069873 0.131223 -0.063418 0.123347 -0.000389 -0.155388
65.572203 279.625372 136.240642 1118.448862 91.129867 145.242576 78.266214 42.253988 86.974814 17.244747 76.718896 45.701162 -39.364009 336.197131 -43.678431 1574.996601 -14.828475 2939.313628 -13.557142 3669.372802 -5.065763 3594.089695 -2.817661 3325.448413 134.02123 -3113.422136 0.046794 -0.066763 3.101241 -6.043157 -0.290035 -4.848127 -1.724355 -5.3842 -2.042928 -4.433236 -1.499276 -3.263843 1e-05 0.199598 -0.056839 0.619076 -0.003776 0.177896 -0.028103 0.075337 -0.00189 0.013126 8.1e-05 0.070588 -1.920538 -4.928818
64.040559 285.303353 138.474422 1156.324296 100.830089 156.765334 90.638973 54.90234 99.018218 23.936772 87.484015 54.768338 -38.798229 334.122209 -44.121019 1560.557111 -15.269781 2937.853498 -14.207483 3674.628426 -5.344208 3599.243228 -3.073718 3329.55542 150.369986 -3036.139061 -0.00905 0.028535 0.009082 0.315339 0.245245 0.219899 0.453779 0.826835 0.390326 0.547367 0.35326 0.409984 0.002048 -0.003211 -0.001116 -0.033248 -0.003235 -0.000181 -0.007618 0.001881 -0.003725 0.001846 -0.005567 0.001267 0.470308 0.485637
65.218073 287.571179 126.618927 1249.243957 101.113385 205.432178 93.727903 83.270253 105.017155 43.014766 92.528153 79.592649 -38.225453 330.323148 -42.905573 1553.00419 -13.655266 2978.26139 -12.246827 3718.434774 -4.209274 3658.616498 -2.285892 3382.072336 151.276207 -2908.222084 0.005364 0.004489 -0.265233 1.795269 0.000199 3.284464 0.025878 2.943428 0.088208 2.775697 0.070685 2.313161 0.00213 -0.010861 0.008488 -0.009161 0.045094 0.137997 0.072757 0.129785 0.067653 0.242857 0.058219 0.205469 0.001361 1.376485
65.793979 302.6372 126.783839 1280.794996 104.883918 230.110876 96.936065 100.317515 109.584206 53.086799 96.378311 92.325242 -38.0169 334.173963 -43.95825 1555.140789 -15.119851 2969.783073 -13.343355 3694.337455 -5.380812 3616.200417 -3.373015 3349.912509 163.530523 -2792.993879 0.001266 0.192324 5.4e-05 0.196737 0.03451 0.699733 0.026993 0.793185 0.048602 0.529263 0.03924 0.472149 0.000285 0.011158 -0.006379 0.000734 -0.037296 -0.006042 -0.023504 -0.039168 -0.071827 -0.123655 -0.105404 -0.076817 0.238599 1.164567
66.324884 306.541757 127.513002 1294.268833 108.453969 235.712052 102.115521 105.085578 112.850452 54.063393 99.364008 93.245994 -37.419016 331.2651 -43.368923 1540.322114 -14.884647 2934.263362 -13.23493 3666.872907 -5.236602 3584.967389 -3.188027 3313.747828 166.706102 -2758.541145 0.001067 0.012513 0.001045 0.035251 0.029873 0.033676 0.067398 0.055348 0.023982 0.004451 0.022772 0.002284 0.002369 -0.006358 0.001989 -0.03547 0.000922 -0.106847 0.000221 -0.051235 0.000979 -0.067733 0.002608 -0.098136 0.015269 0.106908
65.280857 308.833862 126.979215 1312.854618 108.331161 247.974635 102.686652 116.394118 112.247011 60.029731 98.620284 100.56022 -37.329485 334.703935 -43.786749 1540.609627 -14.444453 2866.586205 -12.754771 3598.419744 -4.836034 3502.107017 -2.895887 3230.490468 163.680486 -2645.118663 -0.004141 0.004269 -0.00056 0.066248 -3.5e-05 0.155467 0.000796 0.28889 -0.000809 0.156107 -0.001397 0.138068 5.4e-05 0.008879 -0.001002 1.3e-05 0.003304 -0.3948 0.004436 -0.322488 0.007968 -0.484408 0.007018 -0.529631 -0.013854 1.190497
64.706535 300.518263 124.83302 1325.218142 109.081003 263.177945 106.048042 124.244544 114.896158 67.948777 100.304322 110.810635 -35.462862 324.464321 -44.293331 1517.651315 -13.698007 2807.511667 -11.711233 3551.552392 -3.825765 3437.03852 -2.181705 3158.285314 160.653566 -2538.462463 -0.001269 -0.056743 -0.009146 0.028971 0.001293 0.226148 0.027067 0.128087 0.015449 0.245242 0.007128 0.248693 0.023937 -0.079537 -0.001457 -0.086175 0.009901 -0.307529 0.022265 -0.153607 0.059118 -0.305081 0.050477 -0.40804 -0.014125 1.097383
63.994394 295.064402 115.460231 1366.070885 104.349986 269.123578 104.049055 121.830391 117.50021 68.780866 101.815486 111.791852 -34.067153 313.945133 -43.709478 1498.200243 -13.685436 2660.859492 -11.213128 3322.142302 -3.818528 3186.307134 -2.270373 2942.371091 163.682773 -2318.803932 -0.00197 -0.024972 -0.182865 0.310082 -0.052441 0.033206 -0.00951 -0.011842 0.01459 0.002532 0.005649 0.002163 0.01401 -0.086669 0.001937 -0.062727 3e-06 -1.966831 0.005412 -3.829356 3e-06 -4.747508 -0.000883 -3.822012 0.014146 4.969314
65.595952 301.60449 96.950795 1405.229158 104.881293 286.544748 105.598293 136.119892 119.371143 82.793766 101.783071 124.819634 -34.081627 302.765272 -42.590884 1390.215234 -15.009315 2476.669401 -12.547496 3065.703239 -5.317166 2964.823198 -3.551528 2735.992086 175.075457 -2056.720646 0.009897 0.035844 -0.80799 0.276666 0.000675 0.273159 0.005724 0.396097 0.007389 0.649128 -3e-06 0.358926 -2e-06 -0.101344 0.00725 -2.019245 -0.030556 -3.302843 -0.037498 -5.149429 -0.123758 -3.988783 -0.142713 -3.751642 0.191626 7.856129
65.408153 306.775772 92.881327 1421.182846 105.098532 292.416944 110.405618 138.545483 123.934007 82.588343 105.823876 123.846367 -38.26906 289.443232 -41.787015 1404.232362 -25.898102 1707.464239 -23.257326 1950.597007 -20.732406 1753.604881 -16.196358 1668.40027 246.045902 -1075.069524 -0.000135 0.021979 -0.043624 0.045026 0.000112 0.029781 0.053502 0.01071 0.042789 -0.000128 0.039328 -0.001905 -0.121279 -0.149862 0.003829 0.035156 -1.475817 -71.312499 -1.639272 -125.51235 -5.050749 -158.108603 -4.579258 -131.346634 6.023304 157.824679
67.761072 310.918486 92.116777 1520.385331 95.845332 409.126229 106.509327 241.907971 115.588039 152.445412 96.672927 193.155484 -44.193263 321.339501 -32.088356 1684.408585 -29.799495 1526.482463 -25.847925 1592.615466 -35.90583 1365.854338 -27.978379 1319.190957 280.339271 -605.681039 0.020788 0.013892 -0.00158 1.673246 -0.213162 9.77604 -0.034996 14.310003 -0.145449 10.62151 -0.206874 7.669635 -0.213077 0.833411 0.639407 12.733896 -0.136807 -5.068125 -0.068382 -18.130368 -2.070324 -24.192617 -1.600198 -20.47913 1.118274 66.874203
76.969539 296.309594 86.945299 1638.457631 87.594881 550.201892 100.546234 381.341098 109.418172 255.833504 91.854098 290.798783 -41.731126 307.37259 -35.86998 1773.482693 -41.19591 1302.706985 -27.618834 1258.450515 -62.437402 1025.973102 -47.916486 1014.222685 337.164817 -257.153897 0.293241 -0.175758 -0.074694 2.207444 -0.185631 10.429759 -0.085885 15.797174 -0.084607 13.307302 -0.061596 9.952665 0.035283 -0.155157 -0.105298 1.14745 -0.920664 -8.863675 -0.029336 -19.650961 -3.646522 -24.271897 -2.665756 -20.014935 2.620232 73.523237
78.59687 296.911246 92.030643 1650.620185 106.253952 596.598384 123.640028 422.313429 136.132966 296.569335 115.818208 332.346705 -37.301595 309.215154 -28.156572 1754.635884 -52.362469 1085.552586 -58.777848 969.424524 -89.333492 776.464125 -70.648483 794.600762 446.022421 -113.292976 0.008512 0.000305 0.072261 0.022488 0.900111 0.938924 1.192637 1.045116 1.457547 1.504038 1.387289 1.386637 0.124228 0.002753 0.466323 -0.050339 -0.668777 -9.892958 -5.814411 -18.827469 -2.402207 -17.353132 -2.199561 -13.382422 7.602122 29.074758
75.369683 295.434027 106.993623 1611.125095 117.730916 785.1879 131.559577 648.691778 141.253349 470.441452 121.808747 503.063042 -38.157602 296.03684 -31.285904 1712.741491 -63.10879 987.808561 -69.92436 878.807407 -91.78773 682.565867 -75.704075 699.456951 460.771836 -19.680751 -0.033825 -0.001842 0.563268 -0.239123 0.294233 12.930072 0.122912 24.198159 0.047264 19.967258 0.075522 17.628983 -0.004855 -0.143484 -0.082429 -0.253103 -0.50114 -2.305244 -0.483591 -2.222774 -0.016629 -3.024623 -0.087346 -3.032527 0.119961 38.534523
80.38454 293.840733 111.229532 1559.919782 125.704472 949.104693 138.447981 880.211995 149.614524 667.571113 129.657038 685.157682 -34.78864 294.283717 -29.142869 1661.405179 -66.701765 952.724126 -76.93665 862.289055 -97.981102 668.294507 -78.92171 688.867499 489.747611 -0.000196 0.080753 -0.002154 0.041115 -0.413453 0.130619 7.763681 0.087882 17.631085 0.120198 17.203708 0.122503 14.035887 0.077838 -0.002603 0.038012 -0.390553 -0.049734 -0.317186 -0.167506 -0.078359 -0.101092 -0.075388 -0.033482 -0.040386 0.441754 19.556773
76.780095 305.669217 121.343311 1464.469924 142.762428 1172.208721 155.776502 1201.856899 164.242522 958.660349 142.802883 958.273204 -38.309004 309.286431 -33.237699 1669.03333 -77.243429 1004.752273 -87.188623 921.964943 -108.292763 706.79776 -88.537048 734.263166 539.265686 19.154386 -0.041338 0.116701 0.220011 -1.506576 0.542466 11.764838 0.51073 24.994409 0.34107 26.264017 0.31732 22.852906 -0.084819 0.186487 -0.134543 0.008736 -0.386522 0.691555 -0.320504 0.998235 -0.257902 0.539161 -0.27628 0.72421 1.192143 19.277083
79.421142 299.821826 117.151252 1318.801957 186.884312 1435.664457 225.985913 1573.962345 237.02724 1391.203709 203.814837 1349.313178 -38.942452 315.274166 -41.672505 1606.039634 -106.539348 1048.575169 -123.103176 981.943063 -148.681467 763.878002 -124.177252 783.50141 761.163405 93.325266 0.022329 -0.028236 -0.036845 -3.814523 2.966112 13.3417 6.511592 25.053894 6.656272 40.152532 5.411939 33.373848 -0.002597 0.028703 -0.47639 -0.605875 -2.349984 0.467696 -3.089517 0.944969 -3.193798 1.108124 -3.007006 0.798886 19.071521 27.919894
74.856204 324.883288 99.942001 1356.786043 188.296134 1740.461412 237.851826 1948.777076 252.761604 1787.559881 215.260565 1721.264098 -39.874355 333.959891 -39.395577 1613.998045 -115.384284 1215.959001 -135.470182 1165.554234 -166.973794 924.966086 -140.353982 943.557913 830.610385 140.808824 -0.067551 0.502901 -0.683174 0.269635 0.002656 14.658749 0.151802 19.996646 0.252797 24.807385 0.156331 22.61118 -0.005509 0.268954 0.031982 0.009835 -0.176331 6.19459 -0.295913 7.863782 -0.530469 7.700137 -0.495087 7.432671 1.515661 4.865506
73.792672 319.965213 104.465095 1321.775357 211.242861 1657.689144 268.413861 1791.638397 286.745366 1619.491836 244.070129 1579.024753 -41.096311 330.498233 -36.426874 1580.666555 -106.211071 1235.314078 -126.384759 1196.649533 -157.735958 956.180504 -131.638142 972.485336 869.8285 86.876229 -0.003805 -0.018755 0.050049 -0.228817 0.659494 -1.008234 0.92332 -3.302236 1.071389 -4.147878 0.904369 -3.066616 -0.009221 -0.009017 0.05814 -0.173887 0.18995 0.076414 0.157663 0.204673 0.131433 0.258993 0.139683 0.218378 0.452314 -6.479812
82.72398 310.644025 135.208003 1397.831783 211.27249 1520.712351 249.727849 1480.07 260.949603 1233.664874 225.84087 1248.064481 -39.206578 318.341669 -44.822138 1588.84393 -108.168497 1091.785498 -124.931401 1040.45173 -145.939261 805.015631 -121.426843 826.9971 797.185122 45.572874 0.255031 -0.068893 1.979877 1.063704 1e-06 -2.952956 -0.337051 -14.86929 -0.607812 -26.207689 -0.353717 -19.439178 0.022238 -0.113892 -0.434895 0.010549 -0.008936 -4.430425 0.004202 -5.459646 0.229216 -6.499293 0.206099 -5.891008 -1.583541 -6.604764
77.859343 314.020543 130.710204 1440.942054 170.954847 1418.787195 188.18557 1286.221474 190.586637 1034.256144 167.150062 1055.076722 -37.486426 320.340299 -48.176855 1642.9502 -94.213716 998.144822 -101.442099 902.933934 -119.078533 670.500375 -98.101026 707.786915 610.960887 39.260638 -0.0737 0.009126 -0.038041 0.32736 -2.132316 -1.767624 -4.345996 -6.800349 -5.516028 -8.783594 -4.407271 -8.099782 0.019293 0.003127 -0.060526 0.452952 0.481683 -2.098869 1.221964 -4.871621 1.364741 -6.144327 1.242754 -4.636668 -12.368191 -0.235164
78.480448 339.819169 127.685096 1641.722631 132.361637 1138.917102 138.465795 1089.327215 145.599736 885.853981 130.108903 881.827967 -40.737043 323.616154 -53.363798 1751.065364 -75.056479 1114.055011 -68.578786 1036.280972 -77.288225 782.202766 -66.112053 799.669171 435.049646 3.223501 0.001234 0.509168 -0.017709 6.545585 -2.465269 -15.358136 -3.806111 -8.173724 -3.023566 -5.74347 -2.316861 -7.763781 -0.06757 0.008332 -0.132567 1.722422 1.087559 3.182772 3.206305 4.590131 4.498382 4.300921 3.145885 2.802803 -14.897896 -19.984654
74.187813 299.502897 143.738633 1517.506889 130.795263 993.812155 138.543378 903.835237 141.295998 646.711417 127.681728 687.878684 -36.104578 284.35646 -55.339688 1636.372542 -55.639256 1063.219045 -43.028996 986.805268 -48.689395 747.031976 -43.398054 753.535782 355.872303 -3.615186 -0.060361 -1.272458 0.475164 -2.442925 -0.004662 -4.941994 1.1e-05 -8.650097 -0.032282 -18.772964 -0.011427 -12.028043 0.139763 -1.268917 -0.017959 -1.942208 1.450439 -0.593551 2.963844 -0.605068 3.289121 -0.404499 2.381503 -0.68528 -3.973108 -13.666149
75.780122 275.235292 156.703697 1525.247069 111.437514 758.351377 105.611953 617.351236 105.524377 408.386196 94.334091 457.307354 -39.363448 281.046387 -69.351707 1599.425749 -33.374916 930.002456 -19.068501 882.21918 -20.622339 648.228538 -18.917372 653.526172 219.445364 -27.581038 0.008454 -0.512563 0.279873 0.009845 -0.774715 -15.893027 -2.231072 -27.220207 -2.605943 -27.268803 -2.51876 -23.451701 -0.070395 -0.009689 -0.789792 -0.210939 2.829359 -4.456735 4.808809 -2.928487 5.937001 -3.502711 5.010029 -3.558687 -16.409707 -11.225186
74.29813 280.433788 153.455527 1500.475207 89.273673 658.902893 81.248838 518.622451 82.026933 350.365914 70.919529 405.267995 -42.628858 304.706978 -80.888679 1639.697012 -20.559914 912.313546 -7.202081 860.752648 -7.688432 622.924802 -8.32769 638.532087 139.941193 -38.942563 -0.007317 0.024317 -0.017009 -0.101406 -1.227492 -3.493447 -1.595052 -4.298449 -1.477765 -2.221601 -1.667199 -1.571204 -0.06505 0.478061 -0.443617 0.250351 1.544548 -0.084922 2.832759 -0.132196 3.127169 -0.251875 2.142233 -0.087005 -8.90434 -0.977394
78.477703 274.0832 169.853875 1446.170853 82.953076 639.106516 60.28145 510.04972 58.790096 356.720281 54.216805 413.909786 -42.855301 306.517964 -85.592222 1648.266012 -11.288941 916.831293 -1.116208 860.303112 -1.47836 618.559261 -2.346194 645.922847 78.913874 -35.806001 0.057182 -0.036366 0.416132 -0.500436 -0.11602 -0.150969 -1.561752 -0.035722 -1.930438 0.028553 -1.119718 0.045584 -0.0003 0.002683 -0.066457 0.011166 1.379221 0.005579 2.647656 -5.9e-05 2.424012 -0.007675 1.833437 0.021263 -8.680838 0.065836
74.43717 268.310359 158.068359 1365.735167 56.523228 644.443381 32.592153 535.348912 30.99991 380.849485 30.326538 435.923325 -42.402588 315.847516 -86.332634 1610.171363 -7.491906 955.9282 -0.160633 913.114689 -0.23784 671.870536 -0.642122 695.148584 36.668408 -41.025309 -0.053392 -0.030722 -0.211854 -1.150683 -2.527034 0.011095 -4.223679 0.306172 -4.408798 0.394793 -3.445674 0.28516 0.001202 0.069931 -0.001594 -0.222691 0.387839 0.40815 0.429964 0.786527 0.530261 1.101689 0.53349 0.903751 -7.997039 -0.177484
79.215706 252.809177 149.114948 1285.753156 22.265315 765.59619 6.979407 697.961925 6.954549 519.450928 8.124346 561.759591 -39.768662 310.953485 -84.980176 1532.357296 -3.539777 989.558473 0.389229 962.710863 0.386611 721.382525 0.020249 740.010159 4.061705 -16.541295 0.074323 -0.2306 -0.130509 -1.206601 -7.837645 5.214461 -9.407084 10.767329 -8.588466 10.732836 -7.057681 7.967586 0.042225 -0.019106 0.005339 -0.963548 0.732231 0.290693 1.049954 0.655767 1.230921 0.880031 0.890428 0.701335 -16.322225 5.466249
77.364172 248.886766 118.320827 1262.081745 0.262047 921.995167 -4.332413 1063.454614 -4.499735 852.713598 -1.934623 857.94458 -30.921143 319.266392 -63.293687 1505.099453 5.262673 1103.378458 29.757081 1031.475286 27.135346 742.938114 18.384489 773.834343 -53.735023 3.780571 -0.010947 -0.015334 -1.778824 -0.109965 -17.696393 7.262833 -22.309577 38.336936 -22.642425 41.08546 -17.988041 31.239413 0.555862 0.054828 1.594503 -0.122307 17.434643 3.097222 23.339753 1.185936 21.044047 0.158664 17.184454 0.377918 -87.343693 36.13775
77.695494 248.524118 122.829804 1293.635689 3.723502 1246.366382 -0.423718 1396.341999 -0.33372 1112.410342 0.008119 1084.737747 -30.947597 315.048145 -63.576625 1470.957797 -0.370306 1421.279919 3.623362 1538.991573 2.963618 1235.534893 1.325772 1190.934653 -5.286327 -3.230504 0.000354 -0.000132 0.042158 0.194796 2.009965 24.399067 2.046355 22.629125 2.382616 17.235416 2.193404 13.283591 -6e-06 -0.014026 -0.000315 -0.195845 -8.424967 20.094826 -12.613096 50.600376 -12.163658 62.303951 -9.836328 44.783439 25.313136 -14.000538
73.762824 262.190261 127.300537 1317.79433 23.765667 1515.080998 9.141584 1724.227888 6.994406 1420.378306 8.401696 1356.267512 -31.859878 310.724816 -58.931994 1481.812803 -2.351017 1566.460996 0.424755 1720.093139 0.29981 1406.374502 0.080008 1349.793588 4.398016 0.034688 -0.051065 0.182878 0.039957 0.11175 8.675184 13.105318 13.501521 17.273694 10.383727 18.79301 7.887451 15.149068 -0.006626 -0.014935 0.088077 0.019953 -0.855209 3.529423 -1.566956 5.035637 -1.378199 5.529476 -0.754405 4.971188 19.32786 3.934696
73.454002 268.665374 125.567847 1316.864521 34.365427 1507.101731 16.5308 1719.954213 13.035328 1408.161052 14.224248 1350.240792 -32.647846 313.421102 -58.651884 1511.484268 -5.584766 1506.116618 -0.071174 1656.338427 -0.061576 1325.975952 -0.261352 1273.687653 14.888741 1.235475 -0.000324 0.039492 -0.005936 -0.000164 0.974562 -0.010534 1.086396 -0.002651 0.932679 -0.026385 0.762019 -0.00671 -0.004813 0.005824 0.000334 0.147065 -0.688748 -0.592629 -0.843673 -0.601971 -0.633131 -1.183107 -0.630568 -1.104131 3.1027 0.85613
73.388067 280.054221 125.964432 1353.578322 39.593057 1550.858733 21.301773 1779.046452 17.874185 1444.728472 18.330655 1382.601098 -33.313238 322.673692 -61.282346 1563.4313 -6.809927 1550.019926 -0.238628 1737.090918 -0.183 1374.888522 -0.506017 1309.547649 21.674358 0.865076 -1.5e-05 0.118202 0.000313 0.252386 0.184984 0.31308 0.302033 0.49902 0.381109 0.234364 0.260025 0.1916 -0.003356 0.067297 -0.02885 0.438823 -0.0607 0.315365 -0.049156 0.960958 -0.03227 0.442939 -0.040049 0.248913 0.635177 -0.032915
74.222009 283.256132 127.992675 1388.047246 43.896109 1541.534577 25.386781 1760.876536 21.241898 1412.220887 21.277516 1349.327191 -34.670827 326.179271 -66.051632 1596.995002 -7.940504 1540.08445 -0.292138 1723.188045 -0.271141 1345.675004 -0.769728 1282.252134 26.312853 0.802967 0.002356 0.0091 0.008099 0.216688 0.110964 -0.014057 0.179052 -0.046632 0.145242 -0.184949 0.109776 -0.20264 -0.013556 0.00947 -0.089348 0.178228 -0.043392 -0.015973 -0.002704 -0.02793 -0.008635 -0.156852 -0.027554 -0.143735 0.224707 -0.001157
75.576448 285.782377 131.436068 1439.695418 48.047987 1515.799836 27.965486 1708.797696 25.721019 1354.961308 25.320004 1302.233524 -38.899912 328.378026 -65.61816 1623.831285 -11.639543 1555.713194 -1.802272 1745.024891 -1.601503 1364.756444 -2.178669 1292.177666 40.158764 -0.017639 0.006123 0.005608 0.022853 0.471711 0.09379 -0.108311 0.062355 -0.390866 0.214088 -0.592482 0.175681 -0.418242 -0.121651 0.003693 0.000714 0.111803 -0.352584 0.03945 -0.643187 0.068746 -0.554716 0.067168 -0.35843 0.019134 1.458029 -1.058626
72.621757 273.905016 133.164966 1395.746932 53.602759 1441.166058 31.692017 1582.661081 25.748171 1246.990168 29.429301 1220.705608 -36.34303 324.440165 -55.236999 1581.847378 -10.652866 1510.963153 -1.853824 1629.871123 -2.006079 1294.95318 -2.328097 1250.879084 42.128238 -0.452539 -0.029457 -0.126041 0.005648 -0.340614 0.151886 -0.942028 0.116503 -2.417817 7e-06 -2.241162 0.154433 -1.317617 0.043456 -0.011877 0.446684 -0.274938 0.021846 -0.326522 -0.000363 -1.965135 -0.022758 -0.91614 -0.002478 -0.335361 0.023572 -0.291491
68.382129 283.628025 134.490791 1432.8128 59.463416 1475.631845 39.879625 1625.327758 34.757323 1256.026405 33.630319 1227.783018 -39.352043 325.578331 -59.608333 1632.646812 -11.215703 1513.580991 -1.534668 1639.748663 -1.942972 1298.708187 -2.39952 1253.310463 53.135927 -0.356566 -0.063752 0.084788 0.003284 0.242869 0.151992 0.203636 0.469863 0.283749 0.674482 0.016311 0.140091 0.010229 -0.05983 0.000996 -0.083223 0.401423 -0.007244 0.001133 0.015064 0.01492 0.000504 0.002718 -0.00054 0.00118 0.638101 0.005712
73.074171 285.270734 149.309347 1465.18099 64.899854 1508.544584 42.61839 1671.155686 39.400965 1304.679839 38.553432 1264.421821 -41.204288 324.999543 -58.426053 1651.749089 -5.133926 1514.338672 0.038616 1639.905793 -0.009571 1285.555253 -0.218922 1239.547145 40.638724 0.070603 0.077838 0.002372 0.387138 0.180769 0.118882 0.181504 0.045473 0.318567 0.145531 0.462249 0.16808 0.269335 -0.021297 -0.000257 0.005921 0.055551 1.173254 9.5e-05 2.060165 4e-06 1.679806 -0.033472 1.168881 -0.037995 -0.836472 0.744498
78.597504 282.52991 158.101558 1435.329326 59.561495 1553.685919 21.984337 1754.640628 21.584017 1407.346567 35.593177 1354.770434 -38.426705 329.365338 -62.441311 1595.491871 -2.513938 1569.155734 0.872576 1730.784974 0.760999 1389.13425 0.131867 1329.015875 14.239359 0.059305 0.100603 -0.006615 0.125758 -0.153619 -0.114538 0.33274 -3.383872 1.017394 -2.660678 1.943977 -0.059117 1.558744 0.048457 0.014564 -0.066713 -0.487354 0.462776 0.487296 0.544065 1.225346 0.941259 2.006333 0.690604 1.55867 -6.766987 -0.000492
83.4897 285.72555 165.906389 1457.428147 86.943298 1768.459248 60.481489 2061.64573 51.753 1676.185246 53.800713 1587.743622 -38.450356 326.253553 -59.647133 1602.990259 -2.17183 1665.852932 1.126901 1900.36198 0.949546 1515.379372 0.225284 1435.417395 38.682295 4.053648 0.073846 0.008986 0.094017 0.084412 2.58158 6.949709 9.537219 12.368715 6.492791 11.741748 1.873874 9.237311 -4e-06 -0.007385 0.031979 0.008789 0.012505 1.445504 0.01624 3.961841 0.010423 2.744929 0.012433 2.048427 5.982925 3.132336
89.422131 305.654419 160.350911 1601.061186 127.416974 1937.873758 123.731175 2192.124662 120.045523 1842.462256 106.753986 1753.326088 -38.09625 326.213827 -51.075125 1614.5431 -3.04998 1869.857552 0.252249 2157.387475 0.250888 1781.316105 0.03896 1667.702826 109.320432 0.515914 0.101798 0.335886 -0.047303 3.374515 3.855622 3.873948 11.198842 2.001608 14.156956 3.930984 8.983718 4.105633 0.000819 -1e-06 0.332317 0.020741 -0.074369 5.89027 -0.31283 8.148421 -0.224258 10.743755 -0.076871 8.706127 17.944814 -1.677273
80.679425 299.242905 132.975057 1446.423825 216.917342 2401.333933 282.408496 2811.359052 269.787433 2734.286022 226.977915 2611.358103 -38.479412 324.136726 -40.844967 1552.368171 -4.906824 2079.406752 -0.465152 2420.098816 -0.108402 2136.587741 -0.137162 2011.133892 280.711642 36.810464 -0.224823 -0.03398 -1.280276 -3.925881 11.834985 24.821518 32.280152 38.466287 29.906444 87.731106 22.407009 85.169131 -0.000959 -0.003317 0.571052 -0.610389 -0.219695 5.563292 -1.402481 7.54499 -0.689119 16.141089 -0.322326 16.065267 39.67501 28.610635
74.277786 310.331568 135.094709 1418.932683 279.644409 2632.981244 392.61997 3017.824356 388.627845 3049.368421 328.763198 2958.302715 -38.625338 323.425322 -43.148369 1488.518073 -6.368292 2228.77134 -2.375831 2698.359283 -0.297709 2477.993731 -0.305427 2319.008294 410.438145 29.611401 -0.13229 0.100864 0.00838 -0.131882 3.977862 5.332295 9.05785 3.657571 10.813831 8.58892 9.400614 10.816418 -0.000138 -0.000391 -0.03159 -0.670411 -0.095118 2.590015 -0.738487 7.569289 -0.046821 12.646649 -0.033234 10.958848 12.283775 -0.391284
69.580973 312.256586 127.214202 1371.172526 287.470414 2598.15752 391.420473 2973.294437 389.253445 2970.367452 330.294225 2881.445102 -37.768466 319.526842 -39.183591 1460.493468 -8.311856 2301.632151 -4.411464 2758.412794 -1.115943 2553.020839 -0.902205 2392.667483 432.053183 15.789902 -0.076693 0.002976 -0.118403 -0.408802 0.054001 -0.115912 -0.000918 -0.16549 0.000252 -0.518413 0.001778 -0.505788 0.004806 -0.011819 0.095519 -0.133163 -0.129227 0.585935 -0.312453 0.330464 -0.260871 0.559468 -0.15776 0.575804 0.277324 -2.15498
79.067288 321.53784 138.252448 1400.475556 305.776145 2602.23027 411.251347 3023.576552 406.122546 3016.779597 344.459044 2888.335231 -39.313091 333.930373 -38.076901 1506.283634 -8.184497 2397.451966 -4.399204 2913.760803 -1.176465 2703.796172 -0.959773 2510.766331 451.015774 8.568372 0.303004 0.067961 0.229587 0.154906 0.282496 0.001595 0.245009 0.210805 0.178908 0.179895 0.148695 0.004114 -0.015478 0.158761 0.007927 0.353391 0.000492 0.977041 9e-06 2.127714 -0.000799 2.162704 -0.00089 1.422407 0.20362 -1.095105
78.613675 305.368231 146.46826 1368.922848 321.236402 2589.515944 434.837951 2999.425669 430.239183 3009.382407 366.311047 2900.354812 -36.472539 319.49424 -37.259706 1482.707541 -9.951612 2500.242001 -7.357576 3022.859809 -2.516272 2863.786236 -1.825971 2663.614139 498.5612 1.804946 -0.000652 -0.208564 0.118561 -0.179751 0.190631 -0.015568 0.328828 -0.04842 0.347776 -0.00454 0.33599 0.012479 0.053253 -0.159488 0.004432 -0.092981 -0.086296 1.078768 -0.378296 1.002557 -0.251629 2.299212 -0.13809 2.258005 1.191049 -2.508091
78.870514 314.081068 147.622537 1411.642152 325.265545 2650.497071 437.219409 3044.218517 432.253542 3102.494773 366.978712 2986.761889 -36.677215 324.582971 -39.261684 1507.431716 -11.845383 2585.047966 -9.540514 3038.142148 -3.133507 2988.540733 -2.134179 2770.740559 508.993288 1.066047 0.000209 0.061278 0.002265 0.328179 0.012555 0.354849 0.003252 0.165995 0.002352 0.709309 0.000304 0.634146 -0.000286 0.020103 -0.026193 0.102219 -0.082423 0.707192 -0.141592 0.019267 -0.033817 1.329852 -0.012012 1.055984 0.054008 -0.096713
75.608785 306.802394 143.783728 1394.743043 319.567437 2682.786532 428.161322 3100.063695 422.122612 3126.016768 357.732376 3010.134831 -38.091651 328.675339 -41.982282 1531.928942 -13.837073 2674.176908 -11.042274 3208.815724 -3.801112 3070.446524 -2.532078 2847.708833 506.037028 0.249184 -0.034438 -0.042666 -0.025286 -0.050881 -0.025176 0.097746 -0.047408 0.253793 -0.060067 0.044416 -0.058988 0.045548 -0.01338 0.012819 -0.045565 0.098725 -0.077345 0.755296 -0.054859 2.331928 -0.03221 0.553629 -0.016996 0.527227 -0.004305 -0.284422
75.936382 307.114218 143.975622 1385.69634 316.578007 2672.707777 424.041064 3092.68436 413.194878 3119.627885 349.039174 3004.272601 -38.099487 328.870308 -41.443879 1530.178588 -13.244755 2742.855375 -11.185162 3270.524415 -3.671548 3120.8478 -2.352525 2905.284262 494.765459 -0.000119 0.000354 7.9e-05 6.4e-05 -0.014718 -0.007024 -0.009484 -0.00996 -0.004397 -0.04771 -0.003268 -0.053465 -0.002857 -0.0 2.9e-05 0.001737 -0.0005 0.006478 0.435379 -0.000459 0.293861 0.001123 0.205153 0.003301 0.288112 -0.063475 -0.260205
75.014761 311.097497 140.768299 1390.226569 312.343591 2681.23942 420.783703 3090.191193 409.847987 3109.960585 345.532045 3004.161197 -38.720673 333.911639 -41.787901 1539.384197 -13.665686 2751.351845 -11.039026 3284.131412 -3.732513 3106.067437 -2.436445 2893.521211 491.80487 0.001219 -0.002813 0.012833 -0.018064 0.003697 -0.014255 0.006798 -0.00628 -0.000503 -0.006805 -0.007501 -0.008854 -1e-06 -0.002512 0.019173 -0.000711 0.013804 -0.003292 0.00657 0.00048 0.014124 -0.000251 -0.017542 -0.000735 -0.011931 -0.004442 0.002101
74.473172 310.719037 139.486418 1388.180933 308.971934 2690.799004 415.359677 3098.837232 402.116923 3125.928123 339.523117 3026.784093 -39.535245 329.918551 -42.133151 1532.095984 -13.932376 2759.334482 -12.133451 3281.063389 -4.06245 3111.525043 -2.569623 2908.110547 487.014506 0.016629 -0.000981 -0.000115 -0.002932 -0.000753 -0.009148 0.008506 -0.017593 0.006039 -0.036806 0.020443 -0.026354 0.042431 -0.00424 -0.01201 -0.00071 -0.008647 -0.001289 0.005782 -0.025859 -0.000717 -0.006986 0.002395 -0.001772 0.018344 -0.011722 0.008843
71.999294 310.267941 135.763797 1385.470699 301.186128 2687.550434 403.70158 3092.469901 393.261775 3118.902509 332.351703 3024.871953 -41.333327 329.292433 -43.875142 1530.432041 -15.143825 2783.048644 -13.204135 3301.365414 -4.728215 3122.619164 -3.071482 2919.819123 484.232123 -0.001107 -0.020893 -0.000164 -0.025174 -0.001324 -0.049677 -0.000981 -0.082972 -0.003274 -0.049295 -0.003952 -0.038274 -0.000302 -0.019992 -0.000297 -0.017643 -0.000452 -0.025248 0.050733 -0.022632 0.031309 -0.025247 0.009871 -0.022368 0.011762 -0.003985 -0.026315
68.39524 308.886028 130.372899 1380.492428 291.93188 2674.209889 389.833768 3082.584687 374.019444 3109.147926 313.890007 3011.022099 -44.048003 328.941328 -45.902169 1522.189842 -16.373461 2773.116438 -14.531459 3291.146734 -5.395257 3114.735975 -3.583501 2909.629499 469.257472 -0.002509 -0.046267 -0.001542 -0.054605 -0.00448 -0.0722 -0.016596 -0.121186 -0.007912 -0.241323 -0.007639 -0.263759 -0.01589 -0.043167 -9.4e-05 -0.022886 -0.011127 -0.023996 -0.008877 -0.031779 -0.00792 -0.022 -0.004982 -0.019726 -0.008906 -0.117596 -0.000283
69.919724 305.276266 131.436752 1371.282002 292.149248 2663.081059 387.426373 3066.444187 370.403356 3092.502384 311.638628 2993.420607 -43.957143 328.070592 -44.977783 1514.058955 -16.493912 2744.26185 -14.523576 3265.433459 -5.680037 3083.865193 -3.871379 2877.087081 467.820074 0.006039 0.008402 -0.010608 0.002161 -0.015414 4e-05 -0.011602 -0.003728 -0.021184 -0.008783 -0.022339 -0.004052 -0.025799 4.7e-05 -0.000577 0.004701 -0.010887 -0.000221 -0.075452 1e-06 -0.050421 -0.003662 -0.076873 -0.00556 -0.091504 -0.001102 0.016332
67.458681 307.682717 126.643006 1367.895808 281.706871 2667.066763 376.736617 3107.015909 362.504594 3115.507776 304.594828 2998.751288 -44.59684 328.565992 -46.825475 1500.446116 -17.723157 2720.55687 -15.358323 3237.642624 -6.367329 3063.406045 -4.587948 2857.261908 464.959091 0.21967 -0.022046 0.004724 -0.044525 -0.002093 -0.095017 0.00149 -0.074772 0.133319 -0.042565 0.042626 -0.040258 0.002371 -0.002311 0.000187 -0.018596 -0.030736 -0.022087 -0.051413 -0.011662 -0.059382 -0.019621 -0.034046 -0.030404 -0.034271 -0.004388 0.152863
66.553277 309.214106 124.303615 1369.046348 276.221864 2660.971717 370.203092 3113.106856 357.687734 3115.326128 300.360915 2992.763532 -45.748721 330.66491 -47.905924 1513.215554 -18.092826 2723.195736 -15.45326 3248.419657 -6.562095 3068.087794 -4.851671 2860.866488 461.145254 0.180442 -0.003059 0.001901 -0.010904 0.000242 -0.026962 -0.003486 -0.028575 0.002982 -0.016108 -3e-06 -0.014816 -0.002992 -0.007343 0.003341 -0.006162 0.027053 -0.001908 0.00064 -0.000146 0.008953 -0.001467 0.001787 -0.003685 0.001136 -0.007853 -0.001928
65.720946 306.552297 120.703466 1354.147663 264.253034 2628.910774 355.334136 3072.356824 342.767143 3074.108757 287.765178 2955.468665 -46.258185 330.311882 -47.697855 1509.823453 -17.496819 2703.324166 -14.473622 3229.008826 -6.261587 3043.484862 -4.766865 2835.184483 441.684353 0.07665 -0.002619 -0.005753 -0.026452 -0.040756 -0.132541 -0.097158 -0.152376 -0.134233 -0.158932 -0.137241 -0.134895 -0.116919 -0.001411 -9.4e-05 0.000226 -0.001903 0.004991 -0.036384 0.016038 -0.029084 0.003522 -0.049521 0.000374 -0.057897 -0.209769 -0.021882
70.07147 311.183079 125.048016 1360.468875 261.212623 2640.566195 348.306719 3090.117304 336.31572 3090.951663 282.565277 2969.568046 -45.45839 334.161759 -47.250456 1516.370526 -17.062069 2729.129921 -14.171155 3271.483012 -5.684527 3089.334078 -4.069541 2882.315758 429.448418 0.000212 0.069709 0.017357 0.038406 0.00736 -0.008796 0.01289 -0.035093 0.025593 -0.030646 0.023007 -0.023705 0.016776 0.003487 0.011153 0.001054 0.007082 0.002735 0.061293 0.001597 0.138765 0.013946 0.171388 0.027558 0.194263 -0.085937 -0.068806
69.059651 317.789965 124.297501 1380.561082 259.153332 2686.370493 346.55323 3152.036865 334.683653 3152.790515 280.272211 3021.112059 -46.132316 334.732179 -46.757345 1516.685276 -17.093696 2744.032357 -14.53789 3291.670611 -5.850888 3118.272408 -4.141823 2910.749759 429.037567 0.095001 -0.003679 0.034701 -0.00113 0.073641 -0.004075 0.19693 -0.002212 0.307116 -0.001985 0.306238 -0.004671 0.221747 -0.002479 0.000243 0.001293 1.6e-05 -1.5e-05 0.020288 -0.002342 0.031048 -0.0012 0.067452 -0.000318 0.069781 -9.8e-05 0.086243
66.190976 313.131404 120.308524 1364.289891 254.745635 2666.159387 342.179661 3132.709093 329.962399 3148.937537 276.697866 3012.486884 -45.776422 331.141439 -46.717615 1509.462638 -16.726631 2729.060795 -13.889314 3273.904673 -5.731149 3107.398661 -4.27388 2891.313508 422.666271 0.1379 -0.030426 -0.017199 -0.032528 -0.048227 -0.018903 -0.038159 -0.013887 -0.02972 -0.016769 -0.001178 -0.011469 -0.006165 0.000689 -0.009682 8e-06 -0.008619 0.001992 -0.020477 0.0074 -0.024037 0.000619 -0.009496 -0.001036 -0.032555 -0.023831 0.003985
66.239138 312.880533 121.306611 1363.647327 254.481518 2664.259259 341.322287 3131.358448 328.003336 3145.229649 275.597529 3008.903403 -45.137821 330.92357 -45.837983 1505.328852 -16.471141 2736.074083 -13.897135 3289.386305 -5.853195 3125.655531 -4.376443 2904.247607 421.489112 0.03055 9e-06 -5e-05 0.002062 -7.6e-05 -6.8e-05 -0.000339 -0.000538 -0.000146 -0.002917 -0.001092 -0.001096 -0.001066 0.002243 -3.6e-05 0.00418 -0.002834 0.000983 0.0045 -1e-06 0.018259 -0.000643 0.026738 -0.000608 0.014433 -0.000821 -0.038637
66.972553 311.055551 121.416859 1368.195413 253.081812 2674.909313 338.730289 3145.527831 325.395845 3149.618897 273.283898 3012.109041 -46.124584 329.50046 -46.648749 1503.081406 -17.35698 2737.79162 -14.591164 3290.493313 -6.325031 3121.640006 -4.741535 2900.25434 422.454303 0.062413 0.002019 -0.002669 2.5e-05 0.003786 -0.00193 0.010622 -0.00494 0.015993 -0.005203 0.00153 -0.004876 0.000853 -0.005335 -0.001533 -0.003554 -0.000839 -0.0116 0.000269 -0.008455 9.3e-05 -0.009144 -0.001291 -0.007312 -0.001374 0.000552 0.005631
65.904402 311.104856 120.929363 1372.349616 251.347648 2690.489208 336.381964 3165.385973 322.556891 3172.23409 270.711536 3031.819792 -45.582089 327.650329 -46.599747 1500.278269 -17.66797 2742.655907 -15.142549 3292.410335 -6.655733 3131.689328 -5.005094 2911.765704 421.880908 0.130387 -0.004293 2e-06 -0.00049 0.003149 -0.002981 0.02262 -0.004084 0.031243 -0.006219 0.040451 -0.006082 0.032141 0.001605 -0.002604 1.3e-05 -0.001308 -0.001381 0.002159 -0.005113 0.000279 -0.004213 0.008075 -0.003564 0.0114 -0.000195 0.01238
65.000106 315.894975 121.599579 1388.929654 253.131976 2711.291498 338.36717 3180.065296 322.91657 3179.529539 271.853972 3047.002997 -46.297922 327.595199 -47.530049 1503.351094 -18.426938 2761.149818 -15.667264 3315.302665 -6.984951 3152.902968 -5.262564 2939.714993 424.886915 0.05598 -0.003124 0.018298 0.000926 0.049778 0.003156 0.040055 0.00292 0.016979 0.0001 0.00419 0.001203 0.018962 -0.002789 -2e-06 -0.004597 0.001572 -0.00798 0.031072 -0.004468 0.039655 -0.003973 0.035803 -0.003229 0.06675 0.005336 -0.015498
65.612076 313.575711 125.450522 1401.377748 252.34217 2714.67767 336.502226 3170.046317 321.092626 3183.842758 270.956961 3051.099631 -47.045616 324.777796 -47.736846 1506.019003 -17.959865 2771.931667 -14.635504 3317.402325 -6.51071 3148.536516 -5.237039 2932.441358 419.048203 0.098426 0.001434 -0.004273 0.030016 0.027767 -0.000617 0.001057 -0.002577 -0.007904 -0.002583 0.001462 -0.000741 0.001376 -0.002995 -0.006084 -0.000224 0.001183 0.002998 0.010505 0.01757 0.000332 0.008335 -0.001513 3.1e-05 -0.004505 -0.020198 0.005949
65.635108 318.276269 127.445772 1416.658053 258.848866 2752.49062 342.38466 3206.102356 328.207392 3222.234664 277.592802 3090.814142 -47.165396 324.558058 -47.84769 1508.785358 -18.262888 2784.176347 -14.851804 3331.10536 -6.663147 3159.170367 -5.42487 2941.646258 428.39902 0.311624 2e-06 0.017485 0.007871 0.041428 0.041412 0.130766 0.025486 0.101946 0.038982 0.115043 0.040139 0.128401 -7.6e-05 -3.7e-05 -6.4e-05 0.001269 -0.001267 0.013493 -0.000793 0.014121 -0.000882 0.008964 -0.001655 0.007212 0.05159 0.059782
65.825505 318.082872 127.75724 1417.228391 260.550366 2780.782608 345.197965 3245.170406 332.887733 3265.566296 280.707048 3128.71471 -47.30148 324.436944 -49.161007 1514.367434 -18.241625 2783.320957 -14.751387 3330.433193 -6.605468 3153.390622 -5.402902 2934.140026 433.277622 0.980248 0.000138 -2.9e-05 0.00019 5.7e-05 0.002787 0.07233 0.005755 0.118297 0.016568 0.144706 0.008686 0.11548 -9.8e-05 -1.1e-05 -0.00889 0.005153 6e-06 -6.6e-05 0.00017 -3.4e-05 0.000125 -0.002646 2.2e-05 -0.004795 0.013811 0.186487
65.628203 319.188118 127.615463 1417.26362 262.05487 2779.875257 348.40929 3240.353695 335.247096 3257.88696 282.969001 3125.156698 -46.697655 324.471193 -49.020228 1515.247351 -18.260722 2780.906134 -14.73976 3327.165174 -6.633148 3150.076858 -5.539431 2930.92937 436.193417 0.906984 -0.000148 0.000958 -3.9e-05 0.0 0.002166 -7.4e-05 0.007434 -0.001789 0.004166 -0.00452 0.004538 -0.001012 0.001939 1e-06 0.000101 0.000128 -5e-06 -0.000524 2e-06 -0.000802 -2.9e-05 -0.000871 -0.000852 -0.000879 0.004889 -0.001423
64.878536 318.010164 126.436226 1415.747143 260.581635 2769.293439 347.373374 3225.919947 334.163829 3251.929873 281.86736 3118.398889 -48.348865 324.786282 -49.08201 1517.136566 -18.390317 2779.13239 -14.888166 3327.175488 -6.767158 3150.007275 -5.723432 2925.970464 436.038073 0.811385 -0.002153 -0.001089 -0.002737 -0.000406 -0.002076 -0.010089 -0.000771 -0.016109 -0.000876 -0.002726 -0.001074 -0.003657 -0.014344 7.6e-05 -1.9e-05 0.000589 -0.000229 -0.000283 -0.000372 0.0 -0.00067 -0.0 -0.001503 -0.002099 -1.4e-05 -0.002661
]